BEGINPOMDP
INITIALSTATE: 194806
STATES: 194806,194807,194808,194809,194810,194827,194828,194829,194830,194831,194832,194833,194834,194853,194892,194931,194970,194991,194992,194993,194994,195283,195284,195285,195286,195287,195288,195289,195290,195461,195500,195539,195578
TARGETV: 194807,194809,194853,194931,194991,194994,195461,195578
GAMMA: 194806:0,194807:0,194808:0,194809:0,194810:0,194827:0,194828:0,194829:0,194830:0,194831:0,194832:0,194833:0,194834:0,194853:1,194892:1,194931:1,194970:1,194991:0,194992:0,194993:0,194994:0,195283:1,195284:1,195285:1,195286:1,195287:1,195288:1,195289:1,195290:1,195461:1,195500:1,195539:1,195578:1
BEGINACTIONS
CX02
CX12
P2
X0
ENDACTIONS
194806 INIT_ 194807 0.250000
194806 INIT_ 194808 0.250000
194806 INIT_ 194809 0.250000
194806 INIT_ 194810 0.250000
194807 CX02 194827 0.988951
194807 CX02 194828 0.001578
194807 CX02 194829 0.001578
194807 CX02 194830 0.001578
194807 CX02 194831 0.001578
194807 CX02 194832 0.001578
194807 CX02 194833 0.001578
194807 CX02 194834 0.001578
194807 CX12 194827 0.990769
194807 CX12 194828 0.001319
194807 CX12 194829 0.001319
194807 CX12 194830 0.001319
194807 CX12 194832 0.001319
194807 CX12 194831 0.001319
194807 CX12 194834 0.001319
194807 CX12 194833 0.001319
194807 P2 194807 0.901800
194807 P2 194853 0.098200
194807 X0 194808 0.999665
194807 X0 194807 0.000112
194807 X0 194809 0.000112
194807 X0 194810 0.000112
194808 CX02 194832 0.988951
194808 CX02 194831 0.001578
194808 CX02 194834 0.001578
194808 CX02 194833 0.001578
194808 CX02 194828 0.001578
194808 CX02 194827 0.001578
194808 CX02 194830 0.001578
194808 CX02 194829 0.001578
194808 CX12 194831 0.990769
194808 CX12 194832 0.001319
194808 CX12 194833 0.001319
194808 CX12 194834 0.001319
194808 CX12 194828 0.001319
194808 CX12 194827 0.001319
194808 CX12 194830 0.001319
194808 CX12 194829 0.001319
194808 P2 194808 0.901800
194808 P2 194892 0.098200
194808 X0 194807 0.999665
194808 X0 194808 0.000112
194808 X0 194810 0.000112
194808 X0 194809 0.000112
194809 CX02 194830 0.988951
194809 CX02 194829 0.001578
194809 CX02 194828 0.001578
194809 CX02 194827 0.001578
194809 CX02 194834 0.001578
194809 CX02 194833 0.001578
194809 CX02 194832 0.001578
194809 CX02 194831 0.001578
194809 CX12 194830 0.990769
194809 CX12 194829 0.001319
194809 CX12 194828 0.001319
194809 CX12 194827 0.001319
194809 CX12 194833 0.001319
194809 CX12 194834 0.001319
194809 CX12 194831 0.001319
194809 CX12 194832 0.001319
194809 P2 194809 0.901800
194809 P2 194931 0.098200
194809 X0 194810 0.999665
194809 X0 194809 0.000112
194809 X0 194807 0.000112
194809 X0 194808 0.000112
194810 CX02 194833 0.988951
194810 CX02 194834 0.001578
194810 CX02 194831 0.001578
194810 CX02 194832 0.001578
194810 CX02 194829 0.001578
194810 CX02 194830 0.001578
194810 CX02 194827 0.001578
194810 CX02 194828 0.001578
194810 CX12 194834 0.990769
194810 CX12 194833 0.001319
194810 CX12 194832 0.001319
194810 CX12 194831 0.001319
194810 CX12 194829 0.001319
194810 CX12 194830 0.001319
194810 CX12 194827 0.001319
194810 CX12 194828 0.001319
194810 P2 194810 0.901800
194810 P2 194970 0.098200
194810 X0 194809 0.999665
194810 X0 194810 0.000112
194810 X0 194808 0.000112
194810 X0 194807 0.000112
194827 CX02 194807 0.988951
194827 CX02 194991 0.001578
194827 CX02 194808 0.001578
194827 CX02 194992 0.001578
194827 CX02 194810 0.001578
194827 CX02 194993 0.001578
194827 CX02 194809 0.001578
194827 CX02 194994 0.001578
194827 CX12 194807 0.990769
194827 CX12 194991 0.001319
194827 CX12 194808 0.001319
194827 CX12 194992 0.001319
194827 CX12 194810 0.001319
194827 CX12 194993 0.001319
194827 CX12 194809 0.001319
194827 CX12 194994 0.001319
194827 X0 194831 0.999665
194827 X0 194827 0.000112
194827 X0 194830 0.000112
194827 X0 194834 0.000112
194828 CX02 194991 0.988951
194828 CX02 194807 0.001578
194828 CX02 194992 0.001578
194828 CX02 194808 0.001578
194828 CX02 194993 0.001578
194828 CX02 194810 0.001578
194828 CX02 194994 0.001578
194828 CX02 194809 0.001578
194828 CX12 194991 0.990769
194828 CX12 194807 0.001319
194828 CX12 194992 0.001319
194828 CX12 194808 0.001319
194828 CX12 194993 0.001319
194828 CX12 194810 0.001319
194828 CX12 194994 0.001319
194828 CX12 194809 0.001319
194828 X0 194832 0.999665
194828 X0 194828 0.000112
194828 X0 194829 0.000112
194828 X0 194833 0.000112
194829 CX02 194994 0.988951
194829 CX02 194809 0.001578
194829 CX02 194993 0.001578
194829 CX02 194810 0.001578
194829 CX02 194992 0.001578
194829 CX02 194808 0.001578
194829 CX02 194991 0.001578
194829 CX02 194807 0.001578
194829 CX12 194994 0.990769
194829 CX12 194809 0.001319
194829 CX12 194993 0.001319
194829 CX12 194810 0.001319
194829 CX12 194992 0.001319
194829 CX12 194808 0.001319
194829 CX12 194991 0.001319
194829 CX12 194807 0.001319
194829 X0 194833 0.999665
194829 X0 194829 0.000112
194829 X0 194828 0.000112
194829 X0 194832 0.000112
194830 CX02 194809 0.988951
194830 CX02 194994 0.001578
194830 CX02 194810 0.001578
194830 CX02 194993 0.001578
194830 CX02 194808 0.001578
194830 CX02 194992 0.001578
194830 CX02 194807 0.001578
194830 CX02 194991 0.001578
194830 CX12 194809 0.990769
194830 CX12 194994 0.001319
194830 CX12 194810 0.001319
194830 CX12 194993 0.001319
194830 CX12 194808 0.001319
194830 CX12 194992 0.001319
194830 CX12 194807 0.001319
194830 CX12 194991 0.001319
194830 X0 194834 0.999665
194830 X0 194830 0.000112
194830 X0 194827 0.000112
194830 X0 194831 0.000112
194831 CX02 194992 0.988951
194831 CX02 194808 0.001578
194831 CX02 194991 0.001578
194831 CX02 194807 0.001578
194831 CX02 194994 0.001578
194831 CX02 194809 0.001578
194831 CX02 194993 0.001578
194831 CX02 194810 0.001578
194831 CX12 194808 0.990769
194831 CX12 194992 0.001319
194831 CX12 194807 0.001319
194831 CX12 194991 0.001319
194831 CX12 194809 0.001319
194831 CX12 194994 0.001319
194831 CX12 194810 0.001319
194831 CX12 194993 0.001319
194831 X0 194827 0.999665
194831 X0 194831 0.000112
194831 X0 194834 0.000112
194831 X0 194830 0.000112
194832 CX02 194808 0.988951
194832 CX02 194992 0.001578
194832 CX02 194807 0.001578
194832 CX02 194991 0.001578
194832 CX02 194809 0.001578
194832 CX02 194994 0.001578
194832 CX02 194810 0.001578
194832 CX02 194993 0.001578
194832 CX12 194992 0.990769
194832 CX12 194808 0.001319
194832 CX12 194991 0.001319
194832 CX12 194807 0.001319
194832 CX12 194994 0.001319
194832 CX12 194809 0.001319
194832 CX12 194993 0.001319
194832 CX12 194810 0.001319
194832 X0 194828 0.999665
194832 X0 194832 0.000112
194832 X0 194833 0.000112
194832 X0 194829 0.000112
194833 CX02 194810 0.988951
194833 CX02 194993 0.001578
194833 CX02 194809 0.001578
194833 CX02 194994 0.001578
194833 CX02 194807 0.001578
194833 CX02 194991 0.001578
194833 CX02 194808 0.001578
194833 CX02 194992 0.001578
194833 CX12 194993 0.990769
194833 CX12 194810 0.001319
194833 CX12 194994 0.001319
194833 CX12 194809 0.001319
194833 CX12 194991 0.001319
194833 CX12 194807 0.001319
194833 CX12 194992 0.001319
194833 CX12 194808 0.001319
194833 X0 194829 0.999665
194833 X0 194833 0.000112
194833 X0 194832 0.000112
194833 X0 194828 0.000112
194834 CX02 194993 0.988951
194834 CX02 194810 0.001578
194834 CX02 194994 0.001578
194834 CX02 194809 0.001578
194834 CX02 194991 0.001578
194834 CX02 194807 0.001578
194834 CX02 194992 0.001578
194834 CX02 194808 0.001578
194834 CX12 194810 0.990769
194834 CX12 194993 0.001319
194834 CX12 194809 0.001319
194834 CX12 194994 0.001319
194834 CX12 194807 0.001319
194834 CX12 194991 0.001319
194834 CX12 194808 0.001319
194834 CX12 194992 0.001319
194834 X0 194830 0.999665
194834 X0 194834 0.000112
194834 X0 194831 0.000112
194834 X0 194827 0.000112
194853 CX02 195283 0.988951
194853 CX02 195284 0.001578
194853 CX02 195285 0.001578
194853 CX02 195286 0.001578
194853 CX02 195287 0.001578
194853 CX02 195288 0.001578
194853 CX02 195289 0.001578
194853 CX02 195290 0.001578
194853 CX12 195283 0.990769
194853 CX12 195284 0.001319
194853 CX12 195285 0.001319
194853 CX12 195286 0.001319
194853 CX12 195288 0.001319
194853 CX12 195287 0.001319
194853 CX12 195290 0.001319
194853 CX12 195289 0.001319
194853 P2 194807 0.901800
194853 P2 194853 0.098200
194853 X0 194892 0.999665
194853 X0 194853 0.000112
194853 X0 194931 0.000112
194853 X0 194970 0.000112
194892 CX02 195288 0.988951
194892 CX02 195287 0.001578
194892 CX02 195290 0.001578
194892 CX02 195289 0.001578
194892 CX02 195284 0.001578
194892 CX02 195283 0.001578
194892 CX02 195286 0.001578
194892 CX02 195285 0.001578
194892 CX12 195287 0.990769
194892 CX12 195288 0.001319
194892 CX12 195289 0.001319
194892 CX12 195290 0.001319
194892 CX12 195284 0.001319
194892 CX12 195283 0.001319
194892 CX12 195286 0.001319
194892 CX12 195285 0.001319
194892 P2 194808 0.901800
194892 P2 194892 0.098200
194892 X0 194853 0.999665
194892 X0 194892 0.000112
194892 X0 194970 0.000112
194892 X0 194931 0.000112
194931 CX02 195286 0.988951
194931 CX02 195285 0.001578
194931 CX02 195284 0.001578
194931 CX02 195283 0.001578
194931 CX02 195290 0.001578
194931 CX02 195289 0.001578
194931 CX02 195288 0.001578
194931 CX02 195287 0.001578
194931 CX12 195286 0.990769
194931 CX12 195285 0.001319
194931 CX12 195284 0.001319
194931 CX12 195283 0.001319
194931 CX12 195289 0.001319
194931 CX12 195290 0.001319
194931 CX12 195287 0.001319
194931 CX12 195288 0.001319
194931 P2 194809 0.901800
194931 P2 194931 0.098200
194931 X0 194970 0.999665
194931 X0 194931 0.000112
194931 X0 194853 0.000112
194931 X0 194892 0.000112
194970 CX02 195289 0.988951
194970 CX02 195290 0.001578
194970 CX02 195287 0.001578
194970 CX02 195288 0.001578
194970 CX02 195285 0.001578
194970 CX02 195286 0.001578
194970 CX02 195283 0.001578
194970 CX02 195284 0.001578
194970 CX12 195290 0.990769
194970 CX12 195289 0.001319
194970 CX12 195288 0.001319
194970 CX12 195287 0.001319
194970 CX12 195285 0.001319
194970 CX12 195286 0.001319
194970 CX12 195283 0.001319
194970 CX12 195284 0.001319
194970 P2 194810 0.901800
194970 P2 194970 0.098200
194970 X0 194931 0.999665
194970 X0 194970 0.000112
194970 X0 194892 0.000112
194970 X0 194853 0.000112
194991 CX02 194828 0.988951
194991 CX02 194827 0.001578
194991 CX02 194830 0.001578
194991 CX02 194829 0.001578
194991 CX02 194832 0.001578
194991 CX02 194831 0.001578
194991 CX02 194834 0.001578
194991 CX02 194833 0.001578
194991 CX12 194828 0.990769
194991 CX12 194827 0.001319
194991 CX12 194830 0.001319
194991 CX12 194829 0.001319
194991 CX12 194831 0.001319
194991 CX12 194832 0.001319
194991 CX12 194833 0.001319
194991 CX12 194834 0.001319
194991 P2 195461 0.904800
194991 P2 194991 0.095200
194991 X0 194992 0.999665
194991 X0 194991 0.000112
194991 X0 194994 0.000112
194991 X0 194993 0.000112
194992 CX02 194831 0.988951
194992 CX02 194832 0.001578
194992 CX02 194833 0.001578
194992 CX02 194834 0.001578
194992 CX02 194827 0.001578
194992 CX02 194828 0.001578
194992 CX02 194829 0.001578
194992 CX02 194830 0.001578
194992 CX12 194832 0.990769
194992 CX12 194831 0.001319
194992 CX12 194834 0.001319
194992 CX12 194833 0.001319
194992 CX12 194827 0.001319
194992 CX12 194828 0.001319
194992 CX12 194829 0.001319
194992 CX12 194830 0.001319
194992 P2 195500 0.904800
194992 P2 194992 0.095200
194992 X0 194991 0.999665
194992 X0 194992 0.000112
194992 X0 194993 0.000112
194992 X0 194994 0.000112
194993 CX02 194834 0.988951
194993 CX02 194833 0.001578
194993 CX02 194832 0.001578
194993 CX02 194831 0.001578
194993 CX02 194830 0.001578
194993 CX02 194829 0.001578
194993 CX02 194828 0.001578
194993 CX02 194827 0.001578
194993 CX12 194833 0.990769
194993 CX12 194834 0.001319
194993 CX12 194831 0.001319
194993 CX12 194832 0.001319
194993 CX12 194830 0.001319
194993 CX12 194829 0.001319
194993 CX12 194828 0.001319
194993 CX12 194827 0.001319
194993 P2 195539 0.904800
194993 P2 194993 0.095200
194993 X0 194994 0.999665
194993 X0 194993 0.000112
194993 X0 194992 0.000112
194993 X0 194991 0.000112
194994 CX02 194829 0.988951
194994 CX02 194830 0.001578
194994 CX02 194827 0.001578
194994 CX02 194828 0.001578
194994 CX02 194833 0.001578
194994 CX02 194834 0.001578
194994 CX02 194831 0.001578
194994 CX02 194832 0.001578
194994 CX12 194829 0.990769
194994 CX12 194830 0.001319
194994 CX12 194827 0.001319
194994 CX12 194828 0.001319
194994 CX12 194834 0.001319
194994 CX12 194833 0.001319
194994 CX12 194832 0.001319
194994 CX12 194831 0.001319
194994 P2 195578 0.904800
194994 P2 194994 0.095200
194994 X0 194993 0.999665
194994 X0 194994 0.000112
194994 X0 194991 0.000112
194994 X0 194992 0.000112
195283 CX02 194853 0.988951
195283 CX02 195461 0.001578
195283 CX02 194892 0.001578
195283 CX02 195500 0.001578
195283 CX02 194970 0.001578
195283 CX02 195539 0.001578
195283 CX02 194931 0.001578
195283 CX02 195578 0.001578
195283 CX12 194853 0.990769
195283 CX12 195461 0.001319
195283 CX12 194892 0.001319
195283 CX12 195500 0.001319
195283 CX12 194970 0.001319
195283 CX12 195539 0.001319
195283 CX12 194931 0.001319
195283 CX12 195578 0.001319
195283 X0 195287 0.999665
195283 X0 195283 0.000112
195283 X0 195286 0.000112
195283 X0 195290 0.000112
195284 CX02 195461 0.988951
195284 CX02 194853 0.001578
195284 CX02 195500 0.001578
195284 CX02 194892 0.001578
195284 CX02 195539 0.001578
195284 CX02 194970 0.001578
195284 CX02 195578 0.001578
195284 CX02 194931 0.001578
195284 CX12 195461 0.990769
195284 CX12 194853 0.001319
195284 CX12 195500 0.001319
195284 CX12 194892 0.001319
195284 CX12 195539 0.001319
195284 CX12 194970 0.001319
195284 CX12 195578 0.001319
195284 CX12 194931 0.001319
195284 X0 195288 0.999665
195284 X0 195284 0.000112
195284 X0 195285 0.000112
195284 X0 195289 0.000112
195285 CX02 195578 0.988951
195285 CX02 194931 0.001578
195285 CX02 195539 0.001578
195285 CX02 194970 0.001578
195285 CX02 195500 0.001578
195285 CX02 194892 0.001578
195285 CX02 195461 0.001578
195285 CX02 194853 0.001578
195285 CX12 195578 0.990769
195285 CX12 194931 0.001319
195285 CX12 195539 0.001319
195285 CX12 194970 0.001319
195285 CX12 195500 0.001319
195285 CX12 194892 0.001319
195285 CX12 195461 0.001319
195285 CX12 194853 0.001319
195285 X0 195289 0.999665
195285 X0 195285 0.000112
195285 X0 195284 0.000112
195285 X0 195288 0.000112
195286 CX02 194931 0.988951
195286 CX02 195578 0.001578
195286 CX02 194970 0.001578
195286 CX02 195539 0.001578
195286 CX02 194892 0.001578
195286 CX02 195500 0.001578
195286 CX02 194853 0.001578
195286 CX02 195461 0.001578
195286 CX12 194931 0.990769
195286 CX12 195578 0.001319
195286 CX12 194970 0.001319
195286 CX12 195539 0.001319
195286 CX12 194892 0.001319
195286 CX12 195500 0.001319
195286 CX12 194853 0.001319
195286 CX12 195461 0.001319
195286 X0 195290 0.999665
195286 X0 195286 0.000112
195286 X0 195283 0.000112
195286 X0 195287 0.000112
195287 CX02 195500 0.988951
195287 CX02 194892 0.001578
195287 CX02 195461 0.001578
195287 CX02 194853 0.001578
195287 CX02 195578 0.001578
195287 CX02 194931 0.001578
195287 CX02 195539 0.001578
195287 CX02 194970 0.001578
195287 CX12 194892 0.990769
195287 CX12 195500 0.001319
195287 CX12 194853 0.001319
195287 CX12 195461 0.001319
195287 CX12 194931 0.001319
195287 CX12 195578 0.001319
195287 CX12 194970 0.001319
195287 CX12 195539 0.001319
195287 X0 195283 0.999665
195287 X0 195287 0.000112
195287 X0 195290 0.000112
195287 X0 195286 0.000112
195288 CX02 194892 0.988951
195288 CX02 195500 0.001578
195288 CX02 194853 0.001578
195288 CX02 195461 0.001578
195288 CX02 194931 0.001578
195288 CX02 195578 0.001578
195288 CX02 194970 0.001578
195288 CX02 195539 0.001578
195288 CX12 195500 0.990769
195288 CX12 194892 0.001319
195288 CX12 195461 0.001319
195288 CX12 194853 0.001319
195288 CX12 195578 0.001319
195288 CX12 194931 0.001319
195288 CX12 195539 0.001319
195288 CX12 194970 0.001319
195288 X0 195284 0.999665
195288 X0 195288 0.000112
195288 X0 195289 0.000112
195288 X0 195285 0.000112
195289 CX02 194970 0.988951
195289 CX02 195539 0.001578
195289 CX02 194931 0.001578
195289 CX02 195578 0.001578
195289 CX02 194853 0.001578
195289 CX02 195461 0.001578
195289 CX02 194892 0.001578
195289 CX02 195500 0.001578
195289 CX12 195539 0.990769
195289 CX12 194970 0.001319
195289 CX12 195578 0.001319
195289 CX12 194931 0.001319
195289 CX12 195461 0.001319
195289 CX12 194853 0.001319
195289 CX12 195500 0.001319
195289 CX12 194892 0.001319
195289 X0 195285 0.999665
195289 X0 195289 0.000112
195289 X0 195288 0.000112
195289 X0 195284 0.000112
195290 CX02 195539 0.988951
195290 CX02 194970 0.001578
195290 CX02 195578 0.001578
195290 CX02 194931 0.001578
195290 CX02 195461 0.001578
195290 CX02 194853 0.001578
195290 CX02 195500 0.001578
195290 CX02 194892 0.001578
195290 CX12 194970 0.990769
195290 CX12 195539 0.001319
195290 CX12 194931 0.001319
195290 CX12 195578 0.001319
195290 CX12 194853 0.001319
195290 CX12 195461 0.001319
195290 CX12 194892 0.001319
195290 CX12 195500 0.001319
195290 X0 195286 0.999665
195290 X0 195290 0.000112
195290 X0 195287 0.000112
195290 X0 195283 0.000112
195461 CX02 195284 0.988951
195461 CX02 195283 0.001578
195461 CX02 195286 0.001578
195461 CX02 195285 0.001578
195461 CX02 195288 0.001578
195461 CX02 195287 0.001578
195461 CX02 195290 0.001578
195461 CX02 195289 0.001578
195461 CX12 195284 0.990769
195461 CX12 195283 0.001319
195461 CX12 195286 0.001319
195461 CX12 195285 0.001319
195461 CX12 195287 0.001319
195461 CX12 195288 0.001319
195461 CX12 195289 0.001319
195461 CX12 195290 0.001319
195461 P2 195461 0.904800
195461 P2 194991 0.095200
195461 X0 195500 0.999665
195461 X0 195461 0.000112
195461 X0 195578 0.000112
195461 X0 195539 0.000112
195500 CX02 195287 0.988951
195500 CX02 195288 0.001578
195500 CX02 195289 0.001578
195500 CX02 195290 0.001578
195500 CX02 195283 0.001578
195500 CX02 195284 0.001578
195500 CX02 195285 0.001578
195500 CX02 195286 0.001578
195500 CX12 195288 0.990769
195500 CX12 195287 0.001319
195500 CX12 195290 0.001319
195500 CX12 195289 0.001319
195500 CX12 195283 0.001319
195500 CX12 195284 0.001319
195500 CX12 195285 0.001319
195500 CX12 195286 0.001319
195500 P2 195500 0.904800
195500 P2 194992 0.095200
195500 X0 195461 0.999665
195500 X0 195500 0.000112
195500 X0 195539 0.000112
195500 X0 195578 0.000112
195539 CX02 195290 0.988951
195539 CX02 195289 0.001578
195539 CX02 195288 0.001578
195539 CX02 195287 0.001578
195539 CX02 195286 0.001578
195539 CX02 195285 0.001578
195539 CX02 195284 0.001578
195539 CX02 195283 0.001578
195539 CX12 195289 0.990769
195539 CX12 195290 0.001319
195539 CX12 195287 0.001319
195539 CX12 195288 0.001319
195539 CX12 195286 0.001319
195539 CX12 195285 0.001319
195539 CX12 195284 0.001319
195539 CX12 195283 0.001319
195539 P2 195539 0.904800
195539 P2 194993 0.095200
195539 X0 195578 0.999665
195539 X0 195539 0.000112
195539 X0 195500 0.000112
195539 X0 195461 0.000112
195578 CX02 195285 0.988951
195578 CX02 195286 0.001578
195578 CX02 195283 0.001578
195578 CX02 195284 0.001578
195578 CX02 195289 0.001578
195578 CX02 195290 0.001578
195578 CX02 195287 0.001578
195578 CX02 195288 0.001578
195578 CX12 195285 0.990769
195578 CX12 195286 0.001319
195578 CX12 195283 0.001319
195578 CX12 195284 0.001319
195578 CX12 195290 0.001319
195578 CX12 195289 0.001319
195578 CX12 195288 0.001319
195578 CX12 195287 0.001319
195578 P2 195578 0.904800
195578 P2 194994 0.095200
195578 X0 195539 0.999665
195578 X0 195578 0.000112
195578 X0 195461 0.000112
195578 X0 195500 0.000112
ENDPOMDP
