BEGINPOMDP
INITIALSTATE: 2184271
STATES: 2184271,2184272,2184273,2184274,2184275,2184292,2184293,2184294,2184295,2184296,2184297,2184298,2184299,2184318,2184357,2184396,2184435,2184456,2184457,2184458,2184459,2184748,2184749,2184750,2184751,2184752,2184753,2184754,2184755,2184926,2184965,2185004,2185043
TARGETV: 2184272,2184274,2184318,2184396,2184456,2184459,2184926,2185043
GAMMA: 2184271:0,2184272:0,2184273:0,2184274:0,2184275:0,2184292:0,2184293:0,2184294:0,2184295:0,2184296:0,2184297:0,2184298:0,2184299:0,2184318:1,2184357:1,2184396:1,2184435:1,2184456:0,2184457:0,2184458:0,2184459:0,2184748:1,2184749:1,2184750:1,2184751:1,2184752:1,2184753:1,2184754:1,2184755:1,2184926:1,2184965:1,2185004:1,2185043:1
BEGINACTIONS
CX02
CX12
P2
X0
ENDACTIONS
2184271 INIT_ 2184272 0.250000
2184271 INIT_ 2184273 0.250000
2184271 INIT_ 2184274 0.250000
2184271 INIT_ 2184275 0.250000
2184272 CX02 2184292 0.989000
2184272 CX02 2184293 0.001571
2184272 CX02 2184294 0.001571
2184272 CX02 2184295 0.001571
2184272 CX02 2184296 0.001571
2184272 CX02 2184297 0.001571
2184272 CX02 2184298 0.001571
2184272 CX02 2184299 0.001571
2184272 CX12 2184292 0.992242
2184272 CX12 2184293 0.001108
2184272 CX12 2184294 0.001108
2184272 CX12 2184295 0.001108
2184272 CX12 2184297 0.001108
2184272 CX12 2184296 0.001108
2184272 CX12 2184299 0.001108
2184272 CX12 2184298 0.001108
2184272 P2 2184272 0.997000
2184272 P2 2184318 0.003000
2184272 X0 2184273 0.999677
2184272 X0 2184272 0.000108
2184272 X0 2184274 0.000108
2184272 X0 2184275 0.000108
2184273 CX02 2184297 0.989000
2184273 CX02 2184296 0.001571
2184273 CX02 2184299 0.001571
2184273 CX02 2184298 0.001571
2184273 CX02 2184293 0.001571
2184273 CX02 2184292 0.001571
2184273 CX02 2184295 0.001571
2184273 CX02 2184294 0.001571
2184273 CX12 2184296 0.992242
2184273 CX12 2184297 0.001108
2184273 CX12 2184298 0.001108
2184273 CX12 2184299 0.001108
2184273 CX12 2184293 0.001108
2184273 CX12 2184292 0.001108
2184273 CX12 2184295 0.001108
2184273 CX12 2184294 0.001108
2184273 P2 2184273 0.997000
2184273 P2 2184357 0.003000
2184273 X0 2184272 0.999677
2184273 X0 2184273 0.000108
2184273 X0 2184275 0.000108
2184273 X0 2184274 0.000108
2184274 CX02 2184295 0.989000
2184274 CX02 2184294 0.001571
2184274 CX02 2184293 0.001571
2184274 CX02 2184292 0.001571
2184274 CX02 2184299 0.001571
2184274 CX02 2184298 0.001571
2184274 CX02 2184297 0.001571
2184274 CX02 2184296 0.001571
2184274 CX12 2184295 0.992242
2184274 CX12 2184294 0.001108
2184274 CX12 2184293 0.001108
2184274 CX12 2184292 0.001108
2184274 CX12 2184298 0.001108
2184274 CX12 2184299 0.001108
2184274 CX12 2184296 0.001108
2184274 CX12 2184297 0.001108
2184274 P2 2184274 0.997000
2184274 P2 2184396 0.003000
2184274 X0 2184275 0.999677
2184274 X0 2184274 0.000108
2184274 X0 2184272 0.000108
2184274 X0 2184273 0.000108
2184275 CX02 2184298 0.989000
2184275 CX02 2184299 0.001571
2184275 CX02 2184296 0.001571
2184275 CX02 2184297 0.001571
2184275 CX02 2184294 0.001571
2184275 CX02 2184295 0.001571
2184275 CX02 2184292 0.001571
2184275 CX02 2184293 0.001571
2184275 CX12 2184299 0.992242
2184275 CX12 2184298 0.001108
2184275 CX12 2184297 0.001108
2184275 CX12 2184296 0.001108
2184275 CX12 2184294 0.001108
2184275 CX12 2184295 0.001108
2184275 CX12 2184292 0.001108
2184275 CX12 2184293 0.001108
2184275 P2 2184275 0.997000
2184275 P2 2184435 0.003000
2184275 X0 2184274 0.999677
2184275 X0 2184275 0.000108
2184275 X0 2184273 0.000108
2184275 X0 2184272 0.000108
2184292 CX02 2184272 0.989000
2184292 CX02 2184456 0.001571
2184292 CX02 2184273 0.001571
2184292 CX02 2184457 0.001571
2184292 CX02 2184275 0.001571
2184292 CX02 2184458 0.001571
2184292 CX02 2184274 0.001571
2184292 CX02 2184459 0.001571
2184292 CX12 2184272 0.992242
2184292 CX12 2184456 0.001108
2184292 CX12 2184273 0.001108
2184292 CX12 2184457 0.001108
2184292 CX12 2184275 0.001108
2184292 CX12 2184458 0.001108
2184292 CX12 2184274 0.001108
2184292 CX12 2184459 0.001108
2184292 X0 2184296 0.999677
2184292 X0 2184292 0.000108
2184292 X0 2184295 0.000108
2184292 X0 2184299 0.000108
2184293 CX02 2184456 0.989000
2184293 CX02 2184272 0.001571
2184293 CX02 2184457 0.001571
2184293 CX02 2184273 0.001571
2184293 CX02 2184458 0.001571
2184293 CX02 2184275 0.001571
2184293 CX02 2184459 0.001571
2184293 CX02 2184274 0.001571
2184293 CX12 2184456 0.992242
2184293 CX12 2184272 0.001108
2184293 CX12 2184457 0.001108
2184293 CX12 2184273 0.001108
2184293 CX12 2184458 0.001108
2184293 CX12 2184275 0.001108
2184293 CX12 2184459 0.001108
2184293 CX12 2184274 0.001108
2184293 X0 2184297 0.999677
2184293 X0 2184293 0.000108
2184293 X0 2184294 0.000108
2184293 X0 2184298 0.000108
2184294 CX02 2184459 0.989000
2184294 CX02 2184274 0.001571
2184294 CX02 2184458 0.001571
2184294 CX02 2184275 0.001571
2184294 CX02 2184457 0.001571
2184294 CX02 2184273 0.001571
2184294 CX02 2184456 0.001571
2184294 CX02 2184272 0.001571
2184294 CX12 2184459 0.992242
2184294 CX12 2184274 0.001108
2184294 CX12 2184458 0.001108
2184294 CX12 2184275 0.001108
2184294 CX12 2184457 0.001108
2184294 CX12 2184273 0.001108
2184294 CX12 2184456 0.001108
2184294 CX12 2184272 0.001108
2184294 X0 2184298 0.999677
2184294 X0 2184294 0.000108
2184294 X0 2184293 0.000108
2184294 X0 2184297 0.000108
2184295 CX02 2184274 0.989000
2184295 CX02 2184459 0.001571
2184295 CX02 2184275 0.001571
2184295 CX02 2184458 0.001571
2184295 CX02 2184273 0.001571
2184295 CX02 2184457 0.001571
2184295 CX02 2184272 0.001571
2184295 CX02 2184456 0.001571
2184295 CX12 2184274 0.992242
2184295 CX12 2184459 0.001108
2184295 CX12 2184275 0.001108
2184295 CX12 2184458 0.001108
2184295 CX12 2184273 0.001108
2184295 CX12 2184457 0.001108
2184295 CX12 2184272 0.001108
2184295 CX12 2184456 0.001108
2184295 X0 2184299 0.999677
2184295 X0 2184295 0.000108
2184295 X0 2184292 0.000108
2184295 X0 2184296 0.000108
2184296 CX02 2184457 0.989000
2184296 CX02 2184273 0.001571
2184296 CX02 2184456 0.001571
2184296 CX02 2184272 0.001571
2184296 CX02 2184459 0.001571
2184296 CX02 2184274 0.001571
2184296 CX02 2184458 0.001571
2184296 CX02 2184275 0.001571
2184296 CX12 2184273 0.992242
2184296 CX12 2184457 0.001108
2184296 CX12 2184272 0.001108
2184296 CX12 2184456 0.001108
2184296 CX12 2184274 0.001108
2184296 CX12 2184459 0.001108
2184296 CX12 2184275 0.001108
2184296 CX12 2184458 0.001108
2184296 X0 2184292 0.999677
2184296 X0 2184296 0.000108
2184296 X0 2184299 0.000108
2184296 X0 2184295 0.000108
2184297 CX02 2184273 0.989000
2184297 CX02 2184457 0.001571
2184297 CX02 2184272 0.001571
2184297 CX02 2184456 0.001571
2184297 CX02 2184274 0.001571
2184297 CX02 2184459 0.001571
2184297 CX02 2184275 0.001571
2184297 CX02 2184458 0.001571
2184297 CX12 2184457 0.992242
2184297 CX12 2184273 0.001108
2184297 CX12 2184456 0.001108
2184297 CX12 2184272 0.001108
2184297 CX12 2184459 0.001108
2184297 CX12 2184274 0.001108
2184297 CX12 2184458 0.001108
2184297 CX12 2184275 0.001108
2184297 X0 2184293 0.999677
2184297 X0 2184297 0.000108
2184297 X0 2184298 0.000108
2184297 X0 2184294 0.000108
2184298 CX02 2184275 0.989000
2184298 CX02 2184458 0.001571
2184298 CX02 2184274 0.001571
2184298 CX02 2184459 0.001571
2184298 CX02 2184272 0.001571
2184298 CX02 2184456 0.001571
2184298 CX02 2184273 0.001571
2184298 CX02 2184457 0.001571
2184298 CX12 2184458 0.992242
2184298 CX12 2184275 0.001108
2184298 CX12 2184459 0.001108
2184298 CX12 2184274 0.001108
2184298 CX12 2184456 0.001108
2184298 CX12 2184272 0.001108
2184298 CX12 2184457 0.001108
2184298 CX12 2184273 0.001108
2184298 X0 2184294 0.999677
2184298 X0 2184298 0.000108
2184298 X0 2184297 0.000108
2184298 X0 2184293 0.000108
2184299 CX02 2184458 0.989000
2184299 CX02 2184275 0.001571
2184299 CX02 2184459 0.001571
2184299 CX02 2184274 0.001571
2184299 CX02 2184456 0.001571
2184299 CX02 2184272 0.001571
2184299 CX02 2184457 0.001571
2184299 CX02 2184273 0.001571
2184299 CX12 2184275 0.992242
2184299 CX12 2184458 0.001108
2184299 CX12 2184274 0.001108
2184299 CX12 2184459 0.001108
2184299 CX12 2184272 0.001108
2184299 CX12 2184456 0.001108
2184299 CX12 2184273 0.001108
2184299 CX12 2184457 0.001108
2184299 X0 2184295 0.999677
2184299 X0 2184299 0.000108
2184299 X0 2184296 0.000108
2184299 X0 2184292 0.000108
2184318 CX02 2184748 0.989000
2184318 CX02 2184749 0.001571
2184318 CX02 2184750 0.001571
2184318 CX02 2184751 0.001571
2184318 CX02 2184752 0.001571
2184318 CX02 2184753 0.001571
2184318 CX02 2184754 0.001571
2184318 CX02 2184755 0.001571
2184318 CX12 2184748 0.992242
2184318 CX12 2184749 0.001108
2184318 CX12 2184750 0.001108
2184318 CX12 2184751 0.001108
2184318 CX12 2184753 0.001108
2184318 CX12 2184752 0.001108
2184318 CX12 2184755 0.001108
2184318 CX12 2184754 0.001108
2184318 P2 2184272 0.997000
2184318 P2 2184318 0.003000
2184318 X0 2184357 0.999677
2184318 X0 2184318 0.000108
2184318 X0 2184396 0.000108
2184318 X0 2184435 0.000108
2184357 CX02 2184753 0.989000
2184357 CX02 2184752 0.001571
2184357 CX02 2184755 0.001571
2184357 CX02 2184754 0.001571
2184357 CX02 2184749 0.001571
2184357 CX02 2184748 0.001571
2184357 CX02 2184751 0.001571
2184357 CX02 2184750 0.001571
2184357 CX12 2184752 0.992242
2184357 CX12 2184753 0.001108
2184357 CX12 2184754 0.001108
2184357 CX12 2184755 0.001108
2184357 CX12 2184749 0.001108
2184357 CX12 2184748 0.001108
2184357 CX12 2184751 0.001108
2184357 CX12 2184750 0.001108
2184357 P2 2184273 0.997000
2184357 P2 2184357 0.003000
2184357 X0 2184318 0.999677
2184357 X0 2184357 0.000108
2184357 X0 2184435 0.000108
2184357 X0 2184396 0.000108
2184396 CX02 2184751 0.989000
2184396 CX02 2184750 0.001571
2184396 CX02 2184749 0.001571
2184396 CX02 2184748 0.001571
2184396 CX02 2184755 0.001571
2184396 CX02 2184754 0.001571
2184396 CX02 2184753 0.001571
2184396 CX02 2184752 0.001571
2184396 CX12 2184751 0.992242
2184396 CX12 2184750 0.001108
2184396 CX12 2184749 0.001108
2184396 CX12 2184748 0.001108
2184396 CX12 2184754 0.001108
2184396 CX12 2184755 0.001108
2184396 CX12 2184752 0.001108
2184396 CX12 2184753 0.001108
2184396 P2 2184274 0.997000
2184396 P2 2184396 0.003000
2184396 X0 2184435 0.999677
2184396 X0 2184396 0.000108
2184396 X0 2184318 0.000108
2184396 X0 2184357 0.000108
2184435 CX02 2184754 0.989000
2184435 CX02 2184755 0.001571
2184435 CX02 2184752 0.001571
2184435 CX02 2184753 0.001571
2184435 CX02 2184750 0.001571
2184435 CX02 2184751 0.001571
2184435 CX02 2184748 0.001571
2184435 CX02 2184749 0.001571
2184435 CX12 2184755 0.992242
2184435 CX12 2184754 0.001108
2184435 CX12 2184753 0.001108
2184435 CX12 2184752 0.001108
2184435 CX12 2184750 0.001108
2184435 CX12 2184751 0.001108
2184435 CX12 2184748 0.001108
2184435 CX12 2184749 0.001108
2184435 P2 2184275 0.997000
2184435 P2 2184435 0.003000
2184435 X0 2184396 0.999677
2184435 X0 2184435 0.000108
2184435 X0 2184357 0.000108
2184435 X0 2184318 0.000108
2184456 CX02 2184293 0.989000
2184456 CX02 2184292 0.001571
2184456 CX02 2184295 0.001571
2184456 CX02 2184294 0.001571
2184456 CX02 2184297 0.001571
2184456 CX02 2184296 0.001571
2184456 CX02 2184299 0.001571
2184456 CX02 2184298 0.001571
2184456 CX12 2184293 0.992242
2184456 CX12 2184292 0.001108
2184456 CX12 2184295 0.001108
2184456 CX12 2184294 0.001108
2184456 CX12 2184296 0.001108
2184456 CX12 2184297 0.001108
2184456 CX12 2184298 0.001108
2184456 CX12 2184299 0.001108
2184456 P2 2184926 0.993200
2184456 P2 2184456 0.006800
2184456 X0 2184457 0.999677
2184456 X0 2184456 0.000108
2184456 X0 2184459 0.000108
2184456 X0 2184458 0.000108
2184457 CX02 2184296 0.989000
2184457 CX02 2184297 0.001571
2184457 CX02 2184298 0.001571
2184457 CX02 2184299 0.001571
2184457 CX02 2184292 0.001571
2184457 CX02 2184293 0.001571
2184457 CX02 2184294 0.001571
2184457 CX02 2184295 0.001571
2184457 CX12 2184297 0.992242
2184457 CX12 2184296 0.001108
2184457 CX12 2184299 0.001108
2184457 CX12 2184298 0.001108
2184457 CX12 2184292 0.001108
2184457 CX12 2184293 0.001108
2184457 CX12 2184294 0.001108
2184457 CX12 2184295 0.001108
2184457 P2 2184965 0.993200
2184457 P2 2184457 0.006800
2184457 X0 2184456 0.999677
2184457 X0 2184457 0.000108
2184457 X0 2184458 0.000108
2184457 X0 2184459 0.000108
2184458 CX02 2184299 0.989000
2184458 CX02 2184298 0.001571
2184458 CX02 2184297 0.001571
2184458 CX02 2184296 0.001571
2184458 CX02 2184295 0.001571
2184458 CX02 2184294 0.001571
2184458 CX02 2184293 0.001571
2184458 CX02 2184292 0.001571
2184458 CX12 2184298 0.992242
2184458 CX12 2184299 0.001108
2184458 CX12 2184296 0.001108
2184458 CX12 2184297 0.001108
2184458 CX12 2184295 0.001108
2184458 CX12 2184294 0.001108
2184458 CX12 2184293 0.001108
2184458 CX12 2184292 0.001108
2184458 P2 2185004 0.993200
2184458 P2 2184458 0.006800
2184458 X0 2184459 0.999677
2184458 X0 2184458 0.000108
2184458 X0 2184457 0.000108
2184458 X0 2184456 0.000108
2184459 CX02 2184294 0.989000
2184459 CX02 2184295 0.001571
2184459 CX02 2184292 0.001571
2184459 CX02 2184293 0.001571
2184459 CX02 2184298 0.001571
2184459 CX02 2184299 0.001571
2184459 CX02 2184296 0.001571
2184459 CX02 2184297 0.001571
2184459 CX12 2184294 0.992242
2184459 CX12 2184295 0.001108
2184459 CX12 2184292 0.001108
2184459 CX12 2184293 0.001108
2184459 CX12 2184299 0.001108
2184459 CX12 2184298 0.001108
2184459 CX12 2184297 0.001108
2184459 CX12 2184296 0.001108
2184459 P2 2185043 0.993200
2184459 P2 2184459 0.006800
2184459 X0 2184458 0.999677
2184459 X0 2184459 0.000108
2184459 X0 2184456 0.000108
2184459 X0 2184457 0.000108
2184748 CX02 2184318 0.989000
2184748 CX02 2184926 0.001571
2184748 CX02 2184357 0.001571
2184748 CX02 2184965 0.001571
2184748 CX02 2184435 0.001571
2184748 CX02 2185004 0.001571
2184748 CX02 2184396 0.001571
2184748 CX02 2185043 0.001571
2184748 CX12 2184318 0.992242
2184748 CX12 2184926 0.001108
2184748 CX12 2184357 0.001108
2184748 CX12 2184965 0.001108
2184748 CX12 2184435 0.001108
2184748 CX12 2185004 0.001108
2184748 CX12 2184396 0.001108
2184748 CX12 2185043 0.001108
2184748 X0 2184752 0.999677
2184748 X0 2184748 0.000108
2184748 X0 2184751 0.000108
2184748 X0 2184755 0.000108
2184749 CX02 2184926 0.989000
2184749 CX02 2184318 0.001571
2184749 CX02 2184965 0.001571
2184749 CX02 2184357 0.001571
2184749 CX02 2185004 0.001571
2184749 CX02 2184435 0.001571
2184749 CX02 2185043 0.001571
2184749 CX02 2184396 0.001571
2184749 CX12 2184926 0.992242
2184749 CX12 2184318 0.001108
2184749 CX12 2184965 0.001108
2184749 CX12 2184357 0.001108
2184749 CX12 2185004 0.001108
2184749 CX12 2184435 0.001108
2184749 CX12 2185043 0.001108
2184749 CX12 2184396 0.001108
2184749 X0 2184753 0.999677
2184749 X0 2184749 0.000108
2184749 X0 2184750 0.000108
2184749 X0 2184754 0.000108
2184750 CX02 2185043 0.989000
2184750 CX02 2184396 0.001571
2184750 CX02 2185004 0.001571
2184750 CX02 2184435 0.001571
2184750 CX02 2184965 0.001571
2184750 CX02 2184357 0.001571
2184750 CX02 2184926 0.001571
2184750 CX02 2184318 0.001571
2184750 CX12 2185043 0.992242
2184750 CX12 2184396 0.001108
2184750 CX12 2185004 0.001108
2184750 CX12 2184435 0.001108
2184750 CX12 2184965 0.001108
2184750 CX12 2184357 0.001108
2184750 CX12 2184926 0.001108
2184750 CX12 2184318 0.001108
2184750 X0 2184754 0.999677
2184750 X0 2184750 0.000108
2184750 X0 2184749 0.000108
2184750 X0 2184753 0.000108
2184751 CX02 2184396 0.989000
2184751 CX02 2185043 0.001571
2184751 CX02 2184435 0.001571
2184751 CX02 2185004 0.001571
2184751 CX02 2184357 0.001571
2184751 CX02 2184965 0.001571
2184751 CX02 2184318 0.001571
2184751 CX02 2184926 0.001571
2184751 CX12 2184396 0.992242
2184751 CX12 2185043 0.001108
2184751 CX12 2184435 0.001108
2184751 CX12 2185004 0.001108
2184751 CX12 2184357 0.001108
2184751 CX12 2184965 0.001108
2184751 CX12 2184318 0.001108
2184751 CX12 2184926 0.001108
2184751 X0 2184755 0.999677
2184751 X0 2184751 0.000108
2184751 X0 2184748 0.000108
2184751 X0 2184752 0.000108
2184752 CX02 2184965 0.989000
2184752 CX02 2184357 0.001571
2184752 CX02 2184926 0.001571
2184752 CX02 2184318 0.001571
2184752 CX02 2185043 0.001571
2184752 CX02 2184396 0.001571
2184752 CX02 2185004 0.001571
2184752 CX02 2184435 0.001571
2184752 CX12 2184357 0.992242
2184752 CX12 2184965 0.001108
2184752 CX12 2184318 0.001108
2184752 CX12 2184926 0.001108
2184752 CX12 2184396 0.001108
2184752 CX12 2185043 0.001108
2184752 CX12 2184435 0.001108
2184752 CX12 2185004 0.001108
2184752 X0 2184748 0.999677
2184752 X0 2184752 0.000108
2184752 X0 2184755 0.000108
2184752 X0 2184751 0.000108
2184753 CX02 2184357 0.989000
2184753 CX02 2184965 0.001571
2184753 CX02 2184318 0.001571
2184753 CX02 2184926 0.001571
2184753 CX02 2184396 0.001571
2184753 CX02 2185043 0.001571
2184753 CX02 2184435 0.001571
2184753 CX02 2185004 0.001571
2184753 CX12 2184965 0.992242
2184753 CX12 2184357 0.001108
2184753 CX12 2184926 0.001108
2184753 CX12 2184318 0.001108
2184753 CX12 2185043 0.001108
2184753 CX12 2184396 0.001108
2184753 CX12 2185004 0.001108
2184753 CX12 2184435 0.001108
2184753 X0 2184749 0.999677
2184753 X0 2184753 0.000108
2184753 X0 2184754 0.000108
2184753 X0 2184750 0.000108
2184754 CX02 2184435 0.989000
2184754 CX02 2185004 0.001571
2184754 CX02 2184396 0.001571
2184754 CX02 2185043 0.001571
2184754 CX02 2184318 0.001571
2184754 CX02 2184926 0.001571
2184754 CX02 2184357 0.001571
2184754 CX02 2184965 0.001571
2184754 CX12 2185004 0.992242
2184754 CX12 2184435 0.001108
2184754 CX12 2185043 0.001108
2184754 CX12 2184396 0.001108
2184754 CX12 2184926 0.001108
2184754 CX12 2184318 0.001108
2184754 CX12 2184965 0.001108
2184754 CX12 2184357 0.001108
2184754 X0 2184750 0.999677
2184754 X0 2184754 0.000108
2184754 X0 2184753 0.000108
2184754 X0 2184749 0.000108
2184755 CX02 2185004 0.989000
2184755 CX02 2184435 0.001571
2184755 CX02 2185043 0.001571
2184755 CX02 2184396 0.001571
2184755 CX02 2184926 0.001571
2184755 CX02 2184318 0.001571
2184755 CX02 2184965 0.001571
2184755 CX02 2184357 0.001571
2184755 CX12 2184435 0.992242
2184755 CX12 2185004 0.001108
2184755 CX12 2184396 0.001108
2184755 CX12 2185043 0.001108
2184755 CX12 2184318 0.001108
2184755 CX12 2184926 0.001108
2184755 CX12 2184357 0.001108
2184755 CX12 2184965 0.001108
2184755 X0 2184751 0.999677
2184755 X0 2184755 0.000108
2184755 X0 2184752 0.000108
2184755 X0 2184748 0.000108
2184926 CX02 2184749 0.989000
2184926 CX02 2184748 0.001571
2184926 CX02 2184751 0.001571
2184926 CX02 2184750 0.001571
2184926 CX02 2184753 0.001571
2184926 CX02 2184752 0.001571
2184926 CX02 2184755 0.001571
2184926 CX02 2184754 0.001571
2184926 CX12 2184749 0.992242
2184926 CX12 2184748 0.001108
2184926 CX12 2184751 0.001108
2184926 CX12 2184750 0.001108
2184926 CX12 2184752 0.001108
2184926 CX12 2184753 0.001108
2184926 CX12 2184754 0.001108
2184926 CX12 2184755 0.001108
2184926 P2 2184926 0.993200
2184926 P2 2184456 0.006800
2184926 X0 2184965 0.999677
2184926 X0 2184926 0.000108
2184926 X0 2185043 0.000108
2184926 X0 2185004 0.000108
2184965 CX02 2184752 0.989000
2184965 CX02 2184753 0.001571
2184965 CX02 2184754 0.001571
2184965 CX02 2184755 0.001571
2184965 CX02 2184748 0.001571
2184965 CX02 2184749 0.001571
2184965 CX02 2184750 0.001571
2184965 CX02 2184751 0.001571
2184965 CX12 2184753 0.992242
2184965 CX12 2184752 0.001108
2184965 CX12 2184755 0.001108
2184965 CX12 2184754 0.001108
2184965 CX12 2184748 0.001108
2184965 CX12 2184749 0.001108
2184965 CX12 2184750 0.001108
2184965 CX12 2184751 0.001108
2184965 P2 2184965 0.993200
2184965 P2 2184457 0.006800
2184965 X0 2184926 0.999677
2184965 X0 2184965 0.000108
2184965 X0 2185004 0.000108
2184965 X0 2185043 0.000108
2185004 CX02 2184755 0.989000
2185004 CX02 2184754 0.001571
2185004 CX02 2184753 0.001571
2185004 CX02 2184752 0.001571
2185004 CX02 2184751 0.001571
2185004 CX02 2184750 0.001571
2185004 CX02 2184749 0.001571
2185004 CX02 2184748 0.001571
2185004 CX12 2184754 0.992242
2185004 CX12 2184755 0.001108
2185004 CX12 2184752 0.001108
2185004 CX12 2184753 0.001108
2185004 CX12 2184751 0.001108
2185004 CX12 2184750 0.001108
2185004 CX12 2184749 0.001108
2185004 CX12 2184748 0.001108
2185004 P2 2185004 0.993200
2185004 P2 2184458 0.006800
2185004 X0 2185043 0.999677
2185004 X0 2185004 0.000108
2185004 X0 2184965 0.000108
2185004 X0 2184926 0.000108
2185043 CX02 2184750 0.989000
2185043 CX02 2184751 0.001571
2185043 CX02 2184748 0.001571
2185043 CX02 2184749 0.001571
2185043 CX02 2184754 0.001571
2185043 CX02 2184755 0.001571
2185043 CX02 2184752 0.001571
2185043 CX02 2184753 0.001571
2185043 CX12 2184750 0.992242
2185043 CX12 2184751 0.001108
2185043 CX12 2184748 0.001108
2185043 CX12 2184749 0.001108
2185043 CX12 2184755 0.001108
2185043 CX12 2184754 0.001108
2185043 CX12 2184753 0.001108
2185043 CX12 2184752 0.001108
2185043 P2 2185043 0.993200
2185043 P2 2184459 0.006800
2185043 X0 2185004 0.999677
2185043 X0 2185043 0.000108
2185043 X0 2184926 0.000108
2185043 X0 2184965 0.000108
ENDPOMDP
