BEGINPOMDP
INITIALSTATE: 216712
STATES: 216712,216713,216714,216715,216716,216733,216734,216735,216736,216737,216738,216739,216740,216759,216798,216837,216876,216897,216898,216899,216900,217189,217190,217191,217192,217193,217194,217195,217196,217367,217406,217445,217484
TARGETV: 216713,216715,216759,216837,216897,216900,217367,217484
GAMMA: 216712:0,216713:0,216714:0,216715:0,216716:0,216733:0,216734:0,216735:0,216736:0,216737:0,216738:0,216739:0,216740:0,216759:1,216798:1,216837:1,216876:1,216897:0,216898:0,216899:0,216900:0,217189:1,217190:1,217191:1,217192:1,217193:1,217194:1,217195:1,217196:1,217367:1,217406:1,217445:1,217484:1
BEGINACTIONS
CX02
CX12
P2
X0
ENDACTIONS
216712 INIT_ 216713 0.250000
216712 INIT_ 216714 0.250000
216712 INIT_ 216715 0.250000
216712 INIT_ 216716 0.250000
216713 CX02 216733 0.976481
216713 CX02 216734 0.003360
216713 CX02 216735 0.003360
216713 CX02 216736 0.003360
216713 CX02 216737 0.003360
216713 CX02 216738 0.003360
216713 CX02 216739 0.003360
216713 CX02 216740 0.003360
216713 CX12 216733 0.977991
216713 CX12 216734 0.003144
216713 CX12 216735 0.003144
216713 CX12 216736 0.003144
216713 CX12 216738 0.003144
216713 CX12 216737 0.003144
216713 CX12 216740 0.003144
216713 CX12 216739 0.003144
216713 P2 216713 0.685000
216713 P2 216759 0.315000
216713 X0 216714 0.996214
216713 X0 216713 0.001262
216713 X0 216715 0.001262
216713 X0 216716 0.001262
216714 CX02 216738 0.976481
216714 CX02 216737 0.003360
216714 CX02 216740 0.003360
216714 CX02 216739 0.003360
216714 CX02 216734 0.003360
216714 CX02 216733 0.003360
216714 CX02 216736 0.003360
216714 CX02 216735 0.003360
216714 CX12 216737 0.977991
216714 CX12 216738 0.003144
216714 CX12 216739 0.003144
216714 CX12 216740 0.003144
216714 CX12 216734 0.003144
216714 CX12 216733 0.003144
216714 CX12 216736 0.003144
216714 CX12 216735 0.003144
216714 P2 216714 0.685000
216714 P2 216798 0.315000
216714 X0 216713 0.996214
216714 X0 216714 0.001262
216714 X0 216716 0.001262
216714 X0 216715 0.001262
216715 CX02 216736 0.976481
216715 CX02 216735 0.003360
216715 CX02 216734 0.003360
216715 CX02 216733 0.003360
216715 CX02 216740 0.003360
216715 CX02 216739 0.003360
216715 CX02 216738 0.003360
216715 CX02 216737 0.003360
216715 CX12 216736 0.977991
216715 CX12 216735 0.003144
216715 CX12 216734 0.003144
216715 CX12 216733 0.003144
216715 CX12 216739 0.003144
216715 CX12 216740 0.003144
216715 CX12 216737 0.003144
216715 CX12 216738 0.003144
216715 P2 216715 0.685000
216715 P2 216837 0.315000
216715 X0 216716 0.996214
216715 X0 216715 0.001262
216715 X0 216713 0.001262
216715 X0 216714 0.001262
216716 CX02 216739 0.976481
216716 CX02 216740 0.003360
216716 CX02 216737 0.003360
216716 CX02 216738 0.003360
216716 CX02 216735 0.003360
216716 CX02 216736 0.003360
216716 CX02 216733 0.003360
216716 CX02 216734 0.003360
216716 CX12 216740 0.977991
216716 CX12 216739 0.003144
216716 CX12 216738 0.003144
216716 CX12 216737 0.003144
216716 CX12 216735 0.003144
216716 CX12 216736 0.003144
216716 CX12 216733 0.003144
216716 CX12 216734 0.003144
216716 P2 216716 0.685000
216716 P2 216876 0.315000
216716 X0 216715 0.996214
216716 X0 216716 0.001262
216716 X0 216714 0.001262
216716 X0 216713 0.001262
216733 CX02 216713 0.976481
216733 CX02 216897 0.003360
216733 CX02 216714 0.003360
216733 CX02 216898 0.003360
216733 CX02 216716 0.003360
216733 CX02 216899 0.003360
216733 CX02 216715 0.003360
216733 CX02 216900 0.003360
216733 CX12 216713 0.977991
216733 CX12 216897 0.003144
216733 CX12 216714 0.003144
216733 CX12 216898 0.003144
216733 CX12 216716 0.003144
216733 CX12 216899 0.003144
216733 CX12 216715 0.003144
216733 CX12 216900 0.003144
216733 X0 216737 0.996214
216733 X0 216733 0.001262
216733 X0 216736 0.001262
216733 X0 216740 0.001262
216734 CX02 216897 0.976481
216734 CX02 216713 0.003360
216734 CX02 216898 0.003360
216734 CX02 216714 0.003360
216734 CX02 216899 0.003360
216734 CX02 216716 0.003360
216734 CX02 216900 0.003360
216734 CX02 216715 0.003360
216734 CX12 216897 0.977991
216734 CX12 216713 0.003144
216734 CX12 216898 0.003144
216734 CX12 216714 0.003144
216734 CX12 216899 0.003144
216734 CX12 216716 0.003144
216734 CX12 216900 0.003144
216734 CX12 216715 0.003144
216734 X0 216738 0.996214
216734 X0 216734 0.001262
216734 X0 216735 0.001262
216734 X0 216739 0.001262
216735 CX02 216900 0.976481
216735 CX02 216715 0.003360
216735 CX02 216899 0.003360
216735 CX02 216716 0.003360
216735 CX02 216898 0.003360
216735 CX02 216714 0.003360
216735 CX02 216897 0.003360
216735 CX02 216713 0.003360
216735 CX12 216900 0.977991
216735 CX12 216715 0.003144
216735 CX12 216899 0.003144
216735 CX12 216716 0.003144
216735 CX12 216898 0.003144
216735 CX12 216714 0.003144
216735 CX12 216897 0.003144
216735 CX12 216713 0.003144
216735 X0 216739 0.996214
216735 X0 216735 0.001262
216735 X0 216734 0.001262
216735 X0 216738 0.001262
216736 CX02 216715 0.976481
216736 CX02 216900 0.003360
216736 CX02 216716 0.003360
216736 CX02 216899 0.003360
216736 CX02 216714 0.003360
216736 CX02 216898 0.003360
216736 CX02 216713 0.003360
216736 CX02 216897 0.003360
216736 CX12 216715 0.977991
216736 CX12 216900 0.003144
216736 CX12 216716 0.003144
216736 CX12 216899 0.003144
216736 CX12 216714 0.003144
216736 CX12 216898 0.003144
216736 CX12 216713 0.003144
216736 CX12 216897 0.003144
216736 X0 216740 0.996214
216736 X0 216736 0.001262
216736 X0 216733 0.001262
216736 X0 216737 0.001262
216737 CX02 216898 0.976481
216737 CX02 216714 0.003360
216737 CX02 216897 0.003360
216737 CX02 216713 0.003360
216737 CX02 216900 0.003360
216737 CX02 216715 0.003360
216737 CX02 216899 0.003360
216737 CX02 216716 0.003360
216737 CX12 216714 0.977991
216737 CX12 216898 0.003144
216737 CX12 216713 0.003144
216737 CX12 216897 0.003144
216737 CX12 216715 0.003144
216737 CX12 216900 0.003144
216737 CX12 216716 0.003144
216737 CX12 216899 0.003144
216737 X0 216733 0.996214
216737 X0 216737 0.001262
216737 X0 216740 0.001262
216737 X0 216736 0.001262
216738 CX02 216714 0.976481
216738 CX02 216898 0.003360
216738 CX02 216713 0.003360
216738 CX02 216897 0.003360
216738 CX02 216715 0.003360
216738 CX02 216900 0.003360
216738 CX02 216716 0.003360
216738 CX02 216899 0.003360
216738 CX12 216898 0.977991
216738 CX12 216714 0.003144
216738 CX12 216897 0.003144
216738 CX12 216713 0.003144
216738 CX12 216900 0.003144
216738 CX12 216715 0.003144
216738 CX12 216899 0.003144
216738 CX12 216716 0.003144
216738 X0 216734 0.996214
216738 X0 216738 0.001262
216738 X0 216739 0.001262
216738 X0 216735 0.001262
216739 CX02 216716 0.976481
216739 CX02 216899 0.003360
216739 CX02 216715 0.003360
216739 CX02 216900 0.003360
216739 CX02 216713 0.003360
216739 CX02 216897 0.003360
216739 CX02 216714 0.003360
216739 CX02 216898 0.003360
216739 CX12 216899 0.977991
216739 CX12 216716 0.003144
216739 CX12 216900 0.003144
216739 CX12 216715 0.003144
216739 CX12 216897 0.003144
216739 CX12 216713 0.003144
216739 CX12 216898 0.003144
216739 CX12 216714 0.003144
216739 X0 216735 0.996214
216739 X0 216739 0.001262
216739 X0 216738 0.001262
216739 X0 216734 0.001262
216740 CX02 216899 0.976481
216740 CX02 216716 0.003360
216740 CX02 216900 0.003360
216740 CX02 216715 0.003360
216740 CX02 216897 0.003360
216740 CX02 216713 0.003360
216740 CX02 216898 0.003360
216740 CX02 216714 0.003360
216740 CX12 216716 0.977991
216740 CX12 216899 0.003144
216740 CX12 216715 0.003144
216740 CX12 216900 0.003144
216740 CX12 216713 0.003144
216740 CX12 216897 0.003144
216740 CX12 216714 0.003144
216740 CX12 216898 0.003144
216740 X0 216736 0.996214
216740 X0 216740 0.001262
216740 X0 216737 0.001262
216740 X0 216733 0.001262
216759 CX02 217189 0.976481
216759 CX02 217190 0.003360
216759 CX02 217191 0.003360
216759 CX02 217192 0.003360
216759 CX02 217193 0.003360
216759 CX02 217194 0.003360
216759 CX02 217195 0.003360
216759 CX02 217196 0.003360
216759 CX12 217189 0.977991
216759 CX12 217190 0.003144
216759 CX12 217191 0.003144
216759 CX12 217192 0.003144
216759 CX12 217194 0.003144
216759 CX12 217193 0.003144
216759 CX12 217196 0.003144
216759 CX12 217195 0.003144
216759 P2 216713 0.685000
216759 P2 216759 0.315000
216759 X0 216798 0.996214
216759 X0 216759 0.001262
216759 X0 216837 0.001262
216759 X0 216876 0.001262
216798 CX02 217194 0.976481
216798 CX02 217193 0.003360
216798 CX02 217196 0.003360
216798 CX02 217195 0.003360
216798 CX02 217190 0.003360
216798 CX02 217189 0.003360
216798 CX02 217192 0.003360
216798 CX02 217191 0.003360
216798 CX12 217193 0.977991
216798 CX12 217194 0.003144
216798 CX12 217195 0.003144
216798 CX12 217196 0.003144
216798 CX12 217190 0.003144
216798 CX12 217189 0.003144
216798 CX12 217192 0.003144
216798 CX12 217191 0.003144
216798 P2 216714 0.685000
216798 P2 216798 0.315000
216798 X0 216759 0.996214
216798 X0 216798 0.001262
216798 X0 216876 0.001262
216798 X0 216837 0.001262
216837 CX02 217192 0.976481
216837 CX02 217191 0.003360
216837 CX02 217190 0.003360
216837 CX02 217189 0.003360
216837 CX02 217196 0.003360
216837 CX02 217195 0.003360
216837 CX02 217194 0.003360
216837 CX02 217193 0.003360
216837 CX12 217192 0.977991
216837 CX12 217191 0.003144
216837 CX12 217190 0.003144
216837 CX12 217189 0.003144
216837 CX12 217195 0.003144
216837 CX12 217196 0.003144
216837 CX12 217193 0.003144
216837 CX12 217194 0.003144
216837 P2 216715 0.685000
216837 P2 216837 0.315000
216837 X0 216876 0.996214
216837 X0 216837 0.001262
216837 X0 216759 0.001262
216837 X0 216798 0.001262
216876 CX02 217195 0.976481
216876 CX02 217196 0.003360
216876 CX02 217193 0.003360
216876 CX02 217194 0.003360
216876 CX02 217191 0.003360
216876 CX02 217192 0.003360
216876 CX02 217189 0.003360
216876 CX02 217190 0.003360
216876 CX12 217196 0.977991
216876 CX12 217195 0.003144
216876 CX12 217194 0.003144
216876 CX12 217193 0.003144
216876 CX12 217191 0.003144
216876 CX12 217192 0.003144
216876 CX12 217189 0.003144
216876 CX12 217190 0.003144
216876 P2 216716 0.685000
216876 P2 216876 0.315000
216876 X0 216837 0.996214
216876 X0 216876 0.001262
216876 X0 216798 0.001262
216876 X0 216759 0.001262
216897 CX02 216734 0.976481
216897 CX02 216733 0.003360
216897 CX02 216736 0.003360
216897 CX02 216735 0.003360
216897 CX02 216738 0.003360
216897 CX02 216737 0.003360
216897 CX02 216740 0.003360
216897 CX02 216739 0.003360
216897 CX12 216734 0.977991
216897 CX12 216733 0.003144
216897 CX12 216736 0.003144
216897 CX12 216735 0.003144
216897 CX12 216737 0.003144
216897 CX12 216738 0.003144
216897 CX12 216739 0.003144
216897 CX12 216740 0.003144
216897 P2 217367 0.766000
216897 P2 216897 0.234000
216897 X0 216898 0.996214
216897 X0 216897 0.001262
216897 X0 216900 0.001262
216897 X0 216899 0.001262
216898 CX02 216737 0.976481
216898 CX02 216738 0.003360
216898 CX02 216739 0.003360
216898 CX02 216740 0.003360
216898 CX02 216733 0.003360
216898 CX02 216734 0.003360
216898 CX02 216735 0.003360
216898 CX02 216736 0.003360
216898 CX12 216738 0.977991
216898 CX12 216737 0.003144
216898 CX12 216740 0.003144
216898 CX12 216739 0.003144
216898 CX12 216733 0.003144
216898 CX12 216734 0.003144
216898 CX12 216735 0.003144
216898 CX12 216736 0.003144
216898 P2 217406 0.766000
216898 P2 216898 0.234000
216898 X0 216897 0.996214
216898 X0 216898 0.001262
216898 X0 216899 0.001262
216898 X0 216900 0.001262
216899 CX02 216740 0.976481
216899 CX02 216739 0.003360
216899 CX02 216738 0.003360
216899 CX02 216737 0.003360
216899 CX02 216736 0.003360
216899 CX02 216735 0.003360
216899 CX02 216734 0.003360
216899 CX02 216733 0.003360
216899 CX12 216739 0.977991
216899 CX12 216740 0.003144
216899 CX12 216737 0.003144
216899 CX12 216738 0.003144
216899 CX12 216736 0.003144
216899 CX12 216735 0.003144
216899 CX12 216734 0.003144
216899 CX12 216733 0.003144
216899 P2 217445 0.766000
216899 P2 216899 0.234000
216899 X0 216900 0.996214
216899 X0 216899 0.001262
216899 X0 216898 0.001262
216899 X0 216897 0.001262
216900 CX02 216735 0.976481
216900 CX02 216736 0.003360
216900 CX02 216733 0.003360
216900 CX02 216734 0.003360
216900 CX02 216739 0.003360
216900 CX02 216740 0.003360
216900 CX02 216737 0.003360
216900 CX02 216738 0.003360
216900 CX12 216735 0.977991
216900 CX12 216736 0.003144
216900 CX12 216733 0.003144
216900 CX12 216734 0.003144
216900 CX12 216740 0.003144
216900 CX12 216739 0.003144
216900 CX12 216738 0.003144
216900 CX12 216737 0.003144
216900 P2 217484 0.766000
216900 P2 216900 0.234000
216900 X0 216899 0.996214
216900 X0 216900 0.001262
216900 X0 216897 0.001262
216900 X0 216898 0.001262
217189 CX02 216759 0.976481
217189 CX02 217367 0.003360
217189 CX02 216798 0.003360
217189 CX02 217406 0.003360
217189 CX02 216876 0.003360
217189 CX02 217445 0.003360
217189 CX02 216837 0.003360
217189 CX02 217484 0.003360
217189 CX12 216759 0.977991
217189 CX12 217367 0.003144
217189 CX12 216798 0.003144
217189 CX12 217406 0.003144
217189 CX12 216876 0.003144
217189 CX12 217445 0.003144
217189 CX12 216837 0.003144
217189 CX12 217484 0.003144
217189 X0 217193 0.996214
217189 X0 217189 0.001262
217189 X0 217192 0.001262
217189 X0 217196 0.001262
217190 CX02 217367 0.976481
217190 CX02 216759 0.003360
217190 CX02 217406 0.003360
217190 CX02 216798 0.003360
217190 CX02 217445 0.003360
217190 CX02 216876 0.003360
217190 CX02 217484 0.003360
217190 CX02 216837 0.003360
217190 CX12 217367 0.977991
217190 CX12 216759 0.003144
217190 CX12 217406 0.003144
217190 CX12 216798 0.003144
217190 CX12 217445 0.003144
217190 CX12 216876 0.003144
217190 CX12 217484 0.003144
217190 CX12 216837 0.003144
217190 X0 217194 0.996214
217190 X0 217190 0.001262
217190 X0 217191 0.001262
217190 X0 217195 0.001262
217191 CX02 217484 0.976481
217191 CX02 216837 0.003360
217191 CX02 217445 0.003360
217191 CX02 216876 0.003360
217191 CX02 217406 0.003360
217191 CX02 216798 0.003360
217191 CX02 217367 0.003360
217191 CX02 216759 0.003360
217191 CX12 217484 0.977991
217191 CX12 216837 0.003144
217191 CX12 217445 0.003144
217191 CX12 216876 0.003144
217191 CX12 217406 0.003144
217191 CX12 216798 0.003144
217191 CX12 217367 0.003144
217191 CX12 216759 0.003144
217191 X0 217195 0.996214
217191 X0 217191 0.001262
217191 X0 217190 0.001262
217191 X0 217194 0.001262
217192 CX02 216837 0.976481
217192 CX02 217484 0.003360
217192 CX02 216876 0.003360
217192 CX02 217445 0.003360
217192 CX02 216798 0.003360
217192 CX02 217406 0.003360
217192 CX02 216759 0.003360
217192 CX02 217367 0.003360
217192 CX12 216837 0.977991
217192 CX12 217484 0.003144
217192 CX12 216876 0.003144
217192 CX12 217445 0.003144
217192 CX12 216798 0.003144
217192 CX12 217406 0.003144
217192 CX12 216759 0.003144
217192 CX12 217367 0.003144
217192 X0 217196 0.996214
217192 X0 217192 0.001262
217192 X0 217189 0.001262
217192 X0 217193 0.001262
217193 CX02 217406 0.976481
217193 CX02 216798 0.003360
217193 CX02 217367 0.003360
217193 CX02 216759 0.003360
217193 CX02 217484 0.003360
217193 CX02 216837 0.003360
217193 CX02 217445 0.003360
217193 CX02 216876 0.003360
217193 CX12 216798 0.977991
217193 CX12 217406 0.003144
217193 CX12 216759 0.003144
217193 CX12 217367 0.003144
217193 CX12 216837 0.003144
217193 CX12 217484 0.003144
217193 CX12 216876 0.003144
217193 CX12 217445 0.003144
217193 X0 217189 0.996214
217193 X0 217193 0.001262
217193 X0 217196 0.001262
217193 X0 217192 0.001262
217194 CX02 216798 0.976481
217194 CX02 217406 0.003360
217194 CX02 216759 0.003360
217194 CX02 217367 0.003360
217194 CX02 216837 0.003360
217194 CX02 217484 0.003360
217194 CX02 216876 0.003360
217194 CX02 217445 0.003360
217194 CX12 217406 0.977991
217194 CX12 216798 0.003144
217194 CX12 217367 0.003144
217194 CX12 216759 0.003144
217194 CX12 217484 0.003144
217194 CX12 216837 0.003144
217194 CX12 217445 0.003144
217194 CX12 216876 0.003144
217194 X0 217190 0.996214
217194 X0 217194 0.001262
217194 X0 217195 0.001262
217194 X0 217191 0.001262
217195 CX02 216876 0.976481
217195 CX02 217445 0.003360
217195 CX02 216837 0.003360
217195 CX02 217484 0.003360
217195 CX02 216759 0.003360
217195 CX02 217367 0.003360
217195 CX02 216798 0.003360
217195 CX02 217406 0.003360
217195 CX12 217445 0.977991
217195 CX12 216876 0.003144
217195 CX12 217484 0.003144
217195 CX12 216837 0.003144
217195 CX12 217367 0.003144
217195 CX12 216759 0.003144
217195 CX12 217406 0.003144
217195 CX12 216798 0.003144
217195 X0 217191 0.996214
217195 X0 217195 0.001262
217195 X0 217194 0.001262
217195 X0 217190 0.001262
217196 CX02 217445 0.976481
217196 CX02 216876 0.003360
217196 CX02 217484 0.003360
217196 CX02 216837 0.003360
217196 CX02 217367 0.003360
217196 CX02 216759 0.003360
217196 CX02 217406 0.003360
217196 CX02 216798 0.003360
217196 CX12 216876 0.977991
217196 CX12 217445 0.003144
217196 CX12 216837 0.003144
217196 CX12 217484 0.003144
217196 CX12 216759 0.003144
217196 CX12 217367 0.003144
217196 CX12 216798 0.003144
217196 CX12 217406 0.003144
217196 X0 217192 0.996214
217196 X0 217196 0.001262
217196 X0 217193 0.001262
217196 X0 217189 0.001262
217367 CX02 217190 0.976481
217367 CX02 217189 0.003360
217367 CX02 217192 0.003360
217367 CX02 217191 0.003360
217367 CX02 217194 0.003360
217367 CX02 217193 0.003360
217367 CX02 217196 0.003360
217367 CX02 217195 0.003360
217367 CX12 217190 0.977991
217367 CX12 217189 0.003144
217367 CX12 217192 0.003144
217367 CX12 217191 0.003144
217367 CX12 217193 0.003144
217367 CX12 217194 0.003144
217367 CX12 217195 0.003144
217367 CX12 217196 0.003144
217367 P2 217367 0.766000
217367 P2 216897 0.234000
217367 X0 217406 0.996214
217367 X0 217367 0.001262
217367 X0 217484 0.001262
217367 X0 217445 0.001262
217406 CX02 217193 0.976481
217406 CX02 217194 0.003360
217406 CX02 217195 0.003360
217406 CX02 217196 0.003360
217406 CX02 217189 0.003360
217406 CX02 217190 0.003360
217406 CX02 217191 0.003360
217406 CX02 217192 0.003360
217406 CX12 217194 0.977991
217406 CX12 217193 0.003144
217406 CX12 217196 0.003144
217406 CX12 217195 0.003144
217406 CX12 217189 0.003144
217406 CX12 217190 0.003144
217406 CX12 217191 0.003144
217406 CX12 217192 0.003144
217406 P2 217406 0.766000
217406 P2 216898 0.234000
217406 X0 217367 0.996214
217406 X0 217406 0.001262
217406 X0 217445 0.001262
217406 X0 217484 0.001262
217445 CX02 217196 0.976481
217445 CX02 217195 0.003360
217445 CX02 217194 0.003360
217445 CX02 217193 0.003360
217445 CX02 217192 0.003360
217445 CX02 217191 0.003360
217445 CX02 217190 0.003360
217445 CX02 217189 0.003360
217445 CX12 217195 0.977991
217445 CX12 217196 0.003144
217445 CX12 217193 0.003144
217445 CX12 217194 0.003144
217445 CX12 217192 0.003144
217445 CX12 217191 0.003144
217445 CX12 217190 0.003144
217445 CX12 217189 0.003144
217445 P2 217445 0.766000
217445 P2 216899 0.234000
217445 X0 217484 0.996214
217445 X0 217445 0.001262
217445 X0 217406 0.001262
217445 X0 217367 0.001262
217484 CX02 217191 0.976481
217484 CX02 217192 0.003360
217484 CX02 217189 0.003360
217484 CX02 217190 0.003360
217484 CX02 217195 0.003360
217484 CX02 217196 0.003360
217484 CX02 217193 0.003360
217484 CX02 217194 0.003360
217484 CX12 217191 0.977991
217484 CX12 217192 0.003144
217484 CX12 217189 0.003144
217484 CX12 217190 0.003144
217484 CX12 217196 0.003144
217484 CX12 217195 0.003144
217484 CX12 217194 0.003144
217484 CX12 217193 0.003144
217484 P2 217484 0.766000
217484 P2 216900 0.234000
217484 X0 217445 0.996214
217484 X0 217484 0.001262
217484 X0 217367 0.001262
217484 X0 217406 0.001262
ENDPOMDP
