BEGINPOMDP
INITIALSTATE: 2197658
STATES: 2197658,2197659,2197660,2197661,2197662,2197679,2197680,2197681,2197682,2197683,2197684,2197685,2197686,2197705,2197744,2197783,2197822,2197843,2197844,2197845,2197846,2198135,2198136,2198137,2198138,2198139,2198140,2198141,2198142,2198313,2198352,2198391,2198430
TARGETV: 2197659,2197661,2197705,2197783,2197843,2197846,2198313,2198430
GAMMA: 2197658:0,2197659:0,2197660:0,2197661:0,2197662:0,2197679:0,2197680:0,2197681:0,2197682:0,2197683:0,2197684:0,2197685:0,2197686:0,2197705:1,2197744:1,2197783:1,2197822:1,2197843:0,2197844:0,2197845:0,2197846:0,2198135:1,2198136:1,2198137:1,2198138:1,2198139:1,2198140:1,2198141:1,2198142:1,2198313:1,2198352:1,2198391:1,2198430:1
BEGINACTIONS
CX02
CX12
P2
X0
ENDACTIONS
2197658 INIT_ 2197659 0.250000
2197658 INIT_ 2197660 0.250000
2197658 INIT_ 2197661 0.250000
2197658 INIT_ 2197662 0.250000
2197659 CX02 2197679 0.983618
2197659 CX02 2197680 0.002340
2197659 CX02 2197681 0.002340
2197659 CX02 2197682 0.002340
2197659 CX02 2197683 0.002340
2197659 CX02 2197684 0.002340
2197659 CX02 2197685 0.002340
2197659 CX02 2197686 0.002340
2197659 CX12 2197679 0.984924
2197659 CX12 2197680 0.002154
2197659 CX12 2197681 0.002154
2197659 CX12 2197682 0.002154
2197659 CX12 2197684 0.002154
2197659 CX12 2197683 0.002154
2197659 CX12 2197686 0.002154
2197659 CX12 2197685 0.002154
2197659 P2 2197659 0.705000
2197659 P2 2197705 0.295000
2197659 X0 2197660 0.997254
2197659 X0 2197659 0.000915
2197659 X0 2197661 0.000915
2197659 X0 2197662 0.000915
2197660 CX02 2197684 0.983618
2197660 CX02 2197683 0.002340
2197660 CX02 2197686 0.002340
2197660 CX02 2197685 0.002340
2197660 CX02 2197680 0.002340
2197660 CX02 2197679 0.002340
2197660 CX02 2197682 0.002340
2197660 CX02 2197681 0.002340
2197660 CX12 2197683 0.984924
2197660 CX12 2197684 0.002154
2197660 CX12 2197685 0.002154
2197660 CX12 2197686 0.002154
2197660 CX12 2197680 0.002154
2197660 CX12 2197679 0.002154
2197660 CX12 2197682 0.002154
2197660 CX12 2197681 0.002154
2197660 P2 2197660 0.705000
2197660 P2 2197744 0.295000
2197660 X0 2197659 0.997254
2197660 X0 2197660 0.000915
2197660 X0 2197662 0.000915
2197660 X0 2197661 0.000915
2197661 CX02 2197682 0.983618
2197661 CX02 2197681 0.002340
2197661 CX02 2197680 0.002340
2197661 CX02 2197679 0.002340
2197661 CX02 2197686 0.002340
2197661 CX02 2197685 0.002340
2197661 CX02 2197684 0.002340
2197661 CX02 2197683 0.002340
2197661 CX12 2197682 0.984924
2197661 CX12 2197681 0.002154
2197661 CX12 2197680 0.002154
2197661 CX12 2197679 0.002154
2197661 CX12 2197685 0.002154
2197661 CX12 2197686 0.002154
2197661 CX12 2197683 0.002154
2197661 CX12 2197684 0.002154
2197661 P2 2197661 0.705000
2197661 P2 2197783 0.295000
2197661 X0 2197662 0.997254
2197661 X0 2197661 0.000915
2197661 X0 2197659 0.000915
2197661 X0 2197660 0.000915
2197662 CX02 2197685 0.983618
2197662 CX02 2197686 0.002340
2197662 CX02 2197683 0.002340
2197662 CX02 2197684 0.002340
2197662 CX02 2197681 0.002340
2197662 CX02 2197682 0.002340
2197662 CX02 2197679 0.002340
2197662 CX02 2197680 0.002340
2197662 CX12 2197686 0.984924
2197662 CX12 2197685 0.002154
2197662 CX12 2197684 0.002154
2197662 CX12 2197683 0.002154
2197662 CX12 2197681 0.002154
2197662 CX12 2197682 0.002154
2197662 CX12 2197679 0.002154
2197662 CX12 2197680 0.002154
2197662 P2 2197662 0.705000
2197662 P2 2197822 0.295000
2197662 X0 2197661 0.997254
2197662 X0 2197662 0.000915
2197662 X0 2197660 0.000915
2197662 X0 2197659 0.000915
2197679 CX02 2197659 0.983618
2197679 CX02 2197843 0.002340
2197679 CX02 2197660 0.002340
2197679 CX02 2197844 0.002340
2197679 CX02 2197662 0.002340
2197679 CX02 2197845 0.002340
2197679 CX02 2197661 0.002340
2197679 CX02 2197846 0.002340
2197679 CX12 2197659 0.984924
2197679 CX12 2197843 0.002154
2197679 CX12 2197660 0.002154
2197679 CX12 2197844 0.002154
2197679 CX12 2197662 0.002154
2197679 CX12 2197845 0.002154
2197679 CX12 2197661 0.002154
2197679 CX12 2197846 0.002154
2197679 X0 2197683 0.997254
2197679 X0 2197679 0.000915
2197679 X0 2197682 0.000915
2197679 X0 2197686 0.000915
2197680 CX02 2197843 0.983618
2197680 CX02 2197659 0.002340
2197680 CX02 2197844 0.002340
2197680 CX02 2197660 0.002340
2197680 CX02 2197845 0.002340
2197680 CX02 2197662 0.002340
2197680 CX02 2197846 0.002340
2197680 CX02 2197661 0.002340
2197680 CX12 2197843 0.984924
2197680 CX12 2197659 0.002154
2197680 CX12 2197844 0.002154
2197680 CX12 2197660 0.002154
2197680 CX12 2197845 0.002154
2197680 CX12 2197662 0.002154
2197680 CX12 2197846 0.002154
2197680 CX12 2197661 0.002154
2197680 X0 2197684 0.997254
2197680 X0 2197680 0.000915
2197680 X0 2197681 0.000915
2197680 X0 2197685 0.000915
2197681 CX02 2197846 0.983618
2197681 CX02 2197661 0.002340
2197681 CX02 2197845 0.002340
2197681 CX02 2197662 0.002340
2197681 CX02 2197844 0.002340
2197681 CX02 2197660 0.002340
2197681 CX02 2197843 0.002340
2197681 CX02 2197659 0.002340
2197681 CX12 2197846 0.984924
2197681 CX12 2197661 0.002154
2197681 CX12 2197845 0.002154
2197681 CX12 2197662 0.002154
2197681 CX12 2197844 0.002154
2197681 CX12 2197660 0.002154
2197681 CX12 2197843 0.002154
2197681 CX12 2197659 0.002154
2197681 X0 2197685 0.997254
2197681 X0 2197681 0.000915
2197681 X0 2197680 0.000915
2197681 X0 2197684 0.000915
2197682 CX02 2197661 0.983618
2197682 CX02 2197846 0.002340
2197682 CX02 2197662 0.002340
2197682 CX02 2197845 0.002340
2197682 CX02 2197660 0.002340
2197682 CX02 2197844 0.002340
2197682 CX02 2197659 0.002340
2197682 CX02 2197843 0.002340
2197682 CX12 2197661 0.984924
2197682 CX12 2197846 0.002154
2197682 CX12 2197662 0.002154
2197682 CX12 2197845 0.002154
2197682 CX12 2197660 0.002154
2197682 CX12 2197844 0.002154
2197682 CX12 2197659 0.002154
2197682 CX12 2197843 0.002154
2197682 X0 2197686 0.997254
2197682 X0 2197682 0.000915
2197682 X0 2197679 0.000915
2197682 X0 2197683 0.000915
2197683 CX02 2197844 0.983618
2197683 CX02 2197660 0.002340
2197683 CX02 2197843 0.002340
2197683 CX02 2197659 0.002340
2197683 CX02 2197846 0.002340
2197683 CX02 2197661 0.002340
2197683 CX02 2197845 0.002340
2197683 CX02 2197662 0.002340
2197683 CX12 2197660 0.984924
2197683 CX12 2197844 0.002154
2197683 CX12 2197659 0.002154
2197683 CX12 2197843 0.002154
2197683 CX12 2197661 0.002154
2197683 CX12 2197846 0.002154
2197683 CX12 2197662 0.002154
2197683 CX12 2197845 0.002154
2197683 X0 2197679 0.997254
2197683 X0 2197683 0.000915
2197683 X0 2197686 0.000915
2197683 X0 2197682 0.000915
2197684 CX02 2197660 0.983618
2197684 CX02 2197844 0.002340
2197684 CX02 2197659 0.002340
2197684 CX02 2197843 0.002340
2197684 CX02 2197661 0.002340
2197684 CX02 2197846 0.002340
2197684 CX02 2197662 0.002340
2197684 CX02 2197845 0.002340
2197684 CX12 2197844 0.984924
2197684 CX12 2197660 0.002154
2197684 CX12 2197843 0.002154
2197684 CX12 2197659 0.002154
2197684 CX12 2197846 0.002154
2197684 CX12 2197661 0.002154
2197684 CX12 2197845 0.002154
2197684 CX12 2197662 0.002154
2197684 X0 2197680 0.997254
2197684 X0 2197684 0.000915
2197684 X0 2197685 0.000915
2197684 X0 2197681 0.000915
2197685 CX02 2197662 0.983618
2197685 CX02 2197845 0.002340
2197685 CX02 2197661 0.002340
2197685 CX02 2197846 0.002340
2197685 CX02 2197659 0.002340
2197685 CX02 2197843 0.002340
2197685 CX02 2197660 0.002340
2197685 CX02 2197844 0.002340
2197685 CX12 2197845 0.984924
2197685 CX12 2197662 0.002154
2197685 CX12 2197846 0.002154
2197685 CX12 2197661 0.002154
2197685 CX12 2197843 0.002154
2197685 CX12 2197659 0.002154
2197685 CX12 2197844 0.002154
2197685 CX12 2197660 0.002154
2197685 X0 2197681 0.997254
2197685 X0 2197685 0.000915
2197685 X0 2197684 0.000915
2197685 X0 2197680 0.000915
2197686 CX02 2197845 0.983618
2197686 CX02 2197662 0.002340
2197686 CX02 2197846 0.002340
2197686 CX02 2197661 0.002340
2197686 CX02 2197843 0.002340
2197686 CX02 2197659 0.002340
2197686 CX02 2197844 0.002340
2197686 CX02 2197660 0.002340
2197686 CX12 2197662 0.984924
2197686 CX12 2197845 0.002154
2197686 CX12 2197661 0.002154
2197686 CX12 2197846 0.002154
2197686 CX12 2197659 0.002154
2197686 CX12 2197843 0.002154
2197686 CX12 2197660 0.002154
2197686 CX12 2197844 0.002154
2197686 X0 2197682 0.997254
2197686 X0 2197686 0.000915
2197686 X0 2197683 0.000915
2197686 X0 2197679 0.000915
2197705 CX02 2198135 0.983618
2197705 CX02 2198136 0.002340
2197705 CX02 2198137 0.002340
2197705 CX02 2198138 0.002340
2197705 CX02 2198139 0.002340
2197705 CX02 2198140 0.002340
2197705 CX02 2198141 0.002340
2197705 CX02 2198142 0.002340
2197705 CX12 2198135 0.984924
2197705 CX12 2198136 0.002154
2197705 CX12 2198137 0.002154
2197705 CX12 2198138 0.002154
2197705 CX12 2198140 0.002154
2197705 CX12 2198139 0.002154
2197705 CX12 2198142 0.002154
2197705 CX12 2198141 0.002154
2197705 P2 2197659 0.705000
2197705 P2 2197705 0.295000
2197705 X0 2197744 0.997254
2197705 X0 2197705 0.000915
2197705 X0 2197783 0.000915
2197705 X0 2197822 0.000915
2197744 CX02 2198140 0.983618
2197744 CX02 2198139 0.002340
2197744 CX02 2198142 0.002340
2197744 CX02 2198141 0.002340
2197744 CX02 2198136 0.002340
2197744 CX02 2198135 0.002340
2197744 CX02 2198138 0.002340
2197744 CX02 2198137 0.002340
2197744 CX12 2198139 0.984924
2197744 CX12 2198140 0.002154
2197744 CX12 2198141 0.002154
2197744 CX12 2198142 0.002154
2197744 CX12 2198136 0.002154
2197744 CX12 2198135 0.002154
2197744 CX12 2198138 0.002154
2197744 CX12 2198137 0.002154
2197744 P2 2197660 0.705000
2197744 P2 2197744 0.295000
2197744 X0 2197705 0.997254
2197744 X0 2197744 0.000915
2197744 X0 2197822 0.000915
2197744 X0 2197783 0.000915
2197783 CX02 2198138 0.983618
2197783 CX02 2198137 0.002340
2197783 CX02 2198136 0.002340
2197783 CX02 2198135 0.002340
2197783 CX02 2198142 0.002340
2197783 CX02 2198141 0.002340
2197783 CX02 2198140 0.002340
2197783 CX02 2198139 0.002340
2197783 CX12 2198138 0.984924
2197783 CX12 2198137 0.002154
2197783 CX12 2198136 0.002154
2197783 CX12 2198135 0.002154
2197783 CX12 2198141 0.002154
2197783 CX12 2198142 0.002154
2197783 CX12 2198139 0.002154
2197783 CX12 2198140 0.002154
2197783 P2 2197661 0.705000
2197783 P2 2197783 0.295000
2197783 X0 2197822 0.997254
2197783 X0 2197783 0.000915
2197783 X0 2197705 0.000915
2197783 X0 2197744 0.000915
2197822 CX02 2198141 0.983618
2197822 CX02 2198142 0.002340
2197822 CX02 2198139 0.002340
2197822 CX02 2198140 0.002340
2197822 CX02 2198137 0.002340
2197822 CX02 2198138 0.002340
2197822 CX02 2198135 0.002340
2197822 CX02 2198136 0.002340
2197822 CX12 2198142 0.984924
2197822 CX12 2198141 0.002154
2197822 CX12 2198140 0.002154
2197822 CX12 2198139 0.002154
2197822 CX12 2198137 0.002154
2197822 CX12 2198138 0.002154
2197822 CX12 2198135 0.002154
2197822 CX12 2198136 0.002154
2197822 P2 2197662 0.705000
2197822 P2 2197822 0.295000
2197822 X0 2197783 0.997254
2197822 X0 2197822 0.000915
2197822 X0 2197744 0.000915
2197822 X0 2197705 0.000915
2197843 CX02 2197680 0.983618
2197843 CX02 2197679 0.002340
2197843 CX02 2197682 0.002340
2197843 CX02 2197681 0.002340
2197843 CX02 2197684 0.002340
2197843 CX02 2197683 0.002340
2197843 CX02 2197686 0.002340
2197843 CX02 2197685 0.002340
2197843 CX12 2197680 0.984924
2197843 CX12 2197679 0.002154
2197843 CX12 2197682 0.002154
2197843 CX12 2197681 0.002154
2197843 CX12 2197683 0.002154
2197843 CX12 2197684 0.002154
2197843 CX12 2197685 0.002154
2197843 CX12 2197686 0.002154
2197843 P2 2198313 0.872800
2197843 P2 2197843 0.127200
2197843 X0 2197844 0.997254
2197843 X0 2197843 0.000915
2197843 X0 2197846 0.000915
2197843 X0 2197845 0.000915
2197844 CX02 2197683 0.983618
2197844 CX02 2197684 0.002340
2197844 CX02 2197685 0.002340
2197844 CX02 2197686 0.002340
2197844 CX02 2197679 0.002340
2197844 CX02 2197680 0.002340
2197844 CX02 2197681 0.002340
2197844 CX02 2197682 0.002340
2197844 CX12 2197684 0.984924
2197844 CX12 2197683 0.002154
2197844 CX12 2197686 0.002154
2197844 CX12 2197685 0.002154
2197844 CX12 2197679 0.002154
2197844 CX12 2197680 0.002154
2197844 CX12 2197681 0.002154
2197844 CX12 2197682 0.002154
2197844 P2 2198352 0.872800
2197844 P2 2197844 0.127200
2197844 X0 2197843 0.997254
2197844 X0 2197844 0.000915
2197844 X0 2197845 0.000915
2197844 X0 2197846 0.000915
2197845 CX02 2197686 0.983618
2197845 CX02 2197685 0.002340
2197845 CX02 2197684 0.002340
2197845 CX02 2197683 0.002340
2197845 CX02 2197682 0.002340
2197845 CX02 2197681 0.002340
2197845 CX02 2197680 0.002340
2197845 CX02 2197679 0.002340
2197845 CX12 2197685 0.984924
2197845 CX12 2197686 0.002154
2197845 CX12 2197683 0.002154
2197845 CX12 2197684 0.002154
2197845 CX12 2197682 0.002154
2197845 CX12 2197681 0.002154
2197845 CX12 2197680 0.002154
2197845 CX12 2197679 0.002154
2197845 P2 2198391 0.872800
2197845 P2 2197845 0.127200
2197845 X0 2197846 0.997254
2197845 X0 2197845 0.000915
2197845 X0 2197844 0.000915
2197845 X0 2197843 0.000915
2197846 CX02 2197681 0.983618
2197846 CX02 2197682 0.002340
2197846 CX02 2197679 0.002340
2197846 CX02 2197680 0.002340
2197846 CX02 2197685 0.002340
2197846 CX02 2197686 0.002340
2197846 CX02 2197683 0.002340
2197846 CX02 2197684 0.002340
2197846 CX12 2197681 0.984924
2197846 CX12 2197682 0.002154
2197846 CX12 2197679 0.002154
2197846 CX12 2197680 0.002154
2197846 CX12 2197686 0.002154
2197846 CX12 2197685 0.002154
2197846 CX12 2197684 0.002154
2197846 CX12 2197683 0.002154
2197846 P2 2198430 0.872800
2197846 P2 2197846 0.127200
2197846 X0 2197845 0.997254
2197846 X0 2197846 0.000915
2197846 X0 2197843 0.000915
2197846 X0 2197844 0.000915
2198135 CX02 2197705 0.983618
2198135 CX02 2198313 0.002340
2198135 CX02 2197744 0.002340
2198135 CX02 2198352 0.002340
2198135 CX02 2197822 0.002340
2198135 CX02 2198391 0.002340
2198135 CX02 2197783 0.002340
2198135 CX02 2198430 0.002340
2198135 CX12 2197705 0.984924
2198135 CX12 2198313 0.002154
2198135 CX12 2197744 0.002154
2198135 CX12 2198352 0.002154
2198135 CX12 2197822 0.002154
2198135 CX12 2198391 0.002154
2198135 CX12 2197783 0.002154
2198135 CX12 2198430 0.002154
2198135 X0 2198139 0.997254
2198135 X0 2198135 0.000915
2198135 X0 2198138 0.000915
2198135 X0 2198142 0.000915
2198136 CX02 2198313 0.983618
2198136 CX02 2197705 0.002340
2198136 CX02 2198352 0.002340
2198136 CX02 2197744 0.002340
2198136 CX02 2198391 0.002340
2198136 CX02 2197822 0.002340
2198136 CX02 2198430 0.002340
2198136 CX02 2197783 0.002340
2198136 CX12 2198313 0.984924
2198136 CX12 2197705 0.002154
2198136 CX12 2198352 0.002154
2198136 CX12 2197744 0.002154
2198136 CX12 2198391 0.002154
2198136 CX12 2197822 0.002154
2198136 CX12 2198430 0.002154
2198136 CX12 2197783 0.002154
2198136 X0 2198140 0.997254
2198136 X0 2198136 0.000915
2198136 X0 2198137 0.000915
2198136 X0 2198141 0.000915
2198137 CX02 2198430 0.983618
2198137 CX02 2197783 0.002340
2198137 CX02 2198391 0.002340
2198137 CX02 2197822 0.002340
2198137 CX02 2198352 0.002340
2198137 CX02 2197744 0.002340
2198137 CX02 2198313 0.002340
2198137 CX02 2197705 0.002340
2198137 CX12 2198430 0.984924
2198137 CX12 2197783 0.002154
2198137 CX12 2198391 0.002154
2198137 CX12 2197822 0.002154
2198137 CX12 2198352 0.002154
2198137 CX12 2197744 0.002154
2198137 CX12 2198313 0.002154
2198137 CX12 2197705 0.002154
2198137 X0 2198141 0.997254
2198137 X0 2198137 0.000915
2198137 X0 2198136 0.000915
2198137 X0 2198140 0.000915
2198138 CX02 2197783 0.983618
2198138 CX02 2198430 0.002340
2198138 CX02 2197822 0.002340
2198138 CX02 2198391 0.002340
2198138 CX02 2197744 0.002340
2198138 CX02 2198352 0.002340
2198138 CX02 2197705 0.002340
2198138 CX02 2198313 0.002340
2198138 CX12 2197783 0.984924
2198138 CX12 2198430 0.002154
2198138 CX12 2197822 0.002154
2198138 CX12 2198391 0.002154
2198138 CX12 2197744 0.002154
2198138 CX12 2198352 0.002154
2198138 CX12 2197705 0.002154
2198138 CX12 2198313 0.002154
2198138 X0 2198142 0.997254
2198138 X0 2198138 0.000915
2198138 X0 2198135 0.000915
2198138 X0 2198139 0.000915
2198139 CX02 2198352 0.983618
2198139 CX02 2197744 0.002340
2198139 CX02 2198313 0.002340
2198139 CX02 2197705 0.002340
2198139 CX02 2198430 0.002340
2198139 CX02 2197783 0.002340
2198139 CX02 2198391 0.002340
2198139 CX02 2197822 0.002340
2198139 CX12 2197744 0.984924
2198139 CX12 2198352 0.002154
2198139 CX12 2197705 0.002154
2198139 CX12 2198313 0.002154
2198139 CX12 2197783 0.002154
2198139 CX12 2198430 0.002154
2198139 CX12 2197822 0.002154
2198139 CX12 2198391 0.002154
2198139 X0 2198135 0.997254
2198139 X0 2198139 0.000915
2198139 X0 2198142 0.000915
2198139 X0 2198138 0.000915
2198140 CX02 2197744 0.983618
2198140 CX02 2198352 0.002340
2198140 CX02 2197705 0.002340
2198140 CX02 2198313 0.002340
2198140 CX02 2197783 0.002340
2198140 CX02 2198430 0.002340
2198140 CX02 2197822 0.002340
2198140 CX02 2198391 0.002340
2198140 CX12 2198352 0.984924
2198140 CX12 2197744 0.002154
2198140 CX12 2198313 0.002154
2198140 CX12 2197705 0.002154
2198140 CX12 2198430 0.002154
2198140 CX12 2197783 0.002154
2198140 CX12 2198391 0.002154
2198140 CX12 2197822 0.002154
2198140 X0 2198136 0.997254
2198140 X0 2198140 0.000915
2198140 X0 2198141 0.000915
2198140 X0 2198137 0.000915
2198141 CX02 2197822 0.983618
2198141 CX02 2198391 0.002340
2198141 CX02 2197783 0.002340
2198141 CX02 2198430 0.002340
2198141 CX02 2197705 0.002340
2198141 CX02 2198313 0.002340
2198141 CX02 2197744 0.002340
2198141 CX02 2198352 0.002340
2198141 CX12 2198391 0.984924
2198141 CX12 2197822 0.002154
2198141 CX12 2198430 0.002154
2198141 CX12 2197783 0.002154
2198141 CX12 2198313 0.002154
2198141 CX12 2197705 0.002154
2198141 CX12 2198352 0.002154
2198141 CX12 2197744 0.002154
2198141 X0 2198137 0.997254
2198141 X0 2198141 0.000915
2198141 X0 2198140 0.000915
2198141 X0 2198136 0.000915
2198142 CX02 2198391 0.983618
2198142 CX02 2197822 0.002340
2198142 CX02 2198430 0.002340
2198142 CX02 2197783 0.002340
2198142 CX02 2198313 0.002340
2198142 CX02 2197705 0.002340
2198142 CX02 2198352 0.002340
2198142 CX02 2197744 0.002340
2198142 CX12 2197822 0.984924
2198142 CX12 2198391 0.002154
2198142 CX12 2197783 0.002154
2198142 CX12 2198430 0.002154
2198142 CX12 2197705 0.002154
2198142 CX12 2198313 0.002154
2198142 CX12 2197744 0.002154
2198142 CX12 2198352 0.002154
2198142 X0 2198138 0.997254
2198142 X0 2198142 0.000915
2198142 X0 2198139 0.000915
2198142 X0 2198135 0.000915
2198313 CX02 2198136 0.983618
2198313 CX02 2198135 0.002340
2198313 CX02 2198138 0.002340
2198313 CX02 2198137 0.002340
2198313 CX02 2198140 0.002340
2198313 CX02 2198139 0.002340
2198313 CX02 2198142 0.002340
2198313 CX02 2198141 0.002340
2198313 CX12 2198136 0.984924
2198313 CX12 2198135 0.002154
2198313 CX12 2198138 0.002154
2198313 CX12 2198137 0.002154
2198313 CX12 2198139 0.002154
2198313 CX12 2198140 0.002154
2198313 CX12 2198141 0.002154
2198313 CX12 2198142 0.002154
2198313 P2 2198313 0.872800
2198313 P2 2197843 0.127200
2198313 X0 2198352 0.997254
2198313 X0 2198313 0.000915
2198313 X0 2198430 0.000915
2198313 X0 2198391 0.000915
2198352 CX02 2198139 0.983618
2198352 CX02 2198140 0.002340
2198352 CX02 2198141 0.002340
2198352 CX02 2198142 0.002340
2198352 CX02 2198135 0.002340
2198352 CX02 2198136 0.002340
2198352 CX02 2198137 0.002340
2198352 CX02 2198138 0.002340
2198352 CX12 2198140 0.984924
2198352 CX12 2198139 0.002154
2198352 CX12 2198142 0.002154
2198352 CX12 2198141 0.002154
2198352 CX12 2198135 0.002154
2198352 CX12 2198136 0.002154
2198352 CX12 2198137 0.002154
2198352 CX12 2198138 0.002154
2198352 P2 2198352 0.872800
2198352 P2 2197844 0.127200
2198352 X0 2198313 0.997254
2198352 X0 2198352 0.000915
2198352 X0 2198391 0.000915
2198352 X0 2198430 0.000915
2198391 CX02 2198142 0.983618
2198391 CX02 2198141 0.002340
2198391 CX02 2198140 0.002340
2198391 CX02 2198139 0.002340
2198391 CX02 2198138 0.002340
2198391 CX02 2198137 0.002340
2198391 CX02 2198136 0.002340
2198391 CX02 2198135 0.002340
2198391 CX12 2198141 0.984924
2198391 CX12 2198142 0.002154
2198391 CX12 2198139 0.002154
2198391 CX12 2198140 0.002154
2198391 CX12 2198138 0.002154
2198391 CX12 2198137 0.002154
2198391 CX12 2198136 0.002154
2198391 CX12 2198135 0.002154
2198391 P2 2198391 0.872800
2198391 P2 2197845 0.127200
2198391 X0 2198430 0.997254
2198391 X0 2198391 0.000915
2198391 X0 2198352 0.000915
2198391 X0 2198313 0.000915
2198430 CX02 2198137 0.983618
2198430 CX02 2198138 0.002340
2198430 CX02 2198135 0.002340
2198430 CX02 2198136 0.002340
2198430 CX02 2198141 0.002340
2198430 CX02 2198142 0.002340
2198430 CX02 2198139 0.002340
2198430 CX02 2198140 0.002340
2198430 CX12 2198137 0.984924
2198430 CX12 2198138 0.002154
2198430 CX12 2198135 0.002154
2198430 CX12 2198136 0.002154
2198430 CX12 2198142 0.002154
2198430 CX12 2198141 0.002154
2198430 CX12 2198140 0.002154
2198430 CX12 2198139 0.002154
2198430 P2 2198430 0.872800
2198430 P2 2197846 0.127200
2198430 X0 2198391 0.997254
2198430 X0 2198430 0.000915
2198430 X0 2198313 0.000915
2198430 X0 2198352 0.000915
ENDPOMDP
