BEGINPOMDP
INITIALSTATE: 185070
STATES: 185070,185071,185072,185073,185074,185091,185092,185093,185094,185095,185096,185097,185098,185117,185156,185195,185234,185255,185256,185257,185258,185547,185548,185549,185550,185551,185552,185553,185554,185725,185764,185803,185842
TARGETV: 185071,185073,185117,185195,185255,185258,185725,185842
GAMMA: 185070:0,185071:0,185072:0,185073:0,185074:0,185091:0,185092:0,185093:0,185094:0,185095:0,185096:0,185097:0,185098:0,185117:1,185156:1,185195:1,185234:1,185255:0,185256:0,185257:0,185258:0,185547:1,185548:1,185549:1,185550:1,185551:1,185552:1,185553:1,185554:1,185725:1,185764:1,185803:1,185842:1
BEGINACTIONS
CX02
CX12
P2
X0
ENDACTIONS
185070 INIT_ 185071 0.250000
185070 INIT_ 185072 0.250000
185070 INIT_ 185073 0.250000
185070 INIT_ 185074 0.250000
185071 CX02 185091 0.990925
185071 CX02 185092 0.001296
185071 CX02 185093 0.001296
185071 CX02 185094 0.001296
185071 CX02 185095 0.001296
185071 CX02 185096 0.001296
185071 CX02 185097 0.001296
185071 CX02 185098 0.001296
185071 CX12 185091 0.991374
185071 CX12 185092 0.001232
185071 CX12 185093 0.001232
185071 CX12 185094 0.001232
185071 CX12 185096 0.001232
185071 CX12 185095 0.001232
185071 CX12 185098 0.001232
185071 CX12 185097 0.001232
185071 P2 185071 0.864500
185071 P2 185117 0.135500
185071 X0 185072 0.999769
185071 X0 185071 0.000077
185071 X0 185073 0.000077
185071 X0 185074 0.000077
185072 CX02 185096 0.990925
185072 CX02 185095 0.001296
185072 CX02 185098 0.001296
185072 CX02 185097 0.001296
185072 CX02 185092 0.001296
185072 CX02 185091 0.001296
185072 CX02 185094 0.001296
185072 CX02 185093 0.001296
185072 CX12 185095 0.991374
185072 CX12 185096 0.001232
185072 CX12 185097 0.001232
185072 CX12 185098 0.001232
185072 CX12 185092 0.001232
185072 CX12 185091 0.001232
185072 CX12 185094 0.001232
185072 CX12 185093 0.001232
185072 P2 185072 0.864500
185072 P2 185156 0.135500
185072 X0 185071 0.999769
185072 X0 185072 0.000077
185072 X0 185074 0.000077
185072 X0 185073 0.000077
185073 CX02 185094 0.990925
185073 CX02 185093 0.001296
185073 CX02 185092 0.001296
185073 CX02 185091 0.001296
185073 CX02 185098 0.001296
185073 CX02 185097 0.001296
185073 CX02 185096 0.001296
185073 CX02 185095 0.001296
185073 CX12 185094 0.991374
185073 CX12 185093 0.001232
185073 CX12 185092 0.001232
185073 CX12 185091 0.001232
185073 CX12 185097 0.001232
185073 CX12 185098 0.001232
185073 CX12 185095 0.001232
185073 CX12 185096 0.001232
185073 P2 185073 0.864500
185073 P2 185195 0.135500
185073 X0 185074 0.999769
185073 X0 185073 0.000077
185073 X0 185071 0.000077
185073 X0 185072 0.000077
185074 CX02 185097 0.990925
185074 CX02 185098 0.001296
185074 CX02 185095 0.001296
185074 CX02 185096 0.001296
185074 CX02 185093 0.001296
185074 CX02 185094 0.001296
185074 CX02 185091 0.001296
185074 CX02 185092 0.001296
185074 CX12 185098 0.991374
185074 CX12 185097 0.001232
185074 CX12 185096 0.001232
185074 CX12 185095 0.001232
185074 CX12 185093 0.001232
185074 CX12 185094 0.001232
185074 CX12 185091 0.001232
185074 CX12 185092 0.001232
185074 P2 185074 0.864500
185074 P2 185234 0.135500
185074 X0 185073 0.999769
185074 X0 185074 0.000077
185074 X0 185072 0.000077
185074 X0 185071 0.000077
185091 CX02 185071 0.990925
185091 CX02 185255 0.001296
185091 CX02 185072 0.001296
185091 CX02 185256 0.001296
185091 CX02 185074 0.001296
185091 CX02 185257 0.001296
185091 CX02 185073 0.001296
185091 CX02 185258 0.001296
185091 CX12 185071 0.991374
185091 CX12 185255 0.001232
185091 CX12 185072 0.001232
185091 CX12 185256 0.001232
185091 CX12 185074 0.001232
185091 CX12 185257 0.001232
185091 CX12 185073 0.001232
185091 CX12 185258 0.001232
185091 X0 185095 0.999769
185091 X0 185091 0.000077
185091 X0 185094 0.000077
185091 X0 185098 0.000077
185092 CX02 185255 0.990925
185092 CX02 185071 0.001296
185092 CX02 185256 0.001296
185092 CX02 185072 0.001296
185092 CX02 185257 0.001296
185092 CX02 185074 0.001296
185092 CX02 185258 0.001296
185092 CX02 185073 0.001296
185092 CX12 185255 0.991374
185092 CX12 185071 0.001232
185092 CX12 185256 0.001232
185092 CX12 185072 0.001232
185092 CX12 185257 0.001232
185092 CX12 185074 0.001232
185092 CX12 185258 0.001232
185092 CX12 185073 0.001232
185092 X0 185096 0.999769
185092 X0 185092 0.000077
185092 X0 185093 0.000077
185092 X0 185097 0.000077
185093 CX02 185258 0.990925
185093 CX02 185073 0.001296
185093 CX02 185257 0.001296
185093 CX02 185074 0.001296
185093 CX02 185256 0.001296
185093 CX02 185072 0.001296
185093 CX02 185255 0.001296
185093 CX02 185071 0.001296
185093 CX12 185258 0.991374
185093 CX12 185073 0.001232
185093 CX12 185257 0.001232
185093 CX12 185074 0.001232
185093 CX12 185256 0.001232
185093 CX12 185072 0.001232
185093 CX12 185255 0.001232
185093 CX12 185071 0.001232
185093 X0 185097 0.999769
185093 X0 185093 0.000077
185093 X0 185092 0.000077
185093 X0 185096 0.000077
185094 CX02 185073 0.990925
185094 CX02 185258 0.001296
185094 CX02 185074 0.001296
185094 CX02 185257 0.001296
185094 CX02 185072 0.001296
185094 CX02 185256 0.001296
185094 CX02 185071 0.001296
185094 CX02 185255 0.001296
185094 CX12 185073 0.991374
185094 CX12 185258 0.001232
185094 CX12 185074 0.001232
185094 CX12 185257 0.001232
185094 CX12 185072 0.001232
185094 CX12 185256 0.001232
185094 CX12 185071 0.001232
185094 CX12 185255 0.001232
185094 X0 185098 0.999769
185094 X0 185094 0.000077
185094 X0 185091 0.000077
185094 X0 185095 0.000077
185095 CX02 185256 0.990925
185095 CX02 185072 0.001296
185095 CX02 185255 0.001296
185095 CX02 185071 0.001296
185095 CX02 185258 0.001296
185095 CX02 185073 0.001296
185095 CX02 185257 0.001296
185095 CX02 185074 0.001296
185095 CX12 185072 0.991374
185095 CX12 185256 0.001232
185095 CX12 185071 0.001232
185095 CX12 185255 0.001232
185095 CX12 185073 0.001232
185095 CX12 185258 0.001232
185095 CX12 185074 0.001232
185095 CX12 185257 0.001232
185095 X0 185091 0.999769
185095 X0 185095 0.000077
185095 X0 185098 0.000077
185095 X0 185094 0.000077
185096 CX02 185072 0.990925
185096 CX02 185256 0.001296
185096 CX02 185071 0.001296
185096 CX02 185255 0.001296
185096 CX02 185073 0.001296
185096 CX02 185258 0.001296
185096 CX02 185074 0.001296
185096 CX02 185257 0.001296
185096 CX12 185256 0.991374
185096 CX12 185072 0.001232
185096 CX12 185255 0.001232
185096 CX12 185071 0.001232
185096 CX12 185258 0.001232
185096 CX12 185073 0.001232
185096 CX12 185257 0.001232
185096 CX12 185074 0.001232
185096 X0 185092 0.999769
185096 X0 185096 0.000077
185096 X0 185097 0.000077
185096 X0 185093 0.000077
185097 CX02 185074 0.990925
185097 CX02 185257 0.001296
185097 CX02 185073 0.001296
185097 CX02 185258 0.001296
185097 CX02 185071 0.001296
185097 CX02 185255 0.001296
185097 CX02 185072 0.001296
185097 CX02 185256 0.001296
185097 CX12 185257 0.991374
185097 CX12 185074 0.001232
185097 CX12 185258 0.001232
185097 CX12 185073 0.001232
185097 CX12 185255 0.001232
185097 CX12 185071 0.001232
185097 CX12 185256 0.001232
185097 CX12 185072 0.001232
185097 X0 185093 0.999769
185097 X0 185097 0.000077
185097 X0 185096 0.000077
185097 X0 185092 0.000077
185098 CX02 185257 0.990925
185098 CX02 185074 0.001296
185098 CX02 185258 0.001296
185098 CX02 185073 0.001296
185098 CX02 185255 0.001296
185098 CX02 185071 0.001296
185098 CX02 185256 0.001296
185098 CX02 185072 0.001296
185098 CX12 185074 0.991374
185098 CX12 185257 0.001232
185098 CX12 185073 0.001232
185098 CX12 185258 0.001232
185098 CX12 185071 0.001232
185098 CX12 185255 0.001232
185098 CX12 185072 0.001232
185098 CX12 185256 0.001232
185098 X0 185094 0.999769
185098 X0 185098 0.000077
185098 X0 185095 0.000077
185098 X0 185091 0.000077
185117 CX02 185547 0.990925
185117 CX02 185548 0.001296
185117 CX02 185549 0.001296
185117 CX02 185550 0.001296
185117 CX02 185551 0.001296
185117 CX02 185552 0.001296
185117 CX02 185553 0.001296
185117 CX02 185554 0.001296
185117 CX12 185547 0.991374
185117 CX12 185548 0.001232
185117 CX12 185549 0.001232
185117 CX12 185550 0.001232
185117 CX12 185552 0.001232
185117 CX12 185551 0.001232
185117 CX12 185554 0.001232
185117 CX12 185553 0.001232
185117 P2 185071 0.864500
185117 P2 185117 0.135500
185117 X0 185156 0.999769
185117 X0 185117 0.000077
185117 X0 185195 0.000077
185117 X0 185234 0.000077
185156 CX02 185552 0.990925
185156 CX02 185551 0.001296
185156 CX02 185554 0.001296
185156 CX02 185553 0.001296
185156 CX02 185548 0.001296
185156 CX02 185547 0.001296
185156 CX02 185550 0.001296
185156 CX02 185549 0.001296
185156 CX12 185551 0.991374
185156 CX12 185552 0.001232
185156 CX12 185553 0.001232
185156 CX12 185554 0.001232
185156 CX12 185548 0.001232
185156 CX12 185547 0.001232
185156 CX12 185550 0.001232
185156 CX12 185549 0.001232
185156 P2 185072 0.864500
185156 P2 185156 0.135500
185156 X0 185117 0.999769
185156 X0 185156 0.000077
185156 X0 185234 0.000077
185156 X0 185195 0.000077
185195 CX02 185550 0.990925
185195 CX02 185549 0.001296
185195 CX02 185548 0.001296
185195 CX02 185547 0.001296
185195 CX02 185554 0.001296
185195 CX02 185553 0.001296
185195 CX02 185552 0.001296
185195 CX02 185551 0.001296
185195 CX12 185550 0.991374
185195 CX12 185549 0.001232
185195 CX12 185548 0.001232
185195 CX12 185547 0.001232
185195 CX12 185553 0.001232
185195 CX12 185554 0.001232
185195 CX12 185551 0.001232
185195 CX12 185552 0.001232
185195 P2 185073 0.864500
185195 P2 185195 0.135500
185195 X0 185234 0.999769
185195 X0 185195 0.000077
185195 X0 185117 0.000077
185195 X0 185156 0.000077
185234 CX02 185553 0.990925
185234 CX02 185554 0.001296
185234 CX02 185551 0.001296
185234 CX02 185552 0.001296
185234 CX02 185549 0.001296
185234 CX02 185550 0.001296
185234 CX02 185547 0.001296
185234 CX02 185548 0.001296
185234 CX12 185554 0.991374
185234 CX12 185553 0.001232
185234 CX12 185552 0.001232
185234 CX12 185551 0.001232
185234 CX12 185549 0.001232
185234 CX12 185550 0.001232
185234 CX12 185547 0.001232
185234 CX12 185548 0.001232
185234 P2 185074 0.864500
185234 P2 185234 0.135500
185234 X0 185195 0.999769
185234 X0 185234 0.000077
185234 X0 185156 0.000077
185234 X0 185117 0.000077
185255 CX02 185092 0.990925
185255 CX02 185091 0.001296
185255 CX02 185094 0.001296
185255 CX02 185093 0.001296
185255 CX02 185096 0.001296
185255 CX02 185095 0.001296
185255 CX02 185098 0.001296
185255 CX02 185097 0.001296
185255 CX12 185092 0.991374
185255 CX12 185091 0.001232
185255 CX12 185094 0.001232
185255 CX12 185093 0.001232
185255 CX12 185095 0.001232
185255 CX12 185096 0.001232
185255 CX12 185097 0.001232
185255 CX12 185098 0.001232
185255 P2 185725 0.864500
185255 P2 185255 0.135500
185255 X0 185256 0.999769
185255 X0 185255 0.000077
185255 X0 185258 0.000077
185255 X0 185257 0.000077
185256 CX02 185095 0.990925
185256 CX02 185096 0.001296
185256 CX02 185097 0.001296
185256 CX02 185098 0.001296
185256 CX02 185091 0.001296
185256 CX02 185092 0.001296
185256 CX02 185093 0.001296
185256 CX02 185094 0.001296
185256 CX12 185096 0.991374
185256 CX12 185095 0.001232
185256 CX12 185098 0.001232
185256 CX12 185097 0.001232
185256 CX12 185091 0.001232
185256 CX12 185092 0.001232
185256 CX12 185093 0.001232
185256 CX12 185094 0.001232
185256 P2 185764 0.864500
185256 P2 185256 0.135500
185256 X0 185255 0.999769
185256 X0 185256 0.000077
185256 X0 185257 0.000077
185256 X0 185258 0.000077
185257 CX02 185098 0.990925
185257 CX02 185097 0.001296
185257 CX02 185096 0.001296
185257 CX02 185095 0.001296
185257 CX02 185094 0.001296
185257 CX02 185093 0.001296
185257 CX02 185092 0.001296
185257 CX02 185091 0.001296
185257 CX12 185097 0.991374
185257 CX12 185098 0.001232
185257 CX12 185095 0.001232
185257 CX12 185096 0.001232
185257 CX12 185094 0.001232
185257 CX12 185093 0.001232
185257 CX12 185092 0.001232
185257 CX12 185091 0.001232
185257 P2 185803 0.864500
185257 P2 185257 0.135500
185257 X0 185258 0.999769
185257 X0 185257 0.000077
185257 X0 185256 0.000077
185257 X0 185255 0.000077
185258 CX02 185093 0.990925
185258 CX02 185094 0.001296
185258 CX02 185091 0.001296
185258 CX02 185092 0.001296
185258 CX02 185097 0.001296
185258 CX02 185098 0.001296
185258 CX02 185095 0.001296
185258 CX02 185096 0.001296
185258 CX12 185093 0.991374
185258 CX12 185094 0.001232
185258 CX12 185091 0.001232
185258 CX12 185092 0.001232
185258 CX12 185098 0.001232
185258 CX12 185097 0.001232
185258 CX12 185096 0.001232
185258 CX12 185095 0.001232
185258 P2 185842 0.864500
185258 P2 185258 0.135500
185258 X0 185257 0.999769
185258 X0 185258 0.000077
185258 X0 185255 0.000077
185258 X0 185256 0.000077
185547 CX02 185117 0.990925
185547 CX02 185725 0.001296
185547 CX02 185156 0.001296
185547 CX02 185764 0.001296
185547 CX02 185234 0.001296
185547 CX02 185803 0.001296
185547 CX02 185195 0.001296
185547 CX02 185842 0.001296
185547 CX12 185117 0.991374
185547 CX12 185725 0.001232
185547 CX12 185156 0.001232
185547 CX12 185764 0.001232
185547 CX12 185234 0.001232
185547 CX12 185803 0.001232
185547 CX12 185195 0.001232
185547 CX12 185842 0.001232
185547 X0 185551 0.999769
185547 X0 185547 0.000077
185547 X0 185550 0.000077
185547 X0 185554 0.000077
185548 CX02 185725 0.990925
185548 CX02 185117 0.001296
185548 CX02 185764 0.001296
185548 CX02 185156 0.001296
185548 CX02 185803 0.001296
185548 CX02 185234 0.001296
185548 CX02 185842 0.001296
185548 CX02 185195 0.001296
185548 CX12 185725 0.991374
185548 CX12 185117 0.001232
185548 CX12 185764 0.001232
185548 CX12 185156 0.001232
185548 CX12 185803 0.001232
185548 CX12 185234 0.001232
185548 CX12 185842 0.001232
185548 CX12 185195 0.001232
185548 X0 185552 0.999769
185548 X0 185548 0.000077
185548 X0 185549 0.000077
185548 X0 185553 0.000077
185549 CX02 185842 0.990925
185549 CX02 185195 0.001296
185549 CX02 185803 0.001296
185549 CX02 185234 0.001296
185549 CX02 185764 0.001296
185549 CX02 185156 0.001296
185549 CX02 185725 0.001296
185549 CX02 185117 0.001296
185549 CX12 185842 0.991374
185549 CX12 185195 0.001232
185549 CX12 185803 0.001232
185549 CX12 185234 0.001232
185549 CX12 185764 0.001232
185549 CX12 185156 0.001232
185549 CX12 185725 0.001232
185549 CX12 185117 0.001232
185549 X0 185553 0.999769
185549 X0 185549 0.000077
185549 X0 185548 0.000077
185549 X0 185552 0.000077
185550 CX02 185195 0.990925
185550 CX02 185842 0.001296
185550 CX02 185234 0.001296
185550 CX02 185803 0.001296
185550 CX02 185156 0.001296
185550 CX02 185764 0.001296
185550 CX02 185117 0.001296
185550 CX02 185725 0.001296
185550 CX12 185195 0.991374
185550 CX12 185842 0.001232
185550 CX12 185234 0.001232
185550 CX12 185803 0.001232
185550 CX12 185156 0.001232
185550 CX12 185764 0.001232
185550 CX12 185117 0.001232
185550 CX12 185725 0.001232
185550 X0 185554 0.999769
185550 X0 185550 0.000077
185550 X0 185547 0.000077
185550 X0 185551 0.000077
185551 CX02 185764 0.990925
185551 CX02 185156 0.001296
185551 CX02 185725 0.001296
185551 CX02 185117 0.001296
185551 CX02 185842 0.001296
185551 CX02 185195 0.001296
185551 CX02 185803 0.001296
185551 CX02 185234 0.001296
185551 CX12 185156 0.991374
185551 CX12 185764 0.001232
185551 CX12 185117 0.001232
185551 CX12 185725 0.001232
185551 CX12 185195 0.001232
185551 CX12 185842 0.001232
185551 CX12 185234 0.001232
185551 CX12 185803 0.001232
185551 X0 185547 0.999769
185551 X0 185551 0.000077
185551 X0 185554 0.000077
185551 X0 185550 0.000077
185552 CX02 185156 0.990925
185552 CX02 185764 0.001296
185552 CX02 185117 0.001296
185552 CX02 185725 0.001296
185552 CX02 185195 0.001296
185552 CX02 185842 0.001296
185552 CX02 185234 0.001296
185552 CX02 185803 0.001296
185552 CX12 185764 0.991374
185552 CX12 185156 0.001232
185552 CX12 185725 0.001232
185552 CX12 185117 0.001232
185552 CX12 185842 0.001232
185552 CX12 185195 0.001232
185552 CX12 185803 0.001232
185552 CX12 185234 0.001232
185552 X0 185548 0.999769
185552 X0 185552 0.000077
185552 X0 185553 0.000077
185552 X0 185549 0.000077
185553 CX02 185234 0.990925
185553 CX02 185803 0.001296
185553 CX02 185195 0.001296
185553 CX02 185842 0.001296
185553 CX02 185117 0.001296
185553 CX02 185725 0.001296
185553 CX02 185156 0.001296
185553 CX02 185764 0.001296
185553 CX12 185803 0.991374
185553 CX12 185234 0.001232
185553 CX12 185842 0.001232
185553 CX12 185195 0.001232
185553 CX12 185725 0.001232
185553 CX12 185117 0.001232
185553 CX12 185764 0.001232
185553 CX12 185156 0.001232
185553 X0 185549 0.999769
185553 X0 185553 0.000077
185553 X0 185552 0.000077
185553 X0 185548 0.000077
185554 CX02 185803 0.990925
185554 CX02 185234 0.001296
185554 CX02 185842 0.001296
185554 CX02 185195 0.001296
185554 CX02 185725 0.001296
185554 CX02 185117 0.001296
185554 CX02 185764 0.001296
185554 CX02 185156 0.001296
185554 CX12 185234 0.991374
185554 CX12 185803 0.001232
185554 CX12 185195 0.001232
185554 CX12 185842 0.001232
185554 CX12 185117 0.001232
185554 CX12 185725 0.001232
185554 CX12 185156 0.001232
185554 CX12 185764 0.001232
185554 X0 185550 0.999769
185554 X0 185554 0.000077
185554 X0 185551 0.000077
185554 X0 185547 0.000077
185725 CX02 185548 0.990925
185725 CX02 185547 0.001296
185725 CX02 185550 0.001296
185725 CX02 185549 0.001296
185725 CX02 185552 0.001296
185725 CX02 185551 0.001296
185725 CX02 185554 0.001296
185725 CX02 185553 0.001296
185725 CX12 185548 0.991374
185725 CX12 185547 0.001232
185725 CX12 185550 0.001232
185725 CX12 185549 0.001232
185725 CX12 185551 0.001232
185725 CX12 185552 0.001232
185725 CX12 185553 0.001232
185725 CX12 185554 0.001232
185725 P2 185725 0.864500
185725 P2 185255 0.135500
185725 X0 185764 0.999769
185725 X0 185725 0.000077
185725 X0 185842 0.000077
185725 X0 185803 0.000077
185764 CX02 185551 0.990925
185764 CX02 185552 0.001296
185764 CX02 185553 0.001296
185764 CX02 185554 0.001296
185764 CX02 185547 0.001296
185764 CX02 185548 0.001296
185764 CX02 185549 0.001296
185764 CX02 185550 0.001296
185764 CX12 185552 0.991374
185764 CX12 185551 0.001232
185764 CX12 185554 0.001232
185764 CX12 185553 0.001232
185764 CX12 185547 0.001232
185764 CX12 185548 0.001232
185764 CX12 185549 0.001232
185764 CX12 185550 0.001232
185764 P2 185764 0.864500
185764 P2 185256 0.135500
185764 X0 185725 0.999769
185764 X0 185764 0.000077
185764 X0 185803 0.000077
185764 X0 185842 0.000077
185803 CX02 185554 0.990925
185803 CX02 185553 0.001296
185803 CX02 185552 0.001296
185803 CX02 185551 0.001296
185803 CX02 185550 0.001296
185803 CX02 185549 0.001296
185803 CX02 185548 0.001296
185803 CX02 185547 0.001296
185803 CX12 185553 0.991374
185803 CX12 185554 0.001232
185803 CX12 185551 0.001232
185803 CX12 185552 0.001232
185803 CX12 185550 0.001232
185803 CX12 185549 0.001232
185803 CX12 185548 0.001232
185803 CX12 185547 0.001232
185803 P2 185803 0.864500
185803 P2 185257 0.135500
185803 X0 185842 0.999769
185803 X0 185803 0.000077
185803 X0 185764 0.000077
185803 X0 185725 0.000077
185842 CX02 185549 0.990925
185842 CX02 185550 0.001296
185842 CX02 185547 0.001296
185842 CX02 185548 0.001296
185842 CX02 185553 0.001296
185842 CX02 185554 0.001296
185842 CX02 185551 0.001296
185842 CX02 185552 0.001296
185842 CX12 185549 0.991374
185842 CX12 185550 0.001232
185842 CX12 185547 0.001232
185842 CX12 185548 0.001232
185842 CX12 185554 0.001232
185842 CX12 185553 0.001232
185842 CX12 185552 0.001232
185842 CX12 185551 0.001232
185842 P2 185842 0.864500
185842 P2 185258 0.135500
185842 X0 185803 0.999769
185842 X0 185842 0.000077
185842 X0 185725 0.000077
185842 X0 185764 0.000077
ENDPOMDP
