BEGINPOMDP
INITIALSTATE: 2179403
STATES: 2179403,2179404,2179405,2179406,2179407,2179424,2179425,2179426,2179427,2179428,2179429,2179430,2179431,2179450,2179489,2179528,2179567,2179588,2179589,2179590,2179591,2179880,2179881,2179882,2179883,2179884,2179885,2179886,2179887,2180058,2180097,2180136,2180175
TARGETV: 2179404,2179406,2179450,2179528,2179588,2179591,2180058,2180175
GAMMA: 2179403:0,2179404:0,2179405:0,2179406:0,2179407:0,2179424:0,2179425:0,2179426:0,2179427:0,2179428:0,2179429:0,2179430:0,2179431:0,2179450:1,2179489:1,2179528:1,2179567:1,2179588:0,2179589:0,2179590:0,2179591:0,2179880:1,2179881:1,2179882:1,2179883:1,2179884:1,2179885:1,2179886:1,2179887:1,2180058:1,2180097:1,2180136:1,2180175:1
BEGINACTIONS
CX02
CX12
P2
X0
ENDACTIONS
2179403 INIT_ 2179404 0.250000
2179403 INIT_ 2179405 0.250000
2179403 INIT_ 2179406 0.250000
2179403 INIT_ 2179407 0.250000
2179404 CX02 2179424 0.991334
2179404 CX02 2179425 0.001238
2179404 CX02 2179426 0.001238
2179404 CX02 2179427 0.001238
2179404 CX02 2179428 0.001238
2179404 CX02 2179429 0.001238
2179404 CX02 2179430 0.001238
2179404 CX02 2179431 0.001238
2179404 CX12 2179424 0.991067
2179404 CX12 2179425 0.001276
2179404 CX12 2179426 0.001276
2179404 CX12 2179427 0.001276
2179404 CX12 2179429 0.001276
2179404 CX12 2179428 0.001276
2179404 CX12 2179431 0.001276
2179404 CX12 2179430 0.001276
2179404 P2 2179404 0.977200
2179404 P2 2179450 0.022800
2179404 X0 2179405 0.999416
2179404 X0 2179404 0.000195
2179404 X0 2179406 0.000195
2179404 X0 2179407 0.000195
2179405 CX02 2179429 0.991334
2179405 CX02 2179428 0.001238
2179405 CX02 2179431 0.001238
2179405 CX02 2179430 0.001238
2179405 CX02 2179425 0.001238
2179405 CX02 2179424 0.001238
2179405 CX02 2179427 0.001238
2179405 CX02 2179426 0.001238
2179405 CX12 2179428 0.991067
2179405 CX12 2179429 0.001276
2179405 CX12 2179430 0.001276
2179405 CX12 2179431 0.001276
2179405 CX12 2179425 0.001276
2179405 CX12 2179424 0.001276
2179405 CX12 2179427 0.001276
2179405 CX12 2179426 0.001276
2179405 P2 2179405 0.977200
2179405 P2 2179489 0.022800
2179405 X0 2179404 0.999416
2179405 X0 2179405 0.000195
2179405 X0 2179407 0.000195
2179405 X0 2179406 0.000195
2179406 CX02 2179427 0.991334
2179406 CX02 2179426 0.001238
2179406 CX02 2179425 0.001238
2179406 CX02 2179424 0.001238
2179406 CX02 2179431 0.001238
2179406 CX02 2179430 0.001238
2179406 CX02 2179429 0.001238
2179406 CX02 2179428 0.001238
2179406 CX12 2179427 0.991067
2179406 CX12 2179426 0.001276
2179406 CX12 2179425 0.001276
2179406 CX12 2179424 0.001276
2179406 CX12 2179430 0.001276
2179406 CX12 2179431 0.001276
2179406 CX12 2179428 0.001276
2179406 CX12 2179429 0.001276
2179406 P2 2179406 0.977200
2179406 P2 2179528 0.022800
2179406 X0 2179407 0.999416
2179406 X0 2179406 0.000195
2179406 X0 2179404 0.000195
2179406 X0 2179405 0.000195
2179407 CX02 2179430 0.991334
2179407 CX02 2179431 0.001238
2179407 CX02 2179428 0.001238
2179407 CX02 2179429 0.001238
2179407 CX02 2179426 0.001238
2179407 CX02 2179427 0.001238
2179407 CX02 2179424 0.001238
2179407 CX02 2179425 0.001238
2179407 CX12 2179431 0.991067
2179407 CX12 2179430 0.001276
2179407 CX12 2179429 0.001276
2179407 CX12 2179428 0.001276
2179407 CX12 2179426 0.001276
2179407 CX12 2179427 0.001276
2179407 CX12 2179424 0.001276
2179407 CX12 2179425 0.001276
2179407 P2 2179407 0.977200
2179407 P2 2179567 0.022800
2179407 X0 2179406 0.999416
2179407 X0 2179407 0.000195
2179407 X0 2179405 0.000195
2179407 X0 2179404 0.000195
2179424 CX02 2179404 0.991334
2179424 CX02 2179588 0.001238
2179424 CX02 2179405 0.001238
2179424 CX02 2179589 0.001238
2179424 CX02 2179407 0.001238
2179424 CX02 2179590 0.001238
2179424 CX02 2179406 0.001238
2179424 CX02 2179591 0.001238
2179424 CX12 2179404 0.991067
2179424 CX12 2179588 0.001276
2179424 CX12 2179405 0.001276
2179424 CX12 2179589 0.001276
2179424 CX12 2179407 0.001276
2179424 CX12 2179590 0.001276
2179424 CX12 2179406 0.001276
2179424 CX12 2179591 0.001276
2179424 X0 2179428 0.999416
2179424 X0 2179424 0.000195
2179424 X0 2179427 0.000195
2179424 X0 2179431 0.000195
2179425 CX02 2179588 0.991334
2179425 CX02 2179404 0.001238
2179425 CX02 2179589 0.001238
2179425 CX02 2179405 0.001238
2179425 CX02 2179590 0.001238
2179425 CX02 2179407 0.001238
2179425 CX02 2179591 0.001238
2179425 CX02 2179406 0.001238
2179425 CX12 2179588 0.991067
2179425 CX12 2179404 0.001276
2179425 CX12 2179589 0.001276
2179425 CX12 2179405 0.001276
2179425 CX12 2179590 0.001276
2179425 CX12 2179407 0.001276
2179425 CX12 2179591 0.001276
2179425 CX12 2179406 0.001276
2179425 X0 2179429 0.999416
2179425 X0 2179425 0.000195
2179425 X0 2179426 0.000195
2179425 X0 2179430 0.000195
2179426 CX02 2179591 0.991334
2179426 CX02 2179406 0.001238
2179426 CX02 2179590 0.001238
2179426 CX02 2179407 0.001238
2179426 CX02 2179589 0.001238
2179426 CX02 2179405 0.001238
2179426 CX02 2179588 0.001238
2179426 CX02 2179404 0.001238
2179426 CX12 2179591 0.991067
2179426 CX12 2179406 0.001276
2179426 CX12 2179590 0.001276
2179426 CX12 2179407 0.001276
2179426 CX12 2179589 0.001276
2179426 CX12 2179405 0.001276
2179426 CX12 2179588 0.001276
2179426 CX12 2179404 0.001276
2179426 X0 2179430 0.999416
2179426 X0 2179426 0.000195
2179426 X0 2179425 0.000195
2179426 X0 2179429 0.000195
2179427 CX02 2179406 0.991334
2179427 CX02 2179591 0.001238
2179427 CX02 2179407 0.001238
2179427 CX02 2179590 0.001238
2179427 CX02 2179405 0.001238
2179427 CX02 2179589 0.001238
2179427 CX02 2179404 0.001238
2179427 CX02 2179588 0.001238
2179427 CX12 2179406 0.991067
2179427 CX12 2179591 0.001276
2179427 CX12 2179407 0.001276
2179427 CX12 2179590 0.001276
2179427 CX12 2179405 0.001276
2179427 CX12 2179589 0.001276
2179427 CX12 2179404 0.001276
2179427 CX12 2179588 0.001276
2179427 X0 2179431 0.999416
2179427 X0 2179427 0.000195
2179427 X0 2179424 0.000195
2179427 X0 2179428 0.000195
2179428 CX02 2179589 0.991334
2179428 CX02 2179405 0.001238
2179428 CX02 2179588 0.001238
2179428 CX02 2179404 0.001238
2179428 CX02 2179591 0.001238
2179428 CX02 2179406 0.001238
2179428 CX02 2179590 0.001238
2179428 CX02 2179407 0.001238
2179428 CX12 2179405 0.991067
2179428 CX12 2179589 0.001276
2179428 CX12 2179404 0.001276
2179428 CX12 2179588 0.001276
2179428 CX12 2179406 0.001276
2179428 CX12 2179591 0.001276
2179428 CX12 2179407 0.001276
2179428 CX12 2179590 0.001276
2179428 X0 2179424 0.999416
2179428 X0 2179428 0.000195
2179428 X0 2179431 0.000195
2179428 X0 2179427 0.000195
2179429 CX02 2179405 0.991334
2179429 CX02 2179589 0.001238
2179429 CX02 2179404 0.001238
2179429 CX02 2179588 0.001238
2179429 CX02 2179406 0.001238
2179429 CX02 2179591 0.001238
2179429 CX02 2179407 0.001238
2179429 CX02 2179590 0.001238
2179429 CX12 2179589 0.991067
2179429 CX12 2179405 0.001276
2179429 CX12 2179588 0.001276
2179429 CX12 2179404 0.001276
2179429 CX12 2179591 0.001276
2179429 CX12 2179406 0.001276
2179429 CX12 2179590 0.001276
2179429 CX12 2179407 0.001276
2179429 X0 2179425 0.999416
2179429 X0 2179429 0.000195
2179429 X0 2179430 0.000195
2179429 X0 2179426 0.000195
2179430 CX02 2179407 0.991334
2179430 CX02 2179590 0.001238
2179430 CX02 2179406 0.001238
2179430 CX02 2179591 0.001238
2179430 CX02 2179404 0.001238
2179430 CX02 2179588 0.001238
2179430 CX02 2179405 0.001238
2179430 CX02 2179589 0.001238
2179430 CX12 2179590 0.991067
2179430 CX12 2179407 0.001276
2179430 CX12 2179591 0.001276
2179430 CX12 2179406 0.001276
2179430 CX12 2179588 0.001276
2179430 CX12 2179404 0.001276
2179430 CX12 2179589 0.001276
2179430 CX12 2179405 0.001276
2179430 X0 2179426 0.999416
2179430 X0 2179430 0.000195
2179430 X0 2179429 0.000195
2179430 X0 2179425 0.000195
2179431 CX02 2179590 0.991334
2179431 CX02 2179407 0.001238
2179431 CX02 2179591 0.001238
2179431 CX02 2179406 0.001238
2179431 CX02 2179588 0.001238
2179431 CX02 2179404 0.001238
2179431 CX02 2179589 0.001238
2179431 CX02 2179405 0.001238
2179431 CX12 2179407 0.991067
2179431 CX12 2179590 0.001276
2179431 CX12 2179406 0.001276
2179431 CX12 2179591 0.001276
2179431 CX12 2179404 0.001276
2179431 CX12 2179588 0.001276
2179431 CX12 2179405 0.001276
2179431 CX12 2179589 0.001276
2179431 X0 2179427 0.999416
2179431 X0 2179431 0.000195
2179431 X0 2179428 0.000195
2179431 X0 2179424 0.000195
2179450 CX02 2179880 0.991334
2179450 CX02 2179881 0.001238
2179450 CX02 2179882 0.001238
2179450 CX02 2179883 0.001238
2179450 CX02 2179884 0.001238
2179450 CX02 2179885 0.001238
2179450 CX02 2179886 0.001238
2179450 CX02 2179887 0.001238
2179450 CX12 2179880 0.991067
2179450 CX12 2179881 0.001276
2179450 CX12 2179882 0.001276
2179450 CX12 2179883 0.001276
2179450 CX12 2179885 0.001276
2179450 CX12 2179884 0.001276
2179450 CX12 2179887 0.001276
2179450 CX12 2179886 0.001276
2179450 P2 2179404 0.977200
2179450 P2 2179450 0.022800
2179450 X0 2179489 0.999416
2179450 X0 2179450 0.000195
2179450 X0 2179528 0.000195
2179450 X0 2179567 0.000195
2179489 CX02 2179885 0.991334
2179489 CX02 2179884 0.001238
2179489 CX02 2179887 0.001238
2179489 CX02 2179886 0.001238
2179489 CX02 2179881 0.001238
2179489 CX02 2179880 0.001238
2179489 CX02 2179883 0.001238
2179489 CX02 2179882 0.001238
2179489 CX12 2179884 0.991067
2179489 CX12 2179885 0.001276
2179489 CX12 2179886 0.001276
2179489 CX12 2179887 0.001276
2179489 CX12 2179881 0.001276
2179489 CX12 2179880 0.001276
2179489 CX12 2179883 0.001276
2179489 CX12 2179882 0.001276
2179489 P2 2179405 0.977200
2179489 P2 2179489 0.022800
2179489 X0 2179450 0.999416
2179489 X0 2179489 0.000195
2179489 X0 2179567 0.000195
2179489 X0 2179528 0.000195
2179528 CX02 2179883 0.991334
2179528 CX02 2179882 0.001238
2179528 CX02 2179881 0.001238
2179528 CX02 2179880 0.001238
2179528 CX02 2179887 0.001238
2179528 CX02 2179886 0.001238
2179528 CX02 2179885 0.001238
2179528 CX02 2179884 0.001238
2179528 CX12 2179883 0.991067
2179528 CX12 2179882 0.001276
2179528 CX12 2179881 0.001276
2179528 CX12 2179880 0.001276
2179528 CX12 2179886 0.001276
2179528 CX12 2179887 0.001276
2179528 CX12 2179884 0.001276
2179528 CX12 2179885 0.001276
2179528 P2 2179406 0.977200
2179528 P2 2179528 0.022800
2179528 X0 2179567 0.999416
2179528 X0 2179528 0.000195
2179528 X0 2179450 0.000195
2179528 X0 2179489 0.000195
2179567 CX02 2179886 0.991334
2179567 CX02 2179887 0.001238
2179567 CX02 2179884 0.001238
2179567 CX02 2179885 0.001238
2179567 CX02 2179882 0.001238
2179567 CX02 2179883 0.001238
2179567 CX02 2179880 0.001238
2179567 CX02 2179881 0.001238
2179567 CX12 2179887 0.991067
2179567 CX12 2179886 0.001276
2179567 CX12 2179885 0.001276
2179567 CX12 2179884 0.001276
2179567 CX12 2179882 0.001276
2179567 CX12 2179883 0.001276
2179567 CX12 2179880 0.001276
2179567 CX12 2179881 0.001276
2179567 P2 2179407 0.977200
2179567 P2 2179567 0.022800
2179567 X0 2179528 0.999416
2179567 X0 2179567 0.000195
2179567 X0 2179489 0.000195
2179567 X0 2179450 0.000195
2179588 CX02 2179425 0.991334
2179588 CX02 2179424 0.001238
2179588 CX02 2179427 0.001238
2179588 CX02 2179426 0.001238
2179588 CX02 2179429 0.001238
2179588 CX02 2179428 0.001238
2179588 CX02 2179431 0.001238
2179588 CX02 2179430 0.001238
2179588 CX12 2179425 0.991067
2179588 CX12 2179424 0.001276
2179588 CX12 2179427 0.001276
2179588 CX12 2179426 0.001276
2179588 CX12 2179428 0.001276
2179588 CX12 2179429 0.001276
2179588 CX12 2179430 0.001276
2179588 CX12 2179431 0.001276
2179588 P2 2180058 0.980600
2179588 P2 2179588 0.019400
2179588 X0 2179589 0.999416
2179588 X0 2179588 0.000195
2179588 X0 2179591 0.000195
2179588 X0 2179590 0.000195
2179589 CX02 2179428 0.991334
2179589 CX02 2179429 0.001238
2179589 CX02 2179430 0.001238
2179589 CX02 2179431 0.001238
2179589 CX02 2179424 0.001238
2179589 CX02 2179425 0.001238
2179589 CX02 2179426 0.001238
2179589 CX02 2179427 0.001238
2179589 CX12 2179429 0.991067
2179589 CX12 2179428 0.001276
2179589 CX12 2179431 0.001276
2179589 CX12 2179430 0.001276
2179589 CX12 2179424 0.001276
2179589 CX12 2179425 0.001276
2179589 CX12 2179426 0.001276
2179589 CX12 2179427 0.001276
2179589 P2 2180097 0.980600
2179589 P2 2179589 0.019400
2179589 X0 2179588 0.999416
2179589 X0 2179589 0.000195
2179589 X0 2179590 0.000195
2179589 X0 2179591 0.000195
2179590 CX02 2179431 0.991334
2179590 CX02 2179430 0.001238
2179590 CX02 2179429 0.001238
2179590 CX02 2179428 0.001238
2179590 CX02 2179427 0.001238
2179590 CX02 2179426 0.001238
2179590 CX02 2179425 0.001238
2179590 CX02 2179424 0.001238
2179590 CX12 2179430 0.991067
2179590 CX12 2179431 0.001276
2179590 CX12 2179428 0.001276
2179590 CX12 2179429 0.001276
2179590 CX12 2179427 0.001276
2179590 CX12 2179426 0.001276
2179590 CX12 2179425 0.001276
2179590 CX12 2179424 0.001276
2179590 P2 2180136 0.980600
2179590 P2 2179590 0.019400
2179590 X0 2179591 0.999416
2179590 X0 2179590 0.000195
2179590 X0 2179589 0.000195
2179590 X0 2179588 0.000195
2179591 CX02 2179426 0.991334
2179591 CX02 2179427 0.001238
2179591 CX02 2179424 0.001238
2179591 CX02 2179425 0.001238
2179591 CX02 2179430 0.001238
2179591 CX02 2179431 0.001238
2179591 CX02 2179428 0.001238
2179591 CX02 2179429 0.001238
2179591 CX12 2179426 0.991067
2179591 CX12 2179427 0.001276
2179591 CX12 2179424 0.001276
2179591 CX12 2179425 0.001276
2179591 CX12 2179431 0.001276
2179591 CX12 2179430 0.001276
2179591 CX12 2179429 0.001276
2179591 CX12 2179428 0.001276
2179591 P2 2180175 0.980600
2179591 P2 2179591 0.019400
2179591 X0 2179590 0.999416
2179591 X0 2179591 0.000195
2179591 X0 2179588 0.000195
2179591 X0 2179589 0.000195
2179880 CX02 2179450 0.991334
2179880 CX02 2180058 0.001238
2179880 CX02 2179489 0.001238
2179880 CX02 2180097 0.001238
2179880 CX02 2179567 0.001238
2179880 CX02 2180136 0.001238
2179880 CX02 2179528 0.001238
2179880 CX02 2180175 0.001238
2179880 CX12 2179450 0.991067
2179880 CX12 2180058 0.001276
2179880 CX12 2179489 0.001276
2179880 CX12 2180097 0.001276
2179880 CX12 2179567 0.001276
2179880 CX12 2180136 0.001276
2179880 CX12 2179528 0.001276
2179880 CX12 2180175 0.001276
2179880 X0 2179884 0.999416
2179880 X0 2179880 0.000195
2179880 X0 2179883 0.000195
2179880 X0 2179887 0.000195
2179881 CX02 2180058 0.991334
2179881 CX02 2179450 0.001238
2179881 CX02 2180097 0.001238
2179881 CX02 2179489 0.001238
2179881 CX02 2180136 0.001238
2179881 CX02 2179567 0.001238
2179881 CX02 2180175 0.001238
2179881 CX02 2179528 0.001238
2179881 CX12 2180058 0.991067
2179881 CX12 2179450 0.001276
2179881 CX12 2180097 0.001276
2179881 CX12 2179489 0.001276
2179881 CX12 2180136 0.001276
2179881 CX12 2179567 0.001276
2179881 CX12 2180175 0.001276
2179881 CX12 2179528 0.001276
2179881 X0 2179885 0.999416
2179881 X0 2179881 0.000195
2179881 X0 2179882 0.000195
2179881 X0 2179886 0.000195
2179882 CX02 2180175 0.991334
2179882 CX02 2179528 0.001238
2179882 CX02 2180136 0.001238
2179882 CX02 2179567 0.001238
2179882 CX02 2180097 0.001238
2179882 CX02 2179489 0.001238
2179882 CX02 2180058 0.001238
2179882 CX02 2179450 0.001238
2179882 CX12 2180175 0.991067
2179882 CX12 2179528 0.001276
2179882 CX12 2180136 0.001276
2179882 CX12 2179567 0.001276
2179882 CX12 2180097 0.001276
2179882 CX12 2179489 0.001276
2179882 CX12 2180058 0.001276
2179882 CX12 2179450 0.001276
2179882 X0 2179886 0.999416
2179882 X0 2179882 0.000195
2179882 X0 2179881 0.000195
2179882 X0 2179885 0.000195
2179883 CX02 2179528 0.991334
2179883 CX02 2180175 0.001238
2179883 CX02 2179567 0.001238
2179883 CX02 2180136 0.001238
2179883 CX02 2179489 0.001238
2179883 CX02 2180097 0.001238
2179883 CX02 2179450 0.001238
2179883 CX02 2180058 0.001238
2179883 CX12 2179528 0.991067
2179883 CX12 2180175 0.001276
2179883 CX12 2179567 0.001276
2179883 CX12 2180136 0.001276
2179883 CX12 2179489 0.001276
2179883 CX12 2180097 0.001276
2179883 CX12 2179450 0.001276
2179883 CX12 2180058 0.001276
2179883 X0 2179887 0.999416
2179883 X0 2179883 0.000195
2179883 X0 2179880 0.000195
2179883 X0 2179884 0.000195
2179884 CX02 2180097 0.991334
2179884 CX02 2179489 0.001238
2179884 CX02 2180058 0.001238
2179884 CX02 2179450 0.001238
2179884 CX02 2180175 0.001238
2179884 CX02 2179528 0.001238
2179884 CX02 2180136 0.001238
2179884 CX02 2179567 0.001238
2179884 CX12 2179489 0.991067
2179884 CX12 2180097 0.001276
2179884 CX12 2179450 0.001276
2179884 CX12 2180058 0.001276
2179884 CX12 2179528 0.001276
2179884 CX12 2180175 0.001276
2179884 CX12 2179567 0.001276
2179884 CX12 2180136 0.001276
2179884 X0 2179880 0.999416
2179884 X0 2179884 0.000195
2179884 X0 2179887 0.000195
2179884 X0 2179883 0.000195
2179885 CX02 2179489 0.991334
2179885 CX02 2180097 0.001238
2179885 CX02 2179450 0.001238
2179885 CX02 2180058 0.001238
2179885 CX02 2179528 0.001238
2179885 CX02 2180175 0.001238
2179885 CX02 2179567 0.001238
2179885 CX02 2180136 0.001238
2179885 CX12 2180097 0.991067
2179885 CX12 2179489 0.001276
2179885 CX12 2180058 0.001276
2179885 CX12 2179450 0.001276
2179885 CX12 2180175 0.001276
2179885 CX12 2179528 0.001276
2179885 CX12 2180136 0.001276
2179885 CX12 2179567 0.001276
2179885 X0 2179881 0.999416
2179885 X0 2179885 0.000195
2179885 X0 2179886 0.000195
2179885 X0 2179882 0.000195
2179886 CX02 2179567 0.991334
2179886 CX02 2180136 0.001238
2179886 CX02 2179528 0.001238
2179886 CX02 2180175 0.001238
2179886 CX02 2179450 0.001238
2179886 CX02 2180058 0.001238
2179886 CX02 2179489 0.001238
2179886 CX02 2180097 0.001238
2179886 CX12 2180136 0.991067
2179886 CX12 2179567 0.001276
2179886 CX12 2180175 0.001276
2179886 CX12 2179528 0.001276
2179886 CX12 2180058 0.001276
2179886 CX12 2179450 0.001276
2179886 CX12 2180097 0.001276
2179886 CX12 2179489 0.001276
2179886 X0 2179882 0.999416
2179886 X0 2179886 0.000195
2179886 X0 2179885 0.000195
2179886 X0 2179881 0.000195
2179887 CX02 2180136 0.991334
2179887 CX02 2179567 0.001238
2179887 CX02 2180175 0.001238
2179887 CX02 2179528 0.001238
2179887 CX02 2180058 0.001238
2179887 CX02 2179450 0.001238
2179887 CX02 2180097 0.001238
2179887 CX02 2179489 0.001238
2179887 CX12 2179567 0.991067
2179887 CX12 2180136 0.001276
2179887 CX12 2179528 0.001276
2179887 CX12 2180175 0.001276
2179887 CX12 2179450 0.001276
2179887 CX12 2180058 0.001276
2179887 CX12 2179489 0.001276
2179887 CX12 2180097 0.001276
2179887 X0 2179883 0.999416
2179887 X0 2179887 0.000195
2179887 X0 2179884 0.000195
2179887 X0 2179880 0.000195
2180058 CX02 2179881 0.991334
2180058 CX02 2179880 0.001238
2180058 CX02 2179883 0.001238
2180058 CX02 2179882 0.001238
2180058 CX02 2179885 0.001238
2180058 CX02 2179884 0.001238
2180058 CX02 2179887 0.001238
2180058 CX02 2179886 0.001238
2180058 CX12 2179881 0.991067
2180058 CX12 2179880 0.001276
2180058 CX12 2179883 0.001276
2180058 CX12 2179882 0.001276
2180058 CX12 2179884 0.001276
2180058 CX12 2179885 0.001276
2180058 CX12 2179886 0.001276
2180058 CX12 2179887 0.001276
2180058 P2 2180058 0.980600
2180058 P2 2179588 0.019400
2180058 X0 2180097 0.999416
2180058 X0 2180058 0.000195
2180058 X0 2180175 0.000195
2180058 X0 2180136 0.000195
2180097 CX02 2179884 0.991334
2180097 CX02 2179885 0.001238
2180097 CX02 2179886 0.001238
2180097 CX02 2179887 0.001238
2180097 CX02 2179880 0.001238
2180097 CX02 2179881 0.001238
2180097 CX02 2179882 0.001238
2180097 CX02 2179883 0.001238
2180097 CX12 2179885 0.991067
2180097 CX12 2179884 0.001276
2180097 CX12 2179887 0.001276
2180097 CX12 2179886 0.001276
2180097 CX12 2179880 0.001276
2180097 CX12 2179881 0.001276
2180097 CX12 2179882 0.001276
2180097 CX12 2179883 0.001276
2180097 P2 2180097 0.980600
2180097 P2 2179589 0.019400
2180097 X0 2180058 0.999416
2180097 X0 2180097 0.000195
2180097 X0 2180136 0.000195
2180097 X0 2180175 0.000195
2180136 CX02 2179887 0.991334
2180136 CX02 2179886 0.001238
2180136 CX02 2179885 0.001238
2180136 CX02 2179884 0.001238
2180136 CX02 2179883 0.001238
2180136 CX02 2179882 0.001238
2180136 CX02 2179881 0.001238
2180136 CX02 2179880 0.001238
2180136 CX12 2179886 0.991067
2180136 CX12 2179887 0.001276
2180136 CX12 2179884 0.001276
2180136 CX12 2179885 0.001276
2180136 CX12 2179883 0.001276
2180136 CX12 2179882 0.001276
2180136 CX12 2179881 0.001276
2180136 CX12 2179880 0.001276
2180136 P2 2180136 0.980600
2180136 P2 2179590 0.019400
2180136 X0 2180175 0.999416
2180136 X0 2180136 0.000195
2180136 X0 2180097 0.000195
2180136 X0 2180058 0.000195
2180175 CX02 2179882 0.991334
2180175 CX02 2179883 0.001238
2180175 CX02 2179880 0.001238
2180175 CX02 2179881 0.001238
2180175 CX02 2179886 0.001238
2180175 CX02 2179887 0.001238
2180175 CX02 2179884 0.001238
2180175 CX02 2179885 0.001238
2180175 CX12 2179882 0.991067
2180175 CX12 2179883 0.001276
2180175 CX12 2179880 0.001276
2180175 CX12 2179881 0.001276
2180175 CX12 2179887 0.001276
2180175 CX12 2179886 0.001276
2180175 CX12 2179885 0.001276
2180175 CX12 2179884 0.001276
2180175 P2 2180175 0.980600
2180175 P2 2179591 0.019400
2180175 X0 2180136 0.999416
2180175 X0 2180175 0.000195
2180175 X0 2180058 0.000195
2180175 X0 2180097 0.000195
ENDPOMDP
