BEGINPOMDP
INITIALSTATE: 165598
STATES: 165598,165599,165600,165601,165602,165619,165620,165621,165622,165623,165624,165625,165626,165645,165684,165723,165762,165783,165784,165785,165786,166075,166076,166077,166078,166079,166080,166081,166082,166253,166292,166331,166370
TARGETV: 165599,165601,165645,165723,165783,165786,166253,166370
GAMMA: 165598:0,165599:0,165600:0,165601:0,165602:0,165619:0,165620:0,165621:0,165622:0,165623:0,165624:0,165625:0,165626:0,165645:1,165684:1,165723:1,165762:1,165783:0,165784:0,165785:0,165786:0,166075:1,166076:1,166077:1,166078:1,166079:1,166080:1,166081:1,166082:1,166253:1,166292:1,166331:1,166370:1
BEGINACTIONS
CX02
CX12
P2
X0
ENDACTIONS
165598 INIT_ 165599 0.250000
165598 INIT_ 165600 0.250000
165598 INIT_ 165601 0.250000
165598 INIT_ 165602 0.250000
165599 CX02 165619 0.972822
165599 CX02 165620 0.003883
165599 CX02 165621 0.003883
165599 CX02 165622 0.003883
165599 CX02 165623 0.003883
165599 CX02 165624 0.003883
165599 CX02 165625 0.003883
165599 CX02 165626 0.003883
165599 CX12 165619 0.972433
165599 CX12 165620 0.003938
165599 CX12 165621 0.003938
165599 CX12 165622 0.003938
165599 CX12 165624 0.003938
165599 CX12 165623 0.003938
165599 CX12 165626 0.003938
165599 CX12 165625 0.003938
165599 P2 165599 0.996000
165599 P2 165645 0.004000
165599 X0 165600 0.999626
165599 X0 165599 0.000125
165599 X0 165601 0.000125
165599 X0 165602 0.000125
165600 CX02 165624 0.972822
165600 CX02 165623 0.003883
165600 CX02 165626 0.003883
165600 CX02 165625 0.003883
165600 CX02 165620 0.003883
165600 CX02 165619 0.003883
165600 CX02 165622 0.003883
165600 CX02 165621 0.003883
165600 CX12 165623 0.972433
165600 CX12 165624 0.003938
165600 CX12 165625 0.003938
165600 CX12 165626 0.003938
165600 CX12 165620 0.003938
165600 CX12 165619 0.003938
165600 CX12 165622 0.003938
165600 CX12 165621 0.003938
165600 P2 165600 0.996000
165600 P2 165684 0.004000
165600 X0 165599 0.999626
165600 X0 165600 0.000125
165600 X0 165602 0.000125
165600 X0 165601 0.000125
165601 CX02 165622 0.972822
165601 CX02 165621 0.003883
165601 CX02 165620 0.003883
165601 CX02 165619 0.003883
165601 CX02 165626 0.003883
165601 CX02 165625 0.003883
165601 CX02 165624 0.003883
165601 CX02 165623 0.003883
165601 CX12 165622 0.972433
165601 CX12 165621 0.003938
165601 CX12 165620 0.003938
165601 CX12 165619 0.003938
165601 CX12 165625 0.003938
165601 CX12 165626 0.003938
165601 CX12 165623 0.003938
165601 CX12 165624 0.003938
165601 P2 165601 0.996000
165601 P2 165723 0.004000
165601 X0 165602 0.999626
165601 X0 165601 0.000125
165601 X0 165599 0.000125
165601 X0 165600 0.000125
165602 CX02 165625 0.972822
165602 CX02 165626 0.003883
165602 CX02 165623 0.003883
165602 CX02 165624 0.003883
165602 CX02 165621 0.003883
165602 CX02 165622 0.003883
165602 CX02 165619 0.003883
165602 CX02 165620 0.003883
165602 CX12 165626 0.972433
165602 CX12 165625 0.003938
165602 CX12 165624 0.003938
165602 CX12 165623 0.003938
165602 CX12 165621 0.003938
165602 CX12 165622 0.003938
165602 CX12 165619 0.003938
165602 CX12 165620 0.003938
165602 P2 165602 0.996000
165602 P2 165762 0.004000
165602 X0 165601 0.999626
165602 X0 165602 0.000125
165602 X0 165600 0.000125
165602 X0 165599 0.000125
165619 CX02 165599 0.972822
165619 CX02 165783 0.003883
165619 CX02 165600 0.003883
165619 CX02 165784 0.003883
165619 CX02 165602 0.003883
165619 CX02 165785 0.003883
165619 CX02 165601 0.003883
165619 CX02 165786 0.003883
165619 CX12 165599 0.972433
165619 CX12 165783 0.003938
165619 CX12 165600 0.003938
165619 CX12 165784 0.003938
165619 CX12 165602 0.003938
165619 CX12 165785 0.003938
165619 CX12 165601 0.003938
165619 CX12 165786 0.003938
165619 X0 165623 0.999626
165619 X0 165619 0.000125
165619 X0 165622 0.000125
165619 X0 165626 0.000125
165620 CX02 165783 0.972822
165620 CX02 165599 0.003883
165620 CX02 165784 0.003883
165620 CX02 165600 0.003883
165620 CX02 165785 0.003883
165620 CX02 165602 0.003883
165620 CX02 165786 0.003883
165620 CX02 165601 0.003883
165620 CX12 165783 0.972433
165620 CX12 165599 0.003938
165620 CX12 165784 0.003938
165620 CX12 165600 0.003938
165620 CX12 165785 0.003938
165620 CX12 165602 0.003938
165620 CX12 165786 0.003938
165620 CX12 165601 0.003938
165620 X0 165624 0.999626
165620 X0 165620 0.000125
165620 X0 165621 0.000125
165620 X0 165625 0.000125
165621 CX02 165786 0.972822
165621 CX02 165601 0.003883
165621 CX02 165785 0.003883
165621 CX02 165602 0.003883
165621 CX02 165784 0.003883
165621 CX02 165600 0.003883
165621 CX02 165783 0.003883
165621 CX02 165599 0.003883
165621 CX12 165786 0.972433
165621 CX12 165601 0.003938
165621 CX12 165785 0.003938
165621 CX12 165602 0.003938
165621 CX12 165784 0.003938
165621 CX12 165600 0.003938
165621 CX12 165783 0.003938
165621 CX12 165599 0.003938
165621 X0 165625 0.999626
165621 X0 165621 0.000125
165621 X0 165620 0.000125
165621 X0 165624 0.000125
165622 CX02 165601 0.972822
165622 CX02 165786 0.003883
165622 CX02 165602 0.003883
165622 CX02 165785 0.003883
165622 CX02 165600 0.003883
165622 CX02 165784 0.003883
165622 CX02 165599 0.003883
165622 CX02 165783 0.003883
165622 CX12 165601 0.972433
165622 CX12 165786 0.003938
165622 CX12 165602 0.003938
165622 CX12 165785 0.003938
165622 CX12 165600 0.003938
165622 CX12 165784 0.003938
165622 CX12 165599 0.003938
165622 CX12 165783 0.003938
165622 X0 165626 0.999626
165622 X0 165622 0.000125
165622 X0 165619 0.000125
165622 X0 165623 0.000125
165623 CX02 165784 0.972822
165623 CX02 165600 0.003883
165623 CX02 165783 0.003883
165623 CX02 165599 0.003883
165623 CX02 165786 0.003883
165623 CX02 165601 0.003883
165623 CX02 165785 0.003883
165623 CX02 165602 0.003883
165623 CX12 165600 0.972433
165623 CX12 165784 0.003938
165623 CX12 165599 0.003938
165623 CX12 165783 0.003938
165623 CX12 165601 0.003938
165623 CX12 165786 0.003938
165623 CX12 165602 0.003938
165623 CX12 165785 0.003938
165623 X0 165619 0.999626
165623 X0 165623 0.000125
165623 X0 165626 0.000125
165623 X0 165622 0.000125
165624 CX02 165600 0.972822
165624 CX02 165784 0.003883
165624 CX02 165599 0.003883
165624 CX02 165783 0.003883
165624 CX02 165601 0.003883
165624 CX02 165786 0.003883
165624 CX02 165602 0.003883
165624 CX02 165785 0.003883
165624 CX12 165784 0.972433
165624 CX12 165600 0.003938
165624 CX12 165783 0.003938
165624 CX12 165599 0.003938
165624 CX12 165786 0.003938
165624 CX12 165601 0.003938
165624 CX12 165785 0.003938
165624 CX12 165602 0.003938
165624 X0 165620 0.999626
165624 X0 165624 0.000125
165624 X0 165625 0.000125
165624 X0 165621 0.000125
165625 CX02 165602 0.972822
165625 CX02 165785 0.003883
165625 CX02 165601 0.003883
165625 CX02 165786 0.003883
165625 CX02 165599 0.003883
165625 CX02 165783 0.003883
165625 CX02 165600 0.003883
165625 CX02 165784 0.003883
165625 CX12 165785 0.972433
165625 CX12 165602 0.003938
165625 CX12 165786 0.003938
165625 CX12 165601 0.003938
165625 CX12 165783 0.003938
165625 CX12 165599 0.003938
165625 CX12 165784 0.003938
165625 CX12 165600 0.003938
165625 X0 165621 0.999626
165625 X0 165625 0.000125
165625 X0 165624 0.000125
165625 X0 165620 0.000125
165626 CX02 165785 0.972822
165626 CX02 165602 0.003883
165626 CX02 165786 0.003883
165626 CX02 165601 0.003883
165626 CX02 165783 0.003883
165626 CX02 165599 0.003883
165626 CX02 165784 0.003883
165626 CX02 165600 0.003883
165626 CX12 165602 0.972433
165626 CX12 165785 0.003938
165626 CX12 165601 0.003938
165626 CX12 165786 0.003938
165626 CX12 165599 0.003938
165626 CX12 165783 0.003938
165626 CX12 165600 0.003938
165626 CX12 165784 0.003938
165626 X0 165622 0.999626
165626 X0 165626 0.000125
165626 X0 165623 0.000125
165626 X0 165619 0.000125
165645 CX02 166075 0.972822
165645 CX02 166076 0.003883
165645 CX02 166077 0.003883
165645 CX02 166078 0.003883
165645 CX02 166079 0.003883
165645 CX02 166080 0.003883
165645 CX02 166081 0.003883
165645 CX02 166082 0.003883
165645 CX12 166075 0.972433
165645 CX12 166076 0.003938
165645 CX12 166077 0.003938
165645 CX12 166078 0.003938
165645 CX12 166080 0.003938
165645 CX12 166079 0.003938
165645 CX12 166082 0.003938
165645 CX12 166081 0.003938
165645 P2 165599 0.996000
165645 P2 165645 0.004000
165645 X0 165684 0.999626
165645 X0 165645 0.000125
165645 X0 165723 0.000125
165645 X0 165762 0.000125
165684 CX02 166080 0.972822
165684 CX02 166079 0.003883
165684 CX02 166082 0.003883
165684 CX02 166081 0.003883
165684 CX02 166076 0.003883
165684 CX02 166075 0.003883
165684 CX02 166078 0.003883
165684 CX02 166077 0.003883
165684 CX12 166079 0.972433
165684 CX12 166080 0.003938
165684 CX12 166081 0.003938
165684 CX12 166082 0.003938
165684 CX12 166076 0.003938
165684 CX12 166075 0.003938
165684 CX12 166078 0.003938
165684 CX12 166077 0.003938
165684 P2 165600 0.996000
165684 P2 165684 0.004000
165684 X0 165645 0.999626
165684 X0 165684 0.000125
165684 X0 165762 0.000125
165684 X0 165723 0.000125
165723 CX02 166078 0.972822
165723 CX02 166077 0.003883
165723 CX02 166076 0.003883
165723 CX02 166075 0.003883
165723 CX02 166082 0.003883
165723 CX02 166081 0.003883
165723 CX02 166080 0.003883
165723 CX02 166079 0.003883
165723 CX12 166078 0.972433
165723 CX12 166077 0.003938
165723 CX12 166076 0.003938
165723 CX12 166075 0.003938
165723 CX12 166081 0.003938
165723 CX12 166082 0.003938
165723 CX12 166079 0.003938
165723 CX12 166080 0.003938
165723 P2 165601 0.996000
165723 P2 165723 0.004000
165723 X0 165762 0.999626
165723 X0 165723 0.000125
165723 X0 165645 0.000125
165723 X0 165684 0.000125
165762 CX02 166081 0.972822
165762 CX02 166082 0.003883
165762 CX02 166079 0.003883
165762 CX02 166080 0.003883
165762 CX02 166077 0.003883
165762 CX02 166078 0.003883
165762 CX02 166075 0.003883
165762 CX02 166076 0.003883
165762 CX12 166082 0.972433
165762 CX12 166081 0.003938
165762 CX12 166080 0.003938
165762 CX12 166079 0.003938
165762 CX12 166077 0.003938
165762 CX12 166078 0.003938
165762 CX12 166075 0.003938
165762 CX12 166076 0.003938
165762 P2 165602 0.996000
165762 P2 165762 0.004000
165762 X0 165723 0.999626
165762 X0 165762 0.000125
165762 X0 165684 0.000125
165762 X0 165645 0.000125
165783 CX02 165620 0.972822
165783 CX02 165619 0.003883
165783 CX02 165622 0.003883
165783 CX02 165621 0.003883
165783 CX02 165624 0.003883
165783 CX02 165623 0.003883
165783 CX02 165626 0.003883
165783 CX02 165625 0.003883
165783 CX12 165620 0.972433
165783 CX12 165619 0.003938
165783 CX12 165622 0.003938
165783 CX12 165621 0.003938
165783 CX12 165623 0.003938
165783 CX12 165624 0.003938
165783 CX12 165625 0.003938
165783 CX12 165626 0.003938
165783 P2 166253 0.982400
165783 P2 165783 0.017600
165783 X0 165784 0.999626
165783 X0 165783 0.000125
165783 X0 165786 0.000125
165783 X0 165785 0.000125
165784 CX02 165623 0.972822
165784 CX02 165624 0.003883
165784 CX02 165625 0.003883
165784 CX02 165626 0.003883
165784 CX02 165619 0.003883
165784 CX02 165620 0.003883
165784 CX02 165621 0.003883
165784 CX02 165622 0.003883
165784 CX12 165624 0.972433
165784 CX12 165623 0.003938
165784 CX12 165626 0.003938
165784 CX12 165625 0.003938
165784 CX12 165619 0.003938
165784 CX12 165620 0.003938
165784 CX12 165621 0.003938
165784 CX12 165622 0.003938
165784 P2 166292 0.982400
165784 P2 165784 0.017600
165784 X0 165783 0.999626
165784 X0 165784 0.000125
165784 X0 165785 0.000125
165784 X0 165786 0.000125
165785 CX02 165626 0.972822
165785 CX02 165625 0.003883
165785 CX02 165624 0.003883
165785 CX02 165623 0.003883
165785 CX02 165622 0.003883
165785 CX02 165621 0.003883
165785 CX02 165620 0.003883
165785 CX02 165619 0.003883
165785 CX12 165625 0.972433
165785 CX12 165626 0.003938
165785 CX12 165623 0.003938
165785 CX12 165624 0.003938
165785 CX12 165622 0.003938
165785 CX12 165621 0.003938
165785 CX12 165620 0.003938
165785 CX12 165619 0.003938
165785 P2 166331 0.982400
165785 P2 165785 0.017600
165785 X0 165786 0.999626
165785 X0 165785 0.000125
165785 X0 165784 0.000125
165785 X0 165783 0.000125
165786 CX02 165621 0.972822
165786 CX02 165622 0.003883
165786 CX02 165619 0.003883
165786 CX02 165620 0.003883
165786 CX02 165625 0.003883
165786 CX02 165626 0.003883
165786 CX02 165623 0.003883
165786 CX02 165624 0.003883
165786 CX12 165621 0.972433
165786 CX12 165622 0.003938
165786 CX12 165619 0.003938
165786 CX12 165620 0.003938
165786 CX12 165626 0.003938
165786 CX12 165625 0.003938
165786 CX12 165624 0.003938
165786 CX12 165623 0.003938
165786 P2 166370 0.982400
165786 P2 165786 0.017600
165786 X0 165785 0.999626
165786 X0 165786 0.000125
165786 X0 165783 0.000125
165786 X0 165784 0.000125
166075 CX02 165645 0.972822
166075 CX02 166253 0.003883
166075 CX02 165684 0.003883
166075 CX02 166292 0.003883
166075 CX02 165762 0.003883
166075 CX02 166331 0.003883
166075 CX02 165723 0.003883
166075 CX02 166370 0.003883
166075 CX12 165645 0.972433
166075 CX12 166253 0.003938
166075 CX12 165684 0.003938
166075 CX12 166292 0.003938
166075 CX12 165762 0.003938
166075 CX12 166331 0.003938
166075 CX12 165723 0.003938
166075 CX12 166370 0.003938
166075 X0 166079 0.999626
166075 X0 166075 0.000125
166075 X0 166078 0.000125
166075 X0 166082 0.000125
166076 CX02 166253 0.972822
166076 CX02 165645 0.003883
166076 CX02 166292 0.003883
166076 CX02 165684 0.003883
166076 CX02 166331 0.003883
166076 CX02 165762 0.003883
166076 CX02 166370 0.003883
166076 CX02 165723 0.003883
166076 CX12 166253 0.972433
166076 CX12 165645 0.003938
166076 CX12 166292 0.003938
166076 CX12 165684 0.003938
166076 CX12 166331 0.003938
166076 CX12 165762 0.003938
166076 CX12 166370 0.003938
166076 CX12 165723 0.003938
166076 X0 166080 0.999626
166076 X0 166076 0.000125
166076 X0 166077 0.000125
166076 X0 166081 0.000125
166077 CX02 166370 0.972822
166077 CX02 165723 0.003883
166077 CX02 166331 0.003883
166077 CX02 165762 0.003883
166077 CX02 166292 0.003883
166077 CX02 165684 0.003883
166077 CX02 166253 0.003883
166077 CX02 165645 0.003883
166077 CX12 166370 0.972433
166077 CX12 165723 0.003938
166077 CX12 166331 0.003938
166077 CX12 165762 0.003938
166077 CX12 166292 0.003938
166077 CX12 165684 0.003938
166077 CX12 166253 0.003938
166077 CX12 165645 0.003938
166077 X0 166081 0.999626
166077 X0 166077 0.000125
166077 X0 166076 0.000125
166077 X0 166080 0.000125
166078 CX02 165723 0.972822
166078 CX02 166370 0.003883
166078 CX02 165762 0.003883
166078 CX02 166331 0.003883
166078 CX02 165684 0.003883
166078 CX02 166292 0.003883
166078 CX02 165645 0.003883
166078 CX02 166253 0.003883
166078 CX12 165723 0.972433
166078 CX12 166370 0.003938
166078 CX12 165762 0.003938
166078 CX12 166331 0.003938
166078 CX12 165684 0.003938
166078 CX12 166292 0.003938
166078 CX12 165645 0.003938
166078 CX12 166253 0.003938
166078 X0 166082 0.999626
166078 X0 166078 0.000125
166078 X0 166075 0.000125
166078 X0 166079 0.000125
166079 CX02 166292 0.972822
166079 CX02 165684 0.003883
166079 CX02 166253 0.003883
166079 CX02 165645 0.003883
166079 CX02 166370 0.003883
166079 CX02 165723 0.003883
166079 CX02 166331 0.003883
166079 CX02 165762 0.003883
166079 CX12 165684 0.972433
166079 CX12 166292 0.003938
166079 CX12 165645 0.003938
166079 CX12 166253 0.003938
166079 CX12 165723 0.003938
166079 CX12 166370 0.003938
166079 CX12 165762 0.003938
166079 CX12 166331 0.003938
166079 X0 166075 0.999626
166079 X0 166079 0.000125
166079 X0 166082 0.000125
166079 X0 166078 0.000125
166080 CX02 165684 0.972822
166080 CX02 166292 0.003883
166080 CX02 165645 0.003883
166080 CX02 166253 0.003883
166080 CX02 165723 0.003883
166080 CX02 166370 0.003883
166080 CX02 165762 0.003883
166080 CX02 166331 0.003883
166080 CX12 166292 0.972433
166080 CX12 165684 0.003938
166080 CX12 166253 0.003938
166080 CX12 165645 0.003938
166080 CX12 166370 0.003938
166080 CX12 165723 0.003938
166080 CX12 166331 0.003938
166080 CX12 165762 0.003938
166080 X0 166076 0.999626
166080 X0 166080 0.000125
166080 X0 166081 0.000125
166080 X0 166077 0.000125
166081 CX02 165762 0.972822
166081 CX02 166331 0.003883
166081 CX02 165723 0.003883
166081 CX02 166370 0.003883
166081 CX02 165645 0.003883
166081 CX02 166253 0.003883
166081 CX02 165684 0.003883
166081 CX02 166292 0.003883
166081 CX12 166331 0.972433
166081 CX12 165762 0.003938
166081 CX12 166370 0.003938
166081 CX12 165723 0.003938
166081 CX12 166253 0.003938
166081 CX12 165645 0.003938
166081 CX12 166292 0.003938
166081 CX12 165684 0.003938
166081 X0 166077 0.999626
166081 X0 166081 0.000125
166081 X0 166080 0.000125
166081 X0 166076 0.000125
166082 CX02 166331 0.972822
166082 CX02 165762 0.003883
166082 CX02 166370 0.003883
166082 CX02 165723 0.003883
166082 CX02 166253 0.003883
166082 CX02 165645 0.003883
166082 CX02 166292 0.003883
166082 CX02 165684 0.003883
166082 CX12 165762 0.972433
166082 CX12 166331 0.003938
166082 CX12 165723 0.003938
166082 CX12 166370 0.003938
166082 CX12 165645 0.003938
166082 CX12 166253 0.003938
166082 CX12 165684 0.003938
166082 CX12 166292 0.003938
166082 X0 166078 0.999626
166082 X0 166082 0.000125
166082 X0 166079 0.000125
166082 X0 166075 0.000125
166253 CX02 166076 0.972822
166253 CX02 166075 0.003883
166253 CX02 166078 0.003883
166253 CX02 166077 0.003883
166253 CX02 166080 0.003883
166253 CX02 166079 0.003883
166253 CX02 166082 0.003883
166253 CX02 166081 0.003883
166253 CX12 166076 0.972433
166253 CX12 166075 0.003938
166253 CX12 166078 0.003938
166253 CX12 166077 0.003938
166253 CX12 166079 0.003938
166253 CX12 166080 0.003938
166253 CX12 166081 0.003938
166253 CX12 166082 0.003938
166253 P2 166253 0.982400
166253 P2 165783 0.017600
166253 X0 166292 0.999626
166253 X0 166253 0.000125
166253 X0 166370 0.000125
166253 X0 166331 0.000125
166292 CX02 166079 0.972822
166292 CX02 166080 0.003883
166292 CX02 166081 0.003883
166292 CX02 166082 0.003883
166292 CX02 166075 0.003883
166292 CX02 166076 0.003883
166292 CX02 166077 0.003883
166292 CX02 166078 0.003883
166292 CX12 166080 0.972433
166292 CX12 166079 0.003938
166292 CX12 166082 0.003938
166292 CX12 166081 0.003938
166292 CX12 166075 0.003938
166292 CX12 166076 0.003938
166292 CX12 166077 0.003938
166292 CX12 166078 0.003938
166292 P2 166292 0.982400
166292 P2 165784 0.017600
166292 X0 166253 0.999626
166292 X0 166292 0.000125
166292 X0 166331 0.000125
166292 X0 166370 0.000125
166331 CX02 166082 0.972822
166331 CX02 166081 0.003883
166331 CX02 166080 0.003883
166331 CX02 166079 0.003883
166331 CX02 166078 0.003883
166331 CX02 166077 0.003883
166331 CX02 166076 0.003883
166331 CX02 166075 0.003883
166331 CX12 166081 0.972433
166331 CX12 166082 0.003938
166331 CX12 166079 0.003938
166331 CX12 166080 0.003938
166331 CX12 166078 0.003938
166331 CX12 166077 0.003938
166331 CX12 166076 0.003938
166331 CX12 166075 0.003938
166331 P2 166331 0.982400
166331 P2 165785 0.017600
166331 X0 166370 0.999626
166331 X0 166331 0.000125
166331 X0 166292 0.000125
166331 X0 166253 0.000125
166370 CX02 166077 0.972822
166370 CX02 166078 0.003883
166370 CX02 166075 0.003883
166370 CX02 166076 0.003883
166370 CX02 166081 0.003883
166370 CX02 166082 0.003883
166370 CX02 166079 0.003883
166370 CX02 166080 0.003883
166370 CX12 166077 0.972433
166370 CX12 166078 0.003938
166370 CX12 166075 0.003938
166370 CX12 166076 0.003938
166370 CX12 166082 0.003938
166370 CX12 166081 0.003938
166370 CX12 166080 0.003938
166370 CX12 166079 0.003938
166370 P2 166370 0.982400
166370 P2 165786 0.017600
166370 X0 166331 0.999626
166370 X0 166370 0.000125
166370 X0 166253 0.000125
166370 X0 166292 0.000125
ENDPOMDP
