BEGINPOMDP
INITIALSTATE: 166815
STATES: 166815,166816,166817,166818,166819,166836,166837,166838,166839,166840,166841,166842,166843,166862,166901,166940,166979,167000,167001,167002,167003,167292,167293,167294,167295,167296,167297,167298,167299,167470,167509,167548,167587
TARGETV: 166816,166818,166862,166940,167000,167003,167470,167587
GAMMA: 166815:0,166816:0,166817:0,166818:0,166819:0,166836:0,166837:0,166838:0,166839:0,166840:0,166841:0,166842:0,166843:0,166862:1,166901:1,166940:1,166979:1,167000:0,167001:0,167002:0,167003:0,167292:1,167293:1,167294:1,167295:1,167296:1,167297:1,167298:1,167299:1,167470:1,167509:1,167548:1,167587:1
BEGINACTIONS
CX02
CX12
P2
X0
ENDACTIONS
166815 INIT_ 166816 0.250000
166815 INIT_ 166817 0.250000
166815 INIT_ 166818 0.250000
166815 INIT_ 166819 0.250000
166816 CX02 166836 0.960097
166816 CX02 166837 0.005700
166816 CX02 166838 0.005700
166816 CX02 166839 0.005700
166816 CX02 166840 0.005700
166816 CX02 166841 0.005700
166816 CX02 166842 0.005700
166816 CX02 166843 0.005700
166816 CX12 166836 0.993445
166816 CX12 166837 0.000936
166816 CX12 166838 0.000936
166816 CX12 166839 0.000936
166816 CX12 166841 0.000936
166816 CX12 166840 0.000936
166816 CX12 166843 0.000936
166816 CX12 166842 0.000936
166816 P2 166816 0.990200
166816 P2 166862 0.009800
166816 X0 166817 0.999342
166816 X0 166816 0.000219
166816 X0 166818 0.000219
166816 X0 166819 0.000219
166817 CX02 166841 0.960097
166817 CX02 166840 0.005700
166817 CX02 166843 0.005700
166817 CX02 166842 0.005700
166817 CX02 166837 0.005700
166817 CX02 166836 0.005700
166817 CX02 166839 0.005700
166817 CX02 166838 0.005700
166817 CX12 166840 0.993445
166817 CX12 166841 0.000936
166817 CX12 166842 0.000936
166817 CX12 166843 0.000936
166817 CX12 166837 0.000936
166817 CX12 166836 0.000936
166817 CX12 166839 0.000936
166817 CX12 166838 0.000936
166817 P2 166817 0.990200
166817 P2 166901 0.009800
166817 X0 166816 0.999342
166817 X0 166817 0.000219
166817 X0 166819 0.000219
166817 X0 166818 0.000219
166818 CX02 166839 0.960097
166818 CX02 166838 0.005700
166818 CX02 166837 0.005700
166818 CX02 166836 0.005700
166818 CX02 166843 0.005700
166818 CX02 166842 0.005700
166818 CX02 166841 0.005700
166818 CX02 166840 0.005700
166818 CX12 166839 0.993445
166818 CX12 166838 0.000936
166818 CX12 166837 0.000936
166818 CX12 166836 0.000936
166818 CX12 166842 0.000936
166818 CX12 166843 0.000936
166818 CX12 166840 0.000936
166818 CX12 166841 0.000936
166818 P2 166818 0.990200
166818 P2 166940 0.009800
166818 X0 166819 0.999342
166818 X0 166818 0.000219
166818 X0 166816 0.000219
166818 X0 166817 0.000219
166819 CX02 166842 0.960097
166819 CX02 166843 0.005700
166819 CX02 166840 0.005700
166819 CX02 166841 0.005700
166819 CX02 166838 0.005700
166819 CX02 166839 0.005700
166819 CX02 166836 0.005700
166819 CX02 166837 0.005700
166819 CX12 166843 0.993445
166819 CX12 166842 0.000936
166819 CX12 166841 0.000936
166819 CX12 166840 0.000936
166819 CX12 166838 0.000936
166819 CX12 166839 0.000936
166819 CX12 166836 0.000936
166819 CX12 166837 0.000936
166819 P2 166819 0.990200
166819 P2 166979 0.009800
166819 X0 166818 0.999342
166819 X0 166819 0.000219
166819 X0 166817 0.000219
166819 X0 166816 0.000219
166836 CX02 166816 0.960097
166836 CX02 167000 0.005700
166836 CX02 166817 0.005700
166836 CX02 167001 0.005700
166836 CX02 166819 0.005700
166836 CX02 167002 0.005700
166836 CX02 166818 0.005700
166836 CX02 167003 0.005700
166836 CX12 166816 0.993445
166836 CX12 167000 0.000936
166836 CX12 166817 0.000936
166836 CX12 167001 0.000936
166836 CX12 166819 0.000936
166836 CX12 167002 0.000936
166836 CX12 166818 0.000936
166836 CX12 167003 0.000936
166836 X0 166840 0.999342
166836 X0 166836 0.000219
166836 X0 166839 0.000219
166836 X0 166843 0.000219
166837 CX02 167000 0.960097
166837 CX02 166816 0.005700
166837 CX02 167001 0.005700
166837 CX02 166817 0.005700
166837 CX02 167002 0.005700
166837 CX02 166819 0.005700
166837 CX02 167003 0.005700
166837 CX02 166818 0.005700
166837 CX12 167000 0.993445
166837 CX12 166816 0.000936
166837 CX12 167001 0.000936
166837 CX12 166817 0.000936
166837 CX12 167002 0.000936
166837 CX12 166819 0.000936
166837 CX12 167003 0.000936
166837 CX12 166818 0.000936
166837 X0 166841 0.999342
166837 X0 166837 0.000219
166837 X0 166838 0.000219
166837 X0 166842 0.000219
166838 CX02 167003 0.960097
166838 CX02 166818 0.005700
166838 CX02 167002 0.005700
166838 CX02 166819 0.005700
166838 CX02 167001 0.005700
166838 CX02 166817 0.005700
166838 CX02 167000 0.005700
166838 CX02 166816 0.005700
166838 CX12 167003 0.993445
166838 CX12 166818 0.000936
166838 CX12 167002 0.000936
166838 CX12 166819 0.000936
166838 CX12 167001 0.000936
166838 CX12 166817 0.000936
166838 CX12 167000 0.000936
166838 CX12 166816 0.000936
166838 X0 166842 0.999342
166838 X0 166838 0.000219
166838 X0 166837 0.000219
166838 X0 166841 0.000219
166839 CX02 166818 0.960097
166839 CX02 167003 0.005700
166839 CX02 166819 0.005700
166839 CX02 167002 0.005700
166839 CX02 166817 0.005700
166839 CX02 167001 0.005700
166839 CX02 166816 0.005700
166839 CX02 167000 0.005700
166839 CX12 166818 0.993445
166839 CX12 167003 0.000936
166839 CX12 166819 0.000936
166839 CX12 167002 0.000936
166839 CX12 166817 0.000936
166839 CX12 167001 0.000936
166839 CX12 166816 0.000936
166839 CX12 167000 0.000936
166839 X0 166843 0.999342
166839 X0 166839 0.000219
166839 X0 166836 0.000219
166839 X0 166840 0.000219
166840 CX02 167001 0.960097
166840 CX02 166817 0.005700
166840 CX02 167000 0.005700
166840 CX02 166816 0.005700
166840 CX02 167003 0.005700
166840 CX02 166818 0.005700
166840 CX02 167002 0.005700
166840 CX02 166819 0.005700
166840 CX12 166817 0.993445
166840 CX12 167001 0.000936
166840 CX12 166816 0.000936
166840 CX12 167000 0.000936
166840 CX12 166818 0.000936
166840 CX12 167003 0.000936
166840 CX12 166819 0.000936
166840 CX12 167002 0.000936
166840 X0 166836 0.999342
166840 X0 166840 0.000219
166840 X0 166843 0.000219
166840 X0 166839 0.000219
166841 CX02 166817 0.960097
166841 CX02 167001 0.005700
166841 CX02 166816 0.005700
166841 CX02 167000 0.005700
166841 CX02 166818 0.005700
166841 CX02 167003 0.005700
166841 CX02 166819 0.005700
166841 CX02 167002 0.005700
166841 CX12 167001 0.993445
166841 CX12 166817 0.000936
166841 CX12 167000 0.000936
166841 CX12 166816 0.000936
166841 CX12 167003 0.000936
166841 CX12 166818 0.000936
166841 CX12 167002 0.000936
166841 CX12 166819 0.000936
166841 X0 166837 0.999342
166841 X0 166841 0.000219
166841 X0 166842 0.000219
166841 X0 166838 0.000219
166842 CX02 166819 0.960097
166842 CX02 167002 0.005700
166842 CX02 166818 0.005700
166842 CX02 167003 0.005700
166842 CX02 166816 0.005700
166842 CX02 167000 0.005700
166842 CX02 166817 0.005700
166842 CX02 167001 0.005700
166842 CX12 167002 0.993445
166842 CX12 166819 0.000936
166842 CX12 167003 0.000936
166842 CX12 166818 0.000936
166842 CX12 167000 0.000936
166842 CX12 166816 0.000936
166842 CX12 167001 0.000936
166842 CX12 166817 0.000936
166842 X0 166838 0.999342
166842 X0 166842 0.000219
166842 X0 166841 0.000219
166842 X0 166837 0.000219
166843 CX02 167002 0.960097
166843 CX02 166819 0.005700
166843 CX02 167003 0.005700
166843 CX02 166818 0.005700
166843 CX02 167000 0.005700
166843 CX02 166816 0.005700
166843 CX02 167001 0.005700
166843 CX02 166817 0.005700
166843 CX12 166819 0.993445
166843 CX12 167002 0.000936
166843 CX12 166818 0.000936
166843 CX12 167003 0.000936
166843 CX12 166816 0.000936
166843 CX12 167000 0.000936
166843 CX12 166817 0.000936
166843 CX12 167001 0.000936
166843 X0 166839 0.999342
166843 X0 166843 0.000219
166843 X0 166840 0.000219
166843 X0 166836 0.000219
166862 CX02 167292 0.960097
166862 CX02 167293 0.005700
166862 CX02 167294 0.005700
166862 CX02 167295 0.005700
166862 CX02 167296 0.005700
166862 CX02 167297 0.005700
166862 CX02 167298 0.005700
166862 CX02 167299 0.005700
166862 CX12 167292 0.993445
166862 CX12 167293 0.000936
166862 CX12 167294 0.000936
166862 CX12 167295 0.000936
166862 CX12 167297 0.000936
166862 CX12 167296 0.000936
166862 CX12 167299 0.000936
166862 CX12 167298 0.000936
166862 P2 166816 0.990200
166862 P2 166862 0.009800
166862 X0 166901 0.999342
166862 X0 166862 0.000219
166862 X0 166940 0.000219
166862 X0 166979 0.000219
166901 CX02 167297 0.960097
166901 CX02 167296 0.005700
166901 CX02 167299 0.005700
166901 CX02 167298 0.005700
166901 CX02 167293 0.005700
166901 CX02 167292 0.005700
166901 CX02 167295 0.005700
166901 CX02 167294 0.005700
166901 CX12 167296 0.993445
166901 CX12 167297 0.000936
166901 CX12 167298 0.000936
166901 CX12 167299 0.000936
166901 CX12 167293 0.000936
166901 CX12 167292 0.000936
166901 CX12 167295 0.000936
166901 CX12 167294 0.000936
166901 P2 166817 0.990200
166901 P2 166901 0.009800
166901 X0 166862 0.999342
166901 X0 166901 0.000219
166901 X0 166979 0.000219
166901 X0 166940 0.000219
166940 CX02 167295 0.960097
166940 CX02 167294 0.005700
166940 CX02 167293 0.005700
166940 CX02 167292 0.005700
166940 CX02 167299 0.005700
166940 CX02 167298 0.005700
166940 CX02 167297 0.005700
166940 CX02 167296 0.005700
166940 CX12 167295 0.993445
166940 CX12 167294 0.000936
166940 CX12 167293 0.000936
166940 CX12 167292 0.000936
166940 CX12 167298 0.000936
166940 CX12 167299 0.000936
166940 CX12 167296 0.000936
166940 CX12 167297 0.000936
166940 P2 166818 0.990200
166940 P2 166940 0.009800
166940 X0 166979 0.999342
166940 X0 166940 0.000219
166940 X0 166862 0.000219
166940 X0 166901 0.000219
166979 CX02 167298 0.960097
166979 CX02 167299 0.005700
166979 CX02 167296 0.005700
166979 CX02 167297 0.005700
166979 CX02 167294 0.005700
166979 CX02 167295 0.005700
166979 CX02 167292 0.005700
166979 CX02 167293 0.005700
166979 CX12 167299 0.993445
166979 CX12 167298 0.000936
166979 CX12 167297 0.000936
166979 CX12 167296 0.000936
166979 CX12 167294 0.000936
166979 CX12 167295 0.000936
166979 CX12 167292 0.000936
166979 CX12 167293 0.000936
166979 P2 166819 0.990200
166979 P2 166979 0.009800
166979 X0 166940 0.999342
166979 X0 166979 0.000219
166979 X0 166901 0.000219
166979 X0 166862 0.000219
167000 CX02 166837 0.960097
167000 CX02 166836 0.005700
167000 CX02 166839 0.005700
167000 CX02 166838 0.005700
167000 CX02 166841 0.005700
167000 CX02 166840 0.005700
167000 CX02 166843 0.005700
167000 CX02 166842 0.005700
167000 CX12 166837 0.993445
167000 CX12 166836 0.000936
167000 CX12 166839 0.000936
167000 CX12 166838 0.000936
167000 CX12 166840 0.000936
167000 CX12 166841 0.000936
167000 CX12 166842 0.000936
167000 CX12 166843 0.000936
167000 P2 167470 0.981600
167000 P2 167000 0.018400
167000 X0 167001 0.999342
167000 X0 167000 0.000219
167000 X0 167003 0.000219
167000 X0 167002 0.000219
167001 CX02 166840 0.960097
167001 CX02 166841 0.005700
167001 CX02 166842 0.005700
167001 CX02 166843 0.005700
167001 CX02 166836 0.005700
167001 CX02 166837 0.005700
167001 CX02 166838 0.005700
167001 CX02 166839 0.005700
167001 CX12 166841 0.993445
167001 CX12 166840 0.000936
167001 CX12 166843 0.000936
167001 CX12 166842 0.000936
167001 CX12 166836 0.000936
167001 CX12 166837 0.000936
167001 CX12 166838 0.000936
167001 CX12 166839 0.000936
167001 P2 167509 0.981600
167001 P2 167001 0.018400
167001 X0 167000 0.999342
167001 X0 167001 0.000219
167001 X0 167002 0.000219
167001 X0 167003 0.000219
167002 CX02 166843 0.960097
167002 CX02 166842 0.005700
167002 CX02 166841 0.005700
167002 CX02 166840 0.005700
167002 CX02 166839 0.005700
167002 CX02 166838 0.005700
167002 CX02 166837 0.005700
167002 CX02 166836 0.005700
167002 CX12 166842 0.993445
167002 CX12 166843 0.000936
167002 CX12 166840 0.000936
167002 CX12 166841 0.000936
167002 CX12 166839 0.000936
167002 CX12 166838 0.000936
167002 CX12 166837 0.000936
167002 CX12 166836 0.000936
167002 P2 167548 0.981600
167002 P2 167002 0.018400
167002 X0 167003 0.999342
167002 X0 167002 0.000219
167002 X0 167001 0.000219
167002 X0 167000 0.000219
167003 CX02 166838 0.960097
167003 CX02 166839 0.005700
167003 CX02 166836 0.005700
167003 CX02 166837 0.005700
167003 CX02 166842 0.005700
167003 CX02 166843 0.005700
167003 CX02 166840 0.005700
167003 CX02 166841 0.005700
167003 CX12 166838 0.993445
167003 CX12 166839 0.000936
167003 CX12 166836 0.000936
167003 CX12 166837 0.000936
167003 CX12 166843 0.000936
167003 CX12 166842 0.000936
167003 CX12 166841 0.000936
167003 CX12 166840 0.000936
167003 P2 167587 0.981600
167003 P2 167003 0.018400
167003 X0 167002 0.999342
167003 X0 167003 0.000219
167003 X0 167000 0.000219
167003 X0 167001 0.000219
167292 CX02 166862 0.960097
167292 CX02 167470 0.005700
167292 CX02 166901 0.005700
167292 CX02 167509 0.005700
167292 CX02 166979 0.005700
167292 CX02 167548 0.005700
167292 CX02 166940 0.005700
167292 CX02 167587 0.005700
167292 CX12 166862 0.993445
167292 CX12 167470 0.000936
167292 CX12 166901 0.000936
167292 CX12 167509 0.000936
167292 CX12 166979 0.000936
167292 CX12 167548 0.000936
167292 CX12 166940 0.000936
167292 CX12 167587 0.000936
167292 X0 167296 0.999342
167292 X0 167292 0.000219
167292 X0 167295 0.000219
167292 X0 167299 0.000219
167293 CX02 167470 0.960097
167293 CX02 166862 0.005700
167293 CX02 167509 0.005700
167293 CX02 166901 0.005700
167293 CX02 167548 0.005700
167293 CX02 166979 0.005700
167293 CX02 167587 0.005700
167293 CX02 166940 0.005700
167293 CX12 167470 0.993445
167293 CX12 166862 0.000936
167293 CX12 167509 0.000936
167293 CX12 166901 0.000936
167293 CX12 167548 0.000936
167293 CX12 166979 0.000936
167293 CX12 167587 0.000936
167293 CX12 166940 0.000936
167293 X0 167297 0.999342
167293 X0 167293 0.000219
167293 X0 167294 0.000219
167293 X0 167298 0.000219
167294 CX02 167587 0.960097
167294 CX02 166940 0.005700
167294 CX02 167548 0.005700
167294 CX02 166979 0.005700
167294 CX02 167509 0.005700
167294 CX02 166901 0.005700
167294 CX02 167470 0.005700
167294 CX02 166862 0.005700
167294 CX12 167587 0.993445
167294 CX12 166940 0.000936
167294 CX12 167548 0.000936
167294 CX12 166979 0.000936
167294 CX12 167509 0.000936
167294 CX12 166901 0.000936
167294 CX12 167470 0.000936
167294 CX12 166862 0.000936
167294 X0 167298 0.999342
167294 X0 167294 0.000219
167294 X0 167293 0.000219
167294 X0 167297 0.000219
167295 CX02 166940 0.960097
167295 CX02 167587 0.005700
167295 CX02 166979 0.005700
167295 CX02 167548 0.005700
167295 CX02 166901 0.005700
167295 CX02 167509 0.005700
167295 CX02 166862 0.005700
167295 CX02 167470 0.005700
167295 CX12 166940 0.993445
167295 CX12 167587 0.000936
167295 CX12 166979 0.000936
167295 CX12 167548 0.000936
167295 CX12 166901 0.000936
167295 CX12 167509 0.000936
167295 CX12 166862 0.000936
167295 CX12 167470 0.000936
167295 X0 167299 0.999342
167295 X0 167295 0.000219
167295 X0 167292 0.000219
167295 X0 167296 0.000219
167296 CX02 167509 0.960097
167296 CX02 166901 0.005700
167296 CX02 167470 0.005700
167296 CX02 166862 0.005700
167296 CX02 167587 0.005700
167296 CX02 166940 0.005700
167296 CX02 167548 0.005700
167296 CX02 166979 0.005700
167296 CX12 166901 0.993445
167296 CX12 167509 0.000936
167296 CX12 166862 0.000936
167296 CX12 167470 0.000936
167296 CX12 166940 0.000936
167296 CX12 167587 0.000936
167296 CX12 166979 0.000936
167296 CX12 167548 0.000936
167296 X0 167292 0.999342
167296 X0 167296 0.000219
167296 X0 167299 0.000219
167296 X0 167295 0.000219
167297 CX02 166901 0.960097
167297 CX02 167509 0.005700
167297 CX02 166862 0.005700
167297 CX02 167470 0.005700
167297 CX02 166940 0.005700
167297 CX02 167587 0.005700
167297 CX02 166979 0.005700
167297 CX02 167548 0.005700
167297 CX12 167509 0.993445
167297 CX12 166901 0.000936
167297 CX12 167470 0.000936
167297 CX12 166862 0.000936
167297 CX12 167587 0.000936
167297 CX12 166940 0.000936
167297 CX12 167548 0.000936
167297 CX12 166979 0.000936
167297 X0 167293 0.999342
167297 X0 167297 0.000219
167297 X0 167298 0.000219
167297 X0 167294 0.000219
167298 CX02 166979 0.960097
167298 CX02 167548 0.005700
167298 CX02 166940 0.005700
167298 CX02 167587 0.005700
167298 CX02 166862 0.005700
167298 CX02 167470 0.005700
167298 CX02 166901 0.005700
167298 CX02 167509 0.005700
167298 CX12 167548 0.993445
167298 CX12 166979 0.000936
167298 CX12 167587 0.000936
167298 CX12 166940 0.000936
167298 CX12 167470 0.000936
167298 CX12 166862 0.000936
167298 CX12 167509 0.000936
167298 CX12 166901 0.000936
167298 X0 167294 0.999342
167298 X0 167298 0.000219
167298 X0 167297 0.000219
167298 X0 167293 0.000219
167299 CX02 167548 0.960097
167299 CX02 166979 0.005700
167299 CX02 167587 0.005700
167299 CX02 166940 0.005700
167299 CX02 167470 0.005700
167299 CX02 166862 0.005700
167299 CX02 167509 0.005700
167299 CX02 166901 0.005700
167299 CX12 166979 0.993445
167299 CX12 167548 0.000936
167299 CX12 166940 0.000936
167299 CX12 167587 0.000936
167299 CX12 166862 0.000936
167299 CX12 167470 0.000936
167299 CX12 166901 0.000936
167299 CX12 167509 0.000936
167299 X0 167295 0.999342
167299 X0 167299 0.000219
167299 X0 167296 0.000219
167299 X0 167292 0.000219
167470 CX02 167293 0.960097
167470 CX02 167292 0.005700
167470 CX02 167295 0.005700
167470 CX02 167294 0.005700
167470 CX02 167297 0.005700
167470 CX02 167296 0.005700
167470 CX02 167299 0.005700
167470 CX02 167298 0.005700
167470 CX12 167293 0.993445
167470 CX12 167292 0.000936
167470 CX12 167295 0.000936
167470 CX12 167294 0.000936
167470 CX12 167296 0.000936
167470 CX12 167297 0.000936
167470 CX12 167298 0.000936
167470 CX12 167299 0.000936
167470 P2 167470 0.981600
167470 P2 167000 0.018400
167470 X0 167509 0.999342
167470 X0 167470 0.000219
167470 X0 167587 0.000219
167470 X0 167548 0.000219
167509 CX02 167296 0.960097
167509 CX02 167297 0.005700
167509 CX02 167298 0.005700
167509 CX02 167299 0.005700
167509 CX02 167292 0.005700
167509 CX02 167293 0.005700
167509 CX02 167294 0.005700
167509 CX02 167295 0.005700
167509 CX12 167297 0.993445
167509 CX12 167296 0.000936
167509 CX12 167299 0.000936
167509 CX12 167298 0.000936
167509 CX12 167292 0.000936
167509 CX12 167293 0.000936
167509 CX12 167294 0.000936
167509 CX12 167295 0.000936
167509 P2 167509 0.981600
167509 P2 167001 0.018400
167509 X0 167470 0.999342
167509 X0 167509 0.000219
167509 X0 167548 0.000219
167509 X0 167587 0.000219
167548 CX02 167299 0.960097
167548 CX02 167298 0.005700
167548 CX02 167297 0.005700
167548 CX02 167296 0.005700
167548 CX02 167295 0.005700
167548 CX02 167294 0.005700
167548 CX02 167293 0.005700
167548 CX02 167292 0.005700
167548 CX12 167298 0.993445
167548 CX12 167299 0.000936
167548 CX12 167296 0.000936
167548 CX12 167297 0.000936
167548 CX12 167295 0.000936
167548 CX12 167294 0.000936
167548 CX12 167293 0.000936
167548 CX12 167292 0.000936
167548 P2 167548 0.981600
167548 P2 167002 0.018400
167548 X0 167587 0.999342
167548 X0 167548 0.000219
167548 X0 167509 0.000219
167548 X0 167470 0.000219
167587 CX02 167294 0.960097
167587 CX02 167295 0.005700
167587 CX02 167292 0.005700
167587 CX02 167293 0.005700
167587 CX02 167298 0.005700
167587 CX02 167299 0.005700
167587 CX02 167296 0.005700
167587 CX02 167297 0.005700
167587 CX12 167294 0.993445
167587 CX12 167295 0.000936
167587 CX12 167292 0.000936
167587 CX12 167293 0.000936
167587 CX12 167299 0.000936
167587 CX12 167298 0.000936
167587 CX12 167297 0.000936
167587 CX12 167296 0.000936
167587 P2 167587 0.981600
167587 P2 167003 0.018400
167587 X0 167548 0.999342
167587 X0 167587 0.000219
167587 X0 167470 0.000219
167587 X0 167509 0.000219
ENDPOMDP
