BEGINPOMDP
INITIALSTATE: 2174535
STATES: 2174535,2174536,2174537,2174538,2174539,2174556,2174557,2174558,2174559,2174560,2174561,2174562,2174563,2174582,2174621,2174660,2174699,2174720,2174721,2174722,2174723,2175012,2175013,2175014,2175015,2175016,2175017,2175018,2175019,2175190,2175229,2175268,2175307
TARGETV: 2174536,2174538,2174582,2174660,2174720,2174723,2175190,2175307
GAMMA: 2174535:0,2174536:0,2174537:0,2174538:0,2174539:0,2174556:0,2174557:0,2174558:0,2174559:0,2174560:0,2174561:0,2174562:0,2174563:0,2174582:1,2174621:1,2174660:1,2174699:1,2174720:0,2174721:0,2174722:0,2174723:0,2175012:1,2175013:1,2175014:1,2175015:1,2175016:1,2175017:1,2175018:1,2175019:1,2175190:1,2175229:1,2175268:1,2175307:1
BEGINACTIONS
CX02
CX12
P2
X0
ENDACTIONS
2174535 INIT_ 2174536 0.250000
2174535 INIT_ 2174537 0.250000
2174535 INIT_ 2174538 0.250000
2174535 INIT_ 2174539 0.250000
2174536 CX02 2174556 0.994534
2174536 CX02 2174557 0.000781
2174536 CX02 2174558 0.000781
2174536 CX02 2174559 0.000781
2174536 CX02 2174560 0.000781
2174536 CX02 2174561 0.000781
2174536 CX02 2174562 0.000781
2174536 CX02 2174563 0.000781
2174536 CX12 2174556 0.994036
2174536 CX12 2174557 0.000852
2174536 CX12 2174558 0.000852
2174536 CX12 2174559 0.000852
2174536 CX12 2174561 0.000852
2174536 CX12 2174560 0.000852
2174536 CX12 2174563 0.000852
2174536 CX12 2174562 0.000852
2174536 P2 2174536 0.897800
2174536 P2 2174582 0.102200
2174536 X0 2174537 0.999627
2174536 X0 2174536 0.000124
2174536 X0 2174538 0.000124
2174536 X0 2174539 0.000124
2174537 CX02 2174561 0.994534
2174537 CX02 2174560 0.000781
2174537 CX02 2174563 0.000781
2174537 CX02 2174562 0.000781
2174537 CX02 2174557 0.000781
2174537 CX02 2174556 0.000781
2174537 CX02 2174559 0.000781
2174537 CX02 2174558 0.000781
2174537 CX12 2174560 0.994036
2174537 CX12 2174561 0.000852
2174537 CX12 2174562 0.000852
2174537 CX12 2174563 0.000852
2174537 CX12 2174557 0.000852
2174537 CX12 2174556 0.000852
2174537 CX12 2174559 0.000852
2174537 CX12 2174558 0.000852
2174537 P2 2174537 0.897800
2174537 P2 2174621 0.102200
2174537 X0 2174536 0.999627
2174537 X0 2174537 0.000124
2174537 X0 2174539 0.000124
2174537 X0 2174538 0.000124
2174538 CX02 2174559 0.994534
2174538 CX02 2174558 0.000781
2174538 CX02 2174557 0.000781
2174538 CX02 2174556 0.000781
2174538 CX02 2174563 0.000781
2174538 CX02 2174562 0.000781
2174538 CX02 2174561 0.000781
2174538 CX02 2174560 0.000781
2174538 CX12 2174559 0.994036
2174538 CX12 2174558 0.000852
2174538 CX12 2174557 0.000852
2174538 CX12 2174556 0.000852
2174538 CX12 2174562 0.000852
2174538 CX12 2174563 0.000852
2174538 CX12 2174560 0.000852
2174538 CX12 2174561 0.000852
2174538 P2 2174538 0.897800
2174538 P2 2174660 0.102200
2174538 X0 2174539 0.999627
2174538 X0 2174538 0.000124
2174538 X0 2174536 0.000124
2174538 X0 2174537 0.000124
2174539 CX02 2174562 0.994534
2174539 CX02 2174563 0.000781
2174539 CX02 2174560 0.000781
2174539 CX02 2174561 0.000781
2174539 CX02 2174558 0.000781
2174539 CX02 2174559 0.000781
2174539 CX02 2174556 0.000781
2174539 CX02 2174557 0.000781
2174539 CX12 2174563 0.994036
2174539 CX12 2174562 0.000852
2174539 CX12 2174561 0.000852
2174539 CX12 2174560 0.000852
2174539 CX12 2174558 0.000852
2174539 CX12 2174559 0.000852
2174539 CX12 2174556 0.000852
2174539 CX12 2174557 0.000852
2174539 P2 2174539 0.897800
2174539 P2 2174699 0.102200
2174539 X0 2174538 0.999627
2174539 X0 2174539 0.000124
2174539 X0 2174537 0.000124
2174539 X0 2174536 0.000124
2174556 CX02 2174536 0.994534
2174556 CX02 2174720 0.000781
2174556 CX02 2174537 0.000781
2174556 CX02 2174721 0.000781
2174556 CX02 2174539 0.000781
2174556 CX02 2174722 0.000781
2174556 CX02 2174538 0.000781
2174556 CX02 2174723 0.000781
2174556 CX12 2174536 0.994036
2174556 CX12 2174720 0.000852
2174556 CX12 2174537 0.000852
2174556 CX12 2174721 0.000852
2174556 CX12 2174539 0.000852
2174556 CX12 2174722 0.000852
2174556 CX12 2174538 0.000852
2174556 CX12 2174723 0.000852
2174556 X0 2174560 0.999627
2174556 X0 2174556 0.000124
2174556 X0 2174559 0.000124
2174556 X0 2174563 0.000124
2174557 CX02 2174720 0.994534
2174557 CX02 2174536 0.000781
2174557 CX02 2174721 0.000781
2174557 CX02 2174537 0.000781
2174557 CX02 2174722 0.000781
2174557 CX02 2174539 0.000781
2174557 CX02 2174723 0.000781
2174557 CX02 2174538 0.000781
2174557 CX12 2174720 0.994036
2174557 CX12 2174536 0.000852
2174557 CX12 2174721 0.000852
2174557 CX12 2174537 0.000852
2174557 CX12 2174722 0.000852
2174557 CX12 2174539 0.000852
2174557 CX12 2174723 0.000852
2174557 CX12 2174538 0.000852
2174557 X0 2174561 0.999627
2174557 X0 2174557 0.000124
2174557 X0 2174558 0.000124
2174557 X0 2174562 0.000124
2174558 CX02 2174723 0.994534
2174558 CX02 2174538 0.000781
2174558 CX02 2174722 0.000781
2174558 CX02 2174539 0.000781
2174558 CX02 2174721 0.000781
2174558 CX02 2174537 0.000781
2174558 CX02 2174720 0.000781
2174558 CX02 2174536 0.000781
2174558 CX12 2174723 0.994036
2174558 CX12 2174538 0.000852
2174558 CX12 2174722 0.000852
2174558 CX12 2174539 0.000852
2174558 CX12 2174721 0.000852
2174558 CX12 2174537 0.000852
2174558 CX12 2174720 0.000852
2174558 CX12 2174536 0.000852
2174558 X0 2174562 0.999627
2174558 X0 2174558 0.000124
2174558 X0 2174557 0.000124
2174558 X0 2174561 0.000124
2174559 CX02 2174538 0.994534
2174559 CX02 2174723 0.000781
2174559 CX02 2174539 0.000781
2174559 CX02 2174722 0.000781
2174559 CX02 2174537 0.000781
2174559 CX02 2174721 0.000781
2174559 CX02 2174536 0.000781
2174559 CX02 2174720 0.000781
2174559 CX12 2174538 0.994036
2174559 CX12 2174723 0.000852
2174559 CX12 2174539 0.000852
2174559 CX12 2174722 0.000852
2174559 CX12 2174537 0.000852
2174559 CX12 2174721 0.000852
2174559 CX12 2174536 0.000852
2174559 CX12 2174720 0.000852
2174559 X0 2174563 0.999627
2174559 X0 2174559 0.000124
2174559 X0 2174556 0.000124
2174559 X0 2174560 0.000124
2174560 CX02 2174721 0.994534
2174560 CX02 2174537 0.000781
2174560 CX02 2174720 0.000781
2174560 CX02 2174536 0.000781
2174560 CX02 2174723 0.000781
2174560 CX02 2174538 0.000781
2174560 CX02 2174722 0.000781
2174560 CX02 2174539 0.000781
2174560 CX12 2174537 0.994036
2174560 CX12 2174721 0.000852
2174560 CX12 2174536 0.000852
2174560 CX12 2174720 0.000852
2174560 CX12 2174538 0.000852
2174560 CX12 2174723 0.000852
2174560 CX12 2174539 0.000852
2174560 CX12 2174722 0.000852
2174560 X0 2174556 0.999627
2174560 X0 2174560 0.000124
2174560 X0 2174563 0.000124
2174560 X0 2174559 0.000124
2174561 CX02 2174537 0.994534
2174561 CX02 2174721 0.000781
2174561 CX02 2174536 0.000781
2174561 CX02 2174720 0.000781
2174561 CX02 2174538 0.000781
2174561 CX02 2174723 0.000781
2174561 CX02 2174539 0.000781
2174561 CX02 2174722 0.000781
2174561 CX12 2174721 0.994036
2174561 CX12 2174537 0.000852
2174561 CX12 2174720 0.000852
2174561 CX12 2174536 0.000852
2174561 CX12 2174723 0.000852
2174561 CX12 2174538 0.000852
2174561 CX12 2174722 0.000852
2174561 CX12 2174539 0.000852
2174561 X0 2174557 0.999627
2174561 X0 2174561 0.000124
2174561 X0 2174562 0.000124
2174561 X0 2174558 0.000124
2174562 CX02 2174539 0.994534
2174562 CX02 2174722 0.000781
2174562 CX02 2174538 0.000781
2174562 CX02 2174723 0.000781
2174562 CX02 2174536 0.000781
2174562 CX02 2174720 0.000781
2174562 CX02 2174537 0.000781
2174562 CX02 2174721 0.000781
2174562 CX12 2174722 0.994036
2174562 CX12 2174539 0.000852
2174562 CX12 2174723 0.000852
2174562 CX12 2174538 0.000852
2174562 CX12 2174720 0.000852
2174562 CX12 2174536 0.000852
2174562 CX12 2174721 0.000852
2174562 CX12 2174537 0.000852
2174562 X0 2174558 0.999627
2174562 X0 2174562 0.000124
2174562 X0 2174561 0.000124
2174562 X0 2174557 0.000124
2174563 CX02 2174722 0.994534
2174563 CX02 2174539 0.000781
2174563 CX02 2174723 0.000781
2174563 CX02 2174538 0.000781
2174563 CX02 2174720 0.000781
2174563 CX02 2174536 0.000781
2174563 CX02 2174721 0.000781
2174563 CX02 2174537 0.000781
2174563 CX12 2174539 0.994036
2174563 CX12 2174722 0.000852
2174563 CX12 2174538 0.000852
2174563 CX12 2174723 0.000852
2174563 CX12 2174536 0.000852
2174563 CX12 2174720 0.000852
2174563 CX12 2174537 0.000852
2174563 CX12 2174721 0.000852
2174563 X0 2174559 0.999627
2174563 X0 2174563 0.000124
2174563 X0 2174560 0.000124
2174563 X0 2174556 0.000124
2174582 CX02 2175012 0.994534
2174582 CX02 2175013 0.000781
2174582 CX02 2175014 0.000781
2174582 CX02 2175015 0.000781
2174582 CX02 2175016 0.000781
2174582 CX02 2175017 0.000781
2174582 CX02 2175018 0.000781
2174582 CX02 2175019 0.000781
2174582 CX12 2175012 0.994036
2174582 CX12 2175013 0.000852
2174582 CX12 2175014 0.000852
2174582 CX12 2175015 0.000852
2174582 CX12 2175017 0.000852
2174582 CX12 2175016 0.000852
2174582 CX12 2175019 0.000852
2174582 CX12 2175018 0.000852
2174582 P2 2174536 0.897800
2174582 P2 2174582 0.102200
2174582 X0 2174621 0.999627
2174582 X0 2174582 0.000124
2174582 X0 2174660 0.000124
2174582 X0 2174699 0.000124
2174621 CX02 2175017 0.994534
2174621 CX02 2175016 0.000781
2174621 CX02 2175019 0.000781
2174621 CX02 2175018 0.000781
2174621 CX02 2175013 0.000781
2174621 CX02 2175012 0.000781
2174621 CX02 2175015 0.000781
2174621 CX02 2175014 0.000781
2174621 CX12 2175016 0.994036
2174621 CX12 2175017 0.000852
2174621 CX12 2175018 0.000852
2174621 CX12 2175019 0.000852
2174621 CX12 2175013 0.000852
2174621 CX12 2175012 0.000852
2174621 CX12 2175015 0.000852
2174621 CX12 2175014 0.000852
2174621 P2 2174537 0.897800
2174621 P2 2174621 0.102200
2174621 X0 2174582 0.999627
2174621 X0 2174621 0.000124
2174621 X0 2174699 0.000124
2174621 X0 2174660 0.000124
2174660 CX02 2175015 0.994534
2174660 CX02 2175014 0.000781
2174660 CX02 2175013 0.000781
2174660 CX02 2175012 0.000781
2174660 CX02 2175019 0.000781
2174660 CX02 2175018 0.000781
2174660 CX02 2175017 0.000781
2174660 CX02 2175016 0.000781
2174660 CX12 2175015 0.994036
2174660 CX12 2175014 0.000852
2174660 CX12 2175013 0.000852
2174660 CX12 2175012 0.000852
2174660 CX12 2175018 0.000852
2174660 CX12 2175019 0.000852
2174660 CX12 2175016 0.000852
2174660 CX12 2175017 0.000852
2174660 P2 2174538 0.897800
2174660 P2 2174660 0.102200
2174660 X0 2174699 0.999627
2174660 X0 2174660 0.000124
2174660 X0 2174582 0.000124
2174660 X0 2174621 0.000124
2174699 CX02 2175018 0.994534
2174699 CX02 2175019 0.000781
2174699 CX02 2175016 0.000781
2174699 CX02 2175017 0.000781
2174699 CX02 2175014 0.000781
2174699 CX02 2175015 0.000781
2174699 CX02 2175012 0.000781
2174699 CX02 2175013 0.000781
2174699 CX12 2175019 0.994036
2174699 CX12 2175018 0.000852
2174699 CX12 2175017 0.000852
2174699 CX12 2175016 0.000852
2174699 CX12 2175014 0.000852
2174699 CX12 2175015 0.000852
2174699 CX12 2175012 0.000852
2174699 CX12 2175013 0.000852
2174699 P2 2174539 0.897800
2174699 P2 2174699 0.102200
2174699 X0 2174660 0.999627
2174699 X0 2174699 0.000124
2174699 X0 2174621 0.000124
2174699 X0 2174582 0.000124
2174720 CX02 2174557 0.994534
2174720 CX02 2174556 0.000781
2174720 CX02 2174559 0.000781
2174720 CX02 2174558 0.000781
2174720 CX02 2174561 0.000781
2174720 CX02 2174560 0.000781
2174720 CX02 2174563 0.000781
2174720 CX02 2174562 0.000781
2174720 CX12 2174557 0.994036
2174720 CX12 2174556 0.000852
2174720 CX12 2174559 0.000852
2174720 CX12 2174558 0.000852
2174720 CX12 2174560 0.000852
2174720 CX12 2174561 0.000852
2174720 CX12 2174562 0.000852
2174720 CX12 2174563 0.000852
2174720 P2 2175190 0.899800
2174720 P2 2174720 0.100200
2174720 X0 2174721 0.999627
2174720 X0 2174720 0.000124
2174720 X0 2174723 0.000124
2174720 X0 2174722 0.000124
2174721 CX02 2174560 0.994534
2174721 CX02 2174561 0.000781
2174721 CX02 2174562 0.000781
2174721 CX02 2174563 0.000781
2174721 CX02 2174556 0.000781
2174721 CX02 2174557 0.000781
2174721 CX02 2174558 0.000781
2174721 CX02 2174559 0.000781
2174721 CX12 2174561 0.994036
2174721 CX12 2174560 0.000852
2174721 CX12 2174563 0.000852
2174721 CX12 2174562 0.000852
2174721 CX12 2174556 0.000852
2174721 CX12 2174557 0.000852
2174721 CX12 2174558 0.000852
2174721 CX12 2174559 0.000852
2174721 P2 2175229 0.899800
2174721 P2 2174721 0.100200
2174721 X0 2174720 0.999627
2174721 X0 2174721 0.000124
2174721 X0 2174722 0.000124
2174721 X0 2174723 0.000124
2174722 CX02 2174563 0.994534
2174722 CX02 2174562 0.000781
2174722 CX02 2174561 0.000781
2174722 CX02 2174560 0.000781
2174722 CX02 2174559 0.000781
2174722 CX02 2174558 0.000781
2174722 CX02 2174557 0.000781
2174722 CX02 2174556 0.000781
2174722 CX12 2174562 0.994036
2174722 CX12 2174563 0.000852
2174722 CX12 2174560 0.000852
2174722 CX12 2174561 0.000852
2174722 CX12 2174559 0.000852
2174722 CX12 2174558 0.000852
2174722 CX12 2174557 0.000852
2174722 CX12 2174556 0.000852
2174722 P2 2175268 0.899800
2174722 P2 2174722 0.100200
2174722 X0 2174723 0.999627
2174722 X0 2174722 0.000124
2174722 X0 2174721 0.000124
2174722 X0 2174720 0.000124
2174723 CX02 2174558 0.994534
2174723 CX02 2174559 0.000781
2174723 CX02 2174556 0.000781
2174723 CX02 2174557 0.000781
2174723 CX02 2174562 0.000781
2174723 CX02 2174563 0.000781
2174723 CX02 2174560 0.000781
2174723 CX02 2174561 0.000781
2174723 CX12 2174558 0.994036
2174723 CX12 2174559 0.000852
2174723 CX12 2174556 0.000852
2174723 CX12 2174557 0.000852
2174723 CX12 2174563 0.000852
2174723 CX12 2174562 0.000852
2174723 CX12 2174561 0.000852
2174723 CX12 2174560 0.000852
2174723 P2 2175307 0.899800
2174723 P2 2174723 0.100200
2174723 X0 2174722 0.999627
2174723 X0 2174723 0.000124
2174723 X0 2174720 0.000124
2174723 X0 2174721 0.000124
2175012 CX02 2174582 0.994534
2175012 CX02 2175190 0.000781
2175012 CX02 2174621 0.000781
2175012 CX02 2175229 0.000781
2175012 CX02 2174699 0.000781
2175012 CX02 2175268 0.000781
2175012 CX02 2174660 0.000781
2175012 CX02 2175307 0.000781
2175012 CX12 2174582 0.994036
2175012 CX12 2175190 0.000852
2175012 CX12 2174621 0.000852
2175012 CX12 2175229 0.000852
2175012 CX12 2174699 0.000852
2175012 CX12 2175268 0.000852
2175012 CX12 2174660 0.000852
2175012 CX12 2175307 0.000852
2175012 X0 2175016 0.999627
2175012 X0 2175012 0.000124
2175012 X0 2175015 0.000124
2175012 X0 2175019 0.000124
2175013 CX02 2175190 0.994534
2175013 CX02 2174582 0.000781
2175013 CX02 2175229 0.000781
2175013 CX02 2174621 0.000781
2175013 CX02 2175268 0.000781
2175013 CX02 2174699 0.000781
2175013 CX02 2175307 0.000781
2175013 CX02 2174660 0.000781
2175013 CX12 2175190 0.994036
2175013 CX12 2174582 0.000852
2175013 CX12 2175229 0.000852
2175013 CX12 2174621 0.000852
2175013 CX12 2175268 0.000852
2175013 CX12 2174699 0.000852
2175013 CX12 2175307 0.000852
2175013 CX12 2174660 0.000852
2175013 X0 2175017 0.999627
2175013 X0 2175013 0.000124
2175013 X0 2175014 0.000124
2175013 X0 2175018 0.000124
2175014 CX02 2175307 0.994534
2175014 CX02 2174660 0.000781
2175014 CX02 2175268 0.000781
2175014 CX02 2174699 0.000781
2175014 CX02 2175229 0.000781
2175014 CX02 2174621 0.000781
2175014 CX02 2175190 0.000781
2175014 CX02 2174582 0.000781
2175014 CX12 2175307 0.994036
2175014 CX12 2174660 0.000852
2175014 CX12 2175268 0.000852
2175014 CX12 2174699 0.000852
2175014 CX12 2175229 0.000852
2175014 CX12 2174621 0.000852
2175014 CX12 2175190 0.000852
2175014 CX12 2174582 0.000852
2175014 X0 2175018 0.999627
2175014 X0 2175014 0.000124
2175014 X0 2175013 0.000124
2175014 X0 2175017 0.000124
2175015 CX02 2174660 0.994534
2175015 CX02 2175307 0.000781
2175015 CX02 2174699 0.000781
2175015 CX02 2175268 0.000781
2175015 CX02 2174621 0.000781
2175015 CX02 2175229 0.000781
2175015 CX02 2174582 0.000781
2175015 CX02 2175190 0.000781
2175015 CX12 2174660 0.994036
2175015 CX12 2175307 0.000852
2175015 CX12 2174699 0.000852
2175015 CX12 2175268 0.000852
2175015 CX12 2174621 0.000852
2175015 CX12 2175229 0.000852
2175015 CX12 2174582 0.000852
2175015 CX12 2175190 0.000852
2175015 X0 2175019 0.999627
2175015 X0 2175015 0.000124
2175015 X0 2175012 0.000124
2175015 X0 2175016 0.000124
2175016 CX02 2175229 0.994534
2175016 CX02 2174621 0.000781
2175016 CX02 2175190 0.000781
2175016 CX02 2174582 0.000781
2175016 CX02 2175307 0.000781
2175016 CX02 2174660 0.000781
2175016 CX02 2175268 0.000781
2175016 CX02 2174699 0.000781
2175016 CX12 2174621 0.994036
2175016 CX12 2175229 0.000852
2175016 CX12 2174582 0.000852
2175016 CX12 2175190 0.000852
2175016 CX12 2174660 0.000852
2175016 CX12 2175307 0.000852
2175016 CX12 2174699 0.000852
2175016 CX12 2175268 0.000852
2175016 X0 2175012 0.999627
2175016 X0 2175016 0.000124
2175016 X0 2175019 0.000124
2175016 X0 2175015 0.000124
2175017 CX02 2174621 0.994534
2175017 CX02 2175229 0.000781
2175017 CX02 2174582 0.000781
2175017 CX02 2175190 0.000781
2175017 CX02 2174660 0.000781
2175017 CX02 2175307 0.000781
2175017 CX02 2174699 0.000781
2175017 CX02 2175268 0.000781
2175017 CX12 2175229 0.994036
2175017 CX12 2174621 0.000852
2175017 CX12 2175190 0.000852
2175017 CX12 2174582 0.000852
2175017 CX12 2175307 0.000852
2175017 CX12 2174660 0.000852
2175017 CX12 2175268 0.000852
2175017 CX12 2174699 0.000852
2175017 X0 2175013 0.999627
2175017 X0 2175017 0.000124
2175017 X0 2175018 0.000124
2175017 X0 2175014 0.000124
2175018 CX02 2174699 0.994534
2175018 CX02 2175268 0.000781
2175018 CX02 2174660 0.000781
2175018 CX02 2175307 0.000781
2175018 CX02 2174582 0.000781
2175018 CX02 2175190 0.000781
2175018 CX02 2174621 0.000781
2175018 CX02 2175229 0.000781
2175018 CX12 2175268 0.994036
2175018 CX12 2174699 0.000852
2175018 CX12 2175307 0.000852
2175018 CX12 2174660 0.000852
2175018 CX12 2175190 0.000852
2175018 CX12 2174582 0.000852
2175018 CX12 2175229 0.000852
2175018 CX12 2174621 0.000852
2175018 X0 2175014 0.999627
2175018 X0 2175018 0.000124
2175018 X0 2175017 0.000124
2175018 X0 2175013 0.000124
2175019 CX02 2175268 0.994534
2175019 CX02 2174699 0.000781
2175019 CX02 2175307 0.000781
2175019 CX02 2174660 0.000781
2175019 CX02 2175190 0.000781
2175019 CX02 2174582 0.000781
2175019 CX02 2175229 0.000781
2175019 CX02 2174621 0.000781
2175019 CX12 2174699 0.994036
2175019 CX12 2175268 0.000852
2175019 CX12 2174660 0.000852
2175019 CX12 2175307 0.000852
2175019 CX12 2174582 0.000852
2175019 CX12 2175190 0.000852
2175019 CX12 2174621 0.000852
2175019 CX12 2175229 0.000852
2175019 X0 2175015 0.999627
2175019 X0 2175019 0.000124
2175019 X0 2175016 0.000124
2175019 X0 2175012 0.000124
2175190 CX02 2175013 0.994534
2175190 CX02 2175012 0.000781
2175190 CX02 2175015 0.000781
2175190 CX02 2175014 0.000781
2175190 CX02 2175017 0.000781
2175190 CX02 2175016 0.000781
2175190 CX02 2175019 0.000781
2175190 CX02 2175018 0.000781
2175190 CX12 2175013 0.994036
2175190 CX12 2175012 0.000852
2175190 CX12 2175015 0.000852
2175190 CX12 2175014 0.000852
2175190 CX12 2175016 0.000852
2175190 CX12 2175017 0.000852
2175190 CX12 2175018 0.000852
2175190 CX12 2175019 0.000852
2175190 P2 2175190 0.899800
2175190 P2 2174720 0.100200
2175190 X0 2175229 0.999627
2175190 X0 2175190 0.000124
2175190 X0 2175307 0.000124
2175190 X0 2175268 0.000124
2175229 CX02 2175016 0.994534
2175229 CX02 2175017 0.000781
2175229 CX02 2175018 0.000781
2175229 CX02 2175019 0.000781
2175229 CX02 2175012 0.000781
2175229 CX02 2175013 0.000781
2175229 CX02 2175014 0.000781
2175229 CX02 2175015 0.000781
2175229 CX12 2175017 0.994036
2175229 CX12 2175016 0.000852
2175229 CX12 2175019 0.000852
2175229 CX12 2175018 0.000852
2175229 CX12 2175012 0.000852
2175229 CX12 2175013 0.000852
2175229 CX12 2175014 0.000852
2175229 CX12 2175015 0.000852
2175229 P2 2175229 0.899800
2175229 P2 2174721 0.100200
2175229 X0 2175190 0.999627
2175229 X0 2175229 0.000124
2175229 X0 2175268 0.000124
2175229 X0 2175307 0.000124
2175268 CX02 2175019 0.994534
2175268 CX02 2175018 0.000781
2175268 CX02 2175017 0.000781
2175268 CX02 2175016 0.000781
2175268 CX02 2175015 0.000781
2175268 CX02 2175014 0.000781
2175268 CX02 2175013 0.000781
2175268 CX02 2175012 0.000781
2175268 CX12 2175018 0.994036
2175268 CX12 2175019 0.000852
2175268 CX12 2175016 0.000852
2175268 CX12 2175017 0.000852
2175268 CX12 2175015 0.000852
2175268 CX12 2175014 0.000852
2175268 CX12 2175013 0.000852
2175268 CX12 2175012 0.000852
2175268 P2 2175268 0.899800
2175268 P2 2174722 0.100200
2175268 X0 2175307 0.999627
2175268 X0 2175268 0.000124
2175268 X0 2175229 0.000124
2175268 X0 2175190 0.000124
2175307 CX02 2175014 0.994534
2175307 CX02 2175015 0.000781
2175307 CX02 2175012 0.000781
2175307 CX02 2175013 0.000781
2175307 CX02 2175018 0.000781
2175307 CX02 2175019 0.000781
2175307 CX02 2175016 0.000781
2175307 CX02 2175017 0.000781
2175307 CX12 2175014 0.994036
2175307 CX12 2175015 0.000852
2175307 CX12 2175012 0.000852
2175307 CX12 2175013 0.000852
2175307 CX12 2175019 0.000852
2175307 CX12 2175018 0.000852
2175307 CX12 2175017 0.000852
2175307 CX12 2175016 0.000852
2175307 P2 2175307 0.899800
2175307 P2 2174723 0.100200
2175307 X0 2175268 0.999627
2175307 X0 2175307 0.000124
2175307 X0 2175190 0.000124
2175307 X0 2175229 0.000124
ENDPOMDP
