BEGINPOMDP
INITIALSTATE: 8889285
STATES: 8915268,8915269,8889286,8889287,8889285,8889288,8889289,8899686,8889292,8915270,8915271,8904881,8894485,8894486,8894487,8894488,8894491
REWARDS: 8915268:1.0,8915269:1.0,8889286:1.0,8889287:1.0,8889285:0.0,8889288:0.0,8889289:0.0,8899686:0.0,8889292:1.0,8915270:0.0,8915271:0.0,8904881:0.0,8894485:1.0,8894486:1.0,8894487:0.0,8894488:0.0,8894491:1.0
GAMMA: 8915268:1,8915269:1,8889286:0,8889287:0,8889285:0,8889288:0,8889289:0,8899686:1,8889292:1,8915270:1,8915271:1,8904881:1,8894485:0,8894486:0,8894487:0,8894488:0,8894491:1
BEGINACTIONS
P2
Z0
H
ENDACTIONS
8889285 INIT_ 8889286 0.250000
8889285 INIT_ 8889287 0.250000
8889285 INIT_ 8889288 0.250000
8889285 INIT_ 8889289 0.250000
8889286 P2 8889286 0.994000
8889286 P2 8889292 0.006000
8889286 Z0 8889288 0.993546
8889286 Z0 8889289 0.002151
8889286 Z0 8889287 0.002151
8889286 Z0 8889286 0.002151
8889286 H 8889286 0.881809
8889286 H 8894485 0.017554
8889286 H 8889287 0.016773
8889286 H 8894486 0.016773
8889286 H 8889289 0.016773
8889286 H 8894487 0.016773
8889286 H 8889288 0.016773
8889286 H 8894488 0.016773
8889287 P2 8889287 0.994000
8889287 P2 8894491 0.006000
8889287 Z0 8889289 0.993546
8889287 Z0 8889288 0.002151
8889287 Z0 8889286 0.002151
8889287 Z0 8889287 0.002151
8889287 H 8889287 0.881809
8889287 H 8894486 0.017554
8889287 H 8889286 0.016773
8889287 H 8894485 0.016773
8889287 H 8889288 0.016773
8889287 H 8894488 0.016773
8889287 H 8889289 0.016773
8889287 H 8894487 0.016773
8889288 P2 8889288 0.994000
8889288 P2 8899686 0.006000
8889288 Z0 8889286 0.993546
8889288 Z0 8889287 0.002151
8889288 Z0 8889289 0.002151
8889288 Z0 8889288 0.002151
8889288 H 8894488 0.881809
8889288 H 8889288 0.017554
8889288 H 8894487 0.016773
8889288 H 8889289 0.016773
8889288 H 8894486 0.016773
8889288 H 8889287 0.016773
8889288 H 8894485 0.016773
8889288 H 8889286 0.016773
8889289 P2 8889289 0.994000
8889289 P2 8904881 0.006000
8889289 Z0 8889287 0.993546
8889289 Z0 8889286 0.002151
8889289 Z0 8889288 0.002151
8889289 Z0 8889289 0.002151
8889289 H 8894487 0.881809
8889289 H 8889289 0.017554
8889289 H 8894488 0.016773
8889289 H 8889288 0.016773
8889289 H 8894485 0.016773
8889289 H 8889286 0.016773
8889289 H 8894486 0.016773
8889289 H 8889287 0.016773
8889292 P2 8889286 0.994000
8889292 P2 8889292 0.006000
8889292 Z0 8899686 0.993546
8889292 Z0 8904881 0.002151
8889292 Z0 8894491 0.002151
8889292 Z0 8889292 0.002151
8889292 H 8889292 0.881809
8889292 H 8915268 0.017554
8889292 H 8894491 0.016773
8889292 H 8915269 0.016773
8889292 H 8904881 0.016773
8889292 H 8915270 0.016773
8889292 H 8899686 0.016773
8889292 H 8915271 0.016773
8894485 P2 8915268 0.972000
8894485 P2 8894485 0.028000
8894485 Z0 8894488 0.993546
8894485 Z0 8894487 0.002151
8894485 Z0 8894486 0.002151
8894485 Z0 8894485 0.002151
8894485 H 8894485 0.881809
8894485 H 8889286 0.017554
8894485 H 8894486 0.016773
8894485 H 8889287 0.016773
8894485 H 8894487 0.016773
8894485 H 8889289 0.016773
8894485 H 8894488 0.016773
8894485 H 8889288 0.016773
8894486 P2 8915269 0.972000
8894486 P2 8894486 0.028000
8894486 Z0 8894487 0.993546
8894486 Z0 8894488 0.002151
8894486 Z0 8894485 0.002151
8894486 Z0 8894486 0.002151
8894486 H 8894486 0.881809
8894486 H 8889287 0.017554
8894486 H 8894485 0.016773
8894486 H 8889286 0.016773
8894486 H 8894488 0.016773
8894486 H 8889288 0.016773
8894486 H 8894487 0.016773
8894486 H 8889289 0.016773
8894487 P2 8915270 0.972000
8894487 P2 8894487 0.028000
8894487 Z0 8894486 0.993546
8894487 Z0 8894485 0.002151
8894487 Z0 8894488 0.002151
8894487 Z0 8894487 0.002151
8894487 H 8889289 0.881809
8894487 H 8894487 0.017554
8894487 H 8889288 0.016773
8894487 H 8894488 0.016773
8894487 H 8889286 0.016773
8894487 H 8894485 0.016773
8894487 H 8889287 0.016773
8894487 H 8894486 0.016773
8894488 P2 8915271 0.972000
8894488 P2 8894488 0.028000
8894488 Z0 8894485 0.993546
8894488 Z0 8894486 0.002151
8894488 Z0 8894487 0.002151
8894488 Z0 8894488 0.002151
8894488 H 8889288 0.881809
8894488 H 8894488 0.017554
8894488 H 8889289 0.016773
8894488 H 8894487 0.016773
8894488 H 8889287 0.016773
8894488 H 8894486 0.016773
8894488 H 8889286 0.016773
8894488 H 8894485 0.016773
8894491 P2 8889287 0.994000
8894491 P2 8894491 0.006000
8894491 Z0 8904881 0.993546
8894491 Z0 8899686 0.002151
8894491 Z0 8889292 0.002151
8894491 Z0 8894491 0.002151
8894491 H 8894491 0.881809
8894491 H 8915269 0.017554
8894491 H 8889292 0.016773
8894491 H 8915268 0.016773
8894491 H 8899686 0.016773
8894491 H 8915271 0.016773
8894491 H 8904881 0.016773
8894491 H 8915270 0.016773
8899686 P2 8889288 0.994000
8899686 P2 8899686 0.006000
8899686 Z0 8889292 0.993546
8899686 Z0 8894491 0.002151
8899686 Z0 8904881 0.002151
8899686 Z0 8899686 0.002151
8899686 H 8915271 0.881809
8899686 H 8899686 0.017554
8899686 H 8915270 0.016773
8899686 H 8904881 0.016773
8899686 H 8915269 0.016773
8899686 H 8894491 0.016773
8899686 H 8915268 0.016773
8899686 H 8889292 0.016773
8904881 P2 8889289 0.994000
8904881 P2 8904881 0.006000
8904881 Z0 8894491 0.993546
8904881 Z0 8889292 0.002151
8904881 Z0 8899686 0.002151
8904881 Z0 8904881 0.002151
8904881 H 8915270 0.881809
8904881 H 8904881 0.017554
8904881 H 8915271 0.016773
8904881 H 8899686 0.016773
8904881 H 8915268 0.016773
8904881 H 8889292 0.016773
8904881 H 8915269 0.016773
8904881 H 8894491 0.016773
8915268 P2 8915268 0.972000
8915268 P2 8894485 0.028000
8915268 Z0 8915271 0.993546
8915268 Z0 8915270 0.002151
8915268 Z0 8915269 0.002151
8915268 Z0 8915268 0.002151
8915268 H 8915268 0.881809
8915268 H 8889292 0.017554
8915268 H 8915269 0.016773
8915268 H 8894491 0.016773
8915268 H 8915270 0.016773
8915268 H 8904881 0.016773
8915268 H 8915271 0.016773
8915268 H 8899686 0.016773
8915269 P2 8915269 0.972000
8915269 P2 8894486 0.028000
8915269 Z0 8915270 0.993546
8915269 Z0 8915271 0.002151
8915269 Z0 8915268 0.002151
8915269 Z0 8915269 0.002151
8915269 H 8915269 0.881809
8915269 H 8894491 0.017554
8915269 H 8915268 0.016773
8915269 H 8889292 0.016773
8915269 H 8915271 0.016773
8915269 H 8899686 0.016773
8915269 H 8915270 0.016773
8915269 H 8904881 0.016773
8915270 P2 8915270 0.972000
8915270 P2 8894487 0.028000
8915270 Z0 8915269 0.993546
8915270 Z0 8915268 0.002151
8915270 Z0 8915271 0.002151
8915270 Z0 8915270 0.002151
8915270 H 8904881 0.881809
8915270 H 8915270 0.017554
8915270 H 8899686 0.016773
8915270 H 8915271 0.016773
8915270 H 8889292 0.016773
8915270 H 8915268 0.016773
8915270 H 8894491 0.016773
8915270 H 8915269 0.016773
8915271 P2 8915271 0.972000
8915271 P2 8894488 0.028000
8915271 Z0 8915268 0.993546
8915271 Z0 8915269 0.002151
8915271 Z0 8915270 0.002151
8915271 Z0 8915271 0.002151
8915271 H 8899686 0.881809
8915271 H 8915271 0.017554
8915271 H 8904881 0.016773
8915271 H 8915270 0.016773
8915271 H 8894491 0.016773
8915271 H 8915269 0.016773
8915271 H 8889292 0.016773
8915271 H 8915268 0.016773
ENDPOMDP
