BEGINPOMDP
INITIALSTATE: 5521
STATES: 5521,5522,5523,5524,5525,5526,5527,5528,5529,5530,5531,5532,5533,5534,5535,5536,5537,5538,5539,5540,5541,5542,5543,5544,5545,5546,5547,5548,5549,5550,5551,5552,5553,5554,5555,5556,5557,5558,5559,5560,5561,5562,5563,5564,5565,5566,5567,5568
TARGETV: 5522,5524,5526,5531,5532,5533,5534,5536,5540,5541,5557,5562,5563,5564,5567,5568
GAMMA: 5521:0,5522:0,5523:0,5524:0,5525:0,5526:0,5527:0,5528:0,5529:0,5530:0,5531:0,5532:0,5533:0,5534:1,5535:1,5536:1,5537:1,5538:0,5539:0,5540:0,5541:0,5542:1,5543:1,5544:0,5545:0,5546:1,5547:1,5548:0,5549:0,5550:1,5551:1,5552:0,5553:0,5554:1,5555:1,5556:0,5557:1,5558:1,5559:1,5560:1,5561:1,5562:1,5563:1,5564:1,5565:1,5566:1,5567:1,5568:1
BEGINACTIONS
CNOT13_18 Instruction.CNOT 18 13
CNOT13_14 Instruction.CNOT 14 13
MEAS13 Instruction.MEAS None 13
X18 Instruction.X None 18
ENDACTIONS
5521 INIT_ 5522 0.250000
5521 INIT_ 5523 0.250000
5521 INIT_ 5524 0.250000
5521 INIT_ 5525 0.250000
5521 CNOT13_18 5521 0.982589
5521 CNOT13_18 5548 0.005804
5521 CNOT13_18 5549 0.005804
5521 CNOT13_18 5556 0.005804
5521 CNOT13_14 5521 0.983356
5521 CNOT13_14 5552 0.005548
5521 CNOT13_14 5545 0.005548
5521 CNOT13_14 5556 0.005548
5521 MEAS13 5521 0.940600
5521 MEAS13 5542 0.059400
5521 X18 5549 0.998929
5521 X18 5521 0.001071
5522 CNOT13_18 5526 0.979687
5522 CNOT13_18 5527 0.002902
5522 CNOT13_18 5528 0.002902
5522 CNOT13_18 5529 0.002902
5522 CNOT13_18 5530 0.002902
5522 CNOT13_18 5531 0.002902
5522 CNOT13_18 5532 0.002902
5522 CNOT13_18 5533 0.002902
5522 CNOT13_14 5526 0.980582
5522 CNOT13_14 5530 0.002774
5522 CNOT13_14 5529 0.002774
5522 CNOT13_14 5528 0.002774
5522 CNOT13_14 5527 0.002774
5522 CNOT13_14 5531 0.002774
5522 CNOT13_14 5532 0.002774
5522 CNOT13_14 5533 0.002774
5522 MEAS13 5522 0.940600
5522 MEAS13 5534 0.059400
5522 X18 5523 0.998393
5522 X18 5522 0.000536
5522 X18 5524 0.000536
5522 X18 5525 0.000536
5523 CNOT13_18 5527 0.979687
5523 CNOT13_18 5526 0.002902
5523 CNOT13_18 5533 0.002902
5523 CNOT13_18 5531 0.002902
5523 CNOT13_18 5532 0.002902
5523 CNOT13_18 5529 0.002902
5523 CNOT13_18 5530 0.002902
5523 CNOT13_18 5528 0.002902
5523 CNOT13_14 5530 0.980582
5523 CNOT13_14 5526 0.002774
5523 CNOT13_14 5533 0.002774
5523 CNOT13_14 5531 0.002774
5523 CNOT13_14 5532 0.002774
5523 CNOT13_14 5528 0.002774
5523 CNOT13_14 5527 0.002774
5523 CNOT13_14 5529 0.002774
5523 MEAS13 5523 0.940600
5523 MEAS13 5535 0.059400
5523 X18 5522 0.998393
5523 X18 5523 0.000536
5523 X18 5525 0.000536
5523 X18 5524 0.000536
5524 CNOT13_18 5533 0.979687
5524 CNOT13_18 5528 0.002902
5524 CNOT13_18 5527 0.002902
5524 CNOT13_18 5530 0.002902
5524 CNOT13_18 5529 0.002902
5524 CNOT13_18 5532 0.002902
5524 CNOT13_18 5531 0.002902
5524 CNOT13_18 5526 0.002902
5524 CNOT13_14 5533 0.980582
5524 CNOT13_14 5529 0.002774
5524 CNOT13_14 5530 0.002774
5524 CNOT13_14 5527 0.002774
5524 CNOT13_14 5528 0.002774
5524 CNOT13_14 5532 0.002774
5524 CNOT13_14 5531 0.002774
5524 CNOT13_14 5526 0.002774
5524 MEAS13 5524 0.940600
5524 MEAS13 5536 0.059400
5524 X18 5525 0.998393
5524 X18 5524 0.000536
5524 X18 5522 0.000536
5524 X18 5523 0.000536
5525 CNOT13_18 5528 0.979687
5525 CNOT13_18 5533 0.002902
5525 CNOT13_18 5526 0.002902
5525 CNOT13_18 5532 0.002902
5525 CNOT13_18 5531 0.002902
5525 CNOT13_18 5530 0.002902
5525 CNOT13_18 5529 0.002902
5525 CNOT13_18 5527 0.002902
5525 CNOT13_14 5529 0.980582
5525 CNOT13_14 5533 0.002774
5525 CNOT13_14 5526 0.002774
5525 CNOT13_14 5532 0.002774
5525 CNOT13_14 5531 0.002774
5525 CNOT13_14 5527 0.002774
5525 CNOT13_14 5528 0.002774
5525 CNOT13_14 5530 0.002774
5525 MEAS13 5525 0.940600
5525 MEAS13 5537 0.059400
5525 X18 5524 0.998393
5525 X18 5525 0.000536
5525 X18 5523 0.000536
5525 X18 5522 0.000536
5526 CNOT13_18 5522 0.979687
5526 CNOT13_18 5538 0.002902
5526 CNOT13_18 5523 0.002902
5526 CNOT13_18 5539 0.002902
5526 CNOT13_18 5525 0.002902
5526 CNOT13_18 5540 0.002902
5526 CNOT13_18 5524 0.002902
5526 CNOT13_18 5541 0.002902
5526 CNOT13_14 5522 0.980582
5526 CNOT13_14 5538 0.002774
5526 CNOT13_14 5523 0.002774
5526 CNOT13_14 5539 0.002774
5526 CNOT13_14 5525 0.002774
5526 CNOT13_14 5540 0.002774
5526 CNOT13_14 5524 0.002774
5526 CNOT13_14 5541 0.002774
5526 MEAS13 5521 0.470300
5526 MEAS13 5542 0.029700
5526 MEAS13 5543 0.446800
5526 MEAS13 5544 0.053200
5526 X18 5530 0.998393
5526 X18 5526 0.000536
5526 X18 5533 0.000536
5526 X18 5529 0.000536
5527 CNOT13_18 5523 0.979687
5527 CNOT13_18 5541 0.002902
5527 CNOT13_18 5522 0.002902
5527 CNOT13_18 5540 0.002902
5527 CNOT13_18 5524 0.002902
5527 CNOT13_18 5539 0.002902
5527 CNOT13_18 5525 0.002902
5527 CNOT13_18 5538 0.002902
5527 CNOT13_14 5538 0.980582
5527 CNOT13_14 5522 0.002774
5527 CNOT13_14 5541 0.002774
5527 CNOT13_14 5524 0.002774
5527 CNOT13_14 5540 0.002774
5527 CNOT13_14 5525 0.002774
5527 CNOT13_14 5539 0.002774
5527 CNOT13_14 5523 0.002774
5527 MEAS13 5545 0.470300
5527 MEAS13 5546 0.029700
5527 MEAS13 5547 0.446800
5527 MEAS13 5548 0.053200
5527 X18 5532 0.998393
5527 X18 5527 0.000536
5527 X18 5528 0.000536
5527 X18 5531 0.000536
5528 CNOT13_18 5525 0.979687
5528 CNOT13_18 5540 0.002902
5528 CNOT13_18 5524 0.002902
5528 CNOT13_18 5541 0.002902
5528 CNOT13_18 5522 0.002902
5528 CNOT13_18 5538 0.002902
5528 CNOT13_18 5523 0.002902
5528 CNOT13_18 5539 0.002902
5528 CNOT13_14 5539 0.980582
5528 CNOT13_14 5524 0.002774
5528 CNOT13_14 5540 0.002774
5528 CNOT13_14 5522 0.002774
5528 CNOT13_14 5541 0.002774
5528 CNOT13_14 5523 0.002774
5528 CNOT13_14 5538 0.002774
5528 CNOT13_14 5525 0.002774
5528 MEAS13 5545 0.470300
5528 MEAS13 5546 0.029700
5528 MEAS13 5547 0.446800
5528 MEAS13 5548 0.053200
5528 X18 5531 0.998393
5528 X18 5528 0.000536
5528 X18 5527 0.000536
5528 X18 5532 0.000536
5529 CNOT13_18 5539 0.979687
5529 CNOT13_18 5524 0.002902
5529 CNOT13_18 5540 0.002902
5529 CNOT13_18 5522 0.002902
5529 CNOT13_18 5541 0.002902
5529 CNOT13_18 5523 0.002902
5529 CNOT13_18 5538 0.002902
5529 CNOT13_18 5525 0.002902
5529 CNOT13_14 5525 0.980582
5529 CNOT13_14 5540 0.002774
5529 CNOT13_14 5524 0.002774
5529 CNOT13_14 5541 0.002774
5529 CNOT13_14 5522 0.002774
5529 CNOT13_14 5538 0.002774
5529 CNOT13_14 5523 0.002774
5529 CNOT13_14 5539 0.002774
5529 MEAS13 5549 0.470300
5529 MEAS13 5550 0.029700
5529 MEAS13 5551 0.446800
5529 MEAS13 5552 0.053200
5529 X18 5533 0.998393
5529 X18 5529 0.000536
5529 X18 5530 0.000536
5529 X18 5526 0.000536
5530 CNOT13_18 5538 0.979687
5530 CNOT13_18 5522 0.002902
5530 CNOT13_18 5541 0.002902
5530 CNOT13_18 5524 0.002902
5530 CNOT13_18 5540 0.002902
5530 CNOT13_18 5525 0.002902
5530 CNOT13_18 5539 0.002902
5530 CNOT13_18 5523 0.002902
5530 CNOT13_14 5523 0.980582
5530 CNOT13_14 5541 0.002774
5530 CNOT13_14 5522 0.002774
5530 CNOT13_14 5540 0.002774
5530 CNOT13_14 5524 0.002774
5530 CNOT13_14 5539 0.002774
5530 CNOT13_14 5525 0.002774
5530 CNOT13_14 5538 0.002774
5530 MEAS13 5549 0.470300
5530 MEAS13 5550 0.029700
5530 MEAS13 5551 0.446800
5530 MEAS13 5552 0.053200
5530 X18 5526 0.998393
5530 X18 5530 0.000536
5530 X18 5529 0.000536
5530 X18 5533 0.000536
5531 CNOT13_18 5540 0.979687
5531 CNOT13_18 5525 0.002902
5531 CNOT13_18 5539 0.002902
5531 CNOT13_18 5523 0.002902
5531 CNOT13_18 5538 0.002902
5531 CNOT13_18 5522 0.002902
5531 CNOT13_18 5541 0.002902
5531 CNOT13_18 5524 0.002902
5531 CNOT13_14 5540 0.980582
5531 CNOT13_14 5525 0.002774
5531 CNOT13_14 5539 0.002774
5531 CNOT13_14 5523 0.002774
5531 CNOT13_14 5538 0.002774
5531 CNOT13_14 5522 0.002774
5531 CNOT13_14 5541 0.002774
5531 CNOT13_14 5524 0.002774
5531 MEAS13 5553 0.470300
5531 MEAS13 5554 0.029700
5531 MEAS13 5555 0.446800
5531 MEAS13 5556 0.053200
5531 X18 5528 0.998393
5531 X18 5531 0.000536
5531 X18 5532 0.000536
5531 X18 5527 0.000536
5532 CNOT13_18 5541 0.979687
5532 CNOT13_18 5523 0.002902
5532 CNOT13_18 5538 0.002902
5532 CNOT13_18 5525 0.002902
5532 CNOT13_18 5539 0.002902
5532 CNOT13_18 5524 0.002902
5532 CNOT13_18 5540 0.002902
5532 CNOT13_18 5522 0.002902
5532 CNOT13_14 5541 0.980582
5532 CNOT13_14 5523 0.002774
5532 CNOT13_14 5538 0.002774
5532 CNOT13_14 5525 0.002774
5532 CNOT13_14 5539 0.002774
5532 CNOT13_14 5524 0.002774
5532 CNOT13_14 5540 0.002774
5532 CNOT13_14 5522 0.002774
5532 MEAS13 5553 0.470300
5532 MEAS13 5554 0.029700
5532 MEAS13 5555 0.446800
5532 MEAS13 5556 0.053200
5532 X18 5527 0.998393
5532 X18 5532 0.000536
5532 X18 5531 0.000536
5532 X18 5528 0.000536
5533 CNOT13_18 5524 0.979687
5533 CNOT13_18 5539 0.002902
5533 CNOT13_18 5525 0.002902
5533 CNOT13_18 5538 0.002902
5533 CNOT13_18 5523 0.002902
5533 CNOT13_18 5541 0.002902
5533 CNOT13_18 5522 0.002902
5533 CNOT13_18 5540 0.002902
5533 CNOT13_14 5524 0.980582
5533 CNOT13_14 5539 0.002774
5533 CNOT13_14 5525 0.002774
5533 CNOT13_14 5538 0.002774
5533 CNOT13_14 5523 0.002774
5533 CNOT13_14 5541 0.002774
5533 CNOT13_14 5522 0.002774
5533 CNOT13_14 5540 0.002774
5533 MEAS13 5521 0.470300
5533 MEAS13 5542 0.029700
5533 MEAS13 5543 0.446800
5533 MEAS13 5544 0.053200
5533 X18 5529 0.998393
5533 X18 5533 0.000536
5533 X18 5526 0.000536
5533 X18 5530 0.000536
5534 CNOT13_18 5557 0.979687
5534 CNOT13_18 5558 0.002902
5534 CNOT13_18 5559 0.002902
5534 CNOT13_18 5560 0.002902
5534 CNOT13_18 5561 0.002902
5534 CNOT13_18 5562 0.002902
5534 CNOT13_18 5563 0.002902
5534 CNOT13_18 5564 0.002902
5534 CNOT13_14 5557 0.980582
5534 CNOT13_14 5561 0.002774
5534 CNOT13_14 5560 0.002774
5534 CNOT13_14 5559 0.002774
5534 CNOT13_14 5558 0.002774
5534 CNOT13_14 5562 0.002774
5534 CNOT13_14 5563 0.002774
5534 CNOT13_14 5564 0.002774
5534 MEAS13 5522 0.940600
5534 MEAS13 5534 0.059400
5534 X18 5535 0.998393
5534 X18 5534 0.000536
5534 X18 5536 0.000536
5534 X18 5537 0.000536
5535 CNOT13_18 5558 0.979687
5535 CNOT13_18 5557 0.002902
5535 CNOT13_18 5564 0.002902
5535 CNOT13_18 5562 0.002902
5535 CNOT13_18 5563 0.002902
5535 CNOT13_18 5560 0.002902
5535 CNOT13_18 5561 0.002902
5535 CNOT13_18 5559 0.002902
5535 CNOT13_14 5561 0.980582
5535 CNOT13_14 5557 0.002774
5535 CNOT13_14 5564 0.002774
5535 CNOT13_14 5562 0.002774
5535 CNOT13_14 5563 0.002774
5535 CNOT13_14 5559 0.002774
5535 CNOT13_14 5558 0.002774
5535 CNOT13_14 5560 0.002774
5535 MEAS13 5523 0.940600
5535 MEAS13 5535 0.059400
5535 X18 5534 0.998393
5535 X18 5535 0.000536
5535 X18 5537 0.000536
5535 X18 5536 0.000536
5536 CNOT13_18 5564 0.979687
5536 CNOT13_18 5559 0.002902
5536 CNOT13_18 5558 0.002902
5536 CNOT13_18 5561 0.002902
5536 CNOT13_18 5560 0.002902
5536 CNOT13_18 5563 0.002902
5536 CNOT13_18 5562 0.002902
5536 CNOT13_18 5557 0.002902
5536 CNOT13_14 5564 0.980582
5536 CNOT13_14 5560 0.002774
5536 CNOT13_14 5561 0.002774
5536 CNOT13_14 5558 0.002774
5536 CNOT13_14 5559 0.002774
5536 CNOT13_14 5563 0.002774
5536 CNOT13_14 5562 0.002774
5536 CNOT13_14 5557 0.002774
5536 MEAS13 5524 0.940600
5536 MEAS13 5536 0.059400
5536 X18 5537 0.998393
5536 X18 5536 0.000536
5536 X18 5534 0.000536
5536 X18 5535 0.000536
5537 CNOT13_18 5559 0.979687
5537 CNOT13_18 5564 0.002902
5537 CNOT13_18 5557 0.002902
5537 CNOT13_18 5563 0.002902
5537 CNOT13_18 5562 0.002902
5537 CNOT13_18 5561 0.002902
5537 CNOT13_18 5560 0.002902
5537 CNOT13_18 5558 0.002902
5537 CNOT13_14 5560 0.980582
5537 CNOT13_14 5564 0.002774
5537 CNOT13_14 5557 0.002774
5537 CNOT13_14 5563 0.002774
5537 CNOT13_14 5562 0.002774
5537 CNOT13_14 5558 0.002774
5537 CNOT13_14 5559 0.002774
5537 CNOT13_14 5561 0.002774
5537 MEAS13 5525 0.940600
5537 MEAS13 5537 0.059400
5537 X18 5536 0.998393
5537 X18 5537 0.000536
5537 X18 5535 0.000536
5537 X18 5534 0.000536
5538 CNOT13_18 5530 0.979687
5538 CNOT13_18 5532 0.002902
5538 CNOT13_18 5531 0.002902
5538 CNOT13_18 5533 0.002902
5538 CNOT13_18 5526 0.002902
5538 CNOT13_18 5528 0.002902
5538 CNOT13_18 5527 0.002902
5538 CNOT13_18 5529 0.002902
5538 CNOT13_14 5527 0.980582
5538 CNOT13_14 5532 0.002774
5538 CNOT13_14 5531 0.002774
5538 CNOT13_14 5533 0.002774
5538 CNOT13_14 5526 0.002774
5538 CNOT13_14 5529 0.002774
5538 CNOT13_14 5530 0.002774
5538 CNOT13_14 5528 0.002774
5538 MEAS13 5565 0.893600
5538 MEAS13 5538 0.106400
5538 X18 5541 0.998393
5538 X18 5538 0.000536
5538 X18 5539 0.000536
5538 X18 5540 0.000536
5539 CNOT13_18 5529 0.979687
5539 CNOT13_18 5531 0.002902
5539 CNOT13_18 5532 0.002902
5539 CNOT13_18 5526 0.002902
5539 CNOT13_18 5533 0.002902
5539 CNOT13_18 5527 0.002902
5539 CNOT13_18 5528 0.002902
5539 CNOT13_18 5530 0.002902
5539 CNOT13_14 5528 0.980582
5539 CNOT13_14 5531 0.002774
5539 CNOT13_14 5532 0.002774
5539 CNOT13_14 5526 0.002774
5539 CNOT13_14 5533 0.002774
5539 CNOT13_14 5530 0.002774
5539 CNOT13_14 5529 0.002774
5539 CNOT13_14 5527 0.002774
5539 MEAS13 5566 0.893600
5539 MEAS13 5539 0.106400
5539 X18 5540 0.998393
5539 X18 5539 0.000536
5539 X18 5538 0.000536
5539 X18 5541 0.000536
5540 CNOT13_18 5531 0.979687
5540 CNOT13_18 5529 0.002902
5540 CNOT13_18 5530 0.002902
5540 CNOT13_18 5527 0.002902
5540 CNOT13_18 5528 0.002902
5540 CNOT13_18 5526 0.002902
5540 CNOT13_18 5533 0.002902
5540 CNOT13_18 5532 0.002902
5540 CNOT13_14 5531 0.980582
5540 CNOT13_14 5528 0.002774
5540 CNOT13_14 5527 0.002774
5540 CNOT13_14 5530 0.002774
5540 CNOT13_14 5529 0.002774
5540 CNOT13_14 5526 0.002774
5540 CNOT13_14 5533 0.002774
5540 CNOT13_14 5532 0.002774
5540 MEAS13 5567 0.893600
5540 MEAS13 5540 0.106400
5540 X18 5539 0.998393
5540 X18 5540 0.000536
5540 X18 5541 0.000536
5540 X18 5538 0.000536
5541 CNOT13_18 5532 0.979687
5541 CNOT13_18 5530 0.002902
5541 CNOT13_18 5529 0.002902
5541 CNOT13_18 5528 0.002902
5541 CNOT13_18 5527 0.002902
5541 CNOT13_18 5533 0.002902
5541 CNOT13_18 5526 0.002902
5541 CNOT13_18 5531 0.002902
5541 CNOT13_14 5532 0.980582
5541 CNOT13_14 5527 0.002774
5541 CNOT13_14 5528 0.002774
5541 CNOT13_14 5529 0.002774
5541 CNOT13_14 5530 0.002774
5541 CNOT13_14 5533 0.002774
5541 CNOT13_14 5526 0.002774
5541 CNOT13_14 5531 0.002774
5541 MEAS13 5568 0.893600
5541 MEAS13 5541 0.106400
5541 X18 5538 0.998393
5541 X18 5541 0.000536
5541 X18 5540 0.000536
5541 X18 5539 0.000536
5542 CNOT13_18 5542 0.982589
5542 CNOT13_18 5547 0.005804
5542 CNOT13_18 5550 0.005804
5542 CNOT13_18 5555 0.005804
5542 CNOT13_14 5542 0.983356
5542 CNOT13_14 5551 0.005548
5542 CNOT13_14 5546 0.005548
5542 CNOT13_14 5555 0.005548
5542 MEAS13 5521 0.940600
5542 MEAS13 5542 0.059400
5542 X18 5550 0.998929
5542 X18 5542 0.001071
5543 CNOT13_18 5554 0.982589
5543 CNOT13_18 5551 0.005804
5543 CNOT13_18 5546 0.005804
5543 CNOT13_18 5543 0.005804
5543 CNOT13_14 5554 0.983356
5543 CNOT13_14 5547 0.005548
5543 CNOT13_14 5550 0.005548
5543 CNOT13_14 5543 0.005548
5543 MEAS13 5543 0.893600
5543 MEAS13 5544 0.106400
5543 X18 5551 0.998929
5543 X18 5543 0.001071
5544 CNOT13_18 5553 0.982589
5544 CNOT13_18 5552 0.005804
5544 CNOT13_18 5545 0.005804
5544 CNOT13_18 5544 0.005804
5544 CNOT13_14 5553 0.983356
5544 CNOT13_14 5548 0.005548
5544 CNOT13_14 5549 0.005548
5544 CNOT13_14 5544 0.005548
5544 MEAS13 5543 0.893600
5544 MEAS13 5544 0.106400
5544 X18 5552 0.998929
5544 X18 5544 0.001071
5545 CNOT13_18 5545 0.982589
5545 CNOT13_18 5544 0.005804
5545 CNOT13_18 5553 0.005804
5545 CNOT13_18 5552 0.005804
5545 CNOT13_14 5552 0.983356
5545 CNOT13_14 5521 0.005548
5545 CNOT13_14 5556 0.005548
5545 CNOT13_14 5545 0.005548
5545 MEAS13 5545 0.940600
5545 MEAS13 5546 0.059400
5545 X18 5553 0.998929
5545 X18 5545 0.001071
5546 CNOT13_18 5546 0.982589
5546 CNOT13_18 5543 0.005804
5546 CNOT13_18 5554 0.005804
5546 CNOT13_18 5551 0.005804
5546 CNOT13_14 5551 0.983356
5546 CNOT13_14 5542 0.005548
5546 CNOT13_14 5555 0.005548
5546 CNOT13_14 5546 0.005548
5546 MEAS13 5545 0.940600
5546 MEAS13 5546 0.059400
5546 X18 5554 0.998929
5546 X18 5546 0.001071
5547 CNOT13_18 5550 0.982589
5547 CNOT13_18 5555 0.005804
5547 CNOT13_18 5542 0.005804
5547 CNOT13_18 5547 0.005804
5547 CNOT13_14 5547 0.983356
5547 CNOT13_14 5554 0.005548
5547 CNOT13_14 5543 0.005548
5547 CNOT13_14 5550 0.005548
5547 MEAS13 5547 0.893600
5547 MEAS13 5548 0.106400
5547 X18 5555 0.998929
5547 X18 5547 0.001071
5548 CNOT13_18 5549 0.982589
5548 CNOT13_18 5556 0.005804
5548 CNOT13_18 5521 0.005804
5548 CNOT13_18 5548 0.005804
5548 CNOT13_14 5548 0.983356
5548 CNOT13_14 5553 0.005548
5548 CNOT13_14 5544 0.005548
5548 CNOT13_14 5549 0.005548
5548 MEAS13 5547 0.893600
5548 MEAS13 5548 0.106400
5548 X18 5556 0.998929
5548 X18 5548 0.001071
5549 CNOT13_18 5548 0.982589
5549 CNOT13_18 5521 0.005804
5549 CNOT13_18 5556 0.005804
5549 CNOT13_18 5549 0.005804
5549 CNOT13_14 5549 0.983356
5549 CNOT13_14 5544 0.005548
5549 CNOT13_14 5553 0.005548
5549 CNOT13_14 5548 0.005548
5549 MEAS13 5549 0.940600
5549 MEAS13 5550 0.059400
5549 X18 5521 0.998929
5549 X18 5549 0.001071
5550 CNOT13_18 5547 0.982589
5550 CNOT13_18 5542 0.005804
5550 CNOT13_18 5555 0.005804
5550 CNOT13_18 5550 0.005804
5550 CNOT13_14 5550 0.983356
5550 CNOT13_14 5543 0.005548
5550 CNOT13_14 5554 0.005548
5550 CNOT13_14 5547 0.005548
5550 MEAS13 5549 0.940600
5550 MEAS13 5550 0.059400
5550 X18 5542 0.998929
5550 X18 5550 0.001071
5551 CNOT13_18 5551 0.982589
5551 CNOT13_18 5554 0.005804
5551 CNOT13_18 5543 0.005804
5551 CNOT13_18 5546 0.005804
5551 CNOT13_14 5546 0.983356
5551 CNOT13_14 5555 0.005548
5551 CNOT13_14 5542 0.005548
5551 CNOT13_14 5551 0.005548
5551 MEAS13 5551 0.893600
5551 MEAS13 5552 0.106400
5551 X18 5543 0.998929
5551 X18 5551 0.001071
5552 CNOT13_18 5552 0.982589
5552 CNOT13_18 5553 0.005804
5552 CNOT13_18 5544 0.005804
5552 CNOT13_18 5545 0.005804
5552 CNOT13_14 5545 0.983356
5552 CNOT13_14 5556 0.005548
5552 CNOT13_14 5521 0.005548
5552 CNOT13_14 5552 0.005548
5552 MEAS13 5551 0.893600
5552 MEAS13 5552 0.106400
5552 X18 5544 0.998929
5552 X18 5552 0.001071
5553 CNOT13_18 5544 0.982589
5553 CNOT13_18 5545 0.005804
5553 CNOT13_18 5552 0.005804
5553 CNOT13_18 5553 0.005804
5553 CNOT13_14 5544 0.983356
5553 CNOT13_14 5549 0.005548
5553 CNOT13_14 5548 0.005548
5553 CNOT13_14 5553 0.005548
5553 MEAS13 5553 0.940600
5553 MEAS13 5554 0.059400
5553 X18 5545 0.998929
5553 X18 5553 0.001071
5554 CNOT13_18 5543 0.982589
5554 CNOT13_18 5546 0.005804
5554 CNOT13_18 5551 0.005804
5554 CNOT13_18 5554 0.005804
5554 CNOT13_14 5543 0.983356
5554 CNOT13_14 5550 0.005548
5554 CNOT13_14 5547 0.005548
5554 CNOT13_14 5554 0.005548
5554 MEAS13 5553 0.940600
5554 MEAS13 5554 0.059400
5554 X18 5546 0.998929
5554 X18 5554 0.001071
5555 CNOT13_18 5555 0.982589
5555 CNOT13_18 5550 0.005804
5555 CNOT13_18 5547 0.005804
5555 CNOT13_18 5542 0.005804
5555 CNOT13_14 5555 0.983356
5555 CNOT13_14 5546 0.005548
5555 CNOT13_14 5551 0.005548
5555 CNOT13_14 5542 0.005548
5555 MEAS13 5555 0.893600
5555 MEAS13 5556 0.106400
5555 X18 5547 0.998929
5555 X18 5555 0.001071
5556 CNOT13_18 5556 0.982589
5556 CNOT13_18 5549 0.005804
5556 CNOT13_18 5548 0.005804
5556 CNOT13_18 5521 0.005804
5556 CNOT13_14 5556 0.983356
5556 CNOT13_14 5545 0.005548
5556 CNOT13_14 5552 0.005548
5556 CNOT13_14 5521 0.005548
5556 MEAS13 5555 0.893600
5556 MEAS13 5556 0.106400
5556 X18 5548 0.998929
5556 X18 5556 0.001071
5557 CNOT13_18 5534 0.979687
5557 CNOT13_18 5565 0.002902
5557 CNOT13_18 5535 0.002902
5557 CNOT13_18 5566 0.002902
5557 CNOT13_18 5537 0.002902
5557 CNOT13_18 5567 0.002902
5557 CNOT13_18 5536 0.002902
5557 CNOT13_18 5568 0.002902
5557 CNOT13_14 5534 0.980582
5557 CNOT13_14 5565 0.002774
5557 CNOT13_14 5535 0.002774
5557 CNOT13_14 5566 0.002774
5557 CNOT13_14 5537 0.002774
5557 CNOT13_14 5567 0.002774
5557 CNOT13_14 5536 0.002774
5557 CNOT13_14 5568 0.002774
5557 MEAS13 5521 0.470300
5557 MEAS13 5542 0.029700
5557 MEAS13 5543 0.446800
5557 MEAS13 5544 0.053200
5557 X18 5561 0.998393
5557 X18 5557 0.000536
5557 X18 5564 0.000536
5557 X18 5560 0.000536
5558 CNOT13_18 5535 0.979687
5558 CNOT13_18 5568 0.002902
5558 CNOT13_18 5534 0.002902
5558 CNOT13_18 5567 0.002902
5558 CNOT13_18 5536 0.002902
5558 CNOT13_18 5566 0.002902
5558 CNOT13_18 5537 0.002902
5558 CNOT13_18 5565 0.002902
5558 CNOT13_14 5565 0.980582
5558 CNOT13_14 5534 0.002774
5558 CNOT13_14 5568 0.002774
5558 CNOT13_14 5536 0.002774
5558 CNOT13_14 5567 0.002774
5558 CNOT13_14 5537 0.002774
5558 CNOT13_14 5566 0.002774
5558 CNOT13_14 5535 0.002774
5558 MEAS13 5545 0.470300
5558 MEAS13 5546 0.029700
5558 MEAS13 5547 0.446800
5558 MEAS13 5548 0.053200
5558 X18 5563 0.998393
5558 X18 5558 0.000536
5558 X18 5559 0.000536
5558 X18 5562 0.000536
5559 CNOT13_18 5537 0.979687
5559 CNOT13_18 5567 0.002902
5559 CNOT13_18 5536 0.002902
5559 CNOT13_18 5568 0.002902
5559 CNOT13_18 5534 0.002902
5559 CNOT13_18 5565 0.002902
5559 CNOT13_18 5535 0.002902
5559 CNOT13_18 5566 0.002902
5559 CNOT13_14 5566 0.980582
5559 CNOT13_14 5536 0.002774
5559 CNOT13_14 5567 0.002774
5559 CNOT13_14 5534 0.002774
5559 CNOT13_14 5568 0.002774
5559 CNOT13_14 5535 0.002774
5559 CNOT13_14 5565 0.002774
5559 CNOT13_14 5537 0.002774
5559 MEAS13 5545 0.470300
5559 MEAS13 5546 0.029700
5559 MEAS13 5547 0.446800
5559 MEAS13 5548 0.053200
5559 X18 5562 0.998393
5559 X18 5559 0.000536
5559 X18 5558 0.000536
5559 X18 5563 0.000536
5560 CNOT13_18 5566 0.979687
5560 CNOT13_18 5536 0.002902
5560 CNOT13_18 5567 0.002902
5560 CNOT13_18 5534 0.002902
5560 CNOT13_18 5568 0.002902
5560 CNOT13_18 5535 0.002902
5560 CNOT13_18 5565 0.002902
5560 CNOT13_18 5537 0.002902
5560 CNOT13_14 5537 0.980582
5560 CNOT13_14 5567 0.002774
5560 CNOT13_14 5536 0.002774
5560 CNOT13_14 5568 0.002774
5560 CNOT13_14 5534 0.002774
5560 CNOT13_14 5565 0.002774
5560 CNOT13_14 5535 0.002774
5560 CNOT13_14 5566 0.002774
5560 MEAS13 5549 0.470300
5560 MEAS13 5550 0.029700
5560 MEAS13 5551 0.446800
5560 MEAS13 5552 0.053200
5560 X18 5564 0.998393
5560 X18 5560 0.000536
5560 X18 5561 0.000536
5560 X18 5557 0.000536
5561 CNOT13_18 5565 0.979687
5561 CNOT13_18 5534 0.002902
5561 CNOT13_18 5568 0.002902
5561 CNOT13_18 5536 0.002902
5561 CNOT13_18 5567 0.002902
5561 CNOT13_18 5537 0.002902
5561 CNOT13_18 5566 0.002902
5561 CNOT13_18 5535 0.002902
5561 CNOT13_14 5535 0.980582
5561 CNOT13_14 5568 0.002774
5561 CNOT13_14 5534 0.002774
5561 CNOT13_14 5567 0.002774
5561 CNOT13_14 5536 0.002774
5561 CNOT13_14 5566 0.002774
5561 CNOT13_14 5537 0.002774
5561 CNOT13_14 5565 0.002774
5561 MEAS13 5549 0.470300
5561 MEAS13 5550 0.029700
5561 MEAS13 5551 0.446800
5561 MEAS13 5552 0.053200
5561 X18 5557 0.998393
5561 X18 5561 0.000536
5561 X18 5560 0.000536
5561 X18 5564 0.000536
5562 CNOT13_18 5567 0.979687
5562 CNOT13_18 5537 0.002902
5562 CNOT13_18 5566 0.002902
5562 CNOT13_18 5535 0.002902
5562 CNOT13_18 5565 0.002902
5562 CNOT13_18 5534 0.002902
5562 CNOT13_18 5568 0.002902
5562 CNOT13_18 5536 0.002902
5562 CNOT13_14 5567 0.980582
5562 CNOT13_14 5537 0.002774
5562 CNOT13_14 5566 0.002774
5562 CNOT13_14 5535 0.002774
5562 CNOT13_14 5565 0.002774
5562 CNOT13_14 5534 0.002774
5562 CNOT13_14 5568 0.002774
5562 CNOT13_14 5536 0.002774
5562 MEAS13 5553 0.470300
5562 MEAS13 5554 0.029700
5562 MEAS13 5555 0.446800
5562 MEAS13 5556 0.053200
5562 X18 5559 0.998393
5562 X18 5562 0.000536
5562 X18 5563 0.000536
5562 X18 5558 0.000536
5563 CNOT13_18 5568 0.979687
5563 CNOT13_18 5535 0.002902
5563 CNOT13_18 5565 0.002902
5563 CNOT13_18 5537 0.002902
5563 CNOT13_18 5566 0.002902
5563 CNOT13_18 5536 0.002902
5563 CNOT13_18 5567 0.002902
5563 CNOT13_18 5534 0.002902
5563 CNOT13_14 5568 0.980582
5563 CNOT13_14 5535 0.002774
5563 CNOT13_14 5565 0.002774
5563 CNOT13_14 5537 0.002774
5563 CNOT13_14 5566 0.002774
5563 CNOT13_14 5536 0.002774
5563 CNOT13_14 5567 0.002774
5563 CNOT13_14 5534 0.002774
5563 MEAS13 5553 0.470300
5563 MEAS13 5554 0.029700
5563 MEAS13 5555 0.446800
5563 MEAS13 5556 0.053200
5563 X18 5558 0.998393
5563 X18 5563 0.000536
5563 X18 5562 0.000536
5563 X18 5559 0.000536
5564 CNOT13_18 5536 0.979687
5564 CNOT13_18 5566 0.002902
5564 CNOT13_18 5537 0.002902
5564 CNOT13_18 5565 0.002902
5564 CNOT13_18 5535 0.002902
5564 CNOT13_18 5568 0.002902
5564 CNOT13_18 5534 0.002902
5564 CNOT13_18 5567 0.002902
5564 CNOT13_14 5536 0.980582
5564 CNOT13_14 5566 0.002774
5564 CNOT13_14 5537 0.002774
5564 CNOT13_14 5565 0.002774
5564 CNOT13_14 5535 0.002774
5564 CNOT13_14 5568 0.002774
5564 CNOT13_14 5534 0.002774
5564 CNOT13_14 5567 0.002774
5564 MEAS13 5521 0.470300
5564 MEAS13 5542 0.029700
5564 MEAS13 5543 0.446800
5564 MEAS13 5544 0.053200
5564 X18 5560 0.998393
5564 X18 5564 0.000536
5564 X18 5557 0.000536
5564 X18 5561 0.000536
5565 CNOT13_18 5561 0.979687
5565 CNOT13_18 5563 0.002902
5565 CNOT13_18 5562 0.002902
5565 CNOT13_18 5564 0.002902
5565 CNOT13_18 5557 0.002902
5565 CNOT13_18 5559 0.002902
5565 CNOT13_18 5558 0.002902
5565 CNOT13_18 5560 0.002902
5565 CNOT13_14 5558 0.980582
5565 CNOT13_14 5563 0.002774
5565 CNOT13_14 5562 0.002774
5565 CNOT13_14 5564 0.002774
5565 CNOT13_14 5557 0.002774
5565 CNOT13_14 5560 0.002774
5565 CNOT13_14 5561 0.002774
5565 CNOT13_14 5559 0.002774
5565 MEAS13 5565 0.893600
5565 MEAS13 5538 0.106400
5565 X18 5568 0.998393
5565 X18 5565 0.000536
5565 X18 5566 0.000536
5565 X18 5567 0.000536
5566 CNOT13_18 5560 0.979687
5566 CNOT13_18 5562 0.002902
5566 CNOT13_18 5563 0.002902
5566 CNOT13_18 5557 0.002902
5566 CNOT13_18 5564 0.002902
5566 CNOT13_18 5558 0.002902
5566 CNOT13_18 5559 0.002902
5566 CNOT13_18 5561 0.002902
5566 CNOT13_14 5559 0.980582
5566 CNOT13_14 5562 0.002774
5566 CNOT13_14 5563 0.002774
5566 CNOT13_14 5557 0.002774
5566 CNOT13_14 5564 0.002774
5566 CNOT13_14 5561 0.002774
5566 CNOT13_14 5560 0.002774
5566 CNOT13_14 5558 0.002774
5566 MEAS13 5566 0.893600
5566 MEAS13 5539 0.106400
5566 X18 5567 0.998393
5566 X18 5566 0.000536
5566 X18 5565 0.000536
5566 X18 5568 0.000536
5567 CNOT13_18 5562 0.979687
5567 CNOT13_18 5560 0.002902
5567 CNOT13_18 5561 0.002902
5567 CNOT13_18 5558 0.002902
5567 CNOT13_18 5559 0.002902
5567 CNOT13_18 5557 0.002902
5567 CNOT13_18 5564 0.002902
5567 CNOT13_18 5563 0.002902
5567 CNOT13_14 5562 0.980582
5567 CNOT13_14 5559 0.002774
5567 CNOT13_14 5558 0.002774
5567 CNOT13_14 5561 0.002774
5567 CNOT13_14 5560 0.002774
5567 CNOT13_14 5557 0.002774
5567 CNOT13_14 5564 0.002774
5567 CNOT13_14 5563 0.002774
5567 MEAS13 5567 0.893600
5567 MEAS13 5540 0.106400
5567 X18 5566 0.998393
5567 X18 5567 0.000536
5567 X18 5568 0.000536
5567 X18 5565 0.000536
5568 CNOT13_18 5563 0.979687
5568 CNOT13_18 5561 0.002902
5568 CNOT13_18 5560 0.002902
5568 CNOT13_18 5559 0.002902
5568 CNOT13_18 5558 0.002902
5568 CNOT13_18 5564 0.002902
5568 CNOT13_18 5557 0.002902
5568 CNOT13_18 5562 0.002902
5568 CNOT13_14 5563 0.980582
5568 CNOT13_14 5558 0.002774
5568 CNOT13_14 5559 0.002774
5568 CNOT13_14 5560 0.002774
5568 CNOT13_14 5561 0.002774
5568 CNOT13_14 5564 0.002774
5568 CNOT13_14 5557 0.002774
5568 CNOT13_14 5562 0.002774
5568 MEAS13 5568 0.893600
5568 MEAS13 5541 0.106400
5568 X18 5565 0.998393
5568 X18 5568 0.000536
5568 X18 5567 0.000536
5568 X18 5566 0.000536
ENDPOMDP
