BEGINPOMDP
INITIALSTATE: 10465
STATES: 10465,10466,10467,10468,10469,10470,10471,10472,10473,10474,10475,10476,10477,10478,10479,10480,10481,10482,10483,10484,10485,10486,10487,10488,10489,10490,10491,10492,10493,10494,10495,10496,10497,10498,10499,10500,10501,10502,10503,10504,10505,10506,10507,10508,10509,10510,10511,10512
TARGETV: 10466,10468,10470,10475,10476,10477,10478,10480,10484,10485,10501,10506,10507,10508,10511,10512
GAMMA: 10465:0,10466:0,10467:0,10468:0,10469:0,10470:0,10471:0,10472:0,10473:0,10474:0,10475:0,10476:0,10477:0,10478:1,10479:1,10480:1,10481:1,10482:0,10483:0,10484:0,10485:0,10486:1,10487:1,10488:0,10489:0,10490:1,10491:1,10492:0,10493:0,10494:1,10495:1,10496:0,10497:0,10498:1,10499:1,10500:0,10501:1,10502:1,10503:1,10504:1,10505:1,10506:1,10507:1,10508:1,10509:1,10510:1,10511:1,10512:1
BEGINACTIONS
CNOT64_65 Instruction.CNOT 65 64
CNOT64_63 Instruction.CNOT 63 64
MEAS64 Instruction.MEAS None 64
X65 Instruction.X None 65
ENDACTIONS
10465 INIT_ 10466 0.250000
10465 INIT_ 10467 0.250000
10465 INIT_ 10468 0.250000
10465 INIT_ 10469 0.250000
10465 CNOT64_65 10465 0.983019
10465 CNOT64_65 10492 0.005660
10465 CNOT64_65 10493 0.005660
10465 CNOT64_65 10500 0.005660
10465 CNOT64_63 10465 0.987651
10465 CNOT64_63 10496 0.004116
10465 CNOT64_63 10489 0.004116
10465 CNOT64_63 10500 0.004116
10465 MEAS64 10465 0.987600
10465 MEAS64 10486 0.012400
10465 X65 10493 0.999798
10465 X65 10465 0.000202
10466 CNOT64_65 10470 0.980189
10466 CNOT64_65 10471 0.002830
10466 CNOT64_65 10472 0.002830
10466 CNOT64_65 10473 0.002830
10466 CNOT64_65 10474 0.002830
10466 CNOT64_65 10475 0.002830
10466 CNOT64_65 10476 0.002830
10466 CNOT64_65 10477 0.002830
10466 CNOT64_63 10470 0.985593
10466 CNOT64_63 10474 0.002058
10466 CNOT64_63 10473 0.002058
10466 CNOT64_63 10472 0.002058
10466 CNOT64_63 10471 0.002058
10466 CNOT64_63 10475 0.002058
10466 CNOT64_63 10476 0.002058
10466 CNOT64_63 10477 0.002058
10466 MEAS64 10466 0.987600
10466 MEAS64 10478 0.012400
10466 X65 10467 0.999698
10466 X65 10466 0.000101
10466 X65 10468 0.000101
10466 X65 10469 0.000101
10467 CNOT64_65 10471 0.980189
10467 CNOT64_65 10470 0.002830
10467 CNOT64_65 10477 0.002830
10467 CNOT64_65 10475 0.002830
10467 CNOT64_65 10476 0.002830
10467 CNOT64_65 10473 0.002830
10467 CNOT64_65 10474 0.002830
10467 CNOT64_65 10472 0.002830
10467 CNOT64_63 10474 0.985593
10467 CNOT64_63 10470 0.002058
10467 CNOT64_63 10477 0.002058
10467 CNOT64_63 10475 0.002058
10467 CNOT64_63 10476 0.002058
10467 CNOT64_63 10472 0.002058
10467 CNOT64_63 10471 0.002058
10467 CNOT64_63 10473 0.002058
10467 MEAS64 10467 0.987600
10467 MEAS64 10479 0.012400
10467 X65 10466 0.999698
10467 X65 10467 0.000101
10467 X65 10469 0.000101
10467 X65 10468 0.000101
10468 CNOT64_65 10477 0.980189
10468 CNOT64_65 10472 0.002830
10468 CNOT64_65 10471 0.002830
10468 CNOT64_65 10474 0.002830
10468 CNOT64_65 10473 0.002830
10468 CNOT64_65 10476 0.002830
10468 CNOT64_65 10475 0.002830
10468 CNOT64_65 10470 0.002830
10468 CNOT64_63 10477 0.985593
10468 CNOT64_63 10473 0.002058
10468 CNOT64_63 10474 0.002058
10468 CNOT64_63 10471 0.002058
10468 CNOT64_63 10472 0.002058
10468 CNOT64_63 10476 0.002058
10468 CNOT64_63 10475 0.002058
10468 CNOT64_63 10470 0.002058
10468 MEAS64 10468 0.987600
10468 MEAS64 10480 0.012400
10468 X65 10469 0.999698
10468 X65 10468 0.000101
10468 X65 10466 0.000101
10468 X65 10467 0.000101
10469 CNOT64_65 10472 0.980189
10469 CNOT64_65 10477 0.002830
10469 CNOT64_65 10470 0.002830
10469 CNOT64_65 10476 0.002830
10469 CNOT64_65 10475 0.002830
10469 CNOT64_65 10474 0.002830
10469 CNOT64_65 10473 0.002830
10469 CNOT64_65 10471 0.002830
10469 CNOT64_63 10473 0.985593
10469 CNOT64_63 10477 0.002058
10469 CNOT64_63 10470 0.002058
10469 CNOT64_63 10476 0.002058
10469 CNOT64_63 10475 0.002058
10469 CNOT64_63 10471 0.002058
10469 CNOT64_63 10472 0.002058
10469 CNOT64_63 10474 0.002058
10469 MEAS64 10469 0.987600
10469 MEAS64 10481 0.012400
10469 X65 10468 0.999698
10469 X65 10469 0.000101
10469 X65 10467 0.000101
10469 X65 10466 0.000101
10470 CNOT64_65 10466 0.980189
10470 CNOT64_65 10482 0.002830
10470 CNOT64_65 10467 0.002830
10470 CNOT64_65 10483 0.002830
10470 CNOT64_65 10469 0.002830
10470 CNOT64_65 10484 0.002830
10470 CNOT64_65 10468 0.002830
10470 CNOT64_65 10485 0.002830
10470 CNOT64_63 10466 0.985593
10470 CNOT64_63 10482 0.002058
10470 CNOT64_63 10467 0.002058
10470 CNOT64_63 10483 0.002058
10470 CNOT64_63 10469 0.002058
10470 CNOT64_63 10484 0.002058
10470 CNOT64_63 10468 0.002058
10470 CNOT64_63 10485 0.002058
10470 MEAS64 10465 0.493800
10470 MEAS64 10486 0.006200
10470 MEAS64 10487 0.493800
10470 MEAS64 10488 0.006200
10470 X65 10474 0.999698
10470 X65 10470 0.000101
10470 X65 10477 0.000101
10470 X65 10473 0.000101
10471 CNOT64_65 10467 0.980189
10471 CNOT64_65 10485 0.002830
10471 CNOT64_65 10466 0.002830
10471 CNOT64_65 10484 0.002830
10471 CNOT64_65 10468 0.002830
10471 CNOT64_65 10483 0.002830
10471 CNOT64_65 10469 0.002830
10471 CNOT64_65 10482 0.002830
10471 CNOT64_63 10482 0.985593
10471 CNOT64_63 10466 0.002058
10471 CNOT64_63 10485 0.002058
10471 CNOT64_63 10468 0.002058
10471 CNOT64_63 10484 0.002058
10471 CNOT64_63 10469 0.002058
10471 CNOT64_63 10483 0.002058
10471 CNOT64_63 10467 0.002058
10471 MEAS64 10489 0.493800
10471 MEAS64 10490 0.006200
10471 MEAS64 10491 0.493800
10471 MEAS64 10492 0.006200
10471 X65 10476 0.999698
10471 X65 10471 0.000101
10471 X65 10472 0.000101
10471 X65 10475 0.000101
10472 CNOT64_65 10469 0.980189
10472 CNOT64_65 10484 0.002830
10472 CNOT64_65 10468 0.002830
10472 CNOT64_65 10485 0.002830
10472 CNOT64_65 10466 0.002830
10472 CNOT64_65 10482 0.002830
10472 CNOT64_65 10467 0.002830
10472 CNOT64_65 10483 0.002830
10472 CNOT64_63 10483 0.985593
10472 CNOT64_63 10468 0.002058
10472 CNOT64_63 10484 0.002058
10472 CNOT64_63 10466 0.002058
10472 CNOT64_63 10485 0.002058
10472 CNOT64_63 10467 0.002058
10472 CNOT64_63 10482 0.002058
10472 CNOT64_63 10469 0.002058
10472 MEAS64 10489 0.493800
10472 MEAS64 10490 0.006200
10472 MEAS64 10491 0.493800
10472 MEAS64 10492 0.006200
10472 X65 10475 0.999698
10472 X65 10472 0.000101
10472 X65 10471 0.000101
10472 X65 10476 0.000101
10473 CNOT64_65 10483 0.980189
10473 CNOT64_65 10468 0.002830
10473 CNOT64_65 10484 0.002830
10473 CNOT64_65 10466 0.002830
10473 CNOT64_65 10485 0.002830
10473 CNOT64_65 10467 0.002830
10473 CNOT64_65 10482 0.002830
10473 CNOT64_65 10469 0.002830
10473 CNOT64_63 10469 0.985593
10473 CNOT64_63 10484 0.002058
10473 CNOT64_63 10468 0.002058
10473 CNOT64_63 10485 0.002058
10473 CNOT64_63 10466 0.002058
10473 CNOT64_63 10482 0.002058
10473 CNOT64_63 10467 0.002058
10473 CNOT64_63 10483 0.002058
10473 MEAS64 10493 0.493800
10473 MEAS64 10494 0.006200
10473 MEAS64 10495 0.493800
10473 MEAS64 10496 0.006200
10473 X65 10477 0.999698
10473 X65 10473 0.000101
10473 X65 10474 0.000101
10473 X65 10470 0.000101
10474 CNOT64_65 10482 0.980189
10474 CNOT64_65 10466 0.002830
10474 CNOT64_65 10485 0.002830
10474 CNOT64_65 10468 0.002830
10474 CNOT64_65 10484 0.002830
10474 CNOT64_65 10469 0.002830
10474 CNOT64_65 10483 0.002830
10474 CNOT64_65 10467 0.002830
10474 CNOT64_63 10467 0.985593
10474 CNOT64_63 10485 0.002058
10474 CNOT64_63 10466 0.002058
10474 CNOT64_63 10484 0.002058
10474 CNOT64_63 10468 0.002058
10474 CNOT64_63 10483 0.002058
10474 CNOT64_63 10469 0.002058
10474 CNOT64_63 10482 0.002058
10474 MEAS64 10493 0.493800
10474 MEAS64 10494 0.006200
10474 MEAS64 10495 0.493800
10474 MEAS64 10496 0.006200
10474 X65 10470 0.999698
10474 X65 10474 0.000101
10474 X65 10473 0.000101
10474 X65 10477 0.000101
10475 CNOT64_65 10484 0.980189
10475 CNOT64_65 10469 0.002830
10475 CNOT64_65 10483 0.002830
10475 CNOT64_65 10467 0.002830
10475 CNOT64_65 10482 0.002830
10475 CNOT64_65 10466 0.002830
10475 CNOT64_65 10485 0.002830
10475 CNOT64_65 10468 0.002830
10475 CNOT64_63 10484 0.985593
10475 CNOT64_63 10469 0.002058
10475 CNOT64_63 10483 0.002058
10475 CNOT64_63 10467 0.002058
10475 CNOT64_63 10482 0.002058
10475 CNOT64_63 10466 0.002058
10475 CNOT64_63 10485 0.002058
10475 CNOT64_63 10468 0.002058
10475 MEAS64 10497 0.493800
10475 MEAS64 10498 0.006200
10475 MEAS64 10499 0.493800
10475 MEAS64 10500 0.006200
10475 X65 10472 0.999698
10475 X65 10475 0.000101
10475 X65 10476 0.000101
10475 X65 10471 0.000101
10476 CNOT64_65 10485 0.980189
10476 CNOT64_65 10467 0.002830
10476 CNOT64_65 10482 0.002830
10476 CNOT64_65 10469 0.002830
10476 CNOT64_65 10483 0.002830
10476 CNOT64_65 10468 0.002830
10476 CNOT64_65 10484 0.002830
10476 CNOT64_65 10466 0.002830
10476 CNOT64_63 10485 0.985593
10476 CNOT64_63 10467 0.002058
10476 CNOT64_63 10482 0.002058
10476 CNOT64_63 10469 0.002058
10476 CNOT64_63 10483 0.002058
10476 CNOT64_63 10468 0.002058
10476 CNOT64_63 10484 0.002058
10476 CNOT64_63 10466 0.002058
10476 MEAS64 10497 0.493800
10476 MEAS64 10498 0.006200
10476 MEAS64 10499 0.493800
10476 MEAS64 10500 0.006200
10476 X65 10471 0.999698
10476 X65 10476 0.000101
10476 X65 10475 0.000101
10476 X65 10472 0.000101
10477 CNOT64_65 10468 0.980189
10477 CNOT64_65 10483 0.002830
10477 CNOT64_65 10469 0.002830
10477 CNOT64_65 10482 0.002830
10477 CNOT64_65 10467 0.002830
10477 CNOT64_65 10485 0.002830
10477 CNOT64_65 10466 0.002830
10477 CNOT64_65 10484 0.002830
10477 CNOT64_63 10468 0.985593
10477 CNOT64_63 10483 0.002058
10477 CNOT64_63 10469 0.002058
10477 CNOT64_63 10482 0.002058
10477 CNOT64_63 10467 0.002058
10477 CNOT64_63 10485 0.002058
10477 CNOT64_63 10466 0.002058
10477 CNOT64_63 10484 0.002058
10477 MEAS64 10465 0.493800
10477 MEAS64 10486 0.006200
10477 MEAS64 10487 0.493800
10477 MEAS64 10488 0.006200
10477 X65 10473 0.999698
10477 X65 10477 0.000101
10477 X65 10470 0.000101
10477 X65 10474 0.000101
10478 CNOT64_65 10501 0.980189
10478 CNOT64_65 10502 0.002830
10478 CNOT64_65 10503 0.002830
10478 CNOT64_65 10504 0.002830
10478 CNOT64_65 10505 0.002830
10478 CNOT64_65 10506 0.002830
10478 CNOT64_65 10507 0.002830
10478 CNOT64_65 10508 0.002830
10478 CNOT64_63 10501 0.985593
10478 CNOT64_63 10505 0.002058
10478 CNOT64_63 10504 0.002058
10478 CNOT64_63 10503 0.002058
10478 CNOT64_63 10502 0.002058
10478 CNOT64_63 10506 0.002058
10478 CNOT64_63 10507 0.002058
10478 CNOT64_63 10508 0.002058
10478 MEAS64 10466 0.987600
10478 MEAS64 10478 0.012400
10478 X65 10479 0.999698
10478 X65 10478 0.000101
10478 X65 10480 0.000101
10478 X65 10481 0.000101
10479 CNOT64_65 10502 0.980189
10479 CNOT64_65 10501 0.002830
10479 CNOT64_65 10508 0.002830
10479 CNOT64_65 10506 0.002830
10479 CNOT64_65 10507 0.002830
10479 CNOT64_65 10504 0.002830
10479 CNOT64_65 10505 0.002830
10479 CNOT64_65 10503 0.002830
10479 CNOT64_63 10505 0.985593
10479 CNOT64_63 10501 0.002058
10479 CNOT64_63 10508 0.002058
10479 CNOT64_63 10506 0.002058
10479 CNOT64_63 10507 0.002058
10479 CNOT64_63 10503 0.002058
10479 CNOT64_63 10502 0.002058
10479 CNOT64_63 10504 0.002058
10479 MEAS64 10467 0.987600
10479 MEAS64 10479 0.012400
10479 X65 10478 0.999698
10479 X65 10479 0.000101
10479 X65 10481 0.000101
10479 X65 10480 0.000101
10480 CNOT64_65 10508 0.980189
10480 CNOT64_65 10503 0.002830
10480 CNOT64_65 10502 0.002830
10480 CNOT64_65 10505 0.002830
10480 CNOT64_65 10504 0.002830
10480 CNOT64_65 10507 0.002830
10480 CNOT64_65 10506 0.002830
10480 CNOT64_65 10501 0.002830
10480 CNOT64_63 10508 0.985593
10480 CNOT64_63 10504 0.002058
10480 CNOT64_63 10505 0.002058
10480 CNOT64_63 10502 0.002058
10480 CNOT64_63 10503 0.002058
10480 CNOT64_63 10507 0.002058
10480 CNOT64_63 10506 0.002058
10480 CNOT64_63 10501 0.002058
10480 MEAS64 10468 0.987600
10480 MEAS64 10480 0.012400
10480 X65 10481 0.999698
10480 X65 10480 0.000101
10480 X65 10478 0.000101
10480 X65 10479 0.000101
10481 CNOT64_65 10503 0.980189
10481 CNOT64_65 10508 0.002830
10481 CNOT64_65 10501 0.002830
10481 CNOT64_65 10507 0.002830
10481 CNOT64_65 10506 0.002830
10481 CNOT64_65 10505 0.002830
10481 CNOT64_65 10504 0.002830
10481 CNOT64_65 10502 0.002830
10481 CNOT64_63 10504 0.985593
10481 CNOT64_63 10508 0.002058
10481 CNOT64_63 10501 0.002058
10481 CNOT64_63 10507 0.002058
10481 CNOT64_63 10506 0.002058
10481 CNOT64_63 10502 0.002058
10481 CNOT64_63 10503 0.002058
10481 CNOT64_63 10505 0.002058
10481 MEAS64 10469 0.987600
10481 MEAS64 10481 0.012400
10481 X65 10480 0.999698
10481 X65 10481 0.000101
10481 X65 10479 0.000101
10481 X65 10478 0.000101
10482 CNOT64_65 10474 0.980189
10482 CNOT64_65 10476 0.002830
10482 CNOT64_65 10475 0.002830
10482 CNOT64_65 10477 0.002830
10482 CNOT64_65 10470 0.002830
10482 CNOT64_65 10472 0.002830
10482 CNOT64_65 10471 0.002830
10482 CNOT64_65 10473 0.002830
10482 CNOT64_63 10471 0.985593
10482 CNOT64_63 10476 0.002058
10482 CNOT64_63 10475 0.002058
10482 CNOT64_63 10477 0.002058
10482 CNOT64_63 10470 0.002058
10482 CNOT64_63 10473 0.002058
10482 CNOT64_63 10474 0.002058
10482 CNOT64_63 10472 0.002058
10482 MEAS64 10509 0.987600
10482 MEAS64 10482 0.012400
10482 X65 10485 0.999698
10482 X65 10482 0.000101
10482 X65 10483 0.000101
10482 X65 10484 0.000101
10483 CNOT64_65 10473 0.980189
10483 CNOT64_65 10475 0.002830
10483 CNOT64_65 10476 0.002830
10483 CNOT64_65 10470 0.002830
10483 CNOT64_65 10477 0.002830
10483 CNOT64_65 10471 0.002830
10483 CNOT64_65 10472 0.002830
10483 CNOT64_65 10474 0.002830
10483 CNOT64_63 10472 0.985593
10483 CNOT64_63 10475 0.002058
10483 CNOT64_63 10476 0.002058
10483 CNOT64_63 10470 0.002058
10483 CNOT64_63 10477 0.002058
10483 CNOT64_63 10474 0.002058
10483 CNOT64_63 10473 0.002058
10483 CNOT64_63 10471 0.002058
10483 MEAS64 10510 0.987600
10483 MEAS64 10483 0.012400
10483 X65 10484 0.999698
10483 X65 10483 0.000101
10483 X65 10482 0.000101
10483 X65 10485 0.000101
10484 CNOT64_65 10475 0.980189
10484 CNOT64_65 10473 0.002830
10484 CNOT64_65 10474 0.002830
10484 CNOT64_65 10471 0.002830
10484 CNOT64_65 10472 0.002830
10484 CNOT64_65 10470 0.002830
10484 CNOT64_65 10477 0.002830
10484 CNOT64_65 10476 0.002830
10484 CNOT64_63 10475 0.985593
10484 CNOT64_63 10472 0.002058
10484 CNOT64_63 10471 0.002058
10484 CNOT64_63 10474 0.002058
10484 CNOT64_63 10473 0.002058
10484 CNOT64_63 10470 0.002058
10484 CNOT64_63 10477 0.002058
10484 CNOT64_63 10476 0.002058
10484 MEAS64 10511 0.987600
10484 MEAS64 10484 0.012400
10484 X65 10483 0.999698
10484 X65 10484 0.000101
10484 X65 10485 0.000101
10484 X65 10482 0.000101
10485 CNOT64_65 10476 0.980189
10485 CNOT64_65 10474 0.002830
10485 CNOT64_65 10473 0.002830
10485 CNOT64_65 10472 0.002830
10485 CNOT64_65 10471 0.002830
10485 CNOT64_65 10477 0.002830
10485 CNOT64_65 10470 0.002830
10485 CNOT64_65 10475 0.002830
10485 CNOT64_63 10476 0.985593
10485 CNOT64_63 10471 0.002058
10485 CNOT64_63 10472 0.002058
10485 CNOT64_63 10473 0.002058
10485 CNOT64_63 10474 0.002058
10485 CNOT64_63 10477 0.002058
10485 CNOT64_63 10470 0.002058
10485 CNOT64_63 10475 0.002058
10485 MEAS64 10512 0.987600
10485 MEAS64 10485 0.012400
10485 X65 10482 0.999698
10485 X65 10485 0.000101
10485 X65 10484 0.000101
10485 X65 10483 0.000101
10486 CNOT64_65 10486 0.983019
10486 CNOT64_65 10491 0.005660
10486 CNOT64_65 10494 0.005660
10486 CNOT64_65 10499 0.005660
10486 CNOT64_63 10486 0.987651
10486 CNOT64_63 10495 0.004116
10486 CNOT64_63 10490 0.004116
10486 CNOT64_63 10499 0.004116
10486 MEAS64 10465 0.987600
10486 MEAS64 10486 0.012400
10486 X65 10494 0.999798
10486 X65 10486 0.000202
10487 CNOT64_65 10498 0.983019
10487 CNOT64_65 10495 0.005660
10487 CNOT64_65 10490 0.005660
10487 CNOT64_65 10487 0.005660
10487 CNOT64_63 10498 0.987651
10487 CNOT64_63 10491 0.004116
10487 CNOT64_63 10494 0.004116
10487 CNOT64_63 10487 0.004116
10487 MEAS64 10487 0.987600
10487 MEAS64 10488 0.012400
10487 X65 10495 0.999798
10487 X65 10487 0.000202
10488 CNOT64_65 10497 0.983019
10488 CNOT64_65 10496 0.005660
10488 CNOT64_65 10489 0.005660
10488 CNOT64_65 10488 0.005660
10488 CNOT64_63 10497 0.987651
10488 CNOT64_63 10492 0.004116
10488 CNOT64_63 10493 0.004116
10488 CNOT64_63 10488 0.004116
10488 MEAS64 10487 0.987600
10488 MEAS64 10488 0.012400
10488 X65 10496 0.999798
10488 X65 10488 0.000202
10489 CNOT64_65 10489 0.983019
10489 CNOT64_65 10488 0.005660
10489 CNOT64_65 10497 0.005660
10489 CNOT64_65 10496 0.005660
10489 CNOT64_63 10496 0.987651
10489 CNOT64_63 10465 0.004116
10489 CNOT64_63 10500 0.004116
10489 CNOT64_63 10489 0.004116
10489 MEAS64 10489 0.987600
10489 MEAS64 10490 0.012400
10489 X65 10497 0.999798
10489 X65 10489 0.000202
10490 CNOT64_65 10490 0.983019
10490 CNOT64_65 10487 0.005660
10490 CNOT64_65 10498 0.005660
10490 CNOT64_65 10495 0.005660
10490 CNOT64_63 10495 0.987651
10490 CNOT64_63 10486 0.004116
10490 CNOT64_63 10499 0.004116
10490 CNOT64_63 10490 0.004116
10490 MEAS64 10489 0.987600
10490 MEAS64 10490 0.012400
10490 X65 10498 0.999798
10490 X65 10490 0.000202
10491 CNOT64_65 10494 0.983019
10491 CNOT64_65 10499 0.005660
10491 CNOT64_65 10486 0.005660
10491 CNOT64_65 10491 0.005660
10491 CNOT64_63 10491 0.987651
10491 CNOT64_63 10498 0.004116
10491 CNOT64_63 10487 0.004116
10491 CNOT64_63 10494 0.004116
10491 MEAS64 10491 0.987600
10491 MEAS64 10492 0.012400
10491 X65 10499 0.999798
10491 X65 10491 0.000202
10492 CNOT64_65 10493 0.983019
10492 CNOT64_65 10500 0.005660
10492 CNOT64_65 10465 0.005660
10492 CNOT64_65 10492 0.005660
10492 CNOT64_63 10492 0.987651
10492 CNOT64_63 10497 0.004116
10492 CNOT64_63 10488 0.004116
10492 CNOT64_63 10493 0.004116
10492 MEAS64 10491 0.987600
10492 MEAS64 10492 0.012400
10492 X65 10500 0.999798
10492 X65 10492 0.000202
10493 CNOT64_65 10492 0.983019
10493 CNOT64_65 10465 0.005660
10493 CNOT64_65 10500 0.005660
10493 CNOT64_65 10493 0.005660
10493 CNOT64_63 10493 0.987651
10493 CNOT64_63 10488 0.004116
10493 CNOT64_63 10497 0.004116
10493 CNOT64_63 10492 0.004116
10493 MEAS64 10493 0.987600
10493 MEAS64 10494 0.012400
10493 X65 10465 0.999798
10493 X65 10493 0.000202
10494 CNOT64_65 10491 0.983019
10494 CNOT64_65 10486 0.005660
10494 CNOT64_65 10499 0.005660
10494 CNOT64_65 10494 0.005660
10494 CNOT64_63 10494 0.987651
10494 CNOT64_63 10487 0.004116
10494 CNOT64_63 10498 0.004116
10494 CNOT64_63 10491 0.004116
10494 MEAS64 10493 0.987600
10494 MEAS64 10494 0.012400
10494 X65 10486 0.999798
10494 X65 10494 0.000202
10495 CNOT64_65 10495 0.983019
10495 CNOT64_65 10498 0.005660
10495 CNOT64_65 10487 0.005660
10495 CNOT64_65 10490 0.005660
10495 CNOT64_63 10490 0.987651
10495 CNOT64_63 10499 0.004116
10495 CNOT64_63 10486 0.004116
10495 CNOT64_63 10495 0.004116
10495 MEAS64 10495 0.987600
10495 MEAS64 10496 0.012400
10495 X65 10487 0.999798
10495 X65 10495 0.000202
10496 CNOT64_65 10496 0.983019
10496 CNOT64_65 10497 0.005660
10496 CNOT64_65 10488 0.005660
10496 CNOT64_65 10489 0.005660
10496 CNOT64_63 10489 0.987651
10496 CNOT64_63 10500 0.004116
10496 CNOT64_63 10465 0.004116
10496 CNOT64_63 10496 0.004116
10496 MEAS64 10495 0.987600
10496 MEAS64 10496 0.012400
10496 X65 10488 0.999798
10496 X65 10496 0.000202
10497 CNOT64_65 10488 0.983019
10497 CNOT64_65 10489 0.005660
10497 CNOT64_65 10496 0.005660
10497 CNOT64_65 10497 0.005660
10497 CNOT64_63 10488 0.987651
10497 CNOT64_63 10493 0.004116
10497 CNOT64_63 10492 0.004116
10497 CNOT64_63 10497 0.004116
10497 MEAS64 10497 0.987600
10497 MEAS64 10498 0.012400
10497 X65 10489 0.999798
10497 X65 10497 0.000202
10498 CNOT64_65 10487 0.983019
10498 CNOT64_65 10490 0.005660
10498 CNOT64_65 10495 0.005660
10498 CNOT64_65 10498 0.005660
10498 CNOT64_63 10487 0.987651
10498 CNOT64_63 10494 0.004116
10498 CNOT64_63 10491 0.004116
10498 CNOT64_63 10498 0.004116
10498 MEAS64 10497 0.987600
10498 MEAS64 10498 0.012400
10498 X65 10490 0.999798
10498 X65 10498 0.000202
10499 CNOT64_65 10499 0.983019
10499 CNOT64_65 10494 0.005660
10499 CNOT64_65 10491 0.005660
10499 CNOT64_65 10486 0.005660
10499 CNOT64_63 10499 0.987651
10499 CNOT64_63 10490 0.004116
10499 CNOT64_63 10495 0.004116
10499 CNOT64_63 10486 0.004116
10499 MEAS64 10499 0.987600
10499 MEAS64 10500 0.012400
10499 X65 10491 0.999798
10499 X65 10499 0.000202
10500 CNOT64_65 10500 0.983019
10500 CNOT64_65 10493 0.005660
10500 CNOT64_65 10492 0.005660
10500 CNOT64_65 10465 0.005660
10500 CNOT64_63 10500 0.987651
10500 CNOT64_63 10489 0.004116
10500 CNOT64_63 10496 0.004116
10500 CNOT64_63 10465 0.004116
10500 MEAS64 10499 0.987600
10500 MEAS64 10500 0.012400
10500 X65 10492 0.999798
10500 X65 10500 0.000202
10501 CNOT64_65 10478 0.980189
10501 CNOT64_65 10509 0.002830
10501 CNOT64_65 10479 0.002830
10501 CNOT64_65 10510 0.002830
10501 CNOT64_65 10481 0.002830
10501 CNOT64_65 10511 0.002830
10501 CNOT64_65 10480 0.002830
10501 CNOT64_65 10512 0.002830
10501 CNOT64_63 10478 0.985593
10501 CNOT64_63 10509 0.002058
10501 CNOT64_63 10479 0.002058
10501 CNOT64_63 10510 0.002058
10501 CNOT64_63 10481 0.002058
10501 CNOT64_63 10511 0.002058
10501 CNOT64_63 10480 0.002058
10501 CNOT64_63 10512 0.002058
10501 MEAS64 10465 0.493800
10501 MEAS64 10486 0.006200
10501 MEAS64 10487 0.493800
10501 MEAS64 10488 0.006200
10501 X65 10505 0.999698
10501 X65 10501 0.000101
10501 X65 10508 0.000101
10501 X65 10504 0.000101
10502 CNOT64_65 10479 0.980189
10502 CNOT64_65 10512 0.002830
10502 CNOT64_65 10478 0.002830
10502 CNOT64_65 10511 0.002830
10502 CNOT64_65 10480 0.002830
10502 CNOT64_65 10510 0.002830
10502 CNOT64_65 10481 0.002830
10502 CNOT64_65 10509 0.002830
10502 CNOT64_63 10509 0.985593
10502 CNOT64_63 10478 0.002058
10502 CNOT64_63 10512 0.002058
10502 CNOT64_63 10480 0.002058
10502 CNOT64_63 10511 0.002058
10502 CNOT64_63 10481 0.002058
10502 CNOT64_63 10510 0.002058
10502 CNOT64_63 10479 0.002058
10502 MEAS64 10489 0.493800
10502 MEAS64 10490 0.006200
10502 MEAS64 10491 0.493800
10502 MEAS64 10492 0.006200
10502 X65 10507 0.999698
10502 X65 10502 0.000101
10502 X65 10503 0.000101
10502 X65 10506 0.000101
10503 CNOT64_65 10481 0.980189
10503 CNOT64_65 10511 0.002830
10503 CNOT64_65 10480 0.002830
10503 CNOT64_65 10512 0.002830
10503 CNOT64_65 10478 0.002830
10503 CNOT64_65 10509 0.002830
10503 CNOT64_65 10479 0.002830
10503 CNOT64_65 10510 0.002830
10503 CNOT64_63 10510 0.985593
10503 CNOT64_63 10480 0.002058
10503 CNOT64_63 10511 0.002058
10503 CNOT64_63 10478 0.002058
10503 CNOT64_63 10512 0.002058
10503 CNOT64_63 10479 0.002058
10503 CNOT64_63 10509 0.002058
10503 CNOT64_63 10481 0.002058
10503 MEAS64 10489 0.493800
10503 MEAS64 10490 0.006200
10503 MEAS64 10491 0.493800
10503 MEAS64 10492 0.006200
10503 X65 10506 0.999698
10503 X65 10503 0.000101
10503 X65 10502 0.000101
10503 X65 10507 0.000101
10504 CNOT64_65 10510 0.980189
10504 CNOT64_65 10480 0.002830
10504 CNOT64_65 10511 0.002830
10504 CNOT64_65 10478 0.002830
10504 CNOT64_65 10512 0.002830
10504 CNOT64_65 10479 0.002830
10504 CNOT64_65 10509 0.002830
10504 CNOT64_65 10481 0.002830
10504 CNOT64_63 10481 0.985593
10504 CNOT64_63 10511 0.002058
10504 CNOT64_63 10480 0.002058
10504 CNOT64_63 10512 0.002058
10504 CNOT64_63 10478 0.002058
10504 CNOT64_63 10509 0.002058
10504 CNOT64_63 10479 0.002058
10504 CNOT64_63 10510 0.002058
10504 MEAS64 10493 0.493800
10504 MEAS64 10494 0.006200
10504 MEAS64 10495 0.493800
10504 MEAS64 10496 0.006200
10504 X65 10508 0.999698
10504 X65 10504 0.000101
10504 X65 10505 0.000101
10504 X65 10501 0.000101
10505 CNOT64_65 10509 0.980189
10505 CNOT64_65 10478 0.002830
10505 CNOT64_65 10512 0.002830
10505 CNOT64_65 10480 0.002830
10505 CNOT64_65 10511 0.002830
10505 CNOT64_65 10481 0.002830
10505 CNOT64_65 10510 0.002830
10505 CNOT64_65 10479 0.002830
10505 CNOT64_63 10479 0.985593
10505 CNOT64_63 10512 0.002058
10505 CNOT64_63 10478 0.002058
10505 CNOT64_63 10511 0.002058
10505 CNOT64_63 10480 0.002058
10505 CNOT64_63 10510 0.002058
10505 CNOT64_63 10481 0.002058
10505 CNOT64_63 10509 0.002058
10505 MEAS64 10493 0.493800
10505 MEAS64 10494 0.006200
10505 MEAS64 10495 0.493800
10505 MEAS64 10496 0.006200
10505 X65 10501 0.999698
10505 X65 10505 0.000101
10505 X65 10504 0.000101
10505 X65 10508 0.000101
10506 CNOT64_65 10511 0.980189
10506 CNOT64_65 10481 0.002830
10506 CNOT64_65 10510 0.002830
10506 CNOT64_65 10479 0.002830
10506 CNOT64_65 10509 0.002830
10506 CNOT64_65 10478 0.002830
10506 CNOT64_65 10512 0.002830
10506 CNOT64_65 10480 0.002830
10506 CNOT64_63 10511 0.985593
10506 CNOT64_63 10481 0.002058
10506 CNOT64_63 10510 0.002058
10506 CNOT64_63 10479 0.002058
10506 CNOT64_63 10509 0.002058
10506 CNOT64_63 10478 0.002058
10506 CNOT64_63 10512 0.002058
10506 CNOT64_63 10480 0.002058
10506 MEAS64 10497 0.493800
10506 MEAS64 10498 0.006200
10506 MEAS64 10499 0.493800
10506 MEAS64 10500 0.006200
10506 X65 10503 0.999698
10506 X65 10506 0.000101
10506 X65 10507 0.000101
10506 X65 10502 0.000101
10507 CNOT64_65 10512 0.980189
10507 CNOT64_65 10479 0.002830
10507 CNOT64_65 10509 0.002830
10507 CNOT64_65 10481 0.002830
10507 CNOT64_65 10510 0.002830
10507 CNOT64_65 10480 0.002830
10507 CNOT64_65 10511 0.002830
10507 CNOT64_65 10478 0.002830
10507 CNOT64_63 10512 0.985593
10507 CNOT64_63 10479 0.002058
10507 CNOT64_63 10509 0.002058
10507 CNOT64_63 10481 0.002058
10507 CNOT64_63 10510 0.002058
10507 CNOT64_63 10480 0.002058
10507 CNOT64_63 10511 0.002058
10507 CNOT64_63 10478 0.002058
10507 MEAS64 10497 0.493800
10507 MEAS64 10498 0.006200
10507 MEAS64 10499 0.493800
10507 MEAS64 10500 0.006200
10507 X65 10502 0.999698
10507 X65 10507 0.000101
10507 X65 10506 0.000101
10507 X65 10503 0.000101
10508 CNOT64_65 10480 0.980189
10508 CNOT64_65 10510 0.002830
10508 CNOT64_65 10481 0.002830
10508 CNOT64_65 10509 0.002830
10508 CNOT64_65 10479 0.002830
10508 CNOT64_65 10512 0.002830
10508 CNOT64_65 10478 0.002830
10508 CNOT64_65 10511 0.002830
10508 CNOT64_63 10480 0.985593
10508 CNOT64_63 10510 0.002058
10508 CNOT64_63 10481 0.002058
10508 CNOT64_63 10509 0.002058
10508 CNOT64_63 10479 0.002058
10508 CNOT64_63 10512 0.002058
10508 CNOT64_63 10478 0.002058
10508 CNOT64_63 10511 0.002058
10508 MEAS64 10465 0.493800
10508 MEAS64 10486 0.006200
10508 MEAS64 10487 0.493800
10508 MEAS64 10488 0.006200
10508 X65 10504 0.999698
10508 X65 10508 0.000101
10508 X65 10501 0.000101
10508 X65 10505 0.000101
10509 CNOT64_65 10505 0.980189
10509 CNOT64_65 10507 0.002830
10509 CNOT64_65 10506 0.002830
10509 CNOT64_65 10508 0.002830
10509 CNOT64_65 10501 0.002830
10509 CNOT64_65 10503 0.002830
10509 CNOT64_65 10502 0.002830
10509 CNOT64_65 10504 0.002830
10509 CNOT64_63 10502 0.985593
10509 CNOT64_63 10507 0.002058
10509 CNOT64_63 10506 0.002058
10509 CNOT64_63 10508 0.002058
10509 CNOT64_63 10501 0.002058
10509 CNOT64_63 10504 0.002058
10509 CNOT64_63 10505 0.002058
10509 CNOT64_63 10503 0.002058
10509 MEAS64 10509 0.987600
10509 MEAS64 10482 0.012400
10509 X65 10512 0.999698
10509 X65 10509 0.000101
10509 X65 10510 0.000101
10509 X65 10511 0.000101
10510 CNOT64_65 10504 0.980189
10510 CNOT64_65 10506 0.002830
10510 CNOT64_65 10507 0.002830
10510 CNOT64_65 10501 0.002830
10510 CNOT64_65 10508 0.002830
10510 CNOT64_65 10502 0.002830
10510 CNOT64_65 10503 0.002830
10510 CNOT64_65 10505 0.002830
10510 CNOT64_63 10503 0.985593
10510 CNOT64_63 10506 0.002058
10510 CNOT64_63 10507 0.002058
10510 CNOT64_63 10501 0.002058
10510 CNOT64_63 10508 0.002058
10510 CNOT64_63 10505 0.002058
10510 CNOT64_63 10504 0.002058
10510 CNOT64_63 10502 0.002058
10510 MEAS64 10510 0.987600
10510 MEAS64 10483 0.012400
10510 X65 10511 0.999698
10510 X65 10510 0.000101
10510 X65 10509 0.000101
10510 X65 10512 0.000101
10511 CNOT64_65 10506 0.980189
10511 CNOT64_65 10504 0.002830
10511 CNOT64_65 10505 0.002830
10511 CNOT64_65 10502 0.002830
10511 CNOT64_65 10503 0.002830
10511 CNOT64_65 10501 0.002830
10511 CNOT64_65 10508 0.002830
10511 CNOT64_65 10507 0.002830
10511 CNOT64_63 10506 0.985593
10511 CNOT64_63 10503 0.002058
10511 CNOT64_63 10502 0.002058
10511 CNOT64_63 10505 0.002058
10511 CNOT64_63 10504 0.002058
10511 CNOT64_63 10501 0.002058
10511 CNOT64_63 10508 0.002058
10511 CNOT64_63 10507 0.002058
10511 MEAS64 10511 0.987600
10511 MEAS64 10484 0.012400
10511 X65 10510 0.999698
10511 X65 10511 0.000101
10511 X65 10512 0.000101
10511 X65 10509 0.000101
10512 CNOT64_65 10507 0.980189
10512 CNOT64_65 10505 0.002830
10512 CNOT64_65 10504 0.002830
10512 CNOT64_65 10503 0.002830
10512 CNOT64_65 10502 0.002830
10512 CNOT64_65 10508 0.002830
10512 CNOT64_65 10501 0.002830
10512 CNOT64_65 10506 0.002830
10512 CNOT64_63 10507 0.985593
10512 CNOT64_63 10502 0.002058
10512 CNOT64_63 10503 0.002058
10512 CNOT64_63 10504 0.002058
10512 CNOT64_63 10505 0.002058
10512 CNOT64_63 10508 0.002058
10512 CNOT64_63 10501 0.002058
10512 CNOT64_63 10506 0.002058
10512 MEAS64 10512 0.987600
10512 MEAS64 10485 0.012400
10512 X65 10509 0.999698
10512 X65 10512 0.000101
10512 X65 10511 0.000101
10512 X65 10510 0.000101
ENDPOMDP
