BEGINPOMDP
INITIALSTATE: 1009
STATES: 1009,1010,1011,1012,1013,1014,1015,1016,1017,1018,1019,1020,1021,1022,1023,1024,1025,1026,1027,1028,1029,1030,1031,1032,1033,1034,1035,1036,1037,1038,1039,1040,1041,1042,1043,1044,1045,1046,1047,1048,1049,1050,1051,1052,1053,1054,1055,1056
TARGETV: 1010,1012,1014,1019,1020,1021,1022,1024,1028,1029,1045,1050,1051,1052,1055,1056
GAMMA: 1009:0,1010:0,1011:0,1012:0,1013:0,1014:0,1015:0,1016:0,1017:0,1018:0,1019:0,1020:0,1021:0,1022:1,1023:1,1024:1,1025:1,1026:0,1027:0,1028:0,1029:0,1030:1,1031:1,1032:0,1033:0,1034:1,1035:1,1036:0,1037:0,1038:1,1039:1,1040:0,1041:0,1042:1,1043:1,1044:0,1045:1,1046:1,1047:1,1048:1,1049:1,1050:1,1051:1,1052:1,1053:1,1054:1,1055:1,1056:1
BEGINACTIONS
CNOT2_3 Instruction.CNOT 3 2
CNOT2_1 Instruction.CNOT 1 2
MEAS2 Instruction.MEAS None 2
X3 Instruction.X None 3
ENDACTIONS
1009 INIT_ 1010 0.250000
1009 INIT_ 1011 0.250000
1009 INIT_ 1012 0.250000
1009 INIT_ 1013 0.250000
1009 CNOT2_3 1009 0.924502
1009 CNOT2_3 1036 0.025166
1009 CNOT2_3 1037 0.025166
1009 CNOT2_3 1044 0.025166
1009 CNOT2_1 1009 0.991396
1009 CNOT2_1 1040 0.002868
1009 CNOT2_1 1033 0.002868
1009 CNOT2_1 1044 0.002868
1009 MEAS2 1009 0.975400
1009 MEAS2 1030 0.024600
1009 X3 1037 0.998978
1009 X3 1009 0.001022
1010 CNOT2_3 1014 0.911919
1010 CNOT2_3 1015 0.012583
1010 CNOT2_3 1016 0.012583
1010 CNOT2_3 1017 0.012583
1010 CNOT2_3 1018 0.012583
1010 CNOT2_3 1019 0.012583
1010 CNOT2_3 1020 0.012583
1010 CNOT2_3 1021 0.012583
1010 CNOT2_1 1014 0.989962
1010 CNOT2_1 1018 0.001434
1010 CNOT2_1 1017 0.001434
1010 CNOT2_1 1016 0.001434
1010 CNOT2_1 1015 0.001434
1010 CNOT2_1 1019 0.001434
1010 CNOT2_1 1020 0.001434
1010 CNOT2_1 1021 0.001434
1010 MEAS2 1010 0.975400
1010 MEAS2 1022 0.024600
1010 X3 1011 0.998467
1010 X3 1010 0.000511
1010 X3 1012 0.000511
1010 X3 1013 0.000511
1011 CNOT2_3 1015 0.911919
1011 CNOT2_3 1014 0.012583
1011 CNOT2_3 1021 0.012583
1011 CNOT2_3 1019 0.012583
1011 CNOT2_3 1020 0.012583
1011 CNOT2_3 1017 0.012583
1011 CNOT2_3 1018 0.012583
1011 CNOT2_3 1016 0.012583
1011 CNOT2_1 1018 0.989962
1011 CNOT2_1 1014 0.001434
1011 CNOT2_1 1021 0.001434
1011 CNOT2_1 1019 0.001434
1011 CNOT2_1 1020 0.001434
1011 CNOT2_1 1016 0.001434
1011 CNOT2_1 1015 0.001434
1011 CNOT2_1 1017 0.001434
1011 MEAS2 1011 0.975400
1011 MEAS2 1023 0.024600
1011 X3 1010 0.998467
1011 X3 1011 0.000511
1011 X3 1013 0.000511
1011 X3 1012 0.000511
1012 CNOT2_3 1021 0.911919
1012 CNOT2_3 1016 0.012583
1012 CNOT2_3 1015 0.012583
1012 CNOT2_3 1018 0.012583
1012 CNOT2_3 1017 0.012583
1012 CNOT2_3 1020 0.012583
1012 CNOT2_3 1019 0.012583
1012 CNOT2_3 1014 0.012583
1012 CNOT2_1 1021 0.989962
1012 CNOT2_1 1017 0.001434
1012 CNOT2_1 1018 0.001434
1012 CNOT2_1 1015 0.001434
1012 CNOT2_1 1016 0.001434
1012 CNOT2_1 1020 0.001434
1012 CNOT2_1 1019 0.001434
1012 CNOT2_1 1014 0.001434
1012 MEAS2 1012 0.975400
1012 MEAS2 1024 0.024600
1012 X3 1013 0.998467
1012 X3 1012 0.000511
1012 X3 1010 0.000511
1012 X3 1011 0.000511
1013 CNOT2_3 1016 0.911919
1013 CNOT2_3 1021 0.012583
1013 CNOT2_3 1014 0.012583
1013 CNOT2_3 1020 0.012583
1013 CNOT2_3 1019 0.012583
1013 CNOT2_3 1018 0.012583
1013 CNOT2_3 1017 0.012583
1013 CNOT2_3 1015 0.012583
1013 CNOT2_1 1017 0.989962
1013 CNOT2_1 1021 0.001434
1013 CNOT2_1 1014 0.001434
1013 CNOT2_1 1020 0.001434
1013 CNOT2_1 1019 0.001434
1013 CNOT2_1 1015 0.001434
1013 CNOT2_1 1016 0.001434
1013 CNOT2_1 1018 0.001434
1013 MEAS2 1013 0.975400
1013 MEAS2 1025 0.024600
1013 X3 1012 0.998467
1013 X3 1013 0.000511
1013 X3 1011 0.000511
1013 X3 1010 0.000511
1014 CNOT2_3 1010 0.911919
1014 CNOT2_3 1026 0.012583
1014 CNOT2_3 1011 0.012583
1014 CNOT2_3 1027 0.012583
1014 CNOT2_3 1013 0.012583
1014 CNOT2_3 1028 0.012583
1014 CNOT2_3 1012 0.012583
1014 CNOT2_3 1029 0.012583
1014 CNOT2_1 1010 0.989962
1014 CNOT2_1 1026 0.001434
1014 CNOT2_1 1011 0.001434
1014 CNOT2_1 1027 0.001434
1014 CNOT2_1 1013 0.001434
1014 CNOT2_1 1028 0.001434
1014 CNOT2_1 1012 0.001434
1014 CNOT2_1 1029 0.001434
1014 MEAS2 1009 0.487700
1014 MEAS2 1030 0.012300
1014 MEAS2 1031 0.478400
1014 MEAS2 1032 0.021600
1014 X3 1018 0.998467
1014 X3 1014 0.000511
1014 X3 1021 0.000511
1014 X3 1017 0.000511
1015 CNOT2_3 1011 0.911919
1015 CNOT2_3 1029 0.012583
1015 CNOT2_3 1010 0.012583
1015 CNOT2_3 1028 0.012583
1015 CNOT2_3 1012 0.012583
1015 CNOT2_3 1027 0.012583
1015 CNOT2_3 1013 0.012583
1015 CNOT2_3 1026 0.012583
1015 CNOT2_1 1026 0.989962
1015 CNOT2_1 1010 0.001434
1015 CNOT2_1 1029 0.001434
1015 CNOT2_1 1012 0.001434
1015 CNOT2_1 1028 0.001434
1015 CNOT2_1 1013 0.001434
1015 CNOT2_1 1027 0.001434
1015 CNOT2_1 1011 0.001434
1015 MEAS2 1033 0.487700
1015 MEAS2 1034 0.012300
1015 MEAS2 1035 0.478400
1015 MEAS2 1036 0.021600
1015 X3 1020 0.998467
1015 X3 1015 0.000511
1015 X3 1016 0.000511
1015 X3 1019 0.000511
1016 CNOT2_3 1013 0.911919
1016 CNOT2_3 1028 0.012583
1016 CNOT2_3 1012 0.012583
1016 CNOT2_3 1029 0.012583
1016 CNOT2_3 1010 0.012583
1016 CNOT2_3 1026 0.012583
1016 CNOT2_3 1011 0.012583
1016 CNOT2_3 1027 0.012583
1016 CNOT2_1 1027 0.989962
1016 CNOT2_1 1012 0.001434
1016 CNOT2_1 1028 0.001434
1016 CNOT2_1 1010 0.001434
1016 CNOT2_1 1029 0.001434
1016 CNOT2_1 1011 0.001434
1016 CNOT2_1 1026 0.001434
1016 CNOT2_1 1013 0.001434
1016 MEAS2 1033 0.487700
1016 MEAS2 1034 0.012300
1016 MEAS2 1035 0.478400
1016 MEAS2 1036 0.021600
1016 X3 1019 0.998467
1016 X3 1016 0.000511
1016 X3 1015 0.000511
1016 X3 1020 0.000511
1017 CNOT2_3 1027 0.911919
1017 CNOT2_3 1012 0.012583
1017 CNOT2_3 1028 0.012583
1017 CNOT2_3 1010 0.012583
1017 CNOT2_3 1029 0.012583
1017 CNOT2_3 1011 0.012583
1017 CNOT2_3 1026 0.012583
1017 CNOT2_3 1013 0.012583
1017 CNOT2_1 1013 0.989962
1017 CNOT2_1 1028 0.001434
1017 CNOT2_1 1012 0.001434
1017 CNOT2_1 1029 0.001434
1017 CNOT2_1 1010 0.001434
1017 CNOT2_1 1026 0.001434
1017 CNOT2_1 1011 0.001434
1017 CNOT2_1 1027 0.001434
1017 MEAS2 1037 0.487700
1017 MEAS2 1038 0.012300
1017 MEAS2 1039 0.478400
1017 MEAS2 1040 0.021600
1017 X3 1021 0.998467
1017 X3 1017 0.000511
1017 X3 1018 0.000511
1017 X3 1014 0.000511
1018 CNOT2_3 1026 0.911919
1018 CNOT2_3 1010 0.012583
1018 CNOT2_3 1029 0.012583
1018 CNOT2_3 1012 0.012583
1018 CNOT2_3 1028 0.012583
1018 CNOT2_3 1013 0.012583
1018 CNOT2_3 1027 0.012583
1018 CNOT2_3 1011 0.012583
1018 CNOT2_1 1011 0.989962
1018 CNOT2_1 1029 0.001434
1018 CNOT2_1 1010 0.001434
1018 CNOT2_1 1028 0.001434
1018 CNOT2_1 1012 0.001434
1018 CNOT2_1 1027 0.001434
1018 CNOT2_1 1013 0.001434
1018 CNOT2_1 1026 0.001434
1018 MEAS2 1037 0.487700
1018 MEAS2 1038 0.012300
1018 MEAS2 1039 0.478400
1018 MEAS2 1040 0.021600
1018 X3 1014 0.998467
1018 X3 1018 0.000511
1018 X3 1017 0.000511
1018 X3 1021 0.000511
1019 CNOT2_3 1028 0.911919
1019 CNOT2_3 1013 0.012583
1019 CNOT2_3 1027 0.012583
1019 CNOT2_3 1011 0.012583
1019 CNOT2_3 1026 0.012583
1019 CNOT2_3 1010 0.012583
1019 CNOT2_3 1029 0.012583
1019 CNOT2_3 1012 0.012583
1019 CNOT2_1 1028 0.989962
1019 CNOT2_1 1013 0.001434
1019 CNOT2_1 1027 0.001434
1019 CNOT2_1 1011 0.001434
1019 CNOT2_1 1026 0.001434
1019 CNOT2_1 1010 0.001434
1019 CNOT2_1 1029 0.001434
1019 CNOT2_1 1012 0.001434
1019 MEAS2 1041 0.487700
1019 MEAS2 1042 0.012300
1019 MEAS2 1043 0.478400
1019 MEAS2 1044 0.021600
1019 X3 1016 0.998467
1019 X3 1019 0.000511
1019 X3 1020 0.000511
1019 X3 1015 0.000511
1020 CNOT2_3 1029 0.911919
1020 CNOT2_3 1011 0.012583
1020 CNOT2_3 1026 0.012583
1020 CNOT2_3 1013 0.012583
1020 CNOT2_3 1027 0.012583
1020 CNOT2_3 1012 0.012583
1020 CNOT2_3 1028 0.012583
1020 CNOT2_3 1010 0.012583
1020 CNOT2_1 1029 0.989962
1020 CNOT2_1 1011 0.001434
1020 CNOT2_1 1026 0.001434
1020 CNOT2_1 1013 0.001434
1020 CNOT2_1 1027 0.001434
1020 CNOT2_1 1012 0.001434
1020 CNOT2_1 1028 0.001434
1020 CNOT2_1 1010 0.001434
1020 MEAS2 1041 0.487700
1020 MEAS2 1042 0.012300
1020 MEAS2 1043 0.478400
1020 MEAS2 1044 0.021600
1020 X3 1015 0.998467
1020 X3 1020 0.000511
1020 X3 1019 0.000511
1020 X3 1016 0.000511
1021 CNOT2_3 1012 0.911919
1021 CNOT2_3 1027 0.012583
1021 CNOT2_3 1013 0.012583
1021 CNOT2_3 1026 0.012583
1021 CNOT2_3 1011 0.012583
1021 CNOT2_3 1029 0.012583
1021 CNOT2_3 1010 0.012583
1021 CNOT2_3 1028 0.012583
1021 CNOT2_1 1012 0.989962
1021 CNOT2_1 1027 0.001434
1021 CNOT2_1 1013 0.001434
1021 CNOT2_1 1026 0.001434
1021 CNOT2_1 1011 0.001434
1021 CNOT2_1 1029 0.001434
1021 CNOT2_1 1010 0.001434
1021 CNOT2_1 1028 0.001434
1021 MEAS2 1009 0.487700
1021 MEAS2 1030 0.012300
1021 MEAS2 1031 0.478400
1021 MEAS2 1032 0.021600
1021 X3 1017 0.998467
1021 X3 1021 0.000511
1021 X3 1014 0.000511
1021 X3 1018 0.000511
1022 CNOT2_3 1045 0.911919
1022 CNOT2_3 1046 0.012583
1022 CNOT2_3 1047 0.012583
1022 CNOT2_3 1048 0.012583
1022 CNOT2_3 1049 0.012583
1022 CNOT2_3 1050 0.012583
1022 CNOT2_3 1051 0.012583
1022 CNOT2_3 1052 0.012583
1022 CNOT2_1 1045 0.989962
1022 CNOT2_1 1049 0.001434
1022 CNOT2_1 1048 0.001434
1022 CNOT2_1 1047 0.001434
1022 CNOT2_1 1046 0.001434
1022 CNOT2_1 1050 0.001434
1022 CNOT2_1 1051 0.001434
1022 CNOT2_1 1052 0.001434
1022 MEAS2 1010 0.975400
1022 MEAS2 1022 0.024600
1022 X3 1023 0.998467
1022 X3 1022 0.000511
1022 X3 1024 0.000511
1022 X3 1025 0.000511
1023 CNOT2_3 1046 0.911919
1023 CNOT2_3 1045 0.012583
1023 CNOT2_3 1052 0.012583
1023 CNOT2_3 1050 0.012583
1023 CNOT2_3 1051 0.012583
1023 CNOT2_3 1048 0.012583
1023 CNOT2_3 1049 0.012583
1023 CNOT2_3 1047 0.012583
1023 CNOT2_1 1049 0.989962
1023 CNOT2_1 1045 0.001434
1023 CNOT2_1 1052 0.001434
1023 CNOT2_1 1050 0.001434
1023 CNOT2_1 1051 0.001434
1023 CNOT2_1 1047 0.001434
1023 CNOT2_1 1046 0.001434
1023 CNOT2_1 1048 0.001434
1023 MEAS2 1011 0.975400
1023 MEAS2 1023 0.024600
1023 X3 1022 0.998467
1023 X3 1023 0.000511
1023 X3 1025 0.000511
1023 X3 1024 0.000511
1024 CNOT2_3 1052 0.911919
1024 CNOT2_3 1047 0.012583
1024 CNOT2_3 1046 0.012583
1024 CNOT2_3 1049 0.012583
1024 CNOT2_3 1048 0.012583
1024 CNOT2_3 1051 0.012583
1024 CNOT2_3 1050 0.012583
1024 CNOT2_3 1045 0.012583
1024 CNOT2_1 1052 0.989962
1024 CNOT2_1 1048 0.001434
1024 CNOT2_1 1049 0.001434
1024 CNOT2_1 1046 0.001434
1024 CNOT2_1 1047 0.001434
1024 CNOT2_1 1051 0.001434
1024 CNOT2_1 1050 0.001434
1024 CNOT2_1 1045 0.001434
1024 MEAS2 1012 0.975400
1024 MEAS2 1024 0.024600
1024 X3 1025 0.998467
1024 X3 1024 0.000511
1024 X3 1022 0.000511
1024 X3 1023 0.000511
1025 CNOT2_3 1047 0.911919
1025 CNOT2_3 1052 0.012583
1025 CNOT2_3 1045 0.012583
1025 CNOT2_3 1051 0.012583
1025 CNOT2_3 1050 0.012583
1025 CNOT2_3 1049 0.012583
1025 CNOT2_3 1048 0.012583
1025 CNOT2_3 1046 0.012583
1025 CNOT2_1 1048 0.989962
1025 CNOT2_1 1052 0.001434
1025 CNOT2_1 1045 0.001434
1025 CNOT2_1 1051 0.001434
1025 CNOT2_1 1050 0.001434
1025 CNOT2_1 1046 0.001434
1025 CNOT2_1 1047 0.001434
1025 CNOT2_1 1049 0.001434
1025 MEAS2 1013 0.975400
1025 MEAS2 1025 0.024600
1025 X3 1024 0.998467
1025 X3 1025 0.000511
1025 X3 1023 0.000511
1025 X3 1022 0.000511
1026 CNOT2_3 1018 0.911919
1026 CNOT2_3 1020 0.012583
1026 CNOT2_3 1019 0.012583
1026 CNOT2_3 1021 0.012583
1026 CNOT2_3 1014 0.012583
1026 CNOT2_3 1016 0.012583
1026 CNOT2_3 1015 0.012583
1026 CNOT2_3 1017 0.012583
1026 CNOT2_1 1015 0.989962
1026 CNOT2_1 1020 0.001434
1026 CNOT2_1 1019 0.001434
1026 CNOT2_1 1021 0.001434
1026 CNOT2_1 1014 0.001434
1026 CNOT2_1 1017 0.001434
1026 CNOT2_1 1018 0.001434
1026 CNOT2_1 1016 0.001434
1026 MEAS2 1053 0.956800
1026 MEAS2 1026 0.043200
1026 X3 1029 0.998467
1026 X3 1026 0.000511
1026 X3 1027 0.000511
1026 X3 1028 0.000511
1027 CNOT2_3 1017 0.911919
1027 CNOT2_3 1019 0.012583
1027 CNOT2_3 1020 0.012583
1027 CNOT2_3 1014 0.012583
1027 CNOT2_3 1021 0.012583
1027 CNOT2_3 1015 0.012583
1027 CNOT2_3 1016 0.012583
1027 CNOT2_3 1018 0.012583
1027 CNOT2_1 1016 0.989962
1027 CNOT2_1 1019 0.001434
1027 CNOT2_1 1020 0.001434
1027 CNOT2_1 1014 0.001434
1027 CNOT2_1 1021 0.001434
1027 CNOT2_1 1018 0.001434
1027 CNOT2_1 1017 0.001434
1027 CNOT2_1 1015 0.001434
1027 MEAS2 1054 0.956800
1027 MEAS2 1027 0.043200
1027 X3 1028 0.998467
1027 X3 1027 0.000511
1027 X3 1026 0.000511
1027 X3 1029 0.000511
1028 CNOT2_3 1019 0.911919
1028 CNOT2_3 1017 0.012583
1028 CNOT2_3 1018 0.012583
1028 CNOT2_3 1015 0.012583
1028 CNOT2_3 1016 0.012583
1028 CNOT2_3 1014 0.012583
1028 CNOT2_3 1021 0.012583
1028 CNOT2_3 1020 0.012583
1028 CNOT2_1 1019 0.989962
1028 CNOT2_1 1016 0.001434
1028 CNOT2_1 1015 0.001434
1028 CNOT2_1 1018 0.001434
1028 CNOT2_1 1017 0.001434
1028 CNOT2_1 1014 0.001434
1028 CNOT2_1 1021 0.001434
1028 CNOT2_1 1020 0.001434
1028 MEAS2 1055 0.956800
1028 MEAS2 1028 0.043200
1028 X3 1027 0.998467
1028 X3 1028 0.000511
1028 X3 1029 0.000511
1028 X3 1026 0.000511
1029 CNOT2_3 1020 0.911919
1029 CNOT2_3 1018 0.012583
1029 CNOT2_3 1017 0.012583
1029 CNOT2_3 1016 0.012583
1029 CNOT2_3 1015 0.012583
1029 CNOT2_3 1021 0.012583
1029 CNOT2_3 1014 0.012583
1029 CNOT2_3 1019 0.012583
1029 CNOT2_1 1020 0.989962
1029 CNOT2_1 1015 0.001434
1029 CNOT2_1 1016 0.001434
1029 CNOT2_1 1017 0.001434
1029 CNOT2_1 1018 0.001434
1029 CNOT2_1 1021 0.001434
1029 CNOT2_1 1014 0.001434
1029 CNOT2_1 1019 0.001434
1029 MEAS2 1056 0.956800
1029 MEAS2 1029 0.043200
1029 X3 1026 0.998467
1029 X3 1029 0.000511
1029 X3 1028 0.000511
1029 X3 1027 0.000511
1030 CNOT2_3 1030 0.924502
1030 CNOT2_3 1035 0.025166
1030 CNOT2_3 1038 0.025166
1030 CNOT2_3 1043 0.025166
1030 CNOT2_1 1030 0.991396
1030 CNOT2_1 1039 0.002868
1030 CNOT2_1 1034 0.002868
1030 CNOT2_1 1043 0.002868
1030 MEAS2 1009 0.975400
1030 MEAS2 1030 0.024600
1030 X3 1038 0.998978
1030 X3 1030 0.001022
1031 CNOT2_3 1042 0.924502
1031 CNOT2_3 1039 0.025166
1031 CNOT2_3 1034 0.025166
1031 CNOT2_3 1031 0.025166
1031 CNOT2_1 1042 0.991396
1031 CNOT2_1 1035 0.002868
1031 CNOT2_1 1038 0.002868
1031 CNOT2_1 1031 0.002868
1031 MEAS2 1031 0.956800
1031 MEAS2 1032 0.043200
1031 X3 1039 0.998978
1031 X3 1031 0.001022
1032 CNOT2_3 1041 0.924502
1032 CNOT2_3 1040 0.025166
1032 CNOT2_3 1033 0.025166
1032 CNOT2_3 1032 0.025166
1032 CNOT2_1 1041 0.991396
1032 CNOT2_1 1036 0.002868
1032 CNOT2_1 1037 0.002868
1032 CNOT2_1 1032 0.002868
1032 MEAS2 1031 0.956800
1032 MEAS2 1032 0.043200
1032 X3 1040 0.998978
1032 X3 1032 0.001022
1033 CNOT2_3 1033 0.924502
1033 CNOT2_3 1032 0.025166
1033 CNOT2_3 1041 0.025166
1033 CNOT2_3 1040 0.025166
1033 CNOT2_1 1040 0.991396
1033 CNOT2_1 1009 0.002868
1033 CNOT2_1 1044 0.002868
1033 CNOT2_1 1033 0.002868
1033 MEAS2 1033 0.975400
1033 MEAS2 1034 0.024600
1033 X3 1041 0.998978
1033 X3 1033 0.001022
1034 CNOT2_3 1034 0.924502
1034 CNOT2_3 1031 0.025166
1034 CNOT2_3 1042 0.025166
1034 CNOT2_3 1039 0.025166
1034 CNOT2_1 1039 0.991396
1034 CNOT2_1 1030 0.002868
1034 CNOT2_1 1043 0.002868
1034 CNOT2_1 1034 0.002868
1034 MEAS2 1033 0.975400
1034 MEAS2 1034 0.024600
1034 X3 1042 0.998978
1034 X3 1034 0.001022
1035 CNOT2_3 1038 0.924502
1035 CNOT2_3 1043 0.025166
1035 CNOT2_3 1030 0.025166
1035 CNOT2_3 1035 0.025166
1035 CNOT2_1 1035 0.991396
1035 CNOT2_1 1042 0.002868
1035 CNOT2_1 1031 0.002868
1035 CNOT2_1 1038 0.002868
1035 MEAS2 1035 0.956800
1035 MEAS2 1036 0.043200
1035 X3 1043 0.998978
1035 X3 1035 0.001022
1036 CNOT2_3 1037 0.924502
1036 CNOT2_3 1044 0.025166
1036 CNOT2_3 1009 0.025166
1036 CNOT2_3 1036 0.025166
1036 CNOT2_1 1036 0.991396
1036 CNOT2_1 1041 0.002868
1036 CNOT2_1 1032 0.002868
1036 CNOT2_1 1037 0.002868
1036 MEAS2 1035 0.956800
1036 MEAS2 1036 0.043200
1036 X3 1044 0.998978
1036 X3 1036 0.001022
1037 CNOT2_3 1036 0.924502
1037 CNOT2_3 1009 0.025166
1037 CNOT2_3 1044 0.025166
1037 CNOT2_3 1037 0.025166
1037 CNOT2_1 1037 0.991396
1037 CNOT2_1 1032 0.002868
1037 CNOT2_1 1041 0.002868
1037 CNOT2_1 1036 0.002868
1037 MEAS2 1037 0.975400
1037 MEAS2 1038 0.024600
1037 X3 1009 0.998978
1037 X3 1037 0.001022
1038 CNOT2_3 1035 0.924502
1038 CNOT2_3 1030 0.025166
1038 CNOT2_3 1043 0.025166
1038 CNOT2_3 1038 0.025166
1038 CNOT2_1 1038 0.991396
1038 CNOT2_1 1031 0.002868
1038 CNOT2_1 1042 0.002868
1038 CNOT2_1 1035 0.002868
1038 MEAS2 1037 0.975400
1038 MEAS2 1038 0.024600
1038 X3 1030 0.998978
1038 X3 1038 0.001022
1039 CNOT2_3 1039 0.924502
1039 CNOT2_3 1042 0.025166
1039 CNOT2_3 1031 0.025166
1039 CNOT2_3 1034 0.025166
1039 CNOT2_1 1034 0.991396
1039 CNOT2_1 1043 0.002868
1039 CNOT2_1 1030 0.002868
1039 CNOT2_1 1039 0.002868
1039 MEAS2 1039 0.956800
1039 MEAS2 1040 0.043200
1039 X3 1031 0.998978
1039 X3 1039 0.001022
1040 CNOT2_3 1040 0.924502
1040 CNOT2_3 1041 0.025166
1040 CNOT2_3 1032 0.025166
1040 CNOT2_3 1033 0.025166
1040 CNOT2_1 1033 0.991396
1040 CNOT2_1 1044 0.002868
1040 CNOT2_1 1009 0.002868
1040 CNOT2_1 1040 0.002868
1040 MEAS2 1039 0.956800
1040 MEAS2 1040 0.043200
1040 X3 1032 0.998978
1040 X3 1040 0.001022
1041 CNOT2_3 1032 0.924502
1041 CNOT2_3 1033 0.025166
1041 CNOT2_3 1040 0.025166
1041 CNOT2_3 1041 0.025166
1041 CNOT2_1 1032 0.991396
1041 CNOT2_1 1037 0.002868
1041 CNOT2_1 1036 0.002868
1041 CNOT2_1 1041 0.002868
1041 MEAS2 1041 0.975400
1041 MEAS2 1042 0.024600
1041 X3 1033 0.998978
1041 X3 1041 0.001022
1042 CNOT2_3 1031 0.924502
1042 CNOT2_3 1034 0.025166
1042 CNOT2_3 1039 0.025166
1042 CNOT2_3 1042 0.025166
1042 CNOT2_1 1031 0.991396
1042 CNOT2_1 1038 0.002868
1042 CNOT2_1 1035 0.002868
1042 CNOT2_1 1042 0.002868
1042 MEAS2 1041 0.975400
1042 MEAS2 1042 0.024600
1042 X3 1034 0.998978
1042 X3 1042 0.001022
1043 CNOT2_3 1043 0.924502
1043 CNOT2_3 1038 0.025166
1043 CNOT2_3 1035 0.025166
1043 CNOT2_3 1030 0.025166
1043 CNOT2_1 1043 0.991396
1043 CNOT2_1 1034 0.002868
1043 CNOT2_1 1039 0.002868
1043 CNOT2_1 1030 0.002868
1043 MEAS2 1043 0.956800
1043 MEAS2 1044 0.043200
1043 X3 1035 0.998978
1043 X3 1043 0.001022
1044 CNOT2_3 1044 0.924502
1044 CNOT2_3 1037 0.025166
1044 CNOT2_3 1036 0.025166
1044 CNOT2_3 1009 0.025166
1044 CNOT2_1 1044 0.991396
1044 CNOT2_1 1033 0.002868
1044 CNOT2_1 1040 0.002868
1044 CNOT2_1 1009 0.002868
1044 MEAS2 1043 0.956800
1044 MEAS2 1044 0.043200
1044 X3 1036 0.998978
1044 X3 1044 0.001022
1045 CNOT2_3 1022 0.911919
1045 CNOT2_3 1053 0.012583
1045 CNOT2_3 1023 0.012583
1045 CNOT2_3 1054 0.012583
1045 CNOT2_3 1025 0.012583
1045 CNOT2_3 1055 0.012583
1045 CNOT2_3 1024 0.012583
1045 CNOT2_3 1056 0.012583
1045 CNOT2_1 1022 0.989962
1045 CNOT2_1 1053 0.001434
1045 CNOT2_1 1023 0.001434
1045 CNOT2_1 1054 0.001434
1045 CNOT2_1 1025 0.001434
1045 CNOT2_1 1055 0.001434
1045 CNOT2_1 1024 0.001434
1045 CNOT2_1 1056 0.001434
1045 MEAS2 1009 0.487700
1045 MEAS2 1030 0.012300
1045 MEAS2 1031 0.478400
1045 MEAS2 1032 0.021600
1045 X3 1049 0.998467
1045 X3 1045 0.000511
1045 X3 1052 0.000511
1045 X3 1048 0.000511
1046 CNOT2_3 1023 0.911919
1046 CNOT2_3 1056 0.012583
1046 CNOT2_3 1022 0.012583
1046 CNOT2_3 1055 0.012583
1046 CNOT2_3 1024 0.012583
1046 CNOT2_3 1054 0.012583
1046 CNOT2_3 1025 0.012583
1046 CNOT2_3 1053 0.012583
1046 CNOT2_1 1053 0.989962
1046 CNOT2_1 1022 0.001434
1046 CNOT2_1 1056 0.001434
1046 CNOT2_1 1024 0.001434
1046 CNOT2_1 1055 0.001434
1046 CNOT2_1 1025 0.001434
1046 CNOT2_1 1054 0.001434
1046 CNOT2_1 1023 0.001434
1046 MEAS2 1033 0.487700
1046 MEAS2 1034 0.012300
1046 MEAS2 1035 0.478400
1046 MEAS2 1036 0.021600
1046 X3 1051 0.998467
1046 X3 1046 0.000511
1046 X3 1047 0.000511
1046 X3 1050 0.000511
1047 CNOT2_3 1025 0.911919
1047 CNOT2_3 1055 0.012583
1047 CNOT2_3 1024 0.012583
1047 CNOT2_3 1056 0.012583
1047 CNOT2_3 1022 0.012583
1047 CNOT2_3 1053 0.012583
1047 CNOT2_3 1023 0.012583
1047 CNOT2_3 1054 0.012583
1047 CNOT2_1 1054 0.989962
1047 CNOT2_1 1024 0.001434
1047 CNOT2_1 1055 0.001434
1047 CNOT2_1 1022 0.001434
1047 CNOT2_1 1056 0.001434
1047 CNOT2_1 1023 0.001434
1047 CNOT2_1 1053 0.001434
1047 CNOT2_1 1025 0.001434
1047 MEAS2 1033 0.487700
1047 MEAS2 1034 0.012300
1047 MEAS2 1035 0.478400
1047 MEAS2 1036 0.021600
1047 X3 1050 0.998467
1047 X3 1047 0.000511
1047 X3 1046 0.000511
1047 X3 1051 0.000511
1048 CNOT2_3 1054 0.911919
1048 CNOT2_3 1024 0.012583
1048 CNOT2_3 1055 0.012583
1048 CNOT2_3 1022 0.012583
1048 CNOT2_3 1056 0.012583
1048 CNOT2_3 1023 0.012583
1048 CNOT2_3 1053 0.012583
1048 CNOT2_3 1025 0.012583
1048 CNOT2_1 1025 0.989962
1048 CNOT2_1 1055 0.001434
1048 CNOT2_1 1024 0.001434
1048 CNOT2_1 1056 0.001434
1048 CNOT2_1 1022 0.001434
1048 CNOT2_1 1053 0.001434
1048 CNOT2_1 1023 0.001434
1048 CNOT2_1 1054 0.001434
1048 MEAS2 1037 0.487700
1048 MEAS2 1038 0.012300
1048 MEAS2 1039 0.478400
1048 MEAS2 1040 0.021600
1048 X3 1052 0.998467
1048 X3 1048 0.000511
1048 X3 1049 0.000511
1048 X3 1045 0.000511
1049 CNOT2_3 1053 0.911919
1049 CNOT2_3 1022 0.012583
1049 CNOT2_3 1056 0.012583
1049 CNOT2_3 1024 0.012583
1049 CNOT2_3 1055 0.012583
1049 CNOT2_3 1025 0.012583
1049 CNOT2_3 1054 0.012583
1049 CNOT2_3 1023 0.012583
1049 CNOT2_1 1023 0.989962
1049 CNOT2_1 1056 0.001434
1049 CNOT2_1 1022 0.001434
1049 CNOT2_1 1055 0.001434
1049 CNOT2_1 1024 0.001434
1049 CNOT2_1 1054 0.001434
1049 CNOT2_1 1025 0.001434
1049 CNOT2_1 1053 0.001434
1049 MEAS2 1037 0.487700
1049 MEAS2 1038 0.012300
1049 MEAS2 1039 0.478400
1049 MEAS2 1040 0.021600
1049 X3 1045 0.998467
1049 X3 1049 0.000511
1049 X3 1048 0.000511
1049 X3 1052 0.000511
1050 CNOT2_3 1055 0.911919
1050 CNOT2_3 1025 0.012583
1050 CNOT2_3 1054 0.012583
1050 CNOT2_3 1023 0.012583
1050 CNOT2_3 1053 0.012583
1050 CNOT2_3 1022 0.012583
1050 CNOT2_3 1056 0.012583
1050 CNOT2_3 1024 0.012583
1050 CNOT2_1 1055 0.989962
1050 CNOT2_1 1025 0.001434
1050 CNOT2_1 1054 0.001434
1050 CNOT2_1 1023 0.001434
1050 CNOT2_1 1053 0.001434
1050 CNOT2_1 1022 0.001434
1050 CNOT2_1 1056 0.001434
1050 CNOT2_1 1024 0.001434
1050 MEAS2 1041 0.487700
1050 MEAS2 1042 0.012300
1050 MEAS2 1043 0.478400
1050 MEAS2 1044 0.021600
1050 X3 1047 0.998467
1050 X3 1050 0.000511
1050 X3 1051 0.000511
1050 X3 1046 0.000511
1051 CNOT2_3 1056 0.911919
1051 CNOT2_3 1023 0.012583
1051 CNOT2_3 1053 0.012583
1051 CNOT2_3 1025 0.012583
1051 CNOT2_3 1054 0.012583
1051 CNOT2_3 1024 0.012583
1051 CNOT2_3 1055 0.012583
1051 CNOT2_3 1022 0.012583
1051 CNOT2_1 1056 0.989962
1051 CNOT2_1 1023 0.001434
1051 CNOT2_1 1053 0.001434
1051 CNOT2_1 1025 0.001434
1051 CNOT2_1 1054 0.001434
1051 CNOT2_1 1024 0.001434
1051 CNOT2_1 1055 0.001434
1051 CNOT2_1 1022 0.001434
1051 MEAS2 1041 0.487700
1051 MEAS2 1042 0.012300
1051 MEAS2 1043 0.478400
1051 MEAS2 1044 0.021600
1051 X3 1046 0.998467
1051 X3 1051 0.000511
1051 X3 1050 0.000511
1051 X3 1047 0.000511
1052 CNOT2_3 1024 0.911919
1052 CNOT2_3 1054 0.012583
1052 CNOT2_3 1025 0.012583
1052 CNOT2_3 1053 0.012583
1052 CNOT2_3 1023 0.012583
1052 CNOT2_3 1056 0.012583
1052 CNOT2_3 1022 0.012583
1052 CNOT2_3 1055 0.012583
1052 CNOT2_1 1024 0.989962
1052 CNOT2_1 1054 0.001434
1052 CNOT2_1 1025 0.001434
1052 CNOT2_1 1053 0.001434
1052 CNOT2_1 1023 0.001434
1052 CNOT2_1 1056 0.001434
1052 CNOT2_1 1022 0.001434
1052 CNOT2_1 1055 0.001434
1052 MEAS2 1009 0.487700
1052 MEAS2 1030 0.012300
1052 MEAS2 1031 0.478400
1052 MEAS2 1032 0.021600
1052 X3 1048 0.998467
1052 X3 1052 0.000511
1052 X3 1045 0.000511
1052 X3 1049 0.000511
1053 CNOT2_3 1049 0.911919
1053 CNOT2_3 1051 0.012583
1053 CNOT2_3 1050 0.012583
1053 CNOT2_3 1052 0.012583
1053 CNOT2_3 1045 0.012583
1053 CNOT2_3 1047 0.012583
1053 CNOT2_3 1046 0.012583
1053 CNOT2_3 1048 0.012583
1053 CNOT2_1 1046 0.989962
1053 CNOT2_1 1051 0.001434
1053 CNOT2_1 1050 0.001434
1053 CNOT2_1 1052 0.001434
1053 CNOT2_1 1045 0.001434
1053 CNOT2_1 1048 0.001434
1053 CNOT2_1 1049 0.001434
1053 CNOT2_1 1047 0.001434
1053 MEAS2 1053 0.956800
1053 MEAS2 1026 0.043200
1053 X3 1056 0.998467
1053 X3 1053 0.000511
1053 X3 1054 0.000511
1053 X3 1055 0.000511
1054 CNOT2_3 1048 0.911919
1054 CNOT2_3 1050 0.012583
1054 CNOT2_3 1051 0.012583
1054 CNOT2_3 1045 0.012583
1054 CNOT2_3 1052 0.012583
1054 CNOT2_3 1046 0.012583
1054 CNOT2_3 1047 0.012583
1054 CNOT2_3 1049 0.012583
1054 CNOT2_1 1047 0.989962
1054 CNOT2_1 1050 0.001434
1054 CNOT2_1 1051 0.001434
1054 CNOT2_1 1045 0.001434
1054 CNOT2_1 1052 0.001434
1054 CNOT2_1 1049 0.001434
1054 CNOT2_1 1048 0.001434
1054 CNOT2_1 1046 0.001434
1054 MEAS2 1054 0.956800
1054 MEAS2 1027 0.043200
1054 X3 1055 0.998467
1054 X3 1054 0.000511
1054 X3 1053 0.000511
1054 X3 1056 0.000511
1055 CNOT2_3 1050 0.911919
1055 CNOT2_3 1048 0.012583
1055 CNOT2_3 1049 0.012583
1055 CNOT2_3 1046 0.012583
1055 CNOT2_3 1047 0.012583
1055 CNOT2_3 1045 0.012583
1055 CNOT2_3 1052 0.012583
1055 CNOT2_3 1051 0.012583
1055 CNOT2_1 1050 0.989962
1055 CNOT2_1 1047 0.001434
1055 CNOT2_1 1046 0.001434
1055 CNOT2_1 1049 0.001434
1055 CNOT2_1 1048 0.001434
1055 CNOT2_1 1045 0.001434
1055 CNOT2_1 1052 0.001434
1055 CNOT2_1 1051 0.001434
1055 MEAS2 1055 0.956800
1055 MEAS2 1028 0.043200
1055 X3 1054 0.998467
1055 X3 1055 0.000511
1055 X3 1056 0.000511
1055 X3 1053 0.000511
1056 CNOT2_3 1051 0.911919
1056 CNOT2_3 1049 0.012583
1056 CNOT2_3 1048 0.012583
1056 CNOT2_3 1047 0.012583
1056 CNOT2_3 1046 0.012583
1056 CNOT2_3 1052 0.012583
1056 CNOT2_3 1045 0.012583
1056 CNOT2_3 1050 0.012583
1056 CNOT2_1 1051 0.989962
1056 CNOT2_1 1046 0.001434
1056 CNOT2_1 1047 0.001434
1056 CNOT2_1 1048 0.001434
1056 CNOT2_1 1049 0.001434
1056 CNOT2_1 1052 0.001434
1056 CNOT2_1 1045 0.001434
1056 CNOT2_1 1050 0.001434
1056 MEAS2 1056 0.956800
1056 MEAS2 1029 0.043200
1056 X3 1053 0.998467
1056 X3 1056 0.000511
1056 X3 1055 0.000511
1056 X3 1054 0.000511
ENDPOMDP
