BEGINPOMDP
INITIALSTATE: 3361
STATES: 3361,3362,3363,3364,3365,3366,3367,3368,3369,3370,3371,3372,3373,3374,3375,3376,3377,3378,3379,3380,3381,3382,3383,3384,3385,3386,3387,3388,3389,3390,3391,3392,3393,3394,3395,3396,3397,3398,3399,3400,3401,3402,3403,3404,3405,3406,3407,3408
TARGETV: 3362,3364,3366,3371,3372,3373,3374,3376,3380,3381,3397,3402,3403,3404,3407,3408
GAMMA: 3361:0,3362:0,3363:0,3364:0,3365:0,3366:0,3367:0,3368:0,3369:0,3370:0,3371:0,3372:0,3373:0,3374:1,3375:1,3376:1,3377:1,3378:0,3379:0,3380:0,3381:0,3382:1,3383:1,3384:0,3385:0,3386:1,3387:1,3388:0,3389:0,3390:1,3391:1,3392:0,3393:0,3394:1,3395:1,3396:0,3397:1,3398:1,3399:1,3400:1,3401:1,3402:1,3403:1,3404:1,3405:1,3406:1,3407:1,3408:1
BEGINACTIONS
CNOT5_3 Instruction.CNOT 3 5
CNOT5_6 Instruction.CNOT 6 5
MEAS5 Instruction.MEAS None 5
X3 Instruction.X None 3
ENDACTIONS
3361 INIT_ 3362 0.250000
3361 INIT_ 3363 0.250000
3361 INIT_ 3364 0.250000
3361 INIT_ 3365 0.250000
3361 CNOT5_3 3361 0.989845
3361 CNOT5_3 3388 0.003385
3361 CNOT5_3 3389 0.003385
3361 CNOT5_3 3396 0.003385
3361 CNOT5_6 3361 0.990823
3361 CNOT5_6 3392 0.003059
3361 CNOT5_6 3385 0.003059
3361 CNOT5_6 3396 0.003059
3361 MEAS5 3361 0.982000
3361 MEAS5 3382 0.018000
3361 X3 3389 0.999712
3361 X3 3361 0.000288
3362 CNOT5_3 3366 0.988152
3362 CNOT5_3 3367 0.001693
3362 CNOT5_3 3368 0.001693
3362 CNOT5_3 3369 0.001693
3362 CNOT5_3 3370 0.001693
3362 CNOT5_3 3371 0.001693
3362 CNOT5_3 3372 0.001693
3362 CNOT5_3 3373 0.001693
3362 CNOT5_6 3366 0.989293
3362 CNOT5_6 3370 0.001530
3362 CNOT5_6 3369 0.001530
3362 CNOT5_6 3368 0.001530
3362 CNOT5_6 3367 0.001530
3362 CNOT5_6 3371 0.001530
3362 CNOT5_6 3372 0.001530
3362 CNOT5_6 3373 0.001530
3362 MEAS5 3362 0.982000
3362 MEAS5 3374 0.018000
3362 X3 3363 0.999568
3362 X3 3362 0.000144
3362 X3 3364 0.000144
3362 X3 3365 0.000144
3363 CNOT5_3 3367 0.988152
3363 CNOT5_3 3366 0.001693
3363 CNOT5_3 3373 0.001693
3363 CNOT5_3 3371 0.001693
3363 CNOT5_3 3372 0.001693
3363 CNOT5_3 3369 0.001693
3363 CNOT5_3 3370 0.001693
3363 CNOT5_3 3368 0.001693
3363 CNOT5_6 3370 0.989293
3363 CNOT5_6 3366 0.001530
3363 CNOT5_6 3373 0.001530
3363 CNOT5_6 3371 0.001530
3363 CNOT5_6 3372 0.001530
3363 CNOT5_6 3368 0.001530
3363 CNOT5_6 3367 0.001530
3363 CNOT5_6 3369 0.001530
3363 MEAS5 3363 0.982000
3363 MEAS5 3375 0.018000
3363 X3 3362 0.999568
3363 X3 3363 0.000144
3363 X3 3365 0.000144
3363 X3 3364 0.000144
3364 CNOT5_3 3373 0.988152
3364 CNOT5_3 3368 0.001693
3364 CNOT5_3 3367 0.001693
3364 CNOT5_3 3370 0.001693
3364 CNOT5_3 3369 0.001693
3364 CNOT5_3 3372 0.001693
3364 CNOT5_3 3371 0.001693
3364 CNOT5_3 3366 0.001693
3364 CNOT5_6 3373 0.989293
3364 CNOT5_6 3369 0.001530
3364 CNOT5_6 3370 0.001530
3364 CNOT5_6 3367 0.001530
3364 CNOT5_6 3368 0.001530
3364 CNOT5_6 3372 0.001530
3364 CNOT5_6 3371 0.001530
3364 CNOT5_6 3366 0.001530
3364 MEAS5 3364 0.982000
3364 MEAS5 3376 0.018000
3364 X3 3365 0.999568
3364 X3 3364 0.000144
3364 X3 3362 0.000144
3364 X3 3363 0.000144
3365 CNOT5_3 3368 0.988152
3365 CNOT5_3 3373 0.001693
3365 CNOT5_3 3366 0.001693
3365 CNOT5_3 3372 0.001693
3365 CNOT5_3 3371 0.001693
3365 CNOT5_3 3370 0.001693
3365 CNOT5_3 3369 0.001693
3365 CNOT5_3 3367 0.001693
3365 CNOT5_6 3369 0.989293
3365 CNOT5_6 3373 0.001530
3365 CNOT5_6 3366 0.001530
3365 CNOT5_6 3372 0.001530
3365 CNOT5_6 3371 0.001530
3365 CNOT5_6 3367 0.001530
3365 CNOT5_6 3368 0.001530
3365 CNOT5_6 3370 0.001530
3365 MEAS5 3365 0.982000
3365 MEAS5 3377 0.018000
3365 X3 3364 0.999568
3365 X3 3365 0.000144
3365 X3 3363 0.000144
3365 X3 3362 0.000144
3366 CNOT5_3 3362 0.988152
3366 CNOT5_3 3378 0.001693
3366 CNOT5_3 3363 0.001693
3366 CNOT5_3 3379 0.001693
3366 CNOT5_3 3365 0.001693
3366 CNOT5_3 3380 0.001693
3366 CNOT5_3 3364 0.001693
3366 CNOT5_3 3381 0.001693
3366 CNOT5_6 3362 0.989293
3366 CNOT5_6 3378 0.001530
3366 CNOT5_6 3363 0.001530
3366 CNOT5_6 3379 0.001530
3366 CNOT5_6 3365 0.001530
3366 CNOT5_6 3380 0.001530
3366 CNOT5_6 3364 0.001530
3366 CNOT5_6 3381 0.001530
3366 MEAS5 3361 0.491000
3366 MEAS5 3382 0.009000
3366 MEAS5 3383 0.480700
3366 MEAS5 3384 0.019300
3366 X3 3370 0.999568
3366 X3 3366 0.000144
3366 X3 3373 0.000144
3366 X3 3369 0.000144
3367 CNOT5_3 3363 0.988152
3367 CNOT5_3 3381 0.001693
3367 CNOT5_3 3362 0.001693
3367 CNOT5_3 3380 0.001693
3367 CNOT5_3 3364 0.001693
3367 CNOT5_3 3379 0.001693
3367 CNOT5_3 3365 0.001693
3367 CNOT5_3 3378 0.001693
3367 CNOT5_6 3378 0.989293
3367 CNOT5_6 3362 0.001530
3367 CNOT5_6 3381 0.001530
3367 CNOT5_6 3364 0.001530
3367 CNOT5_6 3380 0.001530
3367 CNOT5_6 3365 0.001530
3367 CNOT5_6 3379 0.001530
3367 CNOT5_6 3363 0.001530
3367 MEAS5 3385 0.491000
3367 MEAS5 3386 0.009000
3367 MEAS5 3387 0.480700
3367 MEAS5 3388 0.019300
3367 X3 3372 0.999568
3367 X3 3367 0.000144
3367 X3 3368 0.000144
3367 X3 3371 0.000144
3368 CNOT5_3 3365 0.988152
3368 CNOT5_3 3380 0.001693
3368 CNOT5_3 3364 0.001693
3368 CNOT5_3 3381 0.001693
3368 CNOT5_3 3362 0.001693
3368 CNOT5_3 3378 0.001693
3368 CNOT5_3 3363 0.001693
3368 CNOT5_3 3379 0.001693
3368 CNOT5_6 3379 0.989293
3368 CNOT5_6 3364 0.001530
3368 CNOT5_6 3380 0.001530
3368 CNOT5_6 3362 0.001530
3368 CNOT5_6 3381 0.001530
3368 CNOT5_6 3363 0.001530
3368 CNOT5_6 3378 0.001530
3368 CNOT5_6 3365 0.001530
3368 MEAS5 3385 0.491000
3368 MEAS5 3386 0.009000
3368 MEAS5 3387 0.480700
3368 MEAS5 3388 0.019300
3368 X3 3371 0.999568
3368 X3 3368 0.000144
3368 X3 3367 0.000144
3368 X3 3372 0.000144
3369 CNOT5_3 3379 0.988152
3369 CNOT5_3 3364 0.001693
3369 CNOT5_3 3380 0.001693
3369 CNOT5_3 3362 0.001693
3369 CNOT5_3 3381 0.001693
3369 CNOT5_3 3363 0.001693
3369 CNOT5_3 3378 0.001693
3369 CNOT5_3 3365 0.001693
3369 CNOT5_6 3365 0.989293
3369 CNOT5_6 3380 0.001530
3369 CNOT5_6 3364 0.001530
3369 CNOT5_6 3381 0.001530
3369 CNOT5_6 3362 0.001530
3369 CNOT5_6 3378 0.001530
3369 CNOT5_6 3363 0.001530
3369 CNOT5_6 3379 0.001530
3369 MEAS5 3389 0.491000
3369 MEAS5 3390 0.009000
3369 MEAS5 3391 0.480700
3369 MEAS5 3392 0.019300
3369 X3 3373 0.999568
3369 X3 3369 0.000144
3369 X3 3370 0.000144
3369 X3 3366 0.000144
3370 CNOT5_3 3378 0.988152
3370 CNOT5_3 3362 0.001693
3370 CNOT5_3 3381 0.001693
3370 CNOT5_3 3364 0.001693
3370 CNOT5_3 3380 0.001693
3370 CNOT5_3 3365 0.001693
3370 CNOT5_3 3379 0.001693
3370 CNOT5_3 3363 0.001693
3370 CNOT5_6 3363 0.989293
3370 CNOT5_6 3381 0.001530
3370 CNOT5_6 3362 0.001530
3370 CNOT5_6 3380 0.001530
3370 CNOT5_6 3364 0.001530
3370 CNOT5_6 3379 0.001530
3370 CNOT5_6 3365 0.001530
3370 CNOT5_6 3378 0.001530
3370 MEAS5 3389 0.491000
3370 MEAS5 3390 0.009000
3370 MEAS5 3391 0.480700
3370 MEAS5 3392 0.019300
3370 X3 3366 0.999568
3370 X3 3370 0.000144
3370 X3 3369 0.000144
3370 X3 3373 0.000144
3371 CNOT5_3 3380 0.988152
3371 CNOT5_3 3365 0.001693
3371 CNOT5_3 3379 0.001693
3371 CNOT5_3 3363 0.001693
3371 CNOT5_3 3378 0.001693
3371 CNOT5_3 3362 0.001693
3371 CNOT5_3 3381 0.001693
3371 CNOT5_3 3364 0.001693
3371 CNOT5_6 3380 0.989293
3371 CNOT5_6 3365 0.001530
3371 CNOT5_6 3379 0.001530
3371 CNOT5_6 3363 0.001530
3371 CNOT5_6 3378 0.001530
3371 CNOT5_6 3362 0.001530
3371 CNOT5_6 3381 0.001530
3371 CNOT5_6 3364 0.001530
3371 MEAS5 3393 0.491000
3371 MEAS5 3394 0.009000
3371 MEAS5 3395 0.480700
3371 MEAS5 3396 0.019300
3371 X3 3368 0.999568
3371 X3 3371 0.000144
3371 X3 3372 0.000144
3371 X3 3367 0.000144
3372 CNOT5_3 3381 0.988152
3372 CNOT5_3 3363 0.001693
3372 CNOT5_3 3378 0.001693
3372 CNOT5_3 3365 0.001693
3372 CNOT5_3 3379 0.001693
3372 CNOT5_3 3364 0.001693
3372 CNOT5_3 3380 0.001693
3372 CNOT5_3 3362 0.001693
3372 CNOT5_6 3381 0.989293
3372 CNOT5_6 3363 0.001530
3372 CNOT5_6 3378 0.001530
3372 CNOT5_6 3365 0.001530
3372 CNOT5_6 3379 0.001530
3372 CNOT5_6 3364 0.001530
3372 CNOT5_6 3380 0.001530
3372 CNOT5_6 3362 0.001530
3372 MEAS5 3393 0.491000
3372 MEAS5 3394 0.009000
3372 MEAS5 3395 0.480700
3372 MEAS5 3396 0.019300
3372 X3 3367 0.999568
3372 X3 3372 0.000144
3372 X3 3371 0.000144
3372 X3 3368 0.000144
3373 CNOT5_3 3364 0.988152
3373 CNOT5_3 3379 0.001693
3373 CNOT5_3 3365 0.001693
3373 CNOT5_3 3378 0.001693
3373 CNOT5_3 3363 0.001693
3373 CNOT5_3 3381 0.001693
3373 CNOT5_3 3362 0.001693
3373 CNOT5_3 3380 0.001693
3373 CNOT5_6 3364 0.989293
3373 CNOT5_6 3379 0.001530
3373 CNOT5_6 3365 0.001530
3373 CNOT5_6 3378 0.001530
3373 CNOT5_6 3363 0.001530
3373 CNOT5_6 3381 0.001530
3373 CNOT5_6 3362 0.001530
3373 CNOT5_6 3380 0.001530
3373 MEAS5 3361 0.491000
3373 MEAS5 3382 0.009000
3373 MEAS5 3383 0.480700
3373 MEAS5 3384 0.019300
3373 X3 3369 0.999568
3373 X3 3373 0.000144
3373 X3 3366 0.000144
3373 X3 3370 0.000144
3374 CNOT5_3 3397 0.988152
3374 CNOT5_3 3398 0.001693
3374 CNOT5_3 3399 0.001693
3374 CNOT5_3 3400 0.001693
3374 CNOT5_3 3401 0.001693
3374 CNOT5_3 3402 0.001693
3374 CNOT5_3 3403 0.001693
3374 CNOT5_3 3404 0.001693
3374 CNOT5_6 3397 0.989293
3374 CNOT5_6 3401 0.001530
3374 CNOT5_6 3400 0.001530
3374 CNOT5_6 3399 0.001530
3374 CNOT5_6 3398 0.001530
3374 CNOT5_6 3402 0.001530
3374 CNOT5_6 3403 0.001530
3374 CNOT5_6 3404 0.001530
3374 MEAS5 3362 0.982000
3374 MEAS5 3374 0.018000
3374 X3 3375 0.999568
3374 X3 3374 0.000144
3374 X3 3376 0.000144
3374 X3 3377 0.000144
3375 CNOT5_3 3398 0.988152
3375 CNOT5_3 3397 0.001693
3375 CNOT5_3 3404 0.001693
3375 CNOT5_3 3402 0.001693
3375 CNOT5_3 3403 0.001693
3375 CNOT5_3 3400 0.001693
3375 CNOT5_3 3401 0.001693
3375 CNOT5_3 3399 0.001693
3375 CNOT5_6 3401 0.989293
3375 CNOT5_6 3397 0.001530
3375 CNOT5_6 3404 0.001530
3375 CNOT5_6 3402 0.001530
3375 CNOT5_6 3403 0.001530
3375 CNOT5_6 3399 0.001530
3375 CNOT5_6 3398 0.001530
3375 CNOT5_6 3400 0.001530
3375 MEAS5 3363 0.982000
3375 MEAS5 3375 0.018000
3375 X3 3374 0.999568
3375 X3 3375 0.000144
3375 X3 3377 0.000144
3375 X3 3376 0.000144
3376 CNOT5_3 3404 0.988152
3376 CNOT5_3 3399 0.001693
3376 CNOT5_3 3398 0.001693
3376 CNOT5_3 3401 0.001693
3376 CNOT5_3 3400 0.001693
3376 CNOT5_3 3403 0.001693
3376 CNOT5_3 3402 0.001693
3376 CNOT5_3 3397 0.001693
3376 CNOT5_6 3404 0.989293
3376 CNOT5_6 3400 0.001530
3376 CNOT5_6 3401 0.001530
3376 CNOT5_6 3398 0.001530
3376 CNOT5_6 3399 0.001530
3376 CNOT5_6 3403 0.001530
3376 CNOT5_6 3402 0.001530
3376 CNOT5_6 3397 0.001530
3376 MEAS5 3364 0.982000
3376 MEAS5 3376 0.018000
3376 X3 3377 0.999568
3376 X3 3376 0.000144
3376 X3 3374 0.000144
3376 X3 3375 0.000144
3377 CNOT5_3 3399 0.988152
3377 CNOT5_3 3404 0.001693
3377 CNOT5_3 3397 0.001693
3377 CNOT5_3 3403 0.001693
3377 CNOT5_3 3402 0.001693
3377 CNOT5_3 3401 0.001693
3377 CNOT5_3 3400 0.001693
3377 CNOT5_3 3398 0.001693
3377 CNOT5_6 3400 0.989293
3377 CNOT5_6 3404 0.001530
3377 CNOT5_6 3397 0.001530
3377 CNOT5_6 3403 0.001530
3377 CNOT5_6 3402 0.001530
3377 CNOT5_6 3398 0.001530
3377 CNOT5_6 3399 0.001530
3377 CNOT5_6 3401 0.001530
3377 MEAS5 3365 0.982000
3377 MEAS5 3377 0.018000
3377 X3 3376 0.999568
3377 X3 3377 0.000144
3377 X3 3375 0.000144
3377 X3 3374 0.000144
3378 CNOT5_3 3370 0.988152
3378 CNOT5_3 3372 0.001693
3378 CNOT5_3 3371 0.001693
3378 CNOT5_3 3373 0.001693
3378 CNOT5_3 3366 0.001693
3378 CNOT5_3 3368 0.001693
3378 CNOT5_3 3367 0.001693
3378 CNOT5_3 3369 0.001693
3378 CNOT5_6 3367 0.989293
3378 CNOT5_6 3372 0.001530
3378 CNOT5_6 3371 0.001530
3378 CNOT5_6 3373 0.001530
3378 CNOT5_6 3366 0.001530
3378 CNOT5_6 3369 0.001530
3378 CNOT5_6 3370 0.001530
3378 CNOT5_6 3368 0.001530
3378 MEAS5 3405 0.961400
3378 MEAS5 3378 0.038600
3378 X3 3381 0.999568
3378 X3 3378 0.000144
3378 X3 3379 0.000144
3378 X3 3380 0.000144
3379 CNOT5_3 3369 0.988152
3379 CNOT5_3 3371 0.001693
3379 CNOT5_3 3372 0.001693
3379 CNOT5_3 3366 0.001693
3379 CNOT5_3 3373 0.001693
3379 CNOT5_3 3367 0.001693
3379 CNOT5_3 3368 0.001693
3379 CNOT5_3 3370 0.001693
3379 CNOT5_6 3368 0.989293
3379 CNOT5_6 3371 0.001530
3379 CNOT5_6 3372 0.001530
3379 CNOT5_6 3366 0.001530
3379 CNOT5_6 3373 0.001530
3379 CNOT5_6 3370 0.001530
3379 CNOT5_6 3369 0.001530
3379 CNOT5_6 3367 0.001530
3379 MEAS5 3406 0.961400
3379 MEAS5 3379 0.038600
3379 X3 3380 0.999568
3379 X3 3379 0.000144
3379 X3 3378 0.000144
3379 X3 3381 0.000144
3380 CNOT5_3 3371 0.988152
3380 CNOT5_3 3369 0.001693
3380 CNOT5_3 3370 0.001693
3380 CNOT5_3 3367 0.001693
3380 CNOT5_3 3368 0.001693
3380 CNOT5_3 3366 0.001693
3380 CNOT5_3 3373 0.001693
3380 CNOT5_3 3372 0.001693
3380 CNOT5_6 3371 0.989293
3380 CNOT5_6 3368 0.001530
3380 CNOT5_6 3367 0.001530
3380 CNOT5_6 3370 0.001530
3380 CNOT5_6 3369 0.001530
3380 CNOT5_6 3366 0.001530
3380 CNOT5_6 3373 0.001530
3380 CNOT5_6 3372 0.001530
3380 MEAS5 3407 0.961400
3380 MEAS5 3380 0.038600
3380 X3 3379 0.999568
3380 X3 3380 0.000144
3380 X3 3381 0.000144
3380 X3 3378 0.000144
3381 CNOT5_3 3372 0.988152
3381 CNOT5_3 3370 0.001693
3381 CNOT5_3 3369 0.001693
3381 CNOT5_3 3368 0.001693
3381 CNOT5_3 3367 0.001693
3381 CNOT5_3 3373 0.001693
3381 CNOT5_3 3366 0.001693
3381 CNOT5_3 3371 0.001693
3381 CNOT5_6 3372 0.989293
3381 CNOT5_6 3367 0.001530
3381 CNOT5_6 3368 0.001530
3381 CNOT5_6 3369 0.001530
3381 CNOT5_6 3370 0.001530
3381 CNOT5_6 3373 0.001530
3381 CNOT5_6 3366 0.001530
3381 CNOT5_6 3371 0.001530
3381 MEAS5 3408 0.961400
3381 MEAS5 3381 0.038600
3381 X3 3378 0.999568
3381 X3 3381 0.000144
3381 X3 3380 0.000144
3381 X3 3379 0.000144
3382 CNOT5_3 3382 0.989845
3382 CNOT5_3 3387 0.003385
3382 CNOT5_3 3390 0.003385
3382 CNOT5_3 3395 0.003385
3382 CNOT5_6 3382 0.990823
3382 CNOT5_6 3391 0.003059
3382 CNOT5_6 3386 0.003059
3382 CNOT5_6 3395 0.003059
3382 MEAS5 3361 0.982000
3382 MEAS5 3382 0.018000
3382 X3 3390 0.999712
3382 X3 3382 0.000288
3383 CNOT5_3 3394 0.989845
3383 CNOT5_3 3391 0.003385
3383 CNOT5_3 3386 0.003385
3383 CNOT5_3 3383 0.003385
3383 CNOT5_6 3394 0.990823
3383 CNOT5_6 3387 0.003059
3383 CNOT5_6 3390 0.003059
3383 CNOT5_6 3383 0.003059
3383 MEAS5 3383 0.961400
3383 MEAS5 3384 0.038600
3383 X3 3391 0.999712
3383 X3 3383 0.000288
3384 CNOT5_3 3393 0.989845
3384 CNOT5_3 3392 0.003385
3384 CNOT5_3 3385 0.003385
3384 CNOT5_3 3384 0.003385
3384 CNOT5_6 3393 0.990823
3384 CNOT5_6 3388 0.003059
3384 CNOT5_6 3389 0.003059
3384 CNOT5_6 3384 0.003059
3384 MEAS5 3383 0.961400
3384 MEAS5 3384 0.038600
3384 X3 3392 0.999712
3384 X3 3384 0.000288
3385 CNOT5_3 3385 0.989845
3385 CNOT5_3 3384 0.003385
3385 CNOT5_3 3393 0.003385
3385 CNOT5_3 3392 0.003385
3385 CNOT5_6 3392 0.990823
3385 CNOT5_6 3361 0.003059
3385 CNOT5_6 3396 0.003059
3385 CNOT5_6 3385 0.003059
3385 MEAS5 3385 0.982000
3385 MEAS5 3386 0.018000
3385 X3 3393 0.999712
3385 X3 3385 0.000288
3386 CNOT5_3 3386 0.989845
3386 CNOT5_3 3383 0.003385
3386 CNOT5_3 3394 0.003385
3386 CNOT5_3 3391 0.003385
3386 CNOT5_6 3391 0.990823
3386 CNOT5_6 3382 0.003059
3386 CNOT5_6 3395 0.003059
3386 CNOT5_6 3386 0.003059
3386 MEAS5 3385 0.982000
3386 MEAS5 3386 0.018000
3386 X3 3394 0.999712
3386 X3 3386 0.000288
3387 CNOT5_3 3390 0.989845
3387 CNOT5_3 3395 0.003385
3387 CNOT5_3 3382 0.003385
3387 CNOT5_3 3387 0.003385
3387 CNOT5_6 3387 0.990823
3387 CNOT5_6 3394 0.003059
3387 CNOT5_6 3383 0.003059
3387 CNOT5_6 3390 0.003059
3387 MEAS5 3387 0.961400
3387 MEAS5 3388 0.038600
3387 X3 3395 0.999712
3387 X3 3387 0.000288
3388 CNOT5_3 3389 0.989845
3388 CNOT5_3 3396 0.003385
3388 CNOT5_3 3361 0.003385
3388 CNOT5_3 3388 0.003385
3388 CNOT5_6 3388 0.990823
3388 CNOT5_6 3393 0.003059
3388 CNOT5_6 3384 0.003059
3388 CNOT5_6 3389 0.003059
3388 MEAS5 3387 0.961400
3388 MEAS5 3388 0.038600
3388 X3 3396 0.999712
3388 X3 3388 0.000288
3389 CNOT5_3 3388 0.989845
3389 CNOT5_3 3361 0.003385
3389 CNOT5_3 3396 0.003385
3389 CNOT5_3 3389 0.003385
3389 CNOT5_6 3389 0.990823
3389 CNOT5_6 3384 0.003059
3389 CNOT5_6 3393 0.003059
3389 CNOT5_6 3388 0.003059
3389 MEAS5 3389 0.982000
3389 MEAS5 3390 0.018000
3389 X3 3361 0.999712
3389 X3 3389 0.000288
3390 CNOT5_3 3387 0.989845
3390 CNOT5_3 3382 0.003385
3390 CNOT5_3 3395 0.003385
3390 CNOT5_3 3390 0.003385
3390 CNOT5_6 3390 0.990823
3390 CNOT5_6 3383 0.003059
3390 CNOT5_6 3394 0.003059
3390 CNOT5_6 3387 0.003059
3390 MEAS5 3389 0.982000
3390 MEAS5 3390 0.018000
3390 X3 3382 0.999712
3390 X3 3390 0.000288
3391 CNOT5_3 3391 0.989845
3391 CNOT5_3 3394 0.003385
3391 CNOT5_3 3383 0.003385
3391 CNOT5_3 3386 0.003385
3391 CNOT5_6 3386 0.990823
3391 CNOT5_6 3395 0.003059
3391 CNOT5_6 3382 0.003059
3391 CNOT5_6 3391 0.003059
3391 MEAS5 3391 0.961400
3391 MEAS5 3392 0.038600
3391 X3 3383 0.999712
3391 X3 3391 0.000288
3392 CNOT5_3 3392 0.989845
3392 CNOT5_3 3393 0.003385
3392 CNOT5_3 3384 0.003385
3392 CNOT5_3 3385 0.003385
3392 CNOT5_6 3385 0.990823
3392 CNOT5_6 3396 0.003059
3392 CNOT5_6 3361 0.003059
3392 CNOT5_6 3392 0.003059
3392 MEAS5 3391 0.961400
3392 MEAS5 3392 0.038600
3392 X3 3384 0.999712
3392 X3 3392 0.000288
3393 CNOT5_3 3384 0.989845
3393 CNOT5_3 3385 0.003385
3393 CNOT5_3 3392 0.003385
3393 CNOT5_3 3393 0.003385
3393 CNOT5_6 3384 0.990823
3393 CNOT5_6 3389 0.003059
3393 CNOT5_6 3388 0.003059
3393 CNOT5_6 3393 0.003059
3393 MEAS5 3393 0.982000
3393 MEAS5 3394 0.018000
3393 X3 3385 0.999712
3393 X3 3393 0.000288
3394 CNOT5_3 3383 0.989845
3394 CNOT5_3 3386 0.003385
3394 CNOT5_3 3391 0.003385
3394 CNOT5_3 3394 0.003385
3394 CNOT5_6 3383 0.990823
3394 CNOT5_6 3390 0.003059
3394 CNOT5_6 3387 0.003059
3394 CNOT5_6 3394 0.003059
3394 MEAS5 3393 0.982000
3394 MEAS5 3394 0.018000
3394 X3 3386 0.999712
3394 X3 3394 0.000288
3395 CNOT5_3 3395 0.989845
3395 CNOT5_3 3390 0.003385
3395 CNOT5_3 3387 0.003385
3395 CNOT5_3 3382 0.003385
3395 CNOT5_6 3395 0.990823
3395 CNOT5_6 3386 0.003059
3395 CNOT5_6 3391 0.003059
3395 CNOT5_6 3382 0.003059
3395 MEAS5 3395 0.961400
3395 MEAS5 3396 0.038600
3395 X3 3387 0.999712
3395 X3 3395 0.000288
3396 CNOT5_3 3396 0.989845
3396 CNOT5_3 3389 0.003385
3396 CNOT5_3 3388 0.003385
3396 CNOT5_3 3361 0.003385
3396 CNOT5_6 3396 0.990823
3396 CNOT5_6 3385 0.003059
3396 CNOT5_6 3392 0.003059
3396 CNOT5_6 3361 0.003059
3396 MEAS5 3395 0.961400
3396 MEAS5 3396 0.038600
3396 X3 3388 0.999712
3396 X3 3396 0.000288
3397 CNOT5_3 3374 0.988152
3397 CNOT5_3 3405 0.001693
3397 CNOT5_3 3375 0.001693
3397 CNOT5_3 3406 0.001693
3397 CNOT5_3 3377 0.001693
3397 CNOT5_3 3407 0.001693
3397 CNOT5_3 3376 0.001693
3397 CNOT5_3 3408 0.001693
3397 CNOT5_6 3374 0.989293
3397 CNOT5_6 3405 0.001530
3397 CNOT5_6 3375 0.001530
3397 CNOT5_6 3406 0.001530
3397 CNOT5_6 3377 0.001530
3397 CNOT5_6 3407 0.001530
3397 CNOT5_6 3376 0.001530
3397 CNOT5_6 3408 0.001530
3397 MEAS5 3361 0.491000
3397 MEAS5 3382 0.009000
3397 MEAS5 3383 0.480700
3397 MEAS5 3384 0.019300
3397 X3 3401 0.999568
3397 X3 3397 0.000144
3397 X3 3404 0.000144
3397 X3 3400 0.000144
3398 CNOT5_3 3375 0.988152
3398 CNOT5_3 3408 0.001693
3398 CNOT5_3 3374 0.001693
3398 CNOT5_3 3407 0.001693
3398 CNOT5_3 3376 0.001693
3398 CNOT5_3 3406 0.001693
3398 CNOT5_3 3377 0.001693
3398 CNOT5_3 3405 0.001693
3398 CNOT5_6 3405 0.989293
3398 CNOT5_6 3374 0.001530
3398 CNOT5_6 3408 0.001530
3398 CNOT5_6 3376 0.001530
3398 CNOT5_6 3407 0.001530
3398 CNOT5_6 3377 0.001530
3398 CNOT5_6 3406 0.001530
3398 CNOT5_6 3375 0.001530
3398 MEAS5 3385 0.491000
3398 MEAS5 3386 0.009000
3398 MEAS5 3387 0.480700
3398 MEAS5 3388 0.019300
3398 X3 3403 0.999568
3398 X3 3398 0.000144
3398 X3 3399 0.000144
3398 X3 3402 0.000144
3399 CNOT5_3 3377 0.988152
3399 CNOT5_3 3407 0.001693
3399 CNOT5_3 3376 0.001693
3399 CNOT5_3 3408 0.001693
3399 CNOT5_3 3374 0.001693
3399 CNOT5_3 3405 0.001693
3399 CNOT5_3 3375 0.001693
3399 CNOT5_3 3406 0.001693
3399 CNOT5_6 3406 0.989293
3399 CNOT5_6 3376 0.001530
3399 CNOT5_6 3407 0.001530
3399 CNOT5_6 3374 0.001530
3399 CNOT5_6 3408 0.001530
3399 CNOT5_6 3375 0.001530
3399 CNOT5_6 3405 0.001530
3399 CNOT5_6 3377 0.001530
3399 MEAS5 3385 0.491000
3399 MEAS5 3386 0.009000
3399 MEAS5 3387 0.480700
3399 MEAS5 3388 0.019300
3399 X3 3402 0.999568
3399 X3 3399 0.000144
3399 X3 3398 0.000144
3399 X3 3403 0.000144
3400 CNOT5_3 3406 0.988152
3400 CNOT5_3 3376 0.001693
3400 CNOT5_3 3407 0.001693
3400 CNOT5_3 3374 0.001693
3400 CNOT5_3 3408 0.001693
3400 CNOT5_3 3375 0.001693
3400 CNOT5_3 3405 0.001693
3400 CNOT5_3 3377 0.001693
3400 CNOT5_6 3377 0.989293
3400 CNOT5_6 3407 0.001530
3400 CNOT5_6 3376 0.001530
3400 CNOT5_6 3408 0.001530
3400 CNOT5_6 3374 0.001530
3400 CNOT5_6 3405 0.001530
3400 CNOT5_6 3375 0.001530
3400 CNOT5_6 3406 0.001530
3400 MEAS5 3389 0.491000
3400 MEAS5 3390 0.009000
3400 MEAS5 3391 0.480700
3400 MEAS5 3392 0.019300
3400 X3 3404 0.999568
3400 X3 3400 0.000144
3400 X3 3401 0.000144
3400 X3 3397 0.000144
3401 CNOT5_3 3405 0.988152
3401 CNOT5_3 3374 0.001693
3401 CNOT5_3 3408 0.001693
3401 CNOT5_3 3376 0.001693
3401 CNOT5_3 3407 0.001693
3401 CNOT5_3 3377 0.001693
3401 CNOT5_3 3406 0.001693
3401 CNOT5_3 3375 0.001693
3401 CNOT5_6 3375 0.989293
3401 CNOT5_6 3408 0.001530
3401 CNOT5_6 3374 0.001530
3401 CNOT5_6 3407 0.001530
3401 CNOT5_6 3376 0.001530
3401 CNOT5_6 3406 0.001530
3401 CNOT5_6 3377 0.001530
3401 CNOT5_6 3405 0.001530
3401 MEAS5 3389 0.491000
3401 MEAS5 3390 0.009000
3401 MEAS5 3391 0.480700
3401 MEAS5 3392 0.019300
3401 X3 3397 0.999568
3401 X3 3401 0.000144
3401 X3 3400 0.000144
3401 X3 3404 0.000144
3402 CNOT5_3 3407 0.988152
3402 CNOT5_3 3377 0.001693
3402 CNOT5_3 3406 0.001693
3402 CNOT5_3 3375 0.001693
3402 CNOT5_3 3405 0.001693
3402 CNOT5_3 3374 0.001693
3402 CNOT5_3 3408 0.001693
3402 CNOT5_3 3376 0.001693
3402 CNOT5_6 3407 0.989293
3402 CNOT5_6 3377 0.001530
3402 CNOT5_6 3406 0.001530
3402 CNOT5_6 3375 0.001530
3402 CNOT5_6 3405 0.001530
3402 CNOT5_6 3374 0.001530
3402 CNOT5_6 3408 0.001530
3402 CNOT5_6 3376 0.001530
3402 MEAS5 3393 0.491000
3402 MEAS5 3394 0.009000
3402 MEAS5 3395 0.480700
3402 MEAS5 3396 0.019300
3402 X3 3399 0.999568
3402 X3 3402 0.000144
3402 X3 3403 0.000144
3402 X3 3398 0.000144
3403 CNOT5_3 3408 0.988152
3403 CNOT5_3 3375 0.001693
3403 CNOT5_3 3405 0.001693
3403 CNOT5_3 3377 0.001693
3403 CNOT5_3 3406 0.001693
3403 CNOT5_3 3376 0.001693
3403 CNOT5_3 3407 0.001693
3403 CNOT5_3 3374 0.001693
3403 CNOT5_6 3408 0.989293
3403 CNOT5_6 3375 0.001530
3403 CNOT5_6 3405 0.001530
3403 CNOT5_6 3377 0.001530
3403 CNOT5_6 3406 0.001530
3403 CNOT5_6 3376 0.001530
3403 CNOT5_6 3407 0.001530
3403 CNOT5_6 3374 0.001530
3403 MEAS5 3393 0.491000
3403 MEAS5 3394 0.009000
3403 MEAS5 3395 0.480700
3403 MEAS5 3396 0.019300
3403 X3 3398 0.999568
3403 X3 3403 0.000144
3403 X3 3402 0.000144
3403 X3 3399 0.000144
3404 CNOT5_3 3376 0.988152
3404 CNOT5_3 3406 0.001693
3404 CNOT5_3 3377 0.001693
3404 CNOT5_3 3405 0.001693
3404 CNOT5_3 3375 0.001693
3404 CNOT5_3 3408 0.001693
3404 CNOT5_3 3374 0.001693
3404 CNOT5_3 3407 0.001693
3404 CNOT5_6 3376 0.989293
3404 CNOT5_6 3406 0.001530
3404 CNOT5_6 3377 0.001530
3404 CNOT5_6 3405 0.001530
3404 CNOT5_6 3375 0.001530
3404 CNOT5_6 3408 0.001530
3404 CNOT5_6 3374 0.001530
3404 CNOT5_6 3407 0.001530
3404 MEAS5 3361 0.491000
3404 MEAS5 3382 0.009000
3404 MEAS5 3383 0.480700
3404 MEAS5 3384 0.019300
3404 X3 3400 0.999568
3404 X3 3404 0.000144
3404 X3 3397 0.000144
3404 X3 3401 0.000144
3405 CNOT5_3 3401 0.988152
3405 CNOT5_3 3403 0.001693
3405 CNOT5_3 3402 0.001693
3405 CNOT5_3 3404 0.001693
3405 CNOT5_3 3397 0.001693
3405 CNOT5_3 3399 0.001693
3405 CNOT5_3 3398 0.001693
3405 CNOT5_3 3400 0.001693
3405 CNOT5_6 3398 0.989293
3405 CNOT5_6 3403 0.001530
3405 CNOT5_6 3402 0.001530
3405 CNOT5_6 3404 0.001530
3405 CNOT5_6 3397 0.001530
3405 CNOT5_6 3400 0.001530
3405 CNOT5_6 3401 0.001530
3405 CNOT5_6 3399 0.001530
3405 MEAS5 3405 0.961400
3405 MEAS5 3378 0.038600
3405 X3 3408 0.999568
3405 X3 3405 0.000144
3405 X3 3406 0.000144
3405 X3 3407 0.000144
3406 CNOT5_3 3400 0.988152
3406 CNOT5_3 3402 0.001693
3406 CNOT5_3 3403 0.001693
3406 CNOT5_3 3397 0.001693
3406 CNOT5_3 3404 0.001693
3406 CNOT5_3 3398 0.001693
3406 CNOT5_3 3399 0.001693
3406 CNOT5_3 3401 0.001693
3406 CNOT5_6 3399 0.989293
3406 CNOT5_6 3402 0.001530
3406 CNOT5_6 3403 0.001530
3406 CNOT5_6 3397 0.001530
3406 CNOT5_6 3404 0.001530
3406 CNOT5_6 3401 0.001530
3406 CNOT5_6 3400 0.001530
3406 CNOT5_6 3398 0.001530
3406 MEAS5 3406 0.961400
3406 MEAS5 3379 0.038600
3406 X3 3407 0.999568
3406 X3 3406 0.000144
3406 X3 3405 0.000144
3406 X3 3408 0.000144
3407 CNOT5_3 3402 0.988152
3407 CNOT5_3 3400 0.001693
3407 CNOT5_3 3401 0.001693
3407 CNOT5_3 3398 0.001693
3407 CNOT5_3 3399 0.001693
3407 CNOT5_3 3397 0.001693
3407 CNOT5_3 3404 0.001693
3407 CNOT5_3 3403 0.001693
3407 CNOT5_6 3402 0.989293
3407 CNOT5_6 3399 0.001530
3407 CNOT5_6 3398 0.001530
3407 CNOT5_6 3401 0.001530
3407 CNOT5_6 3400 0.001530
3407 CNOT5_6 3397 0.001530
3407 CNOT5_6 3404 0.001530
3407 CNOT5_6 3403 0.001530
3407 MEAS5 3407 0.961400
3407 MEAS5 3380 0.038600
3407 X3 3406 0.999568
3407 X3 3407 0.000144
3407 X3 3408 0.000144
3407 X3 3405 0.000144
3408 CNOT5_3 3403 0.988152
3408 CNOT5_3 3401 0.001693
3408 CNOT5_3 3400 0.001693
3408 CNOT5_3 3399 0.001693
3408 CNOT5_3 3398 0.001693
3408 CNOT5_3 3404 0.001693
3408 CNOT5_3 3397 0.001693
3408 CNOT5_3 3402 0.001693
3408 CNOT5_6 3403 0.989293
3408 CNOT5_6 3398 0.001530
3408 CNOT5_6 3399 0.001530
3408 CNOT5_6 3400 0.001530
3408 CNOT5_6 3401 0.001530
3408 CNOT5_6 3404 0.001530
3408 CNOT5_6 3397 0.001530
3408 CNOT5_6 3402 0.001530
3408 MEAS5 3408 0.961400
3408 MEAS5 3381 0.038600
3408 X3 3405 0.999568
3408 X3 3408 0.000144
3408 X3 3407 0.000144
3408 X3 3406 0.000144
ENDPOMDP
