BEGINPOMDP
INITIALSTATE: 2401
STATES: 2401,2402,2403,2404,2405,2406,2407,2408,2409,2410,2411,2412,2413,2414,2415,2416,2417,2418,2419,2420,2421,2422,2423,2424,2425,2426,2427,2428,2429,2430,2431,2432,2433,2434,2435,2436,2437,2438,2439,2440,2441,2442,2443,2444,2445,2446,2447,2448
TARGETV: 2402,2404,2406,2411,2412,2413,2414,2416,2420,2421,2437,2442,2443,2444,2447,2448
GAMMA: 2401:0,2402:0,2403:0,2404:0,2405:0,2406:0,2407:0,2408:0,2409:0,2410:0,2411:0,2412:0,2413:0,2414:1,2415:1,2416:1,2417:1,2418:0,2419:0,2420:0,2421:0,2422:1,2423:1,2424:0,2425:0,2426:1,2427:1,2428:0,2429:0,2430:1,2431:1,2432:0,2433:0,2434:1,2435:1,2436:0,2437:1,2438:1,2439:1,2440:1,2441:1,2442:1,2443:1,2444:1,2445:1,2446:1,2447:1,2448:1
BEGINACTIONS
CNOT5_3 Instruction.CNOT 3 5
CNOT5_6 Instruction.CNOT 6 5
MEAS5 Instruction.MEAS None 5
X3 Instruction.X None 3
ENDACTIONS
2401 INIT_ 2402 0.250000
2401 INIT_ 2403 0.250000
2401 INIT_ 2404 0.250000
2401 INIT_ 2405 0.250000
2401 CNOT5_3 2401 0.976295
2401 CNOT5_3 2428 0.007902
2401 CNOT5_3 2429 0.007902
2401 CNOT5_3 2436 0.007902
2401 CNOT5_6 2401 0.987526
2401 CNOT5_6 2432 0.004158
2401 CNOT5_6 2425 0.004158
2401 CNOT5_6 2436 0.004158
2401 MEAS5 2401 0.982800
2401 MEAS5 2422 0.017200
2401 X3 2429 0.999695
2401 X3 2401 0.000305
2402 CNOT5_3 2406 0.972344
2402 CNOT5_3 2407 0.003951
2402 CNOT5_3 2408 0.003951
2402 CNOT5_3 2409 0.003951
2402 CNOT5_3 2410 0.003951
2402 CNOT5_3 2411 0.003951
2402 CNOT5_3 2412 0.003951
2402 CNOT5_3 2413 0.003951
2402 CNOT5_6 2406 0.985446
2402 CNOT5_6 2410 0.002079
2402 CNOT5_6 2409 0.002079
2402 CNOT5_6 2408 0.002079
2402 CNOT5_6 2407 0.002079
2402 CNOT5_6 2411 0.002079
2402 CNOT5_6 2412 0.002079
2402 CNOT5_6 2413 0.002079
2402 MEAS5 2402 0.982800
2402 MEAS5 2414 0.017200
2402 X3 2403 0.999543
2402 X3 2402 0.000152
2402 X3 2404 0.000152
2402 X3 2405 0.000152
2403 CNOT5_3 2407 0.972344
2403 CNOT5_3 2406 0.003951
2403 CNOT5_3 2413 0.003951
2403 CNOT5_3 2411 0.003951
2403 CNOT5_3 2412 0.003951
2403 CNOT5_3 2409 0.003951
2403 CNOT5_3 2410 0.003951
2403 CNOT5_3 2408 0.003951
2403 CNOT5_6 2410 0.985446
2403 CNOT5_6 2406 0.002079
2403 CNOT5_6 2413 0.002079
2403 CNOT5_6 2411 0.002079
2403 CNOT5_6 2412 0.002079
2403 CNOT5_6 2408 0.002079
2403 CNOT5_6 2407 0.002079
2403 CNOT5_6 2409 0.002079
2403 MEAS5 2403 0.982800
2403 MEAS5 2415 0.017200
2403 X3 2402 0.999543
2403 X3 2403 0.000152
2403 X3 2405 0.000152
2403 X3 2404 0.000152
2404 CNOT5_3 2413 0.972344
2404 CNOT5_3 2408 0.003951
2404 CNOT5_3 2407 0.003951
2404 CNOT5_3 2410 0.003951
2404 CNOT5_3 2409 0.003951
2404 CNOT5_3 2412 0.003951
2404 CNOT5_3 2411 0.003951
2404 CNOT5_3 2406 0.003951
2404 CNOT5_6 2413 0.985446
2404 CNOT5_6 2409 0.002079
2404 CNOT5_6 2410 0.002079
2404 CNOT5_6 2407 0.002079
2404 CNOT5_6 2408 0.002079
2404 CNOT5_6 2412 0.002079
2404 CNOT5_6 2411 0.002079
2404 CNOT5_6 2406 0.002079
2404 MEAS5 2404 0.982800
2404 MEAS5 2416 0.017200
2404 X3 2405 0.999543
2404 X3 2404 0.000152
2404 X3 2402 0.000152
2404 X3 2403 0.000152
2405 CNOT5_3 2408 0.972344
2405 CNOT5_3 2413 0.003951
2405 CNOT5_3 2406 0.003951
2405 CNOT5_3 2412 0.003951
2405 CNOT5_3 2411 0.003951
2405 CNOT5_3 2410 0.003951
2405 CNOT5_3 2409 0.003951
2405 CNOT5_3 2407 0.003951
2405 CNOT5_6 2409 0.985446
2405 CNOT5_6 2413 0.002079
2405 CNOT5_6 2406 0.002079
2405 CNOT5_6 2412 0.002079
2405 CNOT5_6 2411 0.002079
2405 CNOT5_6 2407 0.002079
2405 CNOT5_6 2408 0.002079
2405 CNOT5_6 2410 0.002079
2405 MEAS5 2405 0.982800
2405 MEAS5 2417 0.017200
2405 X3 2404 0.999543
2405 X3 2405 0.000152
2405 X3 2403 0.000152
2405 X3 2402 0.000152
2406 CNOT5_3 2402 0.972344
2406 CNOT5_3 2418 0.003951
2406 CNOT5_3 2403 0.003951
2406 CNOT5_3 2419 0.003951
2406 CNOT5_3 2405 0.003951
2406 CNOT5_3 2420 0.003951
2406 CNOT5_3 2404 0.003951
2406 CNOT5_3 2421 0.003951
2406 CNOT5_6 2402 0.985446
2406 CNOT5_6 2418 0.002079
2406 CNOT5_6 2403 0.002079
2406 CNOT5_6 2419 0.002079
2406 CNOT5_6 2405 0.002079
2406 CNOT5_6 2420 0.002079
2406 CNOT5_6 2404 0.002079
2406 CNOT5_6 2421 0.002079
2406 MEAS5 2401 0.491400
2406 MEAS5 2422 0.008600
2406 MEAS5 2423 0.477500
2406 MEAS5 2424 0.022500
2406 X3 2410 0.999543
2406 X3 2406 0.000152
2406 X3 2413 0.000152
2406 X3 2409 0.000152
2407 CNOT5_3 2403 0.972344
2407 CNOT5_3 2421 0.003951
2407 CNOT5_3 2402 0.003951
2407 CNOT5_3 2420 0.003951
2407 CNOT5_3 2404 0.003951
2407 CNOT5_3 2419 0.003951
2407 CNOT5_3 2405 0.003951
2407 CNOT5_3 2418 0.003951
2407 CNOT5_6 2418 0.985446
2407 CNOT5_6 2402 0.002079
2407 CNOT5_6 2421 0.002079
2407 CNOT5_6 2404 0.002079
2407 CNOT5_6 2420 0.002079
2407 CNOT5_6 2405 0.002079
2407 CNOT5_6 2419 0.002079
2407 CNOT5_6 2403 0.002079
2407 MEAS5 2425 0.491400
2407 MEAS5 2426 0.008600
2407 MEAS5 2427 0.477500
2407 MEAS5 2428 0.022500
2407 X3 2412 0.999543
2407 X3 2407 0.000152
2407 X3 2408 0.000152
2407 X3 2411 0.000152
2408 CNOT5_3 2405 0.972344
2408 CNOT5_3 2420 0.003951
2408 CNOT5_3 2404 0.003951
2408 CNOT5_3 2421 0.003951
2408 CNOT5_3 2402 0.003951
2408 CNOT5_3 2418 0.003951
2408 CNOT5_3 2403 0.003951
2408 CNOT5_3 2419 0.003951
2408 CNOT5_6 2419 0.985446
2408 CNOT5_6 2404 0.002079
2408 CNOT5_6 2420 0.002079
2408 CNOT5_6 2402 0.002079
2408 CNOT5_6 2421 0.002079
2408 CNOT5_6 2403 0.002079
2408 CNOT5_6 2418 0.002079
2408 CNOT5_6 2405 0.002079
2408 MEAS5 2425 0.491400
2408 MEAS5 2426 0.008600
2408 MEAS5 2427 0.477500
2408 MEAS5 2428 0.022500
2408 X3 2411 0.999543
2408 X3 2408 0.000152
2408 X3 2407 0.000152
2408 X3 2412 0.000152
2409 CNOT5_3 2419 0.972344
2409 CNOT5_3 2404 0.003951
2409 CNOT5_3 2420 0.003951
2409 CNOT5_3 2402 0.003951
2409 CNOT5_3 2421 0.003951
2409 CNOT5_3 2403 0.003951
2409 CNOT5_3 2418 0.003951
2409 CNOT5_3 2405 0.003951
2409 CNOT5_6 2405 0.985446
2409 CNOT5_6 2420 0.002079
2409 CNOT5_6 2404 0.002079
2409 CNOT5_6 2421 0.002079
2409 CNOT5_6 2402 0.002079
2409 CNOT5_6 2418 0.002079
2409 CNOT5_6 2403 0.002079
2409 CNOT5_6 2419 0.002079
2409 MEAS5 2429 0.491400
2409 MEAS5 2430 0.008600
2409 MEAS5 2431 0.477500
2409 MEAS5 2432 0.022500
2409 X3 2413 0.999543
2409 X3 2409 0.000152
2409 X3 2410 0.000152
2409 X3 2406 0.000152
2410 CNOT5_3 2418 0.972344
2410 CNOT5_3 2402 0.003951
2410 CNOT5_3 2421 0.003951
2410 CNOT5_3 2404 0.003951
2410 CNOT5_3 2420 0.003951
2410 CNOT5_3 2405 0.003951
2410 CNOT5_3 2419 0.003951
2410 CNOT5_3 2403 0.003951
2410 CNOT5_6 2403 0.985446
2410 CNOT5_6 2421 0.002079
2410 CNOT5_6 2402 0.002079
2410 CNOT5_6 2420 0.002079
2410 CNOT5_6 2404 0.002079
2410 CNOT5_6 2419 0.002079
2410 CNOT5_6 2405 0.002079
2410 CNOT5_6 2418 0.002079
2410 MEAS5 2429 0.491400
2410 MEAS5 2430 0.008600
2410 MEAS5 2431 0.477500
2410 MEAS5 2432 0.022500
2410 X3 2406 0.999543
2410 X3 2410 0.000152
2410 X3 2409 0.000152
2410 X3 2413 0.000152
2411 CNOT5_3 2420 0.972344
2411 CNOT5_3 2405 0.003951
2411 CNOT5_3 2419 0.003951
2411 CNOT5_3 2403 0.003951
2411 CNOT5_3 2418 0.003951
2411 CNOT5_3 2402 0.003951
2411 CNOT5_3 2421 0.003951
2411 CNOT5_3 2404 0.003951
2411 CNOT5_6 2420 0.985446
2411 CNOT5_6 2405 0.002079
2411 CNOT5_6 2419 0.002079
2411 CNOT5_6 2403 0.002079
2411 CNOT5_6 2418 0.002079
2411 CNOT5_6 2402 0.002079
2411 CNOT5_6 2421 0.002079
2411 CNOT5_6 2404 0.002079
2411 MEAS5 2433 0.491400
2411 MEAS5 2434 0.008600
2411 MEAS5 2435 0.477500
2411 MEAS5 2436 0.022500
2411 X3 2408 0.999543
2411 X3 2411 0.000152
2411 X3 2412 0.000152
2411 X3 2407 0.000152
2412 CNOT5_3 2421 0.972344
2412 CNOT5_3 2403 0.003951
2412 CNOT5_3 2418 0.003951
2412 CNOT5_3 2405 0.003951
2412 CNOT5_3 2419 0.003951
2412 CNOT5_3 2404 0.003951
2412 CNOT5_3 2420 0.003951
2412 CNOT5_3 2402 0.003951
2412 CNOT5_6 2421 0.985446
2412 CNOT5_6 2403 0.002079
2412 CNOT5_6 2418 0.002079
2412 CNOT5_6 2405 0.002079
2412 CNOT5_6 2419 0.002079
2412 CNOT5_6 2404 0.002079
2412 CNOT5_6 2420 0.002079
2412 CNOT5_6 2402 0.002079
2412 MEAS5 2433 0.491400
2412 MEAS5 2434 0.008600
2412 MEAS5 2435 0.477500
2412 MEAS5 2436 0.022500
2412 X3 2407 0.999543
2412 X3 2412 0.000152
2412 X3 2411 0.000152
2412 X3 2408 0.000152
2413 CNOT5_3 2404 0.972344
2413 CNOT5_3 2419 0.003951
2413 CNOT5_3 2405 0.003951
2413 CNOT5_3 2418 0.003951
2413 CNOT5_3 2403 0.003951
2413 CNOT5_3 2421 0.003951
2413 CNOT5_3 2402 0.003951
2413 CNOT5_3 2420 0.003951
2413 CNOT5_6 2404 0.985446
2413 CNOT5_6 2419 0.002079
2413 CNOT5_6 2405 0.002079
2413 CNOT5_6 2418 0.002079
2413 CNOT5_6 2403 0.002079
2413 CNOT5_6 2421 0.002079
2413 CNOT5_6 2402 0.002079
2413 CNOT5_6 2420 0.002079
2413 MEAS5 2401 0.491400
2413 MEAS5 2422 0.008600
2413 MEAS5 2423 0.477500
2413 MEAS5 2424 0.022500
2413 X3 2409 0.999543
2413 X3 2413 0.000152
2413 X3 2406 0.000152
2413 X3 2410 0.000152
2414 CNOT5_3 2437 0.972344
2414 CNOT5_3 2438 0.003951
2414 CNOT5_3 2439 0.003951
2414 CNOT5_3 2440 0.003951
2414 CNOT5_3 2441 0.003951
2414 CNOT5_3 2442 0.003951
2414 CNOT5_3 2443 0.003951
2414 CNOT5_3 2444 0.003951
2414 CNOT5_6 2437 0.985446
2414 CNOT5_6 2441 0.002079
2414 CNOT5_6 2440 0.002079
2414 CNOT5_6 2439 0.002079
2414 CNOT5_6 2438 0.002079
2414 CNOT5_6 2442 0.002079
2414 CNOT5_6 2443 0.002079
2414 CNOT5_6 2444 0.002079
2414 MEAS5 2402 0.982800
2414 MEAS5 2414 0.017200
2414 X3 2415 0.999543
2414 X3 2414 0.000152
2414 X3 2416 0.000152
2414 X3 2417 0.000152
2415 CNOT5_3 2438 0.972344
2415 CNOT5_3 2437 0.003951
2415 CNOT5_3 2444 0.003951
2415 CNOT5_3 2442 0.003951
2415 CNOT5_3 2443 0.003951
2415 CNOT5_3 2440 0.003951
2415 CNOT5_3 2441 0.003951
2415 CNOT5_3 2439 0.003951
2415 CNOT5_6 2441 0.985446
2415 CNOT5_6 2437 0.002079
2415 CNOT5_6 2444 0.002079
2415 CNOT5_6 2442 0.002079
2415 CNOT5_6 2443 0.002079
2415 CNOT5_6 2439 0.002079
2415 CNOT5_6 2438 0.002079
2415 CNOT5_6 2440 0.002079
2415 MEAS5 2403 0.982800
2415 MEAS5 2415 0.017200
2415 X3 2414 0.999543
2415 X3 2415 0.000152
2415 X3 2417 0.000152
2415 X3 2416 0.000152
2416 CNOT5_3 2444 0.972344
2416 CNOT5_3 2439 0.003951
2416 CNOT5_3 2438 0.003951
2416 CNOT5_3 2441 0.003951
2416 CNOT5_3 2440 0.003951
2416 CNOT5_3 2443 0.003951
2416 CNOT5_3 2442 0.003951
2416 CNOT5_3 2437 0.003951
2416 CNOT5_6 2444 0.985446
2416 CNOT5_6 2440 0.002079
2416 CNOT5_6 2441 0.002079
2416 CNOT5_6 2438 0.002079
2416 CNOT5_6 2439 0.002079
2416 CNOT5_6 2443 0.002079
2416 CNOT5_6 2442 0.002079
2416 CNOT5_6 2437 0.002079
2416 MEAS5 2404 0.982800
2416 MEAS5 2416 0.017200
2416 X3 2417 0.999543
2416 X3 2416 0.000152
2416 X3 2414 0.000152
2416 X3 2415 0.000152
2417 CNOT5_3 2439 0.972344
2417 CNOT5_3 2444 0.003951
2417 CNOT5_3 2437 0.003951
2417 CNOT5_3 2443 0.003951
2417 CNOT5_3 2442 0.003951
2417 CNOT5_3 2441 0.003951
2417 CNOT5_3 2440 0.003951
2417 CNOT5_3 2438 0.003951
2417 CNOT5_6 2440 0.985446
2417 CNOT5_6 2444 0.002079
2417 CNOT5_6 2437 0.002079
2417 CNOT5_6 2443 0.002079
2417 CNOT5_6 2442 0.002079
2417 CNOT5_6 2438 0.002079
2417 CNOT5_6 2439 0.002079
2417 CNOT5_6 2441 0.002079
2417 MEAS5 2405 0.982800
2417 MEAS5 2417 0.017200
2417 X3 2416 0.999543
2417 X3 2417 0.000152
2417 X3 2415 0.000152
2417 X3 2414 0.000152
2418 CNOT5_3 2410 0.972344
2418 CNOT5_3 2412 0.003951
2418 CNOT5_3 2411 0.003951
2418 CNOT5_3 2413 0.003951
2418 CNOT5_3 2406 0.003951
2418 CNOT5_3 2408 0.003951
2418 CNOT5_3 2407 0.003951
2418 CNOT5_3 2409 0.003951
2418 CNOT5_6 2407 0.985446
2418 CNOT5_6 2412 0.002079
2418 CNOT5_6 2411 0.002079
2418 CNOT5_6 2413 0.002079
2418 CNOT5_6 2406 0.002079
2418 CNOT5_6 2409 0.002079
2418 CNOT5_6 2410 0.002079
2418 CNOT5_6 2408 0.002079
2418 MEAS5 2445 0.955000
2418 MEAS5 2418 0.045000
2418 X3 2421 0.999543
2418 X3 2418 0.000152
2418 X3 2419 0.000152
2418 X3 2420 0.000152
2419 CNOT5_3 2409 0.972344
2419 CNOT5_3 2411 0.003951
2419 CNOT5_3 2412 0.003951
2419 CNOT5_3 2406 0.003951
2419 CNOT5_3 2413 0.003951
2419 CNOT5_3 2407 0.003951
2419 CNOT5_3 2408 0.003951
2419 CNOT5_3 2410 0.003951
2419 CNOT5_6 2408 0.985446
2419 CNOT5_6 2411 0.002079
2419 CNOT5_6 2412 0.002079
2419 CNOT5_6 2406 0.002079
2419 CNOT5_6 2413 0.002079
2419 CNOT5_6 2410 0.002079
2419 CNOT5_6 2409 0.002079
2419 CNOT5_6 2407 0.002079
2419 MEAS5 2446 0.955000
2419 MEAS5 2419 0.045000
2419 X3 2420 0.999543
2419 X3 2419 0.000152
2419 X3 2418 0.000152
2419 X3 2421 0.000152
2420 CNOT5_3 2411 0.972344
2420 CNOT5_3 2409 0.003951
2420 CNOT5_3 2410 0.003951
2420 CNOT5_3 2407 0.003951
2420 CNOT5_3 2408 0.003951
2420 CNOT5_3 2406 0.003951
2420 CNOT5_3 2413 0.003951
2420 CNOT5_3 2412 0.003951
2420 CNOT5_6 2411 0.985446
2420 CNOT5_6 2408 0.002079
2420 CNOT5_6 2407 0.002079
2420 CNOT5_6 2410 0.002079
2420 CNOT5_6 2409 0.002079
2420 CNOT5_6 2406 0.002079
2420 CNOT5_6 2413 0.002079
2420 CNOT5_6 2412 0.002079
2420 MEAS5 2447 0.955000
2420 MEAS5 2420 0.045000
2420 X3 2419 0.999543
2420 X3 2420 0.000152
2420 X3 2421 0.000152
2420 X3 2418 0.000152
2421 CNOT5_3 2412 0.972344
2421 CNOT5_3 2410 0.003951
2421 CNOT5_3 2409 0.003951
2421 CNOT5_3 2408 0.003951
2421 CNOT5_3 2407 0.003951
2421 CNOT5_3 2413 0.003951
2421 CNOT5_3 2406 0.003951
2421 CNOT5_3 2411 0.003951
2421 CNOT5_6 2412 0.985446
2421 CNOT5_6 2407 0.002079
2421 CNOT5_6 2408 0.002079
2421 CNOT5_6 2409 0.002079
2421 CNOT5_6 2410 0.002079
2421 CNOT5_6 2413 0.002079
2421 CNOT5_6 2406 0.002079
2421 CNOT5_6 2411 0.002079
2421 MEAS5 2448 0.955000
2421 MEAS5 2421 0.045000
2421 X3 2418 0.999543
2421 X3 2421 0.000152
2421 X3 2420 0.000152
2421 X3 2419 0.000152
2422 CNOT5_3 2422 0.976295
2422 CNOT5_3 2427 0.007902
2422 CNOT5_3 2430 0.007902
2422 CNOT5_3 2435 0.007902
2422 CNOT5_6 2422 0.987526
2422 CNOT5_6 2431 0.004158
2422 CNOT5_6 2426 0.004158
2422 CNOT5_6 2435 0.004158
2422 MEAS5 2401 0.982800
2422 MEAS5 2422 0.017200
2422 X3 2430 0.999695
2422 X3 2422 0.000305
2423 CNOT5_3 2434 0.976295
2423 CNOT5_3 2431 0.007902
2423 CNOT5_3 2426 0.007902
2423 CNOT5_3 2423 0.007902
2423 CNOT5_6 2434 0.987526
2423 CNOT5_6 2427 0.004158
2423 CNOT5_6 2430 0.004158
2423 CNOT5_6 2423 0.004158
2423 MEAS5 2423 0.955000
2423 MEAS5 2424 0.045000
2423 X3 2431 0.999695
2423 X3 2423 0.000305
2424 CNOT5_3 2433 0.976295
2424 CNOT5_3 2432 0.007902
2424 CNOT5_3 2425 0.007902
2424 CNOT5_3 2424 0.007902
2424 CNOT5_6 2433 0.987526
2424 CNOT5_6 2428 0.004158
2424 CNOT5_6 2429 0.004158
2424 CNOT5_6 2424 0.004158
2424 MEAS5 2423 0.955000
2424 MEAS5 2424 0.045000
2424 X3 2432 0.999695
2424 X3 2424 0.000305
2425 CNOT5_3 2425 0.976295
2425 CNOT5_3 2424 0.007902
2425 CNOT5_3 2433 0.007902
2425 CNOT5_3 2432 0.007902
2425 CNOT5_6 2432 0.987526
2425 CNOT5_6 2401 0.004158
2425 CNOT5_6 2436 0.004158
2425 CNOT5_6 2425 0.004158
2425 MEAS5 2425 0.982800
2425 MEAS5 2426 0.017200
2425 X3 2433 0.999695
2425 X3 2425 0.000305
2426 CNOT5_3 2426 0.976295
2426 CNOT5_3 2423 0.007902
2426 CNOT5_3 2434 0.007902
2426 CNOT5_3 2431 0.007902
2426 CNOT5_6 2431 0.987526
2426 CNOT5_6 2422 0.004158
2426 CNOT5_6 2435 0.004158
2426 CNOT5_6 2426 0.004158
2426 MEAS5 2425 0.982800
2426 MEAS5 2426 0.017200
2426 X3 2434 0.999695
2426 X3 2426 0.000305
2427 CNOT5_3 2430 0.976295
2427 CNOT5_3 2435 0.007902
2427 CNOT5_3 2422 0.007902
2427 CNOT5_3 2427 0.007902
2427 CNOT5_6 2427 0.987526
2427 CNOT5_6 2434 0.004158
2427 CNOT5_6 2423 0.004158
2427 CNOT5_6 2430 0.004158
2427 MEAS5 2427 0.955000
2427 MEAS5 2428 0.045000
2427 X3 2435 0.999695
2427 X3 2427 0.000305
2428 CNOT5_3 2429 0.976295
2428 CNOT5_3 2436 0.007902
2428 CNOT5_3 2401 0.007902
2428 CNOT5_3 2428 0.007902
2428 CNOT5_6 2428 0.987526
2428 CNOT5_6 2433 0.004158
2428 CNOT5_6 2424 0.004158
2428 CNOT5_6 2429 0.004158
2428 MEAS5 2427 0.955000
2428 MEAS5 2428 0.045000
2428 X3 2436 0.999695
2428 X3 2428 0.000305
2429 CNOT5_3 2428 0.976295
2429 CNOT5_3 2401 0.007902
2429 CNOT5_3 2436 0.007902
2429 CNOT5_3 2429 0.007902
2429 CNOT5_6 2429 0.987526
2429 CNOT5_6 2424 0.004158
2429 CNOT5_6 2433 0.004158
2429 CNOT5_6 2428 0.004158
2429 MEAS5 2429 0.982800
2429 MEAS5 2430 0.017200
2429 X3 2401 0.999695
2429 X3 2429 0.000305
2430 CNOT5_3 2427 0.976295
2430 CNOT5_3 2422 0.007902
2430 CNOT5_3 2435 0.007902
2430 CNOT5_3 2430 0.007902
2430 CNOT5_6 2430 0.987526
2430 CNOT5_6 2423 0.004158
2430 CNOT5_6 2434 0.004158
2430 CNOT5_6 2427 0.004158
2430 MEAS5 2429 0.982800
2430 MEAS5 2430 0.017200
2430 X3 2422 0.999695
2430 X3 2430 0.000305
2431 CNOT5_3 2431 0.976295
2431 CNOT5_3 2434 0.007902
2431 CNOT5_3 2423 0.007902
2431 CNOT5_3 2426 0.007902
2431 CNOT5_6 2426 0.987526
2431 CNOT5_6 2435 0.004158
2431 CNOT5_6 2422 0.004158
2431 CNOT5_6 2431 0.004158
2431 MEAS5 2431 0.955000
2431 MEAS5 2432 0.045000
2431 X3 2423 0.999695
2431 X3 2431 0.000305
2432 CNOT5_3 2432 0.976295
2432 CNOT5_3 2433 0.007902
2432 CNOT5_3 2424 0.007902
2432 CNOT5_3 2425 0.007902
2432 CNOT5_6 2425 0.987526
2432 CNOT5_6 2436 0.004158
2432 CNOT5_6 2401 0.004158
2432 CNOT5_6 2432 0.004158
2432 MEAS5 2431 0.955000
2432 MEAS5 2432 0.045000
2432 X3 2424 0.999695
2432 X3 2432 0.000305
2433 CNOT5_3 2424 0.976295
2433 CNOT5_3 2425 0.007902
2433 CNOT5_3 2432 0.007902
2433 CNOT5_3 2433 0.007902
2433 CNOT5_6 2424 0.987526
2433 CNOT5_6 2429 0.004158
2433 CNOT5_6 2428 0.004158
2433 CNOT5_6 2433 0.004158
2433 MEAS5 2433 0.982800
2433 MEAS5 2434 0.017200
2433 X3 2425 0.999695
2433 X3 2433 0.000305
2434 CNOT5_3 2423 0.976295
2434 CNOT5_3 2426 0.007902
2434 CNOT5_3 2431 0.007902
2434 CNOT5_3 2434 0.007902
2434 CNOT5_6 2423 0.987526
2434 CNOT5_6 2430 0.004158
2434 CNOT5_6 2427 0.004158
2434 CNOT5_6 2434 0.004158
2434 MEAS5 2433 0.982800
2434 MEAS5 2434 0.017200
2434 X3 2426 0.999695
2434 X3 2434 0.000305
2435 CNOT5_3 2435 0.976295
2435 CNOT5_3 2430 0.007902
2435 CNOT5_3 2427 0.007902
2435 CNOT5_3 2422 0.007902
2435 CNOT5_6 2435 0.987526
2435 CNOT5_6 2426 0.004158
2435 CNOT5_6 2431 0.004158
2435 CNOT5_6 2422 0.004158
2435 MEAS5 2435 0.955000
2435 MEAS5 2436 0.045000
2435 X3 2427 0.999695
2435 X3 2435 0.000305
2436 CNOT5_3 2436 0.976295
2436 CNOT5_3 2429 0.007902
2436 CNOT5_3 2428 0.007902
2436 CNOT5_3 2401 0.007902
2436 CNOT5_6 2436 0.987526
2436 CNOT5_6 2425 0.004158
2436 CNOT5_6 2432 0.004158
2436 CNOT5_6 2401 0.004158
2436 MEAS5 2435 0.955000
2436 MEAS5 2436 0.045000
2436 X3 2428 0.999695
2436 X3 2436 0.000305
2437 CNOT5_3 2414 0.972344
2437 CNOT5_3 2445 0.003951
2437 CNOT5_3 2415 0.003951
2437 CNOT5_3 2446 0.003951
2437 CNOT5_3 2417 0.003951
2437 CNOT5_3 2447 0.003951
2437 CNOT5_3 2416 0.003951
2437 CNOT5_3 2448 0.003951
2437 CNOT5_6 2414 0.985446
2437 CNOT5_6 2445 0.002079
2437 CNOT5_6 2415 0.002079
2437 CNOT5_6 2446 0.002079
2437 CNOT5_6 2417 0.002079
2437 CNOT5_6 2447 0.002079
2437 CNOT5_6 2416 0.002079
2437 CNOT5_6 2448 0.002079
2437 MEAS5 2401 0.491400
2437 MEAS5 2422 0.008600
2437 MEAS5 2423 0.477500
2437 MEAS5 2424 0.022500
2437 X3 2441 0.999543
2437 X3 2437 0.000152
2437 X3 2444 0.000152
2437 X3 2440 0.000152
2438 CNOT5_3 2415 0.972344
2438 CNOT5_3 2448 0.003951
2438 CNOT5_3 2414 0.003951
2438 CNOT5_3 2447 0.003951
2438 CNOT5_3 2416 0.003951
2438 CNOT5_3 2446 0.003951
2438 CNOT5_3 2417 0.003951
2438 CNOT5_3 2445 0.003951
2438 CNOT5_6 2445 0.985446
2438 CNOT5_6 2414 0.002079
2438 CNOT5_6 2448 0.002079
2438 CNOT5_6 2416 0.002079
2438 CNOT5_6 2447 0.002079
2438 CNOT5_6 2417 0.002079
2438 CNOT5_6 2446 0.002079
2438 CNOT5_6 2415 0.002079
2438 MEAS5 2425 0.491400
2438 MEAS5 2426 0.008600
2438 MEAS5 2427 0.477500
2438 MEAS5 2428 0.022500
2438 X3 2443 0.999543
2438 X3 2438 0.000152
2438 X3 2439 0.000152
2438 X3 2442 0.000152
2439 CNOT5_3 2417 0.972344
2439 CNOT5_3 2447 0.003951
2439 CNOT5_3 2416 0.003951
2439 CNOT5_3 2448 0.003951
2439 CNOT5_3 2414 0.003951
2439 CNOT5_3 2445 0.003951
2439 CNOT5_3 2415 0.003951
2439 CNOT5_3 2446 0.003951
2439 CNOT5_6 2446 0.985446
2439 CNOT5_6 2416 0.002079
2439 CNOT5_6 2447 0.002079
2439 CNOT5_6 2414 0.002079
2439 CNOT5_6 2448 0.002079
2439 CNOT5_6 2415 0.002079
2439 CNOT5_6 2445 0.002079
2439 CNOT5_6 2417 0.002079
2439 MEAS5 2425 0.491400
2439 MEAS5 2426 0.008600
2439 MEAS5 2427 0.477500
2439 MEAS5 2428 0.022500
2439 X3 2442 0.999543
2439 X3 2439 0.000152
2439 X3 2438 0.000152
2439 X3 2443 0.000152
2440 CNOT5_3 2446 0.972344
2440 CNOT5_3 2416 0.003951
2440 CNOT5_3 2447 0.003951
2440 CNOT5_3 2414 0.003951
2440 CNOT5_3 2448 0.003951
2440 CNOT5_3 2415 0.003951
2440 CNOT5_3 2445 0.003951
2440 CNOT5_3 2417 0.003951
2440 CNOT5_6 2417 0.985446
2440 CNOT5_6 2447 0.002079
2440 CNOT5_6 2416 0.002079
2440 CNOT5_6 2448 0.002079
2440 CNOT5_6 2414 0.002079
2440 CNOT5_6 2445 0.002079
2440 CNOT5_6 2415 0.002079
2440 CNOT5_6 2446 0.002079
2440 MEAS5 2429 0.491400
2440 MEAS5 2430 0.008600
2440 MEAS5 2431 0.477500
2440 MEAS5 2432 0.022500
2440 X3 2444 0.999543
2440 X3 2440 0.000152
2440 X3 2441 0.000152
2440 X3 2437 0.000152
2441 CNOT5_3 2445 0.972344
2441 CNOT5_3 2414 0.003951
2441 CNOT5_3 2448 0.003951
2441 CNOT5_3 2416 0.003951
2441 CNOT5_3 2447 0.003951
2441 CNOT5_3 2417 0.003951
2441 CNOT5_3 2446 0.003951
2441 CNOT5_3 2415 0.003951
2441 CNOT5_6 2415 0.985446
2441 CNOT5_6 2448 0.002079
2441 CNOT5_6 2414 0.002079
2441 CNOT5_6 2447 0.002079
2441 CNOT5_6 2416 0.002079
2441 CNOT5_6 2446 0.002079
2441 CNOT5_6 2417 0.002079
2441 CNOT5_6 2445 0.002079
2441 MEAS5 2429 0.491400
2441 MEAS5 2430 0.008600
2441 MEAS5 2431 0.477500
2441 MEAS5 2432 0.022500
2441 X3 2437 0.999543
2441 X3 2441 0.000152
2441 X3 2440 0.000152
2441 X3 2444 0.000152
2442 CNOT5_3 2447 0.972344
2442 CNOT5_3 2417 0.003951
2442 CNOT5_3 2446 0.003951
2442 CNOT5_3 2415 0.003951
2442 CNOT5_3 2445 0.003951
2442 CNOT5_3 2414 0.003951
2442 CNOT5_3 2448 0.003951
2442 CNOT5_3 2416 0.003951
2442 CNOT5_6 2447 0.985446
2442 CNOT5_6 2417 0.002079
2442 CNOT5_6 2446 0.002079
2442 CNOT5_6 2415 0.002079
2442 CNOT5_6 2445 0.002079
2442 CNOT5_6 2414 0.002079
2442 CNOT5_6 2448 0.002079
2442 CNOT5_6 2416 0.002079
2442 MEAS5 2433 0.491400
2442 MEAS5 2434 0.008600
2442 MEAS5 2435 0.477500
2442 MEAS5 2436 0.022500
2442 X3 2439 0.999543
2442 X3 2442 0.000152
2442 X3 2443 0.000152
2442 X3 2438 0.000152
2443 CNOT5_3 2448 0.972344
2443 CNOT5_3 2415 0.003951
2443 CNOT5_3 2445 0.003951
2443 CNOT5_3 2417 0.003951
2443 CNOT5_3 2446 0.003951
2443 CNOT5_3 2416 0.003951
2443 CNOT5_3 2447 0.003951
2443 CNOT5_3 2414 0.003951
2443 CNOT5_6 2448 0.985446
2443 CNOT5_6 2415 0.002079
2443 CNOT5_6 2445 0.002079
2443 CNOT5_6 2417 0.002079
2443 CNOT5_6 2446 0.002079
2443 CNOT5_6 2416 0.002079
2443 CNOT5_6 2447 0.002079
2443 CNOT5_6 2414 0.002079
2443 MEAS5 2433 0.491400
2443 MEAS5 2434 0.008600
2443 MEAS5 2435 0.477500
2443 MEAS5 2436 0.022500
2443 X3 2438 0.999543
2443 X3 2443 0.000152
2443 X3 2442 0.000152
2443 X3 2439 0.000152
2444 CNOT5_3 2416 0.972344
2444 CNOT5_3 2446 0.003951
2444 CNOT5_3 2417 0.003951
2444 CNOT5_3 2445 0.003951
2444 CNOT5_3 2415 0.003951
2444 CNOT5_3 2448 0.003951
2444 CNOT5_3 2414 0.003951
2444 CNOT5_3 2447 0.003951
2444 CNOT5_6 2416 0.985446
2444 CNOT5_6 2446 0.002079
2444 CNOT5_6 2417 0.002079
2444 CNOT5_6 2445 0.002079
2444 CNOT5_6 2415 0.002079
2444 CNOT5_6 2448 0.002079
2444 CNOT5_6 2414 0.002079
2444 CNOT5_6 2447 0.002079
2444 MEAS5 2401 0.491400
2444 MEAS5 2422 0.008600
2444 MEAS5 2423 0.477500
2444 MEAS5 2424 0.022500
2444 X3 2440 0.999543
2444 X3 2444 0.000152
2444 X3 2437 0.000152
2444 X3 2441 0.000152
2445 CNOT5_3 2441 0.972344
2445 CNOT5_3 2443 0.003951
2445 CNOT5_3 2442 0.003951
2445 CNOT5_3 2444 0.003951
2445 CNOT5_3 2437 0.003951
2445 CNOT5_3 2439 0.003951
2445 CNOT5_3 2438 0.003951
2445 CNOT5_3 2440 0.003951
2445 CNOT5_6 2438 0.985446
2445 CNOT5_6 2443 0.002079
2445 CNOT5_6 2442 0.002079
2445 CNOT5_6 2444 0.002079
2445 CNOT5_6 2437 0.002079
2445 CNOT5_6 2440 0.002079
2445 CNOT5_6 2441 0.002079
2445 CNOT5_6 2439 0.002079
2445 MEAS5 2445 0.955000
2445 MEAS5 2418 0.045000
2445 X3 2448 0.999543
2445 X3 2445 0.000152
2445 X3 2446 0.000152
2445 X3 2447 0.000152
2446 CNOT5_3 2440 0.972344
2446 CNOT5_3 2442 0.003951
2446 CNOT5_3 2443 0.003951
2446 CNOT5_3 2437 0.003951
2446 CNOT5_3 2444 0.003951
2446 CNOT5_3 2438 0.003951
2446 CNOT5_3 2439 0.003951
2446 CNOT5_3 2441 0.003951
2446 CNOT5_6 2439 0.985446
2446 CNOT5_6 2442 0.002079
2446 CNOT5_6 2443 0.002079
2446 CNOT5_6 2437 0.002079
2446 CNOT5_6 2444 0.002079
2446 CNOT5_6 2441 0.002079
2446 CNOT5_6 2440 0.002079
2446 CNOT5_6 2438 0.002079
2446 MEAS5 2446 0.955000
2446 MEAS5 2419 0.045000
2446 X3 2447 0.999543
2446 X3 2446 0.000152
2446 X3 2445 0.000152
2446 X3 2448 0.000152
2447 CNOT5_3 2442 0.972344
2447 CNOT5_3 2440 0.003951
2447 CNOT5_3 2441 0.003951
2447 CNOT5_3 2438 0.003951
2447 CNOT5_3 2439 0.003951
2447 CNOT5_3 2437 0.003951
2447 CNOT5_3 2444 0.003951
2447 CNOT5_3 2443 0.003951
2447 CNOT5_6 2442 0.985446
2447 CNOT5_6 2439 0.002079
2447 CNOT5_6 2438 0.002079
2447 CNOT5_6 2441 0.002079
2447 CNOT5_6 2440 0.002079
2447 CNOT5_6 2437 0.002079
2447 CNOT5_6 2444 0.002079
2447 CNOT5_6 2443 0.002079
2447 MEAS5 2447 0.955000
2447 MEAS5 2420 0.045000
2447 X3 2446 0.999543
2447 X3 2447 0.000152
2447 X3 2448 0.000152
2447 X3 2445 0.000152
2448 CNOT5_3 2443 0.972344
2448 CNOT5_3 2441 0.003951
2448 CNOT5_3 2440 0.003951
2448 CNOT5_3 2439 0.003951
2448 CNOT5_3 2438 0.003951
2448 CNOT5_3 2444 0.003951
2448 CNOT5_3 2437 0.003951
2448 CNOT5_3 2442 0.003951
2448 CNOT5_6 2443 0.985446
2448 CNOT5_6 2438 0.002079
2448 CNOT5_6 2439 0.002079
2448 CNOT5_6 2440 0.002079
2448 CNOT5_6 2441 0.002079
2448 CNOT5_6 2444 0.002079
2448 CNOT5_6 2437 0.002079
2448 CNOT5_6 2442 0.002079
2448 MEAS5 2448 0.955000
2448 MEAS5 2421 0.045000
2448 X3 2445 0.999543
2448 X3 2448 0.000152
2448 X3 2447 0.000152
2448 X3 2446 0.000152
ENDPOMDP
