BEGINPOMDP
INITIALSTATE: 10225
STATES: 10225,10226,10227,10228,10229,10230,10231,10232,10233,10234,10235,10236,10237,10238,10239,10240,10241,10242,10243,10244,10245,10246,10247,10248,10249,10250,10251,10252,10253,10254,10255,10256,10257,10258,10259,10260,10261,10262,10263,10264,10265,10266,10267,10268,10269,10270,10271,10272
TARGETV: 10226,10228,10230,10235,10236,10237,10238,10240,10244,10245,10261,10266,10267,10268,10271,10272
GAMMA: 10225:0,10226:0,10227:0,10228:0,10229:0,10230:0,10231:0,10232:0,10233:0,10234:0,10235:0,10236:0,10237:0,10238:1,10239:1,10240:1,10241:1,10242:0,10243:0,10244:0,10245:0,10246:1,10247:1,10248:0,10249:0,10250:1,10251:1,10252:0,10253:0,10254:1,10255:1,10256:0,10257:0,10258:1,10259:1,10260:0,10261:1,10262:1,10263:1,10264:1,10265:1,10266:1,10267:1,10268:1,10269:1,10270:1,10271:1,10272:1
BEGINACTIONS
CNOT45_46 Instruction.CNOT 46 45
CNOT45_44 Instruction.CNOT 44 45
MEAS45 Instruction.MEAS None 45
X46 Instruction.X None 46
ENDACTIONS
10225 INIT_ 10226 0.250000
10225 INIT_ 10227 0.250000
10225 INIT_ 10228 0.250000
10225 INIT_ 10229 0.250000
10225 CNOT45_46 10225 0.989155
10225 CNOT45_46 10252 0.003615
10225 CNOT45_46 10253 0.003615
10225 CNOT45_46 10260 0.003615
10225 CNOT45_44 10225 0.983631
10225 CNOT45_44 10256 0.005456
10225 CNOT45_44 10249 0.005456
10225 CNOT45_44 10260 0.005456
10225 MEAS45 10225 0.935400
10225 MEAS45 10246 0.064600
10225 X46 10253 0.999683
10225 X46 10225 0.000317
10226 CNOT45_46 10230 0.987347
10226 CNOT45_46 10231 0.001808
10226 CNOT45_46 10232 0.001808
10226 CNOT45_46 10233 0.001808
10226 CNOT45_46 10234 0.001808
10226 CNOT45_46 10235 0.001808
10226 CNOT45_46 10236 0.001808
10226 CNOT45_46 10237 0.001808
10226 CNOT45_44 10230 0.980902
10226 CNOT45_44 10234 0.002728
10226 CNOT45_44 10233 0.002728
10226 CNOT45_44 10232 0.002728
10226 CNOT45_44 10231 0.002728
10226 CNOT45_44 10235 0.002728
10226 CNOT45_44 10236 0.002728
10226 CNOT45_44 10237 0.002728
10226 MEAS45 10226 0.935400
10226 MEAS45 10238 0.064600
10226 X46 10227 0.999525
10226 X46 10226 0.000158
10226 X46 10228 0.000158
10226 X46 10229 0.000158
10227 CNOT45_46 10231 0.987347
10227 CNOT45_46 10230 0.001808
10227 CNOT45_46 10237 0.001808
10227 CNOT45_46 10235 0.001808
10227 CNOT45_46 10236 0.001808
10227 CNOT45_46 10233 0.001808
10227 CNOT45_46 10234 0.001808
10227 CNOT45_46 10232 0.001808
10227 CNOT45_44 10234 0.980902
10227 CNOT45_44 10230 0.002728
10227 CNOT45_44 10237 0.002728
10227 CNOT45_44 10235 0.002728
10227 CNOT45_44 10236 0.002728
10227 CNOT45_44 10232 0.002728
10227 CNOT45_44 10231 0.002728
10227 CNOT45_44 10233 0.002728
10227 MEAS45 10227 0.935400
10227 MEAS45 10239 0.064600
10227 X46 10226 0.999525
10227 X46 10227 0.000158
10227 X46 10229 0.000158
10227 X46 10228 0.000158
10228 CNOT45_46 10237 0.987347
10228 CNOT45_46 10232 0.001808
10228 CNOT45_46 10231 0.001808
10228 CNOT45_46 10234 0.001808
10228 CNOT45_46 10233 0.001808
10228 CNOT45_46 10236 0.001808
10228 CNOT45_46 10235 0.001808
10228 CNOT45_46 10230 0.001808
10228 CNOT45_44 10237 0.980902
10228 CNOT45_44 10233 0.002728
10228 CNOT45_44 10234 0.002728
10228 CNOT45_44 10231 0.002728
10228 CNOT45_44 10232 0.002728
10228 CNOT45_44 10236 0.002728
10228 CNOT45_44 10235 0.002728
10228 CNOT45_44 10230 0.002728
10228 MEAS45 10228 0.935400
10228 MEAS45 10240 0.064600
10228 X46 10229 0.999525
10228 X46 10228 0.000158
10228 X46 10226 0.000158
10228 X46 10227 0.000158
10229 CNOT45_46 10232 0.987347
10229 CNOT45_46 10237 0.001808
10229 CNOT45_46 10230 0.001808
10229 CNOT45_46 10236 0.001808
10229 CNOT45_46 10235 0.001808
10229 CNOT45_46 10234 0.001808
10229 CNOT45_46 10233 0.001808
10229 CNOT45_46 10231 0.001808
10229 CNOT45_44 10233 0.980902
10229 CNOT45_44 10237 0.002728
10229 CNOT45_44 10230 0.002728
10229 CNOT45_44 10236 0.002728
10229 CNOT45_44 10235 0.002728
10229 CNOT45_44 10231 0.002728
10229 CNOT45_44 10232 0.002728
10229 CNOT45_44 10234 0.002728
10229 MEAS45 10229 0.935400
10229 MEAS45 10241 0.064600
10229 X46 10228 0.999525
10229 X46 10229 0.000158
10229 X46 10227 0.000158
10229 X46 10226 0.000158
10230 CNOT45_46 10226 0.987347
10230 CNOT45_46 10242 0.001808
10230 CNOT45_46 10227 0.001808
10230 CNOT45_46 10243 0.001808
10230 CNOT45_46 10229 0.001808
10230 CNOT45_46 10244 0.001808
10230 CNOT45_46 10228 0.001808
10230 CNOT45_46 10245 0.001808
10230 CNOT45_44 10226 0.980902
10230 CNOT45_44 10242 0.002728
10230 CNOT45_44 10227 0.002728
10230 CNOT45_44 10243 0.002728
10230 CNOT45_44 10229 0.002728
10230 CNOT45_44 10244 0.002728
10230 CNOT45_44 10228 0.002728
10230 CNOT45_44 10245 0.002728
10230 MEAS45 10225 0.467700
10230 MEAS45 10246 0.032300
10230 MEAS45 10247 0.492300
10230 MEAS45 10248 0.007700
10230 X46 10234 0.999525
10230 X46 10230 0.000158
10230 X46 10237 0.000158
10230 X46 10233 0.000158
10231 CNOT45_46 10227 0.987347
10231 CNOT45_46 10245 0.001808
10231 CNOT45_46 10226 0.001808
10231 CNOT45_46 10244 0.001808
10231 CNOT45_46 10228 0.001808
10231 CNOT45_46 10243 0.001808
10231 CNOT45_46 10229 0.001808
10231 CNOT45_46 10242 0.001808
10231 CNOT45_44 10242 0.980902
10231 CNOT45_44 10226 0.002728
10231 CNOT45_44 10245 0.002728
10231 CNOT45_44 10228 0.002728
10231 CNOT45_44 10244 0.002728
10231 CNOT45_44 10229 0.002728
10231 CNOT45_44 10243 0.002728
10231 CNOT45_44 10227 0.002728
10231 MEAS45 10249 0.467700
10231 MEAS45 10250 0.032300
10231 MEAS45 10251 0.492300
10231 MEAS45 10252 0.007700
10231 X46 10236 0.999525
10231 X46 10231 0.000158
10231 X46 10232 0.000158
10231 X46 10235 0.000158
10232 CNOT45_46 10229 0.987347
10232 CNOT45_46 10244 0.001808
10232 CNOT45_46 10228 0.001808
10232 CNOT45_46 10245 0.001808
10232 CNOT45_46 10226 0.001808
10232 CNOT45_46 10242 0.001808
10232 CNOT45_46 10227 0.001808
10232 CNOT45_46 10243 0.001808
10232 CNOT45_44 10243 0.980902
10232 CNOT45_44 10228 0.002728
10232 CNOT45_44 10244 0.002728
10232 CNOT45_44 10226 0.002728
10232 CNOT45_44 10245 0.002728
10232 CNOT45_44 10227 0.002728
10232 CNOT45_44 10242 0.002728
10232 CNOT45_44 10229 0.002728
10232 MEAS45 10249 0.467700
10232 MEAS45 10250 0.032300
10232 MEAS45 10251 0.492300
10232 MEAS45 10252 0.007700
10232 X46 10235 0.999525
10232 X46 10232 0.000158
10232 X46 10231 0.000158
10232 X46 10236 0.000158
10233 CNOT45_46 10243 0.987347
10233 CNOT45_46 10228 0.001808
10233 CNOT45_46 10244 0.001808
10233 CNOT45_46 10226 0.001808
10233 CNOT45_46 10245 0.001808
10233 CNOT45_46 10227 0.001808
10233 CNOT45_46 10242 0.001808
10233 CNOT45_46 10229 0.001808
10233 CNOT45_44 10229 0.980902
10233 CNOT45_44 10244 0.002728
10233 CNOT45_44 10228 0.002728
10233 CNOT45_44 10245 0.002728
10233 CNOT45_44 10226 0.002728
10233 CNOT45_44 10242 0.002728
10233 CNOT45_44 10227 0.002728
10233 CNOT45_44 10243 0.002728
10233 MEAS45 10253 0.467700
10233 MEAS45 10254 0.032300
10233 MEAS45 10255 0.492300
10233 MEAS45 10256 0.007700
10233 X46 10237 0.999525
10233 X46 10233 0.000158
10233 X46 10234 0.000158
10233 X46 10230 0.000158
10234 CNOT45_46 10242 0.987347
10234 CNOT45_46 10226 0.001808
10234 CNOT45_46 10245 0.001808
10234 CNOT45_46 10228 0.001808
10234 CNOT45_46 10244 0.001808
10234 CNOT45_46 10229 0.001808
10234 CNOT45_46 10243 0.001808
10234 CNOT45_46 10227 0.001808
10234 CNOT45_44 10227 0.980902
10234 CNOT45_44 10245 0.002728
10234 CNOT45_44 10226 0.002728
10234 CNOT45_44 10244 0.002728
10234 CNOT45_44 10228 0.002728
10234 CNOT45_44 10243 0.002728
10234 CNOT45_44 10229 0.002728
10234 CNOT45_44 10242 0.002728
10234 MEAS45 10253 0.467700
10234 MEAS45 10254 0.032300
10234 MEAS45 10255 0.492300
10234 MEAS45 10256 0.007700
10234 X46 10230 0.999525
10234 X46 10234 0.000158
10234 X46 10233 0.000158
10234 X46 10237 0.000158
10235 CNOT45_46 10244 0.987347
10235 CNOT45_46 10229 0.001808
10235 CNOT45_46 10243 0.001808
10235 CNOT45_46 10227 0.001808
10235 CNOT45_46 10242 0.001808
10235 CNOT45_46 10226 0.001808
10235 CNOT45_46 10245 0.001808
10235 CNOT45_46 10228 0.001808
10235 CNOT45_44 10244 0.980902
10235 CNOT45_44 10229 0.002728
10235 CNOT45_44 10243 0.002728
10235 CNOT45_44 10227 0.002728
10235 CNOT45_44 10242 0.002728
10235 CNOT45_44 10226 0.002728
10235 CNOT45_44 10245 0.002728
10235 CNOT45_44 10228 0.002728
10235 MEAS45 10257 0.467700
10235 MEAS45 10258 0.032300
10235 MEAS45 10259 0.492300
10235 MEAS45 10260 0.007700
10235 X46 10232 0.999525
10235 X46 10235 0.000158
10235 X46 10236 0.000158
10235 X46 10231 0.000158
10236 CNOT45_46 10245 0.987347
10236 CNOT45_46 10227 0.001808
10236 CNOT45_46 10242 0.001808
10236 CNOT45_46 10229 0.001808
10236 CNOT45_46 10243 0.001808
10236 CNOT45_46 10228 0.001808
10236 CNOT45_46 10244 0.001808
10236 CNOT45_46 10226 0.001808
10236 CNOT45_44 10245 0.980902
10236 CNOT45_44 10227 0.002728
10236 CNOT45_44 10242 0.002728
10236 CNOT45_44 10229 0.002728
10236 CNOT45_44 10243 0.002728
10236 CNOT45_44 10228 0.002728
10236 CNOT45_44 10244 0.002728
10236 CNOT45_44 10226 0.002728
10236 MEAS45 10257 0.467700
10236 MEAS45 10258 0.032300
10236 MEAS45 10259 0.492300
10236 MEAS45 10260 0.007700
10236 X46 10231 0.999525
10236 X46 10236 0.000158
10236 X46 10235 0.000158
10236 X46 10232 0.000158
10237 CNOT45_46 10228 0.987347
10237 CNOT45_46 10243 0.001808
10237 CNOT45_46 10229 0.001808
10237 CNOT45_46 10242 0.001808
10237 CNOT45_46 10227 0.001808
10237 CNOT45_46 10245 0.001808
10237 CNOT45_46 10226 0.001808
10237 CNOT45_46 10244 0.001808
10237 CNOT45_44 10228 0.980902
10237 CNOT45_44 10243 0.002728
10237 CNOT45_44 10229 0.002728
10237 CNOT45_44 10242 0.002728
10237 CNOT45_44 10227 0.002728
10237 CNOT45_44 10245 0.002728
10237 CNOT45_44 10226 0.002728
10237 CNOT45_44 10244 0.002728
10237 MEAS45 10225 0.467700
10237 MEAS45 10246 0.032300
10237 MEAS45 10247 0.492300
10237 MEAS45 10248 0.007700
10237 X46 10233 0.999525
10237 X46 10237 0.000158
10237 X46 10230 0.000158
10237 X46 10234 0.000158
10238 CNOT45_46 10261 0.987347
10238 CNOT45_46 10262 0.001808
10238 CNOT45_46 10263 0.001808
10238 CNOT45_46 10264 0.001808
10238 CNOT45_46 10265 0.001808
10238 CNOT45_46 10266 0.001808
10238 CNOT45_46 10267 0.001808
10238 CNOT45_46 10268 0.001808
10238 CNOT45_44 10261 0.980902
10238 CNOT45_44 10265 0.002728
10238 CNOT45_44 10264 0.002728
10238 CNOT45_44 10263 0.002728
10238 CNOT45_44 10262 0.002728
10238 CNOT45_44 10266 0.002728
10238 CNOT45_44 10267 0.002728
10238 CNOT45_44 10268 0.002728
10238 MEAS45 10226 0.935400
10238 MEAS45 10238 0.064600
10238 X46 10239 0.999525
10238 X46 10238 0.000158
10238 X46 10240 0.000158
10238 X46 10241 0.000158
10239 CNOT45_46 10262 0.987347
10239 CNOT45_46 10261 0.001808
10239 CNOT45_46 10268 0.001808
10239 CNOT45_46 10266 0.001808
10239 CNOT45_46 10267 0.001808
10239 CNOT45_46 10264 0.001808
10239 CNOT45_46 10265 0.001808
10239 CNOT45_46 10263 0.001808
10239 CNOT45_44 10265 0.980902
10239 CNOT45_44 10261 0.002728
10239 CNOT45_44 10268 0.002728
10239 CNOT45_44 10266 0.002728
10239 CNOT45_44 10267 0.002728
10239 CNOT45_44 10263 0.002728
10239 CNOT45_44 10262 0.002728
10239 CNOT45_44 10264 0.002728
10239 MEAS45 10227 0.935400
10239 MEAS45 10239 0.064600
10239 X46 10238 0.999525
10239 X46 10239 0.000158
10239 X46 10241 0.000158
10239 X46 10240 0.000158
10240 CNOT45_46 10268 0.987347
10240 CNOT45_46 10263 0.001808
10240 CNOT45_46 10262 0.001808
10240 CNOT45_46 10265 0.001808
10240 CNOT45_46 10264 0.001808
10240 CNOT45_46 10267 0.001808
10240 CNOT45_46 10266 0.001808
10240 CNOT45_46 10261 0.001808
10240 CNOT45_44 10268 0.980902
10240 CNOT45_44 10264 0.002728
10240 CNOT45_44 10265 0.002728
10240 CNOT45_44 10262 0.002728
10240 CNOT45_44 10263 0.002728
10240 CNOT45_44 10267 0.002728
10240 CNOT45_44 10266 0.002728
10240 CNOT45_44 10261 0.002728
10240 MEAS45 10228 0.935400
10240 MEAS45 10240 0.064600
10240 X46 10241 0.999525
10240 X46 10240 0.000158
10240 X46 10238 0.000158
10240 X46 10239 0.000158
10241 CNOT45_46 10263 0.987347
10241 CNOT45_46 10268 0.001808
10241 CNOT45_46 10261 0.001808
10241 CNOT45_46 10267 0.001808
10241 CNOT45_46 10266 0.001808
10241 CNOT45_46 10265 0.001808
10241 CNOT45_46 10264 0.001808
10241 CNOT45_46 10262 0.001808
10241 CNOT45_44 10264 0.980902
10241 CNOT45_44 10268 0.002728
10241 CNOT45_44 10261 0.002728
10241 CNOT45_44 10267 0.002728
10241 CNOT45_44 10266 0.002728
10241 CNOT45_44 10262 0.002728
10241 CNOT45_44 10263 0.002728
10241 CNOT45_44 10265 0.002728
10241 MEAS45 10229 0.935400
10241 MEAS45 10241 0.064600
10241 X46 10240 0.999525
10241 X46 10241 0.000158
10241 X46 10239 0.000158
10241 X46 10238 0.000158
10242 CNOT45_46 10234 0.987347
10242 CNOT45_46 10236 0.001808
10242 CNOT45_46 10235 0.001808
10242 CNOT45_46 10237 0.001808
10242 CNOT45_46 10230 0.001808
10242 CNOT45_46 10232 0.001808
10242 CNOT45_46 10231 0.001808
10242 CNOT45_46 10233 0.001808
10242 CNOT45_44 10231 0.980902
10242 CNOT45_44 10236 0.002728
10242 CNOT45_44 10235 0.002728
10242 CNOT45_44 10237 0.002728
10242 CNOT45_44 10230 0.002728
10242 CNOT45_44 10233 0.002728
10242 CNOT45_44 10234 0.002728
10242 CNOT45_44 10232 0.002728
10242 MEAS45 10269 0.984600
10242 MEAS45 10242 0.015400
10242 X46 10245 0.999525
10242 X46 10242 0.000158
10242 X46 10243 0.000158
10242 X46 10244 0.000158
10243 CNOT45_46 10233 0.987347
10243 CNOT45_46 10235 0.001808
10243 CNOT45_46 10236 0.001808
10243 CNOT45_46 10230 0.001808
10243 CNOT45_46 10237 0.001808
10243 CNOT45_46 10231 0.001808
10243 CNOT45_46 10232 0.001808
10243 CNOT45_46 10234 0.001808
10243 CNOT45_44 10232 0.980902
10243 CNOT45_44 10235 0.002728
10243 CNOT45_44 10236 0.002728
10243 CNOT45_44 10230 0.002728
10243 CNOT45_44 10237 0.002728
10243 CNOT45_44 10234 0.002728
10243 CNOT45_44 10233 0.002728
10243 CNOT45_44 10231 0.002728
10243 MEAS45 10270 0.984600
10243 MEAS45 10243 0.015400
10243 X46 10244 0.999525
10243 X46 10243 0.000158
10243 X46 10242 0.000158
10243 X46 10245 0.000158
10244 CNOT45_46 10235 0.987347
10244 CNOT45_46 10233 0.001808
10244 CNOT45_46 10234 0.001808
10244 CNOT45_46 10231 0.001808
10244 CNOT45_46 10232 0.001808
10244 CNOT45_46 10230 0.001808
10244 CNOT45_46 10237 0.001808
10244 CNOT45_46 10236 0.001808
10244 CNOT45_44 10235 0.980902
10244 CNOT45_44 10232 0.002728
10244 CNOT45_44 10231 0.002728
10244 CNOT45_44 10234 0.002728
10244 CNOT45_44 10233 0.002728
10244 CNOT45_44 10230 0.002728
10244 CNOT45_44 10237 0.002728
10244 CNOT45_44 10236 0.002728
10244 MEAS45 10271 0.984600
10244 MEAS45 10244 0.015400
10244 X46 10243 0.999525
10244 X46 10244 0.000158
10244 X46 10245 0.000158
10244 X46 10242 0.000158
10245 CNOT45_46 10236 0.987347
10245 CNOT45_46 10234 0.001808
10245 CNOT45_46 10233 0.001808
10245 CNOT45_46 10232 0.001808
10245 CNOT45_46 10231 0.001808
10245 CNOT45_46 10237 0.001808
10245 CNOT45_46 10230 0.001808
10245 CNOT45_46 10235 0.001808
10245 CNOT45_44 10236 0.980902
10245 CNOT45_44 10231 0.002728
10245 CNOT45_44 10232 0.002728
10245 CNOT45_44 10233 0.002728
10245 CNOT45_44 10234 0.002728
10245 CNOT45_44 10237 0.002728
10245 CNOT45_44 10230 0.002728
10245 CNOT45_44 10235 0.002728
10245 MEAS45 10272 0.984600
10245 MEAS45 10245 0.015400
10245 X46 10242 0.999525
10245 X46 10245 0.000158
10245 X46 10244 0.000158
10245 X46 10243 0.000158
10246 CNOT45_46 10246 0.989155
10246 CNOT45_46 10251 0.003615
10246 CNOT45_46 10254 0.003615
10246 CNOT45_46 10259 0.003615
10246 CNOT45_44 10246 0.983631
10246 CNOT45_44 10255 0.005456
10246 CNOT45_44 10250 0.005456
10246 CNOT45_44 10259 0.005456
10246 MEAS45 10225 0.935400
10246 MEAS45 10246 0.064600
10246 X46 10254 0.999683
10246 X46 10246 0.000317
10247 CNOT45_46 10258 0.989155
10247 CNOT45_46 10255 0.003615
10247 CNOT45_46 10250 0.003615
10247 CNOT45_46 10247 0.003615
10247 CNOT45_44 10258 0.983631
10247 CNOT45_44 10251 0.005456
10247 CNOT45_44 10254 0.005456
10247 CNOT45_44 10247 0.005456
10247 MEAS45 10247 0.984600
10247 MEAS45 10248 0.015400
10247 X46 10255 0.999683
10247 X46 10247 0.000317
10248 CNOT45_46 10257 0.989155
10248 CNOT45_46 10256 0.003615
10248 CNOT45_46 10249 0.003615
10248 CNOT45_46 10248 0.003615
10248 CNOT45_44 10257 0.983631
10248 CNOT45_44 10252 0.005456
10248 CNOT45_44 10253 0.005456
10248 CNOT45_44 10248 0.005456
10248 MEAS45 10247 0.984600
10248 MEAS45 10248 0.015400
10248 X46 10256 0.999683
10248 X46 10248 0.000317
10249 CNOT45_46 10249 0.989155
10249 CNOT45_46 10248 0.003615
10249 CNOT45_46 10257 0.003615
10249 CNOT45_46 10256 0.003615
10249 CNOT45_44 10256 0.983631
10249 CNOT45_44 10225 0.005456
10249 CNOT45_44 10260 0.005456
10249 CNOT45_44 10249 0.005456
10249 MEAS45 10249 0.935400
10249 MEAS45 10250 0.064600
10249 X46 10257 0.999683
10249 X46 10249 0.000317
10250 CNOT45_46 10250 0.989155
10250 CNOT45_46 10247 0.003615
10250 CNOT45_46 10258 0.003615
10250 CNOT45_46 10255 0.003615
10250 CNOT45_44 10255 0.983631
10250 CNOT45_44 10246 0.005456
10250 CNOT45_44 10259 0.005456
10250 CNOT45_44 10250 0.005456
10250 MEAS45 10249 0.935400
10250 MEAS45 10250 0.064600
10250 X46 10258 0.999683
10250 X46 10250 0.000317
10251 CNOT45_46 10254 0.989155
10251 CNOT45_46 10259 0.003615
10251 CNOT45_46 10246 0.003615
10251 CNOT45_46 10251 0.003615
10251 CNOT45_44 10251 0.983631
10251 CNOT45_44 10258 0.005456
10251 CNOT45_44 10247 0.005456
10251 CNOT45_44 10254 0.005456
10251 MEAS45 10251 0.984600
10251 MEAS45 10252 0.015400
10251 X46 10259 0.999683
10251 X46 10251 0.000317
10252 CNOT45_46 10253 0.989155
10252 CNOT45_46 10260 0.003615
10252 CNOT45_46 10225 0.003615
10252 CNOT45_46 10252 0.003615
10252 CNOT45_44 10252 0.983631
10252 CNOT45_44 10257 0.005456
10252 CNOT45_44 10248 0.005456
10252 CNOT45_44 10253 0.005456
10252 MEAS45 10251 0.984600
10252 MEAS45 10252 0.015400
10252 X46 10260 0.999683
10252 X46 10252 0.000317
10253 CNOT45_46 10252 0.989155
10253 CNOT45_46 10225 0.003615
10253 CNOT45_46 10260 0.003615
10253 CNOT45_46 10253 0.003615
10253 CNOT45_44 10253 0.983631
10253 CNOT45_44 10248 0.005456
10253 CNOT45_44 10257 0.005456
10253 CNOT45_44 10252 0.005456
10253 MEAS45 10253 0.935400
10253 MEAS45 10254 0.064600
10253 X46 10225 0.999683
10253 X46 10253 0.000317
10254 CNOT45_46 10251 0.989155
10254 CNOT45_46 10246 0.003615
10254 CNOT45_46 10259 0.003615
10254 CNOT45_46 10254 0.003615
10254 CNOT45_44 10254 0.983631
10254 CNOT45_44 10247 0.005456
10254 CNOT45_44 10258 0.005456
10254 CNOT45_44 10251 0.005456
10254 MEAS45 10253 0.935400
10254 MEAS45 10254 0.064600
10254 X46 10246 0.999683
10254 X46 10254 0.000317
10255 CNOT45_46 10255 0.989155
10255 CNOT45_46 10258 0.003615
10255 CNOT45_46 10247 0.003615
10255 CNOT45_46 10250 0.003615
10255 CNOT45_44 10250 0.983631
10255 CNOT45_44 10259 0.005456
10255 CNOT45_44 10246 0.005456
10255 CNOT45_44 10255 0.005456
10255 MEAS45 10255 0.984600
10255 MEAS45 10256 0.015400
10255 X46 10247 0.999683
10255 X46 10255 0.000317
10256 CNOT45_46 10256 0.989155
10256 CNOT45_46 10257 0.003615
10256 CNOT45_46 10248 0.003615
10256 CNOT45_46 10249 0.003615
10256 CNOT45_44 10249 0.983631
10256 CNOT45_44 10260 0.005456
10256 CNOT45_44 10225 0.005456
10256 CNOT45_44 10256 0.005456
10256 MEAS45 10255 0.984600
10256 MEAS45 10256 0.015400
10256 X46 10248 0.999683
10256 X46 10256 0.000317
10257 CNOT45_46 10248 0.989155
10257 CNOT45_46 10249 0.003615
10257 CNOT45_46 10256 0.003615
10257 CNOT45_46 10257 0.003615
10257 CNOT45_44 10248 0.983631
10257 CNOT45_44 10253 0.005456
10257 CNOT45_44 10252 0.005456
10257 CNOT45_44 10257 0.005456
10257 MEAS45 10257 0.935400
10257 MEAS45 10258 0.064600
10257 X46 10249 0.999683
10257 X46 10257 0.000317
10258 CNOT45_46 10247 0.989155
10258 CNOT45_46 10250 0.003615
10258 CNOT45_46 10255 0.003615
10258 CNOT45_46 10258 0.003615
10258 CNOT45_44 10247 0.983631
10258 CNOT45_44 10254 0.005456
10258 CNOT45_44 10251 0.005456
10258 CNOT45_44 10258 0.005456
10258 MEAS45 10257 0.935400
10258 MEAS45 10258 0.064600
10258 X46 10250 0.999683
10258 X46 10258 0.000317
10259 CNOT45_46 10259 0.989155
10259 CNOT45_46 10254 0.003615
10259 CNOT45_46 10251 0.003615
10259 CNOT45_46 10246 0.003615
10259 CNOT45_44 10259 0.983631
10259 CNOT45_44 10250 0.005456
10259 CNOT45_44 10255 0.005456
10259 CNOT45_44 10246 0.005456
10259 MEAS45 10259 0.984600
10259 MEAS45 10260 0.015400
10259 X46 10251 0.999683
10259 X46 10259 0.000317
10260 CNOT45_46 10260 0.989155
10260 CNOT45_46 10253 0.003615
10260 CNOT45_46 10252 0.003615
10260 CNOT45_46 10225 0.003615
10260 CNOT45_44 10260 0.983631
10260 CNOT45_44 10249 0.005456
10260 CNOT45_44 10256 0.005456
10260 CNOT45_44 10225 0.005456
10260 MEAS45 10259 0.984600
10260 MEAS45 10260 0.015400
10260 X46 10252 0.999683
10260 X46 10260 0.000317
10261 CNOT45_46 10238 0.987347
10261 CNOT45_46 10269 0.001808
10261 CNOT45_46 10239 0.001808
10261 CNOT45_46 10270 0.001808
10261 CNOT45_46 10241 0.001808
10261 CNOT45_46 10271 0.001808
10261 CNOT45_46 10240 0.001808
10261 CNOT45_46 10272 0.001808
10261 CNOT45_44 10238 0.980902
10261 CNOT45_44 10269 0.002728
10261 CNOT45_44 10239 0.002728
10261 CNOT45_44 10270 0.002728
10261 CNOT45_44 10241 0.002728
10261 CNOT45_44 10271 0.002728
10261 CNOT45_44 10240 0.002728
10261 CNOT45_44 10272 0.002728
10261 MEAS45 10225 0.467700
10261 MEAS45 10246 0.032300
10261 MEAS45 10247 0.492300
10261 MEAS45 10248 0.007700
10261 X46 10265 0.999525
10261 X46 10261 0.000158
10261 X46 10268 0.000158
10261 X46 10264 0.000158
10262 CNOT45_46 10239 0.987347
10262 CNOT45_46 10272 0.001808
10262 CNOT45_46 10238 0.001808
10262 CNOT45_46 10271 0.001808
10262 CNOT45_46 10240 0.001808
10262 CNOT45_46 10270 0.001808
10262 CNOT45_46 10241 0.001808
10262 CNOT45_46 10269 0.001808
10262 CNOT45_44 10269 0.980902
10262 CNOT45_44 10238 0.002728
10262 CNOT45_44 10272 0.002728
10262 CNOT45_44 10240 0.002728
10262 CNOT45_44 10271 0.002728
10262 CNOT45_44 10241 0.002728
10262 CNOT45_44 10270 0.002728
10262 CNOT45_44 10239 0.002728
10262 MEAS45 10249 0.467700
10262 MEAS45 10250 0.032300
10262 MEAS45 10251 0.492300
10262 MEAS45 10252 0.007700
10262 X46 10267 0.999525
10262 X46 10262 0.000158
10262 X46 10263 0.000158
10262 X46 10266 0.000158
10263 CNOT45_46 10241 0.987347
10263 CNOT45_46 10271 0.001808
10263 CNOT45_46 10240 0.001808
10263 CNOT45_46 10272 0.001808
10263 CNOT45_46 10238 0.001808
10263 CNOT45_46 10269 0.001808
10263 CNOT45_46 10239 0.001808
10263 CNOT45_46 10270 0.001808
10263 CNOT45_44 10270 0.980902
10263 CNOT45_44 10240 0.002728
10263 CNOT45_44 10271 0.002728
10263 CNOT45_44 10238 0.002728
10263 CNOT45_44 10272 0.002728
10263 CNOT45_44 10239 0.002728
10263 CNOT45_44 10269 0.002728
10263 CNOT45_44 10241 0.002728
10263 MEAS45 10249 0.467700
10263 MEAS45 10250 0.032300
10263 MEAS45 10251 0.492300
10263 MEAS45 10252 0.007700
10263 X46 10266 0.999525
10263 X46 10263 0.000158
10263 X46 10262 0.000158
10263 X46 10267 0.000158
10264 CNOT45_46 10270 0.987347
10264 CNOT45_46 10240 0.001808
10264 CNOT45_46 10271 0.001808
10264 CNOT45_46 10238 0.001808
10264 CNOT45_46 10272 0.001808
10264 CNOT45_46 10239 0.001808
10264 CNOT45_46 10269 0.001808
10264 CNOT45_46 10241 0.001808
10264 CNOT45_44 10241 0.980902
10264 CNOT45_44 10271 0.002728
10264 CNOT45_44 10240 0.002728
10264 CNOT45_44 10272 0.002728
10264 CNOT45_44 10238 0.002728
10264 CNOT45_44 10269 0.002728
10264 CNOT45_44 10239 0.002728
10264 CNOT45_44 10270 0.002728
10264 MEAS45 10253 0.467700
10264 MEAS45 10254 0.032300
10264 MEAS45 10255 0.492300
10264 MEAS45 10256 0.007700
10264 X46 10268 0.999525
10264 X46 10264 0.000158
10264 X46 10265 0.000158
10264 X46 10261 0.000158
10265 CNOT45_46 10269 0.987347
10265 CNOT45_46 10238 0.001808
10265 CNOT45_46 10272 0.001808
10265 CNOT45_46 10240 0.001808
10265 CNOT45_46 10271 0.001808
10265 CNOT45_46 10241 0.001808
10265 CNOT45_46 10270 0.001808
10265 CNOT45_46 10239 0.001808
10265 CNOT45_44 10239 0.980902
10265 CNOT45_44 10272 0.002728
10265 CNOT45_44 10238 0.002728
10265 CNOT45_44 10271 0.002728
10265 CNOT45_44 10240 0.002728
10265 CNOT45_44 10270 0.002728
10265 CNOT45_44 10241 0.002728
10265 CNOT45_44 10269 0.002728
10265 MEAS45 10253 0.467700
10265 MEAS45 10254 0.032300
10265 MEAS45 10255 0.492300
10265 MEAS45 10256 0.007700
10265 X46 10261 0.999525
10265 X46 10265 0.000158
10265 X46 10264 0.000158
10265 X46 10268 0.000158
10266 CNOT45_46 10271 0.987347
10266 CNOT45_46 10241 0.001808
10266 CNOT45_46 10270 0.001808
10266 CNOT45_46 10239 0.001808
10266 CNOT45_46 10269 0.001808
10266 CNOT45_46 10238 0.001808
10266 CNOT45_46 10272 0.001808
10266 CNOT45_46 10240 0.001808
10266 CNOT45_44 10271 0.980902
10266 CNOT45_44 10241 0.002728
10266 CNOT45_44 10270 0.002728
10266 CNOT45_44 10239 0.002728
10266 CNOT45_44 10269 0.002728
10266 CNOT45_44 10238 0.002728
10266 CNOT45_44 10272 0.002728
10266 CNOT45_44 10240 0.002728
10266 MEAS45 10257 0.467700
10266 MEAS45 10258 0.032300
10266 MEAS45 10259 0.492300
10266 MEAS45 10260 0.007700
10266 X46 10263 0.999525
10266 X46 10266 0.000158
10266 X46 10267 0.000158
10266 X46 10262 0.000158
10267 CNOT45_46 10272 0.987347
10267 CNOT45_46 10239 0.001808
10267 CNOT45_46 10269 0.001808
10267 CNOT45_46 10241 0.001808
10267 CNOT45_46 10270 0.001808
10267 CNOT45_46 10240 0.001808
10267 CNOT45_46 10271 0.001808
10267 CNOT45_46 10238 0.001808
10267 CNOT45_44 10272 0.980902
10267 CNOT45_44 10239 0.002728
10267 CNOT45_44 10269 0.002728
10267 CNOT45_44 10241 0.002728
10267 CNOT45_44 10270 0.002728
10267 CNOT45_44 10240 0.002728
10267 CNOT45_44 10271 0.002728
10267 CNOT45_44 10238 0.002728
10267 MEAS45 10257 0.467700
10267 MEAS45 10258 0.032300
10267 MEAS45 10259 0.492300
10267 MEAS45 10260 0.007700
10267 X46 10262 0.999525
10267 X46 10267 0.000158
10267 X46 10266 0.000158
10267 X46 10263 0.000158
10268 CNOT45_46 10240 0.987347
10268 CNOT45_46 10270 0.001808
10268 CNOT45_46 10241 0.001808
10268 CNOT45_46 10269 0.001808
10268 CNOT45_46 10239 0.001808
10268 CNOT45_46 10272 0.001808
10268 CNOT45_46 10238 0.001808
10268 CNOT45_46 10271 0.001808
10268 CNOT45_44 10240 0.980902
10268 CNOT45_44 10270 0.002728
10268 CNOT45_44 10241 0.002728
10268 CNOT45_44 10269 0.002728
10268 CNOT45_44 10239 0.002728
10268 CNOT45_44 10272 0.002728
10268 CNOT45_44 10238 0.002728
10268 CNOT45_44 10271 0.002728
10268 MEAS45 10225 0.467700
10268 MEAS45 10246 0.032300
10268 MEAS45 10247 0.492300
10268 MEAS45 10248 0.007700
10268 X46 10264 0.999525
10268 X46 10268 0.000158
10268 X46 10261 0.000158
10268 X46 10265 0.000158
10269 CNOT45_46 10265 0.987347
10269 CNOT45_46 10267 0.001808
10269 CNOT45_46 10266 0.001808
10269 CNOT45_46 10268 0.001808
10269 CNOT45_46 10261 0.001808
10269 CNOT45_46 10263 0.001808
10269 CNOT45_46 10262 0.001808
10269 CNOT45_46 10264 0.001808
10269 CNOT45_44 10262 0.980902
10269 CNOT45_44 10267 0.002728
10269 CNOT45_44 10266 0.002728
10269 CNOT45_44 10268 0.002728
10269 CNOT45_44 10261 0.002728
10269 CNOT45_44 10264 0.002728
10269 CNOT45_44 10265 0.002728
10269 CNOT45_44 10263 0.002728
10269 MEAS45 10269 0.984600
10269 MEAS45 10242 0.015400
10269 X46 10272 0.999525
10269 X46 10269 0.000158
10269 X46 10270 0.000158
10269 X46 10271 0.000158
10270 CNOT45_46 10264 0.987347
10270 CNOT45_46 10266 0.001808
10270 CNOT45_46 10267 0.001808
10270 CNOT45_46 10261 0.001808
10270 CNOT45_46 10268 0.001808
10270 CNOT45_46 10262 0.001808
10270 CNOT45_46 10263 0.001808
10270 CNOT45_46 10265 0.001808
10270 CNOT45_44 10263 0.980902
10270 CNOT45_44 10266 0.002728
10270 CNOT45_44 10267 0.002728
10270 CNOT45_44 10261 0.002728
10270 CNOT45_44 10268 0.002728
10270 CNOT45_44 10265 0.002728
10270 CNOT45_44 10264 0.002728
10270 CNOT45_44 10262 0.002728
10270 MEAS45 10270 0.984600
10270 MEAS45 10243 0.015400
10270 X46 10271 0.999525
10270 X46 10270 0.000158
10270 X46 10269 0.000158
10270 X46 10272 0.000158
10271 CNOT45_46 10266 0.987347
10271 CNOT45_46 10264 0.001808
10271 CNOT45_46 10265 0.001808
10271 CNOT45_46 10262 0.001808
10271 CNOT45_46 10263 0.001808
10271 CNOT45_46 10261 0.001808
10271 CNOT45_46 10268 0.001808
10271 CNOT45_46 10267 0.001808
10271 CNOT45_44 10266 0.980902
10271 CNOT45_44 10263 0.002728
10271 CNOT45_44 10262 0.002728
10271 CNOT45_44 10265 0.002728
10271 CNOT45_44 10264 0.002728
10271 CNOT45_44 10261 0.002728
10271 CNOT45_44 10268 0.002728
10271 CNOT45_44 10267 0.002728
10271 MEAS45 10271 0.984600
10271 MEAS45 10244 0.015400
10271 X46 10270 0.999525
10271 X46 10271 0.000158
10271 X46 10272 0.000158
10271 X46 10269 0.000158
10272 CNOT45_46 10267 0.987347
10272 CNOT45_46 10265 0.001808
10272 CNOT45_46 10264 0.001808
10272 CNOT45_46 10263 0.001808
10272 CNOT45_46 10262 0.001808
10272 CNOT45_46 10268 0.001808
10272 CNOT45_46 10261 0.001808
10272 CNOT45_46 10266 0.001808
10272 CNOT45_44 10267 0.980902
10272 CNOT45_44 10262 0.002728
10272 CNOT45_44 10263 0.002728
10272 CNOT45_44 10264 0.002728
10272 CNOT45_44 10265 0.002728
10272 CNOT45_44 10268 0.002728
10272 CNOT45_44 10261 0.002728
10272 CNOT45_44 10266 0.002728
10272 MEAS45 10272 0.984600
10272 MEAS45 10245 0.015400
10272 X46 10269 0.999525
10272 X46 10272 0.000158
10272 X46 10271 0.000158
10272 X46 10270 0.000158
ENDPOMDP
