BEGINPOMDP
INITIALSTATE: 5425
STATES: 5425,5426,5427,5428,5429,5430,5431,5432,5433,5434,5435,5436,5437,5438,5439,5440,5441,5442,5443,5444,5445,5446,5447,5448,5449,5450,5451,5452,5453,5454,5455,5456,5457,5458,5459,5460,5461,5462,5463,5464,5465,5466,5467,5468,5469,5470,5471,5472
TARGETV: 5426,5428,5430,5435,5436,5437,5438,5440,5444,5445,5461,5466,5467,5468,5471,5472
GAMMA: 5425:0,5426:0,5427:0,5428:0,5429:0,5430:0,5431:0,5432:0,5433:0,5434:0,5435:0,5436:0,5437:0,5438:1,5439:1,5440:1,5441:1,5442:0,5443:0,5444:0,5445:0,5446:1,5447:1,5448:0,5449:0,5450:1,5451:1,5452:0,5453:0,5454:1,5455:1,5456:0,5457:0,5458:1,5459:1,5460:0,5461:1,5462:1,5463:1,5464:1,5465:1,5466:1,5467:1,5468:1,5469:1,5470:1,5471:1,5472:1
BEGINACTIONS
CNOT9_14 Instruction.CNOT 14 9
CNOT9_8 Instruction.CNOT 8 9
MEAS9 Instruction.MEAS None 9
X14 Instruction.X None 14
ENDACTIONS
5425 INIT_ 5426 0.250000
5425 INIT_ 5427 0.250000
5425 INIT_ 5428 0.250000
5425 INIT_ 5429 0.250000
5425 CNOT9_14 5425 0.982297
5425 CNOT9_14 5452 0.005901
5425 CNOT9_14 5453 0.005901
5425 CNOT9_14 5460 0.005901
5425 CNOT9_8 5425 0.983522
5425 CNOT9_8 5456 0.005493
5425 CNOT9_8 5449 0.005493
5425 CNOT9_8 5460 0.005493
5425 MEAS9 5425 0.966200
5425 MEAS9 5446 0.033800
5425 X14 5453 0.999161
5425 X14 5425 0.000839
5426 CNOT9_14 5430 0.979346
5426 CNOT9_14 5431 0.002951
5426 CNOT9_14 5432 0.002951
5426 CNOT9_14 5433 0.002951
5426 CNOT9_14 5434 0.002951
5426 CNOT9_14 5435 0.002951
5426 CNOT9_14 5436 0.002951
5426 CNOT9_14 5437 0.002951
5426 CNOT9_8 5430 0.980776
5426 CNOT9_8 5434 0.002746
5426 CNOT9_8 5433 0.002746
5426 CNOT9_8 5432 0.002746
5426 CNOT9_8 5431 0.002746
5426 CNOT9_8 5435 0.002746
5426 CNOT9_8 5436 0.002746
5426 CNOT9_8 5437 0.002746
5426 MEAS9 5426 0.966200
5426 MEAS9 5438 0.033800
5426 X14 5427 0.998741
5426 X14 5426 0.000420
5426 X14 5428 0.000420
5426 X14 5429 0.000420
5427 CNOT9_14 5431 0.979346
5427 CNOT9_14 5430 0.002951
5427 CNOT9_14 5437 0.002951
5427 CNOT9_14 5435 0.002951
5427 CNOT9_14 5436 0.002951
5427 CNOT9_14 5433 0.002951
5427 CNOT9_14 5434 0.002951
5427 CNOT9_14 5432 0.002951
5427 CNOT9_8 5434 0.980776
5427 CNOT9_8 5430 0.002746
5427 CNOT9_8 5437 0.002746
5427 CNOT9_8 5435 0.002746
5427 CNOT9_8 5436 0.002746
5427 CNOT9_8 5432 0.002746
5427 CNOT9_8 5431 0.002746
5427 CNOT9_8 5433 0.002746
5427 MEAS9 5427 0.966200
5427 MEAS9 5439 0.033800
5427 X14 5426 0.998741
5427 X14 5427 0.000420
5427 X14 5429 0.000420
5427 X14 5428 0.000420
5428 CNOT9_14 5437 0.979346
5428 CNOT9_14 5432 0.002951
5428 CNOT9_14 5431 0.002951
5428 CNOT9_14 5434 0.002951
5428 CNOT9_14 5433 0.002951
5428 CNOT9_14 5436 0.002951
5428 CNOT9_14 5435 0.002951
5428 CNOT9_14 5430 0.002951
5428 CNOT9_8 5437 0.980776
5428 CNOT9_8 5433 0.002746
5428 CNOT9_8 5434 0.002746
5428 CNOT9_8 5431 0.002746
5428 CNOT9_8 5432 0.002746
5428 CNOT9_8 5436 0.002746
5428 CNOT9_8 5435 0.002746
5428 CNOT9_8 5430 0.002746
5428 MEAS9 5428 0.966200
5428 MEAS9 5440 0.033800
5428 X14 5429 0.998741
5428 X14 5428 0.000420
5428 X14 5426 0.000420
5428 X14 5427 0.000420
5429 CNOT9_14 5432 0.979346
5429 CNOT9_14 5437 0.002951
5429 CNOT9_14 5430 0.002951
5429 CNOT9_14 5436 0.002951
5429 CNOT9_14 5435 0.002951
5429 CNOT9_14 5434 0.002951
5429 CNOT9_14 5433 0.002951
5429 CNOT9_14 5431 0.002951
5429 CNOT9_8 5433 0.980776
5429 CNOT9_8 5437 0.002746
5429 CNOT9_8 5430 0.002746
5429 CNOT9_8 5436 0.002746
5429 CNOT9_8 5435 0.002746
5429 CNOT9_8 5431 0.002746
5429 CNOT9_8 5432 0.002746
5429 CNOT9_8 5434 0.002746
5429 MEAS9 5429 0.966200
5429 MEAS9 5441 0.033800
5429 X14 5428 0.998741
5429 X14 5429 0.000420
5429 X14 5427 0.000420
5429 X14 5426 0.000420
5430 CNOT9_14 5426 0.979346
5430 CNOT9_14 5442 0.002951
5430 CNOT9_14 5427 0.002951
5430 CNOT9_14 5443 0.002951
5430 CNOT9_14 5429 0.002951
5430 CNOT9_14 5444 0.002951
5430 CNOT9_14 5428 0.002951
5430 CNOT9_14 5445 0.002951
5430 CNOT9_8 5426 0.980776
5430 CNOT9_8 5442 0.002746
5430 CNOT9_8 5427 0.002746
5430 CNOT9_8 5443 0.002746
5430 CNOT9_8 5429 0.002746
5430 CNOT9_8 5444 0.002746
5430 CNOT9_8 5428 0.002746
5430 CNOT9_8 5445 0.002746
5430 MEAS9 5425 0.483100
5430 MEAS9 5446 0.016900
5430 MEAS9 5447 0.480200
5430 MEAS9 5448 0.019800
5430 X14 5434 0.998741
5430 X14 5430 0.000420
5430 X14 5437 0.000420
5430 X14 5433 0.000420
5431 CNOT9_14 5427 0.979346
5431 CNOT9_14 5445 0.002951
5431 CNOT9_14 5426 0.002951
5431 CNOT9_14 5444 0.002951
5431 CNOT9_14 5428 0.002951
5431 CNOT9_14 5443 0.002951
5431 CNOT9_14 5429 0.002951
5431 CNOT9_14 5442 0.002951
5431 CNOT9_8 5442 0.980776
5431 CNOT9_8 5426 0.002746
5431 CNOT9_8 5445 0.002746
5431 CNOT9_8 5428 0.002746
5431 CNOT9_8 5444 0.002746
5431 CNOT9_8 5429 0.002746
5431 CNOT9_8 5443 0.002746
5431 CNOT9_8 5427 0.002746
5431 MEAS9 5449 0.483100
5431 MEAS9 5450 0.016900
5431 MEAS9 5451 0.480200
5431 MEAS9 5452 0.019800
5431 X14 5436 0.998741
5431 X14 5431 0.000420
5431 X14 5432 0.000420
5431 X14 5435 0.000420
5432 CNOT9_14 5429 0.979346
5432 CNOT9_14 5444 0.002951
5432 CNOT9_14 5428 0.002951
5432 CNOT9_14 5445 0.002951
5432 CNOT9_14 5426 0.002951
5432 CNOT9_14 5442 0.002951
5432 CNOT9_14 5427 0.002951
5432 CNOT9_14 5443 0.002951
5432 CNOT9_8 5443 0.980776
5432 CNOT9_8 5428 0.002746
5432 CNOT9_8 5444 0.002746
5432 CNOT9_8 5426 0.002746
5432 CNOT9_8 5445 0.002746
5432 CNOT9_8 5427 0.002746
5432 CNOT9_8 5442 0.002746
5432 CNOT9_8 5429 0.002746
5432 MEAS9 5449 0.483100
5432 MEAS9 5450 0.016900
5432 MEAS9 5451 0.480200
5432 MEAS9 5452 0.019800
5432 X14 5435 0.998741
5432 X14 5432 0.000420
5432 X14 5431 0.000420
5432 X14 5436 0.000420
5433 CNOT9_14 5443 0.979346
5433 CNOT9_14 5428 0.002951
5433 CNOT9_14 5444 0.002951
5433 CNOT9_14 5426 0.002951
5433 CNOT9_14 5445 0.002951
5433 CNOT9_14 5427 0.002951
5433 CNOT9_14 5442 0.002951
5433 CNOT9_14 5429 0.002951
5433 CNOT9_8 5429 0.980776
5433 CNOT9_8 5444 0.002746
5433 CNOT9_8 5428 0.002746
5433 CNOT9_8 5445 0.002746
5433 CNOT9_8 5426 0.002746
5433 CNOT9_8 5442 0.002746
5433 CNOT9_8 5427 0.002746
5433 CNOT9_8 5443 0.002746
5433 MEAS9 5453 0.483100
5433 MEAS9 5454 0.016900
5433 MEAS9 5455 0.480200
5433 MEAS9 5456 0.019800
5433 X14 5437 0.998741
5433 X14 5433 0.000420
5433 X14 5434 0.000420
5433 X14 5430 0.000420
5434 CNOT9_14 5442 0.979346
5434 CNOT9_14 5426 0.002951
5434 CNOT9_14 5445 0.002951
5434 CNOT9_14 5428 0.002951
5434 CNOT9_14 5444 0.002951
5434 CNOT9_14 5429 0.002951
5434 CNOT9_14 5443 0.002951
5434 CNOT9_14 5427 0.002951
5434 CNOT9_8 5427 0.980776
5434 CNOT9_8 5445 0.002746
5434 CNOT9_8 5426 0.002746
5434 CNOT9_8 5444 0.002746
5434 CNOT9_8 5428 0.002746
5434 CNOT9_8 5443 0.002746
5434 CNOT9_8 5429 0.002746
5434 CNOT9_8 5442 0.002746
5434 MEAS9 5453 0.483100
5434 MEAS9 5454 0.016900
5434 MEAS9 5455 0.480200
5434 MEAS9 5456 0.019800
5434 X14 5430 0.998741
5434 X14 5434 0.000420
5434 X14 5433 0.000420
5434 X14 5437 0.000420
5435 CNOT9_14 5444 0.979346
5435 CNOT9_14 5429 0.002951
5435 CNOT9_14 5443 0.002951
5435 CNOT9_14 5427 0.002951
5435 CNOT9_14 5442 0.002951
5435 CNOT9_14 5426 0.002951
5435 CNOT9_14 5445 0.002951
5435 CNOT9_14 5428 0.002951
5435 CNOT9_8 5444 0.980776
5435 CNOT9_8 5429 0.002746
5435 CNOT9_8 5443 0.002746
5435 CNOT9_8 5427 0.002746
5435 CNOT9_8 5442 0.002746
5435 CNOT9_8 5426 0.002746
5435 CNOT9_8 5445 0.002746
5435 CNOT9_8 5428 0.002746
5435 MEAS9 5457 0.483100
5435 MEAS9 5458 0.016900
5435 MEAS9 5459 0.480200
5435 MEAS9 5460 0.019800
5435 X14 5432 0.998741
5435 X14 5435 0.000420
5435 X14 5436 0.000420
5435 X14 5431 0.000420
5436 CNOT9_14 5445 0.979346
5436 CNOT9_14 5427 0.002951
5436 CNOT9_14 5442 0.002951
5436 CNOT9_14 5429 0.002951
5436 CNOT9_14 5443 0.002951
5436 CNOT9_14 5428 0.002951
5436 CNOT9_14 5444 0.002951
5436 CNOT9_14 5426 0.002951
5436 CNOT9_8 5445 0.980776
5436 CNOT9_8 5427 0.002746
5436 CNOT9_8 5442 0.002746
5436 CNOT9_8 5429 0.002746
5436 CNOT9_8 5443 0.002746
5436 CNOT9_8 5428 0.002746
5436 CNOT9_8 5444 0.002746
5436 CNOT9_8 5426 0.002746
5436 MEAS9 5457 0.483100
5436 MEAS9 5458 0.016900
5436 MEAS9 5459 0.480200
5436 MEAS9 5460 0.019800
5436 X14 5431 0.998741
5436 X14 5436 0.000420
5436 X14 5435 0.000420
5436 X14 5432 0.000420
5437 CNOT9_14 5428 0.979346
5437 CNOT9_14 5443 0.002951
5437 CNOT9_14 5429 0.002951
5437 CNOT9_14 5442 0.002951
5437 CNOT9_14 5427 0.002951
5437 CNOT9_14 5445 0.002951
5437 CNOT9_14 5426 0.002951
5437 CNOT9_14 5444 0.002951
5437 CNOT9_8 5428 0.980776
5437 CNOT9_8 5443 0.002746
5437 CNOT9_8 5429 0.002746
5437 CNOT9_8 5442 0.002746
5437 CNOT9_8 5427 0.002746
5437 CNOT9_8 5445 0.002746
5437 CNOT9_8 5426 0.002746
5437 CNOT9_8 5444 0.002746
5437 MEAS9 5425 0.483100
5437 MEAS9 5446 0.016900
5437 MEAS9 5447 0.480200
5437 MEAS9 5448 0.019800
5437 X14 5433 0.998741
5437 X14 5437 0.000420
5437 X14 5430 0.000420
5437 X14 5434 0.000420
5438 CNOT9_14 5461 0.979346
5438 CNOT9_14 5462 0.002951
5438 CNOT9_14 5463 0.002951
5438 CNOT9_14 5464 0.002951
5438 CNOT9_14 5465 0.002951
5438 CNOT9_14 5466 0.002951
5438 CNOT9_14 5467 0.002951
5438 CNOT9_14 5468 0.002951
5438 CNOT9_8 5461 0.980776
5438 CNOT9_8 5465 0.002746
5438 CNOT9_8 5464 0.002746
5438 CNOT9_8 5463 0.002746
5438 CNOT9_8 5462 0.002746
5438 CNOT9_8 5466 0.002746
5438 CNOT9_8 5467 0.002746
5438 CNOT9_8 5468 0.002746
5438 MEAS9 5426 0.966200
5438 MEAS9 5438 0.033800
5438 X14 5439 0.998741
5438 X14 5438 0.000420
5438 X14 5440 0.000420
5438 X14 5441 0.000420
5439 CNOT9_14 5462 0.979346
5439 CNOT9_14 5461 0.002951
5439 CNOT9_14 5468 0.002951
5439 CNOT9_14 5466 0.002951
5439 CNOT9_14 5467 0.002951
5439 CNOT9_14 5464 0.002951
5439 CNOT9_14 5465 0.002951
5439 CNOT9_14 5463 0.002951
5439 CNOT9_8 5465 0.980776
5439 CNOT9_8 5461 0.002746
5439 CNOT9_8 5468 0.002746
5439 CNOT9_8 5466 0.002746
5439 CNOT9_8 5467 0.002746
5439 CNOT9_8 5463 0.002746
5439 CNOT9_8 5462 0.002746
5439 CNOT9_8 5464 0.002746
5439 MEAS9 5427 0.966200
5439 MEAS9 5439 0.033800
5439 X14 5438 0.998741
5439 X14 5439 0.000420
5439 X14 5441 0.000420
5439 X14 5440 0.000420
5440 CNOT9_14 5468 0.979346
5440 CNOT9_14 5463 0.002951
5440 CNOT9_14 5462 0.002951
5440 CNOT9_14 5465 0.002951
5440 CNOT9_14 5464 0.002951
5440 CNOT9_14 5467 0.002951
5440 CNOT9_14 5466 0.002951
5440 CNOT9_14 5461 0.002951
5440 CNOT9_8 5468 0.980776
5440 CNOT9_8 5464 0.002746
5440 CNOT9_8 5465 0.002746
5440 CNOT9_8 5462 0.002746
5440 CNOT9_8 5463 0.002746
5440 CNOT9_8 5467 0.002746
5440 CNOT9_8 5466 0.002746
5440 CNOT9_8 5461 0.002746
5440 MEAS9 5428 0.966200
5440 MEAS9 5440 0.033800
5440 X14 5441 0.998741
5440 X14 5440 0.000420
5440 X14 5438 0.000420
5440 X14 5439 0.000420
5441 CNOT9_14 5463 0.979346
5441 CNOT9_14 5468 0.002951
5441 CNOT9_14 5461 0.002951
5441 CNOT9_14 5467 0.002951
5441 CNOT9_14 5466 0.002951
5441 CNOT9_14 5465 0.002951
5441 CNOT9_14 5464 0.002951
5441 CNOT9_14 5462 0.002951
5441 CNOT9_8 5464 0.980776
5441 CNOT9_8 5468 0.002746
5441 CNOT9_8 5461 0.002746
5441 CNOT9_8 5467 0.002746
5441 CNOT9_8 5466 0.002746
5441 CNOT9_8 5462 0.002746
5441 CNOT9_8 5463 0.002746
5441 CNOT9_8 5465 0.002746
5441 MEAS9 5429 0.966200
5441 MEAS9 5441 0.033800
5441 X14 5440 0.998741
5441 X14 5441 0.000420
5441 X14 5439 0.000420
5441 X14 5438 0.000420
5442 CNOT9_14 5434 0.979346
5442 CNOT9_14 5436 0.002951
5442 CNOT9_14 5435 0.002951
5442 CNOT9_14 5437 0.002951
5442 CNOT9_14 5430 0.002951
5442 CNOT9_14 5432 0.002951
5442 CNOT9_14 5431 0.002951
5442 CNOT9_14 5433 0.002951
5442 CNOT9_8 5431 0.980776
5442 CNOT9_8 5436 0.002746
5442 CNOT9_8 5435 0.002746
5442 CNOT9_8 5437 0.002746
5442 CNOT9_8 5430 0.002746
5442 CNOT9_8 5433 0.002746
5442 CNOT9_8 5434 0.002746
5442 CNOT9_8 5432 0.002746
5442 MEAS9 5469 0.960400
5442 MEAS9 5442 0.039600
5442 X14 5445 0.998741
5442 X14 5442 0.000420
5442 X14 5443 0.000420
5442 X14 5444 0.000420
5443 CNOT9_14 5433 0.979346
5443 CNOT9_14 5435 0.002951
5443 CNOT9_14 5436 0.002951
5443 CNOT9_14 5430 0.002951
5443 CNOT9_14 5437 0.002951
5443 CNOT9_14 5431 0.002951
5443 CNOT9_14 5432 0.002951
5443 CNOT9_14 5434 0.002951
5443 CNOT9_8 5432 0.980776
5443 CNOT9_8 5435 0.002746
5443 CNOT9_8 5436 0.002746
5443 CNOT9_8 5430 0.002746
5443 CNOT9_8 5437 0.002746
5443 CNOT9_8 5434 0.002746
5443 CNOT9_8 5433 0.002746
5443 CNOT9_8 5431 0.002746
5443 MEAS9 5470 0.960400
5443 MEAS9 5443 0.039600
5443 X14 5444 0.998741
5443 X14 5443 0.000420
5443 X14 5442 0.000420
5443 X14 5445 0.000420
5444 CNOT9_14 5435 0.979346
5444 CNOT9_14 5433 0.002951
5444 CNOT9_14 5434 0.002951
5444 CNOT9_14 5431 0.002951
5444 CNOT9_14 5432 0.002951
5444 CNOT9_14 5430 0.002951
5444 CNOT9_14 5437 0.002951
5444 CNOT9_14 5436 0.002951
5444 CNOT9_8 5435 0.980776
5444 CNOT9_8 5432 0.002746
5444 CNOT9_8 5431 0.002746
5444 CNOT9_8 5434 0.002746
5444 CNOT9_8 5433 0.002746
5444 CNOT9_8 5430 0.002746
5444 CNOT9_8 5437 0.002746
5444 CNOT9_8 5436 0.002746
5444 MEAS9 5471 0.960400
5444 MEAS9 5444 0.039600
5444 X14 5443 0.998741
5444 X14 5444 0.000420
5444 X14 5445 0.000420
5444 X14 5442 0.000420
5445 CNOT9_14 5436 0.979346
5445 CNOT9_14 5434 0.002951
5445 CNOT9_14 5433 0.002951
5445 CNOT9_14 5432 0.002951
5445 CNOT9_14 5431 0.002951
5445 CNOT9_14 5437 0.002951
5445 CNOT9_14 5430 0.002951
5445 CNOT9_14 5435 0.002951
5445 CNOT9_8 5436 0.980776
5445 CNOT9_8 5431 0.002746
5445 CNOT9_8 5432 0.002746
5445 CNOT9_8 5433 0.002746
5445 CNOT9_8 5434 0.002746
5445 CNOT9_8 5437 0.002746
5445 CNOT9_8 5430 0.002746
5445 CNOT9_8 5435 0.002746
5445 MEAS9 5472 0.960400
5445 MEAS9 5445 0.039600
5445 X14 5442 0.998741
5445 X14 5445 0.000420
5445 X14 5444 0.000420
5445 X14 5443 0.000420
5446 CNOT9_14 5446 0.982297
5446 CNOT9_14 5451 0.005901
5446 CNOT9_14 5454 0.005901
5446 CNOT9_14 5459 0.005901
5446 CNOT9_8 5446 0.983522
5446 CNOT9_8 5455 0.005493
5446 CNOT9_8 5450 0.005493
5446 CNOT9_8 5459 0.005493
5446 MEAS9 5425 0.966200
5446 MEAS9 5446 0.033800
5446 X14 5454 0.999161
5446 X14 5446 0.000839
5447 CNOT9_14 5458 0.982297
5447 CNOT9_14 5455 0.005901
5447 CNOT9_14 5450 0.005901
5447 CNOT9_14 5447 0.005901
5447 CNOT9_8 5458 0.983522
5447 CNOT9_8 5451 0.005493
5447 CNOT9_8 5454 0.005493
5447 CNOT9_8 5447 0.005493
5447 MEAS9 5447 0.960400
5447 MEAS9 5448 0.039600
5447 X14 5455 0.999161
5447 X14 5447 0.000839
5448 CNOT9_14 5457 0.982297
5448 CNOT9_14 5456 0.005901
5448 CNOT9_14 5449 0.005901
5448 CNOT9_14 5448 0.005901
5448 CNOT9_8 5457 0.983522
5448 CNOT9_8 5452 0.005493
5448 CNOT9_8 5453 0.005493
5448 CNOT9_8 5448 0.005493
5448 MEAS9 5447 0.960400
5448 MEAS9 5448 0.039600
5448 X14 5456 0.999161
5448 X14 5448 0.000839
5449 CNOT9_14 5449 0.982297
5449 CNOT9_14 5448 0.005901
5449 CNOT9_14 5457 0.005901
5449 CNOT9_14 5456 0.005901
5449 CNOT9_8 5456 0.983522
5449 CNOT9_8 5425 0.005493
5449 CNOT9_8 5460 0.005493
5449 CNOT9_8 5449 0.005493
5449 MEAS9 5449 0.966200
5449 MEAS9 5450 0.033800
5449 X14 5457 0.999161
5449 X14 5449 0.000839
5450 CNOT9_14 5450 0.982297
5450 CNOT9_14 5447 0.005901
5450 CNOT9_14 5458 0.005901
5450 CNOT9_14 5455 0.005901
5450 CNOT9_8 5455 0.983522
5450 CNOT9_8 5446 0.005493
5450 CNOT9_8 5459 0.005493
5450 CNOT9_8 5450 0.005493
5450 MEAS9 5449 0.966200
5450 MEAS9 5450 0.033800
5450 X14 5458 0.999161
5450 X14 5450 0.000839
5451 CNOT9_14 5454 0.982297
5451 CNOT9_14 5459 0.005901
5451 CNOT9_14 5446 0.005901
5451 CNOT9_14 5451 0.005901
5451 CNOT9_8 5451 0.983522
5451 CNOT9_8 5458 0.005493
5451 CNOT9_8 5447 0.005493
5451 CNOT9_8 5454 0.005493
5451 MEAS9 5451 0.960400
5451 MEAS9 5452 0.039600
5451 X14 5459 0.999161
5451 X14 5451 0.000839
5452 CNOT9_14 5453 0.982297
5452 CNOT9_14 5460 0.005901
5452 CNOT9_14 5425 0.005901
5452 CNOT9_14 5452 0.005901
5452 CNOT9_8 5452 0.983522
5452 CNOT9_8 5457 0.005493
5452 CNOT9_8 5448 0.005493
5452 CNOT9_8 5453 0.005493
5452 MEAS9 5451 0.960400
5452 MEAS9 5452 0.039600
5452 X14 5460 0.999161
5452 X14 5452 0.000839
5453 CNOT9_14 5452 0.982297
5453 CNOT9_14 5425 0.005901
5453 CNOT9_14 5460 0.005901
5453 CNOT9_14 5453 0.005901
5453 CNOT9_8 5453 0.983522
5453 CNOT9_8 5448 0.005493
5453 CNOT9_8 5457 0.005493
5453 CNOT9_8 5452 0.005493
5453 MEAS9 5453 0.966200
5453 MEAS9 5454 0.033800
5453 X14 5425 0.999161
5453 X14 5453 0.000839
5454 CNOT9_14 5451 0.982297
5454 CNOT9_14 5446 0.005901
5454 CNOT9_14 5459 0.005901
5454 CNOT9_14 5454 0.005901
5454 CNOT9_8 5454 0.983522
5454 CNOT9_8 5447 0.005493
5454 CNOT9_8 5458 0.005493
5454 CNOT9_8 5451 0.005493
5454 MEAS9 5453 0.966200
5454 MEAS9 5454 0.033800
5454 X14 5446 0.999161
5454 X14 5454 0.000839
5455 CNOT9_14 5455 0.982297
5455 CNOT9_14 5458 0.005901
5455 CNOT9_14 5447 0.005901
5455 CNOT9_14 5450 0.005901
5455 CNOT9_8 5450 0.983522
5455 CNOT9_8 5459 0.005493
5455 CNOT9_8 5446 0.005493
5455 CNOT9_8 5455 0.005493
5455 MEAS9 5455 0.960400
5455 MEAS9 5456 0.039600
5455 X14 5447 0.999161
5455 X14 5455 0.000839
5456 CNOT9_14 5456 0.982297
5456 CNOT9_14 5457 0.005901
5456 CNOT9_14 5448 0.005901
5456 CNOT9_14 5449 0.005901
5456 CNOT9_8 5449 0.983522
5456 CNOT9_8 5460 0.005493
5456 CNOT9_8 5425 0.005493
5456 CNOT9_8 5456 0.005493
5456 MEAS9 5455 0.960400
5456 MEAS9 5456 0.039600
5456 X14 5448 0.999161
5456 X14 5456 0.000839
5457 CNOT9_14 5448 0.982297
5457 CNOT9_14 5449 0.005901
5457 CNOT9_14 5456 0.005901
5457 CNOT9_14 5457 0.005901
5457 CNOT9_8 5448 0.983522
5457 CNOT9_8 5453 0.005493
5457 CNOT9_8 5452 0.005493
5457 CNOT9_8 5457 0.005493
5457 MEAS9 5457 0.966200
5457 MEAS9 5458 0.033800
5457 X14 5449 0.999161
5457 X14 5457 0.000839
5458 CNOT9_14 5447 0.982297
5458 CNOT9_14 5450 0.005901
5458 CNOT9_14 5455 0.005901
5458 CNOT9_14 5458 0.005901
5458 CNOT9_8 5447 0.983522
5458 CNOT9_8 5454 0.005493
5458 CNOT9_8 5451 0.005493
5458 CNOT9_8 5458 0.005493
5458 MEAS9 5457 0.966200
5458 MEAS9 5458 0.033800
5458 X14 5450 0.999161
5458 X14 5458 0.000839
5459 CNOT9_14 5459 0.982297
5459 CNOT9_14 5454 0.005901
5459 CNOT9_14 5451 0.005901
5459 CNOT9_14 5446 0.005901
5459 CNOT9_8 5459 0.983522
5459 CNOT9_8 5450 0.005493
5459 CNOT9_8 5455 0.005493
5459 CNOT9_8 5446 0.005493
5459 MEAS9 5459 0.960400
5459 MEAS9 5460 0.039600
5459 X14 5451 0.999161
5459 X14 5459 0.000839
5460 CNOT9_14 5460 0.982297
5460 CNOT9_14 5453 0.005901
5460 CNOT9_14 5452 0.005901
5460 CNOT9_14 5425 0.005901
5460 CNOT9_8 5460 0.983522
5460 CNOT9_8 5449 0.005493
5460 CNOT9_8 5456 0.005493
5460 CNOT9_8 5425 0.005493
5460 MEAS9 5459 0.960400
5460 MEAS9 5460 0.039600
5460 X14 5452 0.999161
5460 X14 5460 0.000839
5461 CNOT9_14 5438 0.979346
5461 CNOT9_14 5469 0.002951
5461 CNOT9_14 5439 0.002951
5461 CNOT9_14 5470 0.002951
5461 CNOT9_14 5441 0.002951
5461 CNOT9_14 5471 0.002951
5461 CNOT9_14 5440 0.002951
5461 CNOT9_14 5472 0.002951
5461 CNOT9_8 5438 0.980776
5461 CNOT9_8 5469 0.002746
5461 CNOT9_8 5439 0.002746
5461 CNOT9_8 5470 0.002746
5461 CNOT9_8 5441 0.002746
5461 CNOT9_8 5471 0.002746
5461 CNOT9_8 5440 0.002746
5461 CNOT9_8 5472 0.002746
5461 MEAS9 5425 0.483100
5461 MEAS9 5446 0.016900
5461 MEAS9 5447 0.480200
5461 MEAS9 5448 0.019800
5461 X14 5465 0.998741
5461 X14 5461 0.000420
5461 X14 5468 0.000420
5461 X14 5464 0.000420
5462 CNOT9_14 5439 0.979346
5462 CNOT9_14 5472 0.002951
5462 CNOT9_14 5438 0.002951
5462 CNOT9_14 5471 0.002951
5462 CNOT9_14 5440 0.002951
5462 CNOT9_14 5470 0.002951
5462 CNOT9_14 5441 0.002951
5462 CNOT9_14 5469 0.002951
5462 CNOT9_8 5469 0.980776
5462 CNOT9_8 5438 0.002746
5462 CNOT9_8 5472 0.002746
5462 CNOT9_8 5440 0.002746
5462 CNOT9_8 5471 0.002746
5462 CNOT9_8 5441 0.002746
5462 CNOT9_8 5470 0.002746
5462 CNOT9_8 5439 0.002746
5462 MEAS9 5449 0.483100
5462 MEAS9 5450 0.016900
5462 MEAS9 5451 0.480200
5462 MEAS9 5452 0.019800
5462 X14 5467 0.998741
5462 X14 5462 0.000420
5462 X14 5463 0.000420
5462 X14 5466 0.000420
5463 CNOT9_14 5441 0.979346
5463 CNOT9_14 5471 0.002951
5463 CNOT9_14 5440 0.002951
5463 CNOT9_14 5472 0.002951
5463 CNOT9_14 5438 0.002951
5463 CNOT9_14 5469 0.002951
5463 CNOT9_14 5439 0.002951
5463 CNOT9_14 5470 0.002951
5463 CNOT9_8 5470 0.980776
5463 CNOT9_8 5440 0.002746
5463 CNOT9_8 5471 0.002746
5463 CNOT9_8 5438 0.002746
5463 CNOT9_8 5472 0.002746
5463 CNOT9_8 5439 0.002746
5463 CNOT9_8 5469 0.002746
5463 CNOT9_8 5441 0.002746
5463 MEAS9 5449 0.483100
5463 MEAS9 5450 0.016900
5463 MEAS9 5451 0.480200
5463 MEAS9 5452 0.019800
5463 X14 5466 0.998741
5463 X14 5463 0.000420
5463 X14 5462 0.000420
5463 X14 5467 0.000420
5464 CNOT9_14 5470 0.979346
5464 CNOT9_14 5440 0.002951
5464 CNOT9_14 5471 0.002951
5464 CNOT9_14 5438 0.002951
5464 CNOT9_14 5472 0.002951
5464 CNOT9_14 5439 0.002951
5464 CNOT9_14 5469 0.002951
5464 CNOT9_14 5441 0.002951
5464 CNOT9_8 5441 0.980776
5464 CNOT9_8 5471 0.002746
5464 CNOT9_8 5440 0.002746
5464 CNOT9_8 5472 0.002746
5464 CNOT9_8 5438 0.002746
5464 CNOT9_8 5469 0.002746
5464 CNOT9_8 5439 0.002746
5464 CNOT9_8 5470 0.002746
5464 MEAS9 5453 0.483100
5464 MEAS9 5454 0.016900
5464 MEAS9 5455 0.480200
5464 MEAS9 5456 0.019800
5464 X14 5468 0.998741
5464 X14 5464 0.000420
5464 X14 5465 0.000420
5464 X14 5461 0.000420
5465 CNOT9_14 5469 0.979346
5465 CNOT9_14 5438 0.002951
5465 CNOT9_14 5472 0.002951
5465 CNOT9_14 5440 0.002951
5465 CNOT9_14 5471 0.002951
5465 CNOT9_14 5441 0.002951
5465 CNOT9_14 5470 0.002951
5465 CNOT9_14 5439 0.002951
5465 CNOT9_8 5439 0.980776
5465 CNOT9_8 5472 0.002746
5465 CNOT9_8 5438 0.002746
5465 CNOT9_8 5471 0.002746
5465 CNOT9_8 5440 0.002746
5465 CNOT9_8 5470 0.002746
5465 CNOT9_8 5441 0.002746
5465 CNOT9_8 5469 0.002746
5465 MEAS9 5453 0.483100
5465 MEAS9 5454 0.016900
5465 MEAS9 5455 0.480200
5465 MEAS9 5456 0.019800
5465 X14 5461 0.998741
5465 X14 5465 0.000420
5465 X14 5464 0.000420
5465 X14 5468 0.000420
5466 CNOT9_14 5471 0.979346
5466 CNOT9_14 5441 0.002951
5466 CNOT9_14 5470 0.002951
5466 CNOT9_14 5439 0.002951
5466 CNOT9_14 5469 0.002951
5466 CNOT9_14 5438 0.002951
5466 CNOT9_14 5472 0.002951
5466 CNOT9_14 5440 0.002951
5466 CNOT9_8 5471 0.980776
5466 CNOT9_8 5441 0.002746
5466 CNOT9_8 5470 0.002746
5466 CNOT9_8 5439 0.002746
5466 CNOT9_8 5469 0.002746
5466 CNOT9_8 5438 0.002746
5466 CNOT9_8 5472 0.002746
5466 CNOT9_8 5440 0.002746
5466 MEAS9 5457 0.483100
5466 MEAS9 5458 0.016900
5466 MEAS9 5459 0.480200
5466 MEAS9 5460 0.019800
5466 X14 5463 0.998741
5466 X14 5466 0.000420
5466 X14 5467 0.000420
5466 X14 5462 0.000420
5467 CNOT9_14 5472 0.979346
5467 CNOT9_14 5439 0.002951
5467 CNOT9_14 5469 0.002951
5467 CNOT9_14 5441 0.002951
5467 CNOT9_14 5470 0.002951
5467 CNOT9_14 5440 0.002951
5467 CNOT9_14 5471 0.002951
5467 CNOT9_14 5438 0.002951
5467 CNOT9_8 5472 0.980776
5467 CNOT9_8 5439 0.002746
5467 CNOT9_8 5469 0.002746
5467 CNOT9_8 5441 0.002746
5467 CNOT9_8 5470 0.002746
5467 CNOT9_8 5440 0.002746
5467 CNOT9_8 5471 0.002746
5467 CNOT9_8 5438 0.002746
5467 MEAS9 5457 0.483100
5467 MEAS9 5458 0.016900
5467 MEAS9 5459 0.480200
5467 MEAS9 5460 0.019800
5467 X14 5462 0.998741
5467 X14 5467 0.000420
5467 X14 5466 0.000420
5467 X14 5463 0.000420
5468 CNOT9_14 5440 0.979346
5468 CNOT9_14 5470 0.002951
5468 CNOT9_14 5441 0.002951
5468 CNOT9_14 5469 0.002951
5468 CNOT9_14 5439 0.002951
5468 CNOT9_14 5472 0.002951
5468 CNOT9_14 5438 0.002951
5468 CNOT9_14 5471 0.002951
5468 CNOT9_8 5440 0.980776
5468 CNOT9_8 5470 0.002746
5468 CNOT9_8 5441 0.002746
5468 CNOT9_8 5469 0.002746
5468 CNOT9_8 5439 0.002746
5468 CNOT9_8 5472 0.002746
5468 CNOT9_8 5438 0.002746
5468 CNOT9_8 5471 0.002746
5468 MEAS9 5425 0.483100
5468 MEAS9 5446 0.016900
5468 MEAS9 5447 0.480200
5468 MEAS9 5448 0.019800
5468 X14 5464 0.998741
5468 X14 5468 0.000420
5468 X14 5461 0.000420
5468 X14 5465 0.000420
5469 CNOT9_14 5465 0.979346
5469 CNOT9_14 5467 0.002951
5469 CNOT9_14 5466 0.002951
5469 CNOT9_14 5468 0.002951
5469 CNOT9_14 5461 0.002951
5469 CNOT9_14 5463 0.002951
5469 CNOT9_14 5462 0.002951
5469 CNOT9_14 5464 0.002951
5469 CNOT9_8 5462 0.980776
5469 CNOT9_8 5467 0.002746
5469 CNOT9_8 5466 0.002746
5469 CNOT9_8 5468 0.002746
5469 CNOT9_8 5461 0.002746
5469 CNOT9_8 5464 0.002746
5469 CNOT9_8 5465 0.002746
5469 CNOT9_8 5463 0.002746
5469 MEAS9 5469 0.960400
5469 MEAS9 5442 0.039600
5469 X14 5472 0.998741
5469 X14 5469 0.000420
5469 X14 5470 0.000420
5469 X14 5471 0.000420
5470 CNOT9_14 5464 0.979346
5470 CNOT9_14 5466 0.002951
5470 CNOT9_14 5467 0.002951
5470 CNOT9_14 5461 0.002951
5470 CNOT9_14 5468 0.002951
5470 CNOT9_14 5462 0.002951
5470 CNOT9_14 5463 0.002951
5470 CNOT9_14 5465 0.002951
5470 CNOT9_8 5463 0.980776
5470 CNOT9_8 5466 0.002746
5470 CNOT9_8 5467 0.002746
5470 CNOT9_8 5461 0.002746
5470 CNOT9_8 5468 0.002746
5470 CNOT9_8 5465 0.002746
5470 CNOT9_8 5464 0.002746
5470 CNOT9_8 5462 0.002746
5470 MEAS9 5470 0.960400
5470 MEAS9 5443 0.039600
5470 X14 5471 0.998741
5470 X14 5470 0.000420
5470 X14 5469 0.000420
5470 X14 5472 0.000420
5471 CNOT9_14 5466 0.979346
5471 CNOT9_14 5464 0.002951
5471 CNOT9_14 5465 0.002951
5471 CNOT9_14 5462 0.002951
5471 CNOT9_14 5463 0.002951
5471 CNOT9_14 5461 0.002951
5471 CNOT9_14 5468 0.002951
5471 CNOT9_14 5467 0.002951
5471 CNOT9_8 5466 0.980776
5471 CNOT9_8 5463 0.002746
5471 CNOT9_8 5462 0.002746
5471 CNOT9_8 5465 0.002746
5471 CNOT9_8 5464 0.002746
5471 CNOT9_8 5461 0.002746
5471 CNOT9_8 5468 0.002746
5471 CNOT9_8 5467 0.002746
5471 MEAS9 5471 0.960400
5471 MEAS9 5444 0.039600
5471 X14 5470 0.998741
5471 X14 5471 0.000420
5471 X14 5472 0.000420
5471 X14 5469 0.000420
5472 CNOT9_14 5467 0.979346
5472 CNOT9_14 5465 0.002951
5472 CNOT9_14 5464 0.002951
5472 CNOT9_14 5463 0.002951
5472 CNOT9_14 5462 0.002951
5472 CNOT9_14 5468 0.002951
5472 CNOT9_14 5461 0.002951
5472 CNOT9_14 5466 0.002951
5472 CNOT9_8 5467 0.980776
5472 CNOT9_8 5462 0.002746
5472 CNOT9_8 5463 0.002746
5472 CNOT9_8 5464 0.002746
5472 CNOT9_8 5465 0.002746
5472 CNOT9_8 5468 0.002746
5472 CNOT9_8 5461 0.002746
5472 CNOT9_8 5466 0.002746
5472 MEAS9 5472 0.960400
5472 MEAS9 5445 0.039600
5472 X14 5469 0.998741
5472 X14 5472 0.000420
5472 X14 5471 0.000420
5472 X14 5470 0.000420
ENDPOMDP
