BEGINPOMDP
INITIALSTATE: 4369
STATES: 4369,4370,4371,4372,4373,4374,4375,4376,4377,4378,4379,4380,4381,4382,4383,4384,4385,4386,4387,4388,4389,4390,4391,4392,4393,4394,4395,4396,4397,4398,4399,4400,4401,4402,4403,4404,4405,4406,4407,4408,4409,4410,4411,4412,4413,4414,4415,4416
TARGETV: 4370,4372,4374,4379,4380,4381,4382,4384,4388,4389,4405,4410,4411,4412,4415,4416
GAMMA: 4369:0,4370:0,4371:0,4372:0,4373:0,4374:0,4375:0,4376:0,4377:0,4378:0,4379:0,4380:0,4381:0,4382:1,4383:1,4384:1,4385:1,4386:0,4387:0,4388:0,4389:0,4390:1,4391:1,4392:0,4393:0,4394:1,4395:1,4396:0,4397:0,4398:1,4399:1,4400:0,4401:0,4402:1,4403:1,4404:0,4405:1,4406:1,4407:1,4408:1,4409:1,4410:1,4411:1,4412:1,4413:1,4414:1,4415:1,4416:1
BEGINACTIONS
CNOT7_1 Instruction.CNOT 1 7
CNOT7_6 Instruction.CNOT 6 7
MEAS7 Instruction.MEAS None 7
X1 Instruction.X None 1
ENDACTIONS
4369 INIT_ 4370 0.250000
4369 INIT_ 4371 0.250000
4369 INIT_ 4372 0.250000
4369 INIT_ 4373 0.250000
4369 CNOT7_1 4369 0.931293
4369 CNOT7_1 4396 0.022902
4369 CNOT7_1 4397 0.022902
4369 CNOT7_1 4404 0.022902
4369 CNOT7_6 4369 0.962459
4369 CNOT7_6 4400 0.012514
4369 CNOT7_6 4393 0.012514
4369 CNOT7_6 4404 0.012514
4369 MEAS7 4369 0.916000
4369 MEAS7 4390 0.084000
4369 X1 4397 0.991647
4369 X1 4369 0.008353
4370 CNOT7_1 4374 0.919842
4370 CNOT7_1 4375 0.011451
4370 CNOT7_1 4376 0.011451
4370 CNOT7_1 4377 0.011451
4370 CNOT7_1 4378 0.011451
4370 CNOT7_1 4379 0.011451
4370 CNOT7_1 4380 0.011451
4370 CNOT7_1 4381 0.011451
4370 CNOT7_6 4374 0.956202
4370 CNOT7_6 4378 0.006257
4370 CNOT7_6 4377 0.006257
4370 CNOT7_6 4376 0.006257
4370 CNOT7_6 4375 0.006257
4370 CNOT7_6 4379 0.006257
4370 CNOT7_6 4380 0.006257
4370 CNOT7_6 4381 0.006257
4370 MEAS7 4370 0.916000
4370 MEAS7 4382 0.084000
4370 X1 4371 0.987470
4370 X1 4370 0.004177
4370 X1 4372 0.004177
4370 X1 4373 0.004177
4371 CNOT7_1 4375 0.919842
4371 CNOT7_1 4374 0.011451
4371 CNOT7_1 4381 0.011451
4371 CNOT7_1 4379 0.011451
4371 CNOT7_1 4380 0.011451
4371 CNOT7_1 4377 0.011451
4371 CNOT7_1 4378 0.011451
4371 CNOT7_1 4376 0.011451
4371 CNOT7_6 4378 0.956202
4371 CNOT7_6 4374 0.006257
4371 CNOT7_6 4381 0.006257
4371 CNOT7_6 4379 0.006257
4371 CNOT7_6 4380 0.006257
4371 CNOT7_6 4376 0.006257
4371 CNOT7_6 4375 0.006257
4371 CNOT7_6 4377 0.006257
4371 MEAS7 4371 0.916000
4371 MEAS7 4383 0.084000
4371 X1 4370 0.987470
4371 X1 4371 0.004177
4371 X1 4373 0.004177
4371 X1 4372 0.004177
4372 CNOT7_1 4381 0.919842
4372 CNOT7_1 4376 0.011451
4372 CNOT7_1 4375 0.011451
4372 CNOT7_1 4378 0.011451
4372 CNOT7_1 4377 0.011451
4372 CNOT7_1 4380 0.011451
4372 CNOT7_1 4379 0.011451
4372 CNOT7_1 4374 0.011451
4372 CNOT7_6 4381 0.956202
4372 CNOT7_6 4377 0.006257
4372 CNOT7_6 4378 0.006257
4372 CNOT7_6 4375 0.006257
4372 CNOT7_6 4376 0.006257
4372 CNOT7_6 4380 0.006257
4372 CNOT7_6 4379 0.006257
4372 CNOT7_6 4374 0.006257
4372 MEAS7 4372 0.916000
4372 MEAS7 4384 0.084000
4372 X1 4373 0.987470
4372 X1 4372 0.004177
4372 X1 4370 0.004177
4372 X1 4371 0.004177
4373 CNOT7_1 4376 0.919842
4373 CNOT7_1 4381 0.011451
4373 CNOT7_1 4374 0.011451
4373 CNOT7_1 4380 0.011451
4373 CNOT7_1 4379 0.011451
4373 CNOT7_1 4378 0.011451
4373 CNOT7_1 4377 0.011451
4373 CNOT7_1 4375 0.011451
4373 CNOT7_6 4377 0.956202
4373 CNOT7_6 4381 0.006257
4373 CNOT7_6 4374 0.006257
4373 CNOT7_6 4380 0.006257
4373 CNOT7_6 4379 0.006257
4373 CNOT7_6 4375 0.006257
4373 CNOT7_6 4376 0.006257
4373 CNOT7_6 4378 0.006257
4373 MEAS7 4373 0.916000
4373 MEAS7 4385 0.084000
4373 X1 4372 0.987470
4373 X1 4373 0.004177
4373 X1 4371 0.004177
4373 X1 4370 0.004177
4374 CNOT7_1 4370 0.919842
4374 CNOT7_1 4386 0.011451
4374 CNOT7_1 4371 0.011451
4374 CNOT7_1 4387 0.011451
4374 CNOT7_1 4373 0.011451
4374 CNOT7_1 4388 0.011451
4374 CNOT7_1 4372 0.011451
4374 CNOT7_1 4389 0.011451
4374 CNOT7_6 4370 0.956202
4374 CNOT7_6 4386 0.006257
4374 CNOT7_6 4371 0.006257
4374 CNOT7_6 4387 0.006257
4374 CNOT7_6 4373 0.006257
4374 CNOT7_6 4388 0.006257
4374 CNOT7_6 4372 0.006257
4374 CNOT7_6 4389 0.006257
4374 MEAS7 4369 0.458000
4374 MEAS7 4390 0.042000
4374 MEAS7 4391 0.353000
4374 MEAS7 4392 0.147000
4374 X1 4378 0.987470
4374 X1 4374 0.004177
4374 X1 4381 0.004177
4374 X1 4377 0.004177
4375 CNOT7_1 4371 0.919842
4375 CNOT7_1 4389 0.011451
4375 CNOT7_1 4370 0.011451
4375 CNOT7_1 4388 0.011451
4375 CNOT7_1 4372 0.011451
4375 CNOT7_1 4387 0.011451
4375 CNOT7_1 4373 0.011451
4375 CNOT7_1 4386 0.011451
4375 CNOT7_6 4386 0.956202
4375 CNOT7_6 4370 0.006257
4375 CNOT7_6 4389 0.006257
4375 CNOT7_6 4372 0.006257
4375 CNOT7_6 4388 0.006257
4375 CNOT7_6 4373 0.006257
4375 CNOT7_6 4387 0.006257
4375 CNOT7_6 4371 0.006257
4375 MEAS7 4393 0.458000
4375 MEAS7 4394 0.042000
4375 MEAS7 4395 0.353000
4375 MEAS7 4396 0.147000
4375 X1 4380 0.987470
4375 X1 4375 0.004177
4375 X1 4376 0.004177
4375 X1 4379 0.004177
4376 CNOT7_1 4373 0.919842
4376 CNOT7_1 4388 0.011451
4376 CNOT7_1 4372 0.011451
4376 CNOT7_1 4389 0.011451
4376 CNOT7_1 4370 0.011451
4376 CNOT7_1 4386 0.011451
4376 CNOT7_1 4371 0.011451
4376 CNOT7_1 4387 0.011451
4376 CNOT7_6 4387 0.956202
4376 CNOT7_6 4372 0.006257
4376 CNOT7_6 4388 0.006257
4376 CNOT7_6 4370 0.006257
4376 CNOT7_6 4389 0.006257
4376 CNOT7_6 4371 0.006257
4376 CNOT7_6 4386 0.006257
4376 CNOT7_6 4373 0.006257
4376 MEAS7 4393 0.458000
4376 MEAS7 4394 0.042000
4376 MEAS7 4395 0.353000
4376 MEAS7 4396 0.147000
4376 X1 4379 0.987470
4376 X1 4376 0.004177
4376 X1 4375 0.004177
4376 X1 4380 0.004177
4377 CNOT7_1 4387 0.919842
4377 CNOT7_1 4372 0.011451
4377 CNOT7_1 4388 0.011451
4377 CNOT7_1 4370 0.011451
4377 CNOT7_1 4389 0.011451
4377 CNOT7_1 4371 0.011451
4377 CNOT7_1 4386 0.011451
4377 CNOT7_1 4373 0.011451
4377 CNOT7_6 4373 0.956202
4377 CNOT7_6 4388 0.006257
4377 CNOT7_6 4372 0.006257
4377 CNOT7_6 4389 0.006257
4377 CNOT7_6 4370 0.006257
4377 CNOT7_6 4386 0.006257
4377 CNOT7_6 4371 0.006257
4377 CNOT7_6 4387 0.006257
4377 MEAS7 4397 0.458000
4377 MEAS7 4398 0.042000
4377 MEAS7 4399 0.353000
4377 MEAS7 4400 0.147000
4377 X1 4381 0.987470
4377 X1 4377 0.004177
4377 X1 4378 0.004177
4377 X1 4374 0.004177
4378 CNOT7_1 4386 0.919842
4378 CNOT7_1 4370 0.011451
4378 CNOT7_1 4389 0.011451
4378 CNOT7_1 4372 0.011451
4378 CNOT7_1 4388 0.011451
4378 CNOT7_1 4373 0.011451
4378 CNOT7_1 4387 0.011451
4378 CNOT7_1 4371 0.011451
4378 CNOT7_6 4371 0.956202
4378 CNOT7_6 4389 0.006257
4378 CNOT7_6 4370 0.006257
4378 CNOT7_6 4388 0.006257
4378 CNOT7_6 4372 0.006257
4378 CNOT7_6 4387 0.006257
4378 CNOT7_6 4373 0.006257
4378 CNOT7_6 4386 0.006257
4378 MEAS7 4397 0.458000
4378 MEAS7 4398 0.042000
4378 MEAS7 4399 0.353000
4378 MEAS7 4400 0.147000
4378 X1 4374 0.987470
4378 X1 4378 0.004177
4378 X1 4377 0.004177
4378 X1 4381 0.004177
4379 CNOT7_1 4388 0.919842
4379 CNOT7_1 4373 0.011451
4379 CNOT7_1 4387 0.011451
4379 CNOT7_1 4371 0.011451
4379 CNOT7_1 4386 0.011451
4379 CNOT7_1 4370 0.011451
4379 CNOT7_1 4389 0.011451
4379 CNOT7_1 4372 0.011451
4379 CNOT7_6 4388 0.956202
4379 CNOT7_6 4373 0.006257
4379 CNOT7_6 4387 0.006257
4379 CNOT7_6 4371 0.006257
4379 CNOT7_6 4386 0.006257
4379 CNOT7_6 4370 0.006257
4379 CNOT7_6 4389 0.006257
4379 CNOT7_6 4372 0.006257
4379 MEAS7 4401 0.458000
4379 MEAS7 4402 0.042000
4379 MEAS7 4403 0.353000
4379 MEAS7 4404 0.147000
4379 X1 4376 0.987470
4379 X1 4379 0.004177
4379 X1 4380 0.004177
4379 X1 4375 0.004177
4380 CNOT7_1 4389 0.919842
4380 CNOT7_1 4371 0.011451
4380 CNOT7_1 4386 0.011451
4380 CNOT7_1 4373 0.011451
4380 CNOT7_1 4387 0.011451
4380 CNOT7_1 4372 0.011451
4380 CNOT7_1 4388 0.011451
4380 CNOT7_1 4370 0.011451
4380 CNOT7_6 4389 0.956202
4380 CNOT7_6 4371 0.006257
4380 CNOT7_6 4386 0.006257
4380 CNOT7_6 4373 0.006257
4380 CNOT7_6 4387 0.006257
4380 CNOT7_6 4372 0.006257
4380 CNOT7_6 4388 0.006257
4380 CNOT7_6 4370 0.006257
4380 MEAS7 4401 0.458000
4380 MEAS7 4402 0.042000
4380 MEAS7 4403 0.353000
4380 MEAS7 4404 0.147000
4380 X1 4375 0.987470
4380 X1 4380 0.004177
4380 X1 4379 0.004177
4380 X1 4376 0.004177
4381 CNOT7_1 4372 0.919842
4381 CNOT7_1 4387 0.011451
4381 CNOT7_1 4373 0.011451
4381 CNOT7_1 4386 0.011451
4381 CNOT7_1 4371 0.011451
4381 CNOT7_1 4389 0.011451
4381 CNOT7_1 4370 0.011451
4381 CNOT7_1 4388 0.011451
4381 CNOT7_6 4372 0.956202
4381 CNOT7_6 4387 0.006257
4381 CNOT7_6 4373 0.006257
4381 CNOT7_6 4386 0.006257
4381 CNOT7_6 4371 0.006257
4381 CNOT7_6 4389 0.006257
4381 CNOT7_6 4370 0.006257
4381 CNOT7_6 4388 0.006257
4381 MEAS7 4369 0.458000
4381 MEAS7 4390 0.042000
4381 MEAS7 4391 0.353000
4381 MEAS7 4392 0.147000
4381 X1 4377 0.987470
4381 X1 4381 0.004177
4381 X1 4374 0.004177
4381 X1 4378 0.004177
4382 CNOT7_1 4405 0.919842
4382 CNOT7_1 4406 0.011451
4382 CNOT7_1 4407 0.011451
4382 CNOT7_1 4408 0.011451
4382 CNOT7_1 4409 0.011451
4382 CNOT7_1 4410 0.011451
4382 CNOT7_1 4411 0.011451
4382 CNOT7_1 4412 0.011451
4382 CNOT7_6 4405 0.956202
4382 CNOT7_6 4409 0.006257
4382 CNOT7_6 4408 0.006257
4382 CNOT7_6 4407 0.006257
4382 CNOT7_6 4406 0.006257
4382 CNOT7_6 4410 0.006257
4382 CNOT7_6 4411 0.006257
4382 CNOT7_6 4412 0.006257
4382 MEAS7 4370 0.916000
4382 MEAS7 4382 0.084000
4382 X1 4383 0.987470
4382 X1 4382 0.004177
4382 X1 4384 0.004177
4382 X1 4385 0.004177
4383 CNOT7_1 4406 0.919842
4383 CNOT7_1 4405 0.011451
4383 CNOT7_1 4412 0.011451
4383 CNOT7_1 4410 0.011451
4383 CNOT7_1 4411 0.011451
4383 CNOT7_1 4408 0.011451
4383 CNOT7_1 4409 0.011451
4383 CNOT7_1 4407 0.011451
4383 CNOT7_6 4409 0.956202
4383 CNOT7_6 4405 0.006257
4383 CNOT7_6 4412 0.006257
4383 CNOT7_6 4410 0.006257
4383 CNOT7_6 4411 0.006257
4383 CNOT7_6 4407 0.006257
4383 CNOT7_6 4406 0.006257
4383 CNOT7_6 4408 0.006257
4383 MEAS7 4371 0.916000
4383 MEAS7 4383 0.084000
4383 X1 4382 0.987470
4383 X1 4383 0.004177
4383 X1 4385 0.004177
4383 X1 4384 0.004177
4384 CNOT7_1 4412 0.919842
4384 CNOT7_1 4407 0.011451
4384 CNOT7_1 4406 0.011451
4384 CNOT7_1 4409 0.011451
4384 CNOT7_1 4408 0.011451
4384 CNOT7_1 4411 0.011451
4384 CNOT7_1 4410 0.011451
4384 CNOT7_1 4405 0.011451
4384 CNOT7_6 4412 0.956202
4384 CNOT7_6 4408 0.006257
4384 CNOT7_6 4409 0.006257
4384 CNOT7_6 4406 0.006257
4384 CNOT7_6 4407 0.006257
4384 CNOT7_6 4411 0.006257
4384 CNOT7_6 4410 0.006257
4384 CNOT7_6 4405 0.006257
4384 MEAS7 4372 0.916000
4384 MEAS7 4384 0.084000
4384 X1 4385 0.987470
4384 X1 4384 0.004177
4384 X1 4382 0.004177
4384 X1 4383 0.004177
4385 CNOT7_1 4407 0.919842
4385 CNOT7_1 4412 0.011451
4385 CNOT7_1 4405 0.011451
4385 CNOT7_1 4411 0.011451
4385 CNOT7_1 4410 0.011451
4385 CNOT7_1 4409 0.011451
4385 CNOT7_1 4408 0.011451
4385 CNOT7_1 4406 0.011451
4385 CNOT7_6 4408 0.956202
4385 CNOT7_6 4412 0.006257
4385 CNOT7_6 4405 0.006257
4385 CNOT7_6 4411 0.006257
4385 CNOT7_6 4410 0.006257
4385 CNOT7_6 4406 0.006257
4385 CNOT7_6 4407 0.006257
4385 CNOT7_6 4409 0.006257
4385 MEAS7 4373 0.916000
4385 MEAS7 4385 0.084000
4385 X1 4384 0.987470
4385 X1 4385 0.004177
4385 X1 4383 0.004177
4385 X1 4382 0.004177
4386 CNOT7_1 4378 0.919842
4386 CNOT7_1 4380 0.011451
4386 CNOT7_1 4379 0.011451
4386 CNOT7_1 4381 0.011451
4386 CNOT7_1 4374 0.011451
4386 CNOT7_1 4376 0.011451
4386 CNOT7_1 4375 0.011451
4386 CNOT7_1 4377 0.011451
4386 CNOT7_6 4375 0.956202
4386 CNOT7_6 4380 0.006257
4386 CNOT7_6 4379 0.006257
4386 CNOT7_6 4381 0.006257
4386 CNOT7_6 4374 0.006257
4386 CNOT7_6 4377 0.006257
4386 CNOT7_6 4378 0.006257
4386 CNOT7_6 4376 0.006257
4386 MEAS7 4413 0.706000
4386 MEAS7 4386 0.294000
4386 X1 4389 0.987470
4386 X1 4386 0.004177
4386 X1 4387 0.004177
4386 X1 4388 0.004177
4387 CNOT7_1 4377 0.919842
4387 CNOT7_1 4379 0.011451
4387 CNOT7_1 4380 0.011451
4387 CNOT7_1 4374 0.011451
4387 CNOT7_1 4381 0.011451
4387 CNOT7_1 4375 0.011451
4387 CNOT7_1 4376 0.011451
4387 CNOT7_1 4378 0.011451
4387 CNOT7_6 4376 0.956202
4387 CNOT7_6 4379 0.006257
4387 CNOT7_6 4380 0.006257
4387 CNOT7_6 4374 0.006257
4387 CNOT7_6 4381 0.006257
4387 CNOT7_6 4378 0.006257
4387 CNOT7_6 4377 0.006257
4387 CNOT7_6 4375 0.006257
4387 MEAS7 4414 0.706000
4387 MEAS7 4387 0.294000
4387 X1 4388 0.987470
4387 X1 4387 0.004177
4387 X1 4386 0.004177
4387 X1 4389 0.004177
4388 CNOT7_1 4379 0.919842
4388 CNOT7_1 4377 0.011451
4388 CNOT7_1 4378 0.011451
4388 CNOT7_1 4375 0.011451
4388 CNOT7_1 4376 0.011451
4388 CNOT7_1 4374 0.011451
4388 CNOT7_1 4381 0.011451
4388 CNOT7_1 4380 0.011451
4388 CNOT7_6 4379 0.956202
4388 CNOT7_6 4376 0.006257
4388 CNOT7_6 4375 0.006257
4388 CNOT7_6 4378 0.006257
4388 CNOT7_6 4377 0.006257
4388 CNOT7_6 4374 0.006257
4388 CNOT7_6 4381 0.006257
4388 CNOT7_6 4380 0.006257
4388 MEAS7 4415 0.706000
4388 MEAS7 4388 0.294000
4388 X1 4387 0.987470
4388 X1 4388 0.004177
4388 X1 4389 0.004177
4388 X1 4386 0.004177
4389 CNOT7_1 4380 0.919842
4389 CNOT7_1 4378 0.011451
4389 CNOT7_1 4377 0.011451
4389 CNOT7_1 4376 0.011451
4389 CNOT7_1 4375 0.011451
4389 CNOT7_1 4381 0.011451
4389 CNOT7_1 4374 0.011451
4389 CNOT7_1 4379 0.011451
4389 CNOT7_6 4380 0.956202
4389 CNOT7_6 4375 0.006257
4389 CNOT7_6 4376 0.006257
4389 CNOT7_6 4377 0.006257
4389 CNOT7_6 4378 0.006257
4389 CNOT7_6 4381 0.006257
4389 CNOT7_6 4374 0.006257
4389 CNOT7_6 4379 0.006257
4389 MEAS7 4416 0.706000
4389 MEAS7 4389 0.294000
4389 X1 4386 0.987470
4389 X1 4389 0.004177
4389 X1 4388 0.004177
4389 X1 4387 0.004177
4390 CNOT7_1 4390 0.931293
4390 CNOT7_1 4395 0.022902
4390 CNOT7_1 4398 0.022902
4390 CNOT7_1 4403 0.022902
4390 CNOT7_6 4390 0.962459
4390 CNOT7_6 4399 0.012514
4390 CNOT7_6 4394 0.012514
4390 CNOT7_6 4403 0.012514
4390 MEAS7 4369 0.916000
4390 MEAS7 4390 0.084000
4390 X1 4398 0.991647
4390 X1 4390 0.008353
4391 CNOT7_1 4402 0.931293
4391 CNOT7_1 4399 0.022902
4391 CNOT7_1 4394 0.022902
4391 CNOT7_1 4391 0.022902
4391 CNOT7_6 4402 0.962459
4391 CNOT7_6 4395 0.012514
4391 CNOT7_6 4398 0.012514
4391 CNOT7_6 4391 0.012514
4391 MEAS7 4391 0.706000
4391 MEAS7 4392 0.294000
4391 X1 4399 0.991647
4391 X1 4391 0.008353
4392 CNOT7_1 4401 0.931293
4392 CNOT7_1 4400 0.022902
4392 CNOT7_1 4393 0.022902
4392 CNOT7_1 4392 0.022902
4392 CNOT7_6 4401 0.962459
4392 CNOT7_6 4396 0.012514
4392 CNOT7_6 4397 0.012514
4392 CNOT7_6 4392 0.012514
4392 MEAS7 4391 0.706000
4392 MEAS7 4392 0.294000
4392 X1 4400 0.991647
4392 X1 4392 0.008353
4393 CNOT7_1 4393 0.931293
4393 CNOT7_1 4392 0.022902
4393 CNOT7_1 4401 0.022902
4393 CNOT7_1 4400 0.022902
4393 CNOT7_6 4400 0.962459
4393 CNOT7_6 4369 0.012514
4393 CNOT7_6 4404 0.012514
4393 CNOT7_6 4393 0.012514
4393 MEAS7 4393 0.916000
4393 MEAS7 4394 0.084000
4393 X1 4401 0.991647
4393 X1 4393 0.008353
4394 CNOT7_1 4394 0.931293
4394 CNOT7_1 4391 0.022902
4394 CNOT7_1 4402 0.022902
4394 CNOT7_1 4399 0.022902
4394 CNOT7_6 4399 0.962459
4394 CNOT7_6 4390 0.012514
4394 CNOT7_6 4403 0.012514
4394 CNOT7_6 4394 0.012514
4394 MEAS7 4393 0.916000
4394 MEAS7 4394 0.084000
4394 X1 4402 0.991647
4394 X1 4394 0.008353
4395 CNOT7_1 4398 0.931293
4395 CNOT7_1 4403 0.022902
4395 CNOT7_1 4390 0.022902
4395 CNOT7_1 4395 0.022902
4395 CNOT7_6 4395 0.962459
4395 CNOT7_6 4402 0.012514
4395 CNOT7_6 4391 0.012514
4395 CNOT7_6 4398 0.012514
4395 MEAS7 4395 0.706000
4395 MEAS7 4396 0.294000
4395 X1 4403 0.991647
4395 X1 4395 0.008353
4396 CNOT7_1 4397 0.931293
4396 CNOT7_1 4404 0.022902
4396 CNOT7_1 4369 0.022902
4396 CNOT7_1 4396 0.022902
4396 CNOT7_6 4396 0.962459
4396 CNOT7_6 4401 0.012514
4396 CNOT7_6 4392 0.012514
4396 CNOT7_6 4397 0.012514
4396 MEAS7 4395 0.706000
4396 MEAS7 4396 0.294000
4396 X1 4404 0.991647
4396 X1 4396 0.008353
4397 CNOT7_1 4396 0.931293
4397 CNOT7_1 4369 0.022902
4397 CNOT7_1 4404 0.022902
4397 CNOT7_1 4397 0.022902
4397 CNOT7_6 4397 0.962459
4397 CNOT7_6 4392 0.012514
4397 CNOT7_6 4401 0.012514
4397 CNOT7_6 4396 0.012514
4397 MEAS7 4397 0.916000
4397 MEAS7 4398 0.084000
4397 X1 4369 0.991647
4397 X1 4397 0.008353
4398 CNOT7_1 4395 0.931293
4398 CNOT7_1 4390 0.022902
4398 CNOT7_1 4403 0.022902
4398 CNOT7_1 4398 0.022902
4398 CNOT7_6 4398 0.962459
4398 CNOT7_6 4391 0.012514
4398 CNOT7_6 4402 0.012514
4398 CNOT7_6 4395 0.012514
4398 MEAS7 4397 0.916000
4398 MEAS7 4398 0.084000
4398 X1 4390 0.991647
4398 X1 4398 0.008353
4399 CNOT7_1 4399 0.931293
4399 CNOT7_1 4402 0.022902
4399 CNOT7_1 4391 0.022902
4399 CNOT7_1 4394 0.022902
4399 CNOT7_6 4394 0.962459
4399 CNOT7_6 4403 0.012514
4399 CNOT7_6 4390 0.012514
4399 CNOT7_6 4399 0.012514
4399 MEAS7 4399 0.706000
4399 MEAS7 4400 0.294000
4399 X1 4391 0.991647
4399 X1 4399 0.008353
4400 CNOT7_1 4400 0.931293
4400 CNOT7_1 4401 0.022902
4400 CNOT7_1 4392 0.022902
4400 CNOT7_1 4393 0.022902
4400 CNOT7_6 4393 0.962459
4400 CNOT7_6 4404 0.012514
4400 CNOT7_6 4369 0.012514
4400 CNOT7_6 4400 0.012514
4400 MEAS7 4399 0.706000
4400 MEAS7 4400 0.294000
4400 X1 4392 0.991647
4400 X1 4400 0.008353
4401 CNOT7_1 4392 0.931293
4401 CNOT7_1 4393 0.022902
4401 CNOT7_1 4400 0.022902
4401 CNOT7_1 4401 0.022902
4401 CNOT7_6 4392 0.962459
4401 CNOT7_6 4397 0.012514
4401 CNOT7_6 4396 0.012514
4401 CNOT7_6 4401 0.012514
4401 MEAS7 4401 0.916000
4401 MEAS7 4402 0.084000
4401 X1 4393 0.991647
4401 X1 4401 0.008353
4402 CNOT7_1 4391 0.931293
4402 CNOT7_1 4394 0.022902
4402 CNOT7_1 4399 0.022902
4402 CNOT7_1 4402 0.022902
4402 CNOT7_6 4391 0.962459
4402 CNOT7_6 4398 0.012514
4402 CNOT7_6 4395 0.012514
4402 CNOT7_6 4402 0.012514
4402 MEAS7 4401 0.916000
4402 MEAS7 4402 0.084000
4402 X1 4394 0.991647
4402 X1 4402 0.008353
4403 CNOT7_1 4403 0.931293
4403 CNOT7_1 4398 0.022902
4403 CNOT7_1 4395 0.022902
4403 CNOT7_1 4390 0.022902
4403 CNOT7_6 4403 0.962459
4403 CNOT7_6 4394 0.012514
4403 CNOT7_6 4399 0.012514
4403 CNOT7_6 4390 0.012514
4403 MEAS7 4403 0.706000
4403 MEAS7 4404 0.294000
4403 X1 4395 0.991647
4403 X1 4403 0.008353
4404 CNOT7_1 4404 0.931293
4404 CNOT7_1 4397 0.022902
4404 CNOT7_1 4396 0.022902
4404 CNOT7_1 4369 0.022902
4404 CNOT7_6 4404 0.962459
4404 CNOT7_6 4393 0.012514
4404 CNOT7_6 4400 0.012514
4404 CNOT7_6 4369 0.012514
4404 MEAS7 4403 0.706000
4404 MEAS7 4404 0.294000
4404 X1 4396 0.991647
4404 X1 4404 0.008353
4405 CNOT7_1 4382 0.919842
4405 CNOT7_1 4413 0.011451
4405 CNOT7_1 4383 0.011451
4405 CNOT7_1 4414 0.011451
4405 CNOT7_1 4385 0.011451
4405 CNOT7_1 4415 0.011451
4405 CNOT7_1 4384 0.011451
4405 CNOT7_1 4416 0.011451
4405 CNOT7_6 4382 0.956202
4405 CNOT7_6 4413 0.006257
4405 CNOT7_6 4383 0.006257
4405 CNOT7_6 4414 0.006257
4405 CNOT7_6 4385 0.006257
4405 CNOT7_6 4415 0.006257
4405 CNOT7_6 4384 0.006257
4405 CNOT7_6 4416 0.006257
4405 MEAS7 4369 0.458000
4405 MEAS7 4390 0.042000
4405 MEAS7 4391 0.353000
4405 MEAS7 4392 0.147000
4405 X1 4409 0.987470
4405 X1 4405 0.004177
4405 X1 4412 0.004177
4405 X1 4408 0.004177
4406 CNOT7_1 4383 0.919842
4406 CNOT7_1 4416 0.011451
4406 CNOT7_1 4382 0.011451
4406 CNOT7_1 4415 0.011451
4406 CNOT7_1 4384 0.011451
4406 CNOT7_1 4414 0.011451
4406 CNOT7_1 4385 0.011451
4406 CNOT7_1 4413 0.011451
4406 CNOT7_6 4413 0.956202
4406 CNOT7_6 4382 0.006257
4406 CNOT7_6 4416 0.006257
4406 CNOT7_6 4384 0.006257
4406 CNOT7_6 4415 0.006257
4406 CNOT7_6 4385 0.006257
4406 CNOT7_6 4414 0.006257
4406 CNOT7_6 4383 0.006257
4406 MEAS7 4393 0.458000
4406 MEAS7 4394 0.042000
4406 MEAS7 4395 0.353000
4406 MEAS7 4396 0.147000
4406 X1 4411 0.987470
4406 X1 4406 0.004177
4406 X1 4407 0.004177
4406 X1 4410 0.004177
4407 CNOT7_1 4385 0.919842
4407 CNOT7_1 4415 0.011451
4407 CNOT7_1 4384 0.011451
4407 CNOT7_1 4416 0.011451
4407 CNOT7_1 4382 0.011451
4407 CNOT7_1 4413 0.011451
4407 CNOT7_1 4383 0.011451
4407 CNOT7_1 4414 0.011451
4407 CNOT7_6 4414 0.956202
4407 CNOT7_6 4384 0.006257
4407 CNOT7_6 4415 0.006257
4407 CNOT7_6 4382 0.006257
4407 CNOT7_6 4416 0.006257
4407 CNOT7_6 4383 0.006257
4407 CNOT7_6 4413 0.006257
4407 CNOT7_6 4385 0.006257
4407 MEAS7 4393 0.458000
4407 MEAS7 4394 0.042000
4407 MEAS7 4395 0.353000
4407 MEAS7 4396 0.147000
4407 X1 4410 0.987470
4407 X1 4407 0.004177
4407 X1 4406 0.004177
4407 X1 4411 0.004177
4408 CNOT7_1 4414 0.919842
4408 CNOT7_1 4384 0.011451
4408 CNOT7_1 4415 0.011451
4408 CNOT7_1 4382 0.011451
4408 CNOT7_1 4416 0.011451
4408 CNOT7_1 4383 0.011451
4408 CNOT7_1 4413 0.011451
4408 CNOT7_1 4385 0.011451
4408 CNOT7_6 4385 0.956202
4408 CNOT7_6 4415 0.006257
4408 CNOT7_6 4384 0.006257
4408 CNOT7_6 4416 0.006257
4408 CNOT7_6 4382 0.006257
4408 CNOT7_6 4413 0.006257
4408 CNOT7_6 4383 0.006257
4408 CNOT7_6 4414 0.006257
4408 MEAS7 4397 0.458000
4408 MEAS7 4398 0.042000
4408 MEAS7 4399 0.353000
4408 MEAS7 4400 0.147000
4408 X1 4412 0.987470
4408 X1 4408 0.004177
4408 X1 4409 0.004177
4408 X1 4405 0.004177
4409 CNOT7_1 4413 0.919842
4409 CNOT7_1 4382 0.011451
4409 CNOT7_1 4416 0.011451
4409 CNOT7_1 4384 0.011451
4409 CNOT7_1 4415 0.011451
4409 CNOT7_1 4385 0.011451
4409 CNOT7_1 4414 0.011451
4409 CNOT7_1 4383 0.011451
4409 CNOT7_6 4383 0.956202
4409 CNOT7_6 4416 0.006257
4409 CNOT7_6 4382 0.006257
4409 CNOT7_6 4415 0.006257
4409 CNOT7_6 4384 0.006257
4409 CNOT7_6 4414 0.006257
4409 CNOT7_6 4385 0.006257
4409 CNOT7_6 4413 0.006257
4409 MEAS7 4397 0.458000
4409 MEAS7 4398 0.042000
4409 MEAS7 4399 0.353000
4409 MEAS7 4400 0.147000
4409 X1 4405 0.987470
4409 X1 4409 0.004177
4409 X1 4408 0.004177
4409 X1 4412 0.004177
4410 CNOT7_1 4415 0.919842
4410 CNOT7_1 4385 0.011451
4410 CNOT7_1 4414 0.011451
4410 CNOT7_1 4383 0.011451
4410 CNOT7_1 4413 0.011451
4410 CNOT7_1 4382 0.011451
4410 CNOT7_1 4416 0.011451
4410 CNOT7_1 4384 0.011451
4410 CNOT7_6 4415 0.956202
4410 CNOT7_6 4385 0.006257
4410 CNOT7_6 4414 0.006257
4410 CNOT7_6 4383 0.006257
4410 CNOT7_6 4413 0.006257
4410 CNOT7_6 4382 0.006257
4410 CNOT7_6 4416 0.006257
4410 CNOT7_6 4384 0.006257
4410 MEAS7 4401 0.458000
4410 MEAS7 4402 0.042000
4410 MEAS7 4403 0.353000
4410 MEAS7 4404 0.147000
4410 X1 4407 0.987470
4410 X1 4410 0.004177
4410 X1 4411 0.004177
4410 X1 4406 0.004177
4411 CNOT7_1 4416 0.919842
4411 CNOT7_1 4383 0.011451
4411 CNOT7_1 4413 0.011451
4411 CNOT7_1 4385 0.011451
4411 CNOT7_1 4414 0.011451
4411 CNOT7_1 4384 0.011451
4411 CNOT7_1 4415 0.011451
4411 CNOT7_1 4382 0.011451
4411 CNOT7_6 4416 0.956202
4411 CNOT7_6 4383 0.006257
4411 CNOT7_6 4413 0.006257
4411 CNOT7_6 4385 0.006257
4411 CNOT7_6 4414 0.006257
4411 CNOT7_6 4384 0.006257
4411 CNOT7_6 4415 0.006257
4411 CNOT7_6 4382 0.006257
4411 MEAS7 4401 0.458000
4411 MEAS7 4402 0.042000
4411 MEAS7 4403 0.353000
4411 MEAS7 4404 0.147000
4411 X1 4406 0.987470
4411 X1 4411 0.004177
4411 X1 4410 0.004177
4411 X1 4407 0.004177
4412 CNOT7_1 4384 0.919842
4412 CNOT7_1 4414 0.011451
4412 CNOT7_1 4385 0.011451
4412 CNOT7_1 4413 0.011451
4412 CNOT7_1 4383 0.011451
4412 CNOT7_1 4416 0.011451
4412 CNOT7_1 4382 0.011451
4412 CNOT7_1 4415 0.011451
4412 CNOT7_6 4384 0.956202
4412 CNOT7_6 4414 0.006257
4412 CNOT7_6 4385 0.006257
4412 CNOT7_6 4413 0.006257
4412 CNOT7_6 4383 0.006257
4412 CNOT7_6 4416 0.006257
4412 CNOT7_6 4382 0.006257
4412 CNOT7_6 4415 0.006257
4412 MEAS7 4369 0.458000
4412 MEAS7 4390 0.042000
4412 MEAS7 4391 0.353000
4412 MEAS7 4392 0.147000
4412 X1 4408 0.987470
4412 X1 4412 0.004177
4412 X1 4405 0.004177
4412 X1 4409 0.004177
4413 CNOT7_1 4409 0.919842
4413 CNOT7_1 4411 0.011451
4413 CNOT7_1 4410 0.011451
4413 CNOT7_1 4412 0.011451
4413 CNOT7_1 4405 0.011451
4413 CNOT7_1 4407 0.011451
4413 CNOT7_1 4406 0.011451
4413 CNOT7_1 4408 0.011451
4413 CNOT7_6 4406 0.956202
4413 CNOT7_6 4411 0.006257
4413 CNOT7_6 4410 0.006257
4413 CNOT7_6 4412 0.006257
4413 CNOT7_6 4405 0.006257
4413 CNOT7_6 4408 0.006257
4413 CNOT7_6 4409 0.006257
4413 CNOT7_6 4407 0.006257
4413 MEAS7 4413 0.706000
4413 MEAS7 4386 0.294000
4413 X1 4416 0.987470
4413 X1 4413 0.004177
4413 X1 4414 0.004177
4413 X1 4415 0.004177
4414 CNOT7_1 4408 0.919842
4414 CNOT7_1 4410 0.011451
4414 CNOT7_1 4411 0.011451
4414 CNOT7_1 4405 0.011451
4414 CNOT7_1 4412 0.011451
4414 CNOT7_1 4406 0.011451
4414 CNOT7_1 4407 0.011451
4414 CNOT7_1 4409 0.011451
4414 CNOT7_6 4407 0.956202
4414 CNOT7_6 4410 0.006257
4414 CNOT7_6 4411 0.006257
4414 CNOT7_6 4405 0.006257
4414 CNOT7_6 4412 0.006257
4414 CNOT7_6 4409 0.006257
4414 CNOT7_6 4408 0.006257
4414 CNOT7_6 4406 0.006257
4414 MEAS7 4414 0.706000
4414 MEAS7 4387 0.294000
4414 X1 4415 0.987470
4414 X1 4414 0.004177
4414 X1 4413 0.004177
4414 X1 4416 0.004177
4415 CNOT7_1 4410 0.919842
4415 CNOT7_1 4408 0.011451
4415 CNOT7_1 4409 0.011451
4415 CNOT7_1 4406 0.011451
4415 CNOT7_1 4407 0.011451
4415 CNOT7_1 4405 0.011451
4415 CNOT7_1 4412 0.011451
4415 CNOT7_1 4411 0.011451
4415 CNOT7_6 4410 0.956202
4415 CNOT7_6 4407 0.006257
4415 CNOT7_6 4406 0.006257
4415 CNOT7_6 4409 0.006257
4415 CNOT7_6 4408 0.006257
4415 CNOT7_6 4405 0.006257
4415 CNOT7_6 4412 0.006257
4415 CNOT7_6 4411 0.006257
4415 MEAS7 4415 0.706000
4415 MEAS7 4388 0.294000
4415 X1 4414 0.987470
4415 X1 4415 0.004177
4415 X1 4416 0.004177
4415 X1 4413 0.004177
4416 CNOT7_1 4411 0.919842
4416 CNOT7_1 4409 0.011451
4416 CNOT7_1 4408 0.011451
4416 CNOT7_1 4407 0.011451
4416 CNOT7_1 4406 0.011451
4416 CNOT7_1 4412 0.011451
4416 CNOT7_1 4405 0.011451
4416 CNOT7_1 4410 0.011451
4416 CNOT7_6 4411 0.956202
4416 CNOT7_6 4406 0.006257
4416 CNOT7_6 4407 0.006257
4416 CNOT7_6 4408 0.006257
4416 CNOT7_6 4409 0.006257
4416 CNOT7_6 4412 0.006257
4416 CNOT7_6 4405 0.006257
4416 CNOT7_6 4410 0.006257
4416 MEAS7 4416 0.706000
4416 MEAS7 4389 0.294000
4416 X1 4413 0.987470
4416 X1 4416 0.004177
4416 X1 4415 0.004177
4416 X1 4414 0.004177
ENDPOMDP
