BEGINPOMDP
INITIALSTATE: 673
STATES: 673,674,675,676,677,678,679,680,681,682,683,684,685,686,687,688,689,690,691,692,693,694,695,696,697,698,699,700,701,702,703,704,705,706,707,708,709,710,711,712,713,714,715,716,717,718,719,720
TARGETV: 674,676,678,683,684,685,686,688,692,693,709,714,715,716,719,720
GAMMA: 673:0,674:0,675:0,676:0,677:0,678:0,679:0,680:0,681:0,682:0,683:0,684:0,685:0,686:1,687:1,688:1,689:1,690:0,691:0,692:0,693:0,694:1,695:1,696:0,697:0,698:1,699:1,700:0,701:0,702:1,703:1,704:0,705:0,706:1,707:1,708:0,709:1,710:1,711:1,712:1,713:1,714:1,715:1,716:1,717:1,718:1,719:1,720:1
BEGINACTIONS
CNOT1_0 Instruction.CNOT 0 1
CNOT1_2 Instruction.CNOT 2 1
MEAS1 Instruction.MEAS None 1
X0 Instruction.X None 0
ENDACTIONS
673 INIT_ 674 0.250000
673 INIT_ 675 0.250000
673 INIT_ 676 0.250000
673 INIT_ 677 0.250000
673 CNOT1_0 673 0.981127
673 CNOT1_0 700 0.006291
673 CNOT1_0 701 0.006291
673 CNOT1_0 708 0.006291
673 CNOT1_2 673 0.989250
673 CNOT1_2 704 0.003583
673 CNOT1_2 697 0.003583
673 CNOT1_2 708 0.003583
673 MEAS1 673 0.988400
673 MEAS1 694 0.011600
673 X0 701 0.996134
673 X0 673 0.003866
674 CNOT1_0 678 0.977981
674 CNOT1_0 679 0.003146
674 CNOT1_0 680 0.003146
674 CNOT1_0 681 0.003146
674 CNOT1_0 682 0.003146
674 CNOT1_0 683 0.003146
674 CNOT1_0 684 0.003146
674 CNOT1_0 685 0.003146
674 CNOT1_2 678 0.987458
674 CNOT1_2 682 0.001792
674 CNOT1_2 681 0.001792
674 CNOT1_2 680 0.001792
674 CNOT1_2 679 0.001792
674 CNOT1_2 683 0.001792
674 CNOT1_2 684 0.001792
674 CNOT1_2 685 0.001792
674 MEAS1 674 0.988400
674 MEAS1 686 0.011600
674 X0 675 0.994202
674 X0 674 0.001933
674 X0 676 0.001933
674 X0 677 0.001933
675 CNOT1_0 679 0.977981
675 CNOT1_0 678 0.003146
675 CNOT1_0 685 0.003146
675 CNOT1_0 683 0.003146
675 CNOT1_0 684 0.003146
675 CNOT1_0 681 0.003146
675 CNOT1_0 682 0.003146
675 CNOT1_0 680 0.003146
675 CNOT1_2 682 0.987458
675 CNOT1_2 678 0.001792
675 CNOT1_2 685 0.001792
675 CNOT1_2 683 0.001792
675 CNOT1_2 684 0.001792
675 CNOT1_2 680 0.001792
675 CNOT1_2 679 0.001792
675 CNOT1_2 681 0.001792
675 MEAS1 675 0.988400
675 MEAS1 687 0.011600
675 X0 674 0.994202
675 X0 675 0.001933
675 X0 677 0.001933
675 X0 676 0.001933
676 CNOT1_0 685 0.977981
676 CNOT1_0 680 0.003146
676 CNOT1_0 679 0.003146
676 CNOT1_0 682 0.003146
676 CNOT1_0 681 0.003146
676 CNOT1_0 684 0.003146
676 CNOT1_0 683 0.003146
676 CNOT1_0 678 0.003146
676 CNOT1_2 685 0.987458
676 CNOT1_2 681 0.001792
676 CNOT1_2 682 0.001792
676 CNOT1_2 679 0.001792
676 CNOT1_2 680 0.001792
676 CNOT1_2 684 0.001792
676 CNOT1_2 683 0.001792
676 CNOT1_2 678 0.001792
676 MEAS1 676 0.988400
676 MEAS1 688 0.011600
676 X0 677 0.994202
676 X0 676 0.001933
676 X0 674 0.001933
676 X0 675 0.001933
677 CNOT1_0 680 0.977981
677 CNOT1_0 685 0.003146
677 CNOT1_0 678 0.003146
677 CNOT1_0 684 0.003146
677 CNOT1_0 683 0.003146
677 CNOT1_0 682 0.003146
677 CNOT1_0 681 0.003146
677 CNOT1_0 679 0.003146
677 CNOT1_2 681 0.987458
677 CNOT1_2 685 0.001792
677 CNOT1_2 678 0.001792
677 CNOT1_2 684 0.001792
677 CNOT1_2 683 0.001792
677 CNOT1_2 679 0.001792
677 CNOT1_2 680 0.001792
677 CNOT1_2 682 0.001792
677 MEAS1 677 0.988400
677 MEAS1 689 0.011600
677 X0 676 0.994202
677 X0 677 0.001933
677 X0 675 0.001933
677 X0 674 0.001933
678 CNOT1_0 674 0.977981
678 CNOT1_0 690 0.003146
678 CNOT1_0 675 0.003146
678 CNOT1_0 691 0.003146
678 CNOT1_0 677 0.003146
678 CNOT1_0 692 0.003146
678 CNOT1_0 676 0.003146
678 CNOT1_0 693 0.003146
678 CNOT1_2 674 0.987458
678 CNOT1_2 690 0.001792
678 CNOT1_2 675 0.001792
678 CNOT1_2 691 0.001792
678 CNOT1_2 677 0.001792
678 CNOT1_2 692 0.001792
678 CNOT1_2 676 0.001792
678 CNOT1_2 693 0.001792
678 MEAS1 673 0.494200
678 MEAS1 694 0.005800
678 MEAS1 695 0.485400
678 MEAS1 696 0.014600
678 X0 682 0.994202
678 X0 678 0.001933
678 X0 685 0.001933
678 X0 681 0.001933
679 CNOT1_0 675 0.977981
679 CNOT1_0 693 0.003146
679 CNOT1_0 674 0.003146
679 CNOT1_0 692 0.003146
679 CNOT1_0 676 0.003146
679 CNOT1_0 691 0.003146
679 CNOT1_0 677 0.003146
679 CNOT1_0 690 0.003146
679 CNOT1_2 690 0.987458
679 CNOT1_2 674 0.001792
679 CNOT1_2 693 0.001792
679 CNOT1_2 676 0.001792
679 CNOT1_2 692 0.001792
679 CNOT1_2 677 0.001792
679 CNOT1_2 691 0.001792
679 CNOT1_2 675 0.001792
679 MEAS1 697 0.494200
679 MEAS1 698 0.005800
679 MEAS1 699 0.485400
679 MEAS1 700 0.014600
679 X0 684 0.994202
679 X0 679 0.001933
679 X0 680 0.001933
679 X0 683 0.001933
680 CNOT1_0 677 0.977981
680 CNOT1_0 692 0.003146
680 CNOT1_0 676 0.003146
680 CNOT1_0 693 0.003146
680 CNOT1_0 674 0.003146
680 CNOT1_0 690 0.003146
680 CNOT1_0 675 0.003146
680 CNOT1_0 691 0.003146
680 CNOT1_2 691 0.987458
680 CNOT1_2 676 0.001792
680 CNOT1_2 692 0.001792
680 CNOT1_2 674 0.001792
680 CNOT1_2 693 0.001792
680 CNOT1_2 675 0.001792
680 CNOT1_2 690 0.001792
680 CNOT1_2 677 0.001792
680 MEAS1 697 0.494200
680 MEAS1 698 0.005800
680 MEAS1 699 0.485400
680 MEAS1 700 0.014600
680 X0 683 0.994202
680 X0 680 0.001933
680 X0 679 0.001933
680 X0 684 0.001933
681 CNOT1_0 691 0.977981
681 CNOT1_0 676 0.003146
681 CNOT1_0 692 0.003146
681 CNOT1_0 674 0.003146
681 CNOT1_0 693 0.003146
681 CNOT1_0 675 0.003146
681 CNOT1_0 690 0.003146
681 CNOT1_0 677 0.003146
681 CNOT1_2 677 0.987458
681 CNOT1_2 692 0.001792
681 CNOT1_2 676 0.001792
681 CNOT1_2 693 0.001792
681 CNOT1_2 674 0.001792
681 CNOT1_2 690 0.001792
681 CNOT1_2 675 0.001792
681 CNOT1_2 691 0.001792
681 MEAS1 701 0.494200
681 MEAS1 702 0.005800
681 MEAS1 703 0.485400
681 MEAS1 704 0.014600
681 X0 685 0.994202
681 X0 681 0.001933
681 X0 682 0.001933
681 X0 678 0.001933
682 CNOT1_0 690 0.977981
682 CNOT1_0 674 0.003146
682 CNOT1_0 693 0.003146
682 CNOT1_0 676 0.003146
682 CNOT1_0 692 0.003146
682 CNOT1_0 677 0.003146
682 CNOT1_0 691 0.003146
682 CNOT1_0 675 0.003146
682 CNOT1_2 675 0.987458
682 CNOT1_2 693 0.001792
682 CNOT1_2 674 0.001792
682 CNOT1_2 692 0.001792
682 CNOT1_2 676 0.001792
682 CNOT1_2 691 0.001792
682 CNOT1_2 677 0.001792
682 CNOT1_2 690 0.001792
682 MEAS1 701 0.494200
682 MEAS1 702 0.005800
682 MEAS1 703 0.485400
682 MEAS1 704 0.014600
682 X0 678 0.994202
682 X0 682 0.001933
682 X0 681 0.001933
682 X0 685 0.001933
683 CNOT1_0 692 0.977981
683 CNOT1_0 677 0.003146
683 CNOT1_0 691 0.003146
683 CNOT1_0 675 0.003146
683 CNOT1_0 690 0.003146
683 CNOT1_0 674 0.003146
683 CNOT1_0 693 0.003146
683 CNOT1_0 676 0.003146
683 CNOT1_2 692 0.987458
683 CNOT1_2 677 0.001792
683 CNOT1_2 691 0.001792
683 CNOT1_2 675 0.001792
683 CNOT1_2 690 0.001792
683 CNOT1_2 674 0.001792
683 CNOT1_2 693 0.001792
683 CNOT1_2 676 0.001792
683 MEAS1 705 0.494200
683 MEAS1 706 0.005800
683 MEAS1 707 0.485400
683 MEAS1 708 0.014600
683 X0 680 0.994202
683 X0 683 0.001933
683 X0 684 0.001933
683 X0 679 0.001933
684 CNOT1_0 693 0.977981
684 CNOT1_0 675 0.003146
684 CNOT1_0 690 0.003146
684 CNOT1_0 677 0.003146
684 CNOT1_0 691 0.003146
684 CNOT1_0 676 0.003146
684 CNOT1_0 692 0.003146
684 CNOT1_0 674 0.003146
684 CNOT1_2 693 0.987458
684 CNOT1_2 675 0.001792
684 CNOT1_2 690 0.001792
684 CNOT1_2 677 0.001792
684 CNOT1_2 691 0.001792
684 CNOT1_2 676 0.001792
684 CNOT1_2 692 0.001792
684 CNOT1_2 674 0.001792
684 MEAS1 705 0.494200
684 MEAS1 706 0.005800
684 MEAS1 707 0.485400
684 MEAS1 708 0.014600
684 X0 679 0.994202
684 X0 684 0.001933
684 X0 683 0.001933
684 X0 680 0.001933
685 CNOT1_0 676 0.977981
685 CNOT1_0 691 0.003146
685 CNOT1_0 677 0.003146
685 CNOT1_0 690 0.003146
685 CNOT1_0 675 0.003146
685 CNOT1_0 693 0.003146
685 CNOT1_0 674 0.003146
685 CNOT1_0 692 0.003146
685 CNOT1_2 676 0.987458
685 CNOT1_2 691 0.001792
685 CNOT1_2 677 0.001792
685 CNOT1_2 690 0.001792
685 CNOT1_2 675 0.001792
685 CNOT1_2 693 0.001792
685 CNOT1_2 674 0.001792
685 CNOT1_2 692 0.001792
685 MEAS1 673 0.494200
685 MEAS1 694 0.005800
685 MEAS1 695 0.485400
685 MEAS1 696 0.014600
685 X0 681 0.994202
685 X0 685 0.001933
685 X0 678 0.001933
685 X0 682 0.001933
686 CNOT1_0 709 0.977981
686 CNOT1_0 710 0.003146
686 CNOT1_0 711 0.003146
686 CNOT1_0 712 0.003146
686 CNOT1_0 713 0.003146
686 CNOT1_0 714 0.003146
686 CNOT1_0 715 0.003146
686 CNOT1_0 716 0.003146
686 CNOT1_2 709 0.987458
686 CNOT1_2 713 0.001792
686 CNOT1_2 712 0.001792
686 CNOT1_2 711 0.001792
686 CNOT1_2 710 0.001792
686 CNOT1_2 714 0.001792
686 CNOT1_2 715 0.001792
686 CNOT1_2 716 0.001792
686 MEAS1 674 0.988400
686 MEAS1 686 0.011600
686 X0 687 0.994202
686 X0 686 0.001933
686 X0 688 0.001933
686 X0 689 0.001933
687 CNOT1_0 710 0.977981
687 CNOT1_0 709 0.003146
687 CNOT1_0 716 0.003146
687 CNOT1_0 714 0.003146
687 CNOT1_0 715 0.003146
687 CNOT1_0 712 0.003146
687 CNOT1_0 713 0.003146
687 CNOT1_0 711 0.003146
687 CNOT1_2 713 0.987458
687 CNOT1_2 709 0.001792
687 CNOT1_2 716 0.001792
687 CNOT1_2 714 0.001792
687 CNOT1_2 715 0.001792
687 CNOT1_2 711 0.001792
687 CNOT1_2 710 0.001792
687 CNOT1_2 712 0.001792
687 MEAS1 675 0.988400
687 MEAS1 687 0.011600
687 X0 686 0.994202
687 X0 687 0.001933
687 X0 689 0.001933
687 X0 688 0.001933
688 CNOT1_0 716 0.977981
688 CNOT1_0 711 0.003146
688 CNOT1_0 710 0.003146
688 CNOT1_0 713 0.003146
688 CNOT1_0 712 0.003146
688 CNOT1_0 715 0.003146
688 CNOT1_0 714 0.003146
688 CNOT1_0 709 0.003146
688 CNOT1_2 716 0.987458
688 CNOT1_2 712 0.001792
688 CNOT1_2 713 0.001792
688 CNOT1_2 710 0.001792
688 CNOT1_2 711 0.001792
688 CNOT1_2 715 0.001792
688 CNOT1_2 714 0.001792
688 CNOT1_2 709 0.001792
688 MEAS1 676 0.988400
688 MEAS1 688 0.011600
688 X0 689 0.994202
688 X0 688 0.001933
688 X0 686 0.001933
688 X0 687 0.001933
689 CNOT1_0 711 0.977981
689 CNOT1_0 716 0.003146
689 CNOT1_0 709 0.003146
689 CNOT1_0 715 0.003146
689 CNOT1_0 714 0.003146
689 CNOT1_0 713 0.003146
689 CNOT1_0 712 0.003146
689 CNOT1_0 710 0.003146
689 CNOT1_2 712 0.987458
689 CNOT1_2 716 0.001792
689 CNOT1_2 709 0.001792
689 CNOT1_2 715 0.001792
689 CNOT1_2 714 0.001792
689 CNOT1_2 710 0.001792
689 CNOT1_2 711 0.001792
689 CNOT1_2 713 0.001792
689 MEAS1 677 0.988400
689 MEAS1 689 0.011600
689 X0 688 0.994202
689 X0 689 0.001933
689 X0 687 0.001933
689 X0 686 0.001933
690 CNOT1_0 682 0.977981
690 CNOT1_0 684 0.003146
690 CNOT1_0 683 0.003146
690 CNOT1_0 685 0.003146
690 CNOT1_0 678 0.003146
690 CNOT1_0 680 0.003146
690 CNOT1_0 679 0.003146
690 CNOT1_0 681 0.003146
690 CNOT1_2 679 0.987458
690 CNOT1_2 684 0.001792
690 CNOT1_2 683 0.001792
690 CNOT1_2 685 0.001792
690 CNOT1_2 678 0.001792
690 CNOT1_2 681 0.001792
690 CNOT1_2 682 0.001792
690 CNOT1_2 680 0.001792
690 MEAS1 717 0.970800
690 MEAS1 690 0.029200
690 X0 693 0.994202
690 X0 690 0.001933
690 X0 691 0.001933
690 X0 692 0.001933
691 CNOT1_0 681 0.977981
691 CNOT1_0 683 0.003146
691 CNOT1_0 684 0.003146
691 CNOT1_0 678 0.003146
691 CNOT1_0 685 0.003146
691 CNOT1_0 679 0.003146
691 CNOT1_0 680 0.003146
691 CNOT1_0 682 0.003146
691 CNOT1_2 680 0.987458
691 CNOT1_2 683 0.001792
691 CNOT1_2 684 0.001792
691 CNOT1_2 678 0.001792
691 CNOT1_2 685 0.001792
691 CNOT1_2 682 0.001792
691 CNOT1_2 681 0.001792
691 CNOT1_2 679 0.001792
691 MEAS1 718 0.970800
691 MEAS1 691 0.029200
691 X0 692 0.994202
691 X0 691 0.001933
691 X0 690 0.001933
691 X0 693 0.001933
692 CNOT1_0 683 0.977981
692 CNOT1_0 681 0.003146
692 CNOT1_0 682 0.003146
692 CNOT1_0 679 0.003146
692 CNOT1_0 680 0.003146
692 CNOT1_0 678 0.003146
692 CNOT1_0 685 0.003146
692 CNOT1_0 684 0.003146
692 CNOT1_2 683 0.987458
692 CNOT1_2 680 0.001792
692 CNOT1_2 679 0.001792
692 CNOT1_2 682 0.001792
692 CNOT1_2 681 0.001792
692 CNOT1_2 678 0.001792
692 CNOT1_2 685 0.001792
692 CNOT1_2 684 0.001792
692 MEAS1 719 0.970800
692 MEAS1 692 0.029200
692 X0 691 0.994202
692 X0 692 0.001933
692 X0 693 0.001933
692 X0 690 0.001933
693 CNOT1_0 684 0.977981
693 CNOT1_0 682 0.003146
693 CNOT1_0 681 0.003146
693 CNOT1_0 680 0.003146
693 CNOT1_0 679 0.003146
693 CNOT1_0 685 0.003146
693 CNOT1_0 678 0.003146
693 CNOT1_0 683 0.003146
693 CNOT1_2 684 0.987458
693 CNOT1_2 679 0.001792
693 CNOT1_2 680 0.001792
693 CNOT1_2 681 0.001792
693 CNOT1_2 682 0.001792
693 CNOT1_2 685 0.001792
693 CNOT1_2 678 0.001792
693 CNOT1_2 683 0.001792
693 MEAS1 720 0.970800
693 MEAS1 693 0.029200
693 X0 690 0.994202
693 X0 693 0.001933
693 X0 692 0.001933
693 X0 691 0.001933
694 CNOT1_0 694 0.981127
694 CNOT1_0 699 0.006291
694 CNOT1_0 702 0.006291
694 CNOT1_0 707 0.006291
694 CNOT1_2 694 0.989250
694 CNOT1_2 703 0.003583
694 CNOT1_2 698 0.003583
694 CNOT1_2 707 0.003583
694 MEAS1 673 0.988400
694 MEAS1 694 0.011600
694 X0 702 0.996134
694 X0 694 0.003866
695 CNOT1_0 706 0.981127
695 CNOT1_0 703 0.006291
695 CNOT1_0 698 0.006291
695 CNOT1_0 695 0.006291
695 CNOT1_2 706 0.989250
695 CNOT1_2 699 0.003583
695 CNOT1_2 702 0.003583
695 CNOT1_2 695 0.003583
695 MEAS1 695 0.970800
695 MEAS1 696 0.029200
695 X0 703 0.996134
695 X0 695 0.003866
696 CNOT1_0 705 0.981127
696 CNOT1_0 704 0.006291
696 CNOT1_0 697 0.006291
696 CNOT1_0 696 0.006291
696 CNOT1_2 705 0.989250
696 CNOT1_2 700 0.003583
696 CNOT1_2 701 0.003583
696 CNOT1_2 696 0.003583
696 MEAS1 695 0.970800
696 MEAS1 696 0.029200
696 X0 704 0.996134
696 X0 696 0.003866
697 CNOT1_0 697 0.981127
697 CNOT1_0 696 0.006291
697 CNOT1_0 705 0.006291
697 CNOT1_0 704 0.006291
697 CNOT1_2 704 0.989250
697 CNOT1_2 673 0.003583
697 CNOT1_2 708 0.003583
697 CNOT1_2 697 0.003583
697 MEAS1 697 0.988400
697 MEAS1 698 0.011600
697 X0 705 0.996134
697 X0 697 0.003866
698 CNOT1_0 698 0.981127
698 CNOT1_0 695 0.006291
698 CNOT1_0 706 0.006291
698 CNOT1_0 703 0.006291
698 CNOT1_2 703 0.989250
698 CNOT1_2 694 0.003583
698 CNOT1_2 707 0.003583
698 CNOT1_2 698 0.003583
698 MEAS1 697 0.988400
698 MEAS1 698 0.011600
698 X0 706 0.996134
698 X0 698 0.003866
699 CNOT1_0 702 0.981127
699 CNOT1_0 707 0.006291
699 CNOT1_0 694 0.006291
699 CNOT1_0 699 0.006291
699 CNOT1_2 699 0.989250
699 CNOT1_2 706 0.003583
699 CNOT1_2 695 0.003583
699 CNOT1_2 702 0.003583
699 MEAS1 699 0.970800
699 MEAS1 700 0.029200
699 X0 707 0.996134
699 X0 699 0.003866
700 CNOT1_0 701 0.981127
700 CNOT1_0 708 0.006291
700 CNOT1_0 673 0.006291
700 CNOT1_0 700 0.006291
700 CNOT1_2 700 0.989250
700 CNOT1_2 705 0.003583
700 CNOT1_2 696 0.003583
700 CNOT1_2 701 0.003583
700 MEAS1 699 0.970800
700 MEAS1 700 0.029200
700 X0 708 0.996134
700 X0 700 0.003866
701 CNOT1_0 700 0.981127
701 CNOT1_0 673 0.006291
701 CNOT1_0 708 0.006291
701 CNOT1_0 701 0.006291
701 CNOT1_2 701 0.989250
701 CNOT1_2 696 0.003583
701 CNOT1_2 705 0.003583
701 CNOT1_2 700 0.003583
701 MEAS1 701 0.988400
701 MEAS1 702 0.011600
701 X0 673 0.996134
701 X0 701 0.003866
702 CNOT1_0 699 0.981127
702 CNOT1_0 694 0.006291
702 CNOT1_0 707 0.006291
702 CNOT1_0 702 0.006291
702 CNOT1_2 702 0.989250
702 CNOT1_2 695 0.003583
702 CNOT1_2 706 0.003583
702 CNOT1_2 699 0.003583
702 MEAS1 701 0.988400
702 MEAS1 702 0.011600
702 X0 694 0.996134
702 X0 702 0.003866
703 CNOT1_0 703 0.981127
703 CNOT1_0 706 0.006291
703 CNOT1_0 695 0.006291
703 CNOT1_0 698 0.006291
703 CNOT1_2 698 0.989250
703 CNOT1_2 707 0.003583
703 CNOT1_2 694 0.003583
703 CNOT1_2 703 0.003583
703 MEAS1 703 0.970800
703 MEAS1 704 0.029200
703 X0 695 0.996134
703 X0 703 0.003866
704 CNOT1_0 704 0.981127
704 CNOT1_0 705 0.006291
704 CNOT1_0 696 0.006291
704 CNOT1_0 697 0.006291
704 CNOT1_2 697 0.989250
704 CNOT1_2 708 0.003583
704 CNOT1_2 673 0.003583
704 CNOT1_2 704 0.003583
704 MEAS1 703 0.970800
704 MEAS1 704 0.029200
704 X0 696 0.996134
704 X0 704 0.003866
705 CNOT1_0 696 0.981127
705 CNOT1_0 697 0.006291
705 CNOT1_0 704 0.006291
705 CNOT1_0 705 0.006291
705 CNOT1_2 696 0.989250
705 CNOT1_2 701 0.003583
705 CNOT1_2 700 0.003583
705 CNOT1_2 705 0.003583
705 MEAS1 705 0.988400
705 MEAS1 706 0.011600
705 X0 697 0.996134
705 X0 705 0.003866
706 CNOT1_0 695 0.981127
706 CNOT1_0 698 0.006291
706 CNOT1_0 703 0.006291
706 CNOT1_0 706 0.006291
706 CNOT1_2 695 0.989250
706 CNOT1_2 702 0.003583
706 CNOT1_2 699 0.003583
706 CNOT1_2 706 0.003583
706 MEAS1 705 0.988400
706 MEAS1 706 0.011600
706 X0 698 0.996134
706 X0 706 0.003866
707 CNOT1_0 707 0.981127
707 CNOT1_0 702 0.006291
707 CNOT1_0 699 0.006291
707 CNOT1_0 694 0.006291
707 CNOT1_2 707 0.989250
707 CNOT1_2 698 0.003583
707 CNOT1_2 703 0.003583
707 CNOT1_2 694 0.003583
707 MEAS1 707 0.970800
707 MEAS1 708 0.029200
707 X0 699 0.996134
707 X0 707 0.003866
708 CNOT1_0 708 0.981127
708 CNOT1_0 701 0.006291
708 CNOT1_0 700 0.006291
708 CNOT1_0 673 0.006291
708 CNOT1_2 708 0.989250
708 CNOT1_2 697 0.003583
708 CNOT1_2 704 0.003583
708 CNOT1_2 673 0.003583
708 MEAS1 707 0.970800
708 MEAS1 708 0.029200
708 X0 700 0.996134
708 X0 708 0.003866
709 CNOT1_0 686 0.977981
709 CNOT1_0 717 0.003146
709 CNOT1_0 687 0.003146
709 CNOT1_0 718 0.003146
709 CNOT1_0 689 0.003146
709 CNOT1_0 719 0.003146
709 CNOT1_0 688 0.003146
709 CNOT1_0 720 0.003146
709 CNOT1_2 686 0.987458
709 CNOT1_2 717 0.001792
709 CNOT1_2 687 0.001792
709 CNOT1_2 718 0.001792
709 CNOT1_2 689 0.001792
709 CNOT1_2 719 0.001792
709 CNOT1_2 688 0.001792
709 CNOT1_2 720 0.001792
709 MEAS1 673 0.494200
709 MEAS1 694 0.005800
709 MEAS1 695 0.485400
709 MEAS1 696 0.014600
709 X0 713 0.994202
709 X0 709 0.001933
709 X0 716 0.001933
709 X0 712 0.001933
710 CNOT1_0 687 0.977981
710 CNOT1_0 720 0.003146
710 CNOT1_0 686 0.003146
710 CNOT1_0 719 0.003146
710 CNOT1_0 688 0.003146
710 CNOT1_0 718 0.003146
710 CNOT1_0 689 0.003146
710 CNOT1_0 717 0.003146
710 CNOT1_2 717 0.987458
710 CNOT1_2 686 0.001792
710 CNOT1_2 720 0.001792
710 CNOT1_2 688 0.001792
710 CNOT1_2 719 0.001792
710 CNOT1_2 689 0.001792
710 CNOT1_2 718 0.001792
710 CNOT1_2 687 0.001792
710 MEAS1 697 0.494200
710 MEAS1 698 0.005800
710 MEAS1 699 0.485400
710 MEAS1 700 0.014600
710 X0 715 0.994202
710 X0 710 0.001933
710 X0 711 0.001933
710 X0 714 0.001933
711 CNOT1_0 689 0.977981
711 CNOT1_0 719 0.003146
711 CNOT1_0 688 0.003146
711 CNOT1_0 720 0.003146
711 CNOT1_0 686 0.003146
711 CNOT1_0 717 0.003146
711 CNOT1_0 687 0.003146
711 CNOT1_0 718 0.003146
711 CNOT1_2 718 0.987458
711 CNOT1_2 688 0.001792
711 CNOT1_2 719 0.001792
711 CNOT1_2 686 0.001792
711 CNOT1_2 720 0.001792
711 CNOT1_2 687 0.001792
711 CNOT1_2 717 0.001792
711 CNOT1_2 689 0.001792
711 MEAS1 697 0.494200
711 MEAS1 698 0.005800
711 MEAS1 699 0.485400
711 MEAS1 700 0.014600
711 X0 714 0.994202
711 X0 711 0.001933
711 X0 710 0.001933
711 X0 715 0.001933
712 CNOT1_0 718 0.977981
712 CNOT1_0 688 0.003146
712 CNOT1_0 719 0.003146
712 CNOT1_0 686 0.003146
712 CNOT1_0 720 0.003146
712 CNOT1_0 687 0.003146
712 CNOT1_0 717 0.003146
712 CNOT1_0 689 0.003146
712 CNOT1_2 689 0.987458
712 CNOT1_2 719 0.001792
712 CNOT1_2 688 0.001792
712 CNOT1_2 720 0.001792
712 CNOT1_2 686 0.001792
712 CNOT1_2 717 0.001792
712 CNOT1_2 687 0.001792
712 CNOT1_2 718 0.001792
712 MEAS1 701 0.494200
712 MEAS1 702 0.005800
712 MEAS1 703 0.485400
712 MEAS1 704 0.014600
712 X0 716 0.994202
712 X0 712 0.001933
712 X0 713 0.001933
712 X0 709 0.001933
713 CNOT1_0 717 0.977981
713 CNOT1_0 686 0.003146
713 CNOT1_0 720 0.003146
713 CNOT1_0 688 0.003146
713 CNOT1_0 719 0.003146
713 CNOT1_0 689 0.003146
713 CNOT1_0 718 0.003146
713 CNOT1_0 687 0.003146
713 CNOT1_2 687 0.987458
713 CNOT1_2 720 0.001792
713 CNOT1_2 686 0.001792
713 CNOT1_2 719 0.001792
713 CNOT1_2 688 0.001792
713 CNOT1_2 718 0.001792
713 CNOT1_2 689 0.001792
713 CNOT1_2 717 0.001792
713 MEAS1 701 0.494200
713 MEAS1 702 0.005800
713 MEAS1 703 0.485400
713 MEAS1 704 0.014600
713 X0 709 0.994202
713 X0 713 0.001933
713 X0 712 0.001933
713 X0 716 0.001933
714 CNOT1_0 719 0.977981
714 CNOT1_0 689 0.003146
714 CNOT1_0 718 0.003146
714 CNOT1_0 687 0.003146
714 CNOT1_0 717 0.003146
714 CNOT1_0 686 0.003146
714 CNOT1_0 720 0.003146
714 CNOT1_0 688 0.003146
714 CNOT1_2 719 0.987458
714 CNOT1_2 689 0.001792
714 CNOT1_2 718 0.001792
714 CNOT1_2 687 0.001792
714 CNOT1_2 717 0.001792
714 CNOT1_2 686 0.001792
714 CNOT1_2 720 0.001792
714 CNOT1_2 688 0.001792
714 MEAS1 705 0.494200
714 MEAS1 706 0.005800
714 MEAS1 707 0.485400
714 MEAS1 708 0.014600
714 X0 711 0.994202
714 X0 714 0.001933
714 X0 715 0.001933
714 X0 710 0.001933
715 CNOT1_0 720 0.977981
715 CNOT1_0 687 0.003146
715 CNOT1_0 717 0.003146
715 CNOT1_0 689 0.003146
715 CNOT1_0 718 0.003146
715 CNOT1_0 688 0.003146
715 CNOT1_0 719 0.003146
715 CNOT1_0 686 0.003146
715 CNOT1_2 720 0.987458
715 CNOT1_2 687 0.001792
715 CNOT1_2 717 0.001792
715 CNOT1_2 689 0.001792
715 CNOT1_2 718 0.001792
715 CNOT1_2 688 0.001792
715 CNOT1_2 719 0.001792
715 CNOT1_2 686 0.001792
715 MEAS1 705 0.494200
715 MEAS1 706 0.005800
715 MEAS1 707 0.485400
715 MEAS1 708 0.014600
715 X0 710 0.994202
715 X0 715 0.001933
715 X0 714 0.001933
715 X0 711 0.001933
716 CNOT1_0 688 0.977981
716 CNOT1_0 718 0.003146
716 CNOT1_0 689 0.003146
716 CNOT1_0 717 0.003146
716 CNOT1_0 687 0.003146
716 CNOT1_0 720 0.003146
716 CNOT1_0 686 0.003146
716 CNOT1_0 719 0.003146
716 CNOT1_2 688 0.987458
716 CNOT1_2 718 0.001792
716 CNOT1_2 689 0.001792
716 CNOT1_2 717 0.001792
716 CNOT1_2 687 0.001792
716 CNOT1_2 720 0.001792
716 CNOT1_2 686 0.001792
716 CNOT1_2 719 0.001792
716 MEAS1 673 0.494200
716 MEAS1 694 0.005800
716 MEAS1 695 0.485400
716 MEAS1 696 0.014600
716 X0 712 0.994202
716 X0 716 0.001933
716 X0 709 0.001933
716 X0 713 0.001933
717 CNOT1_0 713 0.977981
717 CNOT1_0 715 0.003146
717 CNOT1_0 714 0.003146
717 CNOT1_0 716 0.003146
717 CNOT1_0 709 0.003146
717 CNOT1_0 711 0.003146
717 CNOT1_0 710 0.003146
717 CNOT1_0 712 0.003146
717 CNOT1_2 710 0.987458
717 CNOT1_2 715 0.001792
717 CNOT1_2 714 0.001792
717 CNOT1_2 716 0.001792
717 CNOT1_2 709 0.001792
717 CNOT1_2 712 0.001792
717 CNOT1_2 713 0.001792
717 CNOT1_2 711 0.001792
717 MEAS1 717 0.970800
717 MEAS1 690 0.029200
717 X0 720 0.994202
717 X0 717 0.001933
717 X0 718 0.001933
717 X0 719 0.001933
718 CNOT1_0 712 0.977981
718 CNOT1_0 714 0.003146
718 CNOT1_0 715 0.003146
718 CNOT1_0 709 0.003146
718 CNOT1_0 716 0.003146
718 CNOT1_0 710 0.003146
718 CNOT1_0 711 0.003146
718 CNOT1_0 713 0.003146
718 CNOT1_2 711 0.987458
718 CNOT1_2 714 0.001792
718 CNOT1_2 715 0.001792
718 CNOT1_2 709 0.001792
718 CNOT1_2 716 0.001792
718 CNOT1_2 713 0.001792
718 CNOT1_2 712 0.001792
718 CNOT1_2 710 0.001792
718 MEAS1 718 0.970800
718 MEAS1 691 0.029200
718 X0 719 0.994202
718 X0 718 0.001933
718 X0 717 0.001933
718 X0 720 0.001933
719 CNOT1_0 714 0.977981
719 CNOT1_0 712 0.003146
719 CNOT1_0 713 0.003146
719 CNOT1_0 710 0.003146
719 CNOT1_0 711 0.003146
719 CNOT1_0 709 0.003146
719 CNOT1_0 716 0.003146
719 CNOT1_0 715 0.003146
719 CNOT1_2 714 0.987458
719 CNOT1_2 711 0.001792
719 CNOT1_2 710 0.001792
719 CNOT1_2 713 0.001792
719 CNOT1_2 712 0.001792
719 CNOT1_2 709 0.001792
719 CNOT1_2 716 0.001792
719 CNOT1_2 715 0.001792
719 MEAS1 719 0.970800
719 MEAS1 692 0.029200
719 X0 718 0.994202
719 X0 719 0.001933
719 X0 720 0.001933
719 X0 717 0.001933
720 CNOT1_0 715 0.977981
720 CNOT1_0 713 0.003146
720 CNOT1_0 712 0.003146
720 CNOT1_0 711 0.003146
720 CNOT1_0 710 0.003146
720 CNOT1_0 716 0.003146
720 CNOT1_0 709 0.003146
720 CNOT1_0 714 0.003146
720 CNOT1_2 715 0.987458
720 CNOT1_2 710 0.001792
720 CNOT1_2 711 0.001792
720 CNOT1_2 712 0.001792
720 CNOT1_2 713 0.001792
720 CNOT1_2 716 0.001792
720 CNOT1_2 709 0.001792
720 CNOT1_2 714 0.001792
720 MEAS1 720 0.970800
720 MEAS1 693 0.029200
720 X0 717 0.994202
720 X0 720 0.001933
720 X0 719 0.001933
720 X0 718 0.001933
ENDPOMDP
