BEGINPOMDP
INITIALSTATE: 2353
STATES: 2353,2354,2355,2356,2357,2358,2359,2360,2361,2362,2363,2364,2365,2366,2367,2368,2369,2370,2371,2372,2373,2374,2375,2376,2377,2378,2379,2380,2381,2382,2383,2384,2385,2386,2387,2388,2389,2390,2391,2392,2393,2394,2395,2396,2397,2398,2399,2400
TARGETV: 2354,2356,2358,2363,2364,2365,2366,2368,2372,2373,2389,2394,2395,2396,2399,2400
GAMMA: 2353:0,2354:0,2355:0,2356:0,2357:0,2358:0,2359:0,2360:0,2361:0,2362:0,2363:0,2364:0,2365:0,2366:1,2367:1,2368:1,2369:1,2370:0,2371:0,2372:0,2373:0,2374:1,2375:1,2376:0,2377:0,2378:1,2379:1,2380:0,2381:0,2382:1,2383:1,2384:0,2385:0,2386:1,2387:1,2388:0,2389:1,2390:1,2391:1,2392:1,2393:1,2394:1,2395:1,2396:1,2397:1,2398:1,2399:1,2400:1
BEGINACTIONS
CNOT3_5 Instruction.CNOT 5 3
CNOT3_1 Instruction.CNOT 1 3
MEAS3 Instruction.MEAS None 3
X5 Instruction.X None 5
ENDACTIONS
2353 INIT_ 2354 0.250000
2353 INIT_ 2355 0.250000
2353 INIT_ 2356 0.250000
2353 INIT_ 2357 0.250000
2353 CNOT3_5 2353 0.976295
2353 CNOT3_5 2380 0.007902
2353 CNOT3_5 2381 0.007902
2353 CNOT3_5 2388 0.007902
2353 CNOT3_1 2353 0.989880
2353 CNOT3_1 2384 0.003373
2353 CNOT3_1 2377 0.003373
2353 CNOT3_1 2388 0.003373
2353 MEAS3 2353 0.984600
2353 MEAS3 2374 0.015400
2353 X5 2381 0.999736
2353 X5 2353 0.000264
2354 CNOT3_5 2358 0.972344
2354 CNOT3_5 2359 0.003951
2354 CNOT3_5 2360 0.003951
2354 CNOT3_5 2361 0.003951
2354 CNOT3_5 2362 0.003951
2354 CNOT3_5 2363 0.003951
2354 CNOT3_5 2364 0.003951
2354 CNOT3_5 2365 0.003951
2354 CNOT3_1 2358 0.988193
2354 CNOT3_1 2362 0.001687
2354 CNOT3_1 2361 0.001687
2354 CNOT3_1 2360 0.001687
2354 CNOT3_1 2359 0.001687
2354 CNOT3_1 2363 0.001687
2354 CNOT3_1 2364 0.001687
2354 CNOT3_1 2365 0.001687
2354 MEAS3 2354 0.984600
2354 MEAS3 2366 0.015400
2354 X5 2355 0.999603
2354 X5 2354 0.000132
2354 X5 2356 0.000132
2354 X5 2357 0.000132
2355 CNOT3_5 2359 0.972344
2355 CNOT3_5 2358 0.003951
2355 CNOT3_5 2365 0.003951
2355 CNOT3_5 2363 0.003951
2355 CNOT3_5 2364 0.003951
2355 CNOT3_5 2361 0.003951
2355 CNOT3_5 2362 0.003951
2355 CNOT3_5 2360 0.003951
2355 CNOT3_1 2362 0.988193
2355 CNOT3_1 2358 0.001687
2355 CNOT3_1 2365 0.001687
2355 CNOT3_1 2363 0.001687
2355 CNOT3_1 2364 0.001687
2355 CNOT3_1 2360 0.001687
2355 CNOT3_1 2359 0.001687
2355 CNOT3_1 2361 0.001687
2355 MEAS3 2355 0.984600
2355 MEAS3 2367 0.015400
2355 X5 2354 0.999603
2355 X5 2355 0.000132
2355 X5 2357 0.000132
2355 X5 2356 0.000132
2356 CNOT3_5 2365 0.972344
2356 CNOT3_5 2360 0.003951
2356 CNOT3_5 2359 0.003951
2356 CNOT3_5 2362 0.003951
2356 CNOT3_5 2361 0.003951
2356 CNOT3_5 2364 0.003951
2356 CNOT3_5 2363 0.003951
2356 CNOT3_5 2358 0.003951
2356 CNOT3_1 2365 0.988193
2356 CNOT3_1 2361 0.001687
2356 CNOT3_1 2362 0.001687
2356 CNOT3_1 2359 0.001687
2356 CNOT3_1 2360 0.001687
2356 CNOT3_1 2364 0.001687
2356 CNOT3_1 2363 0.001687
2356 CNOT3_1 2358 0.001687
2356 MEAS3 2356 0.984600
2356 MEAS3 2368 0.015400
2356 X5 2357 0.999603
2356 X5 2356 0.000132
2356 X5 2354 0.000132
2356 X5 2355 0.000132
2357 CNOT3_5 2360 0.972344
2357 CNOT3_5 2365 0.003951
2357 CNOT3_5 2358 0.003951
2357 CNOT3_5 2364 0.003951
2357 CNOT3_5 2363 0.003951
2357 CNOT3_5 2362 0.003951
2357 CNOT3_5 2361 0.003951
2357 CNOT3_5 2359 0.003951
2357 CNOT3_1 2361 0.988193
2357 CNOT3_1 2365 0.001687
2357 CNOT3_1 2358 0.001687
2357 CNOT3_1 2364 0.001687
2357 CNOT3_1 2363 0.001687
2357 CNOT3_1 2359 0.001687
2357 CNOT3_1 2360 0.001687
2357 CNOT3_1 2362 0.001687
2357 MEAS3 2357 0.984600
2357 MEAS3 2369 0.015400
2357 X5 2356 0.999603
2357 X5 2357 0.000132
2357 X5 2355 0.000132
2357 X5 2354 0.000132
2358 CNOT3_5 2354 0.972344
2358 CNOT3_5 2370 0.003951
2358 CNOT3_5 2355 0.003951
2358 CNOT3_5 2371 0.003951
2358 CNOT3_5 2357 0.003951
2358 CNOT3_5 2372 0.003951
2358 CNOT3_5 2356 0.003951
2358 CNOT3_5 2373 0.003951
2358 CNOT3_1 2354 0.988193
2358 CNOT3_1 2370 0.001687
2358 CNOT3_1 2355 0.001687
2358 CNOT3_1 2371 0.001687
2358 CNOT3_1 2357 0.001687
2358 CNOT3_1 2372 0.001687
2358 CNOT3_1 2356 0.001687
2358 CNOT3_1 2373 0.001687
2358 MEAS3 2353 0.492300
2358 MEAS3 2374 0.007700
2358 MEAS3 2375 0.487700
2358 MEAS3 2376 0.012300
2358 X5 2362 0.999603
2358 X5 2358 0.000132
2358 X5 2365 0.000132
2358 X5 2361 0.000132
2359 CNOT3_5 2355 0.972344
2359 CNOT3_5 2373 0.003951
2359 CNOT3_5 2354 0.003951
2359 CNOT3_5 2372 0.003951
2359 CNOT3_5 2356 0.003951
2359 CNOT3_5 2371 0.003951
2359 CNOT3_5 2357 0.003951
2359 CNOT3_5 2370 0.003951
2359 CNOT3_1 2370 0.988193
2359 CNOT3_1 2354 0.001687
2359 CNOT3_1 2373 0.001687
2359 CNOT3_1 2356 0.001687
2359 CNOT3_1 2372 0.001687
2359 CNOT3_1 2357 0.001687
2359 CNOT3_1 2371 0.001687
2359 CNOT3_1 2355 0.001687
2359 MEAS3 2377 0.492300
2359 MEAS3 2378 0.007700
2359 MEAS3 2379 0.487700
2359 MEAS3 2380 0.012300
2359 X5 2364 0.999603
2359 X5 2359 0.000132
2359 X5 2360 0.000132
2359 X5 2363 0.000132
2360 CNOT3_5 2357 0.972344
2360 CNOT3_5 2372 0.003951
2360 CNOT3_5 2356 0.003951
2360 CNOT3_5 2373 0.003951
2360 CNOT3_5 2354 0.003951
2360 CNOT3_5 2370 0.003951
2360 CNOT3_5 2355 0.003951
2360 CNOT3_5 2371 0.003951
2360 CNOT3_1 2371 0.988193
2360 CNOT3_1 2356 0.001687
2360 CNOT3_1 2372 0.001687
2360 CNOT3_1 2354 0.001687
2360 CNOT3_1 2373 0.001687
2360 CNOT3_1 2355 0.001687
2360 CNOT3_1 2370 0.001687
2360 CNOT3_1 2357 0.001687
2360 MEAS3 2377 0.492300
2360 MEAS3 2378 0.007700
2360 MEAS3 2379 0.487700
2360 MEAS3 2380 0.012300
2360 X5 2363 0.999603
2360 X5 2360 0.000132
2360 X5 2359 0.000132
2360 X5 2364 0.000132
2361 CNOT3_5 2371 0.972344
2361 CNOT3_5 2356 0.003951
2361 CNOT3_5 2372 0.003951
2361 CNOT3_5 2354 0.003951
2361 CNOT3_5 2373 0.003951
2361 CNOT3_5 2355 0.003951
2361 CNOT3_5 2370 0.003951
2361 CNOT3_5 2357 0.003951
2361 CNOT3_1 2357 0.988193
2361 CNOT3_1 2372 0.001687
2361 CNOT3_1 2356 0.001687
2361 CNOT3_1 2373 0.001687
2361 CNOT3_1 2354 0.001687
2361 CNOT3_1 2370 0.001687
2361 CNOT3_1 2355 0.001687
2361 CNOT3_1 2371 0.001687
2361 MEAS3 2381 0.492300
2361 MEAS3 2382 0.007700
2361 MEAS3 2383 0.487700
2361 MEAS3 2384 0.012300
2361 X5 2365 0.999603
2361 X5 2361 0.000132
2361 X5 2362 0.000132
2361 X5 2358 0.000132
2362 CNOT3_5 2370 0.972344
2362 CNOT3_5 2354 0.003951
2362 CNOT3_5 2373 0.003951
2362 CNOT3_5 2356 0.003951
2362 CNOT3_5 2372 0.003951
2362 CNOT3_5 2357 0.003951
2362 CNOT3_5 2371 0.003951
2362 CNOT3_5 2355 0.003951
2362 CNOT3_1 2355 0.988193
2362 CNOT3_1 2373 0.001687
2362 CNOT3_1 2354 0.001687
2362 CNOT3_1 2372 0.001687
2362 CNOT3_1 2356 0.001687
2362 CNOT3_1 2371 0.001687
2362 CNOT3_1 2357 0.001687
2362 CNOT3_1 2370 0.001687
2362 MEAS3 2381 0.492300
2362 MEAS3 2382 0.007700
2362 MEAS3 2383 0.487700
2362 MEAS3 2384 0.012300
2362 X5 2358 0.999603
2362 X5 2362 0.000132
2362 X5 2361 0.000132
2362 X5 2365 0.000132
2363 CNOT3_5 2372 0.972344
2363 CNOT3_5 2357 0.003951
2363 CNOT3_5 2371 0.003951
2363 CNOT3_5 2355 0.003951
2363 CNOT3_5 2370 0.003951
2363 CNOT3_5 2354 0.003951
2363 CNOT3_5 2373 0.003951
2363 CNOT3_5 2356 0.003951
2363 CNOT3_1 2372 0.988193
2363 CNOT3_1 2357 0.001687
2363 CNOT3_1 2371 0.001687
2363 CNOT3_1 2355 0.001687
2363 CNOT3_1 2370 0.001687
2363 CNOT3_1 2354 0.001687
2363 CNOT3_1 2373 0.001687
2363 CNOT3_1 2356 0.001687
2363 MEAS3 2385 0.492300
2363 MEAS3 2386 0.007700
2363 MEAS3 2387 0.487700
2363 MEAS3 2388 0.012300
2363 X5 2360 0.999603
2363 X5 2363 0.000132
2363 X5 2364 0.000132
2363 X5 2359 0.000132
2364 CNOT3_5 2373 0.972344
2364 CNOT3_5 2355 0.003951
2364 CNOT3_5 2370 0.003951
2364 CNOT3_5 2357 0.003951
2364 CNOT3_5 2371 0.003951
2364 CNOT3_5 2356 0.003951
2364 CNOT3_5 2372 0.003951
2364 CNOT3_5 2354 0.003951
2364 CNOT3_1 2373 0.988193
2364 CNOT3_1 2355 0.001687
2364 CNOT3_1 2370 0.001687
2364 CNOT3_1 2357 0.001687
2364 CNOT3_1 2371 0.001687
2364 CNOT3_1 2356 0.001687
2364 CNOT3_1 2372 0.001687
2364 CNOT3_1 2354 0.001687
2364 MEAS3 2385 0.492300
2364 MEAS3 2386 0.007700
2364 MEAS3 2387 0.487700
2364 MEAS3 2388 0.012300
2364 X5 2359 0.999603
2364 X5 2364 0.000132
2364 X5 2363 0.000132
2364 X5 2360 0.000132
2365 CNOT3_5 2356 0.972344
2365 CNOT3_5 2371 0.003951
2365 CNOT3_5 2357 0.003951
2365 CNOT3_5 2370 0.003951
2365 CNOT3_5 2355 0.003951
2365 CNOT3_5 2373 0.003951
2365 CNOT3_5 2354 0.003951
2365 CNOT3_5 2372 0.003951
2365 CNOT3_1 2356 0.988193
2365 CNOT3_1 2371 0.001687
2365 CNOT3_1 2357 0.001687
2365 CNOT3_1 2370 0.001687
2365 CNOT3_1 2355 0.001687
2365 CNOT3_1 2373 0.001687
2365 CNOT3_1 2354 0.001687
2365 CNOT3_1 2372 0.001687
2365 MEAS3 2353 0.492300
2365 MEAS3 2374 0.007700
2365 MEAS3 2375 0.487700
2365 MEAS3 2376 0.012300
2365 X5 2361 0.999603
2365 X5 2365 0.000132
2365 X5 2358 0.000132
2365 X5 2362 0.000132
2366 CNOT3_5 2389 0.972344
2366 CNOT3_5 2390 0.003951
2366 CNOT3_5 2391 0.003951
2366 CNOT3_5 2392 0.003951
2366 CNOT3_5 2393 0.003951
2366 CNOT3_5 2394 0.003951
2366 CNOT3_5 2395 0.003951
2366 CNOT3_5 2396 0.003951
2366 CNOT3_1 2389 0.988193
2366 CNOT3_1 2393 0.001687
2366 CNOT3_1 2392 0.001687
2366 CNOT3_1 2391 0.001687
2366 CNOT3_1 2390 0.001687
2366 CNOT3_1 2394 0.001687
2366 CNOT3_1 2395 0.001687
2366 CNOT3_1 2396 0.001687
2366 MEAS3 2354 0.984600
2366 MEAS3 2366 0.015400
2366 X5 2367 0.999603
2366 X5 2366 0.000132
2366 X5 2368 0.000132
2366 X5 2369 0.000132
2367 CNOT3_5 2390 0.972344
2367 CNOT3_5 2389 0.003951
2367 CNOT3_5 2396 0.003951
2367 CNOT3_5 2394 0.003951
2367 CNOT3_5 2395 0.003951
2367 CNOT3_5 2392 0.003951
2367 CNOT3_5 2393 0.003951
2367 CNOT3_5 2391 0.003951
2367 CNOT3_1 2393 0.988193
2367 CNOT3_1 2389 0.001687
2367 CNOT3_1 2396 0.001687
2367 CNOT3_1 2394 0.001687
2367 CNOT3_1 2395 0.001687
2367 CNOT3_1 2391 0.001687
2367 CNOT3_1 2390 0.001687
2367 CNOT3_1 2392 0.001687
2367 MEAS3 2355 0.984600
2367 MEAS3 2367 0.015400
2367 X5 2366 0.999603
2367 X5 2367 0.000132
2367 X5 2369 0.000132
2367 X5 2368 0.000132
2368 CNOT3_5 2396 0.972344
2368 CNOT3_5 2391 0.003951
2368 CNOT3_5 2390 0.003951
2368 CNOT3_5 2393 0.003951
2368 CNOT3_5 2392 0.003951
2368 CNOT3_5 2395 0.003951
2368 CNOT3_5 2394 0.003951
2368 CNOT3_5 2389 0.003951
2368 CNOT3_1 2396 0.988193
2368 CNOT3_1 2392 0.001687
2368 CNOT3_1 2393 0.001687
2368 CNOT3_1 2390 0.001687
2368 CNOT3_1 2391 0.001687
2368 CNOT3_1 2395 0.001687
2368 CNOT3_1 2394 0.001687
2368 CNOT3_1 2389 0.001687
2368 MEAS3 2356 0.984600
2368 MEAS3 2368 0.015400
2368 X5 2369 0.999603
2368 X5 2368 0.000132
2368 X5 2366 0.000132
2368 X5 2367 0.000132
2369 CNOT3_5 2391 0.972344
2369 CNOT3_5 2396 0.003951
2369 CNOT3_5 2389 0.003951
2369 CNOT3_5 2395 0.003951
2369 CNOT3_5 2394 0.003951
2369 CNOT3_5 2393 0.003951
2369 CNOT3_5 2392 0.003951
2369 CNOT3_5 2390 0.003951
2369 CNOT3_1 2392 0.988193
2369 CNOT3_1 2396 0.001687
2369 CNOT3_1 2389 0.001687
2369 CNOT3_1 2395 0.001687
2369 CNOT3_1 2394 0.001687
2369 CNOT3_1 2390 0.001687
2369 CNOT3_1 2391 0.001687
2369 CNOT3_1 2393 0.001687
2369 MEAS3 2357 0.984600
2369 MEAS3 2369 0.015400
2369 X5 2368 0.999603
2369 X5 2369 0.000132
2369 X5 2367 0.000132
2369 X5 2366 0.000132
2370 CNOT3_5 2362 0.972344
2370 CNOT3_5 2364 0.003951
2370 CNOT3_5 2363 0.003951
2370 CNOT3_5 2365 0.003951
2370 CNOT3_5 2358 0.003951
2370 CNOT3_5 2360 0.003951
2370 CNOT3_5 2359 0.003951
2370 CNOT3_5 2361 0.003951
2370 CNOT3_1 2359 0.988193
2370 CNOT3_1 2364 0.001687
2370 CNOT3_1 2363 0.001687
2370 CNOT3_1 2365 0.001687
2370 CNOT3_1 2358 0.001687
2370 CNOT3_1 2361 0.001687
2370 CNOT3_1 2362 0.001687
2370 CNOT3_1 2360 0.001687
2370 MEAS3 2397 0.975400
2370 MEAS3 2370 0.024600
2370 X5 2373 0.999603
2370 X5 2370 0.000132
2370 X5 2371 0.000132
2370 X5 2372 0.000132
2371 CNOT3_5 2361 0.972344
2371 CNOT3_5 2363 0.003951
2371 CNOT3_5 2364 0.003951
2371 CNOT3_5 2358 0.003951
2371 CNOT3_5 2365 0.003951
2371 CNOT3_5 2359 0.003951
2371 CNOT3_5 2360 0.003951
2371 CNOT3_5 2362 0.003951
2371 CNOT3_1 2360 0.988193
2371 CNOT3_1 2363 0.001687
2371 CNOT3_1 2364 0.001687
2371 CNOT3_1 2358 0.001687
2371 CNOT3_1 2365 0.001687
2371 CNOT3_1 2362 0.001687
2371 CNOT3_1 2361 0.001687
2371 CNOT3_1 2359 0.001687
2371 MEAS3 2398 0.975400
2371 MEAS3 2371 0.024600
2371 X5 2372 0.999603
2371 X5 2371 0.000132
2371 X5 2370 0.000132
2371 X5 2373 0.000132
2372 CNOT3_5 2363 0.972344
2372 CNOT3_5 2361 0.003951
2372 CNOT3_5 2362 0.003951
2372 CNOT3_5 2359 0.003951
2372 CNOT3_5 2360 0.003951
2372 CNOT3_5 2358 0.003951
2372 CNOT3_5 2365 0.003951
2372 CNOT3_5 2364 0.003951
2372 CNOT3_1 2363 0.988193
2372 CNOT3_1 2360 0.001687
2372 CNOT3_1 2359 0.001687
2372 CNOT3_1 2362 0.001687
2372 CNOT3_1 2361 0.001687
2372 CNOT3_1 2358 0.001687
2372 CNOT3_1 2365 0.001687
2372 CNOT3_1 2364 0.001687
2372 MEAS3 2399 0.975400
2372 MEAS3 2372 0.024600
2372 X5 2371 0.999603
2372 X5 2372 0.000132
2372 X5 2373 0.000132
2372 X5 2370 0.000132
2373 CNOT3_5 2364 0.972344
2373 CNOT3_5 2362 0.003951
2373 CNOT3_5 2361 0.003951
2373 CNOT3_5 2360 0.003951
2373 CNOT3_5 2359 0.003951
2373 CNOT3_5 2365 0.003951
2373 CNOT3_5 2358 0.003951
2373 CNOT3_5 2363 0.003951
2373 CNOT3_1 2364 0.988193
2373 CNOT3_1 2359 0.001687
2373 CNOT3_1 2360 0.001687
2373 CNOT3_1 2361 0.001687
2373 CNOT3_1 2362 0.001687
2373 CNOT3_1 2365 0.001687
2373 CNOT3_1 2358 0.001687
2373 CNOT3_1 2363 0.001687
2373 MEAS3 2400 0.975400
2373 MEAS3 2373 0.024600
2373 X5 2370 0.999603
2373 X5 2373 0.000132
2373 X5 2372 0.000132
2373 X5 2371 0.000132
2374 CNOT3_5 2374 0.976295
2374 CNOT3_5 2379 0.007902
2374 CNOT3_5 2382 0.007902
2374 CNOT3_5 2387 0.007902
2374 CNOT3_1 2374 0.989880
2374 CNOT3_1 2383 0.003373
2374 CNOT3_1 2378 0.003373
2374 CNOT3_1 2387 0.003373
2374 MEAS3 2353 0.984600
2374 MEAS3 2374 0.015400
2374 X5 2382 0.999736
2374 X5 2374 0.000264
2375 CNOT3_5 2386 0.976295
2375 CNOT3_5 2383 0.007902
2375 CNOT3_5 2378 0.007902
2375 CNOT3_5 2375 0.007902
2375 CNOT3_1 2386 0.989880
2375 CNOT3_1 2379 0.003373
2375 CNOT3_1 2382 0.003373
2375 CNOT3_1 2375 0.003373
2375 MEAS3 2375 0.975400
2375 MEAS3 2376 0.024600
2375 X5 2383 0.999736
2375 X5 2375 0.000264
2376 CNOT3_5 2385 0.976295
2376 CNOT3_5 2384 0.007902
2376 CNOT3_5 2377 0.007902
2376 CNOT3_5 2376 0.007902
2376 CNOT3_1 2385 0.989880
2376 CNOT3_1 2380 0.003373
2376 CNOT3_1 2381 0.003373
2376 CNOT3_1 2376 0.003373
2376 MEAS3 2375 0.975400
2376 MEAS3 2376 0.024600
2376 X5 2384 0.999736
2376 X5 2376 0.000264
2377 CNOT3_5 2377 0.976295
2377 CNOT3_5 2376 0.007902
2377 CNOT3_5 2385 0.007902
2377 CNOT3_5 2384 0.007902
2377 CNOT3_1 2384 0.989880
2377 CNOT3_1 2353 0.003373
2377 CNOT3_1 2388 0.003373
2377 CNOT3_1 2377 0.003373
2377 MEAS3 2377 0.984600
2377 MEAS3 2378 0.015400
2377 X5 2385 0.999736
2377 X5 2377 0.000264
2378 CNOT3_5 2378 0.976295
2378 CNOT3_5 2375 0.007902
2378 CNOT3_5 2386 0.007902
2378 CNOT3_5 2383 0.007902
2378 CNOT3_1 2383 0.989880
2378 CNOT3_1 2374 0.003373
2378 CNOT3_1 2387 0.003373
2378 CNOT3_1 2378 0.003373
2378 MEAS3 2377 0.984600
2378 MEAS3 2378 0.015400
2378 X5 2386 0.999736
2378 X5 2378 0.000264
2379 CNOT3_5 2382 0.976295
2379 CNOT3_5 2387 0.007902
2379 CNOT3_5 2374 0.007902
2379 CNOT3_5 2379 0.007902
2379 CNOT3_1 2379 0.989880
2379 CNOT3_1 2386 0.003373
2379 CNOT3_1 2375 0.003373
2379 CNOT3_1 2382 0.003373
2379 MEAS3 2379 0.975400
2379 MEAS3 2380 0.024600
2379 X5 2387 0.999736
2379 X5 2379 0.000264
2380 CNOT3_5 2381 0.976295
2380 CNOT3_5 2388 0.007902
2380 CNOT3_5 2353 0.007902
2380 CNOT3_5 2380 0.007902
2380 CNOT3_1 2380 0.989880
2380 CNOT3_1 2385 0.003373
2380 CNOT3_1 2376 0.003373
2380 CNOT3_1 2381 0.003373
2380 MEAS3 2379 0.975400
2380 MEAS3 2380 0.024600
2380 X5 2388 0.999736
2380 X5 2380 0.000264
2381 CNOT3_5 2380 0.976295
2381 CNOT3_5 2353 0.007902
2381 CNOT3_5 2388 0.007902
2381 CNOT3_5 2381 0.007902
2381 CNOT3_1 2381 0.989880
2381 CNOT3_1 2376 0.003373
2381 CNOT3_1 2385 0.003373
2381 CNOT3_1 2380 0.003373
2381 MEAS3 2381 0.984600
2381 MEAS3 2382 0.015400
2381 X5 2353 0.999736
2381 X5 2381 0.000264
2382 CNOT3_5 2379 0.976295
2382 CNOT3_5 2374 0.007902
2382 CNOT3_5 2387 0.007902
2382 CNOT3_5 2382 0.007902
2382 CNOT3_1 2382 0.989880
2382 CNOT3_1 2375 0.003373
2382 CNOT3_1 2386 0.003373
2382 CNOT3_1 2379 0.003373
2382 MEAS3 2381 0.984600
2382 MEAS3 2382 0.015400
2382 X5 2374 0.999736
2382 X5 2382 0.000264
2383 CNOT3_5 2383 0.976295
2383 CNOT3_5 2386 0.007902
2383 CNOT3_5 2375 0.007902
2383 CNOT3_5 2378 0.007902
2383 CNOT3_1 2378 0.989880
2383 CNOT3_1 2387 0.003373
2383 CNOT3_1 2374 0.003373
2383 CNOT3_1 2383 0.003373
2383 MEAS3 2383 0.975400
2383 MEAS3 2384 0.024600
2383 X5 2375 0.999736
2383 X5 2383 0.000264
2384 CNOT3_5 2384 0.976295
2384 CNOT3_5 2385 0.007902
2384 CNOT3_5 2376 0.007902
2384 CNOT3_5 2377 0.007902
2384 CNOT3_1 2377 0.989880
2384 CNOT3_1 2388 0.003373
2384 CNOT3_1 2353 0.003373
2384 CNOT3_1 2384 0.003373
2384 MEAS3 2383 0.975400
2384 MEAS3 2384 0.024600
2384 X5 2376 0.999736
2384 X5 2384 0.000264
2385 CNOT3_5 2376 0.976295
2385 CNOT3_5 2377 0.007902
2385 CNOT3_5 2384 0.007902
2385 CNOT3_5 2385 0.007902
2385 CNOT3_1 2376 0.989880
2385 CNOT3_1 2381 0.003373
2385 CNOT3_1 2380 0.003373
2385 CNOT3_1 2385 0.003373
2385 MEAS3 2385 0.984600
2385 MEAS3 2386 0.015400
2385 X5 2377 0.999736
2385 X5 2385 0.000264
2386 CNOT3_5 2375 0.976295
2386 CNOT3_5 2378 0.007902
2386 CNOT3_5 2383 0.007902
2386 CNOT3_5 2386 0.007902
2386 CNOT3_1 2375 0.989880
2386 CNOT3_1 2382 0.003373
2386 CNOT3_1 2379 0.003373
2386 CNOT3_1 2386 0.003373
2386 MEAS3 2385 0.984600
2386 MEAS3 2386 0.015400
2386 X5 2378 0.999736
2386 X5 2386 0.000264
2387 CNOT3_5 2387 0.976295
2387 CNOT3_5 2382 0.007902
2387 CNOT3_5 2379 0.007902
2387 CNOT3_5 2374 0.007902
2387 CNOT3_1 2387 0.989880
2387 CNOT3_1 2378 0.003373
2387 CNOT3_1 2383 0.003373
2387 CNOT3_1 2374 0.003373
2387 MEAS3 2387 0.975400
2387 MEAS3 2388 0.024600
2387 X5 2379 0.999736
2387 X5 2387 0.000264
2388 CNOT3_5 2388 0.976295
2388 CNOT3_5 2381 0.007902
2388 CNOT3_5 2380 0.007902
2388 CNOT3_5 2353 0.007902
2388 CNOT3_1 2388 0.989880
2388 CNOT3_1 2377 0.003373
2388 CNOT3_1 2384 0.003373
2388 CNOT3_1 2353 0.003373
2388 MEAS3 2387 0.975400
2388 MEAS3 2388 0.024600
2388 X5 2380 0.999736
2388 X5 2388 0.000264
2389 CNOT3_5 2366 0.972344
2389 CNOT3_5 2397 0.003951
2389 CNOT3_5 2367 0.003951
2389 CNOT3_5 2398 0.003951
2389 CNOT3_5 2369 0.003951
2389 CNOT3_5 2399 0.003951
2389 CNOT3_5 2368 0.003951
2389 CNOT3_5 2400 0.003951
2389 CNOT3_1 2366 0.988193
2389 CNOT3_1 2397 0.001687
2389 CNOT3_1 2367 0.001687
2389 CNOT3_1 2398 0.001687
2389 CNOT3_1 2369 0.001687
2389 CNOT3_1 2399 0.001687
2389 CNOT3_1 2368 0.001687
2389 CNOT3_1 2400 0.001687
2389 MEAS3 2353 0.492300
2389 MEAS3 2374 0.007700
2389 MEAS3 2375 0.487700
2389 MEAS3 2376 0.012300
2389 X5 2393 0.999603
2389 X5 2389 0.000132
2389 X5 2396 0.000132
2389 X5 2392 0.000132
2390 CNOT3_5 2367 0.972344
2390 CNOT3_5 2400 0.003951
2390 CNOT3_5 2366 0.003951
2390 CNOT3_5 2399 0.003951
2390 CNOT3_5 2368 0.003951
2390 CNOT3_5 2398 0.003951
2390 CNOT3_5 2369 0.003951
2390 CNOT3_5 2397 0.003951
2390 CNOT3_1 2397 0.988193
2390 CNOT3_1 2366 0.001687
2390 CNOT3_1 2400 0.001687
2390 CNOT3_1 2368 0.001687
2390 CNOT3_1 2399 0.001687
2390 CNOT3_1 2369 0.001687
2390 CNOT3_1 2398 0.001687
2390 CNOT3_1 2367 0.001687
2390 MEAS3 2377 0.492300
2390 MEAS3 2378 0.007700
2390 MEAS3 2379 0.487700
2390 MEAS3 2380 0.012300
2390 X5 2395 0.999603
2390 X5 2390 0.000132
2390 X5 2391 0.000132
2390 X5 2394 0.000132
2391 CNOT3_5 2369 0.972344
2391 CNOT3_5 2399 0.003951
2391 CNOT3_5 2368 0.003951
2391 CNOT3_5 2400 0.003951
2391 CNOT3_5 2366 0.003951
2391 CNOT3_5 2397 0.003951
2391 CNOT3_5 2367 0.003951
2391 CNOT3_5 2398 0.003951
2391 CNOT3_1 2398 0.988193
2391 CNOT3_1 2368 0.001687
2391 CNOT3_1 2399 0.001687
2391 CNOT3_1 2366 0.001687
2391 CNOT3_1 2400 0.001687
2391 CNOT3_1 2367 0.001687
2391 CNOT3_1 2397 0.001687
2391 CNOT3_1 2369 0.001687
2391 MEAS3 2377 0.492300
2391 MEAS3 2378 0.007700
2391 MEAS3 2379 0.487700
2391 MEAS3 2380 0.012300
2391 X5 2394 0.999603
2391 X5 2391 0.000132
2391 X5 2390 0.000132
2391 X5 2395 0.000132
2392 CNOT3_5 2398 0.972344
2392 CNOT3_5 2368 0.003951
2392 CNOT3_5 2399 0.003951
2392 CNOT3_5 2366 0.003951
2392 CNOT3_5 2400 0.003951
2392 CNOT3_5 2367 0.003951
2392 CNOT3_5 2397 0.003951
2392 CNOT3_5 2369 0.003951
2392 CNOT3_1 2369 0.988193
2392 CNOT3_1 2399 0.001687
2392 CNOT3_1 2368 0.001687
2392 CNOT3_1 2400 0.001687
2392 CNOT3_1 2366 0.001687
2392 CNOT3_1 2397 0.001687
2392 CNOT3_1 2367 0.001687
2392 CNOT3_1 2398 0.001687
2392 MEAS3 2381 0.492300
2392 MEAS3 2382 0.007700
2392 MEAS3 2383 0.487700
2392 MEAS3 2384 0.012300
2392 X5 2396 0.999603
2392 X5 2392 0.000132
2392 X5 2393 0.000132
2392 X5 2389 0.000132
2393 CNOT3_5 2397 0.972344
2393 CNOT3_5 2366 0.003951
2393 CNOT3_5 2400 0.003951
2393 CNOT3_5 2368 0.003951
2393 CNOT3_5 2399 0.003951
2393 CNOT3_5 2369 0.003951
2393 CNOT3_5 2398 0.003951
2393 CNOT3_5 2367 0.003951
2393 CNOT3_1 2367 0.988193
2393 CNOT3_1 2400 0.001687
2393 CNOT3_1 2366 0.001687
2393 CNOT3_1 2399 0.001687
2393 CNOT3_1 2368 0.001687
2393 CNOT3_1 2398 0.001687
2393 CNOT3_1 2369 0.001687
2393 CNOT3_1 2397 0.001687
2393 MEAS3 2381 0.492300
2393 MEAS3 2382 0.007700
2393 MEAS3 2383 0.487700
2393 MEAS3 2384 0.012300
2393 X5 2389 0.999603
2393 X5 2393 0.000132
2393 X5 2392 0.000132
2393 X5 2396 0.000132
2394 CNOT3_5 2399 0.972344
2394 CNOT3_5 2369 0.003951
2394 CNOT3_5 2398 0.003951
2394 CNOT3_5 2367 0.003951
2394 CNOT3_5 2397 0.003951
2394 CNOT3_5 2366 0.003951
2394 CNOT3_5 2400 0.003951
2394 CNOT3_5 2368 0.003951
2394 CNOT3_1 2399 0.988193
2394 CNOT3_1 2369 0.001687
2394 CNOT3_1 2398 0.001687
2394 CNOT3_1 2367 0.001687
2394 CNOT3_1 2397 0.001687
2394 CNOT3_1 2366 0.001687
2394 CNOT3_1 2400 0.001687
2394 CNOT3_1 2368 0.001687
2394 MEAS3 2385 0.492300
2394 MEAS3 2386 0.007700
2394 MEAS3 2387 0.487700
2394 MEAS3 2388 0.012300
2394 X5 2391 0.999603
2394 X5 2394 0.000132
2394 X5 2395 0.000132
2394 X5 2390 0.000132
2395 CNOT3_5 2400 0.972344
2395 CNOT3_5 2367 0.003951
2395 CNOT3_5 2397 0.003951
2395 CNOT3_5 2369 0.003951
2395 CNOT3_5 2398 0.003951
2395 CNOT3_5 2368 0.003951
2395 CNOT3_5 2399 0.003951
2395 CNOT3_5 2366 0.003951
2395 CNOT3_1 2400 0.988193
2395 CNOT3_1 2367 0.001687
2395 CNOT3_1 2397 0.001687
2395 CNOT3_1 2369 0.001687
2395 CNOT3_1 2398 0.001687
2395 CNOT3_1 2368 0.001687
2395 CNOT3_1 2399 0.001687
2395 CNOT3_1 2366 0.001687
2395 MEAS3 2385 0.492300
2395 MEAS3 2386 0.007700
2395 MEAS3 2387 0.487700
2395 MEAS3 2388 0.012300
2395 X5 2390 0.999603
2395 X5 2395 0.000132
2395 X5 2394 0.000132
2395 X5 2391 0.000132
2396 CNOT3_5 2368 0.972344
2396 CNOT3_5 2398 0.003951
2396 CNOT3_5 2369 0.003951
2396 CNOT3_5 2397 0.003951
2396 CNOT3_5 2367 0.003951
2396 CNOT3_5 2400 0.003951
2396 CNOT3_5 2366 0.003951
2396 CNOT3_5 2399 0.003951
2396 CNOT3_1 2368 0.988193
2396 CNOT3_1 2398 0.001687
2396 CNOT3_1 2369 0.001687
2396 CNOT3_1 2397 0.001687
2396 CNOT3_1 2367 0.001687
2396 CNOT3_1 2400 0.001687
2396 CNOT3_1 2366 0.001687
2396 CNOT3_1 2399 0.001687
2396 MEAS3 2353 0.492300
2396 MEAS3 2374 0.007700
2396 MEAS3 2375 0.487700
2396 MEAS3 2376 0.012300
2396 X5 2392 0.999603
2396 X5 2396 0.000132
2396 X5 2389 0.000132
2396 X5 2393 0.000132
2397 CNOT3_5 2393 0.972344
2397 CNOT3_5 2395 0.003951
2397 CNOT3_5 2394 0.003951
2397 CNOT3_5 2396 0.003951
2397 CNOT3_5 2389 0.003951
2397 CNOT3_5 2391 0.003951
2397 CNOT3_5 2390 0.003951
2397 CNOT3_5 2392 0.003951
2397 CNOT3_1 2390 0.988193
2397 CNOT3_1 2395 0.001687
2397 CNOT3_1 2394 0.001687
2397 CNOT3_1 2396 0.001687
2397 CNOT3_1 2389 0.001687
2397 CNOT3_1 2392 0.001687
2397 CNOT3_1 2393 0.001687
2397 CNOT3_1 2391 0.001687
2397 MEAS3 2397 0.975400
2397 MEAS3 2370 0.024600
2397 X5 2400 0.999603
2397 X5 2397 0.000132
2397 X5 2398 0.000132
2397 X5 2399 0.000132
2398 CNOT3_5 2392 0.972344
2398 CNOT3_5 2394 0.003951
2398 CNOT3_5 2395 0.003951
2398 CNOT3_5 2389 0.003951
2398 CNOT3_5 2396 0.003951
2398 CNOT3_5 2390 0.003951
2398 CNOT3_5 2391 0.003951
2398 CNOT3_5 2393 0.003951
2398 CNOT3_1 2391 0.988193
2398 CNOT3_1 2394 0.001687
2398 CNOT3_1 2395 0.001687
2398 CNOT3_1 2389 0.001687
2398 CNOT3_1 2396 0.001687
2398 CNOT3_1 2393 0.001687
2398 CNOT3_1 2392 0.001687
2398 CNOT3_1 2390 0.001687
2398 MEAS3 2398 0.975400
2398 MEAS3 2371 0.024600
2398 X5 2399 0.999603
2398 X5 2398 0.000132
2398 X5 2397 0.000132
2398 X5 2400 0.000132
2399 CNOT3_5 2394 0.972344
2399 CNOT3_5 2392 0.003951
2399 CNOT3_5 2393 0.003951
2399 CNOT3_5 2390 0.003951
2399 CNOT3_5 2391 0.003951
2399 CNOT3_5 2389 0.003951
2399 CNOT3_5 2396 0.003951
2399 CNOT3_5 2395 0.003951
2399 CNOT3_1 2394 0.988193
2399 CNOT3_1 2391 0.001687
2399 CNOT3_1 2390 0.001687
2399 CNOT3_1 2393 0.001687
2399 CNOT3_1 2392 0.001687
2399 CNOT3_1 2389 0.001687
2399 CNOT3_1 2396 0.001687
2399 CNOT3_1 2395 0.001687
2399 MEAS3 2399 0.975400
2399 MEAS3 2372 0.024600
2399 X5 2398 0.999603
2399 X5 2399 0.000132
2399 X5 2400 0.000132
2399 X5 2397 0.000132
2400 CNOT3_5 2395 0.972344
2400 CNOT3_5 2393 0.003951
2400 CNOT3_5 2392 0.003951
2400 CNOT3_5 2391 0.003951
2400 CNOT3_5 2390 0.003951
2400 CNOT3_5 2396 0.003951
2400 CNOT3_5 2389 0.003951
2400 CNOT3_5 2394 0.003951
2400 CNOT3_1 2395 0.988193
2400 CNOT3_1 2390 0.001687
2400 CNOT3_1 2391 0.001687
2400 CNOT3_1 2392 0.001687
2400 CNOT3_1 2393 0.001687
2400 CNOT3_1 2396 0.001687
2400 CNOT3_1 2389 0.001687
2400 CNOT3_1 2394 0.001687
2400 MEAS3 2400 0.975400
2400 MEAS3 2373 0.024600
2400 X5 2397 0.999603
2400 X5 2400 0.000132
2400 X5 2399 0.000132
2400 X5 2398 0.000132
ENDPOMDP
