BEGINPOMDP
INITIALSTATE: 4945
STATES: 4945,4946,4947,4948,4949,4950,4951,4952,4953,4954,4955,4956,4957,4958,4959,4960,4961,4962,4963,4964,4965,4966,4967,4968,4969,4970,4971,4972,4973,4974,4975,4976,4977,4978,4979,4980,4981,4982,4983,4984,4985,4986,4987,4988,4989,4990,4991,4992
TARGETV: 4946,4948,4950,4955,4956,4957,4958,4960,4964,4965,4981,4986,4987,4988,4991,4992
GAMMA: 4945:0,4946:0,4947:0,4948:0,4949:0,4950:0,4951:0,4952:0,4953:0,4954:0,4955:0,4956:0,4957:0,4958:1,4959:1,4960:1,4961:1,4962:0,4963:0,4964:0,4965:0,4966:1,4967:1,4968:0,4969:0,4970:1,4971:1,4972:0,4973:0,4974:1,4975:1,4976:0,4977:0,4978:1,4979:1,4980:0,4981:1,4982:1,4983:1,4984:1,4985:1,4986:1,4987:1,4988:1,4989:1,4990:1,4991:1,4992:1
BEGINACTIONS
CNOT7_6 Instruction.CNOT 6 7
CNOT7_12 Instruction.CNOT 12 7
MEAS7 Instruction.MEAS None 7
X6 Instruction.X None 6
ENDACTIONS
4945 INIT_ 4946 0.250000
4945 INIT_ 4947 0.250000
4945 INIT_ 4948 0.250000
4945 INIT_ 4949 0.250000
4945 CNOT7_6 4945 0.921599
4945 CNOT7_6 4972 0.026134
4945 CNOT7_6 4973 0.026134
4945 CNOT7_6 4980 0.026134
4945 CNOT7_12 4945 0.928270
4945 CNOT7_12 4976 0.023910
4945 CNOT7_12 4969 0.023910
4945 CNOT7_12 4980 0.023910
4945 MEAS7 4945 0.956000
4945 MEAS7 4966 0.044000
4945 X6 4973 0.997909
4945 X6 4945 0.002091
4946 CNOT7_6 4950 0.908532
4946 CNOT7_6 4951 0.013067
4946 CNOT7_6 4952 0.013067
4946 CNOT7_6 4953 0.013067
4946 CNOT7_6 4954 0.013067
4946 CNOT7_6 4955 0.013067
4946 CNOT7_6 4956 0.013067
4946 CNOT7_6 4957 0.013067
4946 CNOT7_12 4950 0.916315
4946 CNOT7_12 4954 0.011955
4946 CNOT7_12 4953 0.011955
4946 CNOT7_12 4952 0.011955
4946 CNOT7_12 4951 0.011955
4946 CNOT7_12 4955 0.011955
4946 CNOT7_12 4956 0.011955
4946 CNOT7_12 4957 0.011955
4946 MEAS7 4946 0.956000
4946 MEAS7 4958 0.044000
4946 X6 4947 0.996863
4946 X6 4946 0.001046
4946 X6 4948 0.001046
4946 X6 4949 0.001046
4947 CNOT7_6 4951 0.908532
4947 CNOT7_6 4950 0.013067
4947 CNOT7_6 4957 0.013067
4947 CNOT7_6 4955 0.013067
4947 CNOT7_6 4956 0.013067
4947 CNOT7_6 4953 0.013067
4947 CNOT7_6 4954 0.013067
4947 CNOT7_6 4952 0.013067
4947 CNOT7_12 4954 0.916315
4947 CNOT7_12 4950 0.011955
4947 CNOT7_12 4957 0.011955
4947 CNOT7_12 4955 0.011955
4947 CNOT7_12 4956 0.011955
4947 CNOT7_12 4952 0.011955
4947 CNOT7_12 4951 0.011955
4947 CNOT7_12 4953 0.011955
4947 MEAS7 4947 0.956000
4947 MEAS7 4959 0.044000
4947 X6 4946 0.996863
4947 X6 4947 0.001046
4947 X6 4949 0.001046
4947 X6 4948 0.001046
4948 CNOT7_6 4957 0.908532
4948 CNOT7_6 4952 0.013067
4948 CNOT7_6 4951 0.013067
4948 CNOT7_6 4954 0.013067
4948 CNOT7_6 4953 0.013067
4948 CNOT7_6 4956 0.013067
4948 CNOT7_6 4955 0.013067
4948 CNOT7_6 4950 0.013067
4948 CNOT7_12 4957 0.916315
4948 CNOT7_12 4953 0.011955
4948 CNOT7_12 4954 0.011955
4948 CNOT7_12 4951 0.011955
4948 CNOT7_12 4952 0.011955
4948 CNOT7_12 4956 0.011955
4948 CNOT7_12 4955 0.011955
4948 CNOT7_12 4950 0.011955
4948 MEAS7 4948 0.956000
4948 MEAS7 4960 0.044000
4948 X6 4949 0.996863
4948 X6 4948 0.001046
4948 X6 4946 0.001046
4948 X6 4947 0.001046
4949 CNOT7_6 4952 0.908532
4949 CNOT7_6 4957 0.013067
4949 CNOT7_6 4950 0.013067
4949 CNOT7_6 4956 0.013067
4949 CNOT7_6 4955 0.013067
4949 CNOT7_6 4954 0.013067
4949 CNOT7_6 4953 0.013067
4949 CNOT7_6 4951 0.013067
4949 CNOT7_12 4953 0.916315
4949 CNOT7_12 4957 0.011955
4949 CNOT7_12 4950 0.011955
4949 CNOT7_12 4956 0.011955
4949 CNOT7_12 4955 0.011955
4949 CNOT7_12 4951 0.011955
4949 CNOT7_12 4952 0.011955
4949 CNOT7_12 4954 0.011955
4949 MEAS7 4949 0.956000
4949 MEAS7 4961 0.044000
4949 X6 4948 0.996863
4949 X6 4949 0.001046
4949 X6 4947 0.001046
4949 X6 4946 0.001046
4950 CNOT7_6 4946 0.908532
4950 CNOT7_6 4962 0.013067
4950 CNOT7_6 4947 0.013067
4950 CNOT7_6 4963 0.013067
4950 CNOT7_6 4949 0.013067
4950 CNOT7_6 4964 0.013067
4950 CNOT7_6 4948 0.013067
4950 CNOT7_6 4965 0.013067
4950 CNOT7_12 4946 0.916315
4950 CNOT7_12 4962 0.011955
4950 CNOT7_12 4947 0.011955
4950 CNOT7_12 4963 0.011955
4950 CNOT7_12 4949 0.011955
4950 CNOT7_12 4964 0.011955
4950 CNOT7_12 4948 0.011955
4950 CNOT7_12 4965 0.011955
4950 MEAS7 4945 0.478000
4950 MEAS7 4966 0.022000
4950 MEAS7 4967 0.349000
4950 MEAS7 4968 0.151000
4950 X6 4954 0.996863
4950 X6 4950 0.001046
4950 X6 4957 0.001046
4950 X6 4953 0.001046
4951 CNOT7_6 4947 0.908532
4951 CNOT7_6 4965 0.013067
4951 CNOT7_6 4946 0.013067
4951 CNOT7_6 4964 0.013067
4951 CNOT7_6 4948 0.013067
4951 CNOT7_6 4963 0.013067
4951 CNOT7_6 4949 0.013067
4951 CNOT7_6 4962 0.013067
4951 CNOT7_12 4962 0.916315
4951 CNOT7_12 4946 0.011955
4951 CNOT7_12 4965 0.011955
4951 CNOT7_12 4948 0.011955
4951 CNOT7_12 4964 0.011955
4951 CNOT7_12 4949 0.011955
4951 CNOT7_12 4963 0.011955
4951 CNOT7_12 4947 0.011955
4951 MEAS7 4969 0.478000
4951 MEAS7 4970 0.022000
4951 MEAS7 4971 0.349000
4951 MEAS7 4972 0.151000
4951 X6 4956 0.996863
4951 X6 4951 0.001046
4951 X6 4952 0.001046
4951 X6 4955 0.001046
4952 CNOT7_6 4949 0.908532
4952 CNOT7_6 4964 0.013067
4952 CNOT7_6 4948 0.013067
4952 CNOT7_6 4965 0.013067
4952 CNOT7_6 4946 0.013067
4952 CNOT7_6 4962 0.013067
4952 CNOT7_6 4947 0.013067
4952 CNOT7_6 4963 0.013067
4952 CNOT7_12 4963 0.916315
4952 CNOT7_12 4948 0.011955
4952 CNOT7_12 4964 0.011955
4952 CNOT7_12 4946 0.011955
4952 CNOT7_12 4965 0.011955
4952 CNOT7_12 4947 0.011955
4952 CNOT7_12 4962 0.011955
4952 CNOT7_12 4949 0.011955
4952 MEAS7 4969 0.478000
4952 MEAS7 4970 0.022000
4952 MEAS7 4971 0.349000
4952 MEAS7 4972 0.151000
4952 X6 4955 0.996863
4952 X6 4952 0.001046
4952 X6 4951 0.001046
4952 X6 4956 0.001046
4953 CNOT7_6 4963 0.908532
4953 CNOT7_6 4948 0.013067
4953 CNOT7_6 4964 0.013067
4953 CNOT7_6 4946 0.013067
4953 CNOT7_6 4965 0.013067
4953 CNOT7_6 4947 0.013067
4953 CNOT7_6 4962 0.013067
4953 CNOT7_6 4949 0.013067
4953 CNOT7_12 4949 0.916315
4953 CNOT7_12 4964 0.011955
4953 CNOT7_12 4948 0.011955
4953 CNOT7_12 4965 0.011955
4953 CNOT7_12 4946 0.011955
4953 CNOT7_12 4962 0.011955
4953 CNOT7_12 4947 0.011955
4953 CNOT7_12 4963 0.011955
4953 MEAS7 4973 0.478000
4953 MEAS7 4974 0.022000
4953 MEAS7 4975 0.349000
4953 MEAS7 4976 0.151000
4953 X6 4957 0.996863
4953 X6 4953 0.001046
4953 X6 4954 0.001046
4953 X6 4950 0.001046
4954 CNOT7_6 4962 0.908532
4954 CNOT7_6 4946 0.013067
4954 CNOT7_6 4965 0.013067
4954 CNOT7_6 4948 0.013067
4954 CNOT7_6 4964 0.013067
4954 CNOT7_6 4949 0.013067
4954 CNOT7_6 4963 0.013067
4954 CNOT7_6 4947 0.013067
4954 CNOT7_12 4947 0.916315
4954 CNOT7_12 4965 0.011955
4954 CNOT7_12 4946 0.011955
4954 CNOT7_12 4964 0.011955
4954 CNOT7_12 4948 0.011955
4954 CNOT7_12 4963 0.011955
4954 CNOT7_12 4949 0.011955
4954 CNOT7_12 4962 0.011955
4954 MEAS7 4973 0.478000
4954 MEAS7 4974 0.022000
4954 MEAS7 4975 0.349000
4954 MEAS7 4976 0.151000
4954 X6 4950 0.996863
4954 X6 4954 0.001046
4954 X6 4953 0.001046
4954 X6 4957 0.001046
4955 CNOT7_6 4964 0.908532
4955 CNOT7_6 4949 0.013067
4955 CNOT7_6 4963 0.013067
4955 CNOT7_6 4947 0.013067
4955 CNOT7_6 4962 0.013067
4955 CNOT7_6 4946 0.013067
4955 CNOT7_6 4965 0.013067
4955 CNOT7_6 4948 0.013067
4955 CNOT7_12 4964 0.916315
4955 CNOT7_12 4949 0.011955
4955 CNOT7_12 4963 0.011955
4955 CNOT7_12 4947 0.011955
4955 CNOT7_12 4962 0.011955
4955 CNOT7_12 4946 0.011955
4955 CNOT7_12 4965 0.011955
4955 CNOT7_12 4948 0.011955
4955 MEAS7 4977 0.478000
4955 MEAS7 4978 0.022000
4955 MEAS7 4979 0.349000
4955 MEAS7 4980 0.151000
4955 X6 4952 0.996863
4955 X6 4955 0.001046
4955 X6 4956 0.001046
4955 X6 4951 0.001046
4956 CNOT7_6 4965 0.908532
4956 CNOT7_6 4947 0.013067
4956 CNOT7_6 4962 0.013067
4956 CNOT7_6 4949 0.013067
4956 CNOT7_6 4963 0.013067
4956 CNOT7_6 4948 0.013067
4956 CNOT7_6 4964 0.013067
4956 CNOT7_6 4946 0.013067
4956 CNOT7_12 4965 0.916315
4956 CNOT7_12 4947 0.011955
4956 CNOT7_12 4962 0.011955
4956 CNOT7_12 4949 0.011955
4956 CNOT7_12 4963 0.011955
4956 CNOT7_12 4948 0.011955
4956 CNOT7_12 4964 0.011955
4956 CNOT7_12 4946 0.011955
4956 MEAS7 4977 0.478000
4956 MEAS7 4978 0.022000
4956 MEAS7 4979 0.349000
4956 MEAS7 4980 0.151000
4956 X6 4951 0.996863
4956 X6 4956 0.001046
4956 X6 4955 0.001046
4956 X6 4952 0.001046
4957 CNOT7_6 4948 0.908532
4957 CNOT7_6 4963 0.013067
4957 CNOT7_6 4949 0.013067
4957 CNOT7_6 4962 0.013067
4957 CNOT7_6 4947 0.013067
4957 CNOT7_6 4965 0.013067
4957 CNOT7_6 4946 0.013067
4957 CNOT7_6 4964 0.013067
4957 CNOT7_12 4948 0.916315
4957 CNOT7_12 4963 0.011955
4957 CNOT7_12 4949 0.011955
4957 CNOT7_12 4962 0.011955
4957 CNOT7_12 4947 0.011955
4957 CNOT7_12 4965 0.011955
4957 CNOT7_12 4946 0.011955
4957 CNOT7_12 4964 0.011955
4957 MEAS7 4945 0.478000
4957 MEAS7 4966 0.022000
4957 MEAS7 4967 0.349000
4957 MEAS7 4968 0.151000
4957 X6 4953 0.996863
4957 X6 4957 0.001046
4957 X6 4950 0.001046
4957 X6 4954 0.001046
4958 CNOT7_6 4981 0.908532
4958 CNOT7_6 4982 0.013067
4958 CNOT7_6 4983 0.013067
4958 CNOT7_6 4984 0.013067
4958 CNOT7_6 4985 0.013067
4958 CNOT7_6 4986 0.013067
4958 CNOT7_6 4987 0.013067
4958 CNOT7_6 4988 0.013067
4958 CNOT7_12 4981 0.916315
4958 CNOT7_12 4985 0.011955
4958 CNOT7_12 4984 0.011955
4958 CNOT7_12 4983 0.011955
4958 CNOT7_12 4982 0.011955
4958 CNOT7_12 4986 0.011955
4958 CNOT7_12 4987 0.011955
4958 CNOT7_12 4988 0.011955
4958 MEAS7 4946 0.956000
4958 MEAS7 4958 0.044000
4958 X6 4959 0.996863
4958 X6 4958 0.001046
4958 X6 4960 0.001046
4958 X6 4961 0.001046
4959 CNOT7_6 4982 0.908532
4959 CNOT7_6 4981 0.013067
4959 CNOT7_6 4988 0.013067
4959 CNOT7_6 4986 0.013067
4959 CNOT7_6 4987 0.013067
4959 CNOT7_6 4984 0.013067
4959 CNOT7_6 4985 0.013067
4959 CNOT7_6 4983 0.013067
4959 CNOT7_12 4985 0.916315
4959 CNOT7_12 4981 0.011955
4959 CNOT7_12 4988 0.011955
4959 CNOT7_12 4986 0.011955
4959 CNOT7_12 4987 0.011955
4959 CNOT7_12 4983 0.011955
4959 CNOT7_12 4982 0.011955
4959 CNOT7_12 4984 0.011955
4959 MEAS7 4947 0.956000
4959 MEAS7 4959 0.044000
4959 X6 4958 0.996863
4959 X6 4959 0.001046
4959 X6 4961 0.001046
4959 X6 4960 0.001046
4960 CNOT7_6 4988 0.908532
4960 CNOT7_6 4983 0.013067
4960 CNOT7_6 4982 0.013067
4960 CNOT7_6 4985 0.013067
4960 CNOT7_6 4984 0.013067
4960 CNOT7_6 4987 0.013067
4960 CNOT7_6 4986 0.013067
4960 CNOT7_6 4981 0.013067
4960 CNOT7_12 4988 0.916315
4960 CNOT7_12 4984 0.011955
4960 CNOT7_12 4985 0.011955
4960 CNOT7_12 4982 0.011955
4960 CNOT7_12 4983 0.011955
4960 CNOT7_12 4987 0.011955
4960 CNOT7_12 4986 0.011955
4960 CNOT7_12 4981 0.011955
4960 MEAS7 4948 0.956000
4960 MEAS7 4960 0.044000
4960 X6 4961 0.996863
4960 X6 4960 0.001046
4960 X6 4958 0.001046
4960 X6 4959 0.001046
4961 CNOT7_6 4983 0.908532
4961 CNOT7_6 4988 0.013067
4961 CNOT7_6 4981 0.013067
4961 CNOT7_6 4987 0.013067
4961 CNOT7_6 4986 0.013067
4961 CNOT7_6 4985 0.013067
4961 CNOT7_6 4984 0.013067
4961 CNOT7_6 4982 0.013067
4961 CNOT7_12 4984 0.916315
4961 CNOT7_12 4988 0.011955
4961 CNOT7_12 4981 0.011955
4961 CNOT7_12 4987 0.011955
4961 CNOT7_12 4986 0.011955
4961 CNOT7_12 4982 0.011955
4961 CNOT7_12 4983 0.011955
4961 CNOT7_12 4985 0.011955
4961 MEAS7 4949 0.956000
4961 MEAS7 4961 0.044000
4961 X6 4960 0.996863
4961 X6 4961 0.001046
4961 X6 4959 0.001046
4961 X6 4958 0.001046
4962 CNOT7_6 4954 0.908532
4962 CNOT7_6 4956 0.013067
4962 CNOT7_6 4955 0.013067
4962 CNOT7_6 4957 0.013067
4962 CNOT7_6 4950 0.013067
4962 CNOT7_6 4952 0.013067
4962 CNOT7_6 4951 0.013067
4962 CNOT7_6 4953 0.013067
4962 CNOT7_12 4951 0.916315
4962 CNOT7_12 4956 0.011955
4962 CNOT7_12 4955 0.011955
4962 CNOT7_12 4957 0.011955
4962 CNOT7_12 4950 0.011955
4962 CNOT7_12 4953 0.011955
4962 CNOT7_12 4954 0.011955
4962 CNOT7_12 4952 0.011955
4962 MEAS7 4989 0.698000
4962 MEAS7 4962 0.302000
4962 X6 4965 0.996863
4962 X6 4962 0.001046
4962 X6 4963 0.001046
4962 X6 4964 0.001046
4963 CNOT7_6 4953 0.908532
4963 CNOT7_6 4955 0.013067
4963 CNOT7_6 4956 0.013067
4963 CNOT7_6 4950 0.013067
4963 CNOT7_6 4957 0.013067
4963 CNOT7_6 4951 0.013067
4963 CNOT7_6 4952 0.013067
4963 CNOT7_6 4954 0.013067
4963 CNOT7_12 4952 0.916315
4963 CNOT7_12 4955 0.011955
4963 CNOT7_12 4956 0.011955
4963 CNOT7_12 4950 0.011955
4963 CNOT7_12 4957 0.011955
4963 CNOT7_12 4954 0.011955
4963 CNOT7_12 4953 0.011955
4963 CNOT7_12 4951 0.011955
4963 MEAS7 4990 0.698000
4963 MEAS7 4963 0.302000
4963 X6 4964 0.996863
4963 X6 4963 0.001046
4963 X6 4962 0.001046
4963 X6 4965 0.001046
4964 CNOT7_6 4955 0.908532
4964 CNOT7_6 4953 0.013067
4964 CNOT7_6 4954 0.013067
4964 CNOT7_6 4951 0.013067
4964 CNOT7_6 4952 0.013067
4964 CNOT7_6 4950 0.013067
4964 CNOT7_6 4957 0.013067
4964 CNOT7_6 4956 0.013067
4964 CNOT7_12 4955 0.916315
4964 CNOT7_12 4952 0.011955
4964 CNOT7_12 4951 0.011955
4964 CNOT7_12 4954 0.011955
4964 CNOT7_12 4953 0.011955
4964 CNOT7_12 4950 0.011955
4964 CNOT7_12 4957 0.011955
4964 CNOT7_12 4956 0.011955
4964 MEAS7 4991 0.698000
4964 MEAS7 4964 0.302000
4964 X6 4963 0.996863
4964 X6 4964 0.001046
4964 X6 4965 0.001046
4964 X6 4962 0.001046
4965 CNOT7_6 4956 0.908532
4965 CNOT7_6 4954 0.013067
4965 CNOT7_6 4953 0.013067
4965 CNOT7_6 4952 0.013067
4965 CNOT7_6 4951 0.013067
4965 CNOT7_6 4957 0.013067
4965 CNOT7_6 4950 0.013067
4965 CNOT7_6 4955 0.013067
4965 CNOT7_12 4956 0.916315
4965 CNOT7_12 4951 0.011955
4965 CNOT7_12 4952 0.011955
4965 CNOT7_12 4953 0.011955
4965 CNOT7_12 4954 0.011955
4965 CNOT7_12 4957 0.011955
4965 CNOT7_12 4950 0.011955
4965 CNOT7_12 4955 0.011955
4965 MEAS7 4992 0.698000
4965 MEAS7 4965 0.302000
4965 X6 4962 0.996863
4965 X6 4965 0.001046
4965 X6 4964 0.001046
4965 X6 4963 0.001046
4966 CNOT7_6 4966 0.921599
4966 CNOT7_6 4971 0.026134
4966 CNOT7_6 4974 0.026134
4966 CNOT7_6 4979 0.026134
4966 CNOT7_12 4966 0.928270
4966 CNOT7_12 4975 0.023910
4966 CNOT7_12 4970 0.023910
4966 CNOT7_12 4979 0.023910
4966 MEAS7 4945 0.956000
4966 MEAS7 4966 0.044000
4966 X6 4974 0.997909
4966 X6 4966 0.002091
4967 CNOT7_6 4978 0.921599
4967 CNOT7_6 4975 0.026134
4967 CNOT7_6 4970 0.026134
4967 CNOT7_6 4967 0.026134
4967 CNOT7_12 4978 0.928270
4967 CNOT7_12 4971 0.023910
4967 CNOT7_12 4974 0.023910
4967 CNOT7_12 4967 0.023910
4967 MEAS7 4967 0.698000
4967 MEAS7 4968 0.302000
4967 X6 4975 0.997909
4967 X6 4967 0.002091
4968 CNOT7_6 4977 0.921599
4968 CNOT7_6 4976 0.026134
4968 CNOT7_6 4969 0.026134
4968 CNOT7_6 4968 0.026134
4968 CNOT7_12 4977 0.928270
4968 CNOT7_12 4972 0.023910
4968 CNOT7_12 4973 0.023910
4968 CNOT7_12 4968 0.023910
4968 MEAS7 4967 0.698000
4968 MEAS7 4968 0.302000
4968 X6 4976 0.997909
4968 X6 4968 0.002091
4969 CNOT7_6 4969 0.921599
4969 CNOT7_6 4968 0.026134
4969 CNOT7_6 4977 0.026134
4969 CNOT7_6 4976 0.026134
4969 CNOT7_12 4976 0.928270
4969 CNOT7_12 4945 0.023910
4969 CNOT7_12 4980 0.023910
4969 CNOT7_12 4969 0.023910
4969 MEAS7 4969 0.956000
4969 MEAS7 4970 0.044000
4969 X6 4977 0.997909
4969 X6 4969 0.002091
4970 CNOT7_6 4970 0.921599
4970 CNOT7_6 4967 0.026134
4970 CNOT7_6 4978 0.026134
4970 CNOT7_6 4975 0.026134
4970 CNOT7_12 4975 0.928270
4970 CNOT7_12 4966 0.023910
4970 CNOT7_12 4979 0.023910
4970 CNOT7_12 4970 0.023910
4970 MEAS7 4969 0.956000
4970 MEAS7 4970 0.044000
4970 X6 4978 0.997909
4970 X6 4970 0.002091
4971 CNOT7_6 4974 0.921599
4971 CNOT7_6 4979 0.026134
4971 CNOT7_6 4966 0.026134
4971 CNOT7_6 4971 0.026134
4971 CNOT7_12 4971 0.928270
4971 CNOT7_12 4978 0.023910
4971 CNOT7_12 4967 0.023910
4971 CNOT7_12 4974 0.023910
4971 MEAS7 4971 0.698000
4971 MEAS7 4972 0.302000
4971 X6 4979 0.997909
4971 X6 4971 0.002091
4972 CNOT7_6 4973 0.921599
4972 CNOT7_6 4980 0.026134
4972 CNOT7_6 4945 0.026134
4972 CNOT7_6 4972 0.026134
4972 CNOT7_12 4972 0.928270
4972 CNOT7_12 4977 0.023910
4972 CNOT7_12 4968 0.023910
4972 CNOT7_12 4973 0.023910
4972 MEAS7 4971 0.698000
4972 MEAS7 4972 0.302000
4972 X6 4980 0.997909
4972 X6 4972 0.002091
4973 CNOT7_6 4972 0.921599
4973 CNOT7_6 4945 0.026134
4973 CNOT7_6 4980 0.026134
4973 CNOT7_6 4973 0.026134
4973 CNOT7_12 4973 0.928270
4973 CNOT7_12 4968 0.023910
4973 CNOT7_12 4977 0.023910
4973 CNOT7_12 4972 0.023910
4973 MEAS7 4973 0.956000
4973 MEAS7 4974 0.044000
4973 X6 4945 0.997909
4973 X6 4973 0.002091
4974 CNOT7_6 4971 0.921599
4974 CNOT7_6 4966 0.026134
4974 CNOT7_6 4979 0.026134
4974 CNOT7_6 4974 0.026134
4974 CNOT7_12 4974 0.928270
4974 CNOT7_12 4967 0.023910
4974 CNOT7_12 4978 0.023910
4974 CNOT7_12 4971 0.023910
4974 MEAS7 4973 0.956000
4974 MEAS7 4974 0.044000
4974 X6 4966 0.997909
4974 X6 4974 0.002091
4975 CNOT7_6 4975 0.921599
4975 CNOT7_6 4978 0.026134
4975 CNOT7_6 4967 0.026134
4975 CNOT7_6 4970 0.026134
4975 CNOT7_12 4970 0.928270
4975 CNOT7_12 4979 0.023910
4975 CNOT7_12 4966 0.023910
4975 CNOT7_12 4975 0.023910
4975 MEAS7 4975 0.698000
4975 MEAS7 4976 0.302000
4975 X6 4967 0.997909
4975 X6 4975 0.002091
4976 CNOT7_6 4976 0.921599
4976 CNOT7_6 4977 0.026134
4976 CNOT7_6 4968 0.026134
4976 CNOT7_6 4969 0.026134
4976 CNOT7_12 4969 0.928270
4976 CNOT7_12 4980 0.023910
4976 CNOT7_12 4945 0.023910
4976 CNOT7_12 4976 0.023910
4976 MEAS7 4975 0.698000
4976 MEAS7 4976 0.302000
4976 X6 4968 0.997909
4976 X6 4976 0.002091
4977 CNOT7_6 4968 0.921599
4977 CNOT7_6 4969 0.026134
4977 CNOT7_6 4976 0.026134
4977 CNOT7_6 4977 0.026134
4977 CNOT7_12 4968 0.928270
4977 CNOT7_12 4973 0.023910
4977 CNOT7_12 4972 0.023910
4977 CNOT7_12 4977 0.023910
4977 MEAS7 4977 0.956000
4977 MEAS7 4978 0.044000
4977 X6 4969 0.997909
4977 X6 4977 0.002091
4978 CNOT7_6 4967 0.921599
4978 CNOT7_6 4970 0.026134
4978 CNOT7_6 4975 0.026134
4978 CNOT7_6 4978 0.026134
4978 CNOT7_12 4967 0.928270
4978 CNOT7_12 4974 0.023910
4978 CNOT7_12 4971 0.023910
4978 CNOT7_12 4978 0.023910
4978 MEAS7 4977 0.956000
4978 MEAS7 4978 0.044000
4978 X6 4970 0.997909
4978 X6 4978 0.002091
4979 CNOT7_6 4979 0.921599
4979 CNOT7_6 4974 0.026134
4979 CNOT7_6 4971 0.026134
4979 CNOT7_6 4966 0.026134
4979 CNOT7_12 4979 0.928270
4979 CNOT7_12 4970 0.023910
4979 CNOT7_12 4975 0.023910
4979 CNOT7_12 4966 0.023910
4979 MEAS7 4979 0.698000
4979 MEAS7 4980 0.302000
4979 X6 4971 0.997909
4979 X6 4979 0.002091
4980 CNOT7_6 4980 0.921599
4980 CNOT7_6 4973 0.026134
4980 CNOT7_6 4972 0.026134
4980 CNOT7_6 4945 0.026134
4980 CNOT7_12 4980 0.928270
4980 CNOT7_12 4969 0.023910
4980 CNOT7_12 4976 0.023910
4980 CNOT7_12 4945 0.023910
4980 MEAS7 4979 0.698000
4980 MEAS7 4980 0.302000
4980 X6 4972 0.997909
4980 X6 4980 0.002091
4981 CNOT7_6 4958 0.908532
4981 CNOT7_6 4989 0.013067
4981 CNOT7_6 4959 0.013067
4981 CNOT7_6 4990 0.013067
4981 CNOT7_6 4961 0.013067
4981 CNOT7_6 4991 0.013067
4981 CNOT7_6 4960 0.013067
4981 CNOT7_6 4992 0.013067
4981 CNOT7_12 4958 0.916315
4981 CNOT7_12 4989 0.011955
4981 CNOT7_12 4959 0.011955
4981 CNOT7_12 4990 0.011955
4981 CNOT7_12 4961 0.011955
4981 CNOT7_12 4991 0.011955
4981 CNOT7_12 4960 0.011955
4981 CNOT7_12 4992 0.011955
4981 MEAS7 4945 0.478000
4981 MEAS7 4966 0.022000
4981 MEAS7 4967 0.349000
4981 MEAS7 4968 0.151000
4981 X6 4985 0.996863
4981 X6 4981 0.001046
4981 X6 4988 0.001046
4981 X6 4984 0.001046
4982 CNOT7_6 4959 0.908532
4982 CNOT7_6 4992 0.013067
4982 CNOT7_6 4958 0.013067
4982 CNOT7_6 4991 0.013067
4982 CNOT7_6 4960 0.013067
4982 CNOT7_6 4990 0.013067
4982 CNOT7_6 4961 0.013067
4982 CNOT7_6 4989 0.013067
4982 CNOT7_12 4989 0.916315
4982 CNOT7_12 4958 0.011955
4982 CNOT7_12 4992 0.011955
4982 CNOT7_12 4960 0.011955
4982 CNOT7_12 4991 0.011955
4982 CNOT7_12 4961 0.011955
4982 CNOT7_12 4990 0.011955
4982 CNOT7_12 4959 0.011955
4982 MEAS7 4969 0.478000
4982 MEAS7 4970 0.022000
4982 MEAS7 4971 0.349000
4982 MEAS7 4972 0.151000
4982 X6 4987 0.996863
4982 X6 4982 0.001046
4982 X6 4983 0.001046
4982 X6 4986 0.001046
4983 CNOT7_6 4961 0.908532
4983 CNOT7_6 4991 0.013067
4983 CNOT7_6 4960 0.013067
4983 CNOT7_6 4992 0.013067
4983 CNOT7_6 4958 0.013067
4983 CNOT7_6 4989 0.013067
4983 CNOT7_6 4959 0.013067
4983 CNOT7_6 4990 0.013067
4983 CNOT7_12 4990 0.916315
4983 CNOT7_12 4960 0.011955
4983 CNOT7_12 4991 0.011955
4983 CNOT7_12 4958 0.011955
4983 CNOT7_12 4992 0.011955
4983 CNOT7_12 4959 0.011955
4983 CNOT7_12 4989 0.011955
4983 CNOT7_12 4961 0.011955
4983 MEAS7 4969 0.478000
4983 MEAS7 4970 0.022000
4983 MEAS7 4971 0.349000
4983 MEAS7 4972 0.151000
4983 X6 4986 0.996863
4983 X6 4983 0.001046
4983 X6 4982 0.001046
4983 X6 4987 0.001046
4984 CNOT7_6 4990 0.908532
4984 CNOT7_6 4960 0.013067
4984 CNOT7_6 4991 0.013067
4984 CNOT7_6 4958 0.013067
4984 CNOT7_6 4992 0.013067
4984 CNOT7_6 4959 0.013067
4984 CNOT7_6 4989 0.013067
4984 CNOT7_6 4961 0.013067
4984 CNOT7_12 4961 0.916315
4984 CNOT7_12 4991 0.011955
4984 CNOT7_12 4960 0.011955
4984 CNOT7_12 4992 0.011955
4984 CNOT7_12 4958 0.011955
4984 CNOT7_12 4989 0.011955
4984 CNOT7_12 4959 0.011955
4984 CNOT7_12 4990 0.011955
4984 MEAS7 4973 0.478000
4984 MEAS7 4974 0.022000
4984 MEAS7 4975 0.349000
4984 MEAS7 4976 0.151000
4984 X6 4988 0.996863
4984 X6 4984 0.001046
4984 X6 4985 0.001046
4984 X6 4981 0.001046
4985 CNOT7_6 4989 0.908532
4985 CNOT7_6 4958 0.013067
4985 CNOT7_6 4992 0.013067
4985 CNOT7_6 4960 0.013067
4985 CNOT7_6 4991 0.013067
4985 CNOT7_6 4961 0.013067
4985 CNOT7_6 4990 0.013067
4985 CNOT7_6 4959 0.013067
4985 CNOT7_12 4959 0.916315
4985 CNOT7_12 4992 0.011955
4985 CNOT7_12 4958 0.011955
4985 CNOT7_12 4991 0.011955
4985 CNOT7_12 4960 0.011955
4985 CNOT7_12 4990 0.011955
4985 CNOT7_12 4961 0.011955
4985 CNOT7_12 4989 0.011955
4985 MEAS7 4973 0.478000
4985 MEAS7 4974 0.022000
4985 MEAS7 4975 0.349000
4985 MEAS7 4976 0.151000
4985 X6 4981 0.996863
4985 X6 4985 0.001046
4985 X6 4984 0.001046
4985 X6 4988 0.001046
4986 CNOT7_6 4991 0.908532
4986 CNOT7_6 4961 0.013067
4986 CNOT7_6 4990 0.013067
4986 CNOT7_6 4959 0.013067
4986 CNOT7_6 4989 0.013067
4986 CNOT7_6 4958 0.013067
4986 CNOT7_6 4992 0.013067
4986 CNOT7_6 4960 0.013067
4986 CNOT7_12 4991 0.916315
4986 CNOT7_12 4961 0.011955
4986 CNOT7_12 4990 0.011955
4986 CNOT7_12 4959 0.011955
4986 CNOT7_12 4989 0.011955
4986 CNOT7_12 4958 0.011955
4986 CNOT7_12 4992 0.011955
4986 CNOT7_12 4960 0.011955
4986 MEAS7 4977 0.478000
4986 MEAS7 4978 0.022000
4986 MEAS7 4979 0.349000
4986 MEAS7 4980 0.151000
4986 X6 4983 0.996863
4986 X6 4986 0.001046
4986 X6 4987 0.001046
4986 X6 4982 0.001046
4987 CNOT7_6 4992 0.908532
4987 CNOT7_6 4959 0.013067
4987 CNOT7_6 4989 0.013067
4987 CNOT7_6 4961 0.013067
4987 CNOT7_6 4990 0.013067
4987 CNOT7_6 4960 0.013067
4987 CNOT7_6 4991 0.013067
4987 CNOT7_6 4958 0.013067
4987 CNOT7_12 4992 0.916315
4987 CNOT7_12 4959 0.011955
4987 CNOT7_12 4989 0.011955
4987 CNOT7_12 4961 0.011955
4987 CNOT7_12 4990 0.011955
4987 CNOT7_12 4960 0.011955
4987 CNOT7_12 4991 0.011955
4987 CNOT7_12 4958 0.011955
4987 MEAS7 4977 0.478000
4987 MEAS7 4978 0.022000
4987 MEAS7 4979 0.349000
4987 MEAS7 4980 0.151000
4987 X6 4982 0.996863
4987 X6 4987 0.001046
4987 X6 4986 0.001046
4987 X6 4983 0.001046
4988 CNOT7_6 4960 0.908532
4988 CNOT7_6 4990 0.013067
4988 CNOT7_6 4961 0.013067
4988 CNOT7_6 4989 0.013067
4988 CNOT7_6 4959 0.013067
4988 CNOT7_6 4992 0.013067
4988 CNOT7_6 4958 0.013067
4988 CNOT7_6 4991 0.013067
4988 CNOT7_12 4960 0.916315
4988 CNOT7_12 4990 0.011955
4988 CNOT7_12 4961 0.011955
4988 CNOT7_12 4989 0.011955
4988 CNOT7_12 4959 0.011955
4988 CNOT7_12 4992 0.011955
4988 CNOT7_12 4958 0.011955
4988 CNOT7_12 4991 0.011955
4988 MEAS7 4945 0.478000
4988 MEAS7 4966 0.022000
4988 MEAS7 4967 0.349000
4988 MEAS7 4968 0.151000
4988 X6 4984 0.996863
4988 X6 4988 0.001046
4988 X6 4981 0.001046
4988 X6 4985 0.001046
4989 CNOT7_6 4985 0.908532
4989 CNOT7_6 4987 0.013067
4989 CNOT7_6 4986 0.013067
4989 CNOT7_6 4988 0.013067
4989 CNOT7_6 4981 0.013067
4989 CNOT7_6 4983 0.013067
4989 CNOT7_6 4982 0.013067
4989 CNOT7_6 4984 0.013067
4989 CNOT7_12 4982 0.916315
4989 CNOT7_12 4987 0.011955
4989 CNOT7_12 4986 0.011955
4989 CNOT7_12 4988 0.011955
4989 CNOT7_12 4981 0.011955
4989 CNOT7_12 4984 0.011955
4989 CNOT7_12 4985 0.011955
4989 CNOT7_12 4983 0.011955
4989 MEAS7 4989 0.698000
4989 MEAS7 4962 0.302000
4989 X6 4992 0.996863
4989 X6 4989 0.001046
4989 X6 4990 0.001046
4989 X6 4991 0.001046
4990 CNOT7_6 4984 0.908532
4990 CNOT7_6 4986 0.013067
4990 CNOT7_6 4987 0.013067
4990 CNOT7_6 4981 0.013067
4990 CNOT7_6 4988 0.013067
4990 CNOT7_6 4982 0.013067
4990 CNOT7_6 4983 0.013067
4990 CNOT7_6 4985 0.013067
4990 CNOT7_12 4983 0.916315
4990 CNOT7_12 4986 0.011955
4990 CNOT7_12 4987 0.011955
4990 CNOT7_12 4981 0.011955
4990 CNOT7_12 4988 0.011955
4990 CNOT7_12 4985 0.011955
4990 CNOT7_12 4984 0.011955
4990 CNOT7_12 4982 0.011955
4990 MEAS7 4990 0.698000
4990 MEAS7 4963 0.302000
4990 X6 4991 0.996863
4990 X6 4990 0.001046
4990 X6 4989 0.001046
4990 X6 4992 0.001046
4991 CNOT7_6 4986 0.908532
4991 CNOT7_6 4984 0.013067
4991 CNOT7_6 4985 0.013067
4991 CNOT7_6 4982 0.013067
4991 CNOT7_6 4983 0.013067
4991 CNOT7_6 4981 0.013067
4991 CNOT7_6 4988 0.013067
4991 CNOT7_6 4987 0.013067
4991 CNOT7_12 4986 0.916315
4991 CNOT7_12 4983 0.011955
4991 CNOT7_12 4982 0.011955
4991 CNOT7_12 4985 0.011955
4991 CNOT7_12 4984 0.011955
4991 CNOT7_12 4981 0.011955
4991 CNOT7_12 4988 0.011955
4991 CNOT7_12 4987 0.011955
4991 MEAS7 4991 0.698000
4991 MEAS7 4964 0.302000
4991 X6 4990 0.996863
4991 X6 4991 0.001046
4991 X6 4992 0.001046
4991 X6 4989 0.001046
4992 CNOT7_6 4987 0.908532
4992 CNOT7_6 4985 0.013067
4992 CNOT7_6 4984 0.013067
4992 CNOT7_6 4983 0.013067
4992 CNOT7_6 4982 0.013067
4992 CNOT7_6 4988 0.013067
4992 CNOT7_6 4981 0.013067
4992 CNOT7_6 4986 0.013067
4992 CNOT7_12 4987 0.916315
4992 CNOT7_12 4982 0.011955
4992 CNOT7_12 4983 0.011955
4992 CNOT7_12 4984 0.011955
4992 CNOT7_12 4985 0.011955
4992 CNOT7_12 4988 0.011955
4992 CNOT7_12 4981 0.011955
4992 CNOT7_12 4986 0.011955
4992 MEAS7 4992 0.698000
4992 MEAS7 4965 0.302000
4992 X6 4989 0.996863
4992 X6 4992 0.001046
4992 X6 4991 0.001046
4992 X6 4990 0.001046
ENDPOMDP
