BEGINPOMDP
INITIALSTATE: 6481
STATES: 6481,6482,6483,6484,6485,6486,6487,6488,6489,6490,6491,6492,6493,6494,6495,6496,6497,6498,6499,6500,6501,6502,6503,6504,6505,6506,6507,6508,6509,6510,6511,6512,6513,6514,6515,6516,6517,6518,6519,6520,6521,6522,6523,6524,6525,6526,6527,6528
TARGETV: 6482,6484,6486,6491,6492,6493,6494,6496,6500,6501,6517,6522,6523,6524,6527,6528
GAMMA: 6481:0,6482:0,6483:0,6484:0,6485:0,6486:0,6487:0,6488:0,6489:0,6490:0,6491:0,6492:0,6493:0,6494:1,6495:1,6496:1,6497:1,6498:0,6499:0,6500:0,6501:0,6502:1,6503:1,6504:0,6505:0,6506:1,6507:1,6508:0,6509:0,6510:1,6511:1,6512:0,6513:0,6514:1,6515:1,6516:0,6517:1,6518:1,6519:1,6520:1,6521:1,6522:1,6523:1,6524:1,6525:1,6526:1,6527:1,6528:1
BEGINACTIONS
CNOT12_15 Instruction.CNOT 15 12
CNOT12_10 Instruction.CNOT 10 12
MEAS12 Instruction.MEAS None 12
X15 Instruction.X None 15
ENDACTIONS
6481 INIT_ 6482 0.250000
6481 INIT_ 6483 0.250000
6481 INIT_ 6484 0.250000
6481 INIT_ 6485 0.250000
6481 CNOT12_15 6481 0.994966
6481 CNOT12_15 6508 0.001678
6481 CNOT12_15 6509 0.001678
6481 CNOT12_15 6516 0.001678
6481 CNOT12_10 6481 0.994228
6481 CNOT12_10 6512 0.001924
6481 CNOT12_10 6505 0.001924
6481 CNOT12_10 6516 0.001924
6481 MEAS12 6481 0.954200
6481 MEAS12 6502 0.045800
6481 X15 6509 0.999835
6481 X15 6481 0.000165
6482 CNOT12_15 6486 0.994128
6482 CNOT12_15 6487 0.000839
6482 CNOT12_15 6488 0.000839
6482 CNOT12_15 6489 0.000839
6482 CNOT12_15 6490 0.000839
6482 CNOT12_15 6491 0.000839
6482 CNOT12_15 6492 0.000839
6482 CNOT12_15 6493 0.000839
6482 CNOT12_10 6486 0.993266
6482 CNOT12_10 6490 0.000962
6482 CNOT12_10 6489 0.000962
6482 CNOT12_10 6488 0.000962
6482 CNOT12_10 6487 0.000962
6482 CNOT12_10 6491 0.000962
6482 CNOT12_10 6492 0.000962
6482 CNOT12_10 6493 0.000962
6482 MEAS12 6482 0.954200
6482 MEAS12 6494 0.045800
6482 X15 6483 0.999752
6482 X15 6482 0.000083
6482 X15 6484 0.000083
6482 X15 6485 0.000083
6483 CNOT12_15 6487 0.994128
6483 CNOT12_15 6486 0.000839
6483 CNOT12_15 6493 0.000839
6483 CNOT12_15 6491 0.000839
6483 CNOT12_15 6492 0.000839
6483 CNOT12_15 6489 0.000839
6483 CNOT12_15 6490 0.000839
6483 CNOT12_15 6488 0.000839
6483 CNOT12_10 6490 0.993266
6483 CNOT12_10 6486 0.000962
6483 CNOT12_10 6493 0.000962
6483 CNOT12_10 6491 0.000962
6483 CNOT12_10 6492 0.000962
6483 CNOT12_10 6488 0.000962
6483 CNOT12_10 6487 0.000962
6483 CNOT12_10 6489 0.000962
6483 MEAS12 6483 0.954200
6483 MEAS12 6495 0.045800
6483 X15 6482 0.999752
6483 X15 6483 0.000083
6483 X15 6485 0.000083
6483 X15 6484 0.000083
6484 CNOT12_15 6493 0.994128
6484 CNOT12_15 6488 0.000839
6484 CNOT12_15 6487 0.000839
6484 CNOT12_15 6490 0.000839
6484 CNOT12_15 6489 0.000839
6484 CNOT12_15 6492 0.000839
6484 CNOT12_15 6491 0.000839
6484 CNOT12_15 6486 0.000839
6484 CNOT12_10 6493 0.993266
6484 CNOT12_10 6489 0.000962
6484 CNOT12_10 6490 0.000962
6484 CNOT12_10 6487 0.000962
6484 CNOT12_10 6488 0.000962
6484 CNOT12_10 6492 0.000962
6484 CNOT12_10 6491 0.000962
6484 CNOT12_10 6486 0.000962
6484 MEAS12 6484 0.954200
6484 MEAS12 6496 0.045800
6484 X15 6485 0.999752
6484 X15 6484 0.000083
6484 X15 6482 0.000083
6484 X15 6483 0.000083
6485 CNOT12_15 6488 0.994128
6485 CNOT12_15 6493 0.000839
6485 CNOT12_15 6486 0.000839
6485 CNOT12_15 6492 0.000839
6485 CNOT12_15 6491 0.000839
6485 CNOT12_15 6490 0.000839
6485 CNOT12_15 6489 0.000839
6485 CNOT12_15 6487 0.000839
6485 CNOT12_10 6489 0.993266
6485 CNOT12_10 6493 0.000962
6485 CNOT12_10 6486 0.000962
6485 CNOT12_10 6492 0.000962
6485 CNOT12_10 6491 0.000962
6485 CNOT12_10 6487 0.000962
6485 CNOT12_10 6488 0.000962
6485 CNOT12_10 6490 0.000962
6485 MEAS12 6485 0.954200
6485 MEAS12 6497 0.045800
6485 X15 6484 0.999752
6485 X15 6485 0.000083
6485 X15 6483 0.000083
6485 X15 6482 0.000083
6486 CNOT12_15 6482 0.994128
6486 CNOT12_15 6498 0.000839
6486 CNOT12_15 6483 0.000839
6486 CNOT12_15 6499 0.000839
6486 CNOT12_15 6485 0.000839
6486 CNOT12_15 6500 0.000839
6486 CNOT12_15 6484 0.000839
6486 CNOT12_15 6501 0.000839
6486 CNOT12_10 6482 0.993266
6486 CNOT12_10 6498 0.000962
6486 CNOT12_10 6483 0.000962
6486 CNOT12_10 6499 0.000962
6486 CNOT12_10 6485 0.000962
6486 CNOT12_10 6500 0.000962
6486 CNOT12_10 6484 0.000962
6486 CNOT12_10 6501 0.000962
6486 MEAS12 6481 0.477100
6486 MEAS12 6502 0.022900
6486 MEAS12 6503 0.478800
6486 MEAS12 6504 0.021200
6486 X15 6490 0.999752
6486 X15 6486 0.000083
6486 X15 6493 0.000083
6486 X15 6489 0.000083
6487 CNOT12_15 6483 0.994128
6487 CNOT12_15 6501 0.000839
6487 CNOT12_15 6482 0.000839
6487 CNOT12_15 6500 0.000839
6487 CNOT12_15 6484 0.000839
6487 CNOT12_15 6499 0.000839
6487 CNOT12_15 6485 0.000839
6487 CNOT12_15 6498 0.000839
6487 CNOT12_10 6498 0.993266
6487 CNOT12_10 6482 0.000962
6487 CNOT12_10 6501 0.000962
6487 CNOT12_10 6484 0.000962
6487 CNOT12_10 6500 0.000962
6487 CNOT12_10 6485 0.000962
6487 CNOT12_10 6499 0.000962
6487 CNOT12_10 6483 0.000962
6487 MEAS12 6505 0.477100
6487 MEAS12 6506 0.022900
6487 MEAS12 6507 0.478800
6487 MEAS12 6508 0.021200
6487 X15 6492 0.999752
6487 X15 6487 0.000083
6487 X15 6488 0.000083
6487 X15 6491 0.000083
6488 CNOT12_15 6485 0.994128
6488 CNOT12_15 6500 0.000839
6488 CNOT12_15 6484 0.000839
6488 CNOT12_15 6501 0.000839
6488 CNOT12_15 6482 0.000839
6488 CNOT12_15 6498 0.000839
6488 CNOT12_15 6483 0.000839
6488 CNOT12_15 6499 0.000839
6488 CNOT12_10 6499 0.993266
6488 CNOT12_10 6484 0.000962
6488 CNOT12_10 6500 0.000962
6488 CNOT12_10 6482 0.000962
6488 CNOT12_10 6501 0.000962
6488 CNOT12_10 6483 0.000962
6488 CNOT12_10 6498 0.000962
6488 CNOT12_10 6485 0.000962
6488 MEAS12 6505 0.477100
6488 MEAS12 6506 0.022900
6488 MEAS12 6507 0.478800
6488 MEAS12 6508 0.021200
6488 X15 6491 0.999752
6488 X15 6488 0.000083
6488 X15 6487 0.000083
6488 X15 6492 0.000083
6489 CNOT12_15 6499 0.994128
6489 CNOT12_15 6484 0.000839
6489 CNOT12_15 6500 0.000839
6489 CNOT12_15 6482 0.000839
6489 CNOT12_15 6501 0.000839
6489 CNOT12_15 6483 0.000839
6489 CNOT12_15 6498 0.000839
6489 CNOT12_15 6485 0.000839
6489 CNOT12_10 6485 0.993266
6489 CNOT12_10 6500 0.000962
6489 CNOT12_10 6484 0.000962
6489 CNOT12_10 6501 0.000962
6489 CNOT12_10 6482 0.000962
6489 CNOT12_10 6498 0.000962
6489 CNOT12_10 6483 0.000962
6489 CNOT12_10 6499 0.000962
6489 MEAS12 6509 0.477100
6489 MEAS12 6510 0.022900
6489 MEAS12 6511 0.478800
6489 MEAS12 6512 0.021200
6489 X15 6493 0.999752
6489 X15 6489 0.000083
6489 X15 6490 0.000083
6489 X15 6486 0.000083
6490 CNOT12_15 6498 0.994128
6490 CNOT12_15 6482 0.000839
6490 CNOT12_15 6501 0.000839
6490 CNOT12_15 6484 0.000839
6490 CNOT12_15 6500 0.000839
6490 CNOT12_15 6485 0.000839
6490 CNOT12_15 6499 0.000839
6490 CNOT12_15 6483 0.000839
6490 CNOT12_10 6483 0.993266
6490 CNOT12_10 6501 0.000962
6490 CNOT12_10 6482 0.000962
6490 CNOT12_10 6500 0.000962
6490 CNOT12_10 6484 0.000962
6490 CNOT12_10 6499 0.000962
6490 CNOT12_10 6485 0.000962
6490 CNOT12_10 6498 0.000962
6490 MEAS12 6509 0.477100
6490 MEAS12 6510 0.022900
6490 MEAS12 6511 0.478800
6490 MEAS12 6512 0.021200
6490 X15 6486 0.999752
6490 X15 6490 0.000083
6490 X15 6489 0.000083
6490 X15 6493 0.000083
6491 CNOT12_15 6500 0.994128
6491 CNOT12_15 6485 0.000839
6491 CNOT12_15 6499 0.000839
6491 CNOT12_15 6483 0.000839
6491 CNOT12_15 6498 0.000839
6491 CNOT12_15 6482 0.000839
6491 CNOT12_15 6501 0.000839
6491 CNOT12_15 6484 0.000839
6491 CNOT12_10 6500 0.993266
6491 CNOT12_10 6485 0.000962
6491 CNOT12_10 6499 0.000962
6491 CNOT12_10 6483 0.000962
6491 CNOT12_10 6498 0.000962
6491 CNOT12_10 6482 0.000962
6491 CNOT12_10 6501 0.000962
6491 CNOT12_10 6484 0.000962
6491 MEAS12 6513 0.477100
6491 MEAS12 6514 0.022900
6491 MEAS12 6515 0.478800
6491 MEAS12 6516 0.021200
6491 X15 6488 0.999752
6491 X15 6491 0.000083
6491 X15 6492 0.000083
6491 X15 6487 0.000083
6492 CNOT12_15 6501 0.994128
6492 CNOT12_15 6483 0.000839
6492 CNOT12_15 6498 0.000839
6492 CNOT12_15 6485 0.000839
6492 CNOT12_15 6499 0.000839
6492 CNOT12_15 6484 0.000839
6492 CNOT12_15 6500 0.000839
6492 CNOT12_15 6482 0.000839
6492 CNOT12_10 6501 0.993266
6492 CNOT12_10 6483 0.000962
6492 CNOT12_10 6498 0.000962
6492 CNOT12_10 6485 0.000962
6492 CNOT12_10 6499 0.000962
6492 CNOT12_10 6484 0.000962
6492 CNOT12_10 6500 0.000962
6492 CNOT12_10 6482 0.000962
6492 MEAS12 6513 0.477100
6492 MEAS12 6514 0.022900
6492 MEAS12 6515 0.478800
6492 MEAS12 6516 0.021200
6492 X15 6487 0.999752
6492 X15 6492 0.000083
6492 X15 6491 0.000083
6492 X15 6488 0.000083
6493 CNOT12_15 6484 0.994128
6493 CNOT12_15 6499 0.000839
6493 CNOT12_15 6485 0.000839
6493 CNOT12_15 6498 0.000839
6493 CNOT12_15 6483 0.000839
6493 CNOT12_15 6501 0.000839
6493 CNOT12_15 6482 0.000839
6493 CNOT12_15 6500 0.000839
6493 CNOT12_10 6484 0.993266
6493 CNOT12_10 6499 0.000962
6493 CNOT12_10 6485 0.000962
6493 CNOT12_10 6498 0.000962
6493 CNOT12_10 6483 0.000962
6493 CNOT12_10 6501 0.000962
6493 CNOT12_10 6482 0.000962
6493 CNOT12_10 6500 0.000962
6493 MEAS12 6481 0.477100
6493 MEAS12 6502 0.022900
6493 MEAS12 6503 0.478800
6493 MEAS12 6504 0.021200
6493 X15 6489 0.999752
6493 X15 6493 0.000083
6493 X15 6486 0.000083
6493 X15 6490 0.000083
6494 CNOT12_15 6517 0.994128
6494 CNOT12_15 6518 0.000839
6494 CNOT12_15 6519 0.000839
6494 CNOT12_15 6520 0.000839
6494 CNOT12_15 6521 0.000839
6494 CNOT12_15 6522 0.000839
6494 CNOT12_15 6523 0.000839
6494 CNOT12_15 6524 0.000839
6494 CNOT12_10 6517 0.993266
6494 CNOT12_10 6521 0.000962
6494 CNOT12_10 6520 0.000962
6494 CNOT12_10 6519 0.000962
6494 CNOT12_10 6518 0.000962
6494 CNOT12_10 6522 0.000962
6494 CNOT12_10 6523 0.000962
6494 CNOT12_10 6524 0.000962
6494 MEAS12 6482 0.954200
6494 MEAS12 6494 0.045800
6494 X15 6495 0.999752
6494 X15 6494 0.000083
6494 X15 6496 0.000083
6494 X15 6497 0.000083
6495 CNOT12_15 6518 0.994128
6495 CNOT12_15 6517 0.000839
6495 CNOT12_15 6524 0.000839
6495 CNOT12_15 6522 0.000839
6495 CNOT12_15 6523 0.000839
6495 CNOT12_15 6520 0.000839
6495 CNOT12_15 6521 0.000839
6495 CNOT12_15 6519 0.000839
6495 CNOT12_10 6521 0.993266
6495 CNOT12_10 6517 0.000962
6495 CNOT12_10 6524 0.000962
6495 CNOT12_10 6522 0.000962
6495 CNOT12_10 6523 0.000962
6495 CNOT12_10 6519 0.000962
6495 CNOT12_10 6518 0.000962
6495 CNOT12_10 6520 0.000962
6495 MEAS12 6483 0.954200
6495 MEAS12 6495 0.045800
6495 X15 6494 0.999752
6495 X15 6495 0.000083
6495 X15 6497 0.000083
6495 X15 6496 0.000083
6496 CNOT12_15 6524 0.994128
6496 CNOT12_15 6519 0.000839
6496 CNOT12_15 6518 0.000839
6496 CNOT12_15 6521 0.000839
6496 CNOT12_15 6520 0.000839
6496 CNOT12_15 6523 0.000839
6496 CNOT12_15 6522 0.000839
6496 CNOT12_15 6517 0.000839
6496 CNOT12_10 6524 0.993266
6496 CNOT12_10 6520 0.000962
6496 CNOT12_10 6521 0.000962
6496 CNOT12_10 6518 0.000962
6496 CNOT12_10 6519 0.000962
6496 CNOT12_10 6523 0.000962
6496 CNOT12_10 6522 0.000962
6496 CNOT12_10 6517 0.000962
6496 MEAS12 6484 0.954200
6496 MEAS12 6496 0.045800
6496 X15 6497 0.999752
6496 X15 6496 0.000083
6496 X15 6494 0.000083
6496 X15 6495 0.000083
6497 CNOT12_15 6519 0.994128
6497 CNOT12_15 6524 0.000839
6497 CNOT12_15 6517 0.000839
6497 CNOT12_15 6523 0.000839
6497 CNOT12_15 6522 0.000839
6497 CNOT12_15 6521 0.000839
6497 CNOT12_15 6520 0.000839
6497 CNOT12_15 6518 0.000839
6497 CNOT12_10 6520 0.993266
6497 CNOT12_10 6524 0.000962
6497 CNOT12_10 6517 0.000962
6497 CNOT12_10 6523 0.000962
6497 CNOT12_10 6522 0.000962
6497 CNOT12_10 6518 0.000962
6497 CNOT12_10 6519 0.000962
6497 CNOT12_10 6521 0.000962
6497 MEAS12 6485 0.954200
6497 MEAS12 6497 0.045800
6497 X15 6496 0.999752
6497 X15 6497 0.000083
6497 X15 6495 0.000083
6497 X15 6494 0.000083
6498 CNOT12_15 6490 0.994128
6498 CNOT12_15 6492 0.000839
6498 CNOT12_15 6491 0.000839
6498 CNOT12_15 6493 0.000839
6498 CNOT12_15 6486 0.000839
6498 CNOT12_15 6488 0.000839
6498 CNOT12_15 6487 0.000839
6498 CNOT12_15 6489 0.000839
6498 CNOT12_10 6487 0.993266
6498 CNOT12_10 6492 0.000962
6498 CNOT12_10 6491 0.000962
6498 CNOT12_10 6493 0.000962
6498 CNOT12_10 6486 0.000962
6498 CNOT12_10 6489 0.000962
6498 CNOT12_10 6490 0.000962
6498 CNOT12_10 6488 0.000962
6498 MEAS12 6525 0.957600
6498 MEAS12 6498 0.042400
6498 X15 6501 0.999752
6498 X15 6498 0.000083
6498 X15 6499 0.000083
6498 X15 6500 0.000083
6499 CNOT12_15 6489 0.994128
6499 CNOT12_15 6491 0.000839
6499 CNOT12_15 6492 0.000839
6499 CNOT12_15 6486 0.000839
6499 CNOT12_15 6493 0.000839
6499 CNOT12_15 6487 0.000839
6499 CNOT12_15 6488 0.000839
6499 CNOT12_15 6490 0.000839
6499 CNOT12_10 6488 0.993266
6499 CNOT12_10 6491 0.000962
6499 CNOT12_10 6492 0.000962
6499 CNOT12_10 6486 0.000962
6499 CNOT12_10 6493 0.000962
6499 CNOT12_10 6490 0.000962
6499 CNOT12_10 6489 0.000962
6499 CNOT12_10 6487 0.000962
6499 MEAS12 6526 0.957600
6499 MEAS12 6499 0.042400
6499 X15 6500 0.999752
6499 X15 6499 0.000083
6499 X15 6498 0.000083
6499 X15 6501 0.000083
6500 CNOT12_15 6491 0.994128
6500 CNOT12_15 6489 0.000839
6500 CNOT12_15 6490 0.000839
6500 CNOT12_15 6487 0.000839
6500 CNOT12_15 6488 0.000839
6500 CNOT12_15 6486 0.000839
6500 CNOT12_15 6493 0.000839
6500 CNOT12_15 6492 0.000839
6500 CNOT12_10 6491 0.993266
6500 CNOT12_10 6488 0.000962
6500 CNOT12_10 6487 0.000962
6500 CNOT12_10 6490 0.000962
6500 CNOT12_10 6489 0.000962
6500 CNOT12_10 6486 0.000962
6500 CNOT12_10 6493 0.000962
6500 CNOT12_10 6492 0.000962
6500 MEAS12 6527 0.957600
6500 MEAS12 6500 0.042400
6500 X15 6499 0.999752
6500 X15 6500 0.000083
6500 X15 6501 0.000083
6500 X15 6498 0.000083
6501 CNOT12_15 6492 0.994128
6501 CNOT12_15 6490 0.000839
6501 CNOT12_15 6489 0.000839
6501 CNOT12_15 6488 0.000839
6501 CNOT12_15 6487 0.000839
6501 CNOT12_15 6493 0.000839
6501 CNOT12_15 6486 0.000839
6501 CNOT12_15 6491 0.000839
6501 CNOT12_10 6492 0.993266
6501 CNOT12_10 6487 0.000962
6501 CNOT12_10 6488 0.000962
6501 CNOT12_10 6489 0.000962
6501 CNOT12_10 6490 0.000962
6501 CNOT12_10 6493 0.000962
6501 CNOT12_10 6486 0.000962
6501 CNOT12_10 6491 0.000962
6501 MEAS12 6528 0.957600
6501 MEAS12 6501 0.042400
6501 X15 6498 0.999752
6501 X15 6501 0.000083
6501 X15 6500 0.000083
6501 X15 6499 0.000083
6502 CNOT12_15 6502 0.994966
6502 CNOT12_15 6507 0.001678
6502 CNOT12_15 6510 0.001678
6502 CNOT12_15 6515 0.001678
6502 CNOT12_10 6502 0.994228
6502 CNOT12_10 6511 0.001924
6502 CNOT12_10 6506 0.001924
6502 CNOT12_10 6515 0.001924
6502 MEAS12 6481 0.954200
6502 MEAS12 6502 0.045800
6502 X15 6510 0.999835
6502 X15 6502 0.000165
6503 CNOT12_15 6514 0.994966
6503 CNOT12_15 6511 0.001678
6503 CNOT12_15 6506 0.001678
6503 CNOT12_15 6503 0.001678
6503 CNOT12_10 6514 0.994228
6503 CNOT12_10 6507 0.001924
6503 CNOT12_10 6510 0.001924
6503 CNOT12_10 6503 0.001924
6503 MEAS12 6503 0.957600
6503 MEAS12 6504 0.042400
6503 X15 6511 0.999835
6503 X15 6503 0.000165
6504 CNOT12_15 6513 0.994966
6504 CNOT12_15 6512 0.001678
6504 CNOT12_15 6505 0.001678
6504 CNOT12_15 6504 0.001678
6504 CNOT12_10 6513 0.994228
6504 CNOT12_10 6508 0.001924
6504 CNOT12_10 6509 0.001924
6504 CNOT12_10 6504 0.001924
6504 MEAS12 6503 0.957600
6504 MEAS12 6504 0.042400
6504 X15 6512 0.999835
6504 X15 6504 0.000165
6505 CNOT12_15 6505 0.994966
6505 CNOT12_15 6504 0.001678
6505 CNOT12_15 6513 0.001678
6505 CNOT12_15 6512 0.001678
6505 CNOT12_10 6512 0.994228
6505 CNOT12_10 6481 0.001924
6505 CNOT12_10 6516 0.001924
6505 CNOT12_10 6505 0.001924
6505 MEAS12 6505 0.954200
6505 MEAS12 6506 0.045800
6505 X15 6513 0.999835
6505 X15 6505 0.000165
6506 CNOT12_15 6506 0.994966
6506 CNOT12_15 6503 0.001678
6506 CNOT12_15 6514 0.001678
6506 CNOT12_15 6511 0.001678
6506 CNOT12_10 6511 0.994228
6506 CNOT12_10 6502 0.001924
6506 CNOT12_10 6515 0.001924
6506 CNOT12_10 6506 0.001924
6506 MEAS12 6505 0.954200
6506 MEAS12 6506 0.045800
6506 X15 6514 0.999835
6506 X15 6506 0.000165
6507 CNOT12_15 6510 0.994966
6507 CNOT12_15 6515 0.001678
6507 CNOT12_15 6502 0.001678
6507 CNOT12_15 6507 0.001678
6507 CNOT12_10 6507 0.994228
6507 CNOT12_10 6514 0.001924
6507 CNOT12_10 6503 0.001924
6507 CNOT12_10 6510 0.001924
6507 MEAS12 6507 0.957600
6507 MEAS12 6508 0.042400
6507 X15 6515 0.999835
6507 X15 6507 0.000165
6508 CNOT12_15 6509 0.994966
6508 CNOT12_15 6516 0.001678
6508 CNOT12_15 6481 0.001678
6508 CNOT12_15 6508 0.001678
6508 CNOT12_10 6508 0.994228
6508 CNOT12_10 6513 0.001924
6508 CNOT12_10 6504 0.001924
6508 CNOT12_10 6509 0.001924
6508 MEAS12 6507 0.957600
6508 MEAS12 6508 0.042400
6508 X15 6516 0.999835
6508 X15 6508 0.000165
6509 CNOT12_15 6508 0.994966
6509 CNOT12_15 6481 0.001678
6509 CNOT12_15 6516 0.001678
6509 CNOT12_15 6509 0.001678
6509 CNOT12_10 6509 0.994228
6509 CNOT12_10 6504 0.001924
6509 CNOT12_10 6513 0.001924
6509 CNOT12_10 6508 0.001924
6509 MEAS12 6509 0.954200
6509 MEAS12 6510 0.045800
6509 X15 6481 0.999835
6509 X15 6509 0.000165
6510 CNOT12_15 6507 0.994966
6510 CNOT12_15 6502 0.001678
6510 CNOT12_15 6515 0.001678
6510 CNOT12_15 6510 0.001678
6510 CNOT12_10 6510 0.994228
6510 CNOT12_10 6503 0.001924
6510 CNOT12_10 6514 0.001924
6510 CNOT12_10 6507 0.001924
6510 MEAS12 6509 0.954200
6510 MEAS12 6510 0.045800
6510 X15 6502 0.999835
6510 X15 6510 0.000165
6511 CNOT12_15 6511 0.994966
6511 CNOT12_15 6514 0.001678
6511 CNOT12_15 6503 0.001678
6511 CNOT12_15 6506 0.001678
6511 CNOT12_10 6506 0.994228
6511 CNOT12_10 6515 0.001924
6511 CNOT12_10 6502 0.001924
6511 CNOT12_10 6511 0.001924
6511 MEAS12 6511 0.957600
6511 MEAS12 6512 0.042400
6511 X15 6503 0.999835
6511 X15 6511 0.000165
6512 CNOT12_15 6512 0.994966
6512 CNOT12_15 6513 0.001678
6512 CNOT12_15 6504 0.001678
6512 CNOT12_15 6505 0.001678
6512 CNOT12_10 6505 0.994228
6512 CNOT12_10 6516 0.001924
6512 CNOT12_10 6481 0.001924
6512 CNOT12_10 6512 0.001924
6512 MEAS12 6511 0.957600
6512 MEAS12 6512 0.042400
6512 X15 6504 0.999835
6512 X15 6512 0.000165
6513 CNOT12_15 6504 0.994966
6513 CNOT12_15 6505 0.001678
6513 CNOT12_15 6512 0.001678
6513 CNOT12_15 6513 0.001678
6513 CNOT12_10 6504 0.994228
6513 CNOT12_10 6509 0.001924
6513 CNOT12_10 6508 0.001924
6513 CNOT12_10 6513 0.001924
6513 MEAS12 6513 0.954200
6513 MEAS12 6514 0.045800
6513 X15 6505 0.999835
6513 X15 6513 0.000165
6514 CNOT12_15 6503 0.994966
6514 CNOT12_15 6506 0.001678
6514 CNOT12_15 6511 0.001678
6514 CNOT12_15 6514 0.001678
6514 CNOT12_10 6503 0.994228
6514 CNOT12_10 6510 0.001924
6514 CNOT12_10 6507 0.001924
6514 CNOT12_10 6514 0.001924
6514 MEAS12 6513 0.954200
6514 MEAS12 6514 0.045800
6514 X15 6506 0.999835
6514 X15 6514 0.000165
6515 CNOT12_15 6515 0.994966
6515 CNOT12_15 6510 0.001678
6515 CNOT12_15 6507 0.001678
6515 CNOT12_15 6502 0.001678
6515 CNOT12_10 6515 0.994228
6515 CNOT12_10 6506 0.001924
6515 CNOT12_10 6511 0.001924
6515 CNOT12_10 6502 0.001924
6515 MEAS12 6515 0.957600
6515 MEAS12 6516 0.042400
6515 X15 6507 0.999835
6515 X15 6515 0.000165
6516 CNOT12_15 6516 0.994966
6516 CNOT12_15 6509 0.001678
6516 CNOT12_15 6508 0.001678
6516 CNOT12_15 6481 0.001678
6516 CNOT12_10 6516 0.994228
6516 CNOT12_10 6505 0.001924
6516 CNOT12_10 6512 0.001924
6516 CNOT12_10 6481 0.001924
6516 MEAS12 6515 0.957600
6516 MEAS12 6516 0.042400
6516 X15 6508 0.999835
6516 X15 6516 0.000165
6517 CNOT12_15 6494 0.994128
6517 CNOT12_15 6525 0.000839
6517 CNOT12_15 6495 0.000839
6517 CNOT12_15 6526 0.000839
6517 CNOT12_15 6497 0.000839
6517 CNOT12_15 6527 0.000839
6517 CNOT12_15 6496 0.000839
6517 CNOT12_15 6528 0.000839
6517 CNOT12_10 6494 0.993266
6517 CNOT12_10 6525 0.000962
6517 CNOT12_10 6495 0.000962
6517 CNOT12_10 6526 0.000962
6517 CNOT12_10 6497 0.000962
6517 CNOT12_10 6527 0.000962
6517 CNOT12_10 6496 0.000962
6517 CNOT12_10 6528 0.000962
6517 MEAS12 6481 0.477100
6517 MEAS12 6502 0.022900
6517 MEAS12 6503 0.478800
6517 MEAS12 6504 0.021200
6517 X15 6521 0.999752
6517 X15 6517 0.000083
6517 X15 6524 0.000083
6517 X15 6520 0.000083
6518 CNOT12_15 6495 0.994128
6518 CNOT12_15 6528 0.000839
6518 CNOT12_15 6494 0.000839
6518 CNOT12_15 6527 0.000839
6518 CNOT12_15 6496 0.000839
6518 CNOT12_15 6526 0.000839
6518 CNOT12_15 6497 0.000839
6518 CNOT12_15 6525 0.000839
6518 CNOT12_10 6525 0.993266
6518 CNOT12_10 6494 0.000962
6518 CNOT12_10 6528 0.000962
6518 CNOT12_10 6496 0.000962
6518 CNOT12_10 6527 0.000962
6518 CNOT12_10 6497 0.000962
6518 CNOT12_10 6526 0.000962
6518 CNOT12_10 6495 0.000962
6518 MEAS12 6505 0.477100
6518 MEAS12 6506 0.022900
6518 MEAS12 6507 0.478800
6518 MEAS12 6508 0.021200
6518 X15 6523 0.999752
6518 X15 6518 0.000083
6518 X15 6519 0.000083
6518 X15 6522 0.000083
6519 CNOT12_15 6497 0.994128
6519 CNOT12_15 6527 0.000839
6519 CNOT12_15 6496 0.000839
6519 CNOT12_15 6528 0.000839
6519 CNOT12_15 6494 0.000839
6519 CNOT12_15 6525 0.000839
6519 CNOT12_15 6495 0.000839
6519 CNOT12_15 6526 0.000839
6519 CNOT12_10 6526 0.993266
6519 CNOT12_10 6496 0.000962
6519 CNOT12_10 6527 0.000962
6519 CNOT12_10 6494 0.000962
6519 CNOT12_10 6528 0.000962
6519 CNOT12_10 6495 0.000962
6519 CNOT12_10 6525 0.000962
6519 CNOT12_10 6497 0.000962
6519 MEAS12 6505 0.477100
6519 MEAS12 6506 0.022900
6519 MEAS12 6507 0.478800
6519 MEAS12 6508 0.021200
6519 X15 6522 0.999752
6519 X15 6519 0.000083
6519 X15 6518 0.000083
6519 X15 6523 0.000083
6520 CNOT12_15 6526 0.994128
6520 CNOT12_15 6496 0.000839
6520 CNOT12_15 6527 0.000839
6520 CNOT12_15 6494 0.000839
6520 CNOT12_15 6528 0.000839
6520 CNOT12_15 6495 0.000839
6520 CNOT12_15 6525 0.000839
6520 CNOT12_15 6497 0.000839
6520 CNOT12_10 6497 0.993266
6520 CNOT12_10 6527 0.000962
6520 CNOT12_10 6496 0.000962
6520 CNOT12_10 6528 0.000962
6520 CNOT12_10 6494 0.000962
6520 CNOT12_10 6525 0.000962
6520 CNOT12_10 6495 0.000962
6520 CNOT12_10 6526 0.000962
6520 MEAS12 6509 0.477100
6520 MEAS12 6510 0.022900
6520 MEAS12 6511 0.478800
6520 MEAS12 6512 0.021200
6520 X15 6524 0.999752
6520 X15 6520 0.000083
6520 X15 6521 0.000083
6520 X15 6517 0.000083
6521 CNOT12_15 6525 0.994128
6521 CNOT12_15 6494 0.000839
6521 CNOT12_15 6528 0.000839
6521 CNOT12_15 6496 0.000839
6521 CNOT12_15 6527 0.000839
6521 CNOT12_15 6497 0.000839
6521 CNOT12_15 6526 0.000839
6521 CNOT12_15 6495 0.000839
6521 CNOT12_10 6495 0.993266
6521 CNOT12_10 6528 0.000962
6521 CNOT12_10 6494 0.000962
6521 CNOT12_10 6527 0.000962
6521 CNOT12_10 6496 0.000962
6521 CNOT12_10 6526 0.000962
6521 CNOT12_10 6497 0.000962
6521 CNOT12_10 6525 0.000962
6521 MEAS12 6509 0.477100
6521 MEAS12 6510 0.022900
6521 MEAS12 6511 0.478800
6521 MEAS12 6512 0.021200
6521 X15 6517 0.999752
6521 X15 6521 0.000083
6521 X15 6520 0.000083
6521 X15 6524 0.000083
6522 CNOT12_15 6527 0.994128
6522 CNOT12_15 6497 0.000839
6522 CNOT12_15 6526 0.000839
6522 CNOT12_15 6495 0.000839
6522 CNOT12_15 6525 0.000839
6522 CNOT12_15 6494 0.000839
6522 CNOT12_15 6528 0.000839
6522 CNOT12_15 6496 0.000839
6522 CNOT12_10 6527 0.993266
6522 CNOT12_10 6497 0.000962
6522 CNOT12_10 6526 0.000962
6522 CNOT12_10 6495 0.000962
6522 CNOT12_10 6525 0.000962
6522 CNOT12_10 6494 0.000962
6522 CNOT12_10 6528 0.000962
6522 CNOT12_10 6496 0.000962
6522 MEAS12 6513 0.477100
6522 MEAS12 6514 0.022900
6522 MEAS12 6515 0.478800
6522 MEAS12 6516 0.021200
6522 X15 6519 0.999752
6522 X15 6522 0.000083
6522 X15 6523 0.000083
6522 X15 6518 0.000083
6523 CNOT12_15 6528 0.994128
6523 CNOT12_15 6495 0.000839
6523 CNOT12_15 6525 0.000839
6523 CNOT12_15 6497 0.000839
6523 CNOT12_15 6526 0.000839
6523 CNOT12_15 6496 0.000839
6523 CNOT12_15 6527 0.000839
6523 CNOT12_15 6494 0.000839
6523 CNOT12_10 6528 0.993266
6523 CNOT12_10 6495 0.000962
6523 CNOT12_10 6525 0.000962
6523 CNOT12_10 6497 0.000962
6523 CNOT12_10 6526 0.000962
6523 CNOT12_10 6496 0.000962
6523 CNOT12_10 6527 0.000962
6523 CNOT12_10 6494 0.000962
6523 MEAS12 6513 0.477100
6523 MEAS12 6514 0.022900
6523 MEAS12 6515 0.478800
6523 MEAS12 6516 0.021200
6523 X15 6518 0.999752
6523 X15 6523 0.000083
6523 X15 6522 0.000083
6523 X15 6519 0.000083
6524 CNOT12_15 6496 0.994128
6524 CNOT12_15 6526 0.000839
6524 CNOT12_15 6497 0.000839
6524 CNOT12_15 6525 0.000839
6524 CNOT12_15 6495 0.000839
6524 CNOT12_15 6528 0.000839
6524 CNOT12_15 6494 0.000839
6524 CNOT12_15 6527 0.000839
6524 CNOT12_10 6496 0.993266
6524 CNOT12_10 6526 0.000962
6524 CNOT12_10 6497 0.000962
6524 CNOT12_10 6525 0.000962
6524 CNOT12_10 6495 0.000962
6524 CNOT12_10 6528 0.000962
6524 CNOT12_10 6494 0.000962
6524 CNOT12_10 6527 0.000962
6524 MEAS12 6481 0.477100
6524 MEAS12 6502 0.022900
6524 MEAS12 6503 0.478800
6524 MEAS12 6504 0.021200
6524 X15 6520 0.999752
6524 X15 6524 0.000083
6524 X15 6517 0.000083
6524 X15 6521 0.000083
6525 CNOT12_15 6521 0.994128
6525 CNOT12_15 6523 0.000839
6525 CNOT12_15 6522 0.000839
6525 CNOT12_15 6524 0.000839
6525 CNOT12_15 6517 0.000839
6525 CNOT12_15 6519 0.000839
6525 CNOT12_15 6518 0.000839
6525 CNOT12_15 6520 0.000839
6525 CNOT12_10 6518 0.993266
6525 CNOT12_10 6523 0.000962
6525 CNOT12_10 6522 0.000962
6525 CNOT12_10 6524 0.000962
6525 CNOT12_10 6517 0.000962
6525 CNOT12_10 6520 0.000962
6525 CNOT12_10 6521 0.000962
6525 CNOT12_10 6519 0.000962
6525 MEAS12 6525 0.957600
6525 MEAS12 6498 0.042400
6525 X15 6528 0.999752
6525 X15 6525 0.000083
6525 X15 6526 0.000083
6525 X15 6527 0.000083
6526 CNOT12_15 6520 0.994128
6526 CNOT12_15 6522 0.000839
6526 CNOT12_15 6523 0.000839
6526 CNOT12_15 6517 0.000839
6526 CNOT12_15 6524 0.000839
6526 CNOT12_15 6518 0.000839
6526 CNOT12_15 6519 0.000839
6526 CNOT12_15 6521 0.000839
6526 CNOT12_10 6519 0.993266
6526 CNOT12_10 6522 0.000962
6526 CNOT12_10 6523 0.000962
6526 CNOT12_10 6517 0.000962
6526 CNOT12_10 6524 0.000962
6526 CNOT12_10 6521 0.000962
6526 CNOT12_10 6520 0.000962
6526 CNOT12_10 6518 0.000962
6526 MEAS12 6526 0.957600
6526 MEAS12 6499 0.042400
6526 X15 6527 0.999752
6526 X15 6526 0.000083
6526 X15 6525 0.000083
6526 X15 6528 0.000083
6527 CNOT12_15 6522 0.994128
6527 CNOT12_15 6520 0.000839
6527 CNOT12_15 6521 0.000839
6527 CNOT12_15 6518 0.000839
6527 CNOT12_15 6519 0.000839
6527 CNOT12_15 6517 0.000839
6527 CNOT12_15 6524 0.000839
6527 CNOT12_15 6523 0.000839
6527 CNOT12_10 6522 0.993266
6527 CNOT12_10 6519 0.000962
6527 CNOT12_10 6518 0.000962
6527 CNOT12_10 6521 0.000962
6527 CNOT12_10 6520 0.000962
6527 CNOT12_10 6517 0.000962
6527 CNOT12_10 6524 0.000962
6527 CNOT12_10 6523 0.000962
6527 MEAS12 6527 0.957600
6527 MEAS12 6500 0.042400
6527 X15 6526 0.999752
6527 X15 6527 0.000083
6527 X15 6528 0.000083
6527 X15 6525 0.000083
6528 CNOT12_15 6523 0.994128
6528 CNOT12_15 6521 0.000839
6528 CNOT12_15 6520 0.000839
6528 CNOT12_15 6519 0.000839
6528 CNOT12_15 6518 0.000839
6528 CNOT12_15 6524 0.000839
6528 CNOT12_15 6517 0.000839
6528 CNOT12_15 6522 0.000839
6528 CNOT12_10 6523 0.993266
6528 CNOT12_10 6518 0.000962
6528 CNOT12_10 6519 0.000962
6528 CNOT12_10 6520 0.000962
6528 CNOT12_10 6521 0.000962
6528 CNOT12_10 6524 0.000962
6528 CNOT12_10 6517 0.000962
6528 CNOT12_10 6522 0.000962
6528 MEAS12 6528 0.957600
6528 MEAS12 6501 0.042400
6528 X15 6525 0.999752
6528 X15 6528 0.000083
6528 X15 6527 0.000083
6528 X15 6526 0.000083
ENDPOMDP
