BEGINPOMDP
INITIALSTATE: 10177
STATES: 10177,10178,10179,10180,10181,10182,10183,10184,10185,10186,10187,10188,10189,10190,10191,10192,10193,10194,10195,10196,10197,10198,10199,10200,10201,10202,10203,10204,10205,10206,10207,10208,10209,10210,10211,10212,10213,10214,10215,10216,10217,10218,10219,10220,10221,10222,10223,10224
TARGETV: 10178,10180,10182,10187,10188,10189,10190,10192,10196,10197,10213,10218,10219,10220,10223,10224
GAMMA: 10177:0,10178:0,10179:0,10180:0,10181:0,10182:0,10183:0,10184:0,10185:0,10186:0,10187:0,10188:0,10189:0,10190:1,10191:1,10192:1,10193:1,10194:0,10195:0,10196:0,10197:0,10198:1,10199:1,10200:0,10201:0,10202:1,10203:1,10204:0,10205:0,10206:1,10207:1,10208:0,10209:0,10210:1,10211:1,10212:0,10213:1,10214:1,10215:1,10216:1,10217:1,10218:1,10219:1,10220:1,10221:1,10222:1,10223:1,10224:1
BEGINACTIONS
CNOT45_39 Instruction.CNOT 39 45
CNOT45_44 Instruction.CNOT 44 45
MEAS45 Instruction.MEAS None 45
X39 Instruction.X None 39
ENDACTIONS
10177 INIT_ 10178 0.250000
10177 INIT_ 10179 0.250000
10177 INIT_ 10180 0.250000
10177 INIT_ 10181 0.250000
10177 CNOT45_39 10177 0.200000
10177 CNOT45_39 10204 0.266667
10177 CNOT45_39 10205 0.266667
10177 CNOT45_39 10212 0.266667
10177 CNOT45_44 10177 0.983631
10177 CNOT45_44 10208 0.005456
10177 CNOT45_44 10201 0.005456
10177 CNOT45_44 10212 0.005456
10177 MEAS45 10177 0.935400
10177 MEAS45 10198 0.064600
10177 X39 10205 0.999535
10177 X39 10177 0.000465
10178 CNOT45_39 10182 0.066667
10178 CNOT45_39 10183 0.133333
10178 CNOT45_39 10184 0.133333
10178 CNOT45_39 10185 0.133333
10178 CNOT45_39 10186 0.133333
10178 CNOT45_39 10187 0.133333
10178 CNOT45_39 10188 0.133333
10178 CNOT45_39 10189 0.133333
10178 CNOT45_44 10182 0.980902
10178 CNOT45_44 10186 0.002728
10178 CNOT45_44 10185 0.002728
10178 CNOT45_44 10184 0.002728
10178 CNOT45_44 10183 0.002728
10178 CNOT45_44 10187 0.002728
10178 CNOT45_44 10188 0.002728
10178 CNOT45_44 10189 0.002728
10178 MEAS45 10178 0.935400
10178 MEAS45 10190 0.064600
10178 X39 10179 0.999303
10178 X39 10178 0.000232
10178 X39 10180 0.000232
10178 X39 10181 0.000232
10179 CNOT45_39 10183 0.066667
10179 CNOT45_39 10182 0.133333
10179 CNOT45_39 10189 0.133333
10179 CNOT45_39 10187 0.133333
10179 CNOT45_39 10188 0.133333
10179 CNOT45_39 10185 0.133333
10179 CNOT45_39 10186 0.133333
10179 CNOT45_39 10184 0.133333
10179 CNOT45_44 10186 0.980902
10179 CNOT45_44 10182 0.002728
10179 CNOT45_44 10189 0.002728
10179 CNOT45_44 10187 0.002728
10179 CNOT45_44 10188 0.002728
10179 CNOT45_44 10184 0.002728
10179 CNOT45_44 10183 0.002728
10179 CNOT45_44 10185 0.002728
10179 MEAS45 10179 0.935400
10179 MEAS45 10191 0.064600
10179 X39 10178 0.999303
10179 X39 10179 0.000232
10179 X39 10181 0.000232
10179 X39 10180 0.000232
10180 CNOT45_39 10189 0.066667
10180 CNOT45_39 10184 0.133333
10180 CNOT45_39 10183 0.133333
10180 CNOT45_39 10186 0.133333
10180 CNOT45_39 10185 0.133333
10180 CNOT45_39 10188 0.133333
10180 CNOT45_39 10187 0.133333
10180 CNOT45_39 10182 0.133333
10180 CNOT45_44 10189 0.980902
10180 CNOT45_44 10185 0.002728
10180 CNOT45_44 10186 0.002728
10180 CNOT45_44 10183 0.002728
10180 CNOT45_44 10184 0.002728
10180 CNOT45_44 10188 0.002728
10180 CNOT45_44 10187 0.002728
10180 CNOT45_44 10182 0.002728
10180 MEAS45 10180 0.935400
10180 MEAS45 10192 0.064600
10180 X39 10181 0.999303
10180 X39 10180 0.000232
10180 X39 10178 0.000232
10180 X39 10179 0.000232
10181 CNOT45_39 10184 0.066667
10181 CNOT45_39 10189 0.133333
10181 CNOT45_39 10182 0.133333
10181 CNOT45_39 10188 0.133333
10181 CNOT45_39 10187 0.133333
10181 CNOT45_39 10186 0.133333
10181 CNOT45_39 10185 0.133333
10181 CNOT45_39 10183 0.133333
10181 CNOT45_44 10185 0.980902
10181 CNOT45_44 10189 0.002728
10181 CNOT45_44 10182 0.002728
10181 CNOT45_44 10188 0.002728
10181 CNOT45_44 10187 0.002728
10181 CNOT45_44 10183 0.002728
10181 CNOT45_44 10184 0.002728
10181 CNOT45_44 10186 0.002728
10181 MEAS45 10181 0.935400
10181 MEAS45 10193 0.064600
10181 X39 10180 0.999303
10181 X39 10181 0.000232
10181 X39 10179 0.000232
10181 X39 10178 0.000232
10182 CNOT45_39 10178 0.066667
10182 CNOT45_39 10194 0.133333
10182 CNOT45_39 10179 0.133333
10182 CNOT45_39 10195 0.133333
10182 CNOT45_39 10181 0.133333
10182 CNOT45_39 10196 0.133333
10182 CNOT45_39 10180 0.133333
10182 CNOT45_39 10197 0.133333
10182 CNOT45_44 10178 0.980902
10182 CNOT45_44 10194 0.002728
10182 CNOT45_44 10179 0.002728
10182 CNOT45_44 10195 0.002728
10182 CNOT45_44 10181 0.002728
10182 CNOT45_44 10196 0.002728
10182 CNOT45_44 10180 0.002728
10182 CNOT45_44 10197 0.002728
10182 MEAS45 10177 0.467700
10182 MEAS45 10198 0.032300
10182 MEAS45 10199 0.492300
10182 MEAS45 10200 0.007700
10182 X39 10186 0.999303
10182 X39 10182 0.000232
10182 X39 10189 0.000232
10182 X39 10185 0.000232
10183 CNOT45_39 10179 0.066667
10183 CNOT45_39 10197 0.133333
10183 CNOT45_39 10178 0.133333
10183 CNOT45_39 10196 0.133333
10183 CNOT45_39 10180 0.133333
10183 CNOT45_39 10195 0.133333
10183 CNOT45_39 10181 0.133333
10183 CNOT45_39 10194 0.133333
10183 CNOT45_44 10194 0.980902
10183 CNOT45_44 10178 0.002728
10183 CNOT45_44 10197 0.002728
10183 CNOT45_44 10180 0.002728
10183 CNOT45_44 10196 0.002728
10183 CNOT45_44 10181 0.002728
10183 CNOT45_44 10195 0.002728
10183 CNOT45_44 10179 0.002728
10183 MEAS45 10201 0.467700
10183 MEAS45 10202 0.032300
10183 MEAS45 10203 0.492300
10183 MEAS45 10204 0.007700
10183 X39 10188 0.999303
10183 X39 10183 0.000232
10183 X39 10184 0.000232
10183 X39 10187 0.000232
10184 CNOT45_39 10181 0.066667
10184 CNOT45_39 10196 0.133333
10184 CNOT45_39 10180 0.133333
10184 CNOT45_39 10197 0.133333
10184 CNOT45_39 10178 0.133333
10184 CNOT45_39 10194 0.133333
10184 CNOT45_39 10179 0.133333
10184 CNOT45_39 10195 0.133333
10184 CNOT45_44 10195 0.980902
10184 CNOT45_44 10180 0.002728
10184 CNOT45_44 10196 0.002728
10184 CNOT45_44 10178 0.002728
10184 CNOT45_44 10197 0.002728
10184 CNOT45_44 10179 0.002728
10184 CNOT45_44 10194 0.002728
10184 CNOT45_44 10181 0.002728
10184 MEAS45 10201 0.467700
10184 MEAS45 10202 0.032300
10184 MEAS45 10203 0.492300
10184 MEAS45 10204 0.007700
10184 X39 10187 0.999303
10184 X39 10184 0.000232
10184 X39 10183 0.000232
10184 X39 10188 0.000232
10185 CNOT45_39 10195 0.066667
10185 CNOT45_39 10180 0.133333
10185 CNOT45_39 10196 0.133333
10185 CNOT45_39 10178 0.133333
10185 CNOT45_39 10197 0.133333
10185 CNOT45_39 10179 0.133333
10185 CNOT45_39 10194 0.133333
10185 CNOT45_39 10181 0.133333
10185 CNOT45_44 10181 0.980902
10185 CNOT45_44 10196 0.002728
10185 CNOT45_44 10180 0.002728
10185 CNOT45_44 10197 0.002728
10185 CNOT45_44 10178 0.002728
10185 CNOT45_44 10194 0.002728
10185 CNOT45_44 10179 0.002728
10185 CNOT45_44 10195 0.002728
10185 MEAS45 10205 0.467700
10185 MEAS45 10206 0.032300
10185 MEAS45 10207 0.492300
10185 MEAS45 10208 0.007700
10185 X39 10189 0.999303
10185 X39 10185 0.000232
10185 X39 10186 0.000232
10185 X39 10182 0.000232
10186 CNOT45_39 10194 0.066667
10186 CNOT45_39 10178 0.133333
10186 CNOT45_39 10197 0.133333
10186 CNOT45_39 10180 0.133333
10186 CNOT45_39 10196 0.133333
10186 CNOT45_39 10181 0.133333
10186 CNOT45_39 10195 0.133333
10186 CNOT45_39 10179 0.133333
10186 CNOT45_44 10179 0.980902
10186 CNOT45_44 10197 0.002728
10186 CNOT45_44 10178 0.002728
10186 CNOT45_44 10196 0.002728
10186 CNOT45_44 10180 0.002728
10186 CNOT45_44 10195 0.002728
10186 CNOT45_44 10181 0.002728
10186 CNOT45_44 10194 0.002728
10186 MEAS45 10205 0.467700
10186 MEAS45 10206 0.032300
10186 MEAS45 10207 0.492300
10186 MEAS45 10208 0.007700
10186 X39 10182 0.999303
10186 X39 10186 0.000232
10186 X39 10185 0.000232
10186 X39 10189 0.000232
10187 CNOT45_39 10196 0.066667
10187 CNOT45_39 10181 0.133333
10187 CNOT45_39 10195 0.133333
10187 CNOT45_39 10179 0.133333
10187 CNOT45_39 10194 0.133333
10187 CNOT45_39 10178 0.133333
10187 CNOT45_39 10197 0.133333
10187 CNOT45_39 10180 0.133333
10187 CNOT45_44 10196 0.980902
10187 CNOT45_44 10181 0.002728
10187 CNOT45_44 10195 0.002728
10187 CNOT45_44 10179 0.002728
10187 CNOT45_44 10194 0.002728
10187 CNOT45_44 10178 0.002728
10187 CNOT45_44 10197 0.002728
10187 CNOT45_44 10180 0.002728
10187 MEAS45 10209 0.467700
10187 MEAS45 10210 0.032300
10187 MEAS45 10211 0.492300
10187 MEAS45 10212 0.007700
10187 X39 10184 0.999303
10187 X39 10187 0.000232
10187 X39 10188 0.000232
10187 X39 10183 0.000232
10188 CNOT45_39 10197 0.066667
10188 CNOT45_39 10179 0.133333
10188 CNOT45_39 10194 0.133333
10188 CNOT45_39 10181 0.133333
10188 CNOT45_39 10195 0.133333
10188 CNOT45_39 10180 0.133333
10188 CNOT45_39 10196 0.133333
10188 CNOT45_39 10178 0.133333
10188 CNOT45_44 10197 0.980902
10188 CNOT45_44 10179 0.002728
10188 CNOT45_44 10194 0.002728
10188 CNOT45_44 10181 0.002728
10188 CNOT45_44 10195 0.002728
10188 CNOT45_44 10180 0.002728
10188 CNOT45_44 10196 0.002728
10188 CNOT45_44 10178 0.002728
10188 MEAS45 10209 0.467700
10188 MEAS45 10210 0.032300
10188 MEAS45 10211 0.492300
10188 MEAS45 10212 0.007700
10188 X39 10183 0.999303
10188 X39 10188 0.000232
10188 X39 10187 0.000232
10188 X39 10184 0.000232
10189 CNOT45_39 10180 0.066667
10189 CNOT45_39 10195 0.133333
10189 CNOT45_39 10181 0.133333
10189 CNOT45_39 10194 0.133333
10189 CNOT45_39 10179 0.133333
10189 CNOT45_39 10197 0.133333
10189 CNOT45_39 10178 0.133333
10189 CNOT45_39 10196 0.133333
10189 CNOT45_44 10180 0.980902
10189 CNOT45_44 10195 0.002728
10189 CNOT45_44 10181 0.002728
10189 CNOT45_44 10194 0.002728
10189 CNOT45_44 10179 0.002728
10189 CNOT45_44 10197 0.002728
10189 CNOT45_44 10178 0.002728
10189 CNOT45_44 10196 0.002728
10189 MEAS45 10177 0.467700
10189 MEAS45 10198 0.032300
10189 MEAS45 10199 0.492300
10189 MEAS45 10200 0.007700
10189 X39 10185 0.999303
10189 X39 10189 0.000232
10189 X39 10182 0.000232
10189 X39 10186 0.000232
10190 CNOT45_39 10213 0.066667
10190 CNOT45_39 10214 0.133333
10190 CNOT45_39 10215 0.133333
10190 CNOT45_39 10216 0.133333
10190 CNOT45_39 10217 0.133333
10190 CNOT45_39 10218 0.133333
10190 CNOT45_39 10219 0.133333
10190 CNOT45_39 10220 0.133333
10190 CNOT45_44 10213 0.980902
10190 CNOT45_44 10217 0.002728
10190 CNOT45_44 10216 0.002728
10190 CNOT45_44 10215 0.002728
10190 CNOT45_44 10214 0.002728
10190 CNOT45_44 10218 0.002728
10190 CNOT45_44 10219 0.002728
10190 CNOT45_44 10220 0.002728
10190 MEAS45 10178 0.935400
10190 MEAS45 10190 0.064600
10190 X39 10191 0.999303
10190 X39 10190 0.000232
10190 X39 10192 0.000232
10190 X39 10193 0.000232
10191 CNOT45_39 10214 0.066667
10191 CNOT45_39 10213 0.133333
10191 CNOT45_39 10220 0.133333
10191 CNOT45_39 10218 0.133333
10191 CNOT45_39 10219 0.133333
10191 CNOT45_39 10216 0.133333
10191 CNOT45_39 10217 0.133333
10191 CNOT45_39 10215 0.133333
10191 CNOT45_44 10217 0.980902
10191 CNOT45_44 10213 0.002728
10191 CNOT45_44 10220 0.002728
10191 CNOT45_44 10218 0.002728
10191 CNOT45_44 10219 0.002728
10191 CNOT45_44 10215 0.002728
10191 CNOT45_44 10214 0.002728
10191 CNOT45_44 10216 0.002728
10191 MEAS45 10179 0.935400
10191 MEAS45 10191 0.064600
10191 X39 10190 0.999303
10191 X39 10191 0.000232
10191 X39 10193 0.000232
10191 X39 10192 0.000232
10192 CNOT45_39 10220 0.066667
10192 CNOT45_39 10215 0.133333
10192 CNOT45_39 10214 0.133333
10192 CNOT45_39 10217 0.133333
10192 CNOT45_39 10216 0.133333
10192 CNOT45_39 10219 0.133333
10192 CNOT45_39 10218 0.133333
10192 CNOT45_39 10213 0.133333
10192 CNOT45_44 10220 0.980902
10192 CNOT45_44 10216 0.002728
10192 CNOT45_44 10217 0.002728
10192 CNOT45_44 10214 0.002728
10192 CNOT45_44 10215 0.002728
10192 CNOT45_44 10219 0.002728
10192 CNOT45_44 10218 0.002728
10192 CNOT45_44 10213 0.002728
10192 MEAS45 10180 0.935400
10192 MEAS45 10192 0.064600
10192 X39 10193 0.999303
10192 X39 10192 0.000232
10192 X39 10190 0.000232
10192 X39 10191 0.000232
10193 CNOT45_39 10215 0.066667
10193 CNOT45_39 10220 0.133333
10193 CNOT45_39 10213 0.133333
10193 CNOT45_39 10219 0.133333
10193 CNOT45_39 10218 0.133333
10193 CNOT45_39 10217 0.133333
10193 CNOT45_39 10216 0.133333
10193 CNOT45_39 10214 0.133333
10193 CNOT45_44 10216 0.980902
10193 CNOT45_44 10220 0.002728
10193 CNOT45_44 10213 0.002728
10193 CNOT45_44 10219 0.002728
10193 CNOT45_44 10218 0.002728
10193 CNOT45_44 10214 0.002728
10193 CNOT45_44 10215 0.002728
10193 CNOT45_44 10217 0.002728
10193 MEAS45 10181 0.935400
10193 MEAS45 10193 0.064600
10193 X39 10192 0.999303
10193 X39 10193 0.000232
10193 X39 10191 0.000232
10193 X39 10190 0.000232
10194 CNOT45_39 10186 0.066667
10194 CNOT45_39 10188 0.133333
10194 CNOT45_39 10187 0.133333
10194 CNOT45_39 10189 0.133333
10194 CNOT45_39 10182 0.133333
10194 CNOT45_39 10184 0.133333
10194 CNOT45_39 10183 0.133333
10194 CNOT45_39 10185 0.133333
10194 CNOT45_44 10183 0.980902
10194 CNOT45_44 10188 0.002728
10194 CNOT45_44 10187 0.002728
10194 CNOT45_44 10189 0.002728
10194 CNOT45_44 10182 0.002728
10194 CNOT45_44 10185 0.002728
10194 CNOT45_44 10186 0.002728
10194 CNOT45_44 10184 0.002728
10194 MEAS45 10221 0.984600
10194 MEAS45 10194 0.015400
10194 X39 10197 0.999303
10194 X39 10194 0.000232
10194 X39 10195 0.000232
10194 X39 10196 0.000232
10195 CNOT45_39 10185 0.066667
10195 CNOT45_39 10187 0.133333
10195 CNOT45_39 10188 0.133333
10195 CNOT45_39 10182 0.133333
10195 CNOT45_39 10189 0.133333
10195 CNOT45_39 10183 0.133333
10195 CNOT45_39 10184 0.133333
10195 CNOT45_39 10186 0.133333
10195 CNOT45_44 10184 0.980902
10195 CNOT45_44 10187 0.002728
10195 CNOT45_44 10188 0.002728
10195 CNOT45_44 10182 0.002728
10195 CNOT45_44 10189 0.002728
10195 CNOT45_44 10186 0.002728
10195 CNOT45_44 10185 0.002728
10195 CNOT45_44 10183 0.002728
10195 MEAS45 10222 0.984600
10195 MEAS45 10195 0.015400
10195 X39 10196 0.999303
10195 X39 10195 0.000232
10195 X39 10194 0.000232
10195 X39 10197 0.000232
10196 CNOT45_39 10187 0.066667
10196 CNOT45_39 10185 0.133333
10196 CNOT45_39 10186 0.133333
10196 CNOT45_39 10183 0.133333
10196 CNOT45_39 10184 0.133333
10196 CNOT45_39 10182 0.133333
10196 CNOT45_39 10189 0.133333
10196 CNOT45_39 10188 0.133333
10196 CNOT45_44 10187 0.980902
10196 CNOT45_44 10184 0.002728
10196 CNOT45_44 10183 0.002728
10196 CNOT45_44 10186 0.002728
10196 CNOT45_44 10185 0.002728
10196 CNOT45_44 10182 0.002728
10196 CNOT45_44 10189 0.002728
10196 CNOT45_44 10188 0.002728
10196 MEAS45 10223 0.984600
10196 MEAS45 10196 0.015400
10196 X39 10195 0.999303
10196 X39 10196 0.000232
10196 X39 10197 0.000232
10196 X39 10194 0.000232
10197 CNOT45_39 10188 0.066667
10197 CNOT45_39 10186 0.133333
10197 CNOT45_39 10185 0.133333
10197 CNOT45_39 10184 0.133333
10197 CNOT45_39 10183 0.133333
10197 CNOT45_39 10189 0.133333
10197 CNOT45_39 10182 0.133333
10197 CNOT45_39 10187 0.133333
10197 CNOT45_44 10188 0.980902
10197 CNOT45_44 10183 0.002728
10197 CNOT45_44 10184 0.002728
10197 CNOT45_44 10185 0.002728
10197 CNOT45_44 10186 0.002728
10197 CNOT45_44 10189 0.002728
10197 CNOT45_44 10182 0.002728
10197 CNOT45_44 10187 0.002728
10197 MEAS45 10224 0.984600
10197 MEAS45 10197 0.015400
10197 X39 10194 0.999303
10197 X39 10197 0.000232
10197 X39 10196 0.000232
10197 X39 10195 0.000232
10198 CNOT45_39 10198 0.200000
10198 CNOT45_39 10203 0.266667
10198 CNOT45_39 10206 0.266667
10198 CNOT45_39 10211 0.266667
10198 CNOT45_44 10198 0.983631
10198 CNOT45_44 10207 0.005456
10198 CNOT45_44 10202 0.005456
10198 CNOT45_44 10211 0.005456
10198 MEAS45 10177 0.935400
10198 MEAS45 10198 0.064600
10198 X39 10206 0.999535
10198 X39 10198 0.000465
10199 CNOT45_39 10210 0.200000
10199 CNOT45_39 10207 0.266667
10199 CNOT45_39 10202 0.266667
10199 CNOT45_39 10199 0.266667
10199 CNOT45_44 10210 0.983631
10199 CNOT45_44 10203 0.005456
10199 CNOT45_44 10206 0.005456
10199 CNOT45_44 10199 0.005456
10199 MEAS45 10199 0.984600
10199 MEAS45 10200 0.015400
10199 X39 10207 0.999535
10199 X39 10199 0.000465
10200 CNOT45_39 10209 0.200000
10200 CNOT45_39 10208 0.266667
10200 CNOT45_39 10201 0.266667
10200 CNOT45_39 10200 0.266667
10200 CNOT45_44 10209 0.983631
10200 CNOT45_44 10204 0.005456
10200 CNOT45_44 10205 0.005456
10200 CNOT45_44 10200 0.005456
10200 MEAS45 10199 0.984600
10200 MEAS45 10200 0.015400
10200 X39 10208 0.999535
10200 X39 10200 0.000465
10201 CNOT45_39 10201 0.200000
10201 CNOT45_39 10200 0.266667
10201 CNOT45_39 10209 0.266667
10201 CNOT45_39 10208 0.266667
10201 CNOT45_44 10208 0.983631
10201 CNOT45_44 10177 0.005456
10201 CNOT45_44 10212 0.005456
10201 CNOT45_44 10201 0.005456
10201 MEAS45 10201 0.935400
10201 MEAS45 10202 0.064600
10201 X39 10209 0.999535
10201 X39 10201 0.000465
10202 CNOT45_39 10202 0.200000
10202 CNOT45_39 10199 0.266667
10202 CNOT45_39 10210 0.266667
10202 CNOT45_39 10207 0.266667
10202 CNOT45_44 10207 0.983631
10202 CNOT45_44 10198 0.005456
10202 CNOT45_44 10211 0.005456
10202 CNOT45_44 10202 0.005456
10202 MEAS45 10201 0.935400
10202 MEAS45 10202 0.064600
10202 X39 10210 0.999535
10202 X39 10202 0.000465
10203 CNOT45_39 10206 0.200000
10203 CNOT45_39 10211 0.266667
10203 CNOT45_39 10198 0.266667
10203 CNOT45_39 10203 0.266667
10203 CNOT45_44 10203 0.983631
10203 CNOT45_44 10210 0.005456
10203 CNOT45_44 10199 0.005456
10203 CNOT45_44 10206 0.005456
10203 MEAS45 10203 0.984600
10203 MEAS45 10204 0.015400
10203 X39 10211 0.999535
10203 X39 10203 0.000465
10204 CNOT45_39 10205 0.200000
10204 CNOT45_39 10212 0.266667
10204 CNOT45_39 10177 0.266667
10204 CNOT45_39 10204 0.266667
10204 CNOT45_44 10204 0.983631
10204 CNOT45_44 10209 0.005456
10204 CNOT45_44 10200 0.005456
10204 CNOT45_44 10205 0.005456
10204 MEAS45 10203 0.984600
10204 MEAS45 10204 0.015400
10204 X39 10212 0.999535
10204 X39 10204 0.000465
10205 CNOT45_39 10204 0.200000
10205 CNOT45_39 10177 0.266667
10205 CNOT45_39 10212 0.266667
10205 CNOT45_39 10205 0.266667
10205 CNOT45_44 10205 0.983631
10205 CNOT45_44 10200 0.005456
10205 CNOT45_44 10209 0.005456
10205 CNOT45_44 10204 0.005456
10205 MEAS45 10205 0.935400
10205 MEAS45 10206 0.064600
10205 X39 10177 0.999535
10205 X39 10205 0.000465
10206 CNOT45_39 10203 0.200000
10206 CNOT45_39 10198 0.266667
10206 CNOT45_39 10211 0.266667
10206 CNOT45_39 10206 0.266667
10206 CNOT45_44 10206 0.983631
10206 CNOT45_44 10199 0.005456
10206 CNOT45_44 10210 0.005456
10206 CNOT45_44 10203 0.005456
10206 MEAS45 10205 0.935400
10206 MEAS45 10206 0.064600
10206 X39 10198 0.999535
10206 X39 10206 0.000465
10207 CNOT45_39 10207 0.200000
10207 CNOT45_39 10210 0.266667
10207 CNOT45_39 10199 0.266667
10207 CNOT45_39 10202 0.266667
10207 CNOT45_44 10202 0.983631
10207 CNOT45_44 10211 0.005456
10207 CNOT45_44 10198 0.005456
10207 CNOT45_44 10207 0.005456
10207 MEAS45 10207 0.984600
10207 MEAS45 10208 0.015400
10207 X39 10199 0.999535
10207 X39 10207 0.000465
10208 CNOT45_39 10208 0.200000
10208 CNOT45_39 10209 0.266667
10208 CNOT45_39 10200 0.266667
10208 CNOT45_39 10201 0.266667
10208 CNOT45_44 10201 0.983631
10208 CNOT45_44 10212 0.005456
10208 CNOT45_44 10177 0.005456
10208 CNOT45_44 10208 0.005456
10208 MEAS45 10207 0.984600
10208 MEAS45 10208 0.015400
10208 X39 10200 0.999535
10208 X39 10208 0.000465
10209 CNOT45_39 10200 0.200000
10209 CNOT45_39 10201 0.266667
10209 CNOT45_39 10208 0.266667
10209 CNOT45_39 10209 0.266667
10209 CNOT45_44 10200 0.983631
10209 CNOT45_44 10205 0.005456
10209 CNOT45_44 10204 0.005456
10209 CNOT45_44 10209 0.005456
10209 MEAS45 10209 0.935400
10209 MEAS45 10210 0.064600
10209 X39 10201 0.999535
10209 X39 10209 0.000465
10210 CNOT45_39 10199 0.200000
10210 CNOT45_39 10202 0.266667
10210 CNOT45_39 10207 0.266667
10210 CNOT45_39 10210 0.266667
10210 CNOT45_44 10199 0.983631
10210 CNOT45_44 10206 0.005456
10210 CNOT45_44 10203 0.005456
10210 CNOT45_44 10210 0.005456
10210 MEAS45 10209 0.935400
10210 MEAS45 10210 0.064600
10210 X39 10202 0.999535
10210 X39 10210 0.000465
10211 CNOT45_39 10211 0.200000
10211 CNOT45_39 10206 0.266667
10211 CNOT45_39 10203 0.266667
10211 CNOT45_39 10198 0.266667
10211 CNOT45_44 10211 0.983631
10211 CNOT45_44 10202 0.005456
10211 CNOT45_44 10207 0.005456
10211 CNOT45_44 10198 0.005456
10211 MEAS45 10211 0.984600
10211 MEAS45 10212 0.015400
10211 X39 10203 0.999535
10211 X39 10211 0.000465
10212 CNOT45_39 10212 0.200000
10212 CNOT45_39 10205 0.266667
10212 CNOT45_39 10204 0.266667
10212 CNOT45_39 10177 0.266667
10212 CNOT45_44 10212 0.983631
10212 CNOT45_44 10201 0.005456
10212 CNOT45_44 10208 0.005456
10212 CNOT45_44 10177 0.005456
10212 MEAS45 10211 0.984600
10212 MEAS45 10212 0.015400
10212 X39 10204 0.999535
10212 X39 10212 0.000465
10213 CNOT45_39 10190 0.066667
10213 CNOT45_39 10221 0.133333
10213 CNOT45_39 10191 0.133333
10213 CNOT45_39 10222 0.133333
10213 CNOT45_39 10193 0.133333
10213 CNOT45_39 10223 0.133333
10213 CNOT45_39 10192 0.133333
10213 CNOT45_39 10224 0.133333
10213 CNOT45_44 10190 0.980902
10213 CNOT45_44 10221 0.002728
10213 CNOT45_44 10191 0.002728
10213 CNOT45_44 10222 0.002728
10213 CNOT45_44 10193 0.002728
10213 CNOT45_44 10223 0.002728
10213 CNOT45_44 10192 0.002728
10213 CNOT45_44 10224 0.002728
10213 MEAS45 10177 0.467700
10213 MEAS45 10198 0.032300
10213 MEAS45 10199 0.492300
10213 MEAS45 10200 0.007700
10213 X39 10217 0.999303
10213 X39 10213 0.000232
10213 X39 10220 0.000232
10213 X39 10216 0.000232
10214 CNOT45_39 10191 0.066667
10214 CNOT45_39 10224 0.133333
10214 CNOT45_39 10190 0.133333
10214 CNOT45_39 10223 0.133333
10214 CNOT45_39 10192 0.133333
10214 CNOT45_39 10222 0.133333
10214 CNOT45_39 10193 0.133333
10214 CNOT45_39 10221 0.133333
10214 CNOT45_44 10221 0.980902
10214 CNOT45_44 10190 0.002728
10214 CNOT45_44 10224 0.002728
10214 CNOT45_44 10192 0.002728
10214 CNOT45_44 10223 0.002728
10214 CNOT45_44 10193 0.002728
10214 CNOT45_44 10222 0.002728
10214 CNOT45_44 10191 0.002728
10214 MEAS45 10201 0.467700
10214 MEAS45 10202 0.032300
10214 MEAS45 10203 0.492300
10214 MEAS45 10204 0.007700
10214 X39 10219 0.999303
10214 X39 10214 0.000232
10214 X39 10215 0.000232
10214 X39 10218 0.000232
10215 CNOT45_39 10193 0.066667
10215 CNOT45_39 10223 0.133333
10215 CNOT45_39 10192 0.133333
10215 CNOT45_39 10224 0.133333
10215 CNOT45_39 10190 0.133333
10215 CNOT45_39 10221 0.133333
10215 CNOT45_39 10191 0.133333
10215 CNOT45_39 10222 0.133333
10215 CNOT45_44 10222 0.980902
10215 CNOT45_44 10192 0.002728
10215 CNOT45_44 10223 0.002728
10215 CNOT45_44 10190 0.002728
10215 CNOT45_44 10224 0.002728
10215 CNOT45_44 10191 0.002728
10215 CNOT45_44 10221 0.002728
10215 CNOT45_44 10193 0.002728
10215 MEAS45 10201 0.467700
10215 MEAS45 10202 0.032300
10215 MEAS45 10203 0.492300
10215 MEAS45 10204 0.007700
10215 X39 10218 0.999303
10215 X39 10215 0.000232
10215 X39 10214 0.000232
10215 X39 10219 0.000232
10216 CNOT45_39 10222 0.066667
10216 CNOT45_39 10192 0.133333
10216 CNOT45_39 10223 0.133333
10216 CNOT45_39 10190 0.133333
10216 CNOT45_39 10224 0.133333
10216 CNOT45_39 10191 0.133333
10216 CNOT45_39 10221 0.133333
10216 CNOT45_39 10193 0.133333
10216 CNOT45_44 10193 0.980902
10216 CNOT45_44 10223 0.002728
10216 CNOT45_44 10192 0.002728
10216 CNOT45_44 10224 0.002728
10216 CNOT45_44 10190 0.002728
10216 CNOT45_44 10221 0.002728
10216 CNOT45_44 10191 0.002728
10216 CNOT45_44 10222 0.002728
10216 MEAS45 10205 0.467700
10216 MEAS45 10206 0.032300
10216 MEAS45 10207 0.492300
10216 MEAS45 10208 0.007700
10216 X39 10220 0.999303
10216 X39 10216 0.000232
10216 X39 10217 0.000232
10216 X39 10213 0.000232
10217 CNOT45_39 10221 0.066667
10217 CNOT45_39 10190 0.133333
10217 CNOT45_39 10224 0.133333
10217 CNOT45_39 10192 0.133333
10217 CNOT45_39 10223 0.133333
10217 CNOT45_39 10193 0.133333
10217 CNOT45_39 10222 0.133333
10217 CNOT45_39 10191 0.133333
10217 CNOT45_44 10191 0.980902
10217 CNOT45_44 10224 0.002728
10217 CNOT45_44 10190 0.002728
10217 CNOT45_44 10223 0.002728
10217 CNOT45_44 10192 0.002728
10217 CNOT45_44 10222 0.002728
10217 CNOT45_44 10193 0.002728
10217 CNOT45_44 10221 0.002728
10217 MEAS45 10205 0.467700
10217 MEAS45 10206 0.032300
10217 MEAS45 10207 0.492300
10217 MEAS45 10208 0.007700
10217 X39 10213 0.999303
10217 X39 10217 0.000232
10217 X39 10216 0.000232
10217 X39 10220 0.000232
10218 CNOT45_39 10223 0.066667
10218 CNOT45_39 10193 0.133333
10218 CNOT45_39 10222 0.133333
10218 CNOT45_39 10191 0.133333
10218 CNOT45_39 10221 0.133333
10218 CNOT45_39 10190 0.133333
10218 CNOT45_39 10224 0.133333
10218 CNOT45_39 10192 0.133333
10218 CNOT45_44 10223 0.980902
10218 CNOT45_44 10193 0.002728
10218 CNOT45_44 10222 0.002728
10218 CNOT45_44 10191 0.002728
10218 CNOT45_44 10221 0.002728
10218 CNOT45_44 10190 0.002728
10218 CNOT45_44 10224 0.002728
10218 CNOT45_44 10192 0.002728
10218 MEAS45 10209 0.467700
10218 MEAS45 10210 0.032300
10218 MEAS45 10211 0.492300
10218 MEAS45 10212 0.007700
10218 X39 10215 0.999303
10218 X39 10218 0.000232
10218 X39 10219 0.000232
10218 X39 10214 0.000232
10219 CNOT45_39 10224 0.066667
10219 CNOT45_39 10191 0.133333
10219 CNOT45_39 10221 0.133333
10219 CNOT45_39 10193 0.133333
10219 CNOT45_39 10222 0.133333
10219 CNOT45_39 10192 0.133333
10219 CNOT45_39 10223 0.133333
10219 CNOT45_39 10190 0.133333
10219 CNOT45_44 10224 0.980902
10219 CNOT45_44 10191 0.002728
10219 CNOT45_44 10221 0.002728
10219 CNOT45_44 10193 0.002728
10219 CNOT45_44 10222 0.002728
10219 CNOT45_44 10192 0.002728
10219 CNOT45_44 10223 0.002728
10219 CNOT45_44 10190 0.002728
10219 MEAS45 10209 0.467700
10219 MEAS45 10210 0.032300
10219 MEAS45 10211 0.492300
10219 MEAS45 10212 0.007700
10219 X39 10214 0.999303
10219 X39 10219 0.000232
10219 X39 10218 0.000232
10219 X39 10215 0.000232
10220 CNOT45_39 10192 0.066667
10220 CNOT45_39 10222 0.133333
10220 CNOT45_39 10193 0.133333
10220 CNOT45_39 10221 0.133333
10220 CNOT45_39 10191 0.133333
10220 CNOT45_39 10224 0.133333
10220 CNOT45_39 10190 0.133333
10220 CNOT45_39 10223 0.133333
10220 CNOT45_44 10192 0.980902
10220 CNOT45_44 10222 0.002728
10220 CNOT45_44 10193 0.002728
10220 CNOT45_44 10221 0.002728
10220 CNOT45_44 10191 0.002728
10220 CNOT45_44 10224 0.002728
10220 CNOT45_44 10190 0.002728
10220 CNOT45_44 10223 0.002728
10220 MEAS45 10177 0.467700
10220 MEAS45 10198 0.032300
10220 MEAS45 10199 0.492300
10220 MEAS45 10200 0.007700
10220 X39 10216 0.999303
10220 X39 10220 0.000232
10220 X39 10213 0.000232
10220 X39 10217 0.000232
10221 CNOT45_39 10217 0.066667
10221 CNOT45_39 10219 0.133333
10221 CNOT45_39 10218 0.133333
10221 CNOT45_39 10220 0.133333
10221 CNOT45_39 10213 0.133333
10221 CNOT45_39 10215 0.133333
10221 CNOT45_39 10214 0.133333
10221 CNOT45_39 10216 0.133333
10221 CNOT45_44 10214 0.980902
10221 CNOT45_44 10219 0.002728
10221 CNOT45_44 10218 0.002728
10221 CNOT45_44 10220 0.002728
10221 CNOT45_44 10213 0.002728
10221 CNOT45_44 10216 0.002728
10221 CNOT45_44 10217 0.002728
10221 CNOT45_44 10215 0.002728
10221 MEAS45 10221 0.984600
10221 MEAS45 10194 0.015400
10221 X39 10224 0.999303
10221 X39 10221 0.000232
10221 X39 10222 0.000232
10221 X39 10223 0.000232
10222 CNOT45_39 10216 0.066667
10222 CNOT45_39 10218 0.133333
10222 CNOT45_39 10219 0.133333
10222 CNOT45_39 10213 0.133333
10222 CNOT45_39 10220 0.133333
10222 CNOT45_39 10214 0.133333
10222 CNOT45_39 10215 0.133333
10222 CNOT45_39 10217 0.133333
10222 CNOT45_44 10215 0.980902
10222 CNOT45_44 10218 0.002728
10222 CNOT45_44 10219 0.002728
10222 CNOT45_44 10213 0.002728
10222 CNOT45_44 10220 0.002728
10222 CNOT45_44 10217 0.002728
10222 CNOT45_44 10216 0.002728
10222 CNOT45_44 10214 0.002728
10222 MEAS45 10222 0.984600
10222 MEAS45 10195 0.015400
10222 X39 10223 0.999303
10222 X39 10222 0.000232
10222 X39 10221 0.000232
10222 X39 10224 0.000232
10223 CNOT45_39 10218 0.066667
10223 CNOT45_39 10216 0.133333
10223 CNOT45_39 10217 0.133333
10223 CNOT45_39 10214 0.133333
10223 CNOT45_39 10215 0.133333
10223 CNOT45_39 10213 0.133333
10223 CNOT45_39 10220 0.133333
10223 CNOT45_39 10219 0.133333
10223 CNOT45_44 10218 0.980902
10223 CNOT45_44 10215 0.002728
10223 CNOT45_44 10214 0.002728
10223 CNOT45_44 10217 0.002728
10223 CNOT45_44 10216 0.002728
10223 CNOT45_44 10213 0.002728
10223 CNOT45_44 10220 0.002728
10223 CNOT45_44 10219 0.002728
10223 MEAS45 10223 0.984600
10223 MEAS45 10196 0.015400
10223 X39 10222 0.999303
10223 X39 10223 0.000232
10223 X39 10224 0.000232
10223 X39 10221 0.000232
10224 CNOT45_39 10219 0.066667
10224 CNOT45_39 10217 0.133333
10224 CNOT45_39 10216 0.133333
10224 CNOT45_39 10215 0.133333
10224 CNOT45_39 10214 0.133333
10224 CNOT45_39 10220 0.133333
10224 CNOT45_39 10213 0.133333
10224 CNOT45_39 10218 0.133333
10224 CNOT45_44 10219 0.980902
10224 CNOT45_44 10214 0.002728
10224 CNOT45_44 10215 0.002728
10224 CNOT45_44 10216 0.002728
10224 CNOT45_44 10217 0.002728
10224 CNOT45_44 10220 0.002728
10224 CNOT45_44 10213 0.002728
10224 CNOT45_44 10218 0.002728
10224 MEAS45 10224 0.984600
10224 MEAS45 10197 0.015400
10224 X39 10221 0.999303
10224 X39 10224 0.000232
10224 X39 10223 0.000232
10224 X39 10222 0.000232
ENDPOMDP
