BEGINPOMDP
INITIALSTATE: 3553
STATES: 3553,3554,3555,3556,3557,3558,3559,3560,3561,3562,3563,3564,3565,3566,3567,3568,3569,3570,3571,3572,3573,3574,3575,3576,3577,3578,3579,3580,3581,3582,3583,3584,3585,3586,3587,3588,3589,3590,3591,3592,3593,3594,3595,3596,3597,3598,3599,3600
TARGETV: 3554,3556,3558,3563,3564,3565,3566,3568,3572,3573,3589,3594,3595,3596,3599,3600
GAMMA: 3553:0,3554:0,3555:0,3556:0,3557:0,3558:0,3559:0,3560:0,3561:0,3562:0,3563:0,3564:0,3565:0,3566:1,3567:1,3568:1,3569:1,3570:0,3571:0,3572:0,3573:0,3574:1,3575:1,3576:0,3577:0,3578:1,3579:1,3580:0,3581:0,3582:1,3583:1,3584:0,3585:0,3586:1,3587:1,3588:0,3589:1,3590:1,3591:1,3592:1,3593:1,3594:1,3595:1,3596:1,3597:1,3598:1,3599:1,3600:1
BEGINACTIONS
CNOT3_5 Instruction.CNOT 5 3
CNOT3_1 Instruction.CNOT 1 3
MEAS3 Instruction.MEAS None 3
X5 Instruction.X None 5
ENDACTIONS
3553 INIT_ 3554 0.250000
3553 INIT_ 3555 0.250000
3553 INIT_ 3556 0.250000
3553 INIT_ 3557 0.250000
3553 CNOT3_5 3553 0.987371
3553 CNOT3_5 3580 0.004210
3553 CNOT3_5 3581 0.004210
3553 CNOT3_5 3588 0.004210
3553 CNOT3_1 3553 0.992513
3553 CNOT3_1 3584 0.002496
3553 CNOT3_1 3577 0.002496
3553 CNOT3_1 3588 0.002496
3553 MEAS3 3553 0.986200
3553 MEAS3 3574 0.013800
3553 X5 3581 0.999519
3553 X5 3553 0.000481
3554 CNOT3_5 3558 0.985266
3554 CNOT3_5 3559 0.002105
3554 CNOT3_5 3560 0.002105
3554 CNOT3_5 3561 0.002105
3554 CNOT3_5 3562 0.002105
3554 CNOT3_5 3563 0.002105
3554 CNOT3_5 3564 0.002105
3554 CNOT3_5 3565 0.002105
3554 CNOT3_1 3558 0.991265
3554 CNOT3_1 3562 0.001248
3554 CNOT3_1 3561 0.001248
3554 CNOT3_1 3560 0.001248
3554 CNOT3_1 3559 0.001248
3554 CNOT3_1 3563 0.001248
3554 CNOT3_1 3564 0.001248
3554 CNOT3_1 3565 0.001248
3554 MEAS3 3554 0.986200
3554 MEAS3 3566 0.013800
3554 X5 3555 0.999278
3554 X5 3554 0.000241
3554 X5 3556 0.000241
3554 X5 3557 0.000241
3555 CNOT3_5 3559 0.985266
3555 CNOT3_5 3558 0.002105
3555 CNOT3_5 3565 0.002105
3555 CNOT3_5 3563 0.002105
3555 CNOT3_5 3564 0.002105
3555 CNOT3_5 3561 0.002105
3555 CNOT3_5 3562 0.002105
3555 CNOT3_5 3560 0.002105
3555 CNOT3_1 3562 0.991265
3555 CNOT3_1 3558 0.001248
3555 CNOT3_1 3565 0.001248
3555 CNOT3_1 3563 0.001248
3555 CNOT3_1 3564 0.001248
3555 CNOT3_1 3560 0.001248
3555 CNOT3_1 3559 0.001248
3555 CNOT3_1 3561 0.001248
3555 MEAS3 3555 0.986200
3555 MEAS3 3567 0.013800
3555 X5 3554 0.999278
3555 X5 3555 0.000241
3555 X5 3557 0.000241
3555 X5 3556 0.000241
3556 CNOT3_5 3565 0.985266
3556 CNOT3_5 3560 0.002105
3556 CNOT3_5 3559 0.002105
3556 CNOT3_5 3562 0.002105
3556 CNOT3_5 3561 0.002105
3556 CNOT3_5 3564 0.002105
3556 CNOT3_5 3563 0.002105
3556 CNOT3_5 3558 0.002105
3556 CNOT3_1 3565 0.991265
3556 CNOT3_1 3561 0.001248
3556 CNOT3_1 3562 0.001248
3556 CNOT3_1 3559 0.001248
3556 CNOT3_1 3560 0.001248
3556 CNOT3_1 3564 0.001248
3556 CNOT3_1 3563 0.001248
3556 CNOT3_1 3558 0.001248
3556 MEAS3 3556 0.986200
3556 MEAS3 3568 0.013800
3556 X5 3557 0.999278
3556 X5 3556 0.000241
3556 X5 3554 0.000241
3556 X5 3555 0.000241
3557 CNOT3_5 3560 0.985266
3557 CNOT3_5 3565 0.002105
3557 CNOT3_5 3558 0.002105
3557 CNOT3_5 3564 0.002105
3557 CNOT3_5 3563 0.002105
3557 CNOT3_5 3562 0.002105
3557 CNOT3_5 3561 0.002105
3557 CNOT3_5 3559 0.002105
3557 CNOT3_1 3561 0.991265
3557 CNOT3_1 3565 0.001248
3557 CNOT3_1 3558 0.001248
3557 CNOT3_1 3564 0.001248
3557 CNOT3_1 3563 0.001248
3557 CNOT3_1 3559 0.001248
3557 CNOT3_1 3560 0.001248
3557 CNOT3_1 3562 0.001248
3557 MEAS3 3557 0.986200
3557 MEAS3 3569 0.013800
3557 X5 3556 0.999278
3557 X5 3557 0.000241
3557 X5 3555 0.000241
3557 X5 3554 0.000241
3558 CNOT3_5 3554 0.985266
3558 CNOT3_5 3570 0.002105
3558 CNOT3_5 3555 0.002105
3558 CNOT3_5 3571 0.002105
3558 CNOT3_5 3557 0.002105
3558 CNOT3_5 3572 0.002105
3558 CNOT3_5 3556 0.002105
3558 CNOT3_5 3573 0.002105
3558 CNOT3_1 3554 0.991265
3558 CNOT3_1 3570 0.001248
3558 CNOT3_1 3555 0.001248
3558 CNOT3_1 3571 0.001248
3558 CNOT3_1 3557 0.001248
3558 CNOT3_1 3572 0.001248
3558 CNOT3_1 3556 0.001248
3558 CNOT3_1 3573 0.001248
3558 MEAS3 3553 0.493100
3558 MEAS3 3574 0.006900
3558 MEAS3 3575 0.491300
3558 MEAS3 3576 0.008700
3558 X5 3562 0.999278
3558 X5 3558 0.000241
3558 X5 3565 0.000241
3558 X5 3561 0.000241
3559 CNOT3_5 3555 0.985266
3559 CNOT3_5 3573 0.002105
3559 CNOT3_5 3554 0.002105
3559 CNOT3_5 3572 0.002105
3559 CNOT3_5 3556 0.002105
3559 CNOT3_5 3571 0.002105
3559 CNOT3_5 3557 0.002105
3559 CNOT3_5 3570 0.002105
3559 CNOT3_1 3570 0.991265
3559 CNOT3_1 3554 0.001248
3559 CNOT3_1 3573 0.001248
3559 CNOT3_1 3556 0.001248
3559 CNOT3_1 3572 0.001248
3559 CNOT3_1 3557 0.001248
3559 CNOT3_1 3571 0.001248
3559 CNOT3_1 3555 0.001248
3559 MEAS3 3577 0.493100
3559 MEAS3 3578 0.006900
3559 MEAS3 3579 0.491300
3559 MEAS3 3580 0.008700
3559 X5 3564 0.999278
3559 X5 3559 0.000241
3559 X5 3560 0.000241
3559 X5 3563 0.000241
3560 CNOT3_5 3557 0.985266
3560 CNOT3_5 3572 0.002105
3560 CNOT3_5 3556 0.002105
3560 CNOT3_5 3573 0.002105
3560 CNOT3_5 3554 0.002105
3560 CNOT3_5 3570 0.002105
3560 CNOT3_5 3555 0.002105
3560 CNOT3_5 3571 0.002105
3560 CNOT3_1 3571 0.991265
3560 CNOT3_1 3556 0.001248
3560 CNOT3_1 3572 0.001248
3560 CNOT3_1 3554 0.001248
3560 CNOT3_1 3573 0.001248
3560 CNOT3_1 3555 0.001248
3560 CNOT3_1 3570 0.001248
3560 CNOT3_1 3557 0.001248
3560 MEAS3 3577 0.493100
3560 MEAS3 3578 0.006900
3560 MEAS3 3579 0.491300
3560 MEAS3 3580 0.008700
3560 X5 3563 0.999278
3560 X5 3560 0.000241
3560 X5 3559 0.000241
3560 X5 3564 0.000241
3561 CNOT3_5 3571 0.985266
3561 CNOT3_5 3556 0.002105
3561 CNOT3_5 3572 0.002105
3561 CNOT3_5 3554 0.002105
3561 CNOT3_5 3573 0.002105
3561 CNOT3_5 3555 0.002105
3561 CNOT3_5 3570 0.002105
3561 CNOT3_5 3557 0.002105
3561 CNOT3_1 3557 0.991265
3561 CNOT3_1 3572 0.001248
3561 CNOT3_1 3556 0.001248
3561 CNOT3_1 3573 0.001248
3561 CNOT3_1 3554 0.001248
3561 CNOT3_1 3570 0.001248
3561 CNOT3_1 3555 0.001248
3561 CNOT3_1 3571 0.001248
3561 MEAS3 3581 0.493100
3561 MEAS3 3582 0.006900
3561 MEAS3 3583 0.491300
3561 MEAS3 3584 0.008700
3561 X5 3565 0.999278
3561 X5 3561 0.000241
3561 X5 3562 0.000241
3561 X5 3558 0.000241
3562 CNOT3_5 3570 0.985266
3562 CNOT3_5 3554 0.002105
3562 CNOT3_5 3573 0.002105
3562 CNOT3_5 3556 0.002105
3562 CNOT3_5 3572 0.002105
3562 CNOT3_5 3557 0.002105
3562 CNOT3_5 3571 0.002105
3562 CNOT3_5 3555 0.002105
3562 CNOT3_1 3555 0.991265
3562 CNOT3_1 3573 0.001248
3562 CNOT3_1 3554 0.001248
3562 CNOT3_1 3572 0.001248
3562 CNOT3_1 3556 0.001248
3562 CNOT3_1 3571 0.001248
3562 CNOT3_1 3557 0.001248
3562 CNOT3_1 3570 0.001248
3562 MEAS3 3581 0.493100
3562 MEAS3 3582 0.006900
3562 MEAS3 3583 0.491300
3562 MEAS3 3584 0.008700
3562 X5 3558 0.999278
3562 X5 3562 0.000241
3562 X5 3561 0.000241
3562 X5 3565 0.000241
3563 CNOT3_5 3572 0.985266
3563 CNOT3_5 3557 0.002105
3563 CNOT3_5 3571 0.002105
3563 CNOT3_5 3555 0.002105
3563 CNOT3_5 3570 0.002105
3563 CNOT3_5 3554 0.002105
3563 CNOT3_5 3573 0.002105
3563 CNOT3_5 3556 0.002105
3563 CNOT3_1 3572 0.991265
3563 CNOT3_1 3557 0.001248
3563 CNOT3_1 3571 0.001248
3563 CNOT3_1 3555 0.001248
3563 CNOT3_1 3570 0.001248
3563 CNOT3_1 3554 0.001248
3563 CNOT3_1 3573 0.001248
3563 CNOT3_1 3556 0.001248
3563 MEAS3 3585 0.493100
3563 MEAS3 3586 0.006900
3563 MEAS3 3587 0.491300
3563 MEAS3 3588 0.008700
3563 X5 3560 0.999278
3563 X5 3563 0.000241
3563 X5 3564 0.000241
3563 X5 3559 0.000241
3564 CNOT3_5 3573 0.985266
3564 CNOT3_5 3555 0.002105
3564 CNOT3_5 3570 0.002105
3564 CNOT3_5 3557 0.002105
3564 CNOT3_5 3571 0.002105
3564 CNOT3_5 3556 0.002105
3564 CNOT3_5 3572 0.002105
3564 CNOT3_5 3554 0.002105
3564 CNOT3_1 3573 0.991265
3564 CNOT3_1 3555 0.001248
3564 CNOT3_1 3570 0.001248
3564 CNOT3_1 3557 0.001248
3564 CNOT3_1 3571 0.001248
3564 CNOT3_1 3556 0.001248
3564 CNOT3_1 3572 0.001248
3564 CNOT3_1 3554 0.001248
3564 MEAS3 3585 0.493100
3564 MEAS3 3586 0.006900
3564 MEAS3 3587 0.491300
3564 MEAS3 3588 0.008700
3564 X5 3559 0.999278
3564 X5 3564 0.000241
3564 X5 3563 0.000241
3564 X5 3560 0.000241
3565 CNOT3_5 3556 0.985266
3565 CNOT3_5 3571 0.002105
3565 CNOT3_5 3557 0.002105
3565 CNOT3_5 3570 0.002105
3565 CNOT3_5 3555 0.002105
3565 CNOT3_5 3573 0.002105
3565 CNOT3_5 3554 0.002105
3565 CNOT3_5 3572 0.002105
3565 CNOT3_1 3556 0.991265
3565 CNOT3_1 3571 0.001248
3565 CNOT3_1 3557 0.001248
3565 CNOT3_1 3570 0.001248
3565 CNOT3_1 3555 0.001248
3565 CNOT3_1 3573 0.001248
3565 CNOT3_1 3554 0.001248
3565 CNOT3_1 3572 0.001248
3565 MEAS3 3553 0.493100
3565 MEAS3 3574 0.006900
3565 MEAS3 3575 0.491300
3565 MEAS3 3576 0.008700
3565 X5 3561 0.999278
3565 X5 3565 0.000241
3565 X5 3558 0.000241
3565 X5 3562 0.000241
3566 CNOT3_5 3589 0.985266
3566 CNOT3_5 3590 0.002105
3566 CNOT3_5 3591 0.002105
3566 CNOT3_5 3592 0.002105
3566 CNOT3_5 3593 0.002105
3566 CNOT3_5 3594 0.002105
3566 CNOT3_5 3595 0.002105
3566 CNOT3_5 3596 0.002105
3566 CNOT3_1 3589 0.991265
3566 CNOT3_1 3593 0.001248
3566 CNOT3_1 3592 0.001248
3566 CNOT3_1 3591 0.001248
3566 CNOT3_1 3590 0.001248
3566 CNOT3_1 3594 0.001248
3566 CNOT3_1 3595 0.001248
3566 CNOT3_1 3596 0.001248
3566 MEAS3 3554 0.986200
3566 MEAS3 3566 0.013800
3566 X5 3567 0.999278
3566 X5 3566 0.000241
3566 X5 3568 0.000241
3566 X5 3569 0.000241
3567 CNOT3_5 3590 0.985266
3567 CNOT3_5 3589 0.002105
3567 CNOT3_5 3596 0.002105
3567 CNOT3_5 3594 0.002105
3567 CNOT3_5 3595 0.002105
3567 CNOT3_5 3592 0.002105
3567 CNOT3_5 3593 0.002105
3567 CNOT3_5 3591 0.002105
3567 CNOT3_1 3593 0.991265
3567 CNOT3_1 3589 0.001248
3567 CNOT3_1 3596 0.001248
3567 CNOT3_1 3594 0.001248
3567 CNOT3_1 3595 0.001248
3567 CNOT3_1 3591 0.001248
3567 CNOT3_1 3590 0.001248
3567 CNOT3_1 3592 0.001248
3567 MEAS3 3555 0.986200
3567 MEAS3 3567 0.013800
3567 X5 3566 0.999278
3567 X5 3567 0.000241
3567 X5 3569 0.000241
3567 X5 3568 0.000241
3568 CNOT3_5 3596 0.985266
3568 CNOT3_5 3591 0.002105
3568 CNOT3_5 3590 0.002105
3568 CNOT3_5 3593 0.002105
3568 CNOT3_5 3592 0.002105
3568 CNOT3_5 3595 0.002105
3568 CNOT3_5 3594 0.002105
3568 CNOT3_5 3589 0.002105
3568 CNOT3_1 3596 0.991265
3568 CNOT3_1 3592 0.001248
3568 CNOT3_1 3593 0.001248
3568 CNOT3_1 3590 0.001248
3568 CNOT3_1 3591 0.001248
3568 CNOT3_1 3595 0.001248
3568 CNOT3_1 3594 0.001248
3568 CNOT3_1 3589 0.001248
3568 MEAS3 3556 0.986200
3568 MEAS3 3568 0.013800
3568 X5 3569 0.999278
3568 X5 3568 0.000241
3568 X5 3566 0.000241
3568 X5 3567 0.000241
3569 CNOT3_5 3591 0.985266
3569 CNOT3_5 3596 0.002105
3569 CNOT3_5 3589 0.002105
3569 CNOT3_5 3595 0.002105
3569 CNOT3_5 3594 0.002105
3569 CNOT3_5 3593 0.002105
3569 CNOT3_5 3592 0.002105
3569 CNOT3_5 3590 0.002105
3569 CNOT3_1 3592 0.991265
3569 CNOT3_1 3596 0.001248
3569 CNOT3_1 3589 0.001248
3569 CNOT3_1 3595 0.001248
3569 CNOT3_1 3594 0.001248
3569 CNOT3_1 3590 0.001248
3569 CNOT3_1 3591 0.001248
3569 CNOT3_1 3593 0.001248
3569 MEAS3 3557 0.986200
3569 MEAS3 3569 0.013800
3569 X5 3568 0.999278
3569 X5 3569 0.000241
3569 X5 3567 0.000241
3569 X5 3566 0.000241
3570 CNOT3_5 3562 0.985266
3570 CNOT3_5 3564 0.002105
3570 CNOT3_5 3563 0.002105
3570 CNOT3_5 3565 0.002105
3570 CNOT3_5 3558 0.002105
3570 CNOT3_5 3560 0.002105
3570 CNOT3_5 3559 0.002105
3570 CNOT3_5 3561 0.002105
3570 CNOT3_1 3559 0.991265
3570 CNOT3_1 3564 0.001248
3570 CNOT3_1 3563 0.001248
3570 CNOT3_1 3565 0.001248
3570 CNOT3_1 3558 0.001248
3570 CNOT3_1 3561 0.001248
3570 CNOT3_1 3562 0.001248
3570 CNOT3_1 3560 0.001248
3570 MEAS3 3597 0.982600
3570 MEAS3 3570 0.017400
3570 X5 3573 0.999278
3570 X5 3570 0.000241
3570 X5 3571 0.000241
3570 X5 3572 0.000241
3571 CNOT3_5 3561 0.985266
3571 CNOT3_5 3563 0.002105
3571 CNOT3_5 3564 0.002105
3571 CNOT3_5 3558 0.002105
3571 CNOT3_5 3565 0.002105
3571 CNOT3_5 3559 0.002105
3571 CNOT3_5 3560 0.002105
3571 CNOT3_5 3562 0.002105
3571 CNOT3_1 3560 0.991265
3571 CNOT3_1 3563 0.001248
3571 CNOT3_1 3564 0.001248
3571 CNOT3_1 3558 0.001248
3571 CNOT3_1 3565 0.001248
3571 CNOT3_1 3562 0.001248
3571 CNOT3_1 3561 0.001248
3571 CNOT3_1 3559 0.001248
3571 MEAS3 3598 0.982600
3571 MEAS3 3571 0.017400
3571 X5 3572 0.999278
3571 X5 3571 0.000241
3571 X5 3570 0.000241
3571 X5 3573 0.000241
3572 CNOT3_5 3563 0.985266
3572 CNOT3_5 3561 0.002105
3572 CNOT3_5 3562 0.002105
3572 CNOT3_5 3559 0.002105
3572 CNOT3_5 3560 0.002105
3572 CNOT3_5 3558 0.002105
3572 CNOT3_5 3565 0.002105
3572 CNOT3_5 3564 0.002105
3572 CNOT3_1 3563 0.991265
3572 CNOT3_1 3560 0.001248
3572 CNOT3_1 3559 0.001248
3572 CNOT3_1 3562 0.001248
3572 CNOT3_1 3561 0.001248
3572 CNOT3_1 3558 0.001248
3572 CNOT3_1 3565 0.001248
3572 CNOT3_1 3564 0.001248
3572 MEAS3 3599 0.982600
3572 MEAS3 3572 0.017400
3572 X5 3571 0.999278
3572 X5 3572 0.000241
3572 X5 3573 0.000241
3572 X5 3570 0.000241
3573 CNOT3_5 3564 0.985266
3573 CNOT3_5 3562 0.002105
3573 CNOT3_5 3561 0.002105
3573 CNOT3_5 3560 0.002105
3573 CNOT3_5 3559 0.002105
3573 CNOT3_5 3565 0.002105
3573 CNOT3_5 3558 0.002105
3573 CNOT3_5 3563 0.002105
3573 CNOT3_1 3564 0.991265
3573 CNOT3_1 3559 0.001248
3573 CNOT3_1 3560 0.001248
3573 CNOT3_1 3561 0.001248
3573 CNOT3_1 3562 0.001248
3573 CNOT3_1 3565 0.001248
3573 CNOT3_1 3558 0.001248
3573 CNOT3_1 3563 0.001248
3573 MEAS3 3600 0.982600
3573 MEAS3 3573 0.017400
3573 X5 3570 0.999278
3573 X5 3573 0.000241
3573 X5 3572 0.000241
3573 X5 3571 0.000241
3574 CNOT3_5 3574 0.987371
3574 CNOT3_5 3579 0.004210
3574 CNOT3_5 3582 0.004210
3574 CNOT3_5 3587 0.004210
3574 CNOT3_1 3574 0.992513
3574 CNOT3_1 3583 0.002496
3574 CNOT3_1 3578 0.002496
3574 CNOT3_1 3587 0.002496
3574 MEAS3 3553 0.986200
3574 MEAS3 3574 0.013800
3574 X5 3582 0.999519
3574 X5 3574 0.000481
3575 CNOT3_5 3586 0.987371
3575 CNOT3_5 3583 0.004210
3575 CNOT3_5 3578 0.004210
3575 CNOT3_5 3575 0.004210
3575 CNOT3_1 3586 0.992513
3575 CNOT3_1 3579 0.002496
3575 CNOT3_1 3582 0.002496
3575 CNOT3_1 3575 0.002496
3575 MEAS3 3575 0.982600
3575 MEAS3 3576 0.017400
3575 X5 3583 0.999519
3575 X5 3575 0.000481
3576 CNOT3_5 3585 0.987371
3576 CNOT3_5 3584 0.004210
3576 CNOT3_5 3577 0.004210
3576 CNOT3_5 3576 0.004210
3576 CNOT3_1 3585 0.992513
3576 CNOT3_1 3580 0.002496
3576 CNOT3_1 3581 0.002496
3576 CNOT3_1 3576 0.002496
3576 MEAS3 3575 0.982600
3576 MEAS3 3576 0.017400
3576 X5 3584 0.999519
3576 X5 3576 0.000481
3577 CNOT3_5 3577 0.987371
3577 CNOT3_5 3576 0.004210
3577 CNOT3_5 3585 0.004210
3577 CNOT3_5 3584 0.004210
3577 CNOT3_1 3584 0.992513
3577 CNOT3_1 3553 0.002496
3577 CNOT3_1 3588 0.002496
3577 CNOT3_1 3577 0.002496
3577 MEAS3 3577 0.986200
3577 MEAS3 3578 0.013800
3577 X5 3585 0.999519
3577 X5 3577 0.000481
3578 CNOT3_5 3578 0.987371
3578 CNOT3_5 3575 0.004210
3578 CNOT3_5 3586 0.004210
3578 CNOT3_5 3583 0.004210
3578 CNOT3_1 3583 0.992513
3578 CNOT3_1 3574 0.002496
3578 CNOT3_1 3587 0.002496
3578 CNOT3_1 3578 0.002496
3578 MEAS3 3577 0.986200
3578 MEAS3 3578 0.013800
3578 X5 3586 0.999519
3578 X5 3578 0.000481
3579 CNOT3_5 3582 0.987371
3579 CNOT3_5 3587 0.004210
3579 CNOT3_5 3574 0.004210
3579 CNOT3_5 3579 0.004210
3579 CNOT3_1 3579 0.992513
3579 CNOT3_1 3586 0.002496
3579 CNOT3_1 3575 0.002496
3579 CNOT3_1 3582 0.002496
3579 MEAS3 3579 0.982600
3579 MEAS3 3580 0.017400
3579 X5 3587 0.999519
3579 X5 3579 0.000481
3580 CNOT3_5 3581 0.987371
3580 CNOT3_5 3588 0.004210
3580 CNOT3_5 3553 0.004210
3580 CNOT3_5 3580 0.004210
3580 CNOT3_1 3580 0.992513
3580 CNOT3_1 3585 0.002496
3580 CNOT3_1 3576 0.002496
3580 CNOT3_1 3581 0.002496
3580 MEAS3 3579 0.982600
3580 MEAS3 3580 0.017400
3580 X5 3588 0.999519
3580 X5 3580 0.000481
3581 CNOT3_5 3580 0.987371
3581 CNOT3_5 3553 0.004210
3581 CNOT3_5 3588 0.004210
3581 CNOT3_5 3581 0.004210
3581 CNOT3_1 3581 0.992513
3581 CNOT3_1 3576 0.002496
3581 CNOT3_1 3585 0.002496
3581 CNOT3_1 3580 0.002496
3581 MEAS3 3581 0.986200
3581 MEAS3 3582 0.013800
3581 X5 3553 0.999519
3581 X5 3581 0.000481
3582 CNOT3_5 3579 0.987371
3582 CNOT3_5 3574 0.004210
3582 CNOT3_5 3587 0.004210
3582 CNOT3_5 3582 0.004210
3582 CNOT3_1 3582 0.992513
3582 CNOT3_1 3575 0.002496
3582 CNOT3_1 3586 0.002496
3582 CNOT3_1 3579 0.002496
3582 MEAS3 3581 0.986200
3582 MEAS3 3582 0.013800
3582 X5 3574 0.999519
3582 X5 3582 0.000481
3583 CNOT3_5 3583 0.987371
3583 CNOT3_5 3586 0.004210
3583 CNOT3_5 3575 0.004210
3583 CNOT3_5 3578 0.004210
3583 CNOT3_1 3578 0.992513
3583 CNOT3_1 3587 0.002496
3583 CNOT3_1 3574 0.002496
3583 CNOT3_1 3583 0.002496
3583 MEAS3 3583 0.982600
3583 MEAS3 3584 0.017400
3583 X5 3575 0.999519
3583 X5 3583 0.000481
3584 CNOT3_5 3584 0.987371
3584 CNOT3_5 3585 0.004210
3584 CNOT3_5 3576 0.004210
3584 CNOT3_5 3577 0.004210
3584 CNOT3_1 3577 0.992513
3584 CNOT3_1 3588 0.002496
3584 CNOT3_1 3553 0.002496
3584 CNOT3_1 3584 0.002496
3584 MEAS3 3583 0.982600
3584 MEAS3 3584 0.017400
3584 X5 3576 0.999519
3584 X5 3584 0.000481
3585 CNOT3_5 3576 0.987371
3585 CNOT3_5 3577 0.004210
3585 CNOT3_5 3584 0.004210
3585 CNOT3_5 3585 0.004210
3585 CNOT3_1 3576 0.992513
3585 CNOT3_1 3581 0.002496
3585 CNOT3_1 3580 0.002496
3585 CNOT3_1 3585 0.002496
3585 MEAS3 3585 0.986200
3585 MEAS3 3586 0.013800
3585 X5 3577 0.999519
3585 X5 3585 0.000481
3586 CNOT3_5 3575 0.987371
3586 CNOT3_5 3578 0.004210
3586 CNOT3_5 3583 0.004210
3586 CNOT3_5 3586 0.004210
3586 CNOT3_1 3575 0.992513
3586 CNOT3_1 3582 0.002496
3586 CNOT3_1 3579 0.002496
3586 CNOT3_1 3586 0.002496
3586 MEAS3 3585 0.986200
3586 MEAS3 3586 0.013800
3586 X5 3578 0.999519
3586 X5 3586 0.000481
3587 CNOT3_5 3587 0.987371
3587 CNOT3_5 3582 0.004210
3587 CNOT3_5 3579 0.004210
3587 CNOT3_5 3574 0.004210
3587 CNOT3_1 3587 0.992513
3587 CNOT3_1 3578 0.002496
3587 CNOT3_1 3583 0.002496
3587 CNOT3_1 3574 0.002496
3587 MEAS3 3587 0.982600
3587 MEAS3 3588 0.017400
3587 X5 3579 0.999519
3587 X5 3587 0.000481
3588 CNOT3_5 3588 0.987371
3588 CNOT3_5 3581 0.004210
3588 CNOT3_5 3580 0.004210
3588 CNOT3_5 3553 0.004210
3588 CNOT3_1 3588 0.992513
3588 CNOT3_1 3577 0.002496
3588 CNOT3_1 3584 0.002496
3588 CNOT3_1 3553 0.002496
3588 MEAS3 3587 0.982600
3588 MEAS3 3588 0.017400
3588 X5 3580 0.999519
3588 X5 3588 0.000481
3589 CNOT3_5 3566 0.985266
3589 CNOT3_5 3597 0.002105
3589 CNOT3_5 3567 0.002105
3589 CNOT3_5 3598 0.002105
3589 CNOT3_5 3569 0.002105
3589 CNOT3_5 3599 0.002105
3589 CNOT3_5 3568 0.002105
3589 CNOT3_5 3600 0.002105
3589 CNOT3_1 3566 0.991265
3589 CNOT3_1 3597 0.001248
3589 CNOT3_1 3567 0.001248
3589 CNOT3_1 3598 0.001248
3589 CNOT3_1 3569 0.001248
3589 CNOT3_1 3599 0.001248
3589 CNOT3_1 3568 0.001248
3589 CNOT3_1 3600 0.001248
3589 MEAS3 3553 0.493100
3589 MEAS3 3574 0.006900
3589 MEAS3 3575 0.491300
3589 MEAS3 3576 0.008700
3589 X5 3593 0.999278
3589 X5 3589 0.000241
3589 X5 3596 0.000241
3589 X5 3592 0.000241
3590 CNOT3_5 3567 0.985266
3590 CNOT3_5 3600 0.002105
3590 CNOT3_5 3566 0.002105
3590 CNOT3_5 3599 0.002105
3590 CNOT3_5 3568 0.002105
3590 CNOT3_5 3598 0.002105
3590 CNOT3_5 3569 0.002105
3590 CNOT3_5 3597 0.002105
3590 CNOT3_1 3597 0.991265
3590 CNOT3_1 3566 0.001248
3590 CNOT3_1 3600 0.001248
3590 CNOT3_1 3568 0.001248
3590 CNOT3_1 3599 0.001248
3590 CNOT3_1 3569 0.001248
3590 CNOT3_1 3598 0.001248
3590 CNOT3_1 3567 0.001248
3590 MEAS3 3577 0.493100
3590 MEAS3 3578 0.006900
3590 MEAS3 3579 0.491300
3590 MEAS3 3580 0.008700
3590 X5 3595 0.999278
3590 X5 3590 0.000241
3590 X5 3591 0.000241
3590 X5 3594 0.000241
3591 CNOT3_5 3569 0.985266
3591 CNOT3_5 3599 0.002105
3591 CNOT3_5 3568 0.002105
3591 CNOT3_5 3600 0.002105
3591 CNOT3_5 3566 0.002105
3591 CNOT3_5 3597 0.002105
3591 CNOT3_5 3567 0.002105
3591 CNOT3_5 3598 0.002105
3591 CNOT3_1 3598 0.991265
3591 CNOT3_1 3568 0.001248
3591 CNOT3_1 3599 0.001248
3591 CNOT3_1 3566 0.001248
3591 CNOT3_1 3600 0.001248
3591 CNOT3_1 3567 0.001248
3591 CNOT3_1 3597 0.001248
3591 CNOT3_1 3569 0.001248
3591 MEAS3 3577 0.493100
3591 MEAS3 3578 0.006900
3591 MEAS3 3579 0.491300
3591 MEAS3 3580 0.008700
3591 X5 3594 0.999278
3591 X5 3591 0.000241
3591 X5 3590 0.000241
3591 X5 3595 0.000241
3592 CNOT3_5 3598 0.985266
3592 CNOT3_5 3568 0.002105
3592 CNOT3_5 3599 0.002105
3592 CNOT3_5 3566 0.002105
3592 CNOT3_5 3600 0.002105
3592 CNOT3_5 3567 0.002105
3592 CNOT3_5 3597 0.002105
3592 CNOT3_5 3569 0.002105
3592 CNOT3_1 3569 0.991265
3592 CNOT3_1 3599 0.001248
3592 CNOT3_1 3568 0.001248
3592 CNOT3_1 3600 0.001248
3592 CNOT3_1 3566 0.001248
3592 CNOT3_1 3597 0.001248
3592 CNOT3_1 3567 0.001248
3592 CNOT3_1 3598 0.001248
3592 MEAS3 3581 0.493100
3592 MEAS3 3582 0.006900
3592 MEAS3 3583 0.491300
3592 MEAS3 3584 0.008700
3592 X5 3596 0.999278
3592 X5 3592 0.000241
3592 X5 3593 0.000241
3592 X5 3589 0.000241
3593 CNOT3_5 3597 0.985266
3593 CNOT3_5 3566 0.002105
3593 CNOT3_5 3600 0.002105
3593 CNOT3_5 3568 0.002105
3593 CNOT3_5 3599 0.002105
3593 CNOT3_5 3569 0.002105
3593 CNOT3_5 3598 0.002105
3593 CNOT3_5 3567 0.002105
3593 CNOT3_1 3567 0.991265
3593 CNOT3_1 3600 0.001248
3593 CNOT3_1 3566 0.001248
3593 CNOT3_1 3599 0.001248
3593 CNOT3_1 3568 0.001248
3593 CNOT3_1 3598 0.001248
3593 CNOT3_1 3569 0.001248
3593 CNOT3_1 3597 0.001248
3593 MEAS3 3581 0.493100
3593 MEAS3 3582 0.006900
3593 MEAS3 3583 0.491300
3593 MEAS3 3584 0.008700
3593 X5 3589 0.999278
3593 X5 3593 0.000241
3593 X5 3592 0.000241
3593 X5 3596 0.000241
3594 CNOT3_5 3599 0.985266
3594 CNOT3_5 3569 0.002105
3594 CNOT3_5 3598 0.002105
3594 CNOT3_5 3567 0.002105
3594 CNOT3_5 3597 0.002105
3594 CNOT3_5 3566 0.002105
3594 CNOT3_5 3600 0.002105
3594 CNOT3_5 3568 0.002105
3594 CNOT3_1 3599 0.991265
3594 CNOT3_1 3569 0.001248
3594 CNOT3_1 3598 0.001248
3594 CNOT3_1 3567 0.001248
3594 CNOT3_1 3597 0.001248
3594 CNOT3_1 3566 0.001248
3594 CNOT3_1 3600 0.001248
3594 CNOT3_1 3568 0.001248
3594 MEAS3 3585 0.493100
3594 MEAS3 3586 0.006900
3594 MEAS3 3587 0.491300
3594 MEAS3 3588 0.008700
3594 X5 3591 0.999278
3594 X5 3594 0.000241
3594 X5 3595 0.000241
3594 X5 3590 0.000241
3595 CNOT3_5 3600 0.985266
3595 CNOT3_5 3567 0.002105
3595 CNOT3_5 3597 0.002105
3595 CNOT3_5 3569 0.002105
3595 CNOT3_5 3598 0.002105
3595 CNOT3_5 3568 0.002105
3595 CNOT3_5 3599 0.002105
3595 CNOT3_5 3566 0.002105
3595 CNOT3_1 3600 0.991265
3595 CNOT3_1 3567 0.001248
3595 CNOT3_1 3597 0.001248
3595 CNOT3_1 3569 0.001248
3595 CNOT3_1 3598 0.001248
3595 CNOT3_1 3568 0.001248
3595 CNOT3_1 3599 0.001248
3595 CNOT3_1 3566 0.001248
3595 MEAS3 3585 0.493100
3595 MEAS3 3586 0.006900
3595 MEAS3 3587 0.491300
3595 MEAS3 3588 0.008700
3595 X5 3590 0.999278
3595 X5 3595 0.000241
3595 X5 3594 0.000241
3595 X5 3591 0.000241
3596 CNOT3_5 3568 0.985266
3596 CNOT3_5 3598 0.002105
3596 CNOT3_5 3569 0.002105
3596 CNOT3_5 3597 0.002105
3596 CNOT3_5 3567 0.002105
3596 CNOT3_5 3600 0.002105
3596 CNOT3_5 3566 0.002105
3596 CNOT3_5 3599 0.002105
3596 CNOT3_1 3568 0.991265
3596 CNOT3_1 3598 0.001248
3596 CNOT3_1 3569 0.001248
3596 CNOT3_1 3597 0.001248
3596 CNOT3_1 3567 0.001248
3596 CNOT3_1 3600 0.001248
3596 CNOT3_1 3566 0.001248
3596 CNOT3_1 3599 0.001248
3596 MEAS3 3553 0.493100
3596 MEAS3 3574 0.006900
3596 MEAS3 3575 0.491300
3596 MEAS3 3576 0.008700
3596 X5 3592 0.999278
3596 X5 3596 0.000241
3596 X5 3589 0.000241
3596 X5 3593 0.000241
3597 CNOT3_5 3593 0.985266
3597 CNOT3_5 3595 0.002105
3597 CNOT3_5 3594 0.002105
3597 CNOT3_5 3596 0.002105
3597 CNOT3_5 3589 0.002105
3597 CNOT3_5 3591 0.002105
3597 CNOT3_5 3590 0.002105
3597 CNOT3_5 3592 0.002105
3597 CNOT3_1 3590 0.991265
3597 CNOT3_1 3595 0.001248
3597 CNOT3_1 3594 0.001248
3597 CNOT3_1 3596 0.001248
3597 CNOT3_1 3589 0.001248
3597 CNOT3_1 3592 0.001248
3597 CNOT3_1 3593 0.001248
3597 CNOT3_1 3591 0.001248
3597 MEAS3 3597 0.982600
3597 MEAS3 3570 0.017400
3597 X5 3600 0.999278
3597 X5 3597 0.000241
3597 X5 3598 0.000241
3597 X5 3599 0.000241
3598 CNOT3_5 3592 0.985266
3598 CNOT3_5 3594 0.002105
3598 CNOT3_5 3595 0.002105
3598 CNOT3_5 3589 0.002105
3598 CNOT3_5 3596 0.002105
3598 CNOT3_5 3590 0.002105
3598 CNOT3_5 3591 0.002105
3598 CNOT3_5 3593 0.002105
3598 CNOT3_1 3591 0.991265
3598 CNOT3_1 3594 0.001248
3598 CNOT3_1 3595 0.001248
3598 CNOT3_1 3589 0.001248
3598 CNOT3_1 3596 0.001248
3598 CNOT3_1 3593 0.001248
3598 CNOT3_1 3592 0.001248
3598 CNOT3_1 3590 0.001248
3598 MEAS3 3598 0.982600
3598 MEAS3 3571 0.017400
3598 X5 3599 0.999278
3598 X5 3598 0.000241
3598 X5 3597 0.000241
3598 X5 3600 0.000241
3599 CNOT3_5 3594 0.985266
3599 CNOT3_5 3592 0.002105
3599 CNOT3_5 3593 0.002105
3599 CNOT3_5 3590 0.002105
3599 CNOT3_5 3591 0.002105
3599 CNOT3_5 3589 0.002105
3599 CNOT3_5 3596 0.002105
3599 CNOT3_5 3595 0.002105
3599 CNOT3_1 3594 0.991265
3599 CNOT3_1 3591 0.001248
3599 CNOT3_1 3590 0.001248
3599 CNOT3_1 3593 0.001248
3599 CNOT3_1 3592 0.001248
3599 CNOT3_1 3589 0.001248
3599 CNOT3_1 3596 0.001248
3599 CNOT3_1 3595 0.001248
3599 MEAS3 3599 0.982600
3599 MEAS3 3572 0.017400
3599 X5 3598 0.999278
3599 X5 3599 0.000241
3599 X5 3600 0.000241
3599 X5 3597 0.000241
3600 CNOT3_5 3595 0.985266
3600 CNOT3_5 3593 0.002105
3600 CNOT3_5 3592 0.002105
3600 CNOT3_5 3591 0.002105
3600 CNOT3_5 3590 0.002105
3600 CNOT3_5 3596 0.002105
3600 CNOT3_5 3589 0.002105
3600 CNOT3_5 3594 0.002105
3600 CNOT3_1 3595 0.991265
3600 CNOT3_1 3590 0.001248
3600 CNOT3_1 3591 0.001248
3600 CNOT3_1 3592 0.001248
3600 CNOT3_1 3593 0.001248
3600 CNOT3_1 3596 0.001248
3600 CNOT3_1 3589 0.001248
3600 CNOT3_1 3594 0.001248
3600 MEAS3 3600 0.982600
3600 MEAS3 3573 0.017400
3600 X5 3597 0.999278
3600 X5 3600 0.000241
3600 X5 3599 0.000241
3600 X5 3598 0.000241
ENDPOMDP
