BEGINPOMDP
INITIALSTATE: 1585
STATES: 1585,1586,1587,1588,1589,1590,1591,1592,1593,1594,1595,1596,1597,1598,1599,1600,1601,1602,1603,1604,1605,1606,1607,1608,1609,1610,1611,1612,1613,1614,1615,1616,1617,1618,1619,1620,1621,1622,1623,1624,1625,1626,1627,1628,1629,1630,1631,1632
TARGETV: 1586,1588,1590,1595,1596,1597,1598,1600,1604,1605,1621,1626,1627,1628,1631,1632
GAMMA: 1585:0,1586:0,1587:0,1588:0,1589:0,1590:0,1591:0,1592:0,1593:0,1594:0,1595:0,1596:0,1597:0,1598:1,1599:1,1600:1,1601:1,1602:0,1603:0,1604:0,1605:0,1606:1,1607:1,1608:0,1609:0,1610:1,1611:1,1612:0,1613:0,1614:1,1615:1,1616:0,1617:0,1618:1,1619:1,1620:0,1621:1,1622:1,1623:1,1624:1,1625:1,1626:1,1627:1,1628:1,1629:1,1630:1,1631:1,1632:1
BEGINACTIONS
CNOT1_0 Instruction.CNOT 0 1
CNOT1_3 Instruction.CNOT 3 1
MEAS1 Instruction.MEAS None 1
X0 Instruction.X None 0
ENDACTIONS
1585 INIT_ 1586 0.250000
1585 INIT_ 1587 0.250000
1585 INIT_ 1588 0.250000
1585 INIT_ 1589 0.250000
1585 CNOT1_0 1585 0.988897
1585 CNOT1_0 1612 0.003701
1585 CNOT1_0 1613 0.003701
1585 CNOT1_0 1620 0.003701
1585 CNOT1_3 1585 0.982433
1585 CNOT1_3 1616 0.005856
1585 CNOT1_3 1609 0.005856
1585 CNOT1_3 1620 0.005856
1585 MEAS1 1585 0.988400
1585 MEAS1 1606 0.011600
1585 X0 1613 0.999381
1585 X0 1585 0.000619
1586 CNOT1_0 1590 0.987046
1586 CNOT1_0 1591 0.001851
1586 CNOT1_0 1592 0.001851
1586 CNOT1_0 1593 0.001851
1586 CNOT1_0 1594 0.001851
1586 CNOT1_0 1595 0.001851
1586 CNOT1_0 1596 0.001851
1586 CNOT1_0 1597 0.001851
1586 CNOT1_3 1590 0.979506
1586 CNOT1_3 1594 0.002928
1586 CNOT1_3 1593 0.002928
1586 CNOT1_3 1592 0.002928
1586 CNOT1_3 1591 0.002928
1586 CNOT1_3 1595 0.002928
1586 CNOT1_3 1596 0.002928
1586 CNOT1_3 1597 0.002928
1586 MEAS1 1586 0.988400
1586 MEAS1 1598 0.011600
1586 X0 1587 0.999071
1586 X0 1586 0.000310
1586 X0 1588 0.000310
1586 X0 1589 0.000310
1587 CNOT1_0 1591 0.987046
1587 CNOT1_0 1590 0.001851
1587 CNOT1_0 1597 0.001851
1587 CNOT1_0 1595 0.001851
1587 CNOT1_0 1596 0.001851
1587 CNOT1_0 1593 0.001851
1587 CNOT1_0 1594 0.001851
1587 CNOT1_0 1592 0.001851
1587 CNOT1_3 1594 0.979506
1587 CNOT1_3 1590 0.002928
1587 CNOT1_3 1597 0.002928
1587 CNOT1_3 1595 0.002928
1587 CNOT1_3 1596 0.002928
1587 CNOT1_3 1592 0.002928
1587 CNOT1_3 1591 0.002928
1587 CNOT1_3 1593 0.002928
1587 MEAS1 1587 0.988400
1587 MEAS1 1599 0.011600
1587 X0 1586 0.999071
1587 X0 1587 0.000310
1587 X0 1589 0.000310
1587 X0 1588 0.000310
1588 CNOT1_0 1597 0.987046
1588 CNOT1_0 1592 0.001851
1588 CNOT1_0 1591 0.001851
1588 CNOT1_0 1594 0.001851
1588 CNOT1_0 1593 0.001851
1588 CNOT1_0 1596 0.001851
1588 CNOT1_0 1595 0.001851
1588 CNOT1_0 1590 0.001851
1588 CNOT1_3 1597 0.979506
1588 CNOT1_3 1593 0.002928
1588 CNOT1_3 1594 0.002928
1588 CNOT1_3 1591 0.002928
1588 CNOT1_3 1592 0.002928
1588 CNOT1_3 1596 0.002928
1588 CNOT1_3 1595 0.002928
1588 CNOT1_3 1590 0.002928
1588 MEAS1 1588 0.988400
1588 MEAS1 1600 0.011600
1588 X0 1589 0.999071
1588 X0 1588 0.000310
1588 X0 1586 0.000310
1588 X0 1587 0.000310
1589 CNOT1_0 1592 0.987046
1589 CNOT1_0 1597 0.001851
1589 CNOT1_0 1590 0.001851
1589 CNOT1_0 1596 0.001851
1589 CNOT1_0 1595 0.001851
1589 CNOT1_0 1594 0.001851
1589 CNOT1_0 1593 0.001851
1589 CNOT1_0 1591 0.001851
1589 CNOT1_3 1593 0.979506
1589 CNOT1_3 1597 0.002928
1589 CNOT1_3 1590 0.002928
1589 CNOT1_3 1596 0.002928
1589 CNOT1_3 1595 0.002928
1589 CNOT1_3 1591 0.002928
1589 CNOT1_3 1592 0.002928
1589 CNOT1_3 1594 0.002928
1589 MEAS1 1589 0.988400
1589 MEAS1 1601 0.011600
1589 X0 1588 0.999071
1589 X0 1589 0.000310
1589 X0 1587 0.000310
1589 X0 1586 0.000310
1590 CNOT1_0 1586 0.987046
1590 CNOT1_0 1602 0.001851
1590 CNOT1_0 1587 0.001851
1590 CNOT1_0 1603 0.001851
1590 CNOT1_0 1589 0.001851
1590 CNOT1_0 1604 0.001851
1590 CNOT1_0 1588 0.001851
1590 CNOT1_0 1605 0.001851
1590 CNOT1_3 1586 0.979506
1590 CNOT1_3 1602 0.002928
1590 CNOT1_3 1587 0.002928
1590 CNOT1_3 1603 0.002928
1590 CNOT1_3 1589 0.002928
1590 CNOT1_3 1604 0.002928
1590 CNOT1_3 1588 0.002928
1590 CNOT1_3 1605 0.002928
1590 MEAS1 1585 0.494200
1590 MEAS1 1606 0.005800
1590 MEAS1 1607 0.475100
1590 MEAS1 1608 0.024900
1590 X0 1594 0.999071
1590 X0 1590 0.000310
1590 X0 1597 0.000310
1590 X0 1593 0.000310
1591 CNOT1_0 1587 0.987046
1591 CNOT1_0 1605 0.001851
1591 CNOT1_0 1586 0.001851
1591 CNOT1_0 1604 0.001851
1591 CNOT1_0 1588 0.001851
1591 CNOT1_0 1603 0.001851
1591 CNOT1_0 1589 0.001851
1591 CNOT1_0 1602 0.001851
1591 CNOT1_3 1602 0.979506
1591 CNOT1_3 1586 0.002928
1591 CNOT1_3 1605 0.002928
1591 CNOT1_3 1588 0.002928
1591 CNOT1_3 1604 0.002928
1591 CNOT1_3 1589 0.002928
1591 CNOT1_3 1603 0.002928
1591 CNOT1_3 1587 0.002928
1591 MEAS1 1609 0.494200
1591 MEAS1 1610 0.005800
1591 MEAS1 1611 0.475100
1591 MEAS1 1612 0.024900
1591 X0 1596 0.999071
1591 X0 1591 0.000310
1591 X0 1592 0.000310
1591 X0 1595 0.000310
1592 CNOT1_0 1589 0.987046
1592 CNOT1_0 1604 0.001851
1592 CNOT1_0 1588 0.001851
1592 CNOT1_0 1605 0.001851
1592 CNOT1_0 1586 0.001851
1592 CNOT1_0 1602 0.001851
1592 CNOT1_0 1587 0.001851
1592 CNOT1_0 1603 0.001851
1592 CNOT1_3 1603 0.979506
1592 CNOT1_3 1588 0.002928
1592 CNOT1_3 1604 0.002928
1592 CNOT1_3 1586 0.002928
1592 CNOT1_3 1605 0.002928
1592 CNOT1_3 1587 0.002928
1592 CNOT1_3 1602 0.002928
1592 CNOT1_3 1589 0.002928
1592 MEAS1 1609 0.494200
1592 MEAS1 1610 0.005800
1592 MEAS1 1611 0.475100
1592 MEAS1 1612 0.024900
1592 X0 1595 0.999071
1592 X0 1592 0.000310
1592 X0 1591 0.000310
1592 X0 1596 0.000310
1593 CNOT1_0 1603 0.987046
1593 CNOT1_0 1588 0.001851
1593 CNOT1_0 1604 0.001851
1593 CNOT1_0 1586 0.001851
1593 CNOT1_0 1605 0.001851
1593 CNOT1_0 1587 0.001851
1593 CNOT1_0 1602 0.001851
1593 CNOT1_0 1589 0.001851
1593 CNOT1_3 1589 0.979506
1593 CNOT1_3 1604 0.002928
1593 CNOT1_3 1588 0.002928
1593 CNOT1_3 1605 0.002928
1593 CNOT1_3 1586 0.002928
1593 CNOT1_3 1602 0.002928
1593 CNOT1_3 1587 0.002928
1593 CNOT1_3 1603 0.002928
1593 MEAS1 1613 0.494200
1593 MEAS1 1614 0.005800
1593 MEAS1 1615 0.475100
1593 MEAS1 1616 0.024900
1593 X0 1597 0.999071
1593 X0 1593 0.000310
1593 X0 1594 0.000310
1593 X0 1590 0.000310
1594 CNOT1_0 1602 0.987046
1594 CNOT1_0 1586 0.001851
1594 CNOT1_0 1605 0.001851
1594 CNOT1_0 1588 0.001851
1594 CNOT1_0 1604 0.001851
1594 CNOT1_0 1589 0.001851
1594 CNOT1_0 1603 0.001851
1594 CNOT1_0 1587 0.001851
1594 CNOT1_3 1587 0.979506
1594 CNOT1_3 1605 0.002928
1594 CNOT1_3 1586 0.002928
1594 CNOT1_3 1604 0.002928
1594 CNOT1_3 1588 0.002928
1594 CNOT1_3 1603 0.002928
1594 CNOT1_3 1589 0.002928
1594 CNOT1_3 1602 0.002928
1594 MEAS1 1613 0.494200
1594 MEAS1 1614 0.005800
1594 MEAS1 1615 0.475100
1594 MEAS1 1616 0.024900
1594 X0 1590 0.999071
1594 X0 1594 0.000310
1594 X0 1593 0.000310
1594 X0 1597 0.000310
1595 CNOT1_0 1604 0.987046
1595 CNOT1_0 1589 0.001851
1595 CNOT1_0 1603 0.001851
1595 CNOT1_0 1587 0.001851
1595 CNOT1_0 1602 0.001851
1595 CNOT1_0 1586 0.001851
1595 CNOT1_0 1605 0.001851
1595 CNOT1_0 1588 0.001851
1595 CNOT1_3 1604 0.979506
1595 CNOT1_3 1589 0.002928
1595 CNOT1_3 1603 0.002928
1595 CNOT1_3 1587 0.002928
1595 CNOT1_3 1602 0.002928
1595 CNOT1_3 1586 0.002928
1595 CNOT1_3 1605 0.002928
1595 CNOT1_3 1588 0.002928
1595 MEAS1 1617 0.494200
1595 MEAS1 1618 0.005800
1595 MEAS1 1619 0.475100
1595 MEAS1 1620 0.024900
1595 X0 1592 0.999071
1595 X0 1595 0.000310
1595 X0 1596 0.000310
1595 X0 1591 0.000310
1596 CNOT1_0 1605 0.987046
1596 CNOT1_0 1587 0.001851
1596 CNOT1_0 1602 0.001851
1596 CNOT1_0 1589 0.001851
1596 CNOT1_0 1603 0.001851
1596 CNOT1_0 1588 0.001851
1596 CNOT1_0 1604 0.001851
1596 CNOT1_0 1586 0.001851
1596 CNOT1_3 1605 0.979506
1596 CNOT1_3 1587 0.002928
1596 CNOT1_3 1602 0.002928
1596 CNOT1_3 1589 0.002928
1596 CNOT1_3 1603 0.002928
1596 CNOT1_3 1588 0.002928
1596 CNOT1_3 1604 0.002928
1596 CNOT1_3 1586 0.002928
1596 MEAS1 1617 0.494200
1596 MEAS1 1618 0.005800
1596 MEAS1 1619 0.475100
1596 MEAS1 1620 0.024900
1596 X0 1591 0.999071
1596 X0 1596 0.000310
1596 X0 1595 0.000310
1596 X0 1592 0.000310
1597 CNOT1_0 1588 0.987046
1597 CNOT1_0 1603 0.001851
1597 CNOT1_0 1589 0.001851
1597 CNOT1_0 1602 0.001851
1597 CNOT1_0 1587 0.001851
1597 CNOT1_0 1605 0.001851
1597 CNOT1_0 1586 0.001851
1597 CNOT1_0 1604 0.001851
1597 CNOT1_3 1588 0.979506
1597 CNOT1_3 1603 0.002928
1597 CNOT1_3 1589 0.002928
1597 CNOT1_3 1602 0.002928
1597 CNOT1_3 1587 0.002928
1597 CNOT1_3 1605 0.002928
1597 CNOT1_3 1586 0.002928
1597 CNOT1_3 1604 0.002928
1597 MEAS1 1585 0.494200
1597 MEAS1 1606 0.005800
1597 MEAS1 1607 0.475100
1597 MEAS1 1608 0.024900
1597 X0 1593 0.999071
1597 X0 1597 0.000310
1597 X0 1590 0.000310
1597 X0 1594 0.000310
1598 CNOT1_0 1621 0.987046
1598 CNOT1_0 1622 0.001851
1598 CNOT1_0 1623 0.001851
1598 CNOT1_0 1624 0.001851
1598 CNOT1_0 1625 0.001851
1598 CNOT1_0 1626 0.001851
1598 CNOT1_0 1627 0.001851
1598 CNOT1_0 1628 0.001851
1598 CNOT1_3 1621 0.979506
1598 CNOT1_3 1625 0.002928
1598 CNOT1_3 1624 0.002928
1598 CNOT1_3 1623 0.002928
1598 CNOT1_3 1622 0.002928
1598 CNOT1_3 1626 0.002928
1598 CNOT1_3 1627 0.002928
1598 CNOT1_3 1628 0.002928
1598 MEAS1 1586 0.988400
1598 MEAS1 1598 0.011600
1598 X0 1599 0.999071
1598 X0 1598 0.000310
1598 X0 1600 0.000310
1598 X0 1601 0.000310
1599 CNOT1_0 1622 0.987046
1599 CNOT1_0 1621 0.001851
1599 CNOT1_0 1628 0.001851
1599 CNOT1_0 1626 0.001851
1599 CNOT1_0 1627 0.001851
1599 CNOT1_0 1624 0.001851
1599 CNOT1_0 1625 0.001851
1599 CNOT1_0 1623 0.001851
1599 CNOT1_3 1625 0.979506
1599 CNOT1_3 1621 0.002928
1599 CNOT1_3 1628 0.002928
1599 CNOT1_3 1626 0.002928
1599 CNOT1_3 1627 0.002928
1599 CNOT1_3 1623 0.002928
1599 CNOT1_3 1622 0.002928
1599 CNOT1_3 1624 0.002928
1599 MEAS1 1587 0.988400
1599 MEAS1 1599 0.011600
1599 X0 1598 0.999071
1599 X0 1599 0.000310
1599 X0 1601 0.000310
1599 X0 1600 0.000310
1600 CNOT1_0 1628 0.987046
1600 CNOT1_0 1623 0.001851
1600 CNOT1_0 1622 0.001851
1600 CNOT1_0 1625 0.001851
1600 CNOT1_0 1624 0.001851
1600 CNOT1_0 1627 0.001851
1600 CNOT1_0 1626 0.001851
1600 CNOT1_0 1621 0.001851
1600 CNOT1_3 1628 0.979506
1600 CNOT1_3 1624 0.002928
1600 CNOT1_3 1625 0.002928
1600 CNOT1_3 1622 0.002928
1600 CNOT1_3 1623 0.002928
1600 CNOT1_3 1627 0.002928
1600 CNOT1_3 1626 0.002928
1600 CNOT1_3 1621 0.002928
1600 MEAS1 1588 0.988400
1600 MEAS1 1600 0.011600
1600 X0 1601 0.999071
1600 X0 1600 0.000310
1600 X0 1598 0.000310
1600 X0 1599 0.000310
1601 CNOT1_0 1623 0.987046
1601 CNOT1_0 1628 0.001851
1601 CNOT1_0 1621 0.001851
1601 CNOT1_0 1627 0.001851
1601 CNOT1_0 1626 0.001851
1601 CNOT1_0 1625 0.001851
1601 CNOT1_0 1624 0.001851
1601 CNOT1_0 1622 0.001851
1601 CNOT1_3 1624 0.979506
1601 CNOT1_3 1628 0.002928
1601 CNOT1_3 1621 0.002928
1601 CNOT1_3 1627 0.002928
1601 CNOT1_3 1626 0.002928
1601 CNOT1_3 1622 0.002928
1601 CNOT1_3 1623 0.002928
1601 CNOT1_3 1625 0.002928
1601 MEAS1 1589 0.988400
1601 MEAS1 1601 0.011600
1601 X0 1600 0.999071
1601 X0 1601 0.000310
1601 X0 1599 0.000310
1601 X0 1598 0.000310
1602 CNOT1_0 1594 0.987046
1602 CNOT1_0 1596 0.001851
1602 CNOT1_0 1595 0.001851
1602 CNOT1_0 1597 0.001851
1602 CNOT1_0 1590 0.001851
1602 CNOT1_0 1592 0.001851
1602 CNOT1_0 1591 0.001851
1602 CNOT1_0 1593 0.001851
1602 CNOT1_3 1591 0.979506
1602 CNOT1_3 1596 0.002928
1602 CNOT1_3 1595 0.002928
1602 CNOT1_3 1597 0.002928
1602 CNOT1_3 1590 0.002928
1602 CNOT1_3 1593 0.002928
1602 CNOT1_3 1594 0.002928
1602 CNOT1_3 1592 0.002928
1602 MEAS1 1629 0.950200
1602 MEAS1 1602 0.049800
1602 X0 1605 0.999071
1602 X0 1602 0.000310
1602 X0 1603 0.000310
1602 X0 1604 0.000310
1603 CNOT1_0 1593 0.987046
1603 CNOT1_0 1595 0.001851
1603 CNOT1_0 1596 0.001851
1603 CNOT1_0 1590 0.001851
1603 CNOT1_0 1597 0.001851
1603 CNOT1_0 1591 0.001851
1603 CNOT1_0 1592 0.001851
1603 CNOT1_0 1594 0.001851
1603 CNOT1_3 1592 0.979506
1603 CNOT1_3 1595 0.002928
1603 CNOT1_3 1596 0.002928
1603 CNOT1_3 1590 0.002928
1603 CNOT1_3 1597 0.002928
1603 CNOT1_3 1594 0.002928
1603 CNOT1_3 1593 0.002928
1603 CNOT1_3 1591 0.002928
1603 MEAS1 1630 0.950200
1603 MEAS1 1603 0.049800
1603 X0 1604 0.999071
1603 X0 1603 0.000310
1603 X0 1602 0.000310
1603 X0 1605 0.000310
1604 CNOT1_0 1595 0.987046
1604 CNOT1_0 1593 0.001851
1604 CNOT1_0 1594 0.001851
1604 CNOT1_0 1591 0.001851
1604 CNOT1_0 1592 0.001851
1604 CNOT1_0 1590 0.001851
1604 CNOT1_0 1597 0.001851
1604 CNOT1_0 1596 0.001851
1604 CNOT1_3 1595 0.979506
1604 CNOT1_3 1592 0.002928
1604 CNOT1_3 1591 0.002928
1604 CNOT1_3 1594 0.002928
1604 CNOT1_3 1593 0.002928
1604 CNOT1_3 1590 0.002928
1604 CNOT1_3 1597 0.002928
1604 CNOT1_3 1596 0.002928
1604 MEAS1 1631 0.950200
1604 MEAS1 1604 0.049800
1604 X0 1603 0.999071
1604 X0 1604 0.000310
1604 X0 1605 0.000310
1604 X0 1602 0.000310
1605 CNOT1_0 1596 0.987046
1605 CNOT1_0 1594 0.001851
1605 CNOT1_0 1593 0.001851
1605 CNOT1_0 1592 0.001851
1605 CNOT1_0 1591 0.001851
1605 CNOT1_0 1597 0.001851
1605 CNOT1_0 1590 0.001851
1605 CNOT1_0 1595 0.001851
1605 CNOT1_3 1596 0.979506
1605 CNOT1_3 1591 0.002928
1605 CNOT1_3 1592 0.002928
1605 CNOT1_3 1593 0.002928
1605 CNOT1_3 1594 0.002928
1605 CNOT1_3 1597 0.002928
1605 CNOT1_3 1590 0.002928
1605 CNOT1_3 1595 0.002928
1605 MEAS1 1632 0.950200
1605 MEAS1 1605 0.049800
1605 X0 1602 0.999071
1605 X0 1605 0.000310
1605 X0 1604 0.000310
1605 X0 1603 0.000310
1606 CNOT1_0 1606 0.988897
1606 CNOT1_0 1611 0.003701
1606 CNOT1_0 1614 0.003701
1606 CNOT1_0 1619 0.003701
1606 CNOT1_3 1606 0.982433
1606 CNOT1_3 1615 0.005856
1606 CNOT1_3 1610 0.005856
1606 CNOT1_3 1619 0.005856
1606 MEAS1 1585 0.988400
1606 MEAS1 1606 0.011600
1606 X0 1614 0.999381
1606 X0 1606 0.000619
1607 CNOT1_0 1618 0.988897
1607 CNOT1_0 1615 0.003701
1607 CNOT1_0 1610 0.003701
1607 CNOT1_0 1607 0.003701
1607 CNOT1_3 1618 0.982433
1607 CNOT1_3 1611 0.005856
1607 CNOT1_3 1614 0.005856
1607 CNOT1_3 1607 0.005856
1607 MEAS1 1607 0.950200
1607 MEAS1 1608 0.049800
1607 X0 1615 0.999381
1607 X0 1607 0.000619
1608 CNOT1_0 1617 0.988897
1608 CNOT1_0 1616 0.003701
1608 CNOT1_0 1609 0.003701
1608 CNOT1_0 1608 0.003701
1608 CNOT1_3 1617 0.982433
1608 CNOT1_3 1612 0.005856
1608 CNOT1_3 1613 0.005856
1608 CNOT1_3 1608 0.005856
1608 MEAS1 1607 0.950200
1608 MEAS1 1608 0.049800
1608 X0 1616 0.999381
1608 X0 1608 0.000619
1609 CNOT1_0 1609 0.988897
1609 CNOT1_0 1608 0.003701
1609 CNOT1_0 1617 0.003701
1609 CNOT1_0 1616 0.003701
1609 CNOT1_3 1616 0.982433
1609 CNOT1_3 1585 0.005856
1609 CNOT1_3 1620 0.005856
1609 CNOT1_3 1609 0.005856
1609 MEAS1 1609 0.988400
1609 MEAS1 1610 0.011600
1609 X0 1617 0.999381
1609 X0 1609 0.000619
1610 CNOT1_0 1610 0.988897
1610 CNOT1_0 1607 0.003701
1610 CNOT1_0 1618 0.003701
1610 CNOT1_0 1615 0.003701
1610 CNOT1_3 1615 0.982433
1610 CNOT1_3 1606 0.005856
1610 CNOT1_3 1619 0.005856
1610 CNOT1_3 1610 0.005856
1610 MEAS1 1609 0.988400
1610 MEAS1 1610 0.011600
1610 X0 1618 0.999381
1610 X0 1610 0.000619
1611 CNOT1_0 1614 0.988897
1611 CNOT1_0 1619 0.003701
1611 CNOT1_0 1606 0.003701
1611 CNOT1_0 1611 0.003701
1611 CNOT1_3 1611 0.982433
1611 CNOT1_3 1618 0.005856
1611 CNOT1_3 1607 0.005856
1611 CNOT1_3 1614 0.005856
1611 MEAS1 1611 0.950200
1611 MEAS1 1612 0.049800
1611 X0 1619 0.999381
1611 X0 1611 0.000619
1612 CNOT1_0 1613 0.988897
1612 CNOT1_0 1620 0.003701
1612 CNOT1_0 1585 0.003701
1612 CNOT1_0 1612 0.003701
1612 CNOT1_3 1612 0.982433
1612 CNOT1_3 1617 0.005856
1612 CNOT1_3 1608 0.005856
1612 CNOT1_3 1613 0.005856
1612 MEAS1 1611 0.950200
1612 MEAS1 1612 0.049800
1612 X0 1620 0.999381
1612 X0 1612 0.000619
1613 CNOT1_0 1612 0.988897
1613 CNOT1_0 1585 0.003701
1613 CNOT1_0 1620 0.003701
1613 CNOT1_0 1613 0.003701
1613 CNOT1_3 1613 0.982433
1613 CNOT1_3 1608 0.005856
1613 CNOT1_3 1617 0.005856
1613 CNOT1_3 1612 0.005856
1613 MEAS1 1613 0.988400
1613 MEAS1 1614 0.011600
1613 X0 1585 0.999381
1613 X0 1613 0.000619
1614 CNOT1_0 1611 0.988897
1614 CNOT1_0 1606 0.003701
1614 CNOT1_0 1619 0.003701
1614 CNOT1_0 1614 0.003701
1614 CNOT1_3 1614 0.982433
1614 CNOT1_3 1607 0.005856
1614 CNOT1_3 1618 0.005856
1614 CNOT1_3 1611 0.005856
1614 MEAS1 1613 0.988400
1614 MEAS1 1614 0.011600
1614 X0 1606 0.999381
1614 X0 1614 0.000619
1615 CNOT1_0 1615 0.988897
1615 CNOT1_0 1618 0.003701
1615 CNOT1_0 1607 0.003701
1615 CNOT1_0 1610 0.003701
1615 CNOT1_3 1610 0.982433
1615 CNOT1_3 1619 0.005856
1615 CNOT1_3 1606 0.005856
1615 CNOT1_3 1615 0.005856
1615 MEAS1 1615 0.950200
1615 MEAS1 1616 0.049800
1615 X0 1607 0.999381
1615 X0 1615 0.000619
1616 CNOT1_0 1616 0.988897
1616 CNOT1_0 1617 0.003701
1616 CNOT1_0 1608 0.003701
1616 CNOT1_0 1609 0.003701
1616 CNOT1_3 1609 0.982433
1616 CNOT1_3 1620 0.005856
1616 CNOT1_3 1585 0.005856
1616 CNOT1_3 1616 0.005856
1616 MEAS1 1615 0.950200
1616 MEAS1 1616 0.049800
1616 X0 1608 0.999381
1616 X0 1616 0.000619
1617 CNOT1_0 1608 0.988897
1617 CNOT1_0 1609 0.003701
1617 CNOT1_0 1616 0.003701
1617 CNOT1_0 1617 0.003701
1617 CNOT1_3 1608 0.982433
1617 CNOT1_3 1613 0.005856
1617 CNOT1_3 1612 0.005856
1617 CNOT1_3 1617 0.005856
1617 MEAS1 1617 0.988400
1617 MEAS1 1618 0.011600
1617 X0 1609 0.999381
1617 X0 1617 0.000619
1618 CNOT1_0 1607 0.988897
1618 CNOT1_0 1610 0.003701
1618 CNOT1_0 1615 0.003701
1618 CNOT1_0 1618 0.003701
1618 CNOT1_3 1607 0.982433
1618 CNOT1_3 1614 0.005856
1618 CNOT1_3 1611 0.005856
1618 CNOT1_3 1618 0.005856
1618 MEAS1 1617 0.988400
1618 MEAS1 1618 0.011600
1618 X0 1610 0.999381
1618 X0 1618 0.000619
1619 CNOT1_0 1619 0.988897
1619 CNOT1_0 1614 0.003701
1619 CNOT1_0 1611 0.003701
1619 CNOT1_0 1606 0.003701
1619 CNOT1_3 1619 0.982433
1619 CNOT1_3 1610 0.005856
1619 CNOT1_3 1615 0.005856
1619 CNOT1_3 1606 0.005856
1619 MEAS1 1619 0.950200
1619 MEAS1 1620 0.049800
1619 X0 1611 0.999381
1619 X0 1619 0.000619
1620 CNOT1_0 1620 0.988897
1620 CNOT1_0 1613 0.003701
1620 CNOT1_0 1612 0.003701
1620 CNOT1_0 1585 0.003701
1620 CNOT1_3 1620 0.982433
1620 CNOT1_3 1609 0.005856
1620 CNOT1_3 1616 0.005856
1620 CNOT1_3 1585 0.005856
1620 MEAS1 1619 0.950200
1620 MEAS1 1620 0.049800
1620 X0 1612 0.999381
1620 X0 1620 0.000619
1621 CNOT1_0 1598 0.987046
1621 CNOT1_0 1629 0.001851
1621 CNOT1_0 1599 0.001851
1621 CNOT1_0 1630 0.001851
1621 CNOT1_0 1601 0.001851
1621 CNOT1_0 1631 0.001851
1621 CNOT1_0 1600 0.001851
1621 CNOT1_0 1632 0.001851
1621 CNOT1_3 1598 0.979506
1621 CNOT1_3 1629 0.002928
1621 CNOT1_3 1599 0.002928
1621 CNOT1_3 1630 0.002928
1621 CNOT1_3 1601 0.002928
1621 CNOT1_3 1631 0.002928
1621 CNOT1_3 1600 0.002928
1621 CNOT1_3 1632 0.002928
1621 MEAS1 1585 0.494200
1621 MEAS1 1606 0.005800
1621 MEAS1 1607 0.475100
1621 MEAS1 1608 0.024900
1621 X0 1625 0.999071
1621 X0 1621 0.000310
1621 X0 1628 0.000310
1621 X0 1624 0.000310
1622 CNOT1_0 1599 0.987046
1622 CNOT1_0 1632 0.001851
1622 CNOT1_0 1598 0.001851
1622 CNOT1_0 1631 0.001851
1622 CNOT1_0 1600 0.001851
1622 CNOT1_0 1630 0.001851
1622 CNOT1_0 1601 0.001851
1622 CNOT1_0 1629 0.001851
1622 CNOT1_3 1629 0.979506
1622 CNOT1_3 1598 0.002928
1622 CNOT1_3 1632 0.002928
1622 CNOT1_3 1600 0.002928
1622 CNOT1_3 1631 0.002928
1622 CNOT1_3 1601 0.002928
1622 CNOT1_3 1630 0.002928
1622 CNOT1_3 1599 0.002928
1622 MEAS1 1609 0.494200
1622 MEAS1 1610 0.005800
1622 MEAS1 1611 0.475100
1622 MEAS1 1612 0.024900
1622 X0 1627 0.999071
1622 X0 1622 0.000310
1622 X0 1623 0.000310
1622 X0 1626 0.000310
1623 CNOT1_0 1601 0.987046
1623 CNOT1_0 1631 0.001851
1623 CNOT1_0 1600 0.001851
1623 CNOT1_0 1632 0.001851
1623 CNOT1_0 1598 0.001851
1623 CNOT1_0 1629 0.001851
1623 CNOT1_0 1599 0.001851
1623 CNOT1_0 1630 0.001851
1623 CNOT1_3 1630 0.979506
1623 CNOT1_3 1600 0.002928
1623 CNOT1_3 1631 0.002928
1623 CNOT1_3 1598 0.002928
1623 CNOT1_3 1632 0.002928
1623 CNOT1_3 1599 0.002928
1623 CNOT1_3 1629 0.002928
1623 CNOT1_3 1601 0.002928
1623 MEAS1 1609 0.494200
1623 MEAS1 1610 0.005800
1623 MEAS1 1611 0.475100
1623 MEAS1 1612 0.024900
1623 X0 1626 0.999071
1623 X0 1623 0.000310
1623 X0 1622 0.000310
1623 X0 1627 0.000310
1624 CNOT1_0 1630 0.987046
1624 CNOT1_0 1600 0.001851
1624 CNOT1_0 1631 0.001851
1624 CNOT1_0 1598 0.001851
1624 CNOT1_0 1632 0.001851
1624 CNOT1_0 1599 0.001851
1624 CNOT1_0 1629 0.001851
1624 CNOT1_0 1601 0.001851
1624 CNOT1_3 1601 0.979506
1624 CNOT1_3 1631 0.002928
1624 CNOT1_3 1600 0.002928
1624 CNOT1_3 1632 0.002928
1624 CNOT1_3 1598 0.002928
1624 CNOT1_3 1629 0.002928
1624 CNOT1_3 1599 0.002928
1624 CNOT1_3 1630 0.002928
1624 MEAS1 1613 0.494200
1624 MEAS1 1614 0.005800
1624 MEAS1 1615 0.475100
1624 MEAS1 1616 0.024900
1624 X0 1628 0.999071
1624 X0 1624 0.000310
1624 X0 1625 0.000310
1624 X0 1621 0.000310
1625 CNOT1_0 1629 0.987046
1625 CNOT1_0 1598 0.001851
1625 CNOT1_0 1632 0.001851
1625 CNOT1_0 1600 0.001851
1625 CNOT1_0 1631 0.001851
1625 CNOT1_0 1601 0.001851
1625 CNOT1_0 1630 0.001851
1625 CNOT1_0 1599 0.001851
1625 CNOT1_3 1599 0.979506
1625 CNOT1_3 1632 0.002928
1625 CNOT1_3 1598 0.002928
1625 CNOT1_3 1631 0.002928
1625 CNOT1_3 1600 0.002928
1625 CNOT1_3 1630 0.002928
1625 CNOT1_3 1601 0.002928
1625 CNOT1_3 1629 0.002928
1625 MEAS1 1613 0.494200
1625 MEAS1 1614 0.005800
1625 MEAS1 1615 0.475100
1625 MEAS1 1616 0.024900
1625 X0 1621 0.999071
1625 X0 1625 0.000310
1625 X0 1624 0.000310
1625 X0 1628 0.000310
1626 CNOT1_0 1631 0.987046
1626 CNOT1_0 1601 0.001851
1626 CNOT1_0 1630 0.001851
1626 CNOT1_0 1599 0.001851
1626 CNOT1_0 1629 0.001851
1626 CNOT1_0 1598 0.001851
1626 CNOT1_0 1632 0.001851
1626 CNOT1_0 1600 0.001851
1626 CNOT1_3 1631 0.979506
1626 CNOT1_3 1601 0.002928
1626 CNOT1_3 1630 0.002928
1626 CNOT1_3 1599 0.002928
1626 CNOT1_3 1629 0.002928
1626 CNOT1_3 1598 0.002928
1626 CNOT1_3 1632 0.002928
1626 CNOT1_3 1600 0.002928
1626 MEAS1 1617 0.494200
1626 MEAS1 1618 0.005800
1626 MEAS1 1619 0.475100
1626 MEAS1 1620 0.024900
1626 X0 1623 0.999071
1626 X0 1626 0.000310
1626 X0 1627 0.000310
1626 X0 1622 0.000310
1627 CNOT1_0 1632 0.987046
1627 CNOT1_0 1599 0.001851
1627 CNOT1_0 1629 0.001851
1627 CNOT1_0 1601 0.001851
1627 CNOT1_0 1630 0.001851
1627 CNOT1_0 1600 0.001851
1627 CNOT1_0 1631 0.001851
1627 CNOT1_0 1598 0.001851
1627 CNOT1_3 1632 0.979506
1627 CNOT1_3 1599 0.002928
1627 CNOT1_3 1629 0.002928
1627 CNOT1_3 1601 0.002928
1627 CNOT1_3 1630 0.002928
1627 CNOT1_3 1600 0.002928
1627 CNOT1_3 1631 0.002928
1627 CNOT1_3 1598 0.002928
1627 MEAS1 1617 0.494200
1627 MEAS1 1618 0.005800
1627 MEAS1 1619 0.475100
1627 MEAS1 1620 0.024900
1627 X0 1622 0.999071
1627 X0 1627 0.000310
1627 X0 1626 0.000310
1627 X0 1623 0.000310
1628 CNOT1_0 1600 0.987046
1628 CNOT1_0 1630 0.001851
1628 CNOT1_0 1601 0.001851
1628 CNOT1_0 1629 0.001851
1628 CNOT1_0 1599 0.001851
1628 CNOT1_0 1632 0.001851
1628 CNOT1_0 1598 0.001851
1628 CNOT1_0 1631 0.001851
1628 CNOT1_3 1600 0.979506
1628 CNOT1_3 1630 0.002928
1628 CNOT1_3 1601 0.002928
1628 CNOT1_3 1629 0.002928
1628 CNOT1_3 1599 0.002928
1628 CNOT1_3 1632 0.002928
1628 CNOT1_3 1598 0.002928
1628 CNOT1_3 1631 0.002928
1628 MEAS1 1585 0.494200
1628 MEAS1 1606 0.005800
1628 MEAS1 1607 0.475100
1628 MEAS1 1608 0.024900
1628 X0 1624 0.999071
1628 X0 1628 0.000310
1628 X0 1621 0.000310
1628 X0 1625 0.000310
1629 CNOT1_0 1625 0.987046
1629 CNOT1_0 1627 0.001851
1629 CNOT1_0 1626 0.001851
1629 CNOT1_0 1628 0.001851
1629 CNOT1_0 1621 0.001851
1629 CNOT1_0 1623 0.001851
1629 CNOT1_0 1622 0.001851
1629 CNOT1_0 1624 0.001851
1629 CNOT1_3 1622 0.979506
1629 CNOT1_3 1627 0.002928
1629 CNOT1_3 1626 0.002928
1629 CNOT1_3 1628 0.002928
1629 CNOT1_3 1621 0.002928
1629 CNOT1_3 1624 0.002928
1629 CNOT1_3 1625 0.002928
1629 CNOT1_3 1623 0.002928
1629 MEAS1 1629 0.950200
1629 MEAS1 1602 0.049800
1629 X0 1632 0.999071
1629 X0 1629 0.000310
1629 X0 1630 0.000310
1629 X0 1631 0.000310
1630 CNOT1_0 1624 0.987046
1630 CNOT1_0 1626 0.001851
1630 CNOT1_0 1627 0.001851
1630 CNOT1_0 1621 0.001851
1630 CNOT1_0 1628 0.001851
1630 CNOT1_0 1622 0.001851
1630 CNOT1_0 1623 0.001851
1630 CNOT1_0 1625 0.001851
1630 CNOT1_3 1623 0.979506
1630 CNOT1_3 1626 0.002928
1630 CNOT1_3 1627 0.002928
1630 CNOT1_3 1621 0.002928
1630 CNOT1_3 1628 0.002928
1630 CNOT1_3 1625 0.002928
1630 CNOT1_3 1624 0.002928
1630 CNOT1_3 1622 0.002928
1630 MEAS1 1630 0.950200
1630 MEAS1 1603 0.049800
1630 X0 1631 0.999071
1630 X0 1630 0.000310
1630 X0 1629 0.000310
1630 X0 1632 0.000310
1631 CNOT1_0 1626 0.987046
1631 CNOT1_0 1624 0.001851
1631 CNOT1_0 1625 0.001851
1631 CNOT1_0 1622 0.001851
1631 CNOT1_0 1623 0.001851
1631 CNOT1_0 1621 0.001851
1631 CNOT1_0 1628 0.001851
1631 CNOT1_0 1627 0.001851
1631 CNOT1_3 1626 0.979506
1631 CNOT1_3 1623 0.002928
1631 CNOT1_3 1622 0.002928
1631 CNOT1_3 1625 0.002928
1631 CNOT1_3 1624 0.002928
1631 CNOT1_3 1621 0.002928
1631 CNOT1_3 1628 0.002928
1631 CNOT1_3 1627 0.002928
1631 MEAS1 1631 0.950200
1631 MEAS1 1604 0.049800
1631 X0 1630 0.999071
1631 X0 1631 0.000310
1631 X0 1632 0.000310
1631 X0 1629 0.000310
1632 CNOT1_0 1627 0.987046
1632 CNOT1_0 1625 0.001851
1632 CNOT1_0 1624 0.001851
1632 CNOT1_0 1623 0.001851
1632 CNOT1_0 1622 0.001851
1632 CNOT1_0 1628 0.001851
1632 CNOT1_0 1621 0.001851
1632 CNOT1_0 1626 0.001851
1632 CNOT1_3 1627 0.979506
1632 CNOT1_3 1622 0.002928
1632 CNOT1_3 1623 0.002928
1632 CNOT1_3 1624 0.002928
1632 CNOT1_3 1625 0.002928
1632 CNOT1_3 1628 0.002928
1632 CNOT1_3 1621 0.002928
1632 CNOT1_3 1626 0.002928
1632 MEAS1 1632 0.950200
1632 MEAS1 1605 0.049800
1632 X0 1629 0.999071
1632 X0 1632 0.000310
1632 X0 1631 0.000310
1632 X0 1630 0.000310
ENDPOMDP
