BEGINPOMDP
INITIALSTATE: 6577
STATES: 6577,6578,6579,6580,6581,6582,6583,6584,6585,6586,6587,6588,6589,6590,6591,6592,6593,6594,6595,6596,6597,6598,6599,6600,6601,6602,6603,6604,6605,6606,6607,6608,6609,6610,6611,6612,6613,6614,6615,6616,6617,6618,6619,6620,6621,6622,6623,6624
TARGETV: 6578,6580,6582,6587,6588,6589,6590,6592,6596,6597,6613,6618,6619,6620,6623,6624
GAMMA: 6577:0,6578:0,6579:0,6580:0,6581:0,6582:0,6583:0,6584:0,6585:0,6586:0,6587:0,6588:0,6589:0,6590:1,6591:1,6592:1,6593:1,6594:0,6595:0,6596:0,6597:0,6598:1,6599:1,6600:0,6601:0,6602:1,6603:1,6604:0,6605:0,6606:1,6607:1,6608:0,6609:0,6610:1,6611:1,6612:0,6613:1,6614:1,6615:1,6616:1,6617:1,6618:1,6619:1,6620:1,6621:1,6622:1,6623:1,6624:1
BEGINACTIONS
CNOT14_11 Instruction.CNOT 11 14
CNOT14_16 Instruction.CNOT 16 14
MEAS14 Instruction.MEAS None 14
X11 Instruction.X None 11
ENDACTIONS
6577 INIT_ 6578 0.250000
6577 INIT_ 6579 0.250000
6577 INIT_ 6580 0.250000
6577 INIT_ 6581 0.250000
6577 CNOT14_11 6577 0.995315
6577 CNOT14_11 6604 0.001562
6577 CNOT14_11 6605 0.001562
6577 CNOT14_11 6612 0.001562
6577 CNOT14_16 6577 0.994888
6577 CNOT14_16 6608 0.001704
6577 CNOT14_16 6601 0.001704
6577 CNOT14_16 6612 0.001704
6577 MEAS14 6577 0.897800
6577 MEAS14 6598 0.102200
6577 X11 6605 0.999751
6577 X11 6577 0.000249
6578 CNOT14_11 6582 0.994534
6578 CNOT14_11 6583 0.000781
6578 CNOT14_11 6584 0.000781
6578 CNOT14_11 6585 0.000781
6578 CNOT14_11 6586 0.000781
6578 CNOT14_11 6587 0.000781
6578 CNOT14_11 6588 0.000781
6578 CNOT14_11 6589 0.000781
6578 CNOT14_16 6582 0.994036
6578 CNOT14_16 6586 0.000852
6578 CNOT14_16 6585 0.000852
6578 CNOT14_16 6584 0.000852
6578 CNOT14_16 6583 0.000852
6578 CNOT14_16 6587 0.000852
6578 CNOT14_16 6588 0.000852
6578 CNOT14_16 6589 0.000852
6578 MEAS14 6578 0.897800
6578 MEAS14 6590 0.102200
6578 X11 6579 0.999627
6578 X11 6578 0.000124
6578 X11 6580 0.000124
6578 X11 6581 0.000124
6579 CNOT14_11 6583 0.994534
6579 CNOT14_11 6582 0.000781
6579 CNOT14_11 6589 0.000781
6579 CNOT14_11 6587 0.000781
6579 CNOT14_11 6588 0.000781
6579 CNOT14_11 6585 0.000781
6579 CNOT14_11 6586 0.000781
6579 CNOT14_11 6584 0.000781
6579 CNOT14_16 6586 0.994036
6579 CNOT14_16 6582 0.000852
6579 CNOT14_16 6589 0.000852
6579 CNOT14_16 6587 0.000852
6579 CNOT14_16 6588 0.000852
6579 CNOT14_16 6584 0.000852
6579 CNOT14_16 6583 0.000852
6579 CNOT14_16 6585 0.000852
6579 MEAS14 6579 0.897800
6579 MEAS14 6591 0.102200
6579 X11 6578 0.999627
6579 X11 6579 0.000124
6579 X11 6581 0.000124
6579 X11 6580 0.000124
6580 CNOT14_11 6589 0.994534
6580 CNOT14_11 6584 0.000781
6580 CNOT14_11 6583 0.000781
6580 CNOT14_11 6586 0.000781
6580 CNOT14_11 6585 0.000781
6580 CNOT14_11 6588 0.000781
6580 CNOT14_11 6587 0.000781
6580 CNOT14_11 6582 0.000781
6580 CNOT14_16 6589 0.994036
6580 CNOT14_16 6585 0.000852
6580 CNOT14_16 6586 0.000852
6580 CNOT14_16 6583 0.000852
6580 CNOT14_16 6584 0.000852
6580 CNOT14_16 6588 0.000852
6580 CNOT14_16 6587 0.000852
6580 CNOT14_16 6582 0.000852
6580 MEAS14 6580 0.897800
6580 MEAS14 6592 0.102200
6580 X11 6581 0.999627
6580 X11 6580 0.000124
6580 X11 6578 0.000124
6580 X11 6579 0.000124
6581 CNOT14_11 6584 0.994534
6581 CNOT14_11 6589 0.000781
6581 CNOT14_11 6582 0.000781
6581 CNOT14_11 6588 0.000781
6581 CNOT14_11 6587 0.000781
6581 CNOT14_11 6586 0.000781
6581 CNOT14_11 6585 0.000781
6581 CNOT14_11 6583 0.000781
6581 CNOT14_16 6585 0.994036
6581 CNOT14_16 6589 0.000852
6581 CNOT14_16 6582 0.000852
6581 CNOT14_16 6588 0.000852
6581 CNOT14_16 6587 0.000852
6581 CNOT14_16 6583 0.000852
6581 CNOT14_16 6584 0.000852
6581 CNOT14_16 6586 0.000852
6581 MEAS14 6581 0.897800
6581 MEAS14 6593 0.102200
6581 X11 6580 0.999627
6581 X11 6581 0.000124
6581 X11 6579 0.000124
6581 X11 6578 0.000124
6582 CNOT14_11 6578 0.994534
6582 CNOT14_11 6594 0.000781
6582 CNOT14_11 6579 0.000781
6582 CNOT14_11 6595 0.000781
6582 CNOT14_11 6581 0.000781
6582 CNOT14_11 6596 0.000781
6582 CNOT14_11 6580 0.000781
6582 CNOT14_11 6597 0.000781
6582 CNOT14_16 6578 0.994036
6582 CNOT14_16 6594 0.000852
6582 CNOT14_16 6579 0.000852
6582 CNOT14_16 6595 0.000852
6582 CNOT14_16 6581 0.000852
6582 CNOT14_16 6596 0.000852
6582 CNOT14_16 6580 0.000852
6582 CNOT14_16 6597 0.000852
6582 MEAS14 6577 0.448900
6582 MEAS14 6598 0.051100
6582 MEAS14 6599 0.449900
6582 MEAS14 6600 0.050100
6582 X11 6586 0.999627
6582 X11 6582 0.000124
6582 X11 6589 0.000124
6582 X11 6585 0.000124
6583 CNOT14_11 6579 0.994534
6583 CNOT14_11 6597 0.000781
6583 CNOT14_11 6578 0.000781
6583 CNOT14_11 6596 0.000781
6583 CNOT14_11 6580 0.000781
6583 CNOT14_11 6595 0.000781
6583 CNOT14_11 6581 0.000781
6583 CNOT14_11 6594 0.000781
6583 CNOT14_16 6594 0.994036
6583 CNOT14_16 6578 0.000852
6583 CNOT14_16 6597 0.000852
6583 CNOT14_16 6580 0.000852
6583 CNOT14_16 6596 0.000852
6583 CNOT14_16 6581 0.000852
6583 CNOT14_16 6595 0.000852
6583 CNOT14_16 6579 0.000852
6583 MEAS14 6601 0.448900
6583 MEAS14 6602 0.051100
6583 MEAS14 6603 0.449900
6583 MEAS14 6604 0.050100
6583 X11 6588 0.999627
6583 X11 6583 0.000124
6583 X11 6584 0.000124
6583 X11 6587 0.000124
6584 CNOT14_11 6581 0.994534
6584 CNOT14_11 6596 0.000781
6584 CNOT14_11 6580 0.000781
6584 CNOT14_11 6597 0.000781
6584 CNOT14_11 6578 0.000781
6584 CNOT14_11 6594 0.000781
6584 CNOT14_11 6579 0.000781
6584 CNOT14_11 6595 0.000781
6584 CNOT14_16 6595 0.994036
6584 CNOT14_16 6580 0.000852
6584 CNOT14_16 6596 0.000852
6584 CNOT14_16 6578 0.000852
6584 CNOT14_16 6597 0.000852
6584 CNOT14_16 6579 0.000852
6584 CNOT14_16 6594 0.000852
6584 CNOT14_16 6581 0.000852
6584 MEAS14 6601 0.448900
6584 MEAS14 6602 0.051100
6584 MEAS14 6603 0.449900
6584 MEAS14 6604 0.050100
6584 X11 6587 0.999627
6584 X11 6584 0.000124
6584 X11 6583 0.000124
6584 X11 6588 0.000124
6585 CNOT14_11 6595 0.994534
6585 CNOT14_11 6580 0.000781
6585 CNOT14_11 6596 0.000781
6585 CNOT14_11 6578 0.000781
6585 CNOT14_11 6597 0.000781
6585 CNOT14_11 6579 0.000781
6585 CNOT14_11 6594 0.000781
6585 CNOT14_11 6581 0.000781
6585 CNOT14_16 6581 0.994036
6585 CNOT14_16 6596 0.000852
6585 CNOT14_16 6580 0.000852
6585 CNOT14_16 6597 0.000852
6585 CNOT14_16 6578 0.000852
6585 CNOT14_16 6594 0.000852
6585 CNOT14_16 6579 0.000852
6585 CNOT14_16 6595 0.000852
6585 MEAS14 6605 0.448900
6585 MEAS14 6606 0.051100
6585 MEAS14 6607 0.449900
6585 MEAS14 6608 0.050100
6585 X11 6589 0.999627
6585 X11 6585 0.000124
6585 X11 6586 0.000124
6585 X11 6582 0.000124
6586 CNOT14_11 6594 0.994534
6586 CNOT14_11 6578 0.000781
6586 CNOT14_11 6597 0.000781
6586 CNOT14_11 6580 0.000781
6586 CNOT14_11 6596 0.000781
6586 CNOT14_11 6581 0.000781
6586 CNOT14_11 6595 0.000781
6586 CNOT14_11 6579 0.000781
6586 CNOT14_16 6579 0.994036
6586 CNOT14_16 6597 0.000852
6586 CNOT14_16 6578 0.000852
6586 CNOT14_16 6596 0.000852
6586 CNOT14_16 6580 0.000852
6586 CNOT14_16 6595 0.000852
6586 CNOT14_16 6581 0.000852
6586 CNOT14_16 6594 0.000852
6586 MEAS14 6605 0.448900
6586 MEAS14 6606 0.051100
6586 MEAS14 6607 0.449900
6586 MEAS14 6608 0.050100
6586 X11 6582 0.999627
6586 X11 6586 0.000124
6586 X11 6585 0.000124
6586 X11 6589 0.000124
6587 CNOT14_11 6596 0.994534
6587 CNOT14_11 6581 0.000781
6587 CNOT14_11 6595 0.000781
6587 CNOT14_11 6579 0.000781
6587 CNOT14_11 6594 0.000781
6587 CNOT14_11 6578 0.000781
6587 CNOT14_11 6597 0.000781
6587 CNOT14_11 6580 0.000781
6587 CNOT14_16 6596 0.994036
6587 CNOT14_16 6581 0.000852
6587 CNOT14_16 6595 0.000852
6587 CNOT14_16 6579 0.000852
6587 CNOT14_16 6594 0.000852
6587 CNOT14_16 6578 0.000852
6587 CNOT14_16 6597 0.000852
6587 CNOT14_16 6580 0.000852
6587 MEAS14 6609 0.448900
6587 MEAS14 6610 0.051100
6587 MEAS14 6611 0.449900
6587 MEAS14 6612 0.050100
6587 X11 6584 0.999627
6587 X11 6587 0.000124
6587 X11 6588 0.000124
6587 X11 6583 0.000124
6588 CNOT14_11 6597 0.994534
6588 CNOT14_11 6579 0.000781
6588 CNOT14_11 6594 0.000781
6588 CNOT14_11 6581 0.000781
6588 CNOT14_11 6595 0.000781
6588 CNOT14_11 6580 0.000781
6588 CNOT14_11 6596 0.000781
6588 CNOT14_11 6578 0.000781
6588 CNOT14_16 6597 0.994036
6588 CNOT14_16 6579 0.000852
6588 CNOT14_16 6594 0.000852
6588 CNOT14_16 6581 0.000852
6588 CNOT14_16 6595 0.000852
6588 CNOT14_16 6580 0.000852
6588 CNOT14_16 6596 0.000852
6588 CNOT14_16 6578 0.000852
6588 MEAS14 6609 0.448900
6588 MEAS14 6610 0.051100
6588 MEAS14 6611 0.449900
6588 MEAS14 6612 0.050100
6588 X11 6583 0.999627
6588 X11 6588 0.000124
6588 X11 6587 0.000124
6588 X11 6584 0.000124
6589 CNOT14_11 6580 0.994534
6589 CNOT14_11 6595 0.000781
6589 CNOT14_11 6581 0.000781
6589 CNOT14_11 6594 0.000781
6589 CNOT14_11 6579 0.000781
6589 CNOT14_11 6597 0.000781
6589 CNOT14_11 6578 0.000781
6589 CNOT14_11 6596 0.000781
6589 CNOT14_16 6580 0.994036
6589 CNOT14_16 6595 0.000852
6589 CNOT14_16 6581 0.000852
6589 CNOT14_16 6594 0.000852
6589 CNOT14_16 6579 0.000852
6589 CNOT14_16 6597 0.000852
6589 CNOT14_16 6578 0.000852
6589 CNOT14_16 6596 0.000852
6589 MEAS14 6577 0.448900
6589 MEAS14 6598 0.051100
6589 MEAS14 6599 0.449900
6589 MEAS14 6600 0.050100
6589 X11 6585 0.999627
6589 X11 6589 0.000124
6589 X11 6582 0.000124
6589 X11 6586 0.000124
6590 CNOT14_11 6613 0.994534
6590 CNOT14_11 6614 0.000781
6590 CNOT14_11 6615 0.000781
6590 CNOT14_11 6616 0.000781
6590 CNOT14_11 6617 0.000781
6590 CNOT14_11 6618 0.000781
6590 CNOT14_11 6619 0.000781
6590 CNOT14_11 6620 0.000781
6590 CNOT14_16 6613 0.994036
6590 CNOT14_16 6617 0.000852
6590 CNOT14_16 6616 0.000852
6590 CNOT14_16 6615 0.000852
6590 CNOT14_16 6614 0.000852
6590 CNOT14_16 6618 0.000852
6590 CNOT14_16 6619 0.000852
6590 CNOT14_16 6620 0.000852
6590 MEAS14 6578 0.897800
6590 MEAS14 6590 0.102200
6590 X11 6591 0.999627
6590 X11 6590 0.000124
6590 X11 6592 0.000124
6590 X11 6593 0.000124
6591 CNOT14_11 6614 0.994534
6591 CNOT14_11 6613 0.000781
6591 CNOT14_11 6620 0.000781
6591 CNOT14_11 6618 0.000781
6591 CNOT14_11 6619 0.000781
6591 CNOT14_11 6616 0.000781
6591 CNOT14_11 6617 0.000781
6591 CNOT14_11 6615 0.000781
6591 CNOT14_16 6617 0.994036
6591 CNOT14_16 6613 0.000852
6591 CNOT14_16 6620 0.000852
6591 CNOT14_16 6618 0.000852
6591 CNOT14_16 6619 0.000852
6591 CNOT14_16 6615 0.000852
6591 CNOT14_16 6614 0.000852
6591 CNOT14_16 6616 0.000852
6591 MEAS14 6579 0.897800
6591 MEAS14 6591 0.102200
6591 X11 6590 0.999627
6591 X11 6591 0.000124
6591 X11 6593 0.000124
6591 X11 6592 0.000124
6592 CNOT14_11 6620 0.994534
6592 CNOT14_11 6615 0.000781
6592 CNOT14_11 6614 0.000781
6592 CNOT14_11 6617 0.000781
6592 CNOT14_11 6616 0.000781
6592 CNOT14_11 6619 0.000781
6592 CNOT14_11 6618 0.000781
6592 CNOT14_11 6613 0.000781
6592 CNOT14_16 6620 0.994036
6592 CNOT14_16 6616 0.000852
6592 CNOT14_16 6617 0.000852
6592 CNOT14_16 6614 0.000852
6592 CNOT14_16 6615 0.000852
6592 CNOT14_16 6619 0.000852
6592 CNOT14_16 6618 0.000852
6592 CNOT14_16 6613 0.000852
6592 MEAS14 6580 0.897800
6592 MEAS14 6592 0.102200
6592 X11 6593 0.999627
6592 X11 6592 0.000124
6592 X11 6590 0.000124
6592 X11 6591 0.000124
6593 CNOT14_11 6615 0.994534
6593 CNOT14_11 6620 0.000781
6593 CNOT14_11 6613 0.000781
6593 CNOT14_11 6619 0.000781
6593 CNOT14_11 6618 0.000781
6593 CNOT14_11 6617 0.000781
6593 CNOT14_11 6616 0.000781
6593 CNOT14_11 6614 0.000781
6593 CNOT14_16 6616 0.994036
6593 CNOT14_16 6620 0.000852
6593 CNOT14_16 6613 0.000852
6593 CNOT14_16 6619 0.000852
6593 CNOT14_16 6618 0.000852
6593 CNOT14_16 6614 0.000852
6593 CNOT14_16 6615 0.000852
6593 CNOT14_16 6617 0.000852
6593 MEAS14 6581 0.897800
6593 MEAS14 6593 0.102200
6593 X11 6592 0.999627
6593 X11 6593 0.000124
6593 X11 6591 0.000124
6593 X11 6590 0.000124
6594 CNOT14_11 6586 0.994534
6594 CNOT14_11 6588 0.000781
6594 CNOT14_11 6587 0.000781
6594 CNOT14_11 6589 0.000781
6594 CNOT14_11 6582 0.000781
6594 CNOT14_11 6584 0.000781
6594 CNOT14_11 6583 0.000781
6594 CNOT14_11 6585 0.000781
6594 CNOT14_16 6583 0.994036
6594 CNOT14_16 6588 0.000852
6594 CNOT14_16 6587 0.000852
6594 CNOT14_16 6589 0.000852
6594 CNOT14_16 6582 0.000852
6594 CNOT14_16 6585 0.000852
6594 CNOT14_16 6586 0.000852
6594 CNOT14_16 6584 0.000852
6594 MEAS14 6621 0.899800
6594 MEAS14 6594 0.100200
6594 X11 6597 0.999627
6594 X11 6594 0.000124
6594 X11 6595 0.000124
6594 X11 6596 0.000124
6595 CNOT14_11 6585 0.994534
6595 CNOT14_11 6587 0.000781
6595 CNOT14_11 6588 0.000781
6595 CNOT14_11 6582 0.000781
6595 CNOT14_11 6589 0.000781
6595 CNOT14_11 6583 0.000781
6595 CNOT14_11 6584 0.000781
6595 CNOT14_11 6586 0.000781
6595 CNOT14_16 6584 0.994036
6595 CNOT14_16 6587 0.000852
6595 CNOT14_16 6588 0.000852
6595 CNOT14_16 6582 0.000852
6595 CNOT14_16 6589 0.000852
6595 CNOT14_16 6586 0.000852
6595 CNOT14_16 6585 0.000852
6595 CNOT14_16 6583 0.000852
6595 MEAS14 6622 0.899800
6595 MEAS14 6595 0.100200
6595 X11 6596 0.999627
6595 X11 6595 0.000124
6595 X11 6594 0.000124
6595 X11 6597 0.000124
6596 CNOT14_11 6587 0.994534
6596 CNOT14_11 6585 0.000781
6596 CNOT14_11 6586 0.000781
6596 CNOT14_11 6583 0.000781
6596 CNOT14_11 6584 0.000781
6596 CNOT14_11 6582 0.000781
6596 CNOT14_11 6589 0.000781
6596 CNOT14_11 6588 0.000781
6596 CNOT14_16 6587 0.994036
6596 CNOT14_16 6584 0.000852
6596 CNOT14_16 6583 0.000852
6596 CNOT14_16 6586 0.000852
6596 CNOT14_16 6585 0.000852
6596 CNOT14_16 6582 0.000852
6596 CNOT14_16 6589 0.000852
6596 CNOT14_16 6588 0.000852
6596 MEAS14 6623 0.899800
6596 MEAS14 6596 0.100200
6596 X11 6595 0.999627
6596 X11 6596 0.000124
6596 X11 6597 0.000124
6596 X11 6594 0.000124
6597 CNOT14_11 6588 0.994534
6597 CNOT14_11 6586 0.000781
6597 CNOT14_11 6585 0.000781
6597 CNOT14_11 6584 0.000781
6597 CNOT14_11 6583 0.000781
6597 CNOT14_11 6589 0.000781
6597 CNOT14_11 6582 0.000781
6597 CNOT14_11 6587 0.000781
6597 CNOT14_16 6588 0.994036
6597 CNOT14_16 6583 0.000852
6597 CNOT14_16 6584 0.000852
6597 CNOT14_16 6585 0.000852
6597 CNOT14_16 6586 0.000852
6597 CNOT14_16 6589 0.000852
6597 CNOT14_16 6582 0.000852
6597 CNOT14_16 6587 0.000852
6597 MEAS14 6624 0.899800
6597 MEAS14 6597 0.100200
6597 X11 6594 0.999627
6597 X11 6597 0.000124
6597 X11 6596 0.000124
6597 X11 6595 0.000124
6598 CNOT14_11 6598 0.995315
6598 CNOT14_11 6603 0.001562
6598 CNOT14_11 6606 0.001562
6598 CNOT14_11 6611 0.001562
6598 CNOT14_16 6598 0.994888
6598 CNOT14_16 6607 0.001704
6598 CNOT14_16 6602 0.001704
6598 CNOT14_16 6611 0.001704
6598 MEAS14 6577 0.897800
6598 MEAS14 6598 0.102200
6598 X11 6606 0.999751
6598 X11 6598 0.000249
6599 CNOT14_11 6610 0.995315
6599 CNOT14_11 6607 0.001562
6599 CNOT14_11 6602 0.001562
6599 CNOT14_11 6599 0.001562
6599 CNOT14_16 6610 0.994888
6599 CNOT14_16 6603 0.001704
6599 CNOT14_16 6606 0.001704
6599 CNOT14_16 6599 0.001704
6599 MEAS14 6599 0.899800
6599 MEAS14 6600 0.100200
6599 X11 6607 0.999751
6599 X11 6599 0.000249
6600 CNOT14_11 6609 0.995315
6600 CNOT14_11 6608 0.001562
6600 CNOT14_11 6601 0.001562
6600 CNOT14_11 6600 0.001562
6600 CNOT14_16 6609 0.994888
6600 CNOT14_16 6604 0.001704
6600 CNOT14_16 6605 0.001704
6600 CNOT14_16 6600 0.001704
6600 MEAS14 6599 0.899800
6600 MEAS14 6600 0.100200
6600 X11 6608 0.999751
6600 X11 6600 0.000249
6601 CNOT14_11 6601 0.995315
6601 CNOT14_11 6600 0.001562
6601 CNOT14_11 6609 0.001562
6601 CNOT14_11 6608 0.001562
6601 CNOT14_16 6608 0.994888
6601 CNOT14_16 6577 0.001704
6601 CNOT14_16 6612 0.001704
6601 CNOT14_16 6601 0.001704
6601 MEAS14 6601 0.897800
6601 MEAS14 6602 0.102200
6601 X11 6609 0.999751
6601 X11 6601 0.000249
6602 CNOT14_11 6602 0.995315
6602 CNOT14_11 6599 0.001562
6602 CNOT14_11 6610 0.001562
6602 CNOT14_11 6607 0.001562
6602 CNOT14_16 6607 0.994888
6602 CNOT14_16 6598 0.001704
6602 CNOT14_16 6611 0.001704
6602 CNOT14_16 6602 0.001704
6602 MEAS14 6601 0.897800
6602 MEAS14 6602 0.102200
6602 X11 6610 0.999751
6602 X11 6602 0.000249
6603 CNOT14_11 6606 0.995315
6603 CNOT14_11 6611 0.001562
6603 CNOT14_11 6598 0.001562
6603 CNOT14_11 6603 0.001562
6603 CNOT14_16 6603 0.994888
6603 CNOT14_16 6610 0.001704
6603 CNOT14_16 6599 0.001704
6603 CNOT14_16 6606 0.001704
6603 MEAS14 6603 0.899800
6603 MEAS14 6604 0.100200
6603 X11 6611 0.999751
6603 X11 6603 0.000249
6604 CNOT14_11 6605 0.995315
6604 CNOT14_11 6612 0.001562
6604 CNOT14_11 6577 0.001562
6604 CNOT14_11 6604 0.001562
6604 CNOT14_16 6604 0.994888
6604 CNOT14_16 6609 0.001704
6604 CNOT14_16 6600 0.001704
6604 CNOT14_16 6605 0.001704
6604 MEAS14 6603 0.899800
6604 MEAS14 6604 0.100200
6604 X11 6612 0.999751
6604 X11 6604 0.000249
6605 CNOT14_11 6604 0.995315
6605 CNOT14_11 6577 0.001562
6605 CNOT14_11 6612 0.001562
6605 CNOT14_11 6605 0.001562
6605 CNOT14_16 6605 0.994888
6605 CNOT14_16 6600 0.001704
6605 CNOT14_16 6609 0.001704
6605 CNOT14_16 6604 0.001704
6605 MEAS14 6605 0.897800
6605 MEAS14 6606 0.102200
6605 X11 6577 0.999751
6605 X11 6605 0.000249
6606 CNOT14_11 6603 0.995315
6606 CNOT14_11 6598 0.001562
6606 CNOT14_11 6611 0.001562
6606 CNOT14_11 6606 0.001562
6606 CNOT14_16 6606 0.994888
6606 CNOT14_16 6599 0.001704
6606 CNOT14_16 6610 0.001704
6606 CNOT14_16 6603 0.001704
6606 MEAS14 6605 0.897800
6606 MEAS14 6606 0.102200
6606 X11 6598 0.999751
6606 X11 6606 0.000249
6607 CNOT14_11 6607 0.995315
6607 CNOT14_11 6610 0.001562
6607 CNOT14_11 6599 0.001562
6607 CNOT14_11 6602 0.001562
6607 CNOT14_16 6602 0.994888
6607 CNOT14_16 6611 0.001704
6607 CNOT14_16 6598 0.001704
6607 CNOT14_16 6607 0.001704
6607 MEAS14 6607 0.899800
6607 MEAS14 6608 0.100200
6607 X11 6599 0.999751
6607 X11 6607 0.000249
6608 CNOT14_11 6608 0.995315
6608 CNOT14_11 6609 0.001562
6608 CNOT14_11 6600 0.001562
6608 CNOT14_11 6601 0.001562
6608 CNOT14_16 6601 0.994888
6608 CNOT14_16 6612 0.001704
6608 CNOT14_16 6577 0.001704
6608 CNOT14_16 6608 0.001704
6608 MEAS14 6607 0.899800
6608 MEAS14 6608 0.100200
6608 X11 6600 0.999751
6608 X11 6608 0.000249
6609 CNOT14_11 6600 0.995315
6609 CNOT14_11 6601 0.001562
6609 CNOT14_11 6608 0.001562
6609 CNOT14_11 6609 0.001562
6609 CNOT14_16 6600 0.994888
6609 CNOT14_16 6605 0.001704
6609 CNOT14_16 6604 0.001704
6609 CNOT14_16 6609 0.001704
6609 MEAS14 6609 0.897800
6609 MEAS14 6610 0.102200
6609 X11 6601 0.999751
6609 X11 6609 0.000249
6610 CNOT14_11 6599 0.995315
6610 CNOT14_11 6602 0.001562
6610 CNOT14_11 6607 0.001562
6610 CNOT14_11 6610 0.001562
6610 CNOT14_16 6599 0.994888
6610 CNOT14_16 6606 0.001704
6610 CNOT14_16 6603 0.001704
6610 CNOT14_16 6610 0.001704
6610 MEAS14 6609 0.897800
6610 MEAS14 6610 0.102200
6610 X11 6602 0.999751
6610 X11 6610 0.000249
6611 CNOT14_11 6611 0.995315
6611 CNOT14_11 6606 0.001562
6611 CNOT14_11 6603 0.001562
6611 CNOT14_11 6598 0.001562
6611 CNOT14_16 6611 0.994888
6611 CNOT14_16 6602 0.001704
6611 CNOT14_16 6607 0.001704
6611 CNOT14_16 6598 0.001704
6611 MEAS14 6611 0.899800
6611 MEAS14 6612 0.100200
6611 X11 6603 0.999751
6611 X11 6611 0.000249
6612 CNOT14_11 6612 0.995315
6612 CNOT14_11 6605 0.001562
6612 CNOT14_11 6604 0.001562
6612 CNOT14_11 6577 0.001562
6612 CNOT14_16 6612 0.994888
6612 CNOT14_16 6601 0.001704
6612 CNOT14_16 6608 0.001704
6612 CNOT14_16 6577 0.001704
6612 MEAS14 6611 0.899800
6612 MEAS14 6612 0.100200
6612 X11 6604 0.999751
6612 X11 6612 0.000249
6613 CNOT14_11 6590 0.994534
6613 CNOT14_11 6621 0.000781
6613 CNOT14_11 6591 0.000781
6613 CNOT14_11 6622 0.000781
6613 CNOT14_11 6593 0.000781
6613 CNOT14_11 6623 0.000781
6613 CNOT14_11 6592 0.000781
6613 CNOT14_11 6624 0.000781
6613 CNOT14_16 6590 0.994036
6613 CNOT14_16 6621 0.000852
6613 CNOT14_16 6591 0.000852
6613 CNOT14_16 6622 0.000852
6613 CNOT14_16 6593 0.000852
6613 CNOT14_16 6623 0.000852
6613 CNOT14_16 6592 0.000852
6613 CNOT14_16 6624 0.000852
6613 MEAS14 6577 0.448900
6613 MEAS14 6598 0.051100
6613 MEAS14 6599 0.449900
6613 MEAS14 6600 0.050100
6613 X11 6617 0.999627
6613 X11 6613 0.000124
6613 X11 6620 0.000124
6613 X11 6616 0.000124
6614 CNOT14_11 6591 0.994534
6614 CNOT14_11 6624 0.000781
6614 CNOT14_11 6590 0.000781
6614 CNOT14_11 6623 0.000781
6614 CNOT14_11 6592 0.000781
6614 CNOT14_11 6622 0.000781
6614 CNOT14_11 6593 0.000781
6614 CNOT14_11 6621 0.000781
6614 CNOT14_16 6621 0.994036
6614 CNOT14_16 6590 0.000852
6614 CNOT14_16 6624 0.000852
6614 CNOT14_16 6592 0.000852
6614 CNOT14_16 6623 0.000852
6614 CNOT14_16 6593 0.000852
6614 CNOT14_16 6622 0.000852
6614 CNOT14_16 6591 0.000852
6614 MEAS14 6601 0.448900
6614 MEAS14 6602 0.051100
6614 MEAS14 6603 0.449900
6614 MEAS14 6604 0.050100
6614 X11 6619 0.999627
6614 X11 6614 0.000124
6614 X11 6615 0.000124
6614 X11 6618 0.000124
6615 CNOT14_11 6593 0.994534
6615 CNOT14_11 6623 0.000781
6615 CNOT14_11 6592 0.000781
6615 CNOT14_11 6624 0.000781
6615 CNOT14_11 6590 0.000781
6615 CNOT14_11 6621 0.000781
6615 CNOT14_11 6591 0.000781
6615 CNOT14_11 6622 0.000781
6615 CNOT14_16 6622 0.994036
6615 CNOT14_16 6592 0.000852
6615 CNOT14_16 6623 0.000852
6615 CNOT14_16 6590 0.000852
6615 CNOT14_16 6624 0.000852
6615 CNOT14_16 6591 0.000852
6615 CNOT14_16 6621 0.000852
6615 CNOT14_16 6593 0.000852
6615 MEAS14 6601 0.448900
6615 MEAS14 6602 0.051100
6615 MEAS14 6603 0.449900
6615 MEAS14 6604 0.050100
6615 X11 6618 0.999627
6615 X11 6615 0.000124
6615 X11 6614 0.000124
6615 X11 6619 0.000124
6616 CNOT14_11 6622 0.994534
6616 CNOT14_11 6592 0.000781
6616 CNOT14_11 6623 0.000781
6616 CNOT14_11 6590 0.000781
6616 CNOT14_11 6624 0.000781
6616 CNOT14_11 6591 0.000781
6616 CNOT14_11 6621 0.000781
6616 CNOT14_11 6593 0.000781
6616 CNOT14_16 6593 0.994036
6616 CNOT14_16 6623 0.000852
6616 CNOT14_16 6592 0.000852
6616 CNOT14_16 6624 0.000852
6616 CNOT14_16 6590 0.000852
6616 CNOT14_16 6621 0.000852
6616 CNOT14_16 6591 0.000852
6616 CNOT14_16 6622 0.000852
6616 MEAS14 6605 0.448900
6616 MEAS14 6606 0.051100
6616 MEAS14 6607 0.449900
6616 MEAS14 6608 0.050100
6616 X11 6620 0.999627
6616 X11 6616 0.000124
6616 X11 6617 0.000124
6616 X11 6613 0.000124
6617 CNOT14_11 6621 0.994534
6617 CNOT14_11 6590 0.000781
6617 CNOT14_11 6624 0.000781
6617 CNOT14_11 6592 0.000781
6617 CNOT14_11 6623 0.000781
6617 CNOT14_11 6593 0.000781
6617 CNOT14_11 6622 0.000781
6617 CNOT14_11 6591 0.000781
6617 CNOT14_16 6591 0.994036
6617 CNOT14_16 6624 0.000852
6617 CNOT14_16 6590 0.000852
6617 CNOT14_16 6623 0.000852
6617 CNOT14_16 6592 0.000852
6617 CNOT14_16 6622 0.000852
6617 CNOT14_16 6593 0.000852
6617 CNOT14_16 6621 0.000852
6617 MEAS14 6605 0.448900
6617 MEAS14 6606 0.051100
6617 MEAS14 6607 0.449900
6617 MEAS14 6608 0.050100
6617 X11 6613 0.999627
6617 X11 6617 0.000124
6617 X11 6616 0.000124
6617 X11 6620 0.000124
6618 CNOT14_11 6623 0.994534
6618 CNOT14_11 6593 0.000781
6618 CNOT14_11 6622 0.000781
6618 CNOT14_11 6591 0.000781
6618 CNOT14_11 6621 0.000781
6618 CNOT14_11 6590 0.000781
6618 CNOT14_11 6624 0.000781
6618 CNOT14_11 6592 0.000781
6618 CNOT14_16 6623 0.994036
6618 CNOT14_16 6593 0.000852
6618 CNOT14_16 6622 0.000852
6618 CNOT14_16 6591 0.000852
6618 CNOT14_16 6621 0.000852
6618 CNOT14_16 6590 0.000852
6618 CNOT14_16 6624 0.000852
6618 CNOT14_16 6592 0.000852
6618 MEAS14 6609 0.448900
6618 MEAS14 6610 0.051100
6618 MEAS14 6611 0.449900
6618 MEAS14 6612 0.050100
6618 X11 6615 0.999627
6618 X11 6618 0.000124
6618 X11 6619 0.000124
6618 X11 6614 0.000124
6619 CNOT14_11 6624 0.994534
6619 CNOT14_11 6591 0.000781
6619 CNOT14_11 6621 0.000781
6619 CNOT14_11 6593 0.000781
6619 CNOT14_11 6622 0.000781
6619 CNOT14_11 6592 0.000781
6619 CNOT14_11 6623 0.000781
6619 CNOT14_11 6590 0.000781
6619 CNOT14_16 6624 0.994036
6619 CNOT14_16 6591 0.000852
6619 CNOT14_16 6621 0.000852
6619 CNOT14_16 6593 0.000852
6619 CNOT14_16 6622 0.000852
6619 CNOT14_16 6592 0.000852
6619 CNOT14_16 6623 0.000852
6619 CNOT14_16 6590 0.000852
6619 MEAS14 6609 0.448900
6619 MEAS14 6610 0.051100
6619 MEAS14 6611 0.449900
6619 MEAS14 6612 0.050100
6619 X11 6614 0.999627
6619 X11 6619 0.000124
6619 X11 6618 0.000124
6619 X11 6615 0.000124
6620 CNOT14_11 6592 0.994534
6620 CNOT14_11 6622 0.000781
6620 CNOT14_11 6593 0.000781
6620 CNOT14_11 6621 0.000781
6620 CNOT14_11 6591 0.000781
6620 CNOT14_11 6624 0.000781
6620 CNOT14_11 6590 0.000781
6620 CNOT14_11 6623 0.000781
6620 CNOT14_16 6592 0.994036
6620 CNOT14_16 6622 0.000852
6620 CNOT14_16 6593 0.000852
6620 CNOT14_16 6621 0.000852
6620 CNOT14_16 6591 0.000852
6620 CNOT14_16 6624 0.000852
6620 CNOT14_16 6590 0.000852
6620 CNOT14_16 6623 0.000852
6620 MEAS14 6577 0.448900
6620 MEAS14 6598 0.051100
6620 MEAS14 6599 0.449900
6620 MEAS14 6600 0.050100
6620 X11 6616 0.999627
6620 X11 6620 0.000124
6620 X11 6613 0.000124
6620 X11 6617 0.000124
6621 CNOT14_11 6617 0.994534
6621 CNOT14_11 6619 0.000781
6621 CNOT14_11 6618 0.000781
6621 CNOT14_11 6620 0.000781
6621 CNOT14_11 6613 0.000781
6621 CNOT14_11 6615 0.000781
6621 CNOT14_11 6614 0.000781
6621 CNOT14_11 6616 0.000781
6621 CNOT14_16 6614 0.994036
6621 CNOT14_16 6619 0.000852
6621 CNOT14_16 6618 0.000852
6621 CNOT14_16 6620 0.000852
6621 CNOT14_16 6613 0.000852
6621 CNOT14_16 6616 0.000852
6621 CNOT14_16 6617 0.000852
6621 CNOT14_16 6615 0.000852
6621 MEAS14 6621 0.899800
6621 MEAS14 6594 0.100200
6621 X11 6624 0.999627
6621 X11 6621 0.000124
6621 X11 6622 0.000124
6621 X11 6623 0.000124
6622 CNOT14_11 6616 0.994534
6622 CNOT14_11 6618 0.000781
6622 CNOT14_11 6619 0.000781
6622 CNOT14_11 6613 0.000781
6622 CNOT14_11 6620 0.000781
6622 CNOT14_11 6614 0.000781
6622 CNOT14_11 6615 0.000781
6622 CNOT14_11 6617 0.000781
6622 CNOT14_16 6615 0.994036
6622 CNOT14_16 6618 0.000852
6622 CNOT14_16 6619 0.000852
6622 CNOT14_16 6613 0.000852
6622 CNOT14_16 6620 0.000852
6622 CNOT14_16 6617 0.000852
6622 CNOT14_16 6616 0.000852
6622 CNOT14_16 6614 0.000852
6622 MEAS14 6622 0.899800
6622 MEAS14 6595 0.100200
6622 X11 6623 0.999627
6622 X11 6622 0.000124
6622 X11 6621 0.000124
6622 X11 6624 0.000124
6623 CNOT14_11 6618 0.994534
6623 CNOT14_11 6616 0.000781
6623 CNOT14_11 6617 0.000781
6623 CNOT14_11 6614 0.000781
6623 CNOT14_11 6615 0.000781
6623 CNOT14_11 6613 0.000781
6623 CNOT14_11 6620 0.000781
6623 CNOT14_11 6619 0.000781
6623 CNOT14_16 6618 0.994036
6623 CNOT14_16 6615 0.000852
6623 CNOT14_16 6614 0.000852
6623 CNOT14_16 6617 0.000852
6623 CNOT14_16 6616 0.000852
6623 CNOT14_16 6613 0.000852
6623 CNOT14_16 6620 0.000852
6623 CNOT14_16 6619 0.000852
6623 MEAS14 6623 0.899800
6623 MEAS14 6596 0.100200
6623 X11 6622 0.999627
6623 X11 6623 0.000124
6623 X11 6624 0.000124
6623 X11 6621 0.000124
6624 CNOT14_11 6619 0.994534
6624 CNOT14_11 6617 0.000781
6624 CNOT14_11 6616 0.000781
6624 CNOT14_11 6615 0.000781
6624 CNOT14_11 6614 0.000781
6624 CNOT14_11 6620 0.000781
6624 CNOT14_11 6613 0.000781
6624 CNOT14_11 6618 0.000781
6624 CNOT14_16 6619 0.994036
6624 CNOT14_16 6614 0.000852
6624 CNOT14_16 6615 0.000852
6624 CNOT14_16 6616 0.000852
6624 CNOT14_16 6617 0.000852
6624 CNOT14_16 6620 0.000852
6624 CNOT14_16 6613 0.000852
6624 CNOT14_16 6618 0.000852
6624 MEAS14 6624 0.899800
6624 MEAS14 6597 0.100200
6624 X11 6621 0.999627
6624 X11 6624 0.000124
6624 X11 6623 0.000124
6624 X11 6622 0.000124
ENDPOMDP
