BEGINPOMDP
INITIALSTATE: 5137
STATES: 5137,5138,5139,5140,5141,5142,5143,5144,5145,5146,5147,5148,5149,5150,5151,5152,5153,5154,5155,5156,5157,5158,5159,5160,5161,5162,5163,5164,5165,5166,5167,5168,5169,5170,5171,5172,5173,5174,5175,5176,5177,5178,5179,5180,5181,5182,5183,5184
TARGETV: 5138,5140,5142,5147,5148,5149,5150,5152,5156,5157,5173,5178,5179,5180,5183,5184
GAMMA: 5137:0,5138:0,5139:0,5140:0,5141:0,5142:0,5143:0,5144:0,5145:0,5146:0,5147:0,5148:0,5149:0,5150:1,5151:1,5152:1,5153:1,5154:0,5155:0,5156:0,5157:0,5158:1,5159:1,5160:0,5161:0,5162:1,5163:1,5164:0,5165:0,5166:1,5167:1,5168:0,5169:0,5170:1,5171:1,5172:0,5173:1,5174:1,5175:1,5176:1,5177:1,5178:1,5179:1,5180:1,5181:1,5182:1,5183:1,5184:1
BEGINACTIONS
CNOT17_18 Instruction.CNOT 18 17
CNOT17_16 Instruction.CNOT 16 17
MEAS17 Instruction.MEAS None 17
X18 Instruction.X None 18
ENDACTIONS
5137 INIT_ 5138 0.250000
5137 INIT_ 5139 0.250000
5137 INIT_ 5140 0.250000
5137 INIT_ 5141 0.250000
5137 CNOT17_18 5137 0.955354
5137 CNOT17_18 5164 0.014882
5137 CNOT17_18 5165 0.014882
5137 CNOT17_18 5172 0.014882
5137 CNOT17_16 5137 0.976740
5137 CNOT17_16 5168 0.007753
5137 CNOT17_16 5161 0.007753
5137 CNOT17_16 5172 0.007753
5137 MEAS17 5137 0.932400
5137 MEAS17 5158 0.067600
5137 X18 5165 0.998365
5137 X18 5137 0.001635
5138 CNOT17_18 5142 0.947913
5138 CNOT17_18 5143 0.007441
5138 CNOT17_18 5144 0.007441
5138 CNOT17_18 5145 0.007441
5138 CNOT17_18 5146 0.007441
5138 CNOT17_18 5147 0.007441
5138 CNOT17_18 5148 0.007441
5138 CNOT17_18 5149 0.007441
5138 CNOT17_16 5142 0.972863
5138 CNOT17_16 5146 0.003877
5138 CNOT17_16 5145 0.003877
5138 CNOT17_16 5144 0.003877
5138 CNOT17_16 5143 0.003877
5138 CNOT17_16 5147 0.003877
5138 CNOT17_16 5148 0.003877
5138 CNOT17_16 5149 0.003877
5138 MEAS17 5138 0.932400
5138 MEAS17 5150 0.067600
5138 X18 5139 0.997547
5138 X18 5138 0.000818
5138 X18 5140 0.000818
5138 X18 5141 0.000818
5139 CNOT17_18 5143 0.947913
5139 CNOT17_18 5142 0.007441
5139 CNOT17_18 5149 0.007441
5139 CNOT17_18 5147 0.007441
5139 CNOT17_18 5148 0.007441
5139 CNOT17_18 5145 0.007441
5139 CNOT17_18 5146 0.007441
5139 CNOT17_18 5144 0.007441
5139 CNOT17_16 5146 0.972863
5139 CNOT17_16 5142 0.003877
5139 CNOT17_16 5149 0.003877
5139 CNOT17_16 5147 0.003877
5139 CNOT17_16 5148 0.003877
5139 CNOT17_16 5144 0.003877
5139 CNOT17_16 5143 0.003877
5139 CNOT17_16 5145 0.003877
5139 MEAS17 5139 0.932400
5139 MEAS17 5151 0.067600
5139 X18 5138 0.997547
5139 X18 5139 0.000818
5139 X18 5141 0.000818
5139 X18 5140 0.000818
5140 CNOT17_18 5149 0.947913
5140 CNOT17_18 5144 0.007441
5140 CNOT17_18 5143 0.007441
5140 CNOT17_18 5146 0.007441
5140 CNOT17_18 5145 0.007441
5140 CNOT17_18 5148 0.007441
5140 CNOT17_18 5147 0.007441
5140 CNOT17_18 5142 0.007441
5140 CNOT17_16 5149 0.972863
5140 CNOT17_16 5145 0.003877
5140 CNOT17_16 5146 0.003877
5140 CNOT17_16 5143 0.003877
5140 CNOT17_16 5144 0.003877
5140 CNOT17_16 5148 0.003877
5140 CNOT17_16 5147 0.003877
5140 CNOT17_16 5142 0.003877
5140 MEAS17 5140 0.932400
5140 MEAS17 5152 0.067600
5140 X18 5141 0.997547
5140 X18 5140 0.000818
5140 X18 5138 0.000818
5140 X18 5139 0.000818
5141 CNOT17_18 5144 0.947913
5141 CNOT17_18 5149 0.007441
5141 CNOT17_18 5142 0.007441
5141 CNOT17_18 5148 0.007441
5141 CNOT17_18 5147 0.007441
5141 CNOT17_18 5146 0.007441
5141 CNOT17_18 5145 0.007441
5141 CNOT17_18 5143 0.007441
5141 CNOT17_16 5145 0.972863
5141 CNOT17_16 5149 0.003877
5141 CNOT17_16 5142 0.003877
5141 CNOT17_16 5148 0.003877
5141 CNOT17_16 5147 0.003877
5141 CNOT17_16 5143 0.003877
5141 CNOT17_16 5144 0.003877
5141 CNOT17_16 5146 0.003877
5141 MEAS17 5141 0.932400
5141 MEAS17 5153 0.067600
5141 X18 5140 0.997547
5141 X18 5141 0.000818
5141 X18 5139 0.000818
5141 X18 5138 0.000818
5142 CNOT17_18 5138 0.947913
5142 CNOT17_18 5154 0.007441
5142 CNOT17_18 5139 0.007441
5142 CNOT17_18 5155 0.007441
5142 CNOT17_18 5141 0.007441
5142 CNOT17_18 5156 0.007441
5142 CNOT17_18 5140 0.007441
5142 CNOT17_18 5157 0.007441
5142 CNOT17_16 5138 0.972863
5142 CNOT17_16 5154 0.003877
5142 CNOT17_16 5139 0.003877
5142 CNOT17_16 5155 0.003877
5142 CNOT17_16 5141 0.003877
5142 CNOT17_16 5156 0.003877
5142 CNOT17_16 5140 0.003877
5142 CNOT17_16 5157 0.003877
5142 MEAS17 5137 0.466200
5142 MEAS17 5158 0.033800
5142 MEAS17 5159 0.465700
5142 MEAS17 5160 0.034300
5142 X18 5146 0.997547
5142 X18 5142 0.000818
5142 X18 5149 0.000818
5142 X18 5145 0.000818
5143 CNOT17_18 5139 0.947913
5143 CNOT17_18 5157 0.007441
5143 CNOT17_18 5138 0.007441
5143 CNOT17_18 5156 0.007441
5143 CNOT17_18 5140 0.007441
5143 CNOT17_18 5155 0.007441
5143 CNOT17_18 5141 0.007441
5143 CNOT17_18 5154 0.007441
5143 CNOT17_16 5154 0.972863
5143 CNOT17_16 5138 0.003877
5143 CNOT17_16 5157 0.003877
5143 CNOT17_16 5140 0.003877
5143 CNOT17_16 5156 0.003877
5143 CNOT17_16 5141 0.003877
5143 CNOT17_16 5155 0.003877
5143 CNOT17_16 5139 0.003877
5143 MEAS17 5161 0.466200
5143 MEAS17 5162 0.033800
5143 MEAS17 5163 0.465700
5143 MEAS17 5164 0.034300
5143 X18 5148 0.997547
5143 X18 5143 0.000818
5143 X18 5144 0.000818
5143 X18 5147 0.000818
5144 CNOT17_18 5141 0.947913
5144 CNOT17_18 5156 0.007441
5144 CNOT17_18 5140 0.007441
5144 CNOT17_18 5157 0.007441
5144 CNOT17_18 5138 0.007441
5144 CNOT17_18 5154 0.007441
5144 CNOT17_18 5139 0.007441
5144 CNOT17_18 5155 0.007441
5144 CNOT17_16 5155 0.972863
5144 CNOT17_16 5140 0.003877
5144 CNOT17_16 5156 0.003877
5144 CNOT17_16 5138 0.003877
5144 CNOT17_16 5157 0.003877
5144 CNOT17_16 5139 0.003877
5144 CNOT17_16 5154 0.003877
5144 CNOT17_16 5141 0.003877
5144 MEAS17 5161 0.466200
5144 MEAS17 5162 0.033800
5144 MEAS17 5163 0.465700
5144 MEAS17 5164 0.034300
5144 X18 5147 0.997547
5144 X18 5144 0.000818
5144 X18 5143 0.000818
5144 X18 5148 0.000818
5145 CNOT17_18 5155 0.947913
5145 CNOT17_18 5140 0.007441
5145 CNOT17_18 5156 0.007441
5145 CNOT17_18 5138 0.007441
5145 CNOT17_18 5157 0.007441
5145 CNOT17_18 5139 0.007441
5145 CNOT17_18 5154 0.007441
5145 CNOT17_18 5141 0.007441
5145 CNOT17_16 5141 0.972863
5145 CNOT17_16 5156 0.003877
5145 CNOT17_16 5140 0.003877
5145 CNOT17_16 5157 0.003877
5145 CNOT17_16 5138 0.003877
5145 CNOT17_16 5154 0.003877
5145 CNOT17_16 5139 0.003877
5145 CNOT17_16 5155 0.003877
5145 MEAS17 5165 0.466200
5145 MEAS17 5166 0.033800
5145 MEAS17 5167 0.465700
5145 MEAS17 5168 0.034300
5145 X18 5149 0.997547
5145 X18 5145 0.000818
5145 X18 5146 0.000818
5145 X18 5142 0.000818
5146 CNOT17_18 5154 0.947913
5146 CNOT17_18 5138 0.007441
5146 CNOT17_18 5157 0.007441
5146 CNOT17_18 5140 0.007441
5146 CNOT17_18 5156 0.007441
5146 CNOT17_18 5141 0.007441
5146 CNOT17_18 5155 0.007441
5146 CNOT17_18 5139 0.007441
5146 CNOT17_16 5139 0.972863
5146 CNOT17_16 5157 0.003877
5146 CNOT17_16 5138 0.003877
5146 CNOT17_16 5156 0.003877
5146 CNOT17_16 5140 0.003877
5146 CNOT17_16 5155 0.003877
5146 CNOT17_16 5141 0.003877
5146 CNOT17_16 5154 0.003877
5146 MEAS17 5165 0.466200
5146 MEAS17 5166 0.033800
5146 MEAS17 5167 0.465700
5146 MEAS17 5168 0.034300
5146 X18 5142 0.997547
5146 X18 5146 0.000818
5146 X18 5145 0.000818
5146 X18 5149 0.000818
5147 CNOT17_18 5156 0.947913
5147 CNOT17_18 5141 0.007441
5147 CNOT17_18 5155 0.007441
5147 CNOT17_18 5139 0.007441
5147 CNOT17_18 5154 0.007441
5147 CNOT17_18 5138 0.007441
5147 CNOT17_18 5157 0.007441
5147 CNOT17_18 5140 0.007441
5147 CNOT17_16 5156 0.972863
5147 CNOT17_16 5141 0.003877
5147 CNOT17_16 5155 0.003877
5147 CNOT17_16 5139 0.003877
5147 CNOT17_16 5154 0.003877
5147 CNOT17_16 5138 0.003877
5147 CNOT17_16 5157 0.003877
5147 CNOT17_16 5140 0.003877
5147 MEAS17 5169 0.466200
5147 MEAS17 5170 0.033800
5147 MEAS17 5171 0.465700
5147 MEAS17 5172 0.034300
5147 X18 5144 0.997547
5147 X18 5147 0.000818
5147 X18 5148 0.000818
5147 X18 5143 0.000818
5148 CNOT17_18 5157 0.947913
5148 CNOT17_18 5139 0.007441
5148 CNOT17_18 5154 0.007441
5148 CNOT17_18 5141 0.007441
5148 CNOT17_18 5155 0.007441
5148 CNOT17_18 5140 0.007441
5148 CNOT17_18 5156 0.007441
5148 CNOT17_18 5138 0.007441
5148 CNOT17_16 5157 0.972863
5148 CNOT17_16 5139 0.003877
5148 CNOT17_16 5154 0.003877
5148 CNOT17_16 5141 0.003877
5148 CNOT17_16 5155 0.003877
5148 CNOT17_16 5140 0.003877
5148 CNOT17_16 5156 0.003877
5148 CNOT17_16 5138 0.003877
5148 MEAS17 5169 0.466200
5148 MEAS17 5170 0.033800
5148 MEAS17 5171 0.465700
5148 MEAS17 5172 0.034300
5148 X18 5143 0.997547
5148 X18 5148 0.000818
5148 X18 5147 0.000818
5148 X18 5144 0.000818
5149 CNOT17_18 5140 0.947913
5149 CNOT17_18 5155 0.007441
5149 CNOT17_18 5141 0.007441
5149 CNOT17_18 5154 0.007441
5149 CNOT17_18 5139 0.007441
5149 CNOT17_18 5157 0.007441
5149 CNOT17_18 5138 0.007441
5149 CNOT17_18 5156 0.007441
5149 CNOT17_16 5140 0.972863
5149 CNOT17_16 5155 0.003877
5149 CNOT17_16 5141 0.003877
5149 CNOT17_16 5154 0.003877
5149 CNOT17_16 5139 0.003877
5149 CNOT17_16 5157 0.003877
5149 CNOT17_16 5138 0.003877
5149 CNOT17_16 5156 0.003877
5149 MEAS17 5137 0.466200
5149 MEAS17 5158 0.033800
5149 MEAS17 5159 0.465700
5149 MEAS17 5160 0.034300
5149 X18 5145 0.997547
5149 X18 5149 0.000818
5149 X18 5142 0.000818
5149 X18 5146 0.000818
5150 CNOT17_18 5173 0.947913
5150 CNOT17_18 5174 0.007441
5150 CNOT17_18 5175 0.007441
5150 CNOT17_18 5176 0.007441
5150 CNOT17_18 5177 0.007441
5150 CNOT17_18 5178 0.007441
5150 CNOT17_18 5179 0.007441
5150 CNOT17_18 5180 0.007441
5150 CNOT17_16 5173 0.972863
5150 CNOT17_16 5177 0.003877
5150 CNOT17_16 5176 0.003877
5150 CNOT17_16 5175 0.003877
5150 CNOT17_16 5174 0.003877
5150 CNOT17_16 5178 0.003877
5150 CNOT17_16 5179 0.003877
5150 CNOT17_16 5180 0.003877
5150 MEAS17 5138 0.932400
5150 MEAS17 5150 0.067600
5150 X18 5151 0.997547
5150 X18 5150 0.000818
5150 X18 5152 0.000818
5150 X18 5153 0.000818
5151 CNOT17_18 5174 0.947913
5151 CNOT17_18 5173 0.007441
5151 CNOT17_18 5180 0.007441
5151 CNOT17_18 5178 0.007441
5151 CNOT17_18 5179 0.007441
5151 CNOT17_18 5176 0.007441
5151 CNOT17_18 5177 0.007441
5151 CNOT17_18 5175 0.007441
5151 CNOT17_16 5177 0.972863
5151 CNOT17_16 5173 0.003877
5151 CNOT17_16 5180 0.003877
5151 CNOT17_16 5178 0.003877
5151 CNOT17_16 5179 0.003877
5151 CNOT17_16 5175 0.003877
5151 CNOT17_16 5174 0.003877
5151 CNOT17_16 5176 0.003877
5151 MEAS17 5139 0.932400
5151 MEAS17 5151 0.067600
5151 X18 5150 0.997547
5151 X18 5151 0.000818
5151 X18 5153 0.000818
5151 X18 5152 0.000818
5152 CNOT17_18 5180 0.947913
5152 CNOT17_18 5175 0.007441
5152 CNOT17_18 5174 0.007441
5152 CNOT17_18 5177 0.007441
5152 CNOT17_18 5176 0.007441
5152 CNOT17_18 5179 0.007441
5152 CNOT17_18 5178 0.007441
5152 CNOT17_18 5173 0.007441
5152 CNOT17_16 5180 0.972863
5152 CNOT17_16 5176 0.003877
5152 CNOT17_16 5177 0.003877
5152 CNOT17_16 5174 0.003877
5152 CNOT17_16 5175 0.003877
5152 CNOT17_16 5179 0.003877
5152 CNOT17_16 5178 0.003877
5152 CNOT17_16 5173 0.003877
5152 MEAS17 5140 0.932400
5152 MEAS17 5152 0.067600
5152 X18 5153 0.997547
5152 X18 5152 0.000818
5152 X18 5150 0.000818
5152 X18 5151 0.000818
5153 CNOT17_18 5175 0.947913
5153 CNOT17_18 5180 0.007441
5153 CNOT17_18 5173 0.007441
5153 CNOT17_18 5179 0.007441
5153 CNOT17_18 5178 0.007441
5153 CNOT17_18 5177 0.007441
5153 CNOT17_18 5176 0.007441
5153 CNOT17_18 5174 0.007441
5153 CNOT17_16 5176 0.972863
5153 CNOT17_16 5180 0.003877
5153 CNOT17_16 5173 0.003877
5153 CNOT17_16 5179 0.003877
5153 CNOT17_16 5178 0.003877
5153 CNOT17_16 5174 0.003877
5153 CNOT17_16 5175 0.003877
5153 CNOT17_16 5177 0.003877
5153 MEAS17 5141 0.932400
5153 MEAS17 5153 0.067600
5153 X18 5152 0.997547
5153 X18 5153 0.000818
5153 X18 5151 0.000818
5153 X18 5150 0.000818
5154 CNOT17_18 5146 0.947913
5154 CNOT17_18 5148 0.007441
5154 CNOT17_18 5147 0.007441
5154 CNOT17_18 5149 0.007441
5154 CNOT17_18 5142 0.007441
5154 CNOT17_18 5144 0.007441
5154 CNOT17_18 5143 0.007441
5154 CNOT17_18 5145 0.007441
5154 CNOT17_16 5143 0.972863
5154 CNOT17_16 5148 0.003877
5154 CNOT17_16 5147 0.003877
5154 CNOT17_16 5149 0.003877
5154 CNOT17_16 5142 0.003877
5154 CNOT17_16 5145 0.003877
5154 CNOT17_16 5146 0.003877
5154 CNOT17_16 5144 0.003877
5154 MEAS17 5181 0.931400
5154 MEAS17 5154 0.068600
5154 X18 5157 0.997547
5154 X18 5154 0.000818
5154 X18 5155 0.000818
5154 X18 5156 0.000818
5155 CNOT17_18 5145 0.947913
5155 CNOT17_18 5147 0.007441
5155 CNOT17_18 5148 0.007441
5155 CNOT17_18 5142 0.007441
5155 CNOT17_18 5149 0.007441
5155 CNOT17_18 5143 0.007441
5155 CNOT17_18 5144 0.007441
5155 CNOT17_18 5146 0.007441
5155 CNOT17_16 5144 0.972863
5155 CNOT17_16 5147 0.003877
5155 CNOT17_16 5148 0.003877
5155 CNOT17_16 5142 0.003877
5155 CNOT17_16 5149 0.003877
5155 CNOT17_16 5146 0.003877
5155 CNOT17_16 5145 0.003877
5155 CNOT17_16 5143 0.003877
5155 MEAS17 5182 0.931400
5155 MEAS17 5155 0.068600
5155 X18 5156 0.997547
5155 X18 5155 0.000818
5155 X18 5154 0.000818
5155 X18 5157 0.000818
5156 CNOT17_18 5147 0.947913
5156 CNOT17_18 5145 0.007441
5156 CNOT17_18 5146 0.007441
5156 CNOT17_18 5143 0.007441
5156 CNOT17_18 5144 0.007441
5156 CNOT17_18 5142 0.007441
5156 CNOT17_18 5149 0.007441
5156 CNOT17_18 5148 0.007441
5156 CNOT17_16 5147 0.972863
5156 CNOT17_16 5144 0.003877
5156 CNOT17_16 5143 0.003877
5156 CNOT17_16 5146 0.003877
5156 CNOT17_16 5145 0.003877
5156 CNOT17_16 5142 0.003877
5156 CNOT17_16 5149 0.003877
5156 CNOT17_16 5148 0.003877
5156 MEAS17 5183 0.931400
5156 MEAS17 5156 0.068600
5156 X18 5155 0.997547
5156 X18 5156 0.000818
5156 X18 5157 0.000818
5156 X18 5154 0.000818
5157 CNOT17_18 5148 0.947913
5157 CNOT17_18 5146 0.007441
5157 CNOT17_18 5145 0.007441
5157 CNOT17_18 5144 0.007441
5157 CNOT17_18 5143 0.007441
5157 CNOT17_18 5149 0.007441
5157 CNOT17_18 5142 0.007441
5157 CNOT17_18 5147 0.007441
5157 CNOT17_16 5148 0.972863
5157 CNOT17_16 5143 0.003877
5157 CNOT17_16 5144 0.003877
5157 CNOT17_16 5145 0.003877
5157 CNOT17_16 5146 0.003877
5157 CNOT17_16 5149 0.003877
5157 CNOT17_16 5142 0.003877
5157 CNOT17_16 5147 0.003877
5157 MEAS17 5184 0.931400
5157 MEAS17 5157 0.068600
5157 X18 5154 0.997547
5157 X18 5157 0.000818
5157 X18 5156 0.000818
5157 X18 5155 0.000818
5158 CNOT17_18 5158 0.955354
5158 CNOT17_18 5163 0.014882
5158 CNOT17_18 5166 0.014882
5158 CNOT17_18 5171 0.014882
5158 CNOT17_16 5158 0.976740
5158 CNOT17_16 5167 0.007753
5158 CNOT17_16 5162 0.007753
5158 CNOT17_16 5171 0.007753
5158 MEAS17 5137 0.932400
5158 MEAS17 5158 0.067600
5158 X18 5166 0.998365
5158 X18 5158 0.001635
5159 CNOT17_18 5170 0.955354
5159 CNOT17_18 5167 0.014882
5159 CNOT17_18 5162 0.014882
5159 CNOT17_18 5159 0.014882
5159 CNOT17_16 5170 0.976740
5159 CNOT17_16 5163 0.007753
5159 CNOT17_16 5166 0.007753
5159 CNOT17_16 5159 0.007753
5159 MEAS17 5159 0.931400
5159 MEAS17 5160 0.068600
5159 X18 5167 0.998365
5159 X18 5159 0.001635
5160 CNOT17_18 5169 0.955354
5160 CNOT17_18 5168 0.014882
5160 CNOT17_18 5161 0.014882
5160 CNOT17_18 5160 0.014882
5160 CNOT17_16 5169 0.976740
5160 CNOT17_16 5164 0.007753
5160 CNOT17_16 5165 0.007753
5160 CNOT17_16 5160 0.007753
5160 MEAS17 5159 0.931400
5160 MEAS17 5160 0.068600
5160 X18 5168 0.998365
5160 X18 5160 0.001635
5161 CNOT17_18 5161 0.955354
5161 CNOT17_18 5160 0.014882
5161 CNOT17_18 5169 0.014882
5161 CNOT17_18 5168 0.014882
5161 CNOT17_16 5168 0.976740
5161 CNOT17_16 5137 0.007753
5161 CNOT17_16 5172 0.007753
5161 CNOT17_16 5161 0.007753
5161 MEAS17 5161 0.932400
5161 MEAS17 5162 0.067600
5161 X18 5169 0.998365
5161 X18 5161 0.001635
5162 CNOT17_18 5162 0.955354
5162 CNOT17_18 5159 0.014882
5162 CNOT17_18 5170 0.014882
5162 CNOT17_18 5167 0.014882
5162 CNOT17_16 5167 0.976740
5162 CNOT17_16 5158 0.007753
5162 CNOT17_16 5171 0.007753
5162 CNOT17_16 5162 0.007753
5162 MEAS17 5161 0.932400
5162 MEAS17 5162 0.067600
5162 X18 5170 0.998365
5162 X18 5162 0.001635
5163 CNOT17_18 5166 0.955354
5163 CNOT17_18 5171 0.014882
5163 CNOT17_18 5158 0.014882
5163 CNOT17_18 5163 0.014882
5163 CNOT17_16 5163 0.976740
5163 CNOT17_16 5170 0.007753
5163 CNOT17_16 5159 0.007753
5163 CNOT17_16 5166 0.007753
5163 MEAS17 5163 0.931400
5163 MEAS17 5164 0.068600
5163 X18 5171 0.998365
5163 X18 5163 0.001635
5164 CNOT17_18 5165 0.955354
5164 CNOT17_18 5172 0.014882
5164 CNOT17_18 5137 0.014882
5164 CNOT17_18 5164 0.014882
5164 CNOT17_16 5164 0.976740
5164 CNOT17_16 5169 0.007753
5164 CNOT17_16 5160 0.007753
5164 CNOT17_16 5165 0.007753
5164 MEAS17 5163 0.931400
5164 MEAS17 5164 0.068600
5164 X18 5172 0.998365
5164 X18 5164 0.001635
5165 CNOT17_18 5164 0.955354
5165 CNOT17_18 5137 0.014882
5165 CNOT17_18 5172 0.014882
5165 CNOT17_18 5165 0.014882
5165 CNOT17_16 5165 0.976740
5165 CNOT17_16 5160 0.007753
5165 CNOT17_16 5169 0.007753
5165 CNOT17_16 5164 0.007753
5165 MEAS17 5165 0.932400
5165 MEAS17 5166 0.067600
5165 X18 5137 0.998365
5165 X18 5165 0.001635
5166 CNOT17_18 5163 0.955354
5166 CNOT17_18 5158 0.014882
5166 CNOT17_18 5171 0.014882
5166 CNOT17_18 5166 0.014882
5166 CNOT17_16 5166 0.976740
5166 CNOT17_16 5159 0.007753
5166 CNOT17_16 5170 0.007753
5166 CNOT17_16 5163 0.007753
5166 MEAS17 5165 0.932400
5166 MEAS17 5166 0.067600
5166 X18 5158 0.998365
5166 X18 5166 0.001635
5167 CNOT17_18 5167 0.955354
5167 CNOT17_18 5170 0.014882
5167 CNOT17_18 5159 0.014882
5167 CNOT17_18 5162 0.014882
5167 CNOT17_16 5162 0.976740
5167 CNOT17_16 5171 0.007753
5167 CNOT17_16 5158 0.007753
5167 CNOT17_16 5167 0.007753
5167 MEAS17 5167 0.931400
5167 MEAS17 5168 0.068600
5167 X18 5159 0.998365
5167 X18 5167 0.001635
5168 CNOT17_18 5168 0.955354
5168 CNOT17_18 5169 0.014882
5168 CNOT17_18 5160 0.014882
5168 CNOT17_18 5161 0.014882
5168 CNOT17_16 5161 0.976740
5168 CNOT17_16 5172 0.007753
5168 CNOT17_16 5137 0.007753
5168 CNOT17_16 5168 0.007753
5168 MEAS17 5167 0.931400
5168 MEAS17 5168 0.068600
5168 X18 5160 0.998365
5168 X18 5168 0.001635
5169 CNOT17_18 5160 0.955354
5169 CNOT17_18 5161 0.014882
5169 CNOT17_18 5168 0.014882
5169 CNOT17_18 5169 0.014882
5169 CNOT17_16 5160 0.976740
5169 CNOT17_16 5165 0.007753
5169 CNOT17_16 5164 0.007753
5169 CNOT17_16 5169 0.007753
5169 MEAS17 5169 0.932400
5169 MEAS17 5170 0.067600
5169 X18 5161 0.998365
5169 X18 5169 0.001635
5170 CNOT17_18 5159 0.955354
5170 CNOT17_18 5162 0.014882
5170 CNOT17_18 5167 0.014882
5170 CNOT17_18 5170 0.014882
5170 CNOT17_16 5159 0.976740
5170 CNOT17_16 5166 0.007753
5170 CNOT17_16 5163 0.007753
5170 CNOT17_16 5170 0.007753
5170 MEAS17 5169 0.932400
5170 MEAS17 5170 0.067600
5170 X18 5162 0.998365
5170 X18 5170 0.001635
5171 CNOT17_18 5171 0.955354
5171 CNOT17_18 5166 0.014882
5171 CNOT17_18 5163 0.014882
5171 CNOT17_18 5158 0.014882
5171 CNOT17_16 5171 0.976740
5171 CNOT17_16 5162 0.007753
5171 CNOT17_16 5167 0.007753
5171 CNOT17_16 5158 0.007753
5171 MEAS17 5171 0.931400
5171 MEAS17 5172 0.068600
5171 X18 5163 0.998365
5171 X18 5171 0.001635
5172 CNOT17_18 5172 0.955354
5172 CNOT17_18 5165 0.014882
5172 CNOT17_18 5164 0.014882
5172 CNOT17_18 5137 0.014882
5172 CNOT17_16 5172 0.976740
5172 CNOT17_16 5161 0.007753
5172 CNOT17_16 5168 0.007753
5172 CNOT17_16 5137 0.007753
5172 MEAS17 5171 0.931400
5172 MEAS17 5172 0.068600
5172 X18 5164 0.998365
5172 X18 5172 0.001635
5173 CNOT17_18 5150 0.947913
5173 CNOT17_18 5181 0.007441
5173 CNOT17_18 5151 0.007441
5173 CNOT17_18 5182 0.007441
5173 CNOT17_18 5153 0.007441
5173 CNOT17_18 5183 0.007441
5173 CNOT17_18 5152 0.007441
5173 CNOT17_18 5184 0.007441
5173 CNOT17_16 5150 0.972863
5173 CNOT17_16 5181 0.003877
5173 CNOT17_16 5151 0.003877
5173 CNOT17_16 5182 0.003877
5173 CNOT17_16 5153 0.003877
5173 CNOT17_16 5183 0.003877
5173 CNOT17_16 5152 0.003877
5173 CNOT17_16 5184 0.003877
5173 MEAS17 5137 0.466200
5173 MEAS17 5158 0.033800
5173 MEAS17 5159 0.465700
5173 MEAS17 5160 0.034300
5173 X18 5177 0.997547
5173 X18 5173 0.000818
5173 X18 5180 0.000818
5173 X18 5176 0.000818
5174 CNOT17_18 5151 0.947913
5174 CNOT17_18 5184 0.007441
5174 CNOT17_18 5150 0.007441
5174 CNOT17_18 5183 0.007441
5174 CNOT17_18 5152 0.007441
5174 CNOT17_18 5182 0.007441
5174 CNOT17_18 5153 0.007441
5174 CNOT17_18 5181 0.007441
5174 CNOT17_16 5181 0.972863
5174 CNOT17_16 5150 0.003877
5174 CNOT17_16 5184 0.003877
5174 CNOT17_16 5152 0.003877
5174 CNOT17_16 5183 0.003877
5174 CNOT17_16 5153 0.003877
5174 CNOT17_16 5182 0.003877
5174 CNOT17_16 5151 0.003877
5174 MEAS17 5161 0.466200
5174 MEAS17 5162 0.033800
5174 MEAS17 5163 0.465700
5174 MEAS17 5164 0.034300
5174 X18 5179 0.997547
5174 X18 5174 0.000818
5174 X18 5175 0.000818
5174 X18 5178 0.000818
5175 CNOT17_18 5153 0.947913
5175 CNOT17_18 5183 0.007441
5175 CNOT17_18 5152 0.007441
5175 CNOT17_18 5184 0.007441
5175 CNOT17_18 5150 0.007441
5175 CNOT17_18 5181 0.007441
5175 CNOT17_18 5151 0.007441
5175 CNOT17_18 5182 0.007441
5175 CNOT17_16 5182 0.972863
5175 CNOT17_16 5152 0.003877
5175 CNOT17_16 5183 0.003877
5175 CNOT17_16 5150 0.003877
5175 CNOT17_16 5184 0.003877
5175 CNOT17_16 5151 0.003877
5175 CNOT17_16 5181 0.003877
5175 CNOT17_16 5153 0.003877
5175 MEAS17 5161 0.466200
5175 MEAS17 5162 0.033800
5175 MEAS17 5163 0.465700
5175 MEAS17 5164 0.034300
5175 X18 5178 0.997547
5175 X18 5175 0.000818
5175 X18 5174 0.000818
5175 X18 5179 0.000818
5176 CNOT17_18 5182 0.947913
5176 CNOT17_18 5152 0.007441
5176 CNOT17_18 5183 0.007441
5176 CNOT17_18 5150 0.007441
5176 CNOT17_18 5184 0.007441
5176 CNOT17_18 5151 0.007441
5176 CNOT17_18 5181 0.007441
5176 CNOT17_18 5153 0.007441
5176 CNOT17_16 5153 0.972863
5176 CNOT17_16 5183 0.003877
5176 CNOT17_16 5152 0.003877
5176 CNOT17_16 5184 0.003877
5176 CNOT17_16 5150 0.003877
5176 CNOT17_16 5181 0.003877
5176 CNOT17_16 5151 0.003877
5176 CNOT17_16 5182 0.003877
5176 MEAS17 5165 0.466200
5176 MEAS17 5166 0.033800
5176 MEAS17 5167 0.465700
5176 MEAS17 5168 0.034300
5176 X18 5180 0.997547
5176 X18 5176 0.000818
5176 X18 5177 0.000818
5176 X18 5173 0.000818
5177 CNOT17_18 5181 0.947913
5177 CNOT17_18 5150 0.007441
5177 CNOT17_18 5184 0.007441
5177 CNOT17_18 5152 0.007441
5177 CNOT17_18 5183 0.007441
5177 CNOT17_18 5153 0.007441
5177 CNOT17_18 5182 0.007441
5177 CNOT17_18 5151 0.007441
5177 CNOT17_16 5151 0.972863
5177 CNOT17_16 5184 0.003877
5177 CNOT17_16 5150 0.003877
5177 CNOT17_16 5183 0.003877
5177 CNOT17_16 5152 0.003877
5177 CNOT17_16 5182 0.003877
5177 CNOT17_16 5153 0.003877
5177 CNOT17_16 5181 0.003877
5177 MEAS17 5165 0.466200
5177 MEAS17 5166 0.033800
5177 MEAS17 5167 0.465700
5177 MEAS17 5168 0.034300
5177 X18 5173 0.997547
5177 X18 5177 0.000818
5177 X18 5176 0.000818
5177 X18 5180 0.000818
5178 CNOT17_18 5183 0.947913
5178 CNOT17_18 5153 0.007441
5178 CNOT17_18 5182 0.007441
5178 CNOT17_18 5151 0.007441
5178 CNOT17_18 5181 0.007441
5178 CNOT17_18 5150 0.007441
5178 CNOT17_18 5184 0.007441
5178 CNOT17_18 5152 0.007441
5178 CNOT17_16 5183 0.972863
5178 CNOT17_16 5153 0.003877
5178 CNOT17_16 5182 0.003877
5178 CNOT17_16 5151 0.003877
5178 CNOT17_16 5181 0.003877
5178 CNOT17_16 5150 0.003877
5178 CNOT17_16 5184 0.003877
5178 CNOT17_16 5152 0.003877
5178 MEAS17 5169 0.466200
5178 MEAS17 5170 0.033800
5178 MEAS17 5171 0.465700
5178 MEAS17 5172 0.034300
5178 X18 5175 0.997547
5178 X18 5178 0.000818
5178 X18 5179 0.000818
5178 X18 5174 0.000818
5179 CNOT17_18 5184 0.947913
5179 CNOT17_18 5151 0.007441
5179 CNOT17_18 5181 0.007441
5179 CNOT17_18 5153 0.007441
5179 CNOT17_18 5182 0.007441
5179 CNOT17_18 5152 0.007441
5179 CNOT17_18 5183 0.007441
5179 CNOT17_18 5150 0.007441
5179 CNOT17_16 5184 0.972863
5179 CNOT17_16 5151 0.003877
5179 CNOT17_16 5181 0.003877
5179 CNOT17_16 5153 0.003877
5179 CNOT17_16 5182 0.003877
5179 CNOT17_16 5152 0.003877
5179 CNOT17_16 5183 0.003877
5179 CNOT17_16 5150 0.003877
5179 MEAS17 5169 0.466200
5179 MEAS17 5170 0.033800
5179 MEAS17 5171 0.465700
5179 MEAS17 5172 0.034300
5179 X18 5174 0.997547
5179 X18 5179 0.000818
5179 X18 5178 0.000818
5179 X18 5175 0.000818
5180 CNOT17_18 5152 0.947913
5180 CNOT17_18 5182 0.007441
5180 CNOT17_18 5153 0.007441
5180 CNOT17_18 5181 0.007441
5180 CNOT17_18 5151 0.007441
5180 CNOT17_18 5184 0.007441
5180 CNOT17_18 5150 0.007441
5180 CNOT17_18 5183 0.007441
5180 CNOT17_16 5152 0.972863
5180 CNOT17_16 5182 0.003877
5180 CNOT17_16 5153 0.003877
5180 CNOT17_16 5181 0.003877
5180 CNOT17_16 5151 0.003877
5180 CNOT17_16 5184 0.003877
5180 CNOT17_16 5150 0.003877
5180 CNOT17_16 5183 0.003877
5180 MEAS17 5137 0.466200
5180 MEAS17 5158 0.033800
5180 MEAS17 5159 0.465700
5180 MEAS17 5160 0.034300
5180 X18 5176 0.997547
5180 X18 5180 0.000818
5180 X18 5173 0.000818
5180 X18 5177 0.000818
5181 CNOT17_18 5177 0.947913
5181 CNOT17_18 5179 0.007441
5181 CNOT17_18 5178 0.007441
5181 CNOT17_18 5180 0.007441
5181 CNOT17_18 5173 0.007441
5181 CNOT17_18 5175 0.007441
5181 CNOT17_18 5174 0.007441
5181 CNOT17_18 5176 0.007441
5181 CNOT17_16 5174 0.972863
5181 CNOT17_16 5179 0.003877
5181 CNOT17_16 5178 0.003877
5181 CNOT17_16 5180 0.003877
5181 CNOT17_16 5173 0.003877
5181 CNOT17_16 5176 0.003877
5181 CNOT17_16 5177 0.003877
5181 CNOT17_16 5175 0.003877
5181 MEAS17 5181 0.931400
5181 MEAS17 5154 0.068600
5181 X18 5184 0.997547
5181 X18 5181 0.000818
5181 X18 5182 0.000818
5181 X18 5183 0.000818
5182 CNOT17_18 5176 0.947913
5182 CNOT17_18 5178 0.007441
5182 CNOT17_18 5179 0.007441
5182 CNOT17_18 5173 0.007441
5182 CNOT17_18 5180 0.007441
5182 CNOT17_18 5174 0.007441
5182 CNOT17_18 5175 0.007441
5182 CNOT17_18 5177 0.007441
5182 CNOT17_16 5175 0.972863
5182 CNOT17_16 5178 0.003877
5182 CNOT17_16 5179 0.003877
5182 CNOT17_16 5173 0.003877
5182 CNOT17_16 5180 0.003877
5182 CNOT17_16 5177 0.003877
5182 CNOT17_16 5176 0.003877
5182 CNOT17_16 5174 0.003877
5182 MEAS17 5182 0.931400
5182 MEAS17 5155 0.068600
5182 X18 5183 0.997547
5182 X18 5182 0.000818
5182 X18 5181 0.000818
5182 X18 5184 0.000818
5183 CNOT17_18 5178 0.947913
5183 CNOT17_18 5176 0.007441
5183 CNOT17_18 5177 0.007441
5183 CNOT17_18 5174 0.007441
5183 CNOT17_18 5175 0.007441
5183 CNOT17_18 5173 0.007441
5183 CNOT17_18 5180 0.007441
5183 CNOT17_18 5179 0.007441
5183 CNOT17_16 5178 0.972863
5183 CNOT17_16 5175 0.003877
5183 CNOT17_16 5174 0.003877
5183 CNOT17_16 5177 0.003877
5183 CNOT17_16 5176 0.003877
5183 CNOT17_16 5173 0.003877
5183 CNOT17_16 5180 0.003877
5183 CNOT17_16 5179 0.003877
5183 MEAS17 5183 0.931400
5183 MEAS17 5156 0.068600
5183 X18 5182 0.997547
5183 X18 5183 0.000818
5183 X18 5184 0.000818
5183 X18 5181 0.000818
5184 CNOT17_18 5179 0.947913
5184 CNOT17_18 5177 0.007441
5184 CNOT17_18 5176 0.007441
5184 CNOT17_18 5175 0.007441
5184 CNOT17_18 5174 0.007441
5184 CNOT17_18 5180 0.007441
5184 CNOT17_18 5173 0.007441
5184 CNOT17_18 5178 0.007441
5184 CNOT17_16 5179 0.972863
5184 CNOT17_16 5174 0.003877
5184 CNOT17_16 5175 0.003877
5184 CNOT17_16 5176 0.003877
5184 CNOT17_16 5177 0.003877
5184 CNOT17_16 5180 0.003877
5184 CNOT17_16 5173 0.003877
5184 CNOT17_16 5178 0.003877
5184 MEAS17 5184 0.931400
5184 MEAS17 5157 0.068600
5184 X18 5181 0.997547
5184 X18 5184 0.000818
5184 X18 5183 0.000818
5184 X18 5182 0.000818
ENDPOMDP
