BEGINPOMDP
INITIALSTATE: 2929
STATES: 2929,2930,2931,2932,2933,2934,2935,2936,2937,2938,2939,2940,2941,2942,2943,2944,2945,2946,2947,2948,2949,2950,2951,2952,2953,2954,2955,2956,2957,2958,2959,2960,2961,2962,2963,2964,2965,2966,2967,2968,2969,2970,2971,2972,2973,2974,2975,2976
TARGETV: 2930,2932,2934,2939,2940,2941,2942,2944,2948,2949,2965,2970,2971,2972,2975,2976
GAMMA: 2929:0,2930:0,2931:0,2932:0,2933:0,2934:0,2935:0,2936:0,2937:0,2938:0,2939:0,2940:0,2941:0,2942:1,2943:1,2944:1,2945:1,2946:0,2947:0,2948:0,2949:0,2950:1,2951:1,2952:0,2953:0,2954:1,2955:1,2956:0,2957:0,2958:1,2959:1,2960:0,2961:0,2962:1,2963:1,2964:0,2965:1,2966:1,2967:1,2968:1,2969:1,2970:1,2971:1,2972:1,2973:1,2974:1,2975:1,2976:1
BEGINACTIONS
CNOT5_3 Instruction.CNOT 3 5
CNOT5_6 Instruction.CNOT 6 5
MEAS5 Instruction.MEAS None 5
X3 Instruction.X None 3
ENDACTIONS
2929 INIT_ 2930 0.250000
2929 INIT_ 2931 0.250000
2929 INIT_ 2932 0.250000
2929 INIT_ 2933 0.250000
2929 CNOT5_3 2929 0.990988
2929 CNOT5_3 2956 0.003004
2929 CNOT5_3 2957 0.003004
2929 CNOT5_3 2964 0.003004
2929 CNOT5_6 2929 0.987291
2929 CNOT5_6 2960 0.004236
2929 CNOT5_6 2953 0.004236
2929 CNOT5_6 2964 0.004236
2929 MEAS5 2929 0.979600
2929 MEAS5 2950 0.020400
2929 X3 2957 0.999705
2929 X3 2929 0.000295
2930 CNOT5_3 2934 0.989485
2930 CNOT5_3 2935 0.001502
2930 CNOT5_3 2936 0.001502
2930 CNOT5_3 2937 0.001502
2930 CNOT5_3 2938 0.001502
2930 CNOT5_3 2939 0.001502
2930 CNOT5_3 2940 0.001502
2930 CNOT5_3 2941 0.001502
2930 CNOT5_6 2934 0.985173
2930 CNOT5_6 2938 0.002118
2930 CNOT5_6 2937 0.002118
2930 CNOT5_6 2936 0.002118
2930 CNOT5_6 2935 0.002118
2930 CNOT5_6 2939 0.002118
2930 CNOT5_6 2940 0.002118
2930 CNOT5_6 2941 0.002118
2930 MEAS5 2930 0.979600
2930 MEAS5 2942 0.020400
2930 X3 2931 0.999558
2930 X3 2930 0.000147
2930 X3 2932 0.000147
2930 X3 2933 0.000147
2931 CNOT5_3 2935 0.989485
2931 CNOT5_3 2934 0.001502
2931 CNOT5_3 2941 0.001502
2931 CNOT5_3 2939 0.001502
2931 CNOT5_3 2940 0.001502
2931 CNOT5_3 2937 0.001502
2931 CNOT5_3 2938 0.001502
2931 CNOT5_3 2936 0.001502
2931 CNOT5_6 2938 0.985173
2931 CNOT5_6 2934 0.002118
2931 CNOT5_6 2941 0.002118
2931 CNOT5_6 2939 0.002118
2931 CNOT5_6 2940 0.002118
2931 CNOT5_6 2936 0.002118
2931 CNOT5_6 2935 0.002118
2931 CNOT5_6 2937 0.002118
2931 MEAS5 2931 0.979600
2931 MEAS5 2943 0.020400
2931 X3 2930 0.999558
2931 X3 2931 0.000147
2931 X3 2933 0.000147
2931 X3 2932 0.000147
2932 CNOT5_3 2941 0.989485
2932 CNOT5_3 2936 0.001502
2932 CNOT5_3 2935 0.001502
2932 CNOT5_3 2938 0.001502
2932 CNOT5_3 2937 0.001502
2932 CNOT5_3 2940 0.001502
2932 CNOT5_3 2939 0.001502
2932 CNOT5_3 2934 0.001502
2932 CNOT5_6 2941 0.985173
2932 CNOT5_6 2937 0.002118
2932 CNOT5_6 2938 0.002118
2932 CNOT5_6 2935 0.002118
2932 CNOT5_6 2936 0.002118
2932 CNOT5_6 2940 0.002118
2932 CNOT5_6 2939 0.002118
2932 CNOT5_6 2934 0.002118
2932 MEAS5 2932 0.979600
2932 MEAS5 2944 0.020400
2932 X3 2933 0.999558
2932 X3 2932 0.000147
2932 X3 2930 0.000147
2932 X3 2931 0.000147
2933 CNOT5_3 2936 0.989485
2933 CNOT5_3 2941 0.001502
2933 CNOT5_3 2934 0.001502
2933 CNOT5_3 2940 0.001502
2933 CNOT5_3 2939 0.001502
2933 CNOT5_3 2938 0.001502
2933 CNOT5_3 2937 0.001502
2933 CNOT5_3 2935 0.001502
2933 CNOT5_6 2937 0.985173
2933 CNOT5_6 2941 0.002118
2933 CNOT5_6 2934 0.002118
2933 CNOT5_6 2940 0.002118
2933 CNOT5_6 2939 0.002118
2933 CNOT5_6 2935 0.002118
2933 CNOT5_6 2936 0.002118
2933 CNOT5_6 2938 0.002118
2933 MEAS5 2933 0.979600
2933 MEAS5 2945 0.020400
2933 X3 2932 0.999558
2933 X3 2933 0.000147
2933 X3 2931 0.000147
2933 X3 2930 0.000147
2934 CNOT5_3 2930 0.989485
2934 CNOT5_3 2946 0.001502
2934 CNOT5_3 2931 0.001502
2934 CNOT5_3 2947 0.001502
2934 CNOT5_3 2933 0.001502
2934 CNOT5_3 2948 0.001502
2934 CNOT5_3 2932 0.001502
2934 CNOT5_3 2949 0.001502
2934 CNOT5_6 2930 0.985173
2934 CNOT5_6 2946 0.002118
2934 CNOT5_6 2931 0.002118
2934 CNOT5_6 2947 0.002118
2934 CNOT5_6 2933 0.002118
2934 CNOT5_6 2948 0.002118
2934 CNOT5_6 2932 0.002118
2934 CNOT5_6 2949 0.002118
2934 MEAS5 2929 0.489800
2934 MEAS5 2950 0.010200
2934 MEAS5 2951 0.489800
2934 MEAS5 2952 0.010200
2934 X3 2938 0.999558
2934 X3 2934 0.000147
2934 X3 2941 0.000147
2934 X3 2937 0.000147
2935 CNOT5_3 2931 0.989485
2935 CNOT5_3 2949 0.001502
2935 CNOT5_3 2930 0.001502
2935 CNOT5_3 2948 0.001502
2935 CNOT5_3 2932 0.001502
2935 CNOT5_3 2947 0.001502
2935 CNOT5_3 2933 0.001502
2935 CNOT5_3 2946 0.001502
2935 CNOT5_6 2946 0.985173
2935 CNOT5_6 2930 0.002118
2935 CNOT5_6 2949 0.002118
2935 CNOT5_6 2932 0.002118
2935 CNOT5_6 2948 0.002118
2935 CNOT5_6 2933 0.002118
2935 CNOT5_6 2947 0.002118
2935 CNOT5_6 2931 0.002118
2935 MEAS5 2953 0.489800
2935 MEAS5 2954 0.010200
2935 MEAS5 2955 0.489800
2935 MEAS5 2956 0.010200
2935 X3 2940 0.999558
2935 X3 2935 0.000147
2935 X3 2936 0.000147
2935 X3 2939 0.000147
2936 CNOT5_3 2933 0.989485
2936 CNOT5_3 2948 0.001502
2936 CNOT5_3 2932 0.001502
2936 CNOT5_3 2949 0.001502
2936 CNOT5_3 2930 0.001502
2936 CNOT5_3 2946 0.001502
2936 CNOT5_3 2931 0.001502
2936 CNOT5_3 2947 0.001502
2936 CNOT5_6 2947 0.985173
2936 CNOT5_6 2932 0.002118
2936 CNOT5_6 2948 0.002118
2936 CNOT5_6 2930 0.002118
2936 CNOT5_6 2949 0.002118
2936 CNOT5_6 2931 0.002118
2936 CNOT5_6 2946 0.002118
2936 CNOT5_6 2933 0.002118
2936 MEAS5 2953 0.489800
2936 MEAS5 2954 0.010200
2936 MEAS5 2955 0.489800
2936 MEAS5 2956 0.010200
2936 X3 2939 0.999558
2936 X3 2936 0.000147
2936 X3 2935 0.000147
2936 X3 2940 0.000147
2937 CNOT5_3 2947 0.989485
2937 CNOT5_3 2932 0.001502
2937 CNOT5_3 2948 0.001502
2937 CNOT5_3 2930 0.001502
2937 CNOT5_3 2949 0.001502
2937 CNOT5_3 2931 0.001502
2937 CNOT5_3 2946 0.001502
2937 CNOT5_3 2933 0.001502
2937 CNOT5_6 2933 0.985173
2937 CNOT5_6 2948 0.002118
2937 CNOT5_6 2932 0.002118
2937 CNOT5_6 2949 0.002118
2937 CNOT5_6 2930 0.002118
2937 CNOT5_6 2946 0.002118
2937 CNOT5_6 2931 0.002118
2937 CNOT5_6 2947 0.002118
2937 MEAS5 2957 0.489800
2937 MEAS5 2958 0.010200
2937 MEAS5 2959 0.489800
2937 MEAS5 2960 0.010200
2937 X3 2941 0.999558
2937 X3 2937 0.000147
2937 X3 2938 0.000147
2937 X3 2934 0.000147
2938 CNOT5_3 2946 0.989485
2938 CNOT5_3 2930 0.001502
2938 CNOT5_3 2949 0.001502
2938 CNOT5_3 2932 0.001502
2938 CNOT5_3 2948 0.001502
2938 CNOT5_3 2933 0.001502
2938 CNOT5_3 2947 0.001502
2938 CNOT5_3 2931 0.001502
2938 CNOT5_6 2931 0.985173
2938 CNOT5_6 2949 0.002118
2938 CNOT5_6 2930 0.002118
2938 CNOT5_6 2948 0.002118
2938 CNOT5_6 2932 0.002118
2938 CNOT5_6 2947 0.002118
2938 CNOT5_6 2933 0.002118
2938 CNOT5_6 2946 0.002118
2938 MEAS5 2957 0.489800
2938 MEAS5 2958 0.010200
2938 MEAS5 2959 0.489800
2938 MEAS5 2960 0.010200
2938 X3 2934 0.999558
2938 X3 2938 0.000147
2938 X3 2937 0.000147
2938 X3 2941 0.000147
2939 CNOT5_3 2948 0.989485
2939 CNOT5_3 2933 0.001502
2939 CNOT5_3 2947 0.001502
2939 CNOT5_3 2931 0.001502
2939 CNOT5_3 2946 0.001502
2939 CNOT5_3 2930 0.001502
2939 CNOT5_3 2949 0.001502
2939 CNOT5_3 2932 0.001502
2939 CNOT5_6 2948 0.985173
2939 CNOT5_6 2933 0.002118
2939 CNOT5_6 2947 0.002118
2939 CNOT5_6 2931 0.002118
2939 CNOT5_6 2946 0.002118
2939 CNOT5_6 2930 0.002118
2939 CNOT5_6 2949 0.002118
2939 CNOT5_6 2932 0.002118
2939 MEAS5 2961 0.489800
2939 MEAS5 2962 0.010200
2939 MEAS5 2963 0.489800
2939 MEAS5 2964 0.010200
2939 X3 2936 0.999558
2939 X3 2939 0.000147
2939 X3 2940 0.000147
2939 X3 2935 0.000147
2940 CNOT5_3 2949 0.989485
2940 CNOT5_3 2931 0.001502
2940 CNOT5_3 2946 0.001502
2940 CNOT5_3 2933 0.001502
2940 CNOT5_3 2947 0.001502
2940 CNOT5_3 2932 0.001502
2940 CNOT5_3 2948 0.001502
2940 CNOT5_3 2930 0.001502
2940 CNOT5_6 2949 0.985173
2940 CNOT5_6 2931 0.002118
2940 CNOT5_6 2946 0.002118
2940 CNOT5_6 2933 0.002118
2940 CNOT5_6 2947 0.002118
2940 CNOT5_6 2932 0.002118
2940 CNOT5_6 2948 0.002118
2940 CNOT5_6 2930 0.002118
2940 MEAS5 2961 0.489800
2940 MEAS5 2962 0.010200
2940 MEAS5 2963 0.489800
2940 MEAS5 2964 0.010200
2940 X3 2935 0.999558
2940 X3 2940 0.000147
2940 X3 2939 0.000147
2940 X3 2936 0.000147
2941 CNOT5_3 2932 0.989485
2941 CNOT5_3 2947 0.001502
2941 CNOT5_3 2933 0.001502
2941 CNOT5_3 2946 0.001502
2941 CNOT5_3 2931 0.001502
2941 CNOT5_3 2949 0.001502
2941 CNOT5_3 2930 0.001502
2941 CNOT5_3 2948 0.001502
2941 CNOT5_6 2932 0.985173
2941 CNOT5_6 2947 0.002118
2941 CNOT5_6 2933 0.002118
2941 CNOT5_6 2946 0.002118
2941 CNOT5_6 2931 0.002118
2941 CNOT5_6 2949 0.002118
2941 CNOT5_6 2930 0.002118
2941 CNOT5_6 2948 0.002118
2941 MEAS5 2929 0.489800
2941 MEAS5 2950 0.010200
2941 MEAS5 2951 0.489800
2941 MEAS5 2952 0.010200
2941 X3 2937 0.999558
2941 X3 2941 0.000147
2941 X3 2934 0.000147
2941 X3 2938 0.000147
2942 CNOT5_3 2965 0.989485
2942 CNOT5_3 2966 0.001502
2942 CNOT5_3 2967 0.001502
2942 CNOT5_3 2968 0.001502
2942 CNOT5_3 2969 0.001502
2942 CNOT5_3 2970 0.001502
2942 CNOT5_3 2971 0.001502
2942 CNOT5_3 2972 0.001502
2942 CNOT5_6 2965 0.985173
2942 CNOT5_6 2969 0.002118
2942 CNOT5_6 2968 0.002118
2942 CNOT5_6 2967 0.002118
2942 CNOT5_6 2966 0.002118
2942 CNOT5_6 2970 0.002118
2942 CNOT5_6 2971 0.002118
2942 CNOT5_6 2972 0.002118
2942 MEAS5 2930 0.979600
2942 MEAS5 2942 0.020400
2942 X3 2943 0.999558
2942 X3 2942 0.000147
2942 X3 2944 0.000147
2942 X3 2945 0.000147
2943 CNOT5_3 2966 0.989485
2943 CNOT5_3 2965 0.001502
2943 CNOT5_3 2972 0.001502
2943 CNOT5_3 2970 0.001502
2943 CNOT5_3 2971 0.001502
2943 CNOT5_3 2968 0.001502
2943 CNOT5_3 2969 0.001502
2943 CNOT5_3 2967 0.001502
2943 CNOT5_6 2969 0.985173
2943 CNOT5_6 2965 0.002118
2943 CNOT5_6 2972 0.002118
2943 CNOT5_6 2970 0.002118
2943 CNOT5_6 2971 0.002118
2943 CNOT5_6 2967 0.002118
2943 CNOT5_6 2966 0.002118
2943 CNOT5_6 2968 0.002118
2943 MEAS5 2931 0.979600
2943 MEAS5 2943 0.020400
2943 X3 2942 0.999558
2943 X3 2943 0.000147
2943 X3 2945 0.000147
2943 X3 2944 0.000147
2944 CNOT5_3 2972 0.989485
2944 CNOT5_3 2967 0.001502
2944 CNOT5_3 2966 0.001502
2944 CNOT5_3 2969 0.001502
2944 CNOT5_3 2968 0.001502
2944 CNOT5_3 2971 0.001502
2944 CNOT5_3 2970 0.001502
2944 CNOT5_3 2965 0.001502
2944 CNOT5_6 2972 0.985173
2944 CNOT5_6 2968 0.002118
2944 CNOT5_6 2969 0.002118
2944 CNOT5_6 2966 0.002118
2944 CNOT5_6 2967 0.002118
2944 CNOT5_6 2971 0.002118
2944 CNOT5_6 2970 0.002118
2944 CNOT5_6 2965 0.002118
2944 MEAS5 2932 0.979600
2944 MEAS5 2944 0.020400
2944 X3 2945 0.999558
2944 X3 2944 0.000147
2944 X3 2942 0.000147
2944 X3 2943 0.000147
2945 CNOT5_3 2967 0.989485
2945 CNOT5_3 2972 0.001502
2945 CNOT5_3 2965 0.001502
2945 CNOT5_3 2971 0.001502
2945 CNOT5_3 2970 0.001502
2945 CNOT5_3 2969 0.001502
2945 CNOT5_3 2968 0.001502
2945 CNOT5_3 2966 0.001502
2945 CNOT5_6 2968 0.985173
2945 CNOT5_6 2972 0.002118
2945 CNOT5_6 2965 0.002118
2945 CNOT5_6 2971 0.002118
2945 CNOT5_6 2970 0.002118
2945 CNOT5_6 2966 0.002118
2945 CNOT5_6 2967 0.002118
2945 CNOT5_6 2969 0.002118
2945 MEAS5 2933 0.979600
2945 MEAS5 2945 0.020400
2945 X3 2944 0.999558
2945 X3 2945 0.000147
2945 X3 2943 0.000147
2945 X3 2942 0.000147
2946 CNOT5_3 2938 0.989485
2946 CNOT5_3 2940 0.001502
2946 CNOT5_3 2939 0.001502
2946 CNOT5_3 2941 0.001502
2946 CNOT5_3 2934 0.001502
2946 CNOT5_3 2936 0.001502
2946 CNOT5_3 2935 0.001502
2946 CNOT5_3 2937 0.001502
2946 CNOT5_6 2935 0.985173
2946 CNOT5_6 2940 0.002118
2946 CNOT5_6 2939 0.002118
2946 CNOT5_6 2941 0.002118
2946 CNOT5_6 2934 0.002118
2946 CNOT5_6 2937 0.002118
2946 CNOT5_6 2938 0.002118
2946 CNOT5_6 2936 0.002118
2946 MEAS5 2973 0.979600
2946 MEAS5 2946 0.020400
2946 X3 2949 0.999558
2946 X3 2946 0.000147
2946 X3 2947 0.000147
2946 X3 2948 0.000147
2947 CNOT5_3 2937 0.989485
2947 CNOT5_3 2939 0.001502
2947 CNOT5_3 2940 0.001502
2947 CNOT5_3 2934 0.001502
2947 CNOT5_3 2941 0.001502
2947 CNOT5_3 2935 0.001502
2947 CNOT5_3 2936 0.001502
2947 CNOT5_3 2938 0.001502
2947 CNOT5_6 2936 0.985173
2947 CNOT5_6 2939 0.002118
2947 CNOT5_6 2940 0.002118
2947 CNOT5_6 2934 0.002118
2947 CNOT5_6 2941 0.002118
2947 CNOT5_6 2938 0.002118
2947 CNOT5_6 2937 0.002118
2947 CNOT5_6 2935 0.002118
2947 MEAS5 2974 0.979600
2947 MEAS5 2947 0.020400
2947 X3 2948 0.999558
2947 X3 2947 0.000147
2947 X3 2946 0.000147
2947 X3 2949 0.000147
2948 CNOT5_3 2939 0.989485
2948 CNOT5_3 2937 0.001502
2948 CNOT5_3 2938 0.001502
2948 CNOT5_3 2935 0.001502
2948 CNOT5_3 2936 0.001502
2948 CNOT5_3 2934 0.001502
2948 CNOT5_3 2941 0.001502
2948 CNOT5_3 2940 0.001502
2948 CNOT5_6 2939 0.985173
2948 CNOT5_6 2936 0.002118
2948 CNOT5_6 2935 0.002118
2948 CNOT5_6 2938 0.002118
2948 CNOT5_6 2937 0.002118
2948 CNOT5_6 2934 0.002118
2948 CNOT5_6 2941 0.002118
2948 CNOT5_6 2940 0.002118
2948 MEAS5 2975 0.979600
2948 MEAS5 2948 0.020400
2948 X3 2947 0.999558
2948 X3 2948 0.000147
2948 X3 2949 0.000147
2948 X3 2946 0.000147
2949 CNOT5_3 2940 0.989485
2949 CNOT5_3 2938 0.001502
2949 CNOT5_3 2937 0.001502
2949 CNOT5_3 2936 0.001502
2949 CNOT5_3 2935 0.001502
2949 CNOT5_3 2941 0.001502
2949 CNOT5_3 2934 0.001502
2949 CNOT5_3 2939 0.001502
2949 CNOT5_6 2940 0.985173
2949 CNOT5_6 2935 0.002118
2949 CNOT5_6 2936 0.002118
2949 CNOT5_6 2937 0.002118
2949 CNOT5_6 2938 0.002118
2949 CNOT5_6 2941 0.002118
2949 CNOT5_6 2934 0.002118
2949 CNOT5_6 2939 0.002118
2949 MEAS5 2976 0.979600
2949 MEAS5 2949 0.020400
2949 X3 2946 0.999558
2949 X3 2949 0.000147
2949 X3 2948 0.000147
2949 X3 2947 0.000147
2950 CNOT5_3 2950 0.990988
2950 CNOT5_3 2955 0.003004
2950 CNOT5_3 2958 0.003004
2950 CNOT5_3 2963 0.003004
2950 CNOT5_6 2950 0.987291
2950 CNOT5_6 2959 0.004236
2950 CNOT5_6 2954 0.004236
2950 CNOT5_6 2963 0.004236
2950 MEAS5 2929 0.979600
2950 MEAS5 2950 0.020400
2950 X3 2958 0.999705
2950 X3 2950 0.000295
2951 CNOT5_3 2962 0.990988
2951 CNOT5_3 2959 0.003004
2951 CNOT5_3 2954 0.003004
2951 CNOT5_3 2951 0.003004
2951 CNOT5_6 2962 0.987291
2951 CNOT5_6 2955 0.004236
2951 CNOT5_6 2958 0.004236
2951 CNOT5_6 2951 0.004236
2951 MEAS5 2951 0.979600
2951 MEAS5 2952 0.020400
2951 X3 2959 0.999705
2951 X3 2951 0.000295
2952 CNOT5_3 2961 0.990988
2952 CNOT5_3 2960 0.003004
2952 CNOT5_3 2953 0.003004
2952 CNOT5_3 2952 0.003004
2952 CNOT5_6 2961 0.987291
2952 CNOT5_6 2956 0.004236
2952 CNOT5_6 2957 0.004236
2952 CNOT5_6 2952 0.004236
2952 MEAS5 2951 0.979600
2952 MEAS5 2952 0.020400
2952 X3 2960 0.999705
2952 X3 2952 0.000295
2953 CNOT5_3 2953 0.990988
2953 CNOT5_3 2952 0.003004
2953 CNOT5_3 2961 0.003004
2953 CNOT5_3 2960 0.003004
2953 CNOT5_6 2960 0.987291
2953 CNOT5_6 2929 0.004236
2953 CNOT5_6 2964 0.004236
2953 CNOT5_6 2953 0.004236
2953 MEAS5 2953 0.979600
2953 MEAS5 2954 0.020400
2953 X3 2961 0.999705
2953 X3 2953 0.000295
2954 CNOT5_3 2954 0.990988
2954 CNOT5_3 2951 0.003004
2954 CNOT5_3 2962 0.003004
2954 CNOT5_3 2959 0.003004
2954 CNOT5_6 2959 0.987291
2954 CNOT5_6 2950 0.004236
2954 CNOT5_6 2963 0.004236
2954 CNOT5_6 2954 0.004236
2954 MEAS5 2953 0.979600
2954 MEAS5 2954 0.020400
2954 X3 2962 0.999705
2954 X3 2954 0.000295
2955 CNOT5_3 2958 0.990988
2955 CNOT5_3 2963 0.003004
2955 CNOT5_3 2950 0.003004
2955 CNOT5_3 2955 0.003004
2955 CNOT5_6 2955 0.987291
2955 CNOT5_6 2962 0.004236
2955 CNOT5_6 2951 0.004236
2955 CNOT5_6 2958 0.004236
2955 MEAS5 2955 0.979600
2955 MEAS5 2956 0.020400
2955 X3 2963 0.999705
2955 X3 2955 0.000295
2956 CNOT5_3 2957 0.990988
2956 CNOT5_3 2964 0.003004
2956 CNOT5_3 2929 0.003004
2956 CNOT5_3 2956 0.003004
2956 CNOT5_6 2956 0.987291
2956 CNOT5_6 2961 0.004236
2956 CNOT5_6 2952 0.004236
2956 CNOT5_6 2957 0.004236
2956 MEAS5 2955 0.979600
2956 MEAS5 2956 0.020400
2956 X3 2964 0.999705
2956 X3 2956 0.000295
2957 CNOT5_3 2956 0.990988
2957 CNOT5_3 2929 0.003004
2957 CNOT5_3 2964 0.003004
2957 CNOT5_3 2957 0.003004
2957 CNOT5_6 2957 0.987291
2957 CNOT5_6 2952 0.004236
2957 CNOT5_6 2961 0.004236
2957 CNOT5_6 2956 0.004236
2957 MEAS5 2957 0.979600
2957 MEAS5 2958 0.020400
2957 X3 2929 0.999705
2957 X3 2957 0.000295
2958 CNOT5_3 2955 0.990988
2958 CNOT5_3 2950 0.003004
2958 CNOT5_3 2963 0.003004
2958 CNOT5_3 2958 0.003004
2958 CNOT5_6 2958 0.987291
2958 CNOT5_6 2951 0.004236
2958 CNOT5_6 2962 0.004236
2958 CNOT5_6 2955 0.004236
2958 MEAS5 2957 0.979600
2958 MEAS5 2958 0.020400
2958 X3 2950 0.999705
2958 X3 2958 0.000295
2959 CNOT5_3 2959 0.990988
2959 CNOT5_3 2962 0.003004
2959 CNOT5_3 2951 0.003004
2959 CNOT5_3 2954 0.003004
2959 CNOT5_6 2954 0.987291
2959 CNOT5_6 2963 0.004236
2959 CNOT5_6 2950 0.004236
2959 CNOT5_6 2959 0.004236
2959 MEAS5 2959 0.979600
2959 MEAS5 2960 0.020400
2959 X3 2951 0.999705
2959 X3 2959 0.000295
2960 CNOT5_3 2960 0.990988
2960 CNOT5_3 2961 0.003004
2960 CNOT5_3 2952 0.003004
2960 CNOT5_3 2953 0.003004
2960 CNOT5_6 2953 0.987291
2960 CNOT5_6 2964 0.004236
2960 CNOT5_6 2929 0.004236
2960 CNOT5_6 2960 0.004236
2960 MEAS5 2959 0.979600
2960 MEAS5 2960 0.020400
2960 X3 2952 0.999705
2960 X3 2960 0.000295
2961 CNOT5_3 2952 0.990988
2961 CNOT5_3 2953 0.003004
2961 CNOT5_3 2960 0.003004
2961 CNOT5_3 2961 0.003004
2961 CNOT5_6 2952 0.987291
2961 CNOT5_6 2957 0.004236
2961 CNOT5_6 2956 0.004236
2961 CNOT5_6 2961 0.004236
2961 MEAS5 2961 0.979600
2961 MEAS5 2962 0.020400
2961 X3 2953 0.999705
2961 X3 2961 0.000295
2962 CNOT5_3 2951 0.990988
2962 CNOT5_3 2954 0.003004
2962 CNOT5_3 2959 0.003004
2962 CNOT5_3 2962 0.003004
2962 CNOT5_6 2951 0.987291
2962 CNOT5_6 2958 0.004236
2962 CNOT5_6 2955 0.004236
2962 CNOT5_6 2962 0.004236
2962 MEAS5 2961 0.979600
2962 MEAS5 2962 0.020400
2962 X3 2954 0.999705
2962 X3 2962 0.000295
2963 CNOT5_3 2963 0.990988
2963 CNOT5_3 2958 0.003004
2963 CNOT5_3 2955 0.003004
2963 CNOT5_3 2950 0.003004
2963 CNOT5_6 2963 0.987291
2963 CNOT5_6 2954 0.004236
2963 CNOT5_6 2959 0.004236
2963 CNOT5_6 2950 0.004236
2963 MEAS5 2963 0.979600
2963 MEAS5 2964 0.020400
2963 X3 2955 0.999705
2963 X3 2963 0.000295
2964 CNOT5_3 2964 0.990988
2964 CNOT5_3 2957 0.003004
2964 CNOT5_3 2956 0.003004
2964 CNOT5_3 2929 0.003004
2964 CNOT5_6 2964 0.987291
2964 CNOT5_6 2953 0.004236
2964 CNOT5_6 2960 0.004236
2964 CNOT5_6 2929 0.004236
2964 MEAS5 2963 0.979600
2964 MEAS5 2964 0.020400
2964 X3 2956 0.999705
2964 X3 2964 0.000295
2965 CNOT5_3 2942 0.989485
2965 CNOT5_3 2973 0.001502
2965 CNOT5_3 2943 0.001502
2965 CNOT5_3 2974 0.001502
2965 CNOT5_3 2945 0.001502
2965 CNOT5_3 2975 0.001502
2965 CNOT5_3 2944 0.001502
2965 CNOT5_3 2976 0.001502
2965 CNOT5_6 2942 0.985173
2965 CNOT5_6 2973 0.002118
2965 CNOT5_6 2943 0.002118
2965 CNOT5_6 2974 0.002118
2965 CNOT5_6 2945 0.002118
2965 CNOT5_6 2975 0.002118
2965 CNOT5_6 2944 0.002118
2965 CNOT5_6 2976 0.002118
2965 MEAS5 2929 0.489800
2965 MEAS5 2950 0.010200
2965 MEAS5 2951 0.489800
2965 MEAS5 2952 0.010200
2965 X3 2969 0.999558
2965 X3 2965 0.000147
2965 X3 2972 0.000147
2965 X3 2968 0.000147
2966 CNOT5_3 2943 0.989485
2966 CNOT5_3 2976 0.001502
2966 CNOT5_3 2942 0.001502
2966 CNOT5_3 2975 0.001502
2966 CNOT5_3 2944 0.001502
2966 CNOT5_3 2974 0.001502
2966 CNOT5_3 2945 0.001502
2966 CNOT5_3 2973 0.001502
2966 CNOT5_6 2973 0.985173
2966 CNOT5_6 2942 0.002118
2966 CNOT5_6 2976 0.002118
2966 CNOT5_6 2944 0.002118
2966 CNOT5_6 2975 0.002118
2966 CNOT5_6 2945 0.002118
2966 CNOT5_6 2974 0.002118
2966 CNOT5_6 2943 0.002118
2966 MEAS5 2953 0.489800
2966 MEAS5 2954 0.010200
2966 MEAS5 2955 0.489800
2966 MEAS5 2956 0.010200
2966 X3 2971 0.999558
2966 X3 2966 0.000147
2966 X3 2967 0.000147
2966 X3 2970 0.000147
2967 CNOT5_3 2945 0.989485
2967 CNOT5_3 2975 0.001502
2967 CNOT5_3 2944 0.001502
2967 CNOT5_3 2976 0.001502
2967 CNOT5_3 2942 0.001502
2967 CNOT5_3 2973 0.001502
2967 CNOT5_3 2943 0.001502
2967 CNOT5_3 2974 0.001502
2967 CNOT5_6 2974 0.985173
2967 CNOT5_6 2944 0.002118
2967 CNOT5_6 2975 0.002118
2967 CNOT5_6 2942 0.002118
2967 CNOT5_6 2976 0.002118
2967 CNOT5_6 2943 0.002118
2967 CNOT5_6 2973 0.002118
2967 CNOT5_6 2945 0.002118
2967 MEAS5 2953 0.489800
2967 MEAS5 2954 0.010200
2967 MEAS5 2955 0.489800
2967 MEAS5 2956 0.010200
2967 X3 2970 0.999558
2967 X3 2967 0.000147
2967 X3 2966 0.000147
2967 X3 2971 0.000147
2968 CNOT5_3 2974 0.989485
2968 CNOT5_3 2944 0.001502
2968 CNOT5_3 2975 0.001502
2968 CNOT5_3 2942 0.001502
2968 CNOT5_3 2976 0.001502
2968 CNOT5_3 2943 0.001502
2968 CNOT5_3 2973 0.001502
2968 CNOT5_3 2945 0.001502
2968 CNOT5_6 2945 0.985173
2968 CNOT5_6 2975 0.002118
2968 CNOT5_6 2944 0.002118
2968 CNOT5_6 2976 0.002118
2968 CNOT5_6 2942 0.002118
2968 CNOT5_6 2973 0.002118
2968 CNOT5_6 2943 0.002118
2968 CNOT5_6 2974 0.002118
2968 MEAS5 2957 0.489800
2968 MEAS5 2958 0.010200
2968 MEAS5 2959 0.489800
2968 MEAS5 2960 0.010200
2968 X3 2972 0.999558
2968 X3 2968 0.000147
2968 X3 2969 0.000147
2968 X3 2965 0.000147
2969 CNOT5_3 2973 0.989485
2969 CNOT5_3 2942 0.001502
2969 CNOT5_3 2976 0.001502
2969 CNOT5_3 2944 0.001502
2969 CNOT5_3 2975 0.001502
2969 CNOT5_3 2945 0.001502
2969 CNOT5_3 2974 0.001502
2969 CNOT5_3 2943 0.001502
2969 CNOT5_6 2943 0.985173
2969 CNOT5_6 2976 0.002118
2969 CNOT5_6 2942 0.002118
2969 CNOT5_6 2975 0.002118
2969 CNOT5_6 2944 0.002118
2969 CNOT5_6 2974 0.002118
2969 CNOT5_6 2945 0.002118
2969 CNOT5_6 2973 0.002118
2969 MEAS5 2957 0.489800
2969 MEAS5 2958 0.010200
2969 MEAS5 2959 0.489800
2969 MEAS5 2960 0.010200
2969 X3 2965 0.999558
2969 X3 2969 0.000147
2969 X3 2968 0.000147
2969 X3 2972 0.000147
2970 CNOT5_3 2975 0.989485
2970 CNOT5_3 2945 0.001502
2970 CNOT5_3 2974 0.001502
2970 CNOT5_3 2943 0.001502
2970 CNOT5_3 2973 0.001502
2970 CNOT5_3 2942 0.001502
2970 CNOT5_3 2976 0.001502
2970 CNOT5_3 2944 0.001502
2970 CNOT5_6 2975 0.985173
2970 CNOT5_6 2945 0.002118
2970 CNOT5_6 2974 0.002118
2970 CNOT5_6 2943 0.002118
2970 CNOT5_6 2973 0.002118
2970 CNOT5_6 2942 0.002118
2970 CNOT5_6 2976 0.002118
2970 CNOT5_6 2944 0.002118
2970 MEAS5 2961 0.489800
2970 MEAS5 2962 0.010200
2970 MEAS5 2963 0.489800
2970 MEAS5 2964 0.010200
2970 X3 2967 0.999558
2970 X3 2970 0.000147
2970 X3 2971 0.000147
2970 X3 2966 0.000147
2971 CNOT5_3 2976 0.989485
2971 CNOT5_3 2943 0.001502
2971 CNOT5_3 2973 0.001502
2971 CNOT5_3 2945 0.001502
2971 CNOT5_3 2974 0.001502
2971 CNOT5_3 2944 0.001502
2971 CNOT5_3 2975 0.001502
2971 CNOT5_3 2942 0.001502
2971 CNOT5_6 2976 0.985173
2971 CNOT5_6 2943 0.002118
2971 CNOT5_6 2973 0.002118
2971 CNOT5_6 2945 0.002118
2971 CNOT5_6 2974 0.002118
2971 CNOT5_6 2944 0.002118
2971 CNOT5_6 2975 0.002118
2971 CNOT5_6 2942 0.002118
2971 MEAS5 2961 0.489800
2971 MEAS5 2962 0.010200
2971 MEAS5 2963 0.489800
2971 MEAS5 2964 0.010200
2971 X3 2966 0.999558
2971 X3 2971 0.000147
2971 X3 2970 0.000147
2971 X3 2967 0.000147
2972 CNOT5_3 2944 0.989485
2972 CNOT5_3 2974 0.001502
2972 CNOT5_3 2945 0.001502
2972 CNOT5_3 2973 0.001502
2972 CNOT5_3 2943 0.001502
2972 CNOT5_3 2976 0.001502
2972 CNOT5_3 2942 0.001502
2972 CNOT5_3 2975 0.001502
2972 CNOT5_6 2944 0.985173
2972 CNOT5_6 2974 0.002118
2972 CNOT5_6 2945 0.002118
2972 CNOT5_6 2973 0.002118
2972 CNOT5_6 2943 0.002118
2972 CNOT5_6 2976 0.002118
2972 CNOT5_6 2942 0.002118
2972 CNOT5_6 2975 0.002118
2972 MEAS5 2929 0.489800
2972 MEAS5 2950 0.010200
2972 MEAS5 2951 0.489800
2972 MEAS5 2952 0.010200
2972 X3 2968 0.999558
2972 X3 2972 0.000147
2972 X3 2965 0.000147
2972 X3 2969 0.000147
2973 CNOT5_3 2969 0.989485
2973 CNOT5_3 2971 0.001502
2973 CNOT5_3 2970 0.001502
2973 CNOT5_3 2972 0.001502
2973 CNOT5_3 2965 0.001502
2973 CNOT5_3 2967 0.001502
2973 CNOT5_3 2966 0.001502
2973 CNOT5_3 2968 0.001502
2973 CNOT5_6 2966 0.985173
2973 CNOT5_6 2971 0.002118
2973 CNOT5_6 2970 0.002118
2973 CNOT5_6 2972 0.002118
2973 CNOT5_6 2965 0.002118
2973 CNOT5_6 2968 0.002118
2973 CNOT5_6 2969 0.002118
2973 CNOT5_6 2967 0.002118
2973 MEAS5 2973 0.979600
2973 MEAS5 2946 0.020400
2973 X3 2976 0.999558
2973 X3 2973 0.000147
2973 X3 2974 0.000147
2973 X3 2975 0.000147
2974 CNOT5_3 2968 0.989485
2974 CNOT5_3 2970 0.001502
2974 CNOT5_3 2971 0.001502
2974 CNOT5_3 2965 0.001502
2974 CNOT5_3 2972 0.001502
2974 CNOT5_3 2966 0.001502
2974 CNOT5_3 2967 0.001502
2974 CNOT5_3 2969 0.001502
2974 CNOT5_6 2967 0.985173
2974 CNOT5_6 2970 0.002118
2974 CNOT5_6 2971 0.002118
2974 CNOT5_6 2965 0.002118
2974 CNOT5_6 2972 0.002118
2974 CNOT5_6 2969 0.002118
2974 CNOT5_6 2968 0.002118
2974 CNOT5_6 2966 0.002118
2974 MEAS5 2974 0.979600
2974 MEAS5 2947 0.020400
2974 X3 2975 0.999558
2974 X3 2974 0.000147
2974 X3 2973 0.000147
2974 X3 2976 0.000147
2975 CNOT5_3 2970 0.989485
2975 CNOT5_3 2968 0.001502
2975 CNOT5_3 2969 0.001502
2975 CNOT5_3 2966 0.001502
2975 CNOT5_3 2967 0.001502
2975 CNOT5_3 2965 0.001502
2975 CNOT5_3 2972 0.001502
2975 CNOT5_3 2971 0.001502
2975 CNOT5_6 2970 0.985173
2975 CNOT5_6 2967 0.002118
2975 CNOT5_6 2966 0.002118
2975 CNOT5_6 2969 0.002118
2975 CNOT5_6 2968 0.002118
2975 CNOT5_6 2965 0.002118
2975 CNOT5_6 2972 0.002118
2975 CNOT5_6 2971 0.002118
2975 MEAS5 2975 0.979600
2975 MEAS5 2948 0.020400
2975 X3 2974 0.999558
2975 X3 2975 0.000147
2975 X3 2976 0.000147
2975 X3 2973 0.000147
2976 CNOT5_3 2971 0.989485
2976 CNOT5_3 2969 0.001502
2976 CNOT5_3 2968 0.001502
2976 CNOT5_3 2967 0.001502
2976 CNOT5_3 2966 0.001502
2976 CNOT5_3 2972 0.001502
2976 CNOT5_3 2965 0.001502
2976 CNOT5_3 2970 0.001502
2976 CNOT5_6 2971 0.985173
2976 CNOT5_6 2966 0.002118
2976 CNOT5_6 2967 0.002118
2976 CNOT5_6 2968 0.002118
2976 CNOT5_6 2969 0.002118
2976 CNOT5_6 2972 0.002118
2976 CNOT5_6 2965 0.002118
2976 CNOT5_6 2970 0.002118
2976 MEAS5 2976 0.979600
2976 MEAS5 2949 0.020400
2976 X3 2973 0.999558
2976 X3 2976 0.000147
2976 X3 2975 0.000147
2976 X3 2974 0.000147
ENDPOMDP
