BEGINPOMDP
INITIALSTATE: 1681
STATES: 1681,1682,1683,1684,1685,1686,1687,1688,1689,1690,1691,1692,1693,1694,1695,1696,1697,1698,1699,1700,1701,1702,1703,1704,1705,1706,1707,1708,1709,1710,1711,1712,1713,1714,1715,1716,1717,1718,1719,1720,1721,1722,1723,1724,1725,1726,1727,1728
TARGETV: 1682,1684,1686,1691,1692,1693,1694,1696,1700,1701,1717,1722,1723,1724,1727,1728
GAMMA: 1681:0,1682:0,1683:0,1684:0,1685:0,1686:0,1687:0,1688:0,1689:0,1690:0,1691:0,1692:0,1693:0,1694:1,1695:1,1696:1,1697:1,1698:0,1699:0,1700:0,1701:0,1702:1,1703:1,1704:0,1705:0,1706:1,1707:1,1708:0,1709:0,1710:1,1711:1,1712:0,1713:0,1714:1,1715:1,1716:0,1717:1,1718:1,1719:1,1720:1,1721:1,1722:1,1723:1,1724:1,1725:1,1726:1,1727:1,1728:1
BEGINACTIONS
CNOT1_0 Instruction.CNOT 0 1
CNOT1_3 Instruction.CNOT 3 1
MEAS1 Instruction.MEAS None 1
X0 Instruction.X None 0
ENDACTIONS
1681 INIT_ 1682 0.250000
1681 INIT_ 1683 0.250000
1681 INIT_ 1684 0.250000
1681 INIT_ 1685 0.250000
1681 CNOT1_0 1681 0.987988
1681 CNOT1_0 1708 0.004004
1681 CNOT1_0 1709 0.004004
1681 CNOT1_0 1716 0.004004
1681 CNOT1_3 1681 0.990703
1681 CNOT1_3 1712 0.003099
1681 CNOT1_3 1705 0.003099
1681 CNOT1_3 1716 0.003099
1681 MEAS1 1681 0.990400
1681 MEAS1 1702 0.009600
1681 X0 1709 0.999586
1681 X0 1681 0.000414
1682 CNOT1_0 1686 0.985985
1682 CNOT1_0 1687 0.002002
1682 CNOT1_0 1688 0.002002
1682 CNOT1_0 1689 0.002002
1682 CNOT1_0 1690 0.002002
1682 CNOT1_0 1691 0.002002
1682 CNOT1_0 1692 0.002002
1682 CNOT1_0 1693 0.002002
1682 CNOT1_3 1686 0.989153
1682 CNOT1_3 1690 0.001550
1682 CNOT1_3 1689 0.001550
1682 CNOT1_3 1688 0.001550
1682 CNOT1_3 1687 0.001550
1682 CNOT1_3 1691 0.001550
1682 CNOT1_3 1692 0.001550
1682 CNOT1_3 1693 0.001550
1682 MEAS1 1682 0.990400
1682 MEAS1 1694 0.009600
1682 X0 1683 0.999380
1682 X0 1682 0.000207
1682 X0 1684 0.000207
1682 X0 1685 0.000207
1683 CNOT1_0 1687 0.985985
1683 CNOT1_0 1686 0.002002
1683 CNOT1_0 1693 0.002002
1683 CNOT1_0 1691 0.002002
1683 CNOT1_0 1692 0.002002
1683 CNOT1_0 1689 0.002002
1683 CNOT1_0 1690 0.002002
1683 CNOT1_0 1688 0.002002
1683 CNOT1_3 1690 0.989153
1683 CNOT1_3 1686 0.001550
1683 CNOT1_3 1693 0.001550
1683 CNOT1_3 1691 0.001550
1683 CNOT1_3 1692 0.001550
1683 CNOT1_3 1688 0.001550
1683 CNOT1_3 1687 0.001550
1683 CNOT1_3 1689 0.001550
1683 MEAS1 1683 0.990400
1683 MEAS1 1695 0.009600
1683 X0 1682 0.999380
1683 X0 1683 0.000207
1683 X0 1685 0.000207
1683 X0 1684 0.000207
1684 CNOT1_0 1693 0.985985
1684 CNOT1_0 1688 0.002002
1684 CNOT1_0 1687 0.002002
1684 CNOT1_0 1690 0.002002
1684 CNOT1_0 1689 0.002002
1684 CNOT1_0 1692 0.002002
1684 CNOT1_0 1691 0.002002
1684 CNOT1_0 1686 0.002002
1684 CNOT1_3 1693 0.989153
1684 CNOT1_3 1689 0.001550
1684 CNOT1_3 1690 0.001550
1684 CNOT1_3 1687 0.001550
1684 CNOT1_3 1688 0.001550
1684 CNOT1_3 1692 0.001550
1684 CNOT1_3 1691 0.001550
1684 CNOT1_3 1686 0.001550
1684 MEAS1 1684 0.990400
1684 MEAS1 1696 0.009600
1684 X0 1685 0.999380
1684 X0 1684 0.000207
1684 X0 1682 0.000207
1684 X0 1683 0.000207
1685 CNOT1_0 1688 0.985985
1685 CNOT1_0 1693 0.002002
1685 CNOT1_0 1686 0.002002
1685 CNOT1_0 1692 0.002002
1685 CNOT1_0 1691 0.002002
1685 CNOT1_0 1690 0.002002
1685 CNOT1_0 1689 0.002002
1685 CNOT1_0 1687 0.002002
1685 CNOT1_3 1689 0.989153
1685 CNOT1_3 1693 0.001550
1685 CNOT1_3 1686 0.001550
1685 CNOT1_3 1692 0.001550
1685 CNOT1_3 1691 0.001550
1685 CNOT1_3 1687 0.001550
1685 CNOT1_3 1688 0.001550
1685 CNOT1_3 1690 0.001550
1685 MEAS1 1685 0.990400
1685 MEAS1 1697 0.009600
1685 X0 1684 0.999380
1685 X0 1685 0.000207
1685 X0 1683 0.000207
1685 X0 1682 0.000207
1686 CNOT1_0 1682 0.985985
1686 CNOT1_0 1698 0.002002
1686 CNOT1_0 1683 0.002002
1686 CNOT1_0 1699 0.002002
1686 CNOT1_0 1685 0.002002
1686 CNOT1_0 1700 0.002002
1686 CNOT1_0 1684 0.002002
1686 CNOT1_0 1701 0.002002
1686 CNOT1_3 1682 0.989153
1686 CNOT1_3 1698 0.001550
1686 CNOT1_3 1683 0.001550
1686 CNOT1_3 1699 0.001550
1686 CNOT1_3 1685 0.001550
1686 CNOT1_3 1700 0.001550
1686 CNOT1_3 1684 0.001550
1686 CNOT1_3 1701 0.001550
1686 MEAS1 1681 0.495200
1686 MEAS1 1702 0.004800
1686 MEAS1 1703 0.482300
1686 MEAS1 1704 0.017700
1686 X0 1690 0.999380
1686 X0 1686 0.000207
1686 X0 1693 0.000207
1686 X0 1689 0.000207
1687 CNOT1_0 1683 0.985985
1687 CNOT1_0 1701 0.002002
1687 CNOT1_0 1682 0.002002
1687 CNOT1_0 1700 0.002002
1687 CNOT1_0 1684 0.002002
1687 CNOT1_0 1699 0.002002
1687 CNOT1_0 1685 0.002002
1687 CNOT1_0 1698 0.002002
1687 CNOT1_3 1698 0.989153
1687 CNOT1_3 1682 0.001550
1687 CNOT1_3 1701 0.001550
1687 CNOT1_3 1684 0.001550
1687 CNOT1_3 1700 0.001550
1687 CNOT1_3 1685 0.001550
1687 CNOT1_3 1699 0.001550
1687 CNOT1_3 1683 0.001550
1687 MEAS1 1705 0.495200
1687 MEAS1 1706 0.004800
1687 MEAS1 1707 0.482300
1687 MEAS1 1708 0.017700
1687 X0 1692 0.999380
1687 X0 1687 0.000207
1687 X0 1688 0.000207
1687 X0 1691 0.000207
1688 CNOT1_0 1685 0.985985
1688 CNOT1_0 1700 0.002002
1688 CNOT1_0 1684 0.002002
1688 CNOT1_0 1701 0.002002
1688 CNOT1_0 1682 0.002002
1688 CNOT1_0 1698 0.002002
1688 CNOT1_0 1683 0.002002
1688 CNOT1_0 1699 0.002002
1688 CNOT1_3 1699 0.989153
1688 CNOT1_3 1684 0.001550
1688 CNOT1_3 1700 0.001550
1688 CNOT1_3 1682 0.001550
1688 CNOT1_3 1701 0.001550
1688 CNOT1_3 1683 0.001550
1688 CNOT1_3 1698 0.001550
1688 CNOT1_3 1685 0.001550
1688 MEAS1 1705 0.495200
1688 MEAS1 1706 0.004800
1688 MEAS1 1707 0.482300
1688 MEAS1 1708 0.017700
1688 X0 1691 0.999380
1688 X0 1688 0.000207
1688 X0 1687 0.000207
1688 X0 1692 0.000207
1689 CNOT1_0 1699 0.985985
1689 CNOT1_0 1684 0.002002
1689 CNOT1_0 1700 0.002002
1689 CNOT1_0 1682 0.002002
1689 CNOT1_0 1701 0.002002
1689 CNOT1_0 1683 0.002002
1689 CNOT1_0 1698 0.002002
1689 CNOT1_0 1685 0.002002
1689 CNOT1_3 1685 0.989153
1689 CNOT1_3 1700 0.001550
1689 CNOT1_3 1684 0.001550
1689 CNOT1_3 1701 0.001550
1689 CNOT1_3 1682 0.001550
1689 CNOT1_3 1698 0.001550
1689 CNOT1_3 1683 0.001550
1689 CNOT1_3 1699 0.001550
1689 MEAS1 1709 0.495200
1689 MEAS1 1710 0.004800
1689 MEAS1 1711 0.482300
1689 MEAS1 1712 0.017700
1689 X0 1693 0.999380
1689 X0 1689 0.000207
1689 X0 1690 0.000207
1689 X0 1686 0.000207
1690 CNOT1_0 1698 0.985985
1690 CNOT1_0 1682 0.002002
1690 CNOT1_0 1701 0.002002
1690 CNOT1_0 1684 0.002002
1690 CNOT1_0 1700 0.002002
1690 CNOT1_0 1685 0.002002
1690 CNOT1_0 1699 0.002002
1690 CNOT1_0 1683 0.002002
1690 CNOT1_3 1683 0.989153
1690 CNOT1_3 1701 0.001550
1690 CNOT1_3 1682 0.001550
1690 CNOT1_3 1700 0.001550
1690 CNOT1_3 1684 0.001550
1690 CNOT1_3 1699 0.001550
1690 CNOT1_3 1685 0.001550
1690 CNOT1_3 1698 0.001550
1690 MEAS1 1709 0.495200
1690 MEAS1 1710 0.004800
1690 MEAS1 1711 0.482300
1690 MEAS1 1712 0.017700
1690 X0 1686 0.999380
1690 X0 1690 0.000207
1690 X0 1689 0.000207
1690 X0 1693 0.000207
1691 CNOT1_0 1700 0.985985
1691 CNOT1_0 1685 0.002002
1691 CNOT1_0 1699 0.002002
1691 CNOT1_0 1683 0.002002
1691 CNOT1_0 1698 0.002002
1691 CNOT1_0 1682 0.002002
1691 CNOT1_0 1701 0.002002
1691 CNOT1_0 1684 0.002002
1691 CNOT1_3 1700 0.989153
1691 CNOT1_3 1685 0.001550
1691 CNOT1_3 1699 0.001550
1691 CNOT1_3 1683 0.001550
1691 CNOT1_3 1698 0.001550
1691 CNOT1_3 1682 0.001550
1691 CNOT1_3 1701 0.001550
1691 CNOT1_3 1684 0.001550
1691 MEAS1 1713 0.495200
1691 MEAS1 1714 0.004800
1691 MEAS1 1715 0.482300
1691 MEAS1 1716 0.017700
1691 X0 1688 0.999380
1691 X0 1691 0.000207
1691 X0 1692 0.000207
1691 X0 1687 0.000207
1692 CNOT1_0 1701 0.985985
1692 CNOT1_0 1683 0.002002
1692 CNOT1_0 1698 0.002002
1692 CNOT1_0 1685 0.002002
1692 CNOT1_0 1699 0.002002
1692 CNOT1_0 1684 0.002002
1692 CNOT1_0 1700 0.002002
1692 CNOT1_0 1682 0.002002
1692 CNOT1_3 1701 0.989153
1692 CNOT1_3 1683 0.001550
1692 CNOT1_3 1698 0.001550
1692 CNOT1_3 1685 0.001550
1692 CNOT1_3 1699 0.001550
1692 CNOT1_3 1684 0.001550
1692 CNOT1_3 1700 0.001550
1692 CNOT1_3 1682 0.001550
1692 MEAS1 1713 0.495200
1692 MEAS1 1714 0.004800
1692 MEAS1 1715 0.482300
1692 MEAS1 1716 0.017700
1692 X0 1687 0.999380
1692 X0 1692 0.000207
1692 X0 1691 0.000207
1692 X0 1688 0.000207
1693 CNOT1_0 1684 0.985985
1693 CNOT1_0 1699 0.002002
1693 CNOT1_0 1685 0.002002
1693 CNOT1_0 1698 0.002002
1693 CNOT1_0 1683 0.002002
1693 CNOT1_0 1701 0.002002
1693 CNOT1_0 1682 0.002002
1693 CNOT1_0 1700 0.002002
1693 CNOT1_3 1684 0.989153
1693 CNOT1_3 1699 0.001550
1693 CNOT1_3 1685 0.001550
1693 CNOT1_3 1698 0.001550
1693 CNOT1_3 1683 0.001550
1693 CNOT1_3 1701 0.001550
1693 CNOT1_3 1682 0.001550
1693 CNOT1_3 1700 0.001550
1693 MEAS1 1681 0.495200
1693 MEAS1 1702 0.004800
1693 MEAS1 1703 0.482300
1693 MEAS1 1704 0.017700
1693 X0 1689 0.999380
1693 X0 1693 0.000207
1693 X0 1686 0.000207
1693 X0 1690 0.000207
1694 CNOT1_0 1717 0.985985
1694 CNOT1_0 1718 0.002002
1694 CNOT1_0 1719 0.002002
1694 CNOT1_0 1720 0.002002
1694 CNOT1_0 1721 0.002002
1694 CNOT1_0 1722 0.002002
1694 CNOT1_0 1723 0.002002
1694 CNOT1_0 1724 0.002002
1694 CNOT1_3 1717 0.989153
1694 CNOT1_3 1721 0.001550
1694 CNOT1_3 1720 0.001550
1694 CNOT1_3 1719 0.001550
1694 CNOT1_3 1718 0.001550
1694 CNOT1_3 1722 0.001550
1694 CNOT1_3 1723 0.001550
1694 CNOT1_3 1724 0.001550
1694 MEAS1 1682 0.990400
1694 MEAS1 1694 0.009600
1694 X0 1695 0.999380
1694 X0 1694 0.000207
1694 X0 1696 0.000207
1694 X0 1697 0.000207
1695 CNOT1_0 1718 0.985985
1695 CNOT1_0 1717 0.002002
1695 CNOT1_0 1724 0.002002
1695 CNOT1_0 1722 0.002002
1695 CNOT1_0 1723 0.002002
1695 CNOT1_0 1720 0.002002
1695 CNOT1_0 1721 0.002002
1695 CNOT1_0 1719 0.002002
1695 CNOT1_3 1721 0.989153
1695 CNOT1_3 1717 0.001550
1695 CNOT1_3 1724 0.001550
1695 CNOT1_3 1722 0.001550
1695 CNOT1_3 1723 0.001550
1695 CNOT1_3 1719 0.001550
1695 CNOT1_3 1718 0.001550
1695 CNOT1_3 1720 0.001550
1695 MEAS1 1683 0.990400
1695 MEAS1 1695 0.009600
1695 X0 1694 0.999380
1695 X0 1695 0.000207
1695 X0 1697 0.000207
1695 X0 1696 0.000207
1696 CNOT1_0 1724 0.985985
1696 CNOT1_0 1719 0.002002
1696 CNOT1_0 1718 0.002002
1696 CNOT1_0 1721 0.002002
1696 CNOT1_0 1720 0.002002
1696 CNOT1_0 1723 0.002002
1696 CNOT1_0 1722 0.002002
1696 CNOT1_0 1717 0.002002
1696 CNOT1_3 1724 0.989153
1696 CNOT1_3 1720 0.001550
1696 CNOT1_3 1721 0.001550
1696 CNOT1_3 1718 0.001550
1696 CNOT1_3 1719 0.001550
1696 CNOT1_3 1723 0.001550
1696 CNOT1_3 1722 0.001550
1696 CNOT1_3 1717 0.001550
1696 MEAS1 1684 0.990400
1696 MEAS1 1696 0.009600
1696 X0 1697 0.999380
1696 X0 1696 0.000207
1696 X0 1694 0.000207
1696 X0 1695 0.000207
1697 CNOT1_0 1719 0.985985
1697 CNOT1_0 1724 0.002002
1697 CNOT1_0 1717 0.002002
1697 CNOT1_0 1723 0.002002
1697 CNOT1_0 1722 0.002002
1697 CNOT1_0 1721 0.002002
1697 CNOT1_0 1720 0.002002
1697 CNOT1_0 1718 0.002002
1697 CNOT1_3 1720 0.989153
1697 CNOT1_3 1724 0.001550
1697 CNOT1_3 1717 0.001550
1697 CNOT1_3 1723 0.001550
1697 CNOT1_3 1722 0.001550
1697 CNOT1_3 1718 0.001550
1697 CNOT1_3 1719 0.001550
1697 CNOT1_3 1721 0.001550
1697 MEAS1 1685 0.990400
1697 MEAS1 1697 0.009600
1697 X0 1696 0.999380
1697 X0 1697 0.000207
1697 X0 1695 0.000207
1697 X0 1694 0.000207
1698 CNOT1_0 1690 0.985985
1698 CNOT1_0 1692 0.002002
1698 CNOT1_0 1691 0.002002
1698 CNOT1_0 1693 0.002002
1698 CNOT1_0 1686 0.002002
1698 CNOT1_0 1688 0.002002
1698 CNOT1_0 1687 0.002002
1698 CNOT1_0 1689 0.002002
1698 CNOT1_3 1687 0.989153
1698 CNOT1_3 1692 0.001550
1698 CNOT1_3 1691 0.001550
1698 CNOT1_3 1693 0.001550
1698 CNOT1_3 1686 0.001550
1698 CNOT1_3 1689 0.001550
1698 CNOT1_3 1690 0.001550
1698 CNOT1_3 1688 0.001550
1698 MEAS1 1725 0.964600
1698 MEAS1 1698 0.035400
1698 X0 1701 0.999380
1698 X0 1698 0.000207
1698 X0 1699 0.000207
1698 X0 1700 0.000207
1699 CNOT1_0 1689 0.985985
1699 CNOT1_0 1691 0.002002
1699 CNOT1_0 1692 0.002002
1699 CNOT1_0 1686 0.002002
1699 CNOT1_0 1693 0.002002
1699 CNOT1_0 1687 0.002002
1699 CNOT1_0 1688 0.002002
1699 CNOT1_0 1690 0.002002
1699 CNOT1_3 1688 0.989153
1699 CNOT1_3 1691 0.001550
1699 CNOT1_3 1692 0.001550
1699 CNOT1_3 1686 0.001550
1699 CNOT1_3 1693 0.001550
1699 CNOT1_3 1690 0.001550
1699 CNOT1_3 1689 0.001550
1699 CNOT1_3 1687 0.001550
1699 MEAS1 1726 0.964600
1699 MEAS1 1699 0.035400
1699 X0 1700 0.999380
1699 X0 1699 0.000207
1699 X0 1698 0.000207
1699 X0 1701 0.000207
1700 CNOT1_0 1691 0.985985
1700 CNOT1_0 1689 0.002002
1700 CNOT1_0 1690 0.002002
1700 CNOT1_0 1687 0.002002
1700 CNOT1_0 1688 0.002002
1700 CNOT1_0 1686 0.002002
1700 CNOT1_0 1693 0.002002
1700 CNOT1_0 1692 0.002002
1700 CNOT1_3 1691 0.989153
1700 CNOT1_3 1688 0.001550
1700 CNOT1_3 1687 0.001550
1700 CNOT1_3 1690 0.001550
1700 CNOT1_3 1689 0.001550
1700 CNOT1_3 1686 0.001550
1700 CNOT1_3 1693 0.001550
1700 CNOT1_3 1692 0.001550
1700 MEAS1 1727 0.964600
1700 MEAS1 1700 0.035400
1700 X0 1699 0.999380
1700 X0 1700 0.000207
1700 X0 1701 0.000207
1700 X0 1698 0.000207
1701 CNOT1_0 1692 0.985985
1701 CNOT1_0 1690 0.002002
1701 CNOT1_0 1689 0.002002
1701 CNOT1_0 1688 0.002002
1701 CNOT1_0 1687 0.002002
1701 CNOT1_0 1693 0.002002
1701 CNOT1_0 1686 0.002002
1701 CNOT1_0 1691 0.002002
1701 CNOT1_3 1692 0.989153
1701 CNOT1_3 1687 0.001550
1701 CNOT1_3 1688 0.001550
1701 CNOT1_3 1689 0.001550
1701 CNOT1_3 1690 0.001550
1701 CNOT1_3 1693 0.001550
1701 CNOT1_3 1686 0.001550
1701 CNOT1_3 1691 0.001550
1701 MEAS1 1728 0.964600
1701 MEAS1 1701 0.035400
1701 X0 1698 0.999380
1701 X0 1701 0.000207
1701 X0 1700 0.000207
1701 X0 1699 0.000207
1702 CNOT1_0 1702 0.987988
1702 CNOT1_0 1707 0.004004
1702 CNOT1_0 1710 0.004004
1702 CNOT1_0 1715 0.004004
1702 CNOT1_3 1702 0.990703
1702 CNOT1_3 1711 0.003099
1702 CNOT1_3 1706 0.003099
1702 CNOT1_3 1715 0.003099
1702 MEAS1 1681 0.990400
1702 MEAS1 1702 0.009600
1702 X0 1710 0.999586
1702 X0 1702 0.000414
1703 CNOT1_0 1714 0.987988
1703 CNOT1_0 1711 0.004004
1703 CNOT1_0 1706 0.004004
1703 CNOT1_0 1703 0.004004
1703 CNOT1_3 1714 0.990703
1703 CNOT1_3 1707 0.003099
1703 CNOT1_3 1710 0.003099
1703 CNOT1_3 1703 0.003099
1703 MEAS1 1703 0.964600
1703 MEAS1 1704 0.035400
1703 X0 1711 0.999586
1703 X0 1703 0.000414
1704 CNOT1_0 1713 0.987988
1704 CNOT1_0 1712 0.004004
1704 CNOT1_0 1705 0.004004
1704 CNOT1_0 1704 0.004004
1704 CNOT1_3 1713 0.990703
1704 CNOT1_3 1708 0.003099
1704 CNOT1_3 1709 0.003099
1704 CNOT1_3 1704 0.003099
1704 MEAS1 1703 0.964600
1704 MEAS1 1704 0.035400
1704 X0 1712 0.999586
1704 X0 1704 0.000414
1705 CNOT1_0 1705 0.987988
1705 CNOT1_0 1704 0.004004
1705 CNOT1_0 1713 0.004004
1705 CNOT1_0 1712 0.004004
1705 CNOT1_3 1712 0.990703
1705 CNOT1_3 1681 0.003099
1705 CNOT1_3 1716 0.003099
1705 CNOT1_3 1705 0.003099
1705 MEAS1 1705 0.990400
1705 MEAS1 1706 0.009600
1705 X0 1713 0.999586
1705 X0 1705 0.000414
1706 CNOT1_0 1706 0.987988
1706 CNOT1_0 1703 0.004004
1706 CNOT1_0 1714 0.004004
1706 CNOT1_0 1711 0.004004
1706 CNOT1_3 1711 0.990703
1706 CNOT1_3 1702 0.003099
1706 CNOT1_3 1715 0.003099
1706 CNOT1_3 1706 0.003099
1706 MEAS1 1705 0.990400
1706 MEAS1 1706 0.009600
1706 X0 1714 0.999586
1706 X0 1706 0.000414
1707 CNOT1_0 1710 0.987988
1707 CNOT1_0 1715 0.004004
1707 CNOT1_0 1702 0.004004
1707 CNOT1_0 1707 0.004004
1707 CNOT1_3 1707 0.990703
1707 CNOT1_3 1714 0.003099
1707 CNOT1_3 1703 0.003099
1707 CNOT1_3 1710 0.003099
1707 MEAS1 1707 0.964600
1707 MEAS1 1708 0.035400
1707 X0 1715 0.999586
1707 X0 1707 0.000414
1708 CNOT1_0 1709 0.987988
1708 CNOT1_0 1716 0.004004
1708 CNOT1_0 1681 0.004004
1708 CNOT1_0 1708 0.004004
1708 CNOT1_3 1708 0.990703
1708 CNOT1_3 1713 0.003099
1708 CNOT1_3 1704 0.003099
1708 CNOT1_3 1709 0.003099
1708 MEAS1 1707 0.964600
1708 MEAS1 1708 0.035400
1708 X0 1716 0.999586
1708 X0 1708 0.000414
1709 CNOT1_0 1708 0.987988
1709 CNOT1_0 1681 0.004004
1709 CNOT1_0 1716 0.004004
1709 CNOT1_0 1709 0.004004
1709 CNOT1_3 1709 0.990703
1709 CNOT1_3 1704 0.003099
1709 CNOT1_3 1713 0.003099
1709 CNOT1_3 1708 0.003099
1709 MEAS1 1709 0.990400
1709 MEAS1 1710 0.009600
1709 X0 1681 0.999586
1709 X0 1709 0.000414
1710 CNOT1_0 1707 0.987988
1710 CNOT1_0 1702 0.004004
1710 CNOT1_0 1715 0.004004
1710 CNOT1_0 1710 0.004004
1710 CNOT1_3 1710 0.990703
1710 CNOT1_3 1703 0.003099
1710 CNOT1_3 1714 0.003099
1710 CNOT1_3 1707 0.003099
1710 MEAS1 1709 0.990400
1710 MEAS1 1710 0.009600
1710 X0 1702 0.999586
1710 X0 1710 0.000414
1711 CNOT1_0 1711 0.987988
1711 CNOT1_0 1714 0.004004
1711 CNOT1_0 1703 0.004004
1711 CNOT1_0 1706 0.004004
1711 CNOT1_3 1706 0.990703
1711 CNOT1_3 1715 0.003099
1711 CNOT1_3 1702 0.003099
1711 CNOT1_3 1711 0.003099
1711 MEAS1 1711 0.964600
1711 MEAS1 1712 0.035400
1711 X0 1703 0.999586
1711 X0 1711 0.000414
1712 CNOT1_0 1712 0.987988
1712 CNOT1_0 1713 0.004004
1712 CNOT1_0 1704 0.004004
1712 CNOT1_0 1705 0.004004
1712 CNOT1_3 1705 0.990703
1712 CNOT1_3 1716 0.003099
1712 CNOT1_3 1681 0.003099
1712 CNOT1_3 1712 0.003099
1712 MEAS1 1711 0.964600
1712 MEAS1 1712 0.035400
1712 X0 1704 0.999586
1712 X0 1712 0.000414
1713 CNOT1_0 1704 0.987988
1713 CNOT1_0 1705 0.004004
1713 CNOT1_0 1712 0.004004
1713 CNOT1_0 1713 0.004004
1713 CNOT1_3 1704 0.990703
1713 CNOT1_3 1709 0.003099
1713 CNOT1_3 1708 0.003099
1713 CNOT1_3 1713 0.003099
1713 MEAS1 1713 0.990400
1713 MEAS1 1714 0.009600
1713 X0 1705 0.999586
1713 X0 1713 0.000414
1714 CNOT1_0 1703 0.987988
1714 CNOT1_0 1706 0.004004
1714 CNOT1_0 1711 0.004004
1714 CNOT1_0 1714 0.004004
1714 CNOT1_3 1703 0.990703
1714 CNOT1_3 1710 0.003099
1714 CNOT1_3 1707 0.003099
1714 CNOT1_3 1714 0.003099
1714 MEAS1 1713 0.990400
1714 MEAS1 1714 0.009600
1714 X0 1706 0.999586
1714 X0 1714 0.000414
1715 CNOT1_0 1715 0.987988
1715 CNOT1_0 1710 0.004004
1715 CNOT1_0 1707 0.004004
1715 CNOT1_0 1702 0.004004
1715 CNOT1_3 1715 0.990703
1715 CNOT1_3 1706 0.003099
1715 CNOT1_3 1711 0.003099
1715 CNOT1_3 1702 0.003099
1715 MEAS1 1715 0.964600
1715 MEAS1 1716 0.035400
1715 X0 1707 0.999586
1715 X0 1715 0.000414
1716 CNOT1_0 1716 0.987988
1716 CNOT1_0 1709 0.004004
1716 CNOT1_0 1708 0.004004
1716 CNOT1_0 1681 0.004004
1716 CNOT1_3 1716 0.990703
1716 CNOT1_3 1705 0.003099
1716 CNOT1_3 1712 0.003099
1716 CNOT1_3 1681 0.003099
1716 MEAS1 1715 0.964600
1716 MEAS1 1716 0.035400
1716 X0 1708 0.999586
1716 X0 1716 0.000414
1717 CNOT1_0 1694 0.985985
1717 CNOT1_0 1725 0.002002
1717 CNOT1_0 1695 0.002002
1717 CNOT1_0 1726 0.002002
1717 CNOT1_0 1697 0.002002
1717 CNOT1_0 1727 0.002002
1717 CNOT1_0 1696 0.002002
1717 CNOT1_0 1728 0.002002
1717 CNOT1_3 1694 0.989153
1717 CNOT1_3 1725 0.001550
1717 CNOT1_3 1695 0.001550
1717 CNOT1_3 1726 0.001550
1717 CNOT1_3 1697 0.001550
1717 CNOT1_3 1727 0.001550
1717 CNOT1_3 1696 0.001550
1717 CNOT1_3 1728 0.001550
1717 MEAS1 1681 0.495200
1717 MEAS1 1702 0.004800
1717 MEAS1 1703 0.482300
1717 MEAS1 1704 0.017700
1717 X0 1721 0.999380
1717 X0 1717 0.000207
1717 X0 1724 0.000207
1717 X0 1720 0.000207
1718 CNOT1_0 1695 0.985985
1718 CNOT1_0 1728 0.002002
1718 CNOT1_0 1694 0.002002
1718 CNOT1_0 1727 0.002002
1718 CNOT1_0 1696 0.002002
1718 CNOT1_0 1726 0.002002
1718 CNOT1_0 1697 0.002002
1718 CNOT1_0 1725 0.002002
1718 CNOT1_3 1725 0.989153
1718 CNOT1_3 1694 0.001550
1718 CNOT1_3 1728 0.001550
1718 CNOT1_3 1696 0.001550
1718 CNOT1_3 1727 0.001550
1718 CNOT1_3 1697 0.001550
1718 CNOT1_3 1726 0.001550
1718 CNOT1_3 1695 0.001550
1718 MEAS1 1705 0.495200
1718 MEAS1 1706 0.004800
1718 MEAS1 1707 0.482300
1718 MEAS1 1708 0.017700
1718 X0 1723 0.999380
1718 X0 1718 0.000207
1718 X0 1719 0.000207
1718 X0 1722 0.000207
1719 CNOT1_0 1697 0.985985
1719 CNOT1_0 1727 0.002002
1719 CNOT1_0 1696 0.002002
1719 CNOT1_0 1728 0.002002
1719 CNOT1_0 1694 0.002002
1719 CNOT1_0 1725 0.002002
1719 CNOT1_0 1695 0.002002
1719 CNOT1_0 1726 0.002002
1719 CNOT1_3 1726 0.989153
1719 CNOT1_3 1696 0.001550
1719 CNOT1_3 1727 0.001550
1719 CNOT1_3 1694 0.001550
1719 CNOT1_3 1728 0.001550
1719 CNOT1_3 1695 0.001550
1719 CNOT1_3 1725 0.001550
1719 CNOT1_3 1697 0.001550
1719 MEAS1 1705 0.495200
1719 MEAS1 1706 0.004800
1719 MEAS1 1707 0.482300
1719 MEAS1 1708 0.017700
1719 X0 1722 0.999380
1719 X0 1719 0.000207
1719 X0 1718 0.000207
1719 X0 1723 0.000207
1720 CNOT1_0 1726 0.985985
1720 CNOT1_0 1696 0.002002
1720 CNOT1_0 1727 0.002002
1720 CNOT1_0 1694 0.002002
1720 CNOT1_0 1728 0.002002
1720 CNOT1_0 1695 0.002002
1720 CNOT1_0 1725 0.002002
1720 CNOT1_0 1697 0.002002
1720 CNOT1_3 1697 0.989153
1720 CNOT1_3 1727 0.001550
1720 CNOT1_3 1696 0.001550
1720 CNOT1_3 1728 0.001550
1720 CNOT1_3 1694 0.001550
1720 CNOT1_3 1725 0.001550
1720 CNOT1_3 1695 0.001550
1720 CNOT1_3 1726 0.001550
1720 MEAS1 1709 0.495200
1720 MEAS1 1710 0.004800
1720 MEAS1 1711 0.482300
1720 MEAS1 1712 0.017700
1720 X0 1724 0.999380
1720 X0 1720 0.000207
1720 X0 1721 0.000207
1720 X0 1717 0.000207
1721 CNOT1_0 1725 0.985985
1721 CNOT1_0 1694 0.002002
1721 CNOT1_0 1728 0.002002
1721 CNOT1_0 1696 0.002002
1721 CNOT1_0 1727 0.002002
1721 CNOT1_0 1697 0.002002
1721 CNOT1_0 1726 0.002002
1721 CNOT1_0 1695 0.002002
1721 CNOT1_3 1695 0.989153
1721 CNOT1_3 1728 0.001550
1721 CNOT1_3 1694 0.001550
1721 CNOT1_3 1727 0.001550
1721 CNOT1_3 1696 0.001550
1721 CNOT1_3 1726 0.001550
1721 CNOT1_3 1697 0.001550
1721 CNOT1_3 1725 0.001550
1721 MEAS1 1709 0.495200
1721 MEAS1 1710 0.004800
1721 MEAS1 1711 0.482300
1721 MEAS1 1712 0.017700
1721 X0 1717 0.999380
1721 X0 1721 0.000207
1721 X0 1720 0.000207
1721 X0 1724 0.000207
1722 CNOT1_0 1727 0.985985
1722 CNOT1_0 1697 0.002002
1722 CNOT1_0 1726 0.002002
1722 CNOT1_0 1695 0.002002
1722 CNOT1_0 1725 0.002002
1722 CNOT1_0 1694 0.002002
1722 CNOT1_0 1728 0.002002
1722 CNOT1_0 1696 0.002002
1722 CNOT1_3 1727 0.989153
1722 CNOT1_3 1697 0.001550
1722 CNOT1_3 1726 0.001550
1722 CNOT1_3 1695 0.001550
1722 CNOT1_3 1725 0.001550
1722 CNOT1_3 1694 0.001550
1722 CNOT1_3 1728 0.001550
1722 CNOT1_3 1696 0.001550
1722 MEAS1 1713 0.495200
1722 MEAS1 1714 0.004800
1722 MEAS1 1715 0.482300
1722 MEAS1 1716 0.017700
1722 X0 1719 0.999380
1722 X0 1722 0.000207
1722 X0 1723 0.000207
1722 X0 1718 0.000207
1723 CNOT1_0 1728 0.985985
1723 CNOT1_0 1695 0.002002
1723 CNOT1_0 1725 0.002002
1723 CNOT1_0 1697 0.002002
1723 CNOT1_0 1726 0.002002
1723 CNOT1_0 1696 0.002002
1723 CNOT1_0 1727 0.002002
1723 CNOT1_0 1694 0.002002
1723 CNOT1_3 1728 0.989153
1723 CNOT1_3 1695 0.001550
1723 CNOT1_3 1725 0.001550
1723 CNOT1_3 1697 0.001550
1723 CNOT1_3 1726 0.001550
1723 CNOT1_3 1696 0.001550
1723 CNOT1_3 1727 0.001550
1723 CNOT1_3 1694 0.001550
1723 MEAS1 1713 0.495200
1723 MEAS1 1714 0.004800
1723 MEAS1 1715 0.482300
1723 MEAS1 1716 0.017700
1723 X0 1718 0.999380
1723 X0 1723 0.000207
1723 X0 1722 0.000207
1723 X0 1719 0.000207
1724 CNOT1_0 1696 0.985985
1724 CNOT1_0 1726 0.002002
1724 CNOT1_0 1697 0.002002
1724 CNOT1_0 1725 0.002002
1724 CNOT1_0 1695 0.002002
1724 CNOT1_0 1728 0.002002
1724 CNOT1_0 1694 0.002002
1724 CNOT1_0 1727 0.002002
1724 CNOT1_3 1696 0.989153
1724 CNOT1_3 1726 0.001550
1724 CNOT1_3 1697 0.001550
1724 CNOT1_3 1725 0.001550
1724 CNOT1_3 1695 0.001550
1724 CNOT1_3 1728 0.001550
1724 CNOT1_3 1694 0.001550
1724 CNOT1_3 1727 0.001550
1724 MEAS1 1681 0.495200
1724 MEAS1 1702 0.004800
1724 MEAS1 1703 0.482300
1724 MEAS1 1704 0.017700
1724 X0 1720 0.999380
1724 X0 1724 0.000207
1724 X0 1717 0.000207
1724 X0 1721 0.000207
1725 CNOT1_0 1721 0.985985
1725 CNOT1_0 1723 0.002002
1725 CNOT1_0 1722 0.002002
1725 CNOT1_0 1724 0.002002
1725 CNOT1_0 1717 0.002002
1725 CNOT1_0 1719 0.002002
1725 CNOT1_0 1718 0.002002
1725 CNOT1_0 1720 0.002002
1725 CNOT1_3 1718 0.989153
1725 CNOT1_3 1723 0.001550
1725 CNOT1_3 1722 0.001550
1725 CNOT1_3 1724 0.001550
1725 CNOT1_3 1717 0.001550
1725 CNOT1_3 1720 0.001550
1725 CNOT1_3 1721 0.001550
1725 CNOT1_3 1719 0.001550
1725 MEAS1 1725 0.964600
1725 MEAS1 1698 0.035400
1725 X0 1728 0.999380
1725 X0 1725 0.000207
1725 X0 1726 0.000207
1725 X0 1727 0.000207
1726 CNOT1_0 1720 0.985985
1726 CNOT1_0 1722 0.002002
1726 CNOT1_0 1723 0.002002
1726 CNOT1_0 1717 0.002002
1726 CNOT1_0 1724 0.002002
1726 CNOT1_0 1718 0.002002
1726 CNOT1_0 1719 0.002002
1726 CNOT1_0 1721 0.002002
1726 CNOT1_3 1719 0.989153
1726 CNOT1_3 1722 0.001550
1726 CNOT1_3 1723 0.001550
1726 CNOT1_3 1717 0.001550
1726 CNOT1_3 1724 0.001550
1726 CNOT1_3 1721 0.001550
1726 CNOT1_3 1720 0.001550
1726 CNOT1_3 1718 0.001550
1726 MEAS1 1726 0.964600
1726 MEAS1 1699 0.035400
1726 X0 1727 0.999380
1726 X0 1726 0.000207
1726 X0 1725 0.000207
1726 X0 1728 0.000207
1727 CNOT1_0 1722 0.985985
1727 CNOT1_0 1720 0.002002
1727 CNOT1_0 1721 0.002002
1727 CNOT1_0 1718 0.002002
1727 CNOT1_0 1719 0.002002
1727 CNOT1_0 1717 0.002002
1727 CNOT1_0 1724 0.002002
1727 CNOT1_0 1723 0.002002
1727 CNOT1_3 1722 0.989153
1727 CNOT1_3 1719 0.001550
1727 CNOT1_3 1718 0.001550
1727 CNOT1_3 1721 0.001550
1727 CNOT1_3 1720 0.001550
1727 CNOT1_3 1717 0.001550
1727 CNOT1_3 1724 0.001550
1727 CNOT1_3 1723 0.001550
1727 MEAS1 1727 0.964600
1727 MEAS1 1700 0.035400
1727 X0 1726 0.999380
1727 X0 1727 0.000207
1727 X0 1728 0.000207
1727 X0 1725 0.000207
1728 CNOT1_0 1723 0.985985
1728 CNOT1_0 1721 0.002002
1728 CNOT1_0 1720 0.002002
1728 CNOT1_0 1719 0.002002
1728 CNOT1_0 1718 0.002002
1728 CNOT1_0 1724 0.002002
1728 CNOT1_0 1717 0.002002
1728 CNOT1_0 1722 0.002002
1728 CNOT1_3 1723 0.989153
1728 CNOT1_3 1718 0.001550
1728 CNOT1_3 1719 0.001550
1728 CNOT1_3 1720 0.001550
1728 CNOT1_3 1721 0.001550
1728 CNOT1_3 1724 0.001550
1728 CNOT1_3 1717 0.001550
1728 CNOT1_3 1722 0.001550
1728 MEAS1 1728 0.964600
1728 MEAS1 1701 0.035400
1728 X0 1725 0.999380
1728 X0 1728 0.000207
1728 X0 1727 0.000207
1728 X0 1726 0.000207
ENDPOMDP
