BEGINPOMDP
INITIALSTATE: 5665
STATES: 5665,5666,5667,5668,5669,5670,5671,5672,5673,5674,5675,5676,5677,5678,5679,5680,5681,5682,5683,5684,5685,5686,5687,5688,5689,5690,5691,5692,5693,5694,5695,5696,5697,5698,5699,5700,5701,5702,5703,5704,5705,5706,5707,5708,5709,5710,5711,5712
TARGETV: 5666,5668,5670,5675,5676,5677,5678,5680,5684,5685,5701,5706,5707,5708,5711,5712
GAMMA: 5665:0,5666:0,5667:0,5668:0,5669:0,5670:0,5671:0,5672:0,5673:0,5674:0,5675:0,5676:0,5677:0,5678:1,5679:1,5680:1,5681:1,5682:0,5683:0,5684:0,5685:0,5686:1,5687:1,5688:0,5689:0,5690:1,5691:1,5692:0,5693:0,5694:1,5695:1,5696:0,5697:0,5698:1,5699:1,5700:0,5701:1,5702:1,5703:1,5704:1,5705:1,5706:1,5707:1,5708:1,5709:1,5710:1,5711:1,5712:1
BEGINACTIONS
CNOT1_0 Instruction.CNOT 0 1
CNOT1_2 Instruction.CNOT 2 1
MEAS1 Instruction.MEAS None 1
X0 Instruction.X None 0
ENDACTIONS
5665 INIT_ 5666 0.250000
5665 INIT_ 5667 0.250000
5665 INIT_ 5668 0.250000
5665 INIT_ 5669 0.250000
5665 CNOT1_0 5665 0.987404
5665 CNOT1_0 5692 0.004199
5665 CNOT1_0 5693 0.004199
5665 CNOT1_0 5700 0.004199
5665 CNOT1_2 5665 0.986576
5665 CNOT1_2 5696 0.004475
5665 CNOT1_2 5689 0.004475
5665 CNOT1_2 5700 0.004475
5665 MEAS1 5665 0.986667
5665 MEAS1 5686 0.013333
5665 X0 5693 0.997632
5665 X0 5665 0.002368
5666 CNOT1_0 5670 0.985304
5666 CNOT1_0 5671 0.002099
5666 CNOT1_0 5672 0.002099
5666 CNOT1_0 5673 0.002099
5666 CNOT1_0 5674 0.002099
5666 CNOT1_0 5675 0.002099
5666 CNOT1_0 5676 0.002099
5666 CNOT1_0 5677 0.002099
5666 CNOT1_2 5670 0.984339
5666 CNOT1_2 5674 0.002237
5666 CNOT1_2 5673 0.002237
5666 CNOT1_2 5672 0.002237
5666 CNOT1_2 5671 0.002237
5666 CNOT1_2 5675 0.002237
5666 CNOT1_2 5676 0.002237
5666 CNOT1_2 5677 0.002237
5666 MEAS1 5666 0.986667
5666 MEAS1 5678 0.013333
5666 X0 5667 0.996448
5666 X0 5666 0.001184
5666 X0 5668 0.001184
5666 X0 5669 0.001184
5667 CNOT1_0 5671 0.985304
5667 CNOT1_0 5670 0.002099
5667 CNOT1_0 5677 0.002099
5667 CNOT1_0 5675 0.002099
5667 CNOT1_0 5676 0.002099
5667 CNOT1_0 5673 0.002099
5667 CNOT1_0 5674 0.002099
5667 CNOT1_0 5672 0.002099
5667 CNOT1_2 5674 0.984339
5667 CNOT1_2 5670 0.002237
5667 CNOT1_2 5677 0.002237
5667 CNOT1_2 5675 0.002237
5667 CNOT1_2 5676 0.002237
5667 CNOT1_2 5672 0.002237
5667 CNOT1_2 5671 0.002237
5667 CNOT1_2 5673 0.002237
5667 MEAS1 5667 0.986667
5667 MEAS1 5679 0.013333
5667 X0 5666 0.996448
5667 X0 5667 0.001184
5667 X0 5669 0.001184
5667 X0 5668 0.001184
5668 CNOT1_0 5677 0.985304
5668 CNOT1_0 5672 0.002099
5668 CNOT1_0 5671 0.002099
5668 CNOT1_0 5674 0.002099
5668 CNOT1_0 5673 0.002099
5668 CNOT1_0 5676 0.002099
5668 CNOT1_0 5675 0.002099
5668 CNOT1_0 5670 0.002099
5668 CNOT1_2 5677 0.984339
5668 CNOT1_2 5673 0.002237
5668 CNOT1_2 5674 0.002237
5668 CNOT1_2 5671 0.002237
5668 CNOT1_2 5672 0.002237
5668 CNOT1_2 5676 0.002237
5668 CNOT1_2 5675 0.002237
5668 CNOT1_2 5670 0.002237
5668 MEAS1 5668 0.986667
5668 MEAS1 5680 0.013333
5668 X0 5669 0.996448
5668 X0 5668 0.001184
5668 X0 5666 0.001184
5668 X0 5667 0.001184
5669 CNOT1_0 5672 0.985304
5669 CNOT1_0 5677 0.002099
5669 CNOT1_0 5670 0.002099
5669 CNOT1_0 5676 0.002099
5669 CNOT1_0 5675 0.002099
5669 CNOT1_0 5674 0.002099
5669 CNOT1_0 5673 0.002099
5669 CNOT1_0 5671 0.002099
5669 CNOT1_2 5673 0.984339
5669 CNOT1_2 5677 0.002237
5669 CNOT1_2 5670 0.002237
5669 CNOT1_2 5676 0.002237
5669 CNOT1_2 5675 0.002237
5669 CNOT1_2 5671 0.002237
5669 CNOT1_2 5672 0.002237
5669 CNOT1_2 5674 0.002237
5669 MEAS1 5669 0.986667
5669 MEAS1 5681 0.013333
5669 X0 5668 0.996448
5669 X0 5669 0.001184
5669 X0 5667 0.001184
5669 X0 5666 0.001184
5670 CNOT1_0 5666 0.985304
5670 CNOT1_0 5682 0.002099
5670 CNOT1_0 5667 0.002099
5670 CNOT1_0 5683 0.002099
5670 CNOT1_0 5669 0.002099
5670 CNOT1_0 5684 0.002099
5670 CNOT1_0 5668 0.002099
5670 CNOT1_0 5685 0.002099
5670 CNOT1_2 5666 0.984339
5670 CNOT1_2 5682 0.002237
5670 CNOT1_2 5667 0.002237
5670 CNOT1_2 5683 0.002237
5670 CNOT1_2 5669 0.002237
5670 CNOT1_2 5684 0.002237
5670 CNOT1_2 5668 0.002237
5670 CNOT1_2 5685 0.002237
5670 MEAS1 5665 0.493333
5670 MEAS1 5686 0.006667
5670 MEAS1 5687 0.425000
5670 MEAS1 5688 0.075000
5670 X0 5674 0.996448
5670 X0 5670 0.001184
5670 X0 5677 0.001184
5670 X0 5673 0.001184
5671 CNOT1_0 5667 0.985304
5671 CNOT1_0 5685 0.002099
5671 CNOT1_0 5666 0.002099
5671 CNOT1_0 5684 0.002099
5671 CNOT1_0 5668 0.002099
5671 CNOT1_0 5683 0.002099
5671 CNOT1_0 5669 0.002099
5671 CNOT1_0 5682 0.002099
5671 CNOT1_2 5682 0.984339
5671 CNOT1_2 5666 0.002237
5671 CNOT1_2 5685 0.002237
5671 CNOT1_2 5668 0.002237
5671 CNOT1_2 5684 0.002237
5671 CNOT1_2 5669 0.002237
5671 CNOT1_2 5683 0.002237
5671 CNOT1_2 5667 0.002237
5671 MEAS1 5689 0.493333
5671 MEAS1 5690 0.006667
5671 MEAS1 5691 0.425000
5671 MEAS1 5692 0.075000
5671 X0 5676 0.996448
5671 X0 5671 0.001184
5671 X0 5672 0.001184
5671 X0 5675 0.001184
5672 CNOT1_0 5669 0.985304
5672 CNOT1_0 5684 0.002099
5672 CNOT1_0 5668 0.002099
5672 CNOT1_0 5685 0.002099
5672 CNOT1_0 5666 0.002099
5672 CNOT1_0 5682 0.002099
5672 CNOT1_0 5667 0.002099
5672 CNOT1_0 5683 0.002099
5672 CNOT1_2 5683 0.984339
5672 CNOT1_2 5668 0.002237
5672 CNOT1_2 5684 0.002237
5672 CNOT1_2 5666 0.002237
5672 CNOT1_2 5685 0.002237
5672 CNOT1_2 5667 0.002237
5672 CNOT1_2 5682 0.002237
5672 CNOT1_2 5669 0.002237
5672 MEAS1 5689 0.493333
5672 MEAS1 5690 0.006667
5672 MEAS1 5691 0.425000
5672 MEAS1 5692 0.075000
5672 X0 5675 0.996448
5672 X0 5672 0.001184
5672 X0 5671 0.001184
5672 X0 5676 0.001184
5673 CNOT1_0 5683 0.985304
5673 CNOT1_0 5668 0.002099
5673 CNOT1_0 5684 0.002099
5673 CNOT1_0 5666 0.002099
5673 CNOT1_0 5685 0.002099
5673 CNOT1_0 5667 0.002099
5673 CNOT1_0 5682 0.002099
5673 CNOT1_0 5669 0.002099
5673 CNOT1_2 5669 0.984339
5673 CNOT1_2 5684 0.002237
5673 CNOT1_2 5668 0.002237
5673 CNOT1_2 5685 0.002237
5673 CNOT1_2 5666 0.002237
5673 CNOT1_2 5682 0.002237
5673 CNOT1_2 5667 0.002237
5673 CNOT1_2 5683 0.002237
5673 MEAS1 5693 0.493333
5673 MEAS1 5694 0.006667
5673 MEAS1 5695 0.425000
5673 MEAS1 5696 0.075000
5673 X0 5677 0.996448
5673 X0 5673 0.001184
5673 X0 5674 0.001184
5673 X0 5670 0.001184
5674 CNOT1_0 5682 0.985304
5674 CNOT1_0 5666 0.002099
5674 CNOT1_0 5685 0.002099
5674 CNOT1_0 5668 0.002099
5674 CNOT1_0 5684 0.002099
5674 CNOT1_0 5669 0.002099
5674 CNOT1_0 5683 0.002099
5674 CNOT1_0 5667 0.002099
5674 CNOT1_2 5667 0.984339
5674 CNOT1_2 5685 0.002237
5674 CNOT1_2 5666 0.002237
5674 CNOT1_2 5684 0.002237
5674 CNOT1_2 5668 0.002237
5674 CNOT1_2 5683 0.002237
5674 CNOT1_2 5669 0.002237
5674 CNOT1_2 5682 0.002237
5674 MEAS1 5693 0.493333
5674 MEAS1 5694 0.006667
5674 MEAS1 5695 0.425000
5674 MEAS1 5696 0.075000
5674 X0 5670 0.996448
5674 X0 5674 0.001184
5674 X0 5673 0.001184
5674 X0 5677 0.001184
5675 CNOT1_0 5684 0.985304
5675 CNOT1_0 5669 0.002099
5675 CNOT1_0 5683 0.002099
5675 CNOT1_0 5667 0.002099
5675 CNOT1_0 5682 0.002099
5675 CNOT1_0 5666 0.002099
5675 CNOT1_0 5685 0.002099
5675 CNOT1_0 5668 0.002099
5675 CNOT1_2 5684 0.984339
5675 CNOT1_2 5669 0.002237
5675 CNOT1_2 5683 0.002237
5675 CNOT1_2 5667 0.002237
5675 CNOT1_2 5682 0.002237
5675 CNOT1_2 5666 0.002237
5675 CNOT1_2 5685 0.002237
5675 CNOT1_2 5668 0.002237
5675 MEAS1 5697 0.493333
5675 MEAS1 5698 0.006667
5675 MEAS1 5699 0.425000
5675 MEAS1 5700 0.075000
5675 X0 5672 0.996448
5675 X0 5675 0.001184
5675 X0 5676 0.001184
5675 X0 5671 0.001184
5676 CNOT1_0 5685 0.985304
5676 CNOT1_0 5667 0.002099
5676 CNOT1_0 5682 0.002099
5676 CNOT1_0 5669 0.002099
5676 CNOT1_0 5683 0.002099
5676 CNOT1_0 5668 0.002099
5676 CNOT1_0 5684 0.002099
5676 CNOT1_0 5666 0.002099
5676 CNOT1_2 5685 0.984339
5676 CNOT1_2 5667 0.002237
5676 CNOT1_2 5682 0.002237
5676 CNOT1_2 5669 0.002237
5676 CNOT1_2 5683 0.002237
5676 CNOT1_2 5668 0.002237
5676 CNOT1_2 5684 0.002237
5676 CNOT1_2 5666 0.002237
5676 MEAS1 5697 0.493333
5676 MEAS1 5698 0.006667
5676 MEAS1 5699 0.425000
5676 MEAS1 5700 0.075000
5676 X0 5671 0.996448
5676 X0 5676 0.001184
5676 X0 5675 0.001184
5676 X0 5672 0.001184
5677 CNOT1_0 5668 0.985304
5677 CNOT1_0 5683 0.002099
5677 CNOT1_0 5669 0.002099
5677 CNOT1_0 5682 0.002099
5677 CNOT1_0 5667 0.002099
5677 CNOT1_0 5685 0.002099
5677 CNOT1_0 5666 0.002099
5677 CNOT1_0 5684 0.002099
5677 CNOT1_2 5668 0.984339
5677 CNOT1_2 5683 0.002237
5677 CNOT1_2 5669 0.002237
5677 CNOT1_2 5682 0.002237
5677 CNOT1_2 5667 0.002237
5677 CNOT1_2 5685 0.002237
5677 CNOT1_2 5666 0.002237
5677 CNOT1_2 5684 0.002237
5677 MEAS1 5665 0.493333
5677 MEAS1 5686 0.006667
5677 MEAS1 5687 0.425000
5677 MEAS1 5688 0.075000
5677 X0 5673 0.996448
5677 X0 5677 0.001184
5677 X0 5670 0.001184
5677 X0 5674 0.001184
5678 CNOT1_0 5701 0.985304
5678 CNOT1_0 5702 0.002099
5678 CNOT1_0 5703 0.002099
5678 CNOT1_0 5704 0.002099
5678 CNOT1_0 5705 0.002099
5678 CNOT1_0 5706 0.002099
5678 CNOT1_0 5707 0.002099
5678 CNOT1_0 5708 0.002099
5678 CNOT1_2 5701 0.984339
5678 CNOT1_2 5705 0.002237
5678 CNOT1_2 5704 0.002237
5678 CNOT1_2 5703 0.002237
5678 CNOT1_2 5702 0.002237
5678 CNOT1_2 5706 0.002237
5678 CNOT1_2 5707 0.002237
5678 CNOT1_2 5708 0.002237
5678 MEAS1 5666 0.986667
5678 MEAS1 5678 0.013333
5678 X0 5679 0.996448
5678 X0 5678 0.001184
5678 X0 5680 0.001184
5678 X0 5681 0.001184
5679 CNOT1_0 5702 0.985304
5679 CNOT1_0 5701 0.002099
5679 CNOT1_0 5708 0.002099
5679 CNOT1_0 5706 0.002099
5679 CNOT1_0 5707 0.002099
5679 CNOT1_0 5704 0.002099
5679 CNOT1_0 5705 0.002099
5679 CNOT1_0 5703 0.002099
5679 CNOT1_2 5705 0.984339
5679 CNOT1_2 5701 0.002237
5679 CNOT1_2 5708 0.002237
5679 CNOT1_2 5706 0.002237
5679 CNOT1_2 5707 0.002237
5679 CNOT1_2 5703 0.002237
5679 CNOT1_2 5702 0.002237
5679 CNOT1_2 5704 0.002237
5679 MEAS1 5667 0.986667
5679 MEAS1 5679 0.013333
5679 X0 5678 0.996448
5679 X0 5679 0.001184
5679 X0 5681 0.001184
5679 X0 5680 0.001184
5680 CNOT1_0 5708 0.985304
5680 CNOT1_0 5703 0.002099
5680 CNOT1_0 5702 0.002099
5680 CNOT1_0 5705 0.002099
5680 CNOT1_0 5704 0.002099
5680 CNOT1_0 5707 0.002099
5680 CNOT1_0 5706 0.002099
5680 CNOT1_0 5701 0.002099
5680 CNOT1_2 5708 0.984339
5680 CNOT1_2 5704 0.002237
5680 CNOT1_2 5705 0.002237
5680 CNOT1_2 5702 0.002237
5680 CNOT1_2 5703 0.002237
5680 CNOT1_2 5707 0.002237
5680 CNOT1_2 5706 0.002237
5680 CNOT1_2 5701 0.002237
5680 MEAS1 5668 0.986667
5680 MEAS1 5680 0.013333
5680 X0 5681 0.996448
5680 X0 5680 0.001184
5680 X0 5678 0.001184
5680 X0 5679 0.001184
5681 CNOT1_0 5703 0.985304
5681 CNOT1_0 5708 0.002099
5681 CNOT1_0 5701 0.002099
5681 CNOT1_0 5707 0.002099
5681 CNOT1_0 5706 0.002099
5681 CNOT1_0 5705 0.002099
5681 CNOT1_0 5704 0.002099
5681 CNOT1_0 5702 0.002099
5681 CNOT1_2 5704 0.984339
5681 CNOT1_2 5708 0.002237
5681 CNOT1_2 5701 0.002237
5681 CNOT1_2 5707 0.002237
5681 CNOT1_2 5706 0.002237
5681 CNOT1_2 5702 0.002237
5681 CNOT1_2 5703 0.002237
5681 CNOT1_2 5705 0.002237
5681 MEAS1 5669 0.986667
5681 MEAS1 5681 0.013333
5681 X0 5680 0.996448
5681 X0 5681 0.001184
5681 X0 5679 0.001184
5681 X0 5678 0.001184
5682 CNOT1_0 5674 0.985304
5682 CNOT1_0 5676 0.002099
5682 CNOT1_0 5675 0.002099
5682 CNOT1_0 5677 0.002099
5682 CNOT1_0 5670 0.002099
5682 CNOT1_0 5672 0.002099
5682 CNOT1_0 5671 0.002099
5682 CNOT1_0 5673 0.002099
5682 CNOT1_2 5671 0.984339
5682 CNOT1_2 5676 0.002237
5682 CNOT1_2 5675 0.002237
5682 CNOT1_2 5677 0.002237
5682 CNOT1_2 5670 0.002237
5682 CNOT1_2 5673 0.002237
5682 CNOT1_2 5674 0.002237
5682 CNOT1_2 5672 0.002237
5682 MEAS1 5709 0.850000
5682 MEAS1 5682 0.150000
5682 X0 5685 0.996448
5682 X0 5682 0.001184
5682 X0 5683 0.001184
5682 X0 5684 0.001184
5683 CNOT1_0 5673 0.985304
5683 CNOT1_0 5675 0.002099
5683 CNOT1_0 5676 0.002099
5683 CNOT1_0 5670 0.002099
5683 CNOT1_0 5677 0.002099
5683 CNOT1_0 5671 0.002099
5683 CNOT1_0 5672 0.002099
5683 CNOT1_0 5674 0.002099
5683 CNOT1_2 5672 0.984339
5683 CNOT1_2 5675 0.002237
5683 CNOT1_2 5676 0.002237
5683 CNOT1_2 5670 0.002237
5683 CNOT1_2 5677 0.002237
5683 CNOT1_2 5674 0.002237
5683 CNOT1_2 5673 0.002237
5683 CNOT1_2 5671 0.002237
5683 MEAS1 5710 0.850000
5683 MEAS1 5683 0.150000
5683 X0 5684 0.996448
5683 X0 5683 0.001184
5683 X0 5682 0.001184
5683 X0 5685 0.001184
5684 CNOT1_0 5675 0.985304
5684 CNOT1_0 5673 0.002099
5684 CNOT1_0 5674 0.002099
5684 CNOT1_0 5671 0.002099
5684 CNOT1_0 5672 0.002099
5684 CNOT1_0 5670 0.002099
5684 CNOT1_0 5677 0.002099
5684 CNOT1_0 5676 0.002099
5684 CNOT1_2 5675 0.984339
5684 CNOT1_2 5672 0.002237
5684 CNOT1_2 5671 0.002237
5684 CNOT1_2 5674 0.002237
5684 CNOT1_2 5673 0.002237
5684 CNOT1_2 5670 0.002237
5684 CNOT1_2 5677 0.002237
5684 CNOT1_2 5676 0.002237
5684 MEAS1 5711 0.850000
5684 MEAS1 5684 0.150000
5684 X0 5683 0.996448
5684 X0 5684 0.001184
5684 X0 5685 0.001184
5684 X0 5682 0.001184
5685 CNOT1_0 5676 0.985304
5685 CNOT1_0 5674 0.002099
5685 CNOT1_0 5673 0.002099
5685 CNOT1_0 5672 0.002099
5685 CNOT1_0 5671 0.002099
5685 CNOT1_0 5677 0.002099
5685 CNOT1_0 5670 0.002099
5685 CNOT1_0 5675 0.002099
5685 CNOT1_2 5676 0.984339
5685 CNOT1_2 5671 0.002237
5685 CNOT1_2 5672 0.002237
5685 CNOT1_2 5673 0.002237
5685 CNOT1_2 5674 0.002237
5685 CNOT1_2 5677 0.002237
5685 CNOT1_2 5670 0.002237
5685 CNOT1_2 5675 0.002237
5685 MEAS1 5712 0.850000
5685 MEAS1 5685 0.150000
5685 X0 5682 0.996448
5685 X0 5685 0.001184
5685 X0 5684 0.001184
5685 X0 5683 0.001184
5686 CNOT1_0 5686 0.987404
5686 CNOT1_0 5691 0.004199
5686 CNOT1_0 5694 0.004199
5686 CNOT1_0 5699 0.004199
5686 CNOT1_2 5686 0.986576
5686 CNOT1_2 5695 0.004475
5686 CNOT1_2 5690 0.004475
5686 CNOT1_2 5699 0.004475
5686 MEAS1 5665 0.986667
5686 MEAS1 5686 0.013333
5686 X0 5694 0.997632
5686 X0 5686 0.002368
5687 CNOT1_0 5698 0.987404
5687 CNOT1_0 5695 0.004199
5687 CNOT1_0 5690 0.004199
5687 CNOT1_0 5687 0.004199
5687 CNOT1_2 5698 0.986576
5687 CNOT1_2 5691 0.004475
5687 CNOT1_2 5694 0.004475
5687 CNOT1_2 5687 0.004475
5687 MEAS1 5687 0.850000
5687 MEAS1 5688 0.150000
5687 X0 5695 0.997632
5687 X0 5687 0.002368
5688 CNOT1_0 5697 0.987404
5688 CNOT1_0 5696 0.004199
5688 CNOT1_0 5689 0.004199
5688 CNOT1_0 5688 0.004199
5688 CNOT1_2 5697 0.986576
5688 CNOT1_2 5692 0.004475
5688 CNOT1_2 5693 0.004475
5688 CNOT1_2 5688 0.004475
5688 MEAS1 5687 0.850000
5688 MEAS1 5688 0.150000
5688 X0 5696 0.997632
5688 X0 5688 0.002368
5689 CNOT1_0 5689 0.987404
5689 CNOT1_0 5688 0.004199
5689 CNOT1_0 5697 0.004199
5689 CNOT1_0 5696 0.004199
5689 CNOT1_2 5696 0.986576
5689 CNOT1_2 5665 0.004475
5689 CNOT1_2 5700 0.004475
5689 CNOT1_2 5689 0.004475
5689 MEAS1 5689 0.986667
5689 MEAS1 5690 0.013333
5689 X0 5697 0.997632
5689 X0 5689 0.002368
5690 CNOT1_0 5690 0.987404
5690 CNOT1_0 5687 0.004199
5690 CNOT1_0 5698 0.004199
5690 CNOT1_0 5695 0.004199
5690 CNOT1_2 5695 0.986576
5690 CNOT1_2 5686 0.004475
5690 CNOT1_2 5699 0.004475
5690 CNOT1_2 5690 0.004475
5690 MEAS1 5689 0.986667
5690 MEAS1 5690 0.013333
5690 X0 5698 0.997632
5690 X0 5690 0.002368
5691 CNOT1_0 5694 0.987404
5691 CNOT1_0 5699 0.004199
5691 CNOT1_0 5686 0.004199
5691 CNOT1_0 5691 0.004199
5691 CNOT1_2 5691 0.986576
5691 CNOT1_2 5698 0.004475
5691 CNOT1_2 5687 0.004475
5691 CNOT1_2 5694 0.004475
5691 MEAS1 5691 0.850000
5691 MEAS1 5692 0.150000
5691 X0 5699 0.997632
5691 X0 5691 0.002368
5692 CNOT1_0 5693 0.987404
5692 CNOT1_0 5700 0.004199
5692 CNOT1_0 5665 0.004199
5692 CNOT1_0 5692 0.004199
5692 CNOT1_2 5692 0.986576
5692 CNOT1_2 5697 0.004475
5692 CNOT1_2 5688 0.004475
5692 CNOT1_2 5693 0.004475
5692 MEAS1 5691 0.850000
5692 MEAS1 5692 0.150000
5692 X0 5700 0.997632
5692 X0 5692 0.002368
5693 CNOT1_0 5692 0.987404
5693 CNOT1_0 5665 0.004199
5693 CNOT1_0 5700 0.004199
5693 CNOT1_0 5693 0.004199
5693 CNOT1_2 5693 0.986576
5693 CNOT1_2 5688 0.004475
5693 CNOT1_2 5697 0.004475
5693 CNOT1_2 5692 0.004475
5693 MEAS1 5693 0.986667
5693 MEAS1 5694 0.013333
5693 X0 5665 0.997632
5693 X0 5693 0.002368
5694 CNOT1_0 5691 0.987404
5694 CNOT1_0 5686 0.004199
5694 CNOT1_0 5699 0.004199
5694 CNOT1_0 5694 0.004199
5694 CNOT1_2 5694 0.986576
5694 CNOT1_2 5687 0.004475
5694 CNOT1_2 5698 0.004475
5694 CNOT1_2 5691 0.004475
5694 MEAS1 5693 0.986667
5694 MEAS1 5694 0.013333
5694 X0 5686 0.997632
5694 X0 5694 0.002368
5695 CNOT1_0 5695 0.987404
5695 CNOT1_0 5698 0.004199
5695 CNOT1_0 5687 0.004199
5695 CNOT1_0 5690 0.004199
5695 CNOT1_2 5690 0.986576
5695 CNOT1_2 5699 0.004475
5695 CNOT1_2 5686 0.004475
5695 CNOT1_2 5695 0.004475
5695 MEAS1 5695 0.850000
5695 MEAS1 5696 0.150000
5695 X0 5687 0.997632
5695 X0 5695 0.002368
5696 CNOT1_0 5696 0.987404
5696 CNOT1_0 5697 0.004199
5696 CNOT1_0 5688 0.004199
5696 CNOT1_0 5689 0.004199
5696 CNOT1_2 5689 0.986576
5696 CNOT1_2 5700 0.004475
5696 CNOT1_2 5665 0.004475
5696 CNOT1_2 5696 0.004475
5696 MEAS1 5695 0.850000
5696 MEAS1 5696 0.150000
5696 X0 5688 0.997632
5696 X0 5696 0.002368
5697 CNOT1_0 5688 0.987404
5697 CNOT1_0 5689 0.004199
5697 CNOT1_0 5696 0.004199
5697 CNOT1_0 5697 0.004199
5697 CNOT1_2 5688 0.986576
5697 CNOT1_2 5693 0.004475
5697 CNOT1_2 5692 0.004475
5697 CNOT1_2 5697 0.004475
5697 MEAS1 5697 0.986667
5697 MEAS1 5698 0.013333
5697 X0 5689 0.997632
5697 X0 5697 0.002368
5698 CNOT1_0 5687 0.987404
5698 CNOT1_0 5690 0.004199
5698 CNOT1_0 5695 0.004199
5698 CNOT1_0 5698 0.004199
5698 CNOT1_2 5687 0.986576
5698 CNOT1_2 5694 0.004475
5698 CNOT1_2 5691 0.004475
5698 CNOT1_2 5698 0.004475
5698 MEAS1 5697 0.986667
5698 MEAS1 5698 0.013333
5698 X0 5690 0.997632
5698 X0 5698 0.002368
5699 CNOT1_0 5699 0.987404
5699 CNOT1_0 5694 0.004199
5699 CNOT1_0 5691 0.004199
5699 CNOT1_0 5686 0.004199
5699 CNOT1_2 5699 0.986576
5699 CNOT1_2 5690 0.004475
5699 CNOT1_2 5695 0.004475
5699 CNOT1_2 5686 0.004475
5699 MEAS1 5699 0.850000
5699 MEAS1 5700 0.150000
5699 X0 5691 0.997632
5699 X0 5699 0.002368
5700 CNOT1_0 5700 0.987404
5700 CNOT1_0 5693 0.004199
5700 CNOT1_0 5692 0.004199
5700 CNOT1_0 5665 0.004199
5700 CNOT1_2 5700 0.986576
5700 CNOT1_2 5689 0.004475
5700 CNOT1_2 5696 0.004475
5700 CNOT1_2 5665 0.004475
5700 MEAS1 5699 0.850000
5700 MEAS1 5700 0.150000
5700 X0 5692 0.997632
5700 X0 5700 0.002368
5701 CNOT1_0 5678 0.985304
5701 CNOT1_0 5709 0.002099
5701 CNOT1_0 5679 0.002099
5701 CNOT1_0 5710 0.002099
5701 CNOT1_0 5681 0.002099
5701 CNOT1_0 5711 0.002099
5701 CNOT1_0 5680 0.002099
5701 CNOT1_0 5712 0.002099
5701 CNOT1_2 5678 0.984339
5701 CNOT1_2 5709 0.002237
5701 CNOT1_2 5679 0.002237
5701 CNOT1_2 5710 0.002237
5701 CNOT1_2 5681 0.002237
5701 CNOT1_2 5711 0.002237
5701 CNOT1_2 5680 0.002237
5701 CNOT1_2 5712 0.002237
5701 MEAS1 5665 0.493333
5701 MEAS1 5686 0.006667
5701 MEAS1 5687 0.425000
5701 MEAS1 5688 0.075000
5701 X0 5705 0.996448
5701 X0 5701 0.001184
5701 X0 5708 0.001184
5701 X0 5704 0.001184
5702 CNOT1_0 5679 0.985304
5702 CNOT1_0 5712 0.002099
5702 CNOT1_0 5678 0.002099
5702 CNOT1_0 5711 0.002099
5702 CNOT1_0 5680 0.002099
5702 CNOT1_0 5710 0.002099
5702 CNOT1_0 5681 0.002099
5702 CNOT1_0 5709 0.002099
5702 CNOT1_2 5709 0.984339
5702 CNOT1_2 5678 0.002237
5702 CNOT1_2 5712 0.002237
5702 CNOT1_2 5680 0.002237
5702 CNOT1_2 5711 0.002237
5702 CNOT1_2 5681 0.002237
5702 CNOT1_2 5710 0.002237
5702 CNOT1_2 5679 0.002237
5702 MEAS1 5689 0.493333
5702 MEAS1 5690 0.006667
5702 MEAS1 5691 0.425000
5702 MEAS1 5692 0.075000
5702 X0 5707 0.996448
5702 X0 5702 0.001184
5702 X0 5703 0.001184
5702 X0 5706 0.001184
5703 CNOT1_0 5681 0.985304
5703 CNOT1_0 5711 0.002099
5703 CNOT1_0 5680 0.002099
5703 CNOT1_0 5712 0.002099
5703 CNOT1_0 5678 0.002099
5703 CNOT1_0 5709 0.002099
5703 CNOT1_0 5679 0.002099
5703 CNOT1_0 5710 0.002099
5703 CNOT1_2 5710 0.984339
5703 CNOT1_2 5680 0.002237
5703 CNOT1_2 5711 0.002237
5703 CNOT1_2 5678 0.002237
5703 CNOT1_2 5712 0.002237
5703 CNOT1_2 5679 0.002237
5703 CNOT1_2 5709 0.002237
5703 CNOT1_2 5681 0.002237
5703 MEAS1 5689 0.493333
5703 MEAS1 5690 0.006667
5703 MEAS1 5691 0.425000
5703 MEAS1 5692 0.075000
5703 X0 5706 0.996448
5703 X0 5703 0.001184
5703 X0 5702 0.001184
5703 X0 5707 0.001184
5704 CNOT1_0 5710 0.985304
5704 CNOT1_0 5680 0.002099
5704 CNOT1_0 5711 0.002099
5704 CNOT1_0 5678 0.002099
5704 CNOT1_0 5712 0.002099
5704 CNOT1_0 5679 0.002099
5704 CNOT1_0 5709 0.002099
5704 CNOT1_0 5681 0.002099
5704 CNOT1_2 5681 0.984339
5704 CNOT1_2 5711 0.002237
5704 CNOT1_2 5680 0.002237
5704 CNOT1_2 5712 0.002237
5704 CNOT1_2 5678 0.002237
5704 CNOT1_2 5709 0.002237
5704 CNOT1_2 5679 0.002237
5704 CNOT1_2 5710 0.002237
5704 MEAS1 5693 0.493333
5704 MEAS1 5694 0.006667
5704 MEAS1 5695 0.425000
5704 MEAS1 5696 0.075000
5704 X0 5708 0.996448
5704 X0 5704 0.001184
5704 X0 5705 0.001184
5704 X0 5701 0.001184
5705 CNOT1_0 5709 0.985304
5705 CNOT1_0 5678 0.002099
5705 CNOT1_0 5712 0.002099
5705 CNOT1_0 5680 0.002099
5705 CNOT1_0 5711 0.002099
5705 CNOT1_0 5681 0.002099
5705 CNOT1_0 5710 0.002099
5705 CNOT1_0 5679 0.002099
5705 CNOT1_2 5679 0.984339
5705 CNOT1_2 5712 0.002237
5705 CNOT1_2 5678 0.002237
5705 CNOT1_2 5711 0.002237
5705 CNOT1_2 5680 0.002237
5705 CNOT1_2 5710 0.002237
5705 CNOT1_2 5681 0.002237
5705 CNOT1_2 5709 0.002237
5705 MEAS1 5693 0.493333
5705 MEAS1 5694 0.006667
5705 MEAS1 5695 0.425000
5705 MEAS1 5696 0.075000
5705 X0 5701 0.996448
5705 X0 5705 0.001184
5705 X0 5704 0.001184
5705 X0 5708 0.001184
5706 CNOT1_0 5711 0.985304
5706 CNOT1_0 5681 0.002099
5706 CNOT1_0 5710 0.002099
5706 CNOT1_0 5679 0.002099
5706 CNOT1_0 5709 0.002099
5706 CNOT1_0 5678 0.002099
5706 CNOT1_0 5712 0.002099
5706 CNOT1_0 5680 0.002099
5706 CNOT1_2 5711 0.984339
5706 CNOT1_2 5681 0.002237
5706 CNOT1_2 5710 0.002237
5706 CNOT1_2 5679 0.002237
5706 CNOT1_2 5709 0.002237
5706 CNOT1_2 5678 0.002237
5706 CNOT1_2 5712 0.002237
5706 CNOT1_2 5680 0.002237
5706 MEAS1 5697 0.493333
5706 MEAS1 5698 0.006667
5706 MEAS1 5699 0.425000
5706 MEAS1 5700 0.075000
5706 X0 5703 0.996448
5706 X0 5706 0.001184
5706 X0 5707 0.001184
5706 X0 5702 0.001184
5707 CNOT1_0 5712 0.985304
5707 CNOT1_0 5679 0.002099
5707 CNOT1_0 5709 0.002099
5707 CNOT1_0 5681 0.002099
5707 CNOT1_0 5710 0.002099
5707 CNOT1_0 5680 0.002099
5707 CNOT1_0 5711 0.002099
5707 CNOT1_0 5678 0.002099
5707 CNOT1_2 5712 0.984339
5707 CNOT1_2 5679 0.002237
5707 CNOT1_2 5709 0.002237
5707 CNOT1_2 5681 0.002237
5707 CNOT1_2 5710 0.002237
5707 CNOT1_2 5680 0.002237
5707 CNOT1_2 5711 0.002237
5707 CNOT1_2 5678 0.002237
5707 MEAS1 5697 0.493333
5707 MEAS1 5698 0.006667
5707 MEAS1 5699 0.425000
5707 MEAS1 5700 0.075000
5707 X0 5702 0.996448
5707 X0 5707 0.001184
5707 X0 5706 0.001184
5707 X0 5703 0.001184
5708 CNOT1_0 5680 0.985304
5708 CNOT1_0 5710 0.002099
5708 CNOT1_0 5681 0.002099
5708 CNOT1_0 5709 0.002099
5708 CNOT1_0 5679 0.002099
5708 CNOT1_0 5712 0.002099
5708 CNOT1_0 5678 0.002099
5708 CNOT1_0 5711 0.002099
5708 CNOT1_2 5680 0.984339
5708 CNOT1_2 5710 0.002237
5708 CNOT1_2 5681 0.002237
5708 CNOT1_2 5709 0.002237
5708 CNOT1_2 5679 0.002237
5708 CNOT1_2 5712 0.002237
5708 CNOT1_2 5678 0.002237
5708 CNOT1_2 5711 0.002237
5708 MEAS1 5665 0.493333
5708 MEAS1 5686 0.006667
5708 MEAS1 5687 0.425000
5708 MEAS1 5688 0.075000
5708 X0 5704 0.996448
5708 X0 5708 0.001184
5708 X0 5701 0.001184
5708 X0 5705 0.001184
5709 CNOT1_0 5705 0.985304
5709 CNOT1_0 5707 0.002099
5709 CNOT1_0 5706 0.002099
5709 CNOT1_0 5708 0.002099
5709 CNOT1_0 5701 0.002099
5709 CNOT1_0 5703 0.002099
5709 CNOT1_0 5702 0.002099
5709 CNOT1_0 5704 0.002099
5709 CNOT1_2 5702 0.984339
5709 CNOT1_2 5707 0.002237
5709 CNOT1_2 5706 0.002237
5709 CNOT1_2 5708 0.002237
5709 CNOT1_2 5701 0.002237
5709 CNOT1_2 5704 0.002237
5709 CNOT1_2 5705 0.002237
5709 CNOT1_2 5703 0.002237
5709 MEAS1 5709 0.850000
5709 MEAS1 5682 0.150000
5709 X0 5712 0.996448
5709 X0 5709 0.001184
5709 X0 5710 0.001184
5709 X0 5711 0.001184
5710 CNOT1_0 5704 0.985304
5710 CNOT1_0 5706 0.002099
5710 CNOT1_0 5707 0.002099
5710 CNOT1_0 5701 0.002099
5710 CNOT1_0 5708 0.002099
5710 CNOT1_0 5702 0.002099
5710 CNOT1_0 5703 0.002099
5710 CNOT1_0 5705 0.002099
5710 CNOT1_2 5703 0.984339
5710 CNOT1_2 5706 0.002237
5710 CNOT1_2 5707 0.002237
5710 CNOT1_2 5701 0.002237
5710 CNOT1_2 5708 0.002237
5710 CNOT1_2 5705 0.002237
5710 CNOT1_2 5704 0.002237
5710 CNOT1_2 5702 0.002237
5710 MEAS1 5710 0.850000
5710 MEAS1 5683 0.150000
5710 X0 5711 0.996448
5710 X0 5710 0.001184
5710 X0 5709 0.001184
5710 X0 5712 0.001184
5711 CNOT1_0 5706 0.985304
5711 CNOT1_0 5704 0.002099
5711 CNOT1_0 5705 0.002099
5711 CNOT1_0 5702 0.002099
5711 CNOT1_0 5703 0.002099
5711 CNOT1_0 5701 0.002099
5711 CNOT1_0 5708 0.002099
5711 CNOT1_0 5707 0.002099
5711 CNOT1_2 5706 0.984339
5711 CNOT1_2 5703 0.002237
5711 CNOT1_2 5702 0.002237
5711 CNOT1_2 5705 0.002237
5711 CNOT1_2 5704 0.002237
5711 CNOT1_2 5701 0.002237
5711 CNOT1_2 5708 0.002237
5711 CNOT1_2 5707 0.002237
5711 MEAS1 5711 0.850000
5711 MEAS1 5684 0.150000
5711 X0 5710 0.996448
5711 X0 5711 0.001184
5711 X0 5712 0.001184
5711 X0 5709 0.001184
5712 CNOT1_0 5707 0.985304
5712 CNOT1_0 5705 0.002099
5712 CNOT1_0 5704 0.002099
5712 CNOT1_0 5703 0.002099
5712 CNOT1_0 5702 0.002099
5712 CNOT1_0 5708 0.002099
5712 CNOT1_0 5701 0.002099
5712 CNOT1_0 5706 0.002099
5712 CNOT1_2 5707 0.984339
5712 CNOT1_2 5702 0.002237
5712 CNOT1_2 5703 0.002237
5712 CNOT1_2 5704 0.002237
5712 CNOT1_2 5705 0.002237
5712 CNOT1_2 5708 0.002237
5712 CNOT1_2 5701 0.002237
5712 CNOT1_2 5706 0.002237
5712 MEAS1 5712 0.850000
5712 MEAS1 5685 0.150000
5712 X0 5709 0.996448
5712 X0 5712 0.001184
5712 X0 5711 0.001184
5712 X0 5710 0.001184
ENDPOMDP
