BEGINPOMDP
INITIALSTATE: 9889
STATES: 9889,9890,9891,9892,9893,9894,9895,9896,9897,9898,9899,9900,9901,9902,9903,9904,9905,9906,9907,9908,9909,9910,9911,9912,9913,9914,9915,9916,9917,9918,9919,9920,9921,9922,9923,9924,9925,9926,9927,9928,9929,9930,9931,9932,9933,9934,9935,9936
TARGETV: 9890,9892,9894,9899,9900,9901,9902,9904,9908,9909,9925,9930,9931,9932,9935,9936
GAMMA: 9889:0,9890:0,9891:0,9892:0,9893:0,9894:0,9895:0,9896:0,9897:0,9898:0,9899:0,9900:0,9901:0,9902:1,9903:1,9904:1,9905:1,9906:0,9907:0,9908:0,9909:0,9910:1,9911:1,9912:0,9913:0,9914:1,9915:1,9916:0,9917:0,9918:1,9919:1,9920:0,9921:0,9922:1,9923:1,9924:0,9925:1,9926:1,9927:1,9928:1,9929:1,9930:1,9931:1,9932:1,9933:1,9934:1,9935:1,9936:1
BEGINACTIONS
CNOT13_14 Instruction.CNOT 14 13
CNOT13_10 Instruction.CNOT 10 13
MEAS13 Instruction.MEAS None 13
X14 Instruction.X None 14
ENDACTIONS
9889 INIT_ 9890 0.250000
9889 INIT_ 9891 0.250000
9889 INIT_ 9892 0.250000
9889 INIT_ 9893 0.250000
9889 CNOT13_14 9889 0.989190
9889 CNOT13_14 9916 0.003603
9889 CNOT13_14 9917 0.003603
9889 CNOT13_14 9924 0.003603
9889 CNOT13_10 9889 0.991472
9889 CNOT13_10 9920 0.002843
9889 CNOT13_10 9913 0.002843
9889 CNOT13_10 9924 0.002843
9889 MEAS13 9889 0.988800
9889 MEAS13 9910 0.011200
9889 X14 9917 0.999481
9889 X14 9889 0.000519
9890 CNOT13_14 9894 0.987389
9890 CNOT13_14 9895 0.001802
9890 CNOT13_14 9896 0.001802
9890 CNOT13_14 9897 0.001802
9890 CNOT13_14 9898 0.001802
9890 CNOT13_14 9899 0.001802
9890 CNOT13_14 9900 0.001802
9890 CNOT13_14 9901 0.001802
9890 CNOT13_10 9894 0.990050
9890 CNOT13_10 9898 0.001421
9890 CNOT13_10 9897 0.001421
9890 CNOT13_10 9896 0.001421
9890 CNOT13_10 9895 0.001421
9890 CNOT13_10 9899 0.001421
9890 CNOT13_10 9900 0.001421
9890 CNOT13_10 9901 0.001421
9890 MEAS13 9890 0.988800
9890 MEAS13 9902 0.011200
9890 X14 9891 0.999221
9890 X14 9890 0.000260
9890 X14 9892 0.000260
9890 X14 9893 0.000260
9891 CNOT13_14 9895 0.987389
9891 CNOT13_14 9894 0.001802
9891 CNOT13_14 9901 0.001802
9891 CNOT13_14 9899 0.001802
9891 CNOT13_14 9900 0.001802
9891 CNOT13_14 9897 0.001802
9891 CNOT13_14 9898 0.001802
9891 CNOT13_14 9896 0.001802
9891 CNOT13_10 9898 0.990050
9891 CNOT13_10 9894 0.001421
9891 CNOT13_10 9901 0.001421
9891 CNOT13_10 9899 0.001421
9891 CNOT13_10 9900 0.001421
9891 CNOT13_10 9896 0.001421
9891 CNOT13_10 9895 0.001421
9891 CNOT13_10 9897 0.001421
9891 MEAS13 9891 0.988800
9891 MEAS13 9903 0.011200
9891 X14 9890 0.999221
9891 X14 9891 0.000260
9891 X14 9893 0.000260
9891 X14 9892 0.000260
9892 CNOT13_14 9901 0.987389
9892 CNOT13_14 9896 0.001802
9892 CNOT13_14 9895 0.001802
9892 CNOT13_14 9898 0.001802
9892 CNOT13_14 9897 0.001802
9892 CNOT13_14 9900 0.001802
9892 CNOT13_14 9899 0.001802
9892 CNOT13_14 9894 0.001802
9892 CNOT13_10 9901 0.990050
9892 CNOT13_10 9897 0.001421
9892 CNOT13_10 9898 0.001421
9892 CNOT13_10 9895 0.001421
9892 CNOT13_10 9896 0.001421
9892 CNOT13_10 9900 0.001421
9892 CNOT13_10 9899 0.001421
9892 CNOT13_10 9894 0.001421
9892 MEAS13 9892 0.988800
9892 MEAS13 9904 0.011200
9892 X14 9893 0.999221
9892 X14 9892 0.000260
9892 X14 9890 0.000260
9892 X14 9891 0.000260
9893 CNOT13_14 9896 0.987389
9893 CNOT13_14 9901 0.001802
9893 CNOT13_14 9894 0.001802
9893 CNOT13_14 9900 0.001802
9893 CNOT13_14 9899 0.001802
9893 CNOT13_14 9898 0.001802
9893 CNOT13_14 9897 0.001802
9893 CNOT13_14 9895 0.001802
9893 CNOT13_10 9897 0.990050
9893 CNOT13_10 9901 0.001421
9893 CNOT13_10 9894 0.001421
9893 CNOT13_10 9900 0.001421
9893 CNOT13_10 9899 0.001421
9893 CNOT13_10 9895 0.001421
9893 CNOT13_10 9896 0.001421
9893 CNOT13_10 9898 0.001421
9893 MEAS13 9893 0.988800
9893 MEAS13 9905 0.011200
9893 X14 9892 0.999221
9893 X14 9893 0.000260
9893 X14 9891 0.000260
9893 X14 9890 0.000260
9894 CNOT13_14 9890 0.987389
9894 CNOT13_14 9906 0.001802
9894 CNOT13_14 9891 0.001802
9894 CNOT13_14 9907 0.001802
9894 CNOT13_14 9893 0.001802
9894 CNOT13_14 9908 0.001802
9894 CNOT13_14 9892 0.001802
9894 CNOT13_14 9909 0.001802
9894 CNOT13_10 9890 0.990050
9894 CNOT13_10 9906 0.001421
9894 CNOT13_10 9891 0.001421
9894 CNOT13_10 9907 0.001421
9894 CNOT13_10 9893 0.001421
9894 CNOT13_10 9908 0.001421
9894 CNOT13_10 9892 0.001421
9894 CNOT13_10 9909 0.001421
9894 MEAS13 9889 0.494400
9894 MEAS13 9910 0.005600
9894 MEAS13 9911 0.492900
9894 MEAS13 9912 0.007100
9894 X14 9898 0.999221
9894 X14 9894 0.000260
9894 X14 9901 0.000260
9894 X14 9897 0.000260
9895 CNOT13_14 9891 0.987389
9895 CNOT13_14 9909 0.001802
9895 CNOT13_14 9890 0.001802
9895 CNOT13_14 9908 0.001802
9895 CNOT13_14 9892 0.001802
9895 CNOT13_14 9907 0.001802
9895 CNOT13_14 9893 0.001802
9895 CNOT13_14 9906 0.001802
9895 CNOT13_10 9906 0.990050
9895 CNOT13_10 9890 0.001421
9895 CNOT13_10 9909 0.001421
9895 CNOT13_10 9892 0.001421
9895 CNOT13_10 9908 0.001421
9895 CNOT13_10 9893 0.001421
9895 CNOT13_10 9907 0.001421
9895 CNOT13_10 9891 0.001421
9895 MEAS13 9913 0.494400
9895 MEAS13 9914 0.005600
9895 MEAS13 9915 0.492900
9895 MEAS13 9916 0.007100
9895 X14 9900 0.999221
9895 X14 9895 0.000260
9895 X14 9896 0.000260
9895 X14 9899 0.000260
9896 CNOT13_14 9893 0.987389
9896 CNOT13_14 9908 0.001802
9896 CNOT13_14 9892 0.001802
9896 CNOT13_14 9909 0.001802
9896 CNOT13_14 9890 0.001802
9896 CNOT13_14 9906 0.001802
9896 CNOT13_14 9891 0.001802
9896 CNOT13_14 9907 0.001802
9896 CNOT13_10 9907 0.990050
9896 CNOT13_10 9892 0.001421
9896 CNOT13_10 9908 0.001421
9896 CNOT13_10 9890 0.001421
9896 CNOT13_10 9909 0.001421
9896 CNOT13_10 9891 0.001421
9896 CNOT13_10 9906 0.001421
9896 CNOT13_10 9893 0.001421
9896 MEAS13 9913 0.494400
9896 MEAS13 9914 0.005600
9896 MEAS13 9915 0.492900
9896 MEAS13 9916 0.007100
9896 X14 9899 0.999221
9896 X14 9896 0.000260
9896 X14 9895 0.000260
9896 X14 9900 0.000260
9897 CNOT13_14 9907 0.987389
9897 CNOT13_14 9892 0.001802
9897 CNOT13_14 9908 0.001802
9897 CNOT13_14 9890 0.001802
9897 CNOT13_14 9909 0.001802
9897 CNOT13_14 9891 0.001802
9897 CNOT13_14 9906 0.001802
9897 CNOT13_14 9893 0.001802
9897 CNOT13_10 9893 0.990050
9897 CNOT13_10 9908 0.001421
9897 CNOT13_10 9892 0.001421
9897 CNOT13_10 9909 0.001421
9897 CNOT13_10 9890 0.001421
9897 CNOT13_10 9906 0.001421
9897 CNOT13_10 9891 0.001421
9897 CNOT13_10 9907 0.001421
9897 MEAS13 9917 0.494400
9897 MEAS13 9918 0.005600
9897 MEAS13 9919 0.492900
9897 MEAS13 9920 0.007100
9897 X14 9901 0.999221
9897 X14 9897 0.000260
9897 X14 9898 0.000260
9897 X14 9894 0.000260
9898 CNOT13_14 9906 0.987389
9898 CNOT13_14 9890 0.001802
9898 CNOT13_14 9909 0.001802
9898 CNOT13_14 9892 0.001802
9898 CNOT13_14 9908 0.001802
9898 CNOT13_14 9893 0.001802
9898 CNOT13_14 9907 0.001802
9898 CNOT13_14 9891 0.001802
9898 CNOT13_10 9891 0.990050
9898 CNOT13_10 9909 0.001421
9898 CNOT13_10 9890 0.001421
9898 CNOT13_10 9908 0.001421
9898 CNOT13_10 9892 0.001421
9898 CNOT13_10 9907 0.001421
9898 CNOT13_10 9893 0.001421
9898 CNOT13_10 9906 0.001421
9898 MEAS13 9917 0.494400
9898 MEAS13 9918 0.005600
9898 MEAS13 9919 0.492900
9898 MEAS13 9920 0.007100
9898 X14 9894 0.999221
9898 X14 9898 0.000260
9898 X14 9897 0.000260
9898 X14 9901 0.000260
9899 CNOT13_14 9908 0.987389
9899 CNOT13_14 9893 0.001802
9899 CNOT13_14 9907 0.001802
9899 CNOT13_14 9891 0.001802
9899 CNOT13_14 9906 0.001802
9899 CNOT13_14 9890 0.001802
9899 CNOT13_14 9909 0.001802
9899 CNOT13_14 9892 0.001802
9899 CNOT13_10 9908 0.990050
9899 CNOT13_10 9893 0.001421
9899 CNOT13_10 9907 0.001421
9899 CNOT13_10 9891 0.001421
9899 CNOT13_10 9906 0.001421
9899 CNOT13_10 9890 0.001421
9899 CNOT13_10 9909 0.001421
9899 CNOT13_10 9892 0.001421
9899 MEAS13 9921 0.494400
9899 MEAS13 9922 0.005600
9899 MEAS13 9923 0.492900
9899 MEAS13 9924 0.007100
9899 X14 9896 0.999221
9899 X14 9899 0.000260
9899 X14 9900 0.000260
9899 X14 9895 0.000260
9900 CNOT13_14 9909 0.987389
9900 CNOT13_14 9891 0.001802
9900 CNOT13_14 9906 0.001802
9900 CNOT13_14 9893 0.001802
9900 CNOT13_14 9907 0.001802
9900 CNOT13_14 9892 0.001802
9900 CNOT13_14 9908 0.001802
9900 CNOT13_14 9890 0.001802
9900 CNOT13_10 9909 0.990050
9900 CNOT13_10 9891 0.001421
9900 CNOT13_10 9906 0.001421
9900 CNOT13_10 9893 0.001421
9900 CNOT13_10 9907 0.001421
9900 CNOT13_10 9892 0.001421
9900 CNOT13_10 9908 0.001421
9900 CNOT13_10 9890 0.001421
9900 MEAS13 9921 0.494400
9900 MEAS13 9922 0.005600
9900 MEAS13 9923 0.492900
9900 MEAS13 9924 0.007100
9900 X14 9895 0.999221
9900 X14 9900 0.000260
9900 X14 9899 0.000260
9900 X14 9896 0.000260
9901 CNOT13_14 9892 0.987389
9901 CNOT13_14 9907 0.001802
9901 CNOT13_14 9893 0.001802
9901 CNOT13_14 9906 0.001802
9901 CNOT13_14 9891 0.001802
9901 CNOT13_14 9909 0.001802
9901 CNOT13_14 9890 0.001802
9901 CNOT13_14 9908 0.001802
9901 CNOT13_10 9892 0.990050
9901 CNOT13_10 9907 0.001421
9901 CNOT13_10 9893 0.001421
9901 CNOT13_10 9906 0.001421
9901 CNOT13_10 9891 0.001421
9901 CNOT13_10 9909 0.001421
9901 CNOT13_10 9890 0.001421
9901 CNOT13_10 9908 0.001421
9901 MEAS13 9889 0.494400
9901 MEAS13 9910 0.005600
9901 MEAS13 9911 0.492900
9901 MEAS13 9912 0.007100
9901 X14 9897 0.999221
9901 X14 9901 0.000260
9901 X14 9894 0.000260
9901 X14 9898 0.000260
9902 CNOT13_14 9925 0.987389
9902 CNOT13_14 9926 0.001802
9902 CNOT13_14 9927 0.001802
9902 CNOT13_14 9928 0.001802
9902 CNOT13_14 9929 0.001802
9902 CNOT13_14 9930 0.001802
9902 CNOT13_14 9931 0.001802
9902 CNOT13_14 9932 0.001802
9902 CNOT13_10 9925 0.990050
9902 CNOT13_10 9929 0.001421
9902 CNOT13_10 9928 0.001421
9902 CNOT13_10 9927 0.001421
9902 CNOT13_10 9926 0.001421
9902 CNOT13_10 9930 0.001421
9902 CNOT13_10 9931 0.001421
9902 CNOT13_10 9932 0.001421
9902 MEAS13 9890 0.988800
9902 MEAS13 9902 0.011200
9902 X14 9903 0.999221
9902 X14 9902 0.000260
9902 X14 9904 0.000260
9902 X14 9905 0.000260
9903 CNOT13_14 9926 0.987389
9903 CNOT13_14 9925 0.001802
9903 CNOT13_14 9932 0.001802
9903 CNOT13_14 9930 0.001802
9903 CNOT13_14 9931 0.001802
9903 CNOT13_14 9928 0.001802
9903 CNOT13_14 9929 0.001802
9903 CNOT13_14 9927 0.001802
9903 CNOT13_10 9929 0.990050
9903 CNOT13_10 9925 0.001421
9903 CNOT13_10 9932 0.001421
9903 CNOT13_10 9930 0.001421
9903 CNOT13_10 9931 0.001421
9903 CNOT13_10 9927 0.001421
9903 CNOT13_10 9926 0.001421
9903 CNOT13_10 9928 0.001421
9903 MEAS13 9891 0.988800
9903 MEAS13 9903 0.011200
9903 X14 9902 0.999221
9903 X14 9903 0.000260
9903 X14 9905 0.000260
9903 X14 9904 0.000260
9904 CNOT13_14 9932 0.987389
9904 CNOT13_14 9927 0.001802
9904 CNOT13_14 9926 0.001802
9904 CNOT13_14 9929 0.001802
9904 CNOT13_14 9928 0.001802
9904 CNOT13_14 9931 0.001802
9904 CNOT13_14 9930 0.001802
9904 CNOT13_14 9925 0.001802
9904 CNOT13_10 9932 0.990050
9904 CNOT13_10 9928 0.001421
9904 CNOT13_10 9929 0.001421
9904 CNOT13_10 9926 0.001421
9904 CNOT13_10 9927 0.001421
9904 CNOT13_10 9931 0.001421
9904 CNOT13_10 9930 0.001421
9904 CNOT13_10 9925 0.001421
9904 MEAS13 9892 0.988800
9904 MEAS13 9904 0.011200
9904 X14 9905 0.999221
9904 X14 9904 0.000260
9904 X14 9902 0.000260
9904 X14 9903 0.000260
9905 CNOT13_14 9927 0.987389
9905 CNOT13_14 9932 0.001802
9905 CNOT13_14 9925 0.001802
9905 CNOT13_14 9931 0.001802
9905 CNOT13_14 9930 0.001802
9905 CNOT13_14 9929 0.001802
9905 CNOT13_14 9928 0.001802
9905 CNOT13_14 9926 0.001802
9905 CNOT13_10 9928 0.990050
9905 CNOT13_10 9932 0.001421
9905 CNOT13_10 9925 0.001421
9905 CNOT13_10 9931 0.001421
9905 CNOT13_10 9930 0.001421
9905 CNOT13_10 9926 0.001421
9905 CNOT13_10 9927 0.001421
9905 CNOT13_10 9929 0.001421
9905 MEAS13 9893 0.988800
9905 MEAS13 9905 0.011200
9905 X14 9904 0.999221
9905 X14 9905 0.000260
9905 X14 9903 0.000260
9905 X14 9902 0.000260
9906 CNOT13_14 9898 0.987389
9906 CNOT13_14 9900 0.001802
9906 CNOT13_14 9899 0.001802
9906 CNOT13_14 9901 0.001802
9906 CNOT13_14 9894 0.001802
9906 CNOT13_14 9896 0.001802
9906 CNOT13_14 9895 0.001802
9906 CNOT13_14 9897 0.001802
9906 CNOT13_10 9895 0.990050
9906 CNOT13_10 9900 0.001421
9906 CNOT13_10 9899 0.001421
9906 CNOT13_10 9901 0.001421
9906 CNOT13_10 9894 0.001421
9906 CNOT13_10 9897 0.001421
9906 CNOT13_10 9898 0.001421
9906 CNOT13_10 9896 0.001421
9906 MEAS13 9933 0.985800
9906 MEAS13 9906 0.014200
9906 X14 9909 0.999221
9906 X14 9906 0.000260
9906 X14 9907 0.000260
9906 X14 9908 0.000260
9907 CNOT13_14 9897 0.987389
9907 CNOT13_14 9899 0.001802
9907 CNOT13_14 9900 0.001802
9907 CNOT13_14 9894 0.001802
9907 CNOT13_14 9901 0.001802
9907 CNOT13_14 9895 0.001802
9907 CNOT13_14 9896 0.001802
9907 CNOT13_14 9898 0.001802
9907 CNOT13_10 9896 0.990050
9907 CNOT13_10 9899 0.001421
9907 CNOT13_10 9900 0.001421
9907 CNOT13_10 9894 0.001421
9907 CNOT13_10 9901 0.001421
9907 CNOT13_10 9898 0.001421
9907 CNOT13_10 9897 0.001421
9907 CNOT13_10 9895 0.001421
9907 MEAS13 9934 0.985800
9907 MEAS13 9907 0.014200
9907 X14 9908 0.999221
9907 X14 9907 0.000260
9907 X14 9906 0.000260
9907 X14 9909 0.000260
9908 CNOT13_14 9899 0.987389
9908 CNOT13_14 9897 0.001802
9908 CNOT13_14 9898 0.001802
9908 CNOT13_14 9895 0.001802
9908 CNOT13_14 9896 0.001802
9908 CNOT13_14 9894 0.001802
9908 CNOT13_14 9901 0.001802
9908 CNOT13_14 9900 0.001802
9908 CNOT13_10 9899 0.990050
9908 CNOT13_10 9896 0.001421
9908 CNOT13_10 9895 0.001421
9908 CNOT13_10 9898 0.001421
9908 CNOT13_10 9897 0.001421
9908 CNOT13_10 9894 0.001421
9908 CNOT13_10 9901 0.001421
9908 CNOT13_10 9900 0.001421
9908 MEAS13 9935 0.985800
9908 MEAS13 9908 0.014200
9908 X14 9907 0.999221
9908 X14 9908 0.000260
9908 X14 9909 0.000260
9908 X14 9906 0.000260
9909 CNOT13_14 9900 0.987389
9909 CNOT13_14 9898 0.001802
9909 CNOT13_14 9897 0.001802
9909 CNOT13_14 9896 0.001802
9909 CNOT13_14 9895 0.001802
9909 CNOT13_14 9901 0.001802
9909 CNOT13_14 9894 0.001802
9909 CNOT13_14 9899 0.001802
9909 CNOT13_10 9900 0.990050
9909 CNOT13_10 9895 0.001421
9909 CNOT13_10 9896 0.001421
9909 CNOT13_10 9897 0.001421
9909 CNOT13_10 9898 0.001421
9909 CNOT13_10 9901 0.001421
9909 CNOT13_10 9894 0.001421
9909 CNOT13_10 9899 0.001421
9909 MEAS13 9936 0.985800
9909 MEAS13 9909 0.014200
9909 X14 9906 0.999221
9909 X14 9909 0.000260
9909 X14 9908 0.000260
9909 X14 9907 0.000260
9910 CNOT13_14 9910 0.989190
9910 CNOT13_14 9915 0.003603
9910 CNOT13_14 9918 0.003603
9910 CNOT13_14 9923 0.003603
9910 CNOT13_10 9910 0.991472
9910 CNOT13_10 9919 0.002843
9910 CNOT13_10 9914 0.002843
9910 CNOT13_10 9923 0.002843
9910 MEAS13 9889 0.988800
9910 MEAS13 9910 0.011200
9910 X14 9918 0.999481
9910 X14 9910 0.000519
9911 CNOT13_14 9922 0.989190
9911 CNOT13_14 9919 0.003603
9911 CNOT13_14 9914 0.003603
9911 CNOT13_14 9911 0.003603
9911 CNOT13_10 9922 0.991472
9911 CNOT13_10 9915 0.002843
9911 CNOT13_10 9918 0.002843
9911 CNOT13_10 9911 0.002843
9911 MEAS13 9911 0.985800
9911 MEAS13 9912 0.014200
9911 X14 9919 0.999481
9911 X14 9911 0.000519
9912 CNOT13_14 9921 0.989190
9912 CNOT13_14 9920 0.003603
9912 CNOT13_14 9913 0.003603
9912 CNOT13_14 9912 0.003603
9912 CNOT13_10 9921 0.991472
9912 CNOT13_10 9916 0.002843
9912 CNOT13_10 9917 0.002843
9912 CNOT13_10 9912 0.002843
9912 MEAS13 9911 0.985800
9912 MEAS13 9912 0.014200
9912 X14 9920 0.999481
9912 X14 9912 0.000519
9913 CNOT13_14 9913 0.989190
9913 CNOT13_14 9912 0.003603
9913 CNOT13_14 9921 0.003603
9913 CNOT13_14 9920 0.003603
9913 CNOT13_10 9920 0.991472
9913 CNOT13_10 9889 0.002843
9913 CNOT13_10 9924 0.002843
9913 CNOT13_10 9913 0.002843
9913 MEAS13 9913 0.988800
9913 MEAS13 9914 0.011200
9913 X14 9921 0.999481
9913 X14 9913 0.000519
9914 CNOT13_14 9914 0.989190
9914 CNOT13_14 9911 0.003603
9914 CNOT13_14 9922 0.003603
9914 CNOT13_14 9919 0.003603
9914 CNOT13_10 9919 0.991472
9914 CNOT13_10 9910 0.002843
9914 CNOT13_10 9923 0.002843
9914 CNOT13_10 9914 0.002843
9914 MEAS13 9913 0.988800
9914 MEAS13 9914 0.011200
9914 X14 9922 0.999481
9914 X14 9914 0.000519
9915 CNOT13_14 9918 0.989190
9915 CNOT13_14 9923 0.003603
9915 CNOT13_14 9910 0.003603
9915 CNOT13_14 9915 0.003603
9915 CNOT13_10 9915 0.991472
9915 CNOT13_10 9922 0.002843
9915 CNOT13_10 9911 0.002843
9915 CNOT13_10 9918 0.002843
9915 MEAS13 9915 0.985800
9915 MEAS13 9916 0.014200
9915 X14 9923 0.999481
9915 X14 9915 0.000519
9916 CNOT13_14 9917 0.989190
9916 CNOT13_14 9924 0.003603
9916 CNOT13_14 9889 0.003603
9916 CNOT13_14 9916 0.003603
9916 CNOT13_10 9916 0.991472
9916 CNOT13_10 9921 0.002843
9916 CNOT13_10 9912 0.002843
9916 CNOT13_10 9917 0.002843
9916 MEAS13 9915 0.985800
9916 MEAS13 9916 0.014200
9916 X14 9924 0.999481
9916 X14 9916 0.000519
9917 CNOT13_14 9916 0.989190
9917 CNOT13_14 9889 0.003603
9917 CNOT13_14 9924 0.003603
9917 CNOT13_14 9917 0.003603
9917 CNOT13_10 9917 0.991472
9917 CNOT13_10 9912 0.002843
9917 CNOT13_10 9921 0.002843
9917 CNOT13_10 9916 0.002843
9917 MEAS13 9917 0.988800
9917 MEAS13 9918 0.011200
9917 X14 9889 0.999481
9917 X14 9917 0.000519
9918 CNOT13_14 9915 0.989190
9918 CNOT13_14 9910 0.003603
9918 CNOT13_14 9923 0.003603
9918 CNOT13_14 9918 0.003603
9918 CNOT13_10 9918 0.991472
9918 CNOT13_10 9911 0.002843
9918 CNOT13_10 9922 0.002843
9918 CNOT13_10 9915 0.002843
9918 MEAS13 9917 0.988800
9918 MEAS13 9918 0.011200
9918 X14 9910 0.999481
9918 X14 9918 0.000519
9919 CNOT13_14 9919 0.989190
9919 CNOT13_14 9922 0.003603
9919 CNOT13_14 9911 0.003603
9919 CNOT13_14 9914 0.003603
9919 CNOT13_10 9914 0.991472
9919 CNOT13_10 9923 0.002843
9919 CNOT13_10 9910 0.002843
9919 CNOT13_10 9919 0.002843
9919 MEAS13 9919 0.985800
9919 MEAS13 9920 0.014200
9919 X14 9911 0.999481
9919 X14 9919 0.000519
9920 CNOT13_14 9920 0.989190
9920 CNOT13_14 9921 0.003603
9920 CNOT13_14 9912 0.003603
9920 CNOT13_14 9913 0.003603
9920 CNOT13_10 9913 0.991472
9920 CNOT13_10 9924 0.002843
9920 CNOT13_10 9889 0.002843
9920 CNOT13_10 9920 0.002843
9920 MEAS13 9919 0.985800
9920 MEAS13 9920 0.014200
9920 X14 9912 0.999481
9920 X14 9920 0.000519
9921 CNOT13_14 9912 0.989190
9921 CNOT13_14 9913 0.003603
9921 CNOT13_14 9920 0.003603
9921 CNOT13_14 9921 0.003603
9921 CNOT13_10 9912 0.991472
9921 CNOT13_10 9917 0.002843
9921 CNOT13_10 9916 0.002843
9921 CNOT13_10 9921 0.002843
9921 MEAS13 9921 0.988800
9921 MEAS13 9922 0.011200
9921 X14 9913 0.999481
9921 X14 9921 0.000519
9922 CNOT13_14 9911 0.989190
9922 CNOT13_14 9914 0.003603
9922 CNOT13_14 9919 0.003603
9922 CNOT13_14 9922 0.003603
9922 CNOT13_10 9911 0.991472
9922 CNOT13_10 9918 0.002843
9922 CNOT13_10 9915 0.002843
9922 CNOT13_10 9922 0.002843
9922 MEAS13 9921 0.988800
9922 MEAS13 9922 0.011200
9922 X14 9914 0.999481
9922 X14 9922 0.000519
9923 CNOT13_14 9923 0.989190
9923 CNOT13_14 9918 0.003603
9923 CNOT13_14 9915 0.003603
9923 CNOT13_14 9910 0.003603
9923 CNOT13_10 9923 0.991472
9923 CNOT13_10 9914 0.002843
9923 CNOT13_10 9919 0.002843
9923 CNOT13_10 9910 0.002843
9923 MEAS13 9923 0.985800
9923 MEAS13 9924 0.014200
9923 X14 9915 0.999481
9923 X14 9923 0.000519
9924 CNOT13_14 9924 0.989190
9924 CNOT13_14 9917 0.003603
9924 CNOT13_14 9916 0.003603
9924 CNOT13_14 9889 0.003603
9924 CNOT13_10 9924 0.991472
9924 CNOT13_10 9913 0.002843
9924 CNOT13_10 9920 0.002843
9924 CNOT13_10 9889 0.002843
9924 MEAS13 9923 0.985800
9924 MEAS13 9924 0.014200
9924 X14 9916 0.999481
9924 X14 9924 0.000519
9925 CNOT13_14 9902 0.987389
9925 CNOT13_14 9933 0.001802
9925 CNOT13_14 9903 0.001802
9925 CNOT13_14 9934 0.001802
9925 CNOT13_14 9905 0.001802
9925 CNOT13_14 9935 0.001802
9925 CNOT13_14 9904 0.001802
9925 CNOT13_14 9936 0.001802
9925 CNOT13_10 9902 0.990050
9925 CNOT13_10 9933 0.001421
9925 CNOT13_10 9903 0.001421
9925 CNOT13_10 9934 0.001421
9925 CNOT13_10 9905 0.001421
9925 CNOT13_10 9935 0.001421
9925 CNOT13_10 9904 0.001421
9925 CNOT13_10 9936 0.001421
9925 MEAS13 9889 0.494400
9925 MEAS13 9910 0.005600
9925 MEAS13 9911 0.492900
9925 MEAS13 9912 0.007100
9925 X14 9929 0.999221
9925 X14 9925 0.000260
9925 X14 9932 0.000260
9925 X14 9928 0.000260
9926 CNOT13_14 9903 0.987389
9926 CNOT13_14 9936 0.001802
9926 CNOT13_14 9902 0.001802
9926 CNOT13_14 9935 0.001802
9926 CNOT13_14 9904 0.001802
9926 CNOT13_14 9934 0.001802
9926 CNOT13_14 9905 0.001802
9926 CNOT13_14 9933 0.001802
9926 CNOT13_10 9933 0.990050
9926 CNOT13_10 9902 0.001421
9926 CNOT13_10 9936 0.001421
9926 CNOT13_10 9904 0.001421
9926 CNOT13_10 9935 0.001421
9926 CNOT13_10 9905 0.001421
9926 CNOT13_10 9934 0.001421
9926 CNOT13_10 9903 0.001421
9926 MEAS13 9913 0.494400
9926 MEAS13 9914 0.005600
9926 MEAS13 9915 0.492900
9926 MEAS13 9916 0.007100
9926 X14 9931 0.999221
9926 X14 9926 0.000260
9926 X14 9927 0.000260
9926 X14 9930 0.000260
9927 CNOT13_14 9905 0.987389
9927 CNOT13_14 9935 0.001802
9927 CNOT13_14 9904 0.001802
9927 CNOT13_14 9936 0.001802
9927 CNOT13_14 9902 0.001802
9927 CNOT13_14 9933 0.001802
9927 CNOT13_14 9903 0.001802
9927 CNOT13_14 9934 0.001802
9927 CNOT13_10 9934 0.990050
9927 CNOT13_10 9904 0.001421
9927 CNOT13_10 9935 0.001421
9927 CNOT13_10 9902 0.001421
9927 CNOT13_10 9936 0.001421
9927 CNOT13_10 9903 0.001421
9927 CNOT13_10 9933 0.001421
9927 CNOT13_10 9905 0.001421
9927 MEAS13 9913 0.494400
9927 MEAS13 9914 0.005600
9927 MEAS13 9915 0.492900
9927 MEAS13 9916 0.007100
9927 X14 9930 0.999221
9927 X14 9927 0.000260
9927 X14 9926 0.000260
9927 X14 9931 0.000260
9928 CNOT13_14 9934 0.987389
9928 CNOT13_14 9904 0.001802
9928 CNOT13_14 9935 0.001802
9928 CNOT13_14 9902 0.001802
9928 CNOT13_14 9936 0.001802
9928 CNOT13_14 9903 0.001802
9928 CNOT13_14 9933 0.001802
9928 CNOT13_14 9905 0.001802
9928 CNOT13_10 9905 0.990050
9928 CNOT13_10 9935 0.001421
9928 CNOT13_10 9904 0.001421
9928 CNOT13_10 9936 0.001421
9928 CNOT13_10 9902 0.001421
9928 CNOT13_10 9933 0.001421
9928 CNOT13_10 9903 0.001421
9928 CNOT13_10 9934 0.001421
9928 MEAS13 9917 0.494400
9928 MEAS13 9918 0.005600
9928 MEAS13 9919 0.492900
9928 MEAS13 9920 0.007100
9928 X14 9932 0.999221
9928 X14 9928 0.000260
9928 X14 9929 0.000260
9928 X14 9925 0.000260
9929 CNOT13_14 9933 0.987389
9929 CNOT13_14 9902 0.001802
9929 CNOT13_14 9936 0.001802
9929 CNOT13_14 9904 0.001802
9929 CNOT13_14 9935 0.001802
9929 CNOT13_14 9905 0.001802
9929 CNOT13_14 9934 0.001802
9929 CNOT13_14 9903 0.001802
9929 CNOT13_10 9903 0.990050
9929 CNOT13_10 9936 0.001421
9929 CNOT13_10 9902 0.001421
9929 CNOT13_10 9935 0.001421
9929 CNOT13_10 9904 0.001421
9929 CNOT13_10 9934 0.001421
9929 CNOT13_10 9905 0.001421
9929 CNOT13_10 9933 0.001421
9929 MEAS13 9917 0.494400
9929 MEAS13 9918 0.005600
9929 MEAS13 9919 0.492900
9929 MEAS13 9920 0.007100
9929 X14 9925 0.999221
9929 X14 9929 0.000260
9929 X14 9928 0.000260
9929 X14 9932 0.000260
9930 CNOT13_14 9935 0.987389
9930 CNOT13_14 9905 0.001802
9930 CNOT13_14 9934 0.001802
9930 CNOT13_14 9903 0.001802
9930 CNOT13_14 9933 0.001802
9930 CNOT13_14 9902 0.001802
9930 CNOT13_14 9936 0.001802
9930 CNOT13_14 9904 0.001802
9930 CNOT13_10 9935 0.990050
9930 CNOT13_10 9905 0.001421
9930 CNOT13_10 9934 0.001421
9930 CNOT13_10 9903 0.001421
9930 CNOT13_10 9933 0.001421
9930 CNOT13_10 9902 0.001421
9930 CNOT13_10 9936 0.001421
9930 CNOT13_10 9904 0.001421
9930 MEAS13 9921 0.494400
9930 MEAS13 9922 0.005600
9930 MEAS13 9923 0.492900
9930 MEAS13 9924 0.007100
9930 X14 9927 0.999221
9930 X14 9930 0.000260
9930 X14 9931 0.000260
9930 X14 9926 0.000260
9931 CNOT13_14 9936 0.987389
9931 CNOT13_14 9903 0.001802
9931 CNOT13_14 9933 0.001802
9931 CNOT13_14 9905 0.001802
9931 CNOT13_14 9934 0.001802
9931 CNOT13_14 9904 0.001802
9931 CNOT13_14 9935 0.001802
9931 CNOT13_14 9902 0.001802
9931 CNOT13_10 9936 0.990050
9931 CNOT13_10 9903 0.001421
9931 CNOT13_10 9933 0.001421
9931 CNOT13_10 9905 0.001421
9931 CNOT13_10 9934 0.001421
9931 CNOT13_10 9904 0.001421
9931 CNOT13_10 9935 0.001421
9931 CNOT13_10 9902 0.001421
9931 MEAS13 9921 0.494400
9931 MEAS13 9922 0.005600
9931 MEAS13 9923 0.492900
9931 MEAS13 9924 0.007100
9931 X14 9926 0.999221
9931 X14 9931 0.000260
9931 X14 9930 0.000260
9931 X14 9927 0.000260
9932 CNOT13_14 9904 0.987389
9932 CNOT13_14 9934 0.001802
9932 CNOT13_14 9905 0.001802
9932 CNOT13_14 9933 0.001802
9932 CNOT13_14 9903 0.001802
9932 CNOT13_14 9936 0.001802
9932 CNOT13_14 9902 0.001802
9932 CNOT13_14 9935 0.001802
9932 CNOT13_10 9904 0.990050
9932 CNOT13_10 9934 0.001421
9932 CNOT13_10 9905 0.001421
9932 CNOT13_10 9933 0.001421
9932 CNOT13_10 9903 0.001421
9932 CNOT13_10 9936 0.001421
9932 CNOT13_10 9902 0.001421
9932 CNOT13_10 9935 0.001421
9932 MEAS13 9889 0.494400
9932 MEAS13 9910 0.005600
9932 MEAS13 9911 0.492900
9932 MEAS13 9912 0.007100
9932 X14 9928 0.999221
9932 X14 9932 0.000260
9932 X14 9925 0.000260
9932 X14 9929 0.000260
9933 CNOT13_14 9929 0.987389
9933 CNOT13_14 9931 0.001802
9933 CNOT13_14 9930 0.001802
9933 CNOT13_14 9932 0.001802
9933 CNOT13_14 9925 0.001802
9933 CNOT13_14 9927 0.001802
9933 CNOT13_14 9926 0.001802
9933 CNOT13_14 9928 0.001802
9933 CNOT13_10 9926 0.990050
9933 CNOT13_10 9931 0.001421
9933 CNOT13_10 9930 0.001421
9933 CNOT13_10 9932 0.001421
9933 CNOT13_10 9925 0.001421
9933 CNOT13_10 9928 0.001421
9933 CNOT13_10 9929 0.001421
9933 CNOT13_10 9927 0.001421
9933 MEAS13 9933 0.985800
9933 MEAS13 9906 0.014200
9933 X14 9936 0.999221
9933 X14 9933 0.000260
9933 X14 9934 0.000260
9933 X14 9935 0.000260
9934 CNOT13_14 9928 0.987389
9934 CNOT13_14 9930 0.001802
9934 CNOT13_14 9931 0.001802
9934 CNOT13_14 9925 0.001802
9934 CNOT13_14 9932 0.001802
9934 CNOT13_14 9926 0.001802
9934 CNOT13_14 9927 0.001802
9934 CNOT13_14 9929 0.001802
9934 CNOT13_10 9927 0.990050
9934 CNOT13_10 9930 0.001421
9934 CNOT13_10 9931 0.001421
9934 CNOT13_10 9925 0.001421
9934 CNOT13_10 9932 0.001421
9934 CNOT13_10 9929 0.001421
9934 CNOT13_10 9928 0.001421
9934 CNOT13_10 9926 0.001421
9934 MEAS13 9934 0.985800
9934 MEAS13 9907 0.014200
9934 X14 9935 0.999221
9934 X14 9934 0.000260
9934 X14 9933 0.000260
9934 X14 9936 0.000260
9935 CNOT13_14 9930 0.987389
9935 CNOT13_14 9928 0.001802
9935 CNOT13_14 9929 0.001802
9935 CNOT13_14 9926 0.001802
9935 CNOT13_14 9927 0.001802
9935 CNOT13_14 9925 0.001802
9935 CNOT13_14 9932 0.001802
9935 CNOT13_14 9931 0.001802
9935 CNOT13_10 9930 0.990050
9935 CNOT13_10 9927 0.001421
9935 CNOT13_10 9926 0.001421
9935 CNOT13_10 9929 0.001421
9935 CNOT13_10 9928 0.001421
9935 CNOT13_10 9925 0.001421
9935 CNOT13_10 9932 0.001421
9935 CNOT13_10 9931 0.001421
9935 MEAS13 9935 0.985800
9935 MEAS13 9908 0.014200
9935 X14 9934 0.999221
9935 X14 9935 0.000260
9935 X14 9936 0.000260
9935 X14 9933 0.000260
9936 CNOT13_14 9931 0.987389
9936 CNOT13_14 9929 0.001802
9936 CNOT13_14 9928 0.001802
9936 CNOT13_14 9927 0.001802
9936 CNOT13_14 9926 0.001802
9936 CNOT13_14 9932 0.001802
9936 CNOT13_14 9925 0.001802
9936 CNOT13_14 9930 0.001802
9936 CNOT13_10 9931 0.990050
9936 CNOT13_10 9926 0.001421
9936 CNOT13_10 9927 0.001421
9936 CNOT13_10 9928 0.001421
9936 CNOT13_10 9929 0.001421
9936 CNOT13_10 9932 0.001421
9936 CNOT13_10 9925 0.001421
9936 CNOT13_10 9930 0.001421
9936 MEAS13 9936 0.985800
9936 MEAS13 9909 0.014200
9936 X14 9933 0.999221
9936 X14 9936 0.000260
9936 X14 9935 0.000260
9936 X14 9934 0.000260
ENDPOMDP
