BEGINPOMDP
INITIALSTATE: 9505
STATES: 9505,9506,9507,9508,9509,9510,9511,9512,9513,9514,9515,9516,9517,9518,9519,9520,9521,9522,9523,9524,9525,9526,9527,9528,9529,9530,9531,9532,9533,9534,9535,9536,9537,9538,9539,9540,9541,9542,9543,9544,9545,9546,9547,9548,9549,9550,9551,9552
TARGETV: 9506,9508,9510,9515,9516,9517,9518,9520,9524,9525,9541,9546,9547,9548,9551,9552
GAMMA: 9505:0,9506:0,9507:0,9508:0,9509:0,9510:0,9511:0,9512:0,9513:0,9514:0,9515:0,9516:0,9517:0,9518:1,9519:1,9520:1,9521:1,9522:0,9523:0,9524:0,9525:0,9526:1,9527:1,9528:0,9529:0,9530:1,9531:1,9532:0,9533:0,9534:1,9535:1,9536:0,9537:0,9538:1,9539:1,9540:0,9541:1,9542:1,9543:1,9544:1,9545:1,9546:1,9547:1,9548:1,9549:1,9550:1,9551:1,9552:1
BEGINACTIONS
CNOT23_22 Instruction.CNOT 22 23
CNOT23_17 Instruction.CNOT 17 23
MEAS23 Instruction.MEAS None 23
X22 Instruction.X None 22
ENDACTIONS
9505 INIT_ 9506 0.250000
9505 INIT_ 9507 0.250000
9505 INIT_ 9508 0.250000
9505 INIT_ 9509 0.250000
9505 CNOT23_22 9505 0.927952
9505 CNOT23_22 9532 0.024016
9505 CNOT23_22 9533 0.024016
9505 CNOT23_22 9540 0.024016
9505 CNOT23_17 9505 0.968374
9505 CNOT23_17 9536 0.010542
9505 CNOT23_17 9529 0.010542
9505 CNOT23_17 9540 0.010542
9505 MEAS23 9505 0.994000
9505 MEAS23 9526 0.006000
9505 X22 9533 0.995698
9505 X22 9505 0.004302
9506 CNOT23_22 9510 0.915944
9506 CNOT23_22 9511 0.012008
9506 CNOT23_22 9512 0.012008
9506 CNOT23_22 9513 0.012008
9506 CNOT23_22 9514 0.012008
9506 CNOT23_22 9515 0.012008
9506 CNOT23_22 9516 0.012008
9506 CNOT23_22 9517 0.012008
9506 CNOT23_17 9510 0.963103
9506 CNOT23_17 9514 0.005271
9506 CNOT23_17 9513 0.005271
9506 CNOT23_17 9512 0.005271
9506 CNOT23_17 9511 0.005271
9506 CNOT23_17 9515 0.005271
9506 CNOT23_17 9516 0.005271
9506 CNOT23_17 9517 0.005271
9506 MEAS23 9506 0.994000
9506 MEAS23 9518 0.006000
9506 X22 9507 0.993546
9506 X22 9506 0.002151
9506 X22 9508 0.002151
9506 X22 9509 0.002151
9507 CNOT23_22 9511 0.915944
9507 CNOT23_22 9510 0.012008
9507 CNOT23_22 9517 0.012008
9507 CNOT23_22 9515 0.012008
9507 CNOT23_22 9516 0.012008
9507 CNOT23_22 9513 0.012008
9507 CNOT23_22 9514 0.012008
9507 CNOT23_22 9512 0.012008
9507 CNOT23_17 9514 0.963103
9507 CNOT23_17 9510 0.005271
9507 CNOT23_17 9517 0.005271
9507 CNOT23_17 9515 0.005271
9507 CNOT23_17 9516 0.005271
9507 CNOT23_17 9512 0.005271
9507 CNOT23_17 9511 0.005271
9507 CNOT23_17 9513 0.005271
9507 MEAS23 9507 0.994000
9507 MEAS23 9519 0.006000
9507 X22 9506 0.993546
9507 X22 9507 0.002151
9507 X22 9509 0.002151
9507 X22 9508 0.002151
9508 CNOT23_22 9517 0.915944
9508 CNOT23_22 9512 0.012008
9508 CNOT23_22 9511 0.012008
9508 CNOT23_22 9514 0.012008
9508 CNOT23_22 9513 0.012008
9508 CNOT23_22 9516 0.012008
9508 CNOT23_22 9515 0.012008
9508 CNOT23_22 9510 0.012008
9508 CNOT23_17 9517 0.963103
9508 CNOT23_17 9513 0.005271
9508 CNOT23_17 9514 0.005271
9508 CNOT23_17 9511 0.005271
9508 CNOT23_17 9512 0.005271
9508 CNOT23_17 9516 0.005271
9508 CNOT23_17 9515 0.005271
9508 CNOT23_17 9510 0.005271
9508 MEAS23 9508 0.994000
9508 MEAS23 9520 0.006000
9508 X22 9509 0.993546
9508 X22 9508 0.002151
9508 X22 9506 0.002151
9508 X22 9507 0.002151
9509 CNOT23_22 9512 0.915944
9509 CNOT23_22 9517 0.012008
9509 CNOT23_22 9510 0.012008
9509 CNOT23_22 9516 0.012008
9509 CNOT23_22 9515 0.012008
9509 CNOT23_22 9514 0.012008
9509 CNOT23_22 9513 0.012008
9509 CNOT23_22 9511 0.012008
9509 CNOT23_17 9513 0.963103
9509 CNOT23_17 9517 0.005271
9509 CNOT23_17 9510 0.005271
9509 CNOT23_17 9516 0.005271
9509 CNOT23_17 9515 0.005271
9509 CNOT23_17 9511 0.005271
9509 CNOT23_17 9512 0.005271
9509 CNOT23_17 9514 0.005271
9509 MEAS23 9509 0.994000
9509 MEAS23 9521 0.006000
9509 X22 9508 0.993546
9509 X22 9509 0.002151
9509 X22 9507 0.002151
9509 X22 9506 0.002151
9510 CNOT23_22 9506 0.915944
9510 CNOT23_22 9522 0.012008
9510 CNOT23_22 9507 0.012008
9510 CNOT23_22 9523 0.012008
9510 CNOT23_22 9509 0.012008
9510 CNOT23_22 9524 0.012008
9510 CNOT23_22 9508 0.012008
9510 CNOT23_22 9525 0.012008
9510 CNOT23_17 9506 0.963103
9510 CNOT23_17 9522 0.005271
9510 CNOT23_17 9507 0.005271
9510 CNOT23_17 9523 0.005271
9510 CNOT23_17 9509 0.005271
9510 CNOT23_17 9524 0.005271
9510 CNOT23_17 9508 0.005271
9510 CNOT23_17 9525 0.005271
9510 MEAS23 9505 0.497000
9510 MEAS23 9526 0.003000
9510 MEAS23 9527 0.486000
9510 MEAS23 9528 0.014000
9510 X22 9514 0.993546
9510 X22 9510 0.002151
9510 X22 9517 0.002151
9510 X22 9513 0.002151
9511 CNOT23_22 9507 0.915944
9511 CNOT23_22 9525 0.012008
9511 CNOT23_22 9506 0.012008
9511 CNOT23_22 9524 0.012008
9511 CNOT23_22 9508 0.012008
9511 CNOT23_22 9523 0.012008
9511 CNOT23_22 9509 0.012008
9511 CNOT23_22 9522 0.012008
9511 CNOT23_17 9522 0.963103
9511 CNOT23_17 9506 0.005271
9511 CNOT23_17 9525 0.005271
9511 CNOT23_17 9508 0.005271
9511 CNOT23_17 9524 0.005271
9511 CNOT23_17 9509 0.005271
9511 CNOT23_17 9523 0.005271
9511 CNOT23_17 9507 0.005271
9511 MEAS23 9529 0.497000
9511 MEAS23 9530 0.003000
9511 MEAS23 9531 0.486000
9511 MEAS23 9532 0.014000
9511 X22 9516 0.993546
9511 X22 9511 0.002151
9511 X22 9512 0.002151
9511 X22 9515 0.002151
9512 CNOT23_22 9509 0.915944
9512 CNOT23_22 9524 0.012008
9512 CNOT23_22 9508 0.012008
9512 CNOT23_22 9525 0.012008
9512 CNOT23_22 9506 0.012008
9512 CNOT23_22 9522 0.012008
9512 CNOT23_22 9507 0.012008
9512 CNOT23_22 9523 0.012008
9512 CNOT23_17 9523 0.963103
9512 CNOT23_17 9508 0.005271
9512 CNOT23_17 9524 0.005271
9512 CNOT23_17 9506 0.005271
9512 CNOT23_17 9525 0.005271
9512 CNOT23_17 9507 0.005271
9512 CNOT23_17 9522 0.005271
9512 CNOT23_17 9509 0.005271
9512 MEAS23 9529 0.497000
9512 MEAS23 9530 0.003000
9512 MEAS23 9531 0.486000
9512 MEAS23 9532 0.014000
9512 X22 9515 0.993546
9512 X22 9512 0.002151
9512 X22 9511 0.002151
9512 X22 9516 0.002151
9513 CNOT23_22 9523 0.915944
9513 CNOT23_22 9508 0.012008
9513 CNOT23_22 9524 0.012008
9513 CNOT23_22 9506 0.012008
9513 CNOT23_22 9525 0.012008
9513 CNOT23_22 9507 0.012008
9513 CNOT23_22 9522 0.012008
9513 CNOT23_22 9509 0.012008
9513 CNOT23_17 9509 0.963103
9513 CNOT23_17 9524 0.005271
9513 CNOT23_17 9508 0.005271
9513 CNOT23_17 9525 0.005271
9513 CNOT23_17 9506 0.005271
9513 CNOT23_17 9522 0.005271
9513 CNOT23_17 9507 0.005271
9513 CNOT23_17 9523 0.005271
9513 MEAS23 9533 0.497000
9513 MEAS23 9534 0.003000
9513 MEAS23 9535 0.486000
9513 MEAS23 9536 0.014000
9513 X22 9517 0.993546
9513 X22 9513 0.002151
9513 X22 9514 0.002151
9513 X22 9510 0.002151
9514 CNOT23_22 9522 0.915944
9514 CNOT23_22 9506 0.012008
9514 CNOT23_22 9525 0.012008
9514 CNOT23_22 9508 0.012008
9514 CNOT23_22 9524 0.012008
9514 CNOT23_22 9509 0.012008
9514 CNOT23_22 9523 0.012008
9514 CNOT23_22 9507 0.012008
9514 CNOT23_17 9507 0.963103
9514 CNOT23_17 9525 0.005271
9514 CNOT23_17 9506 0.005271
9514 CNOT23_17 9524 0.005271
9514 CNOT23_17 9508 0.005271
9514 CNOT23_17 9523 0.005271
9514 CNOT23_17 9509 0.005271
9514 CNOT23_17 9522 0.005271
9514 MEAS23 9533 0.497000
9514 MEAS23 9534 0.003000
9514 MEAS23 9535 0.486000
9514 MEAS23 9536 0.014000
9514 X22 9510 0.993546
9514 X22 9514 0.002151
9514 X22 9513 0.002151
9514 X22 9517 0.002151
9515 CNOT23_22 9524 0.915944
9515 CNOT23_22 9509 0.012008
9515 CNOT23_22 9523 0.012008
9515 CNOT23_22 9507 0.012008
9515 CNOT23_22 9522 0.012008
9515 CNOT23_22 9506 0.012008
9515 CNOT23_22 9525 0.012008
9515 CNOT23_22 9508 0.012008
9515 CNOT23_17 9524 0.963103
9515 CNOT23_17 9509 0.005271
9515 CNOT23_17 9523 0.005271
9515 CNOT23_17 9507 0.005271
9515 CNOT23_17 9522 0.005271
9515 CNOT23_17 9506 0.005271
9515 CNOT23_17 9525 0.005271
9515 CNOT23_17 9508 0.005271
9515 MEAS23 9537 0.497000
9515 MEAS23 9538 0.003000
9515 MEAS23 9539 0.486000
9515 MEAS23 9540 0.014000
9515 X22 9512 0.993546
9515 X22 9515 0.002151
9515 X22 9516 0.002151
9515 X22 9511 0.002151
9516 CNOT23_22 9525 0.915944
9516 CNOT23_22 9507 0.012008
9516 CNOT23_22 9522 0.012008
9516 CNOT23_22 9509 0.012008
9516 CNOT23_22 9523 0.012008
9516 CNOT23_22 9508 0.012008
9516 CNOT23_22 9524 0.012008
9516 CNOT23_22 9506 0.012008
9516 CNOT23_17 9525 0.963103
9516 CNOT23_17 9507 0.005271
9516 CNOT23_17 9522 0.005271
9516 CNOT23_17 9509 0.005271
9516 CNOT23_17 9523 0.005271
9516 CNOT23_17 9508 0.005271
9516 CNOT23_17 9524 0.005271
9516 CNOT23_17 9506 0.005271
9516 MEAS23 9537 0.497000
9516 MEAS23 9538 0.003000
9516 MEAS23 9539 0.486000
9516 MEAS23 9540 0.014000
9516 X22 9511 0.993546
9516 X22 9516 0.002151
9516 X22 9515 0.002151
9516 X22 9512 0.002151
9517 CNOT23_22 9508 0.915944
9517 CNOT23_22 9523 0.012008
9517 CNOT23_22 9509 0.012008
9517 CNOT23_22 9522 0.012008
9517 CNOT23_22 9507 0.012008
9517 CNOT23_22 9525 0.012008
9517 CNOT23_22 9506 0.012008
9517 CNOT23_22 9524 0.012008
9517 CNOT23_17 9508 0.963103
9517 CNOT23_17 9523 0.005271
9517 CNOT23_17 9509 0.005271
9517 CNOT23_17 9522 0.005271
9517 CNOT23_17 9507 0.005271
9517 CNOT23_17 9525 0.005271
9517 CNOT23_17 9506 0.005271
9517 CNOT23_17 9524 0.005271
9517 MEAS23 9505 0.497000
9517 MEAS23 9526 0.003000
9517 MEAS23 9527 0.486000
9517 MEAS23 9528 0.014000
9517 X22 9513 0.993546
9517 X22 9517 0.002151
9517 X22 9510 0.002151
9517 X22 9514 0.002151
9518 CNOT23_22 9541 0.915944
9518 CNOT23_22 9542 0.012008
9518 CNOT23_22 9543 0.012008
9518 CNOT23_22 9544 0.012008
9518 CNOT23_22 9545 0.012008
9518 CNOT23_22 9546 0.012008
9518 CNOT23_22 9547 0.012008
9518 CNOT23_22 9548 0.012008
9518 CNOT23_17 9541 0.963103
9518 CNOT23_17 9545 0.005271
9518 CNOT23_17 9544 0.005271
9518 CNOT23_17 9543 0.005271
9518 CNOT23_17 9542 0.005271
9518 CNOT23_17 9546 0.005271
9518 CNOT23_17 9547 0.005271
9518 CNOT23_17 9548 0.005271
9518 MEAS23 9506 0.994000
9518 MEAS23 9518 0.006000
9518 X22 9519 0.993546
9518 X22 9518 0.002151
9518 X22 9520 0.002151
9518 X22 9521 0.002151
9519 CNOT23_22 9542 0.915944
9519 CNOT23_22 9541 0.012008
9519 CNOT23_22 9548 0.012008
9519 CNOT23_22 9546 0.012008
9519 CNOT23_22 9547 0.012008
9519 CNOT23_22 9544 0.012008
9519 CNOT23_22 9545 0.012008
9519 CNOT23_22 9543 0.012008
9519 CNOT23_17 9545 0.963103
9519 CNOT23_17 9541 0.005271
9519 CNOT23_17 9548 0.005271
9519 CNOT23_17 9546 0.005271
9519 CNOT23_17 9547 0.005271
9519 CNOT23_17 9543 0.005271
9519 CNOT23_17 9542 0.005271
9519 CNOT23_17 9544 0.005271
9519 MEAS23 9507 0.994000
9519 MEAS23 9519 0.006000
9519 X22 9518 0.993546
9519 X22 9519 0.002151
9519 X22 9521 0.002151
9519 X22 9520 0.002151
9520 CNOT23_22 9548 0.915944
9520 CNOT23_22 9543 0.012008
9520 CNOT23_22 9542 0.012008
9520 CNOT23_22 9545 0.012008
9520 CNOT23_22 9544 0.012008
9520 CNOT23_22 9547 0.012008
9520 CNOT23_22 9546 0.012008
9520 CNOT23_22 9541 0.012008
9520 CNOT23_17 9548 0.963103
9520 CNOT23_17 9544 0.005271
9520 CNOT23_17 9545 0.005271
9520 CNOT23_17 9542 0.005271
9520 CNOT23_17 9543 0.005271
9520 CNOT23_17 9547 0.005271
9520 CNOT23_17 9546 0.005271
9520 CNOT23_17 9541 0.005271
9520 MEAS23 9508 0.994000
9520 MEAS23 9520 0.006000
9520 X22 9521 0.993546
9520 X22 9520 0.002151
9520 X22 9518 0.002151
9520 X22 9519 0.002151
9521 CNOT23_22 9543 0.915944
9521 CNOT23_22 9548 0.012008
9521 CNOT23_22 9541 0.012008
9521 CNOT23_22 9547 0.012008
9521 CNOT23_22 9546 0.012008
9521 CNOT23_22 9545 0.012008
9521 CNOT23_22 9544 0.012008
9521 CNOT23_22 9542 0.012008
9521 CNOT23_17 9544 0.963103
9521 CNOT23_17 9548 0.005271
9521 CNOT23_17 9541 0.005271
9521 CNOT23_17 9547 0.005271
9521 CNOT23_17 9546 0.005271
9521 CNOT23_17 9542 0.005271
9521 CNOT23_17 9543 0.005271
9521 CNOT23_17 9545 0.005271
9521 MEAS23 9509 0.994000
9521 MEAS23 9521 0.006000
9521 X22 9520 0.993546
9521 X22 9521 0.002151
9521 X22 9519 0.002151
9521 X22 9518 0.002151
9522 CNOT23_22 9514 0.915944
9522 CNOT23_22 9516 0.012008
9522 CNOT23_22 9515 0.012008
9522 CNOT23_22 9517 0.012008
9522 CNOT23_22 9510 0.012008
9522 CNOT23_22 9512 0.012008
9522 CNOT23_22 9511 0.012008
9522 CNOT23_22 9513 0.012008
9522 CNOT23_17 9511 0.963103
9522 CNOT23_17 9516 0.005271
9522 CNOT23_17 9515 0.005271
9522 CNOT23_17 9517 0.005271
9522 CNOT23_17 9510 0.005271
9522 CNOT23_17 9513 0.005271
9522 CNOT23_17 9514 0.005271
9522 CNOT23_17 9512 0.005271
9522 MEAS23 9549 0.972000
9522 MEAS23 9522 0.028000
9522 X22 9525 0.993546
9522 X22 9522 0.002151
9522 X22 9523 0.002151
9522 X22 9524 0.002151
9523 CNOT23_22 9513 0.915944
9523 CNOT23_22 9515 0.012008
9523 CNOT23_22 9516 0.012008
9523 CNOT23_22 9510 0.012008
9523 CNOT23_22 9517 0.012008
9523 CNOT23_22 9511 0.012008
9523 CNOT23_22 9512 0.012008
9523 CNOT23_22 9514 0.012008
9523 CNOT23_17 9512 0.963103
9523 CNOT23_17 9515 0.005271
9523 CNOT23_17 9516 0.005271
9523 CNOT23_17 9510 0.005271
9523 CNOT23_17 9517 0.005271
9523 CNOT23_17 9514 0.005271
9523 CNOT23_17 9513 0.005271
9523 CNOT23_17 9511 0.005271
9523 MEAS23 9550 0.972000
9523 MEAS23 9523 0.028000
9523 X22 9524 0.993546
9523 X22 9523 0.002151
9523 X22 9522 0.002151
9523 X22 9525 0.002151
9524 CNOT23_22 9515 0.915944
9524 CNOT23_22 9513 0.012008
9524 CNOT23_22 9514 0.012008
9524 CNOT23_22 9511 0.012008
9524 CNOT23_22 9512 0.012008
9524 CNOT23_22 9510 0.012008
9524 CNOT23_22 9517 0.012008
9524 CNOT23_22 9516 0.012008
9524 CNOT23_17 9515 0.963103
9524 CNOT23_17 9512 0.005271
9524 CNOT23_17 9511 0.005271
9524 CNOT23_17 9514 0.005271
9524 CNOT23_17 9513 0.005271
9524 CNOT23_17 9510 0.005271
9524 CNOT23_17 9517 0.005271
9524 CNOT23_17 9516 0.005271
9524 MEAS23 9551 0.972000
9524 MEAS23 9524 0.028000
9524 X22 9523 0.993546
9524 X22 9524 0.002151
9524 X22 9525 0.002151
9524 X22 9522 0.002151
9525 CNOT23_22 9516 0.915944
9525 CNOT23_22 9514 0.012008
9525 CNOT23_22 9513 0.012008
9525 CNOT23_22 9512 0.012008
9525 CNOT23_22 9511 0.012008
9525 CNOT23_22 9517 0.012008
9525 CNOT23_22 9510 0.012008
9525 CNOT23_22 9515 0.012008
9525 CNOT23_17 9516 0.963103
9525 CNOT23_17 9511 0.005271
9525 CNOT23_17 9512 0.005271
9525 CNOT23_17 9513 0.005271
9525 CNOT23_17 9514 0.005271
9525 CNOT23_17 9517 0.005271
9525 CNOT23_17 9510 0.005271
9525 CNOT23_17 9515 0.005271
9525 MEAS23 9552 0.972000
9525 MEAS23 9525 0.028000
9525 X22 9522 0.993546
9525 X22 9525 0.002151
9525 X22 9524 0.002151
9525 X22 9523 0.002151
9526 CNOT23_22 9526 0.927952
9526 CNOT23_22 9531 0.024016
9526 CNOT23_22 9534 0.024016
9526 CNOT23_22 9539 0.024016
9526 CNOT23_17 9526 0.968374
9526 CNOT23_17 9535 0.010542
9526 CNOT23_17 9530 0.010542
9526 CNOT23_17 9539 0.010542
9526 MEAS23 9505 0.994000
9526 MEAS23 9526 0.006000
9526 X22 9534 0.995698
9526 X22 9526 0.004302
9527 CNOT23_22 9538 0.927952
9527 CNOT23_22 9535 0.024016
9527 CNOT23_22 9530 0.024016
9527 CNOT23_22 9527 0.024016
9527 CNOT23_17 9538 0.968374
9527 CNOT23_17 9531 0.010542
9527 CNOT23_17 9534 0.010542
9527 CNOT23_17 9527 0.010542
9527 MEAS23 9527 0.972000
9527 MEAS23 9528 0.028000
9527 X22 9535 0.995698
9527 X22 9527 0.004302
9528 CNOT23_22 9537 0.927952
9528 CNOT23_22 9536 0.024016
9528 CNOT23_22 9529 0.024016
9528 CNOT23_22 9528 0.024016
9528 CNOT23_17 9537 0.968374
9528 CNOT23_17 9532 0.010542
9528 CNOT23_17 9533 0.010542
9528 CNOT23_17 9528 0.010542
9528 MEAS23 9527 0.972000
9528 MEAS23 9528 0.028000
9528 X22 9536 0.995698
9528 X22 9528 0.004302
9529 CNOT23_22 9529 0.927952
9529 CNOT23_22 9528 0.024016
9529 CNOT23_22 9537 0.024016
9529 CNOT23_22 9536 0.024016
9529 CNOT23_17 9536 0.968374
9529 CNOT23_17 9505 0.010542
9529 CNOT23_17 9540 0.010542
9529 CNOT23_17 9529 0.010542
9529 MEAS23 9529 0.994000
9529 MEAS23 9530 0.006000
9529 X22 9537 0.995698
9529 X22 9529 0.004302
9530 CNOT23_22 9530 0.927952
9530 CNOT23_22 9527 0.024016
9530 CNOT23_22 9538 0.024016
9530 CNOT23_22 9535 0.024016
9530 CNOT23_17 9535 0.968374
9530 CNOT23_17 9526 0.010542
9530 CNOT23_17 9539 0.010542
9530 CNOT23_17 9530 0.010542
9530 MEAS23 9529 0.994000
9530 MEAS23 9530 0.006000
9530 X22 9538 0.995698
9530 X22 9530 0.004302
9531 CNOT23_22 9534 0.927952
9531 CNOT23_22 9539 0.024016
9531 CNOT23_22 9526 0.024016
9531 CNOT23_22 9531 0.024016
9531 CNOT23_17 9531 0.968374
9531 CNOT23_17 9538 0.010542
9531 CNOT23_17 9527 0.010542
9531 CNOT23_17 9534 0.010542
9531 MEAS23 9531 0.972000
9531 MEAS23 9532 0.028000
9531 X22 9539 0.995698
9531 X22 9531 0.004302
9532 CNOT23_22 9533 0.927952
9532 CNOT23_22 9540 0.024016
9532 CNOT23_22 9505 0.024016
9532 CNOT23_22 9532 0.024016
9532 CNOT23_17 9532 0.968374
9532 CNOT23_17 9537 0.010542
9532 CNOT23_17 9528 0.010542
9532 CNOT23_17 9533 0.010542
9532 MEAS23 9531 0.972000
9532 MEAS23 9532 0.028000
9532 X22 9540 0.995698
9532 X22 9532 0.004302
9533 CNOT23_22 9532 0.927952
9533 CNOT23_22 9505 0.024016
9533 CNOT23_22 9540 0.024016
9533 CNOT23_22 9533 0.024016
9533 CNOT23_17 9533 0.968374
9533 CNOT23_17 9528 0.010542
9533 CNOT23_17 9537 0.010542
9533 CNOT23_17 9532 0.010542
9533 MEAS23 9533 0.994000
9533 MEAS23 9534 0.006000
9533 X22 9505 0.995698
9533 X22 9533 0.004302
9534 CNOT23_22 9531 0.927952
9534 CNOT23_22 9526 0.024016
9534 CNOT23_22 9539 0.024016
9534 CNOT23_22 9534 0.024016
9534 CNOT23_17 9534 0.968374
9534 CNOT23_17 9527 0.010542
9534 CNOT23_17 9538 0.010542
9534 CNOT23_17 9531 0.010542
9534 MEAS23 9533 0.994000
9534 MEAS23 9534 0.006000
9534 X22 9526 0.995698
9534 X22 9534 0.004302
9535 CNOT23_22 9535 0.927952
9535 CNOT23_22 9538 0.024016
9535 CNOT23_22 9527 0.024016
9535 CNOT23_22 9530 0.024016
9535 CNOT23_17 9530 0.968374
9535 CNOT23_17 9539 0.010542
9535 CNOT23_17 9526 0.010542
9535 CNOT23_17 9535 0.010542
9535 MEAS23 9535 0.972000
9535 MEAS23 9536 0.028000
9535 X22 9527 0.995698
9535 X22 9535 0.004302
9536 CNOT23_22 9536 0.927952
9536 CNOT23_22 9537 0.024016
9536 CNOT23_22 9528 0.024016
9536 CNOT23_22 9529 0.024016
9536 CNOT23_17 9529 0.968374
9536 CNOT23_17 9540 0.010542
9536 CNOT23_17 9505 0.010542
9536 CNOT23_17 9536 0.010542
9536 MEAS23 9535 0.972000
9536 MEAS23 9536 0.028000
9536 X22 9528 0.995698
9536 X22 9536 0.004302
9537 CNOT23_22 9528 0.927952
9537 CNOT23_22 9529 0.024016
9537 CNOT23_22 9536 0.024016
9537 CNOT23_22 9537 0.024016
9537 CNOT23_17 9528 0.968374
9537 CNOT23_17 9533 0.010542
9537 CNOT23_17 9532 0.010542
9537 CNOT23_17 9537 0.010542
9537 MEAS23 9537 0.994000
9537 MEAS23 9538 0.006000
9537 X22 9529 0.995698
9537 X22 9537 0.004302
9538 CNOT23_22 9527 0.927952
9538 CNOT23_22 9530 0.024016
9538 CNOT23_22 9535 0.024016
9538 CNOT23_22 9538 0.024016
9538 CNOT23_17 9527 0.968374
9538 CNOT23_17 9534 0.010542
9538 CNOT23_17 9531 0.010542
9538 CNOT23_17 9538 0.010542
9538 MEAS23 9537 0.994000
9538 MEAS23 9538 0.006000
9538 X22 9530 0.995698
9538 X22 9538 0.004302
9539 CNOT23_22 9539 0.927952
9539 CNOT23_22 9534 0.024016
9539 CNOT23_22 9531 0.024016
9539 CNOT23_22 9526 0.024016
9539 CNOT23_17 9539 0.968374
9539 CNOT23_17 9530 0.010542
9539 CNOT23_17 9535 0.010542
9539 CNOT23_17 9526 0.010542
9539 MEAS23 9539 0.972000
9539 MEAS23 9540 0.028000
9539 X22 9531 0.995698
9539 X22 9539 0.004302
9540 CNOT23_22 9540 0.927952
9540 CNOT23_22 9533 0.024016
9540 CNOT23_22 9532 0.024016
9540 CNOT23_22 9505 0.024016
9540 CNOT23_17 9540 0.968374
9540 CNOT23_17 9529 0.010542
9540 CNOT23_17 9536 0.010542
9540 CNOT23_17 9505 0.010542
9540 MEAS23 9539 0.972000
9540 MEAS23 9540 0.028000
9540 X22 9532 0.995698
9540 X22 9540 0.004302
9541 CNOT23_22 9518 0.915944
9541 CNOT23_22 9549 0.012008
9541 CNOT23_22 9519 0.012008
9541 CNOT23_22 9550 0.012008
9541 CNOT23_22 9521 0.012008
9541 CNOT23_22 9551 0.012008
9541 CNOT23_22 9520 0.012008
9541 CNOT23_22 9552 0.012008
9541 CNOT23_17 9518 0.963103
9541 CNOT23_17 9549 0.005271
9541 CNOT23_17 9519 0.005271
9541 CNOT23_17 9550 0.005271
9541 CNOT23_17 9521 0.005271
9541 CNOT23_17 9551 0.005271
9541 CNOT23_17 9520 0.005271
9541 CNOT23_17 9552 0.005271
9541 MEAS23 9505 0.497000
9541 MEAS23 9526 0.003000
9541 MEAS23 9527 0.486000
9541 MEAS23 9528 0.014000
9541 X22 9545 0.993546
9541 X22 9541 0.002151
9541 X22 9548 0.002151
9541 X22 9544 0.002151
9542 CNOT23_22 9519 0.915944
9542 CNOT23_22 9552 0.012008
9542 CNOT23_22 9518 0.012008
9542 CNOT23_22 9551 0.012008
9542 CNOT23_22 9520 0.012008
9542 CNOT23_22 9550 0.012008
9542 CNOT23_22 9521 0.012008
9542 CNOT23_22 9549 0.012008
9542 CNOT23_17 9549 0.963103
9542 CNOT23_17 9518 0.005271
9542 CNOT23_17 9552 0.005271
9542 CNOT23_17 9520 0.005271
9542 CNOT23_17 9551 0.005271
9542 CNOT23_17 9521 0.005271
9542 CNOT23_17 9550 0.005271
9542 CNOT23_17 9519 0.005271
9542 MEAS23 9529 0.497000
9542 MEAS23 9530 0.003000
9542 MEAS23 9531 0.486000
9542 MEAS23 9532 0.014000
9542 X22 9547 0.993546
9542 X22 9542 0.002151
9542 X22 9543 0.002151
9542 X22 9546 0.002151
9543 CNOT23_22 9521 0.915944
9543 CNOT23_22 9551 0.012008
9543 CNOT23_22 9520 0.012008
9543 CNOT23_22 9552 0.012008
9543 CNOT23_22 9518 0.012008
9543 CNOT23_22 9549 0.012008
9543 CNOT23_22 9519 0.012008
9543 CNOT23_22 9550 0.012008
9543 CNOT23_17 9550 0.963103
9543 CNOT23_17 9520 0.005271
9543 CNOT23_17 9551 0.005271
9543 CNOT23_17 9518 0.005271
9543 CNOT23_17 9552 0.005271
9543 CNOT23_17 9519 0.005271
9543 CNOT23_17 9549 0.005271
9543 CNOT23_17 9521 0.005271
9543 MEAS23 9529 0.497000
9543 MEAS23 9530 0.003000
9543 MEAS23 9531 0.486000
9543 MEAS23 9532 0.014000
9543 X22 9546 0.993546
9543 X22 9543 0.002151
9543 X22 9542 0.002151
9543 X22 9547 0.002151
9544 CNOT23_22 9550 0.915944
9544 CNOT23_22 9520 0.012008
9544 CNOT23_22 9551 0.012008
9544 CNOT23_22 9518 0.012008
9544 CNOT23_22 9552 0.012008
9544 CNOT23_22 9519 0.012008
9544 CNOT23_22 9549 0.012008
9544 CNOT23_22 9521 0.012008
9544 CNOT23_17 9521 0.963103
9544 CNOT23_17 9551 0.005271
9544 CNOT23_17 9520 0.005271
9544 CNOT23_17 9552 0.005271
9544 CNOT23_17 9518 0.005271
9544 CNOT23_17 9549 0.005271
9544 CNOT23_17 9519 0.005271
9544 CNOT23_17 9550 0.005271
9544 MEAS23 9533 0.497000
9544 MEAS23 9534 0.003000
9544 MEAS23 9535 0.486000
9544 MEAS23 9536 0.014000
9544 X22 9548 0.993546
9544 X22 9544 0.002151
9544 X22 9545 0.002151
9544 X22 9541 0.002151
9545 CNOT23_22 9549 0.915944
9545 CNOT23_22 9518 0.012008
9545 CNOT23_22 9552 0.012008
9545 CNOT23_22 9520 0.012008
9545 CNOT23_22 9551 0.012008
9545 CNOT23_22 9521 0.012008
9545 CNOT23_22 9550 0.012008
9545 CNOT23_22 9519 0.012008
9545 CNOT23_17 9519 0.963103
9545 CNOT23_17 9552 0.005271
9545 CNOT23_17 9518 0.005271
9545 CNOT23_17 9551 0.005271
9545 CNOT23_17 9520 0.005271
9545 CNOT23_17 9550 0.005271
9545 CNOT23_17 9521 0.005271
9545 CNOT23_17 9549 0.005271
9545 MEAS23 9533 0.497000
9545 MEAS23 9534 0.003000
9545 MEAS23 9535 0.486000
9545 MEAS23 9536 0.014000
9545 X22 9541 0.993546
9545 X22 9545 0.002151
9545 X22 9544 0.002151
9545 X22 9548 0.002151
9546 CNOT23_22 9551 0.915944
9546 CNOT23_22 9521 0.012008
9546 CNOT23_22 9550 0.012008
9546 CNOT23_22 9519 0.012008
9546 CNOT23_22 9549 0.012008
9546 CNOT23_22 9518 0.012008
9546 CNOT23_22 9552 0.012008
9546 CNOT23_22 9520 0.012008
9546 CNOT23_17 9551 0.963103
9546 CNOT23_17 9521 0.005271
9546 CNOT23_17 9550 0.005271
9546 CNOT23_17 9519 0.005271
9546 CNOT23_17 9549 0.005271
9546 CNOT23_17 9518 0.005271
9546 CNOT23_17 9552 0.005271
9546 CNOT23_17 9520 0.005271
9546 MEAS23 9537 0.497000
9546 MEAS23 9538 0.003000
9546 MEAS23 9539 0.486000
9546 MEAS23 9540 0.014000
9546 X22 9543 0.993546
9546 X22 9546 0.002151
9546 X22 9547 0.002151
9546 X22 9542 0.002151
9547 CNOT23_22 9552 0.915944
9547 CNOT23_22 9519 0.012008
9547 CNOT23_22 9549 0.012008
9547 CNOT23_22 9521 0.012008
9547 CNOT23_22 9550 0.012008
9547 CNOT23_22 9520 0.012008
9547 CNOT23_22 9551 0.012008
9547 CNOT23_22 9518 0.012008
9547 CNOT23_17 9552 0.963103
9547 CNOT23_17 9519 0.005271
9547 CNOT23_17 9549 0.005271
9547 CNOT23_17 9521 0.005271
9547 CNOT23_17 9550 0.005271
9547 CNOT23_17 9520 0.005271
9547 CNOT23_17 9551 0.005271
9547 CNOT23_17 9518 0.005271
9547 MEAS23 9537 0.497000
9547 MEAS23 9538 0.003000
9547 MEAS23 9539 0.486000
9547 MEAS23 9540 0.014000
9547 X22 9542 0.993546
9547 X22 9547 0.002151
9547 X22 9546 0.002151
9547 X22 9543 0.002151
9548 CNOT23_22 9520 0.915944
9548 CNOT23_22 9550 0.012008
9548 CNOT23_22 9521 0.012008
9548 CNOT23_22 9549 0.012008
9548 CNOT23_22 9519 0.012008
9548 CNOT23_22 9552 0.012008
9548 CNOT23_22 9518 0.012008
9548 CNOT23_22 9551 0.012008
9548 CNOT23_17 9520 0.963103
9548 CNOT23_17 9550 0.005271
9548 CNOT23_17 9521 0.005271
9548 CNOT23_17 9549 0.005271
9548 CNOT23_17 9519 0.005271
9548 CNOT23_17 9552 0.005271
9548 CNOT23_17 9518 0.005271
9548 CNOT23_17 9551 0.005271
9548 MEAS23 9505 0.497000
9548 MEAS23 9526 0.003000
9548 MEAS23 9527 0.486000
9548 MEAS23 9528 0.014000
9548 X22 9544 0.993546
9548 X22 9548 0.002151
9548 X22 9541 0.002151
9548 X22 9545 0.002151
9549 CNOT23_22 9545 0.915944
9549 CNOT23_22 9547 0.012008
9549 CNOT23_22 9546 0.012008
9549 CNOT23_22 9548 0.012008
9549 CNOT23_22 9541 0.012008
9549 CNOT23_22 9543 0.012008
9549 CNOT23_22 9542 0.012008
9549 CNOT23_22 9544 0.012008
9549 CNOT23_17 9542 0.963103
9549 CNOT23_17 9547 0.005271
9549 CNOT23_17 9546 0.005271
9549 CNOT23_17 9548 0.005271
9549 CNOT23_17 9541 0.005271
9549 CNOT23_17 9544 0.005271
9549 CNOT23_17 9545 0.005271
9549 CNOT23_17 9543 0.005271
9549 MEAS23 9549 0.972000
9549 MEAS23 9522 0.028000
9549 X22 9552 0.993546
9549 X22 9549 0.002151
9549 X22 9550 0.002151
9549 X22 9551 0.002151
9550 CNOT23_22 9544 0.915944
9550 CNOT23_22 9546 0.012008
9550 CNOT23_22 9547 0.012008
9550 CNOT23_22 9541 0.012008
9550 CNOT23_22 9548 0.012008
9550 CNOT23_22 9542 0.012008
9550 CNOT23_22 9543 0.012008
9550 CNOT23_22 9545 0.012008
9550 CNOT23_17 9543 0.963103
9550 CNOT23_17 9546 0.005271
9550 CNOT23_17 9547 0.005271
9550 CNOT23_17 9541 0.005271
9550 CNOT23_17 9548 0.005271
9550 CNOT23_17 9545 0.005271
9550 CNOT23_17 9544 0.005271
9550 CNOT23_17 9542 0.005271
9550 MEAS23 9550 0.972000
9550 MEAS23 9523 0.028000
9550 X22 9551 0.993546
9550 X22 9550 0.002151
9550 X22 9549 0.002151
9550 X22 9552 0.002151
9551 CNOT23_22 9546 0.915944
9551 CNOT23_22 9544 0.012008
9551 CNOT23_22 9545 0.012008
9551 CNOT23_22 9542 0.012008
9551 CNOT23_22 9543 0.012008
9551 CNOT23_22 9541 0.012008
9551 CNOT23_22 9548 0.012008
9551 CNOT23_22 9547 0.012008
9551 CNOT23_17 9546 0.963103
9551 CNOT23_17 9543 0.005271
9551 CNOT23_17 9542 0.005271
9551 CNOT23_17 9545 0.005271
9551 CNOT23_17 9544 0.005271
9551 CNOT23_17 9541 0.005271
9551 CNOT23_17 9548 0.005271
9551 CNOT23_17 9547 0.005271
9551 MEAS23 9551 0.972000
9551 MEAS23 9524 0.028000
9551 X22 9550 0.993546
9551 X22 9551 0.002151
9551 X22 9552 0.002151
9551 X22 9549 0.002151
9552 CNOT23_22 9547 0.915944
9552 CNOT23_22 9545 0.012008
9552 CNOT23_22 9544 0.012008
9552 CNOT23_22 9543 0.012008
9552 CNOT23_22 9542 0.012008
9552 CNOT23_22 9548 0.012008
9552 CNOT23_22 9541 0.012008
9552 CNOT23_22 9546 0.012008
9552 CNOT23_17 9547 0.963103
9552 CNOT23_17 9542 0.005271
9552 CNOT23_17 9543 0.005271
9552 CNOT23_17 9544 0.005271
9552 CNOT23_17 9545 0.005271
9552 CNOT23_17 9548 0.005271
9552 CNOT23_17 9541 0.005271
9552 CNOT23_17 9546 0.005271
9552 MEAS23 9552 0.972000
9552 MEAS23 9525 0.028000
9552 X22 9549 0.993546
9552 X22 9552 0.002151
9552 X22 9551 0.002151
9552 X22 9550 0.002151
ENDPOMDP
