BEGINPOMDP
INITIALSTATE: 8449
STATES: 8449,8450,8451,8452,8453,8454,8455,8456,8457,8458,8459,8460,8461,8462,8463,8464,8465,8466,8467,8468,8469,8470,8471,8472,8473,8474,8475,8476,8477,8478,8479,8480,8481,8482,8483,8484,8485,8486,8487,8488,8489,8490,8491,8492,8493,8494,8495,8496
TARGETV: 8450,8452,8454,8459,8460,8461,8462,8464,8468,8469,8485,8490,8491,8492,8495,8496
GAMMA: 8449:0,8450:0,8451:0,8452:0,8453:0,8454:0,8455:0,8456:0,8457:0,8458:0,8459:0,8460:0,8461:0,8462:1,8463:1,8464:1,8465:1,8466:0,8467:0,8468:0,8469:0,8470:1,8471:1,8472:0,8473:0,8474:1,8475:1,8476:0,8477:0,8478:1,8479:1,8480:0,8481:0,8482:1,8483:1,8484:0,8485:1,8486:1,8487:1,8488:1,8489:1,8490:1,8491:1,8492:1,8493:1,8494:1,8495:1,8496:1
BEGINACTIONS
CNOT7_10 Instruction.CNOT 10 7
CNOT7_4 Instruction.CNOT 4 7
MEAS7 Instruction.MEAS None 7
X10 Instruction.X None 10
ENDACTIONS
8449 INIT_ 8450 0.250000
8449 INIT_ 8451 0.250000
8449 INIT_ 8452 0.250000
8449 INIT_ 8453 0.250000
8449 CNOT7_10 8449 0.977988
8449 CNOT7_10 8476 0.007337
8449 CNOT7_10 8477 0.007337
8449 CNOT7_10 8484 0.007337
8449 CNOT7_4 8449 0.983568
8449 CNOT7_4 8480 0.005477
8449 CNOT7_4 8473 0.005477
8449 CNOT7_4 8484 0.005477
8449 MEAS7 8449 0.996600
8449 MEAS7 8470 0.003400
8449 X10 8477 0.999850
8449 X10 8449 0.000150
8450 CNOT7_10 8454 0.974319
8450 CNOT7_10 8455 0.003669
8450 CNOT7_10 8456 0.003669
8450 CNOT7_10 8457 0.003669
8450 CNOT7_10 8458 0.003669
8450 CNOT7_10 8459 0.003669
8450 CNOT7_10 8460 0.003669
8450 CNOT7_10 8461 0.003669
8450 CNOT7_4 8454 0.980830
8450 CNOT7_4 8458 0.002739
8450 CNOT7_4 8457 0.002739
8450 CNOT7_4 8456 0.002739
8450 CNOT7_4 8455 0.002739
8450 CNOT7_4 8459 0.002739
8450 CNOT7_4 8460 0.002739
8450 CNOT7_4 8461 0.002739
8450 MEAS7 8450 0.996600
8450 MEAS7 8462 0.003400
8450 X10 8451 0.999775
8450 X10 8450 0.000075
8450 X10 8452 0.000075
8450 X10 8453 0.000075
8451 CNOT7_10 8455 0.974319
8451 CNOT7_10 8454 0.003669
8451 CNOT7_10 8461 0.003669
8451 CNOT7_10 8459 0.003669
8451 CNOT7_10 8460 0.003669
8451 CNOT7_10 8457 0.003669
8451 CNOT7_10 8458 0.003669
8451 CNOT7_10 8456 0.003669
8451 CNOT7_4 8458 0.980830
8451 CNOT7_4 8454 0.002739
8451 CNOT7_4 8461 0.002739
8451 CNOT7_4 8459 0.002739
8451 CNOT7_4 8460 0.002739
8451 CNOT7_4 8456 0.002739
8451 CNOT7_4 8455 0.002739
8451 CNOT7_4 8457 0.002739
8451 MEAS7 8451 0.996600
8451 MEAS7 8463 0.003400
8451 X10 8450 0.999775
8451 X10 8451 0.000075
8451 X10 8453 0.000075
8451 X10 8452 0.000075
8452 CNOT7_10 8461 0.974319
8452 CNOT7_10 8456 0.003669
8452 CNOT7_10 8455 0.003669
8452 CNOT7_10 8458 0.003669
8452 CNOT7_10 8457 0.003669
8452 CNOT7_10 8460 0.003669
8452 CNOT7_10 8459 0.003669
8452 CNOT7_10 8454 0.003669
8452 CNOT7_4 8461 0.980830
8452 CNOT7_4 8457 0.002739
8452 CNOT7_4 8458 0.002739
8452 CNOT7_4 8455 0.002739
8452 CNOT7_4 8456 0.002739
8452 CNOT7_4 8460 0.002739
8452 CNOT7_4 8459 0.002739
8452 CNOT7_4 8454 0.002739
8452 MEAS7 8452 0.996600
8452 MEAS7 8464 0.003400
8452 X10 8453 0.999775
8452 X10 8452 0.000075
8452 X10 8450 0.000075
8452 X10 8451 0.000075
8453 CNOT7_10 8456 0.974319
8453 CNOT7_10 8461 0.003669
8453 CNOT7_10 8454 0.003669
8453 CNOT7_10 8460 0.003669
8453 CNOT7_10 8459 0.003669
8453 CNOT7_10 8458 0.003669
8453 CNOT7_10 8457 0.003669
8453 CNOT7_10 8455 0.003669
8453 CNOT7_4 8457 0.980830
8453 CNOT7_4 8461 0.002739
8453 CNOT7_4 8454 0.002739
8453 CNOT7_4 8460 0.002739
8453 CNOT7_4 8459 0.002739
8453 CNOT7_4 8455 0.002739
8453 CNOT7_4 8456 0.002739
8453 CNOT7_4 8458 0.002739
8453 MEAS7 8453 0.996600
8453 MEAS7 8465 0.003400
8453 X10 8452 0.999775
8453 X10 8453 0.000075
8453 X10 8451 0.000075
8453 X10 8450 0.000075
8454 CNOT7_10 8450 0.974319
8454 CNOT7_10 8466 0.003669
8454 CNOT7_10 8451 0.003669
8454 CNOT7_10 8467 0.003669
8454 CNOT7_10 8453 0.003669
8454 CNOT7_10 8468 0.003669
8454 CNOT7_10 8452 0.003669
8454 CNOT7_10 8469 0.003669
8454 CNOT7_4 8450 0.980830
8454 CNOT7_4 8466 0.002739
8454 CNOT7_4 8451 0.002739
8454 CNOT7_4 8467 0.002739
8454 CNOT7_4 8453 0.002739
8454 CNOT7_4 8468 0.002739
8454 CNOT7_4 8452 0.002739
8454 CNOT7_4 8469 0.002739
8454 MEAS7 8449 0.498300
8454 MEAS7 8470 0.001700
8454 MEAS7 8471 0.494200
8454 MEAS7 8472 0.005800
8454 X10 8458 0.999775
8454 X10 8454 0.000075
8454 X10 8461 0.000075
8454 X10 8457 0.000075
8455 CNOT7_10 8451 0.974319
8455 CNOT7_10 8469 0.003669
8455 CNOT7_10 8450 0.003669
8455 CNOT7_10 8468 0.003669
8455 CNOT7_10 8452 0.003669
8455 CNOT7_10 8467 0.003669
8455 CNOT7_10 8453 0.003669
8455 CNOT7_10 8466 0.003669
8455 CNOT7_4 8466 0.980830
8455 CNOT7_4 8450 0.002739
8455 CNOT7_4 8469 0.002739
8455 CNOT7_4 8452 0.002739
8455 CNOT7_4 8468 0.002739
8455 CNOT7_4 8453 0.002739
8455 CNOT7_4 8467 0.002739
8455 CNOT7_4 8451 0.002739
8455 MEAS7 8473 0.498300
8455 MEAS7 8474 0.001700
8455 MEAS7 8475 0.494200
8455 MEAS7 8476 0.005800
8455 X10 8460 0.999775
8455 X10 8455 0.000075
8455 X10 8456 0.000075
8455 X10 8459 0.000075
8456 CNOT7_10 8453 0.974319
8456 CNOT7_10 8468 0.003669
8456 CNOT7_10 8452 0.003669
8456 CNOT7_10 8469 0.003669
8456 CNOT7_10 8450 0.003669
8456 CNOT7_10 8466 0.003669
8456 CNOT7_10 8451 0.003669
8456 CNOT7_10 8467 0.003669
8456 CNOT7_4 8467 0.980830
8456 CNOT7_4 8452 0.002739
8456 CNOT7_4 8468 0.002739
8456 CNOT7_4 8450 0.002739
8456 CNOT7_4 8469 0.002739
8456 CNOT7_4 8451 0.002739
8456 CNOT7_4 8466 0.002739
8456 CNOT7_4 8453 0.002739
8456 MEAS7 8473 0.498300
8456 MEAS7 8474 0.001700
8456 MEAS7 8475 0.494200
8456 MEAS7 8476 0.005800
8456 X10 8459 0.999775
8456 X10 8456 0.000075
8456 X10 8455 0.000075
8456 X10 8460 0.000075
8457 CNOT7_10 8467 0.974319
8457 CNOT7_10 8452 0.003669
8457 CNOT7_10 8468 0.003669
8457 CNOT7_10 8450 0.003669
8457 CNOT7_10 8469 0.003669
8457 CNOT7_10 8451 0.003669
8457 CNOT7_10 8466 0.003669
8457 CNOT7_10 8453 0.003669
8457 CNOT7_4 8453 0.980830
8457 CNOT7_4 8468 0.002739
8457 CNOT7_4 8452 0.002739
8457 CNOT7_4 8469 0.002739
8457 CNOT7_4 8450 0.002739
8457 CNOT7_4 8466 0.002739
8457 CNOT7_4 8451 0.002739
8457 CNOT7_4 8467 0.002739
8457 MEAS7 8477 0.498300
8457 MEAS7 8478 0.001700
8457 MEAS7 8479 0.494200
8457 MEAS7 8480 0.005800
8457 X10 8461 0.999775
8457 X10 8457 0.000075
8457 X10 8458 0.000075
8457 X10 8454 0.000075
8458 CNOT7_10 8466 0.974319
8458 CNOT7_10 8450 0.003669
8458 CNOT7_10 8469 0.003669
8458 CNOT7_10 8452 0.003669
8458 CNOT7_10 8468 0.003669
8458 CNOT7_10 8453 0.003669
8458 CNOT7_10 8467 0.003669
8458 CNOT7_10 8451 0.003669
8458 CNOT7_4 8451 0.980830
8458 CNOT7_4 8469 0.002739
8458 CNOT7_4 8450 0.002739
8458 CNOT7_4 8468 0.002739
8458 CNOT7_4 8452 0.002739
8458 CNOT7_4 8467 0.002739
8458 CNOT7_4 8453 0.002739
8458 CNOT7_4 8466 0.002739
8458 MEAS7 8477 0.498300
8458 MEAS7 8478 0.001700
8458 MEAS7 8479 0.494200
8458 MEAS7 8480 0.005800
8458 X10 8454 0.999775
8458 X10 8458 0.000075
8458 X10 8457 0.000075
8458 X10 8461 0.000075
8459 CNOT7_10 8468 0.974319
8459 CNOT7_10 8453 0.003669
8459 CNOT7_10 8467 0.003669
8459 CNOT7_10 8451 0.003669
8459 CNOT7_10 8466 0.003669
8459 CNOT7_10 8450 0.003669
8459 CNOT7_10 8469 0.003669
8459 CNOT7_10 8452 0.003669
8459 CNOT7_4 8468 0.980830
8459 CNOT7_4 8453 0.002739
8459 CNOT7_4 8467 0.002739
8459 CNOT7_4 8451 0.002739
8459 CNOT7_4 8466 0.002739
8459 CNOT7_4 8450 0.002739
8459 CNOT7_4 8469 0.002739
8459 CNOT7_4 8452 0.002739
8459 MEAS7 8481 0.498300
8459 MEAS7 8482 0.001700
8459 MEAS7 8483 0.494200
8459 MEAS7 8484 0.005800
8459 X10 8456 0.999775
8459 X10 8459 0.000075
8459 X10 8460 0.000075
8459 X10 8455 0.000075
8460 CNOT7_10 8469 0.974319
8460 CNOT7_10 8451 0.003669
8460 CNOT7_10 8466 0.003669
8460 CNOT7_10 8453 0.003669
8460 CNOT7_10 8467 0.003669
8460 CNOT7_10 8452 0.003669
8460 CNOT7_10 8468 0.003669
8460 CNOT7_10 8450 0.003669
8460 CNOT7_4 8469 0.980830
8460 CNOT7_4 8451 0.002739
8460 CNOT7_4 8466 0.002739
8460 CNOT7_4 8453 0.002739
8460 CNOT7_4 8467 0.002739
8460 CNOT7_4 8452 0.002739
8460 CNOT7_4 8468 0.002739
8460 CNOT7_4 8450 0.002739
8460 MEAS7 8481 0.498300
8460 MEAS7 8482 0.001700
8460 MEAS7 8483 0.494200
8460 MEAS7 8484 0.005800
8460 X10 8455 0.999775
8460 X10 8460 0.000075
8460 X10 8459 0.000075
8460 X10 8456 0.000075
8461 CNOT7_10 8452 0.974319
8461 CNOT7_10 8467 0.003669
8461 CNOT7_10 8453 0.003669
8461 CNOT7_10 8466 0.003669
8461 CNOT7_10 8451 0.003669
8461 CNOT7_10 8469 0.003669
8461 CNOT7_10 8450 0.003669
8461 CNOT7_10 8468 0.003669
8461 CNOT7_4 8452 0.980830
8461 CNOT7_4 8467 0.002739
8461 CNOT7_4 8453 0.002739
8461 CNOT7_4 8466 0.002739
8461 CNOT7_4 8451 0.002739
8461 CNOT7_4 8469 0.002739
8461 CNOT7_4 8450 0.002739
8461 CNOT7_4 8468 0.002739
8461 MEAS7 8449 0.498300
8461 MEAS7 8470 0.001700
8461 MEAS7 8471 0.494200
8461 MEAS7 8472 0.005800
8461 X10 8457 0.999775
8461 X10 8461 0.000075
8461 X10 8454 0.000075
8461 X10 8458 0.000075
8462 CNOT7_10 8485 0.974319
8462 CNOT7_10 8486 0.003669
8462 CNOT7_10 8487 0.003669
8462 CNOT7_10 8488 0.003669
8462 CNOT7_10 8489 0.003669
8462 CNOT7_10 8490 0.003669
8462 CNOT7_10 8491 0.003669
8462 CNOT7_10 8492 0.003669
8462 CNOT7_4 8485 0.980830
8462 CNOT7_4 8489 0.002739
8462 CNOT7_4 8488 0.002739
8462 CNOT7_4 8487 0.002739
8462 CNOT7_4 8486 0.002739
8462 CNOT7_4 8490 0.002739
8462 CNOT7_4 8491 0.002739
8462 CNOT7_4 8492 0.002739
8462 MEAS7 8450 0.996600
8462 MEAS7 8462 0.003400
8462 X10 8463 0.999775
8462 X10 8462 0.000075
8462 X10 8464 0.000075
8462 X10 8465 0.000075
8463 CNOT7_10 8486 0.974319
8463 CNOT7_10 8485 0.003669
8463 CNOT7_10 8492 0.003669
8463 CNOT7_10 8490 0.003669
8463 CNOT7_10 8491 0.003669
8463 CNOT7_10 8488 0.003669
8463 CNOT7_10 8489 0.003669
8463 CNOT7_10 8487 0.003669
8463 CNOT7_4 8489 0.980830
8463 CNOT7_4 8485 0.002739
8463 CNOT7_4 8492 0.002739
8463 CNOT7_4 8490 0.002739
8463 CNOT7_4 8491 0.002739
8463 CNOT7_4 8487 0.002739
8463 CNOT7_4 8486 0.002739
8463 CNOT7_4 8488 0.002739
8463 MEAS7 8451 0.996600
8463 MEAS7 8463 0.003400
8463 X10 8462 0.999775
8463 X10 8463 0.000075
8463 X10 8465 0.000075
8463 X10 8464 0.000075
8464 CNOT7_10 8492 0.974319
8464 CNOT7_10 8487 0.003669
8464 CNOT7_10 8486 0.003669
8464 CNOT7_10 8489 0.003669
8464 CNOT7_10 8488 0.003669
8464 CNOT7_10 8491 0.003669
8464 CNOT7_10 8490 0.003669
8464 CNOT7_10 8485 0.003669
8464 CNOT7_4 8492 0.980830
8464 CNOT7_4 8488 0.002739
8464 CNOT7_4 8489 0.002739
8464 CNOT7_4 8486 0.002739
8464 CNOT7_4 8487 0.002739
8464 CNOT7_4 8491 0.002739
8464 CNOT7_4 8490 0.002739
8464 CNOT7_4 8485 0.002739
8464 MEAS7 8452 0.996600
8464 MEAS7 8464 0.003400
8464 X10 8465 0.999775
8464 X10 8464 0.000075
8464 X10 8462 0.000075
8464 X10 8463 0.000075
8465 CNOT7_10 8487 0.974319
8465 CNOT7_10 8492 0.003669
8465 CNOT7_10 8485 0.003669
8465 CNOT7_10 8491 0.003669
8465 CNOT7_10 8490 0.003669
8465 CNOT7_10 8489 0.003669
8465 CNOT7_10 8488 0.003669
8465 CNOT7_10 8486 0.003669
8465 CNOT7_4 8488 0.980830
8465 CNOT7_4 8492 0.002739
8465 CNOT7_4 8485 0.002739
8465 CNOT7_4 8491 0.002739
8465 CNOT7_4 8490 0.002739
8465 CNOT7_4 8486 0.002739
8465 CNOT7_4 8487 0.002739
8465 CNOT7_4 8489 0.002739
8465 MEAS7 8453 0.996600
8465 MEAS7 8465 0.003400
8465 X10 8464 0.999775
8465 X10 8465 0.000075
8465 X10 8463 0.000075
8465 X10 8462 0.000075
8466 CNOT7_10 8458 0.974319
8466 CNOT7_10 8460 0.003669
8466 CNOT7_10 8459 0.003669
8466 CNOT7_10 8461 0.003669
8466 CNOT7_10 8454 0.003669
8466 CNOT7_10 8456 0.003669
8466 CNOT7_10 8455 0.003669
8466 CNOT7_10 8457 0.003669
8466 CNOT7_4 8455 0.980830
8466 CNOT7_4 8460 0.002739
8466 CNOT7_4 8459 0.002739
8466 CNOT7_4 8461 0.002739
8466 CNOT7_4 8454 0.002739
8466 CNOT7_4 8457 0.002739
8466 CNOT7_4 8458 0.002739
8466 CNOT7_4 8456 0.002739
8466 MEAS7 8493 0.988400
8466 MEAS7 8466 0.011600
8466 X10 8469 0.999775
8466 X10 8466 0.000075
8466 X10 8467 0.000075
8466 X10 8468 0.000075
8467 CNOT7_10 8457 0.974319
8467 CNOT7_10 8459 0.003669
8467 CNOT7_10 8460 0.003669
8467 CNOT7_10 8454 0.003669
8467 CNOT7_10 8461 0.003669
8467 CNOT7_10 8455 0.003669
8467 CNOT7_10 8456 0.003669
8467 CNOT7_10 8458 0.003669
8467 CNOT7_4 8456 0.980830
8467 CNOT7_4 8459 0.002739
8467 CNOT7_4 8460 0.002739
8467 CNOT7_4 8454 0.002739
8467 CNOT7_4 8461 0.002739
8467 CNOT7_4 8458 0.002739
8467 CNOT7_4 8457 0.002739
8467 CNOT7_4 8455 0.002739
8467 MEAS7 8494 0.988400
8467 MEAS7 8467 0.011600
8467 X10 8468 0.999775
8467 X10 8467 0.000075
8467 X10 8466 0.000075
8467 X10 8469 0.000075
8468 CNOT7_10 8459 0.974319
8468 CNOT7_10 8457 0.003669
8468 CNOT7_10 8458 0.003669
8468 CNOT7_10 8455 0.003669
8468 CNOT7_10 8456 0.003669
8468 CNOT7_10 8454 0.003669
8468 CNOT7_10 8461 0.003669
8468 CNOT7_10 8460 0.003669
8468 CNOT7_4 8459 0.980830
8468 CNOT7_4 8456 0.002739
8468 CNOT7_4 8455 0.002739
8468 CNOT7_4 8458 0.002739
8468 CNOT7_4 8457 0.002739
8468 CNOT7_4 8454 0.002739
8468 CNOT7_4 8461 0.002739
8468 CNOT7_4 8460 0.002739
8468 MEAS7 8495 0.988400
8468 MEAS7 8468 0.011600
8468 X10 8467 0.999775
8468 X10 8468 0.000075
8468 X10 8469 0.000075
8468 X10 8466 0.000075
8469 CNOT7_10 8460 0.974319
8469 CNOT7_10 8458 0.003669
8469 CNOT7_10 8457 0.003669
8469 CNOT7_10 8456 0.003669
8469 CNOT7_10 8455 0.003669
8469 CNOT7_10 8461 0.003669
8469 CNOT7_10 8454 0.003669
8469 CNOT7_10 8459 0.003669
8469 CNOT7_4 8460 0.980830
8469 CNOT7_4 8455 0.002739
8469 CNOT7_4 8456 0.002739
8469 CNOT7_4 8457 0.002739
8469 CNOT7_4 8458 0.002739
8469 CNOT7_4 8461 0.002739
8469 CNOT7_4 8454 0.002739
8469 CNOT7_4 8459 0.002739
8469 MEAS7 8496 0.988400
8469 MEAS7 8469 0.011600
8469 X10 8466 0.999775
8469 X10 8469 0.000075
8469 X10 8468 0.000075
8469 X10 8467 0.000075
8470 CNOT7_10 8470 0.977988
8470 CNOT7_10 8475 0.007337
8470 CNOT7_10 8478 0.007337
8470 CNOT7_10 8483 0.007337
8470 CNOT7_4 8470 0.983568
8470 CNOT7_4 8479 0.005477
8470 CNOT7_4 8474 0.005477
8470 CNOT7_4 8483 0.005477
8470 MEAS7 8449 0.996600
8470 MEAS7 8470 0.003400
8470 X10 8478 0.999850
8470 X10 8470 0.000150
8471 CNOT7_10 8482 0.977988
8471 CNOT7_10 8479 0.007337
8471 CNOT7_10 8474 0.007337
8471 CNOT7_10 8471 0.007337
8471 CNOT7_4 8482 0.983568
8471 CNOT7_4 8475 0.005477
8471 CNOT7_4 8478 0.005477
8471 CNOT7_4 8471 0.005477
8471 MEAS7 8471 0.988400
8471 MEAS7 8472 0.011600
8471 X10 8479 0.999850
8471 X10 8471 0.000150
8472 CNOT7_10 8481 0.977988
8472 CNOT7_10 8480 0.007337
8472 CNOT7_10 8473 0.007337
8472 CNOT7_10 8472 0.007337
8472 CNOT7_4 8481 0.983568
8472 CNOT7_4 8476 0.005477
8472 CNOT7_4 8477 0.005477
8472 CNOT7_4 8472 0.005477
8472 MEAS7 8471 0.988400
8472 MEAS7 8472 0.011600
8472 X10 8480 0.999850
8472 X10 8472 0.000150
8473 CNOT7_10 8473 0.977988
8473 CNOT7_10 8472 0.007337
8473 CNOT7_10 8481 0.007337
8473 CNOT7_10 8480 0.007337
8473 CNOT7_4 8480 0.983568
8473 CNOT7_4 8449 0.005477
8473 CNOT7_4 8484 0.005477
8473 CNOT7_4 8473 0.005477
8473 MEAS7 8473 0.996600
8473 MEAS7 8474 0.003400
8473 X10 8481 0.999850
8473 X10 8473 0.000150
8474 CNOT7_10 8474 0.977988
8474 CNOT7_10 8471 0.007337
8474 CNOT7_10 8482 0.007337
8474 CNOT7_10 8479 0.007337
8474 CNOT7_4 8479 0.983568
8474 CNOT7_4 8470 0.005477
8474 CNOT7_4 8483 0.005477
8474 CNOT7_4 8474 0.005477
8474 MEAS7 8473 0.996600
8474 MEAS7 8474 0.003400
8474 X10 8482 0.999850
8474 X10 8474 0.000150
8475 CNOT7_10 8478 0.977988
8475 CNOT7_10 8483 0.007337
8475 CNOT7_10 8470 0.007337
8475 CNOT7_10 8475 0.007337
8475 CNOT7_4 8475 0.983568
8475 CNOT7_4 8482 0.005477
8475 CNOT7_4 8471 0.005477
8475 CNOT7_4 8478 0.005477
8475 MEAS7 8475 0.988400
8475 MEAS7 8476 0.011600
8475 X10 8483 0.999850
8475 X10 8475 0.000150
8476 CNOT7_10 8477 0.977988
8476 CNOT7_10 8484 0.007337
8476 CNOT7_10 8449 0.007337
8476 CNOT7_10 8476 0.007337
8476 CNOT7_4 8476 0.983568
8476 CNOT7_4 8481 0.005477
8476 CNOT7_4 8472 0.005477
8476 CNOT7_4 8477 0.005477
8476 MEAS7 8475 0.988400
8476 MEAS7 8476 0.011600
8476 X10 8484 0.999850
8476 X10 8476 0.000150
8477 CNOT7_10 8476 0.977988
8477 CNOT7_10 8449 0.007337
8477 CNOT7_10 8484 0.007337
8477 CNOT7_10 8477 0.007337
8477 CNOT7_4 8477 0.983568
8477 CNOT7_4 8472 0.005477
8477 CNOT7_4 8481 0.005477
8477 CNOT7_4 8476 0.005477
8477 MEAS7 8477 0.996600
8477 MEAS7 8478 0.003400
8477 X10 8449 0.999850
8477 X10 8477 0.000150
8478 CNOT7_10 8475 0.977988
8478 CNOT7_10 8470 0.007337
8478 CNOT7_10 8483 0.007337
8478 CNOT7_10 8478 0.007337
8478 CNOT7_4 8478 0.983568
8478 CNOT7_4 8471 0.005477
8478 CNOT7_4 8482 0.005477
8478 CNOT7_4 8475 0.005477
8478 MEAS7 8477 0.996600
8478 MEAS7 8478 0.003400
8478 X10 8470 0.999850
8478 X10 8478 0.000150
8479 CNOT7_10 8479 0.977988
8479 CNOT7_10 8482 0.007337
8479 CNOT7_10 8471 0.007337
8479 CNOT7_10 8474 0.007337
8479 CNOT7_4 8474 0.983568
8479 CNOT7_4 8483 0.005477
8479 CNOT7_4 8470 0.005477
8479 CNOT7_4 8479 0.005477
8479 MEAS7 8479 0.988400
8479 MEAS7 8480 0.011600
8479 X10 8471 0.999850
8479 X10 8479 0.000150
8480 CNOT7_10 8480 0.977988
8480 CNOT7_10 8481 0.007337
8480 CNOT7_10 8472 0.007337
8480 CNOT7_10 8473 0.007337
8480 CNOT7_4 8473 0.983568
8480 CNOT7_4 8484 0.005477
8480 CNOT7_4 8449 0.005477
8480 CNOT7_4 8480 0.005477
8480 MEAS7 8479 0.988400
8480 MEAS7 8480 0.011600
8480 X10 8472 0.999850
8480 X10 8480 0.000150
8481 CNOT7_10 8472 0.977988
8481 CNOT7_10 8473 0.007337
8481 CNOT7_10 8480 0.007337
8481 CNOT7_10 8481 0.007337
8481 CNOT7_4 8472 0.983568
8481 CNOT7_4 8477 0.005477
8481 CNOT7_4 8476 0.005477
8481 CNOT7_4 8481 0.005477
8481 MEAS7 8481 0.996600
8481 MEAS7 8482 0.003400
8481 X10 8473 0.999850
8481 X10 8481 0.000150
8482 CNOT7_10 8471 0.977988
8482 CNOT7_10 8474 0.007337
8482 CNOT7_10 8479 0.007337
8482 CNOT7_10 8482 0.007337
8482 CNOT7_4 8471 0.983568
8482 CNOT7_4 8478 0.005477
8482 CNOT7_4 8475 0.005477
8482 CNOT7_4 8482 0.005477
8482 MEAS7 8481 0.996600
8482 MEAS7 8482 0.003400
8482 X10 8474 0.999850
8482 X10 8482 0.000150
8483 CNOT7_10 8483 0.977988
8483 CNOT7_10 8478 0.007337
8483 CNOT7_10 8475 0.007337
8483 CNOT7_10 8470 0.007337
8483 CNOT7_4 8483 0.983568
8483 CNOT7_4 8474 0.005477
8483 CNOT7_4 8479 0.005477
8483 CNOT7_4 8470 0.005477
8483 MEAS7 8483 0.988400
8483 MEAS7 8484 0.011600
8483 X10 8475 0.999850
8483 X10 8483 0.000150
8484 CNOT7_10 8484 0.977988
8484 CNOT7_10 8477 0.007337
8484 CNOT7_10 8476 0.007337
8484 CNOT7_10 8449 0.007337
8484 CNOT7_4 8484 0.983568
8484 CNOT7_4 8473 0.005477
8484 CNOT7_4 8480 0.005477
8484 CNOT7_4 8449 0.005477
8484 MEAS7 8483 0.988400
8484 MEAS7 8484 0.011600
8484 X10 8476 0.999850
8484 X10 8484 0.000150
8485 CNOT7_10 8462 0.974319
8485 CNOT7_10 8493 0.003669
8485 CNOT7_10 8463 0.003669
8485 CNOT7_10 8494 0.003669
8485 CNOT7_10 8465 0.003669
8485 CNOT7_10 8495 0.003669
8485 CNOT7_10 8464 0.003669
8485 CNOT7_10 8496 0.003669
8485 CNOT7_4 8462 0.980830
8485 CNOT7_4 8493 0.002739
8485 CNOT7_4 8463 0.002739
8485 CNOT7_4 8494 0.002739
8485 CNOT7_4 8465 0.002739
8485 CNOT7_4 8495 0.002739
8485 CNOT7_4 8464 0.002739
8485 CNOT7_4 8496 0.002739
8485 MEAS7 8449 0.498300
8485 MEAS7 8470 0.001700
8485 MEAS7 8471 0.494200
8485 MEAS7 8472 0.005800
8485 X10 8489 0.999775
8485 X10 8485 0.000075
8485 X10 8492 0.000075
8485 X10 8488 0.000075
8486 CNOT7_10 8463 0.974319
8486 CNOT7_10 8496 0.003669
8486 CNOT7_10 8462 0.003669
8486 CNOT7_10 8495 0.003669
8486 CNOT7_10 8464 0.003669
8486 CNOT7_10 8494 0.003669
8486 CNOT7_10 8465 0.003669
8486 CNOT7_10 8493 0.003669
8486 CNOT7_4 8493 0.980830
8486 CNOT7_4 8462 0.002739
8486 CNOT7_4 8496 0.002739
8486 CNOT7_4 8464 0.002739
8486 CNOT7_4 8495 0.002739
8486 CNOT7_4 8465 0.002739
8486 CNOT7_4 8494 0.002739
8486 CNOT7_4 8463 0.002739
8486 MEAS7 8473 0.498300
8486 MEAS7 8474 0.001700
8486 MEAS7 8475 0.494200
8486 MEAS7 8476 0.005800
8486 X10 8491 0.999775
8486 X10 8486 0.000075
8486 X10 8487 0.000075
8486 X10 8490 0.000075
8487 CNOT7_10 8465 0.974319
8487 CNOT7_10 8495 0.003669
8487 CNOT7_10 8464 0.003669
8487 CNOT7_10 8496 0.003669
8487 CNOT7_10 8462 0.003669
8487 CNOT7_10 8493 0.003669
8487 CNOT7_10 8463 0.003669
8487 CNOT7_10 8494 0.003669
8487 CNOT7_4 8494 0.980830
8487 CNOT7_4 8464 0.002739
8487 CNOT7_4 8495 0.002739
8487 CNOT7_4 8462 0.002739
8487 CNOT7_4 8496 0.002739
8487 CNOT7_4 8463 0.002739
8487 CNOT7_4 8493 0.002739
8487 CNOT7_4 8465 0.002739
8487 MEAS7 8473 0.498300
8487 MEAS7 8474 0.001700
8487 MEAS7 8475 0.494200
8487 MEAS7 8476 0.005800
8487 X10 8490 0.999775
8487 X10 8487 0.000075
8487 X10 8486 0.000075
8487 X10 8491 0.000075
8488 CNOT7_10 8494 0.974319
8488 CNOT7_10 8464 0.003669
8488 CNOT7_10 8495 0.003669
8488 CNOT7_10 8462 0.003669
8488 CNOT7_10 8496 0.003669
8488 CNOT7_10 8463 0.003669
8488 CNOT7_10 8493 0.003669
8488 CNOT7_10 8465 0.003669
8488 CNOT7_4 8465 0.980830
8488 CNOT7_4 8495 0.002739
8488 CNOT7_4 8464 0.002739
8488 CNOT7_4 8496 0.002739
8488 CNOT7_4 8462 0.002739
8488 CNOT7_4 8493 0.002739
8488 CNOT7_4 8463 0.002739
8488 CNOT7_4 8494 0.002739
8488 MEAS7 8477 0.498300
8488 MEAS7 8478 0.001700
8488 MEAS7 8479 0.494200
8488 MEAS7 8480 0.005800
8488 X10 8492 0.999775
8488 X10 8488 0.000075
8488 X10 8489 0.000075
8488 X10 8485 0.000075
8489 CNOT7_10 8493 0.974319
8489 CNOT7_10 8462 0.003669
8489 CNOT7_10 8496 0.003669
8489 CNOT7_10 8464 0.003669
8489 CNOT7_10 8495 0.003669
8489 CNOT7_10 8465 0.003669
8489 CNOT7_10 8494 0.003669
8489 CNOT7_10 8463 0.003669
8489 CNOT7_4 8463 0.980830
8489 CNOT7_4 8496 0.002739
8489 CNOT7_4 8462 0.002739
8489 CNOT7_4 8495 0.002739
8489 CNOT7_4 8464 0.002739
8489 CNOT7_4 8494 0.002739
8489 CNOT7_4 8465 0.002739
8489 CNOT7_4 8493 0.002739
8489 MEAS7 8477 0.498300
8489 MEAS7 8478 0.001700
8489 MEAS7 8479 0.494200
8489 MEAS7 8480 0.005800
8489 X10 8485 0.999775
8489 X10 8489 0.000075
8489 X10 8488 0.000075
8489 X10 8492 0.000075
8490 CNOT7_10 8495 0.974319
8490 CNOT7_10 8465 0.003669
8490 CNOT7_10 8494 0.003669
8490 CNOT7_10 8463 0.003669
8490 CNOT7_10 8493 0.003669
8490 CNOT7_10 8462 0.003669
8490 CNOT7_10 8496 0.003669
8490 CNOT7_10 8464 0.003669
8490 CNOT7_4 8495 0.980830
8490 CNOT7_4 8465 0.002739
8490 CNOT7_4 8494 0.002739
8490 CNOT7_4 8463 0.002739
8490 CNOT7_4 8493 0.002739
8490 CNOT7_4 8462 0.002739
8490 CNOT7_4 8496 0.002739
8490 CNOT7_4 8464 0.002739
8490 MEAS7 8481 0.498300
8490 MEAS7 8482 0.001700
8490 MEAS7 8483 0.494200
8490 MEAS7 8484 0.005800
8490 X10 8487 0.999775
8490 X10 8490 0.000075
8490 X10 8491 0.000075
8490 X10 8486 0.000075
8491 CNOT7_10 8496 0.974319
8491 CNOT7_10 8463 0.003669
8491 CNOT7_10 8493 0.003669
8491 CNOT7_10 8465 0.003669
8491 CNOT7_10 8494 0.003669
8491 CNOT7_10 8464 0.003669
8491 CNOT7_10 8495 0.003669
8491 CNOT7_10 8462 0.003669
8491 CNOT7_4 8496 0.980830
8491 CNOT7_4 8463 0.002739
8491 CNOT7_4 8493 0.002739
8491 CNOT7_4 8465 0.002739
8491 CNOT7_4 8494 0.002739
8491 CNOT7_4 8464 0.002739
8491 CNOT7_4 8495 0.002739
8491 CNOT7_4 8462 0.002739
8491 MEAS7 8481 0.498300
8491 MEAS7 8482 0.001700
8491 MEAS7 8483 0.494200
8491 MEAS7 8484 0.005800
8491 X10 8486 0.999775
8491 X10 8491 0.000075
8491 X10 8490 0.000075
8491 X10 8487 0.000075
8492 CNOT7_10 8464 0.974319
8492 CNOT7_10 8494 0.003669
8492 CNOT7_10 8465 0.003669
8492 CNOT7_10 8493 0.003669
8492 CNOT7_10 8463 0.003669
8492 CNOT7_10 8496 0.003669
8492 CNOT7_10 8462 0.003669
8492 CNOT7_10 8495 0.003669
8492 CNOT7_4 8464 0.980830
8492 CNOT7_4 8494 0.002739
8492 CNOT7_4 8465 0.002739
8492 CNOT7_4 8493 0.002739
8492 CNOT7_4 8463 0.002739
8492 CNOT7_4 8496 0.002739
8492 CNOT7_4 8462 0.002739
8492 CNOT7_4 8495 0.002739
8492 MEAS7 8449 0.498300
8492 MEAS7 8470 0.001700
8492 MEAS7 8471 0.494200
8492 MEAS7 8472 0.005800
8492 X10 8488 0.999775
8492 X10 8492 0.000075
8492 X10 8485 0.000075
8492 X10 8489 0.000075
8493 CNOT7_10 8489 0.974319
8493 CNOT7_10 8491 0.003669
8493 CNOT7_10 8490 0.003669
8493 CNOT7_10 8492 0.003669
8493 CNOT7_10 8485 0.003669
8493 CNOT7_10 8487 0.003669
8493 CNOT7_10 8486 0.003669
8493 CNOT7_10 8488 0.003669
8493 CNOT7_4 8486 0.980830
8493 CNOT7_4 8491 0.002739
8493 CNOT7_4 8490 0.002739
8493 CNOT7_4 8492 0.002739
8493 CNOT7_4 8485 0.002739
8493 CNOT7_4 8488 0.002739
8493 CNOT7_4 8489 0.002739
8493 CNOT7_4 8487 0.002739
8493 MEAS7 8493 0.988400
8493 MEAS7 8466 0.011600
8493 X10 8496 0.999775
8493 X10 8493 0.000075
8493 X10 8494 0.000075
8493 X10 8495 0.000075
8494 CNOT7_10 8488 0.974319
8494 CNOT7_10 8490 0.003669
8494 CNOT7_10 8491 0.003669
8494 CNOT7_10 8485 0.003669
8494 CNOT7_10 8492 0.003669
8494 CNOT7_10 8486 0.003669
8494 CNOT7_10 8487 0.003669
8494 CNOT7_10 8489 0.003669
8494 CNOT7_4 8487 0.980830
8494 CNOT7_4 8490 0.002739
8494 CNOT7_4 8491 0.002739
8494 CNOT7_4 8485 0.002739
8494 CNOT7_4 8492 0.002739
8494 CNOT7_4 8489 0.002739
8494 CNOT7_4 8488 0.002739
8494 CNOT7_4 8486 0.002739
8494 MEAS7 8494 0.988400
8494 MEAS7 8467 0.011600
8494 X10 8495 0.999775
8494 X10 8494 0.000075
8494 X10 8493 0.000075
8494 X10 8496 0.000075
8495 CNOT7_10 8490 0.974319
8495 CNOT7_10 8488 0.003669
8495 CNOT7_10 8489 0.003669
8495 CNOT7_10 8486 0.003669
8495 CNOT7_10 8487 0.003669
8495 CNOT7_10 8485 0.003669
8495 CNOT7_10 8492 0.003669
8495 CNOT7_10 8491 0.003669
8495 CNOT7_4 8490 0.980830
8495 CNOT7_4 8487 0.002739
8495 CNOT7_4 8486 0.002739
8495 CNOT7_4 8489 0.002739
8495 CNOT7_4 8488 0.002739
8495 CNOT7_4 8485 0.002739
8495 CNOT7_4 8492 0.002739
8495 CNOT7_4 8491 0.002739
8495 MEAS7 8495 0.988400
8495 MEAS7 8468 0.011600
8495 X10 8494 0.999775
8495 X10 8495 0.000075
8495 X10 8496 0.000075
8495 X10 8493 0.000075
8496 CNOT7_10 8491 0.974319
8496 CNOT7_10 8489 0.003669
8496 CNOT7_10 8488 0.003669
8496 CNOT7_10 8487 0.003669
8496 CNOT7_10 8486 0.003669
8496 CNOT7_10 8492 0.003669
8496 CNOT7_10 8485 0.003669
8496 CNOT7_10 8490 0.003669
8496 CNOT7_4 8491 0.980830
8496 CNOT7_4 8486 0.002739
8496 CNOT7_4 8487 0.002739
8496 CNOT7_4 8488 0.002739
8496 CNOT7_4 8489 0.002739
8496 CNOT7_4 8492 0.002739
8496 CNOT7_4 8485 0.002739
8496 CNOT7_4 8490 0.002739
8496 MEAS7 8496 0.988400
8496 MEAS7 8469 0.011600
8496 X10 8493 0.999775
8496 X10 8496 0.000075
8496 X10 8495 0.000075
8496 X10 8494 0.000075
ENDPOMDP
