BEGINPOMDP
INITIALSTATE: 7681
STATES: 7681,7682,7683,7684,7685,7686,7687,7688,7689,7690,7691,7692,7693,7694,7695,7696,7697,7698,7699,7700,7701,7702,7703,7704,7705,7706,7707,7708,7709,7710,7711,7712,7713,7714,7715,7716,7717,7718,7719,7720,7721,7722,7723,7724,7725,7726,7727,7728
TARGETV: 7682,7684,7686,7691,7692,7693,7694,7696,7700,7701,7717,7722,7723,7724,7727,7728
GAMMA: 7681:0,7682:0,7683:0,7684:0,7685:0,7686:0,7687:0,7688:0,7689:0,7690:0,7691:0,7692:0,7693:0,7694:1,7695:1,7696:1,7697:1,7698:0,7699:0,7700:0,7701:0,7702:1,7703:1,7704:0,7705:0,7706:1,7707:1,7708:0,7709:0,7710:1,7711:1,7712:0,7713:0,7714:1,7715:1,7716:0,7717:1,7718:1,7719:1,7720:1,7721:1,7722:1,7723:1,7724:1,7725:1,7726:1,7727:1,7728:1
BEGINACTIONS
CNOT15_12 Instruction.CNOT 12 15
CNOT15_18 Instruction.CNOT 18 15
MEAS15 Instruction.MEAS None 15
X12 Instruction.X None 12
ENDACTIONS
7681 INIT_ 7682 0.250000
7681 INIT_ 7683 0.250000
7681 INIT_ 7684 0.250000
7681 INIT_ 7685 0.250000
7681 CNOT15_12 7681 0.979841
7681 CNOT15_12 7708 0.006720
7681 CNOT15_12 7709 0.006720
7681 CNOT15_12 7716 0.006720
7681 CNOT15_18 7681 0.981135
7681 CNOT15_18 7712 0.006288
7681 CNOT15_18 7705 0.006288
7681 CNOT15_18 7716 0.006288
7681 MEAS15 7681 0.685000
7681 MEAS15 7702 0.315000
7681 X12 7709 0.997476
7681 X12 7681 0.002524
7682 CNOT15_12 7686 0.976481
7682 CNOT15_12 7687 0.003360
7682 CNOT15_12 7688 0.003360
7682 CNOT15_12 7689 0.003360
7682 CNOT15_12 7690 0.003360
7682 CNOT15_12 7691 0.003360
7682 CNOT15_12 7692 0.003360
7682 CNOT15_12 7693 0.003360
7682 CNOT15_18 7686 0.977991
7682 CNOT15_18 7690 0.003144
7682 CNOT15_18 7689 0.003144
7682 CNOT15_18 7688 0.003144
7682 CNOT15_18 7687 0.003144
7682 CNOT15_18 7691 0.003144
7682 CNOT15_18 7692 0.003144
7682 CNOT15_18 7693 0.003144
7682 MEAS15 7682 0.685000
7682 MEAS15 7694 0.315000
7682 X12 7683 0.996214
7682 X12 7682 0.001262
7682 X12 7684 0.001262
7682 X12 7685 0.001262
7683 CNOT15_12 7687 0.976481
7683 CNOT15_12 7686 0.003360
7683 CNOT15_12 7693 0.003360
7683 CNOT15_12 7691 0.003360
7683 CNOT15_12 7692 0.003360
7683 CNOT15_12 7689 0.003360
7683 CNOT15_12 7690 0.003360
7683 CNOT15_12 7688 0.003360
7683 CNOT15_18 7690 0.977991
7683 CNOT15_18 7686 0.003144
7683 CNOT15_18 7693 0.003144
7683 CNOT15_18 7691 0.003144
7683 CNOT15_18 7692 0.003144
7683 CNOT15_18 7688 0.003144
7683 CNOT15_18 7687 0.003144
7683 CNOT15_18 7689 0.003144
7683 MEAS15 7683 0.685000
7683 MEAS15 7695 0.315000
7683 X12 7682 0.996214
7683 X12 7683 0.001262
7683 X12 7685 0.001262
7683 X12 7684 0.001262
7684 CNOT15_12 7693 0.976481
7684 CNOT15_12 7688 0.003360
7684 CNOT15_12 7687 0.003360
7684 CNOT15_12 7690 0.003360
7684 CNOT15_12 7689 0.003360
7684 CNOT15_12 7692 0.003360
7684 CNOT15_12 7691 0.003360
7684 CNOT15_12 7686 0.003360
7684 CNOT15_18 7693 0.977991
7684 CNOT15_18 7689 0.003144
7684 CNOT15_18 7690 0.003144
7684 CNOT15_18 7687 0.003144
7684 CNOT15_18 7688 0.003144
7684 CNOT15_18 7692 0.003144
7684 CNOT15_18 7691 0.003144
7684 CNOT15_18 7686 0.003144
7684 MEAS15 7684 0.685000
7684 MEAS15 7696 0.315000
7684 X12 7685 0.996214
7684 X12 7684 0.001262
7684 X12 7682 0.001262
7684 X12 7683 0.001262
7685 CNOT15_12 7688 0.976481
7685 CNOT15_12 7693 0.003360
7685 CNOT15_12 7686 0.003360
7685 CNOT15_12 7692 0.003360
7685 CNOT15_12 7691 0.003360
7685 CNOT15_12 7690 0.003360
7685 CNOT15_12 7689 0.003360
7685 CNOT15_12 7687 0.003360
7685 CNOT15_18 7689 0.977991
7685 CNOT15_18 7693 0.003144
7685 CNOT15_18 7686 0.003144
7685 CNOT15_18 7692 0.003144
7685 CNOT15_18 7691 0.003144
7685 CNOT15_18 7687 0.003144
7685 CNOT15_18 7688 0.003144
7685 CNOT15_18 7690 0.003144
7685 MEAS15 7685 0.685000
7685 MEAS15 7697 0.315000
7685 X12 7684 0.996214
7685 X12 7685 0.001262
7685 X12 7683 0.001262
7685 X12 7682 0.001262
7686 CNOT15_12 7682 0.976481
7686 CNOT15_12 7698 0.003360
7686 CNOT15_12 7683 0.003360
7686 CNOT15_12 7699 0.003360
7686 CNOT15_12 7685 0.003360
7686 CNOT15_12 7700 0.003360
7686 CNOT15_12 7684 0.003360
7686 CNOT15_12 7701 0.003360
7686 CNOT15_18 7682 0.977991
7686 CNOT15_18 7698 0.003144
7686 CNOT15_18 7683 0.003144
7686 CNOT15_18 7699 0.003144
7686 CNOT15_18 7685 0.003144
7686 CNOT15_18 7700 0.003144
7686 CNOT15_18 7684 0.003144
7686 CNOT15_18 7701 0.003144
7686 MEAS15 7681 0.342500
7686 MEAS15 7702 0.157500
7686 MEAS15 7703 0.383000
7686 MEAS15 7704 0.117000
7686 X12 7690 0.996214
7686 X12 7686 0.001262
7686 X12 7693 0.001262
7686 X12 7689 0.001262
7687 CNOT15_12 7683 0.976481
7687 CNOT15_12 7701 0.003360
7687 CNOT15_12 7682 0.003360
7687 CNOT15_12 7700 0.003360
7687 CNOT15_12 7684 0.003360
7687 CNOT15_12 7699 0.003360
7687 CNOT15_12 7685 0.003360
7687 CNOT15_12 7698 0.003360
7687 CNOT15_18 7698 0.977991
7687 CNOT15_18 7682 0.003144
7687 CNOT15_18 7701 0.003144
7687 CNOT15_18 7684 0.003144
7687 CNOT15_18 7700 0.003144
7687 CNOT15_18 7685 0.003144
7687 CNOT15_18 7699 0.003144
7687 CNOT15_18 7683 0.003144
7687 MEAS15 7705 0.342500
7687 MEAS15 7706 0.157500
7687 MEAS15 7707 0.383000
7687 MEAS15 7708 0.117000
7687 X12 7692 0.996214
7687 X12 7687 0.001262
7687 X12 7688 0.001262
7687 X12 7691 0.001262
7688 CNOT15_12 7685 0.976481
7688 CNOT15_12 7700 0.003360
7688 CNOT15_12 7684 0.003360
7688 CNOT15_12 7701 0.003360
7688 CNOT15_12 7682 0.003360
7688 CNOT15_12 7698 0.003360
7688 CNOT15_12 7683 0.003360
7688 CNOT15_12 7699 0.003360
7688 CNOT15_18 7699 0.977991
7688 CNOT15_18 7684 0.003144
7688 CNOT15_18 7700 0.003144
7688 CNOT15_18 7682 0.003144
7688 CNOT15_18 7701 0.003144
7688 CNOT15_18 7683 0.003144
7688 CNOT15_18 7698 0.003144
7688 CNOT15_18 7685 0.003144
7688 MEAS15 7705 0.342500
7688 MEAS15 7706 0.157500
7688 MEAS15 7707 0.383000
7688 MEAS15 7708 0.117000
7688 X12 7691 0.996214
7688 X12 7688 0.001262
7688 X12 7687 0.001262
7688 X12 7692 0.001262
7689 CNOT15_12 7699 0.976481
7689 CNOT15_12 7684 0.003360
7689 CNOT15_12 7700 0.003360
7689 CNOT15_12 7682 0.003360
7689 CNOT15_12 7701 0.003360
7689 CNOT15_12 7683 0.003360
7689 CNOT15_12 7698 0.003360
7689 CNOT15_12 7685 0.003360
7689 CNOT15_18 7685 0.977991
7689 CNOT15_18 7700 0.003144
7689 CNOT15_18 7684 0.003144
7689 CNOT15_18 7701 0.003144
7689 CNOT15_18 7682 0.003144
7689 CNOT15_18 7698 0.003144
7689 CNOT15_18 7683 0.003144
7689 CNOT15_18 7699 0.003144
7689 MEAS15 7709 0.342500
7689 MEAS15 7710 0.157500
7689 MEAS15 7711 0.383000
7689 MEAS15 7712 0.117000
7689 X12 7693 0.996214
7689 X12 7689 0.001262
7689 X12 7690 0.001262
7689 X12 7686 0.001262
7690 CNOT15_12 7698 0.976481
7690 CNOT15_12 7682 0.003360
7690 CNOT15_12 7701 0.003360
7690 CNOT15_12 7684 0.003360
7690 CNOT15_12 7700 0.003360
7690 CNOT15_12 7685 0.003360
7690 CNOT15_12 7699 0.003360
7690 CNOT15_12 7683 0.003360
7690 CNOT15_18 7683 0.977991
7690 CNOT15_18 7701 0.003144
7690 CNOT15_18 7682 0.003144
7690 CNOT15_18 7700 0.003144
7690 CNOT15_18 7684 0.003144
7690 CNOT15_18 7699 0.003144
7690 CNOT15_18 7685 0.003144
7690 CNOT15_18 7698 0.003144
7690 MEAS15 7709 0.342500
7690 MEAS15 7710 0.157500
7690 MEAS15 7711 0.383000
7690 MEAS15 7712 0.117000
7690 X12 7686 0.996214
7690 X12 7690 0.001262
7690 X12 7689 0.001262
7690 X12 7693 0.001262
7691 CNOT15_12 7700 0.976481
7691 CNOT15_12 7685 0.003360
7691 CNOT15_12 7699 0.003360
7691 CNOT15_12 7683 0.003360
7691 CNOT15_12 7698 0.003360
7691 CNOT15_12 7682 0.003360
7691 CNOT15_12 7701 0.003360
7691 CNOT15_12 7684 0.003360
7691 CNOT15_18 7700 0.977991
7691 CNOT15_18 7685 0.003144
7691 CNOT15_18 7699 0.003144
7691 CNOT15_18 7683 0.003144
7691 CNOT15_18 7698 0.003144
7691 CNOT15_18 7682 0.003144
7691 CNOT15_18 7701 0.003144
7691 CNOT15_18 7684 0.003144
7691 MEAS15 7713 0.342500
7691 MEAS15 7714 0.157500
7691 MEAS15 7715 0.383000
7691 MEAS15 7716 0.117000
7691 X12 7688 0.996214
7691 X12 7691 0.001262
7691 X12 7692 0.001262
7691 X12 7687 0.001262
7692 CNOT15_12 7701 0.976481
7692 CNOT15_12 7683 0.003360
7692 CNOT15_12 7698 0.003360
7692 CNOT15_12 7685 0.003360
7692 CNOT15_12 7699 0.003360
7692 CNOT15_12 7684 0.003360
7692 CNOT15_12 7700 0.003360
7692 CNOT15_12 7682 0.003360
7692 CNOT15_18 7701 0.977991
7692 CNOT15_18 7683 0.003144
7692 CNOT15_18 7698 0.003144
7692 CNOT15_18 7685 0.003144
7692 CNOT15_18 7699 0.003144
7692 CNOT15_18 7684 0.003144
7692 CNOT15_18 7700 0.003144
7692 CNOT15_18 7682 0.003144
7692 MEAS15 7713 0.342500
7692 MEAS15 7714 0.157500
7692 MEAS15 7715 0.383000
7692 MEAS15 7716 0.117000
7692 X12 7687 0.996214
7692 X12 7692 0.001262
7692 X12 7691 0.001262
7692 X12 7688 0.001262
7693 CNOT15_12 7684 0.976481
7693 CNOT15_12 7699 0.003360
7693 CNOT15_12 7685 0.003360
7693 CNOT15_12 7698 0.003360
7693 CNOT15_12 7683 0.003360
7693 CNOT15_12 7701 0.003360
7693 CNOT15_12 7682 0.003360
7693 CNOT15_12 7700 0.003360
7693 CNOT15_18 7684 0.977991
7693 CNOT15_18 7699 0.003144
7693 CNOT15_18 7685 0.003144
7693 CNOT15_18 7698 0.003144
7693 CNOT15_18 7683 0.003144
7693 CNOT15_18 7701 0.003144
7693 CNOT15_18 7682 0.003144
7693 CNOT15_18 7700 0.003144
7693 MEAS15 7681 0.342500
7693 MEAS15 7702 0.157500
7693 MEAS15 7703 0.383000
7693 MEAS15 7704 0.117000
7693 X12 7689 0.996214
7693 X12 7693 0.001262
7693 X12 7686 0.001262
7693 X12 7690 0.001262
7694 CNOT15_12 7717 0.976481
7694 CNOT15_12 7718 0.003360
7694 CNOT15_12 7719 0.003360
7694 CNOT15_12 7720 0.003360
7694 CNOT15_12 7721 0.003360
7694 CNOT15_12 7722 0.003360
7694 CNOT15_12 7723 0.003360
7694 CNOT15_12 7724 0.003360
7694 CNOT15_18 7717 0.977991
7694 CNOT15_18 7721 0.003144
7694 CNOT15_18 7720 0.003144
7694 CNOT15_18 7719 0.003144
7694 CNOT15_18 7718 0.003144
7694 CNOT15_18 7722 0.003144
7694 CNOT15_18 7723 0.003144
7694 CNOT15_18 7724 0.003144
7694 MEAS15 7682 0.685000
7694 MEAS15 7694 0.315000
7694 X12 7695 0.996214
7694 X12 7694 0.001262
7694 X12 7696 0.001262
7694 X12 7697 0.001262
7695 CNOT15_12 7718 0.976481
7695 CNOT15_12 7717 0.003360
7695 CNOT15_12 7724 0.003360
7695 CNOT15_12 7722 0.003360
7695 CNOT15_12 7723 0.003360
7695 CNOT15_12 7720 0.003360
7695 CNOT15_12 7721 0.003360
7695 CNOT15_12 7719 0.003360
7695 CNOT15_18 7721 0.977991
7695 CNOT15_18 7717 0.003144
7695 CNOT15_18 7724 0.003144
7695 CNOT15_18 7722 0.003144
7695 CNOT15_18 7723 0.003144
7695 CNOT15_18 7719 0.003144
7695 CNOT15_18 7718 0.003144
7695 CNOT15_18 7720 0.003144
7695 MEAS15 7683 0.685000
7695 MEAS15 7695 0.315000
7695 X12 7694 0.996214
7695 X12 7695 0.001262
7695 X12 7697 0.001262
7695 X12 7696 0.001262
7696 CNOT15_12 7724 0.976481
7696 CNOT15_12 7719 0.003360
7696 CNOT15_12 7718 0.003360
7696 CNOT15_12 7721 0.003360
7696 CNOT15_12 7720 0.003360
7696 CNOT15_12 7723 0.003360
7696 CNOT15_12 7722 0.003360
7696 CNOT15_12 7717 0.003360
7696 CNOT15_18 7724 0.977991
7696 CNOT15_18 7720 0.003144
7696 CNOT15_18 7721 0.003144
7696 CNOT15_18 7718 0.003144
7696 CNOT15_18 7719 0.003144
7696 CNOT15_18 7723 0.003144
7696 CNOT15_18 7722 0.003144
7696 CNOT15_18 7717 0.003144
7696 MEAS15 7684 0.685000
7696 MEAS15 7696 0.315000
7696 X12 7697 0.996214
7696 X12 7696 0.001262
7696 X12 7694 0.001262
7696 X12 7695 0.001262
7697 CNOT15_12 7719 0.976481
7697 CNOT15_12 7724 0.003360
7697 CNOT15_12 7717 0.003360
7697 CNOT15_12 7723 0.003360
7697 CNOT15_12 7722 0.003360
7697 CNOT15_12 7721 0.003360
7697 CNOT15_12 7720 0.003360
7697 CNOT15_12 7718 0.003360
7697 CNOT15_18 7720 0.977991
7697 CNOT15_18 7724 0.003144
7697 CNOT15_18 7717 0.003144
7697 CNOT15_18 7723 0.003144
7697 CNOT15_18 7722 0.003144
7697 CNOT15_18 7718 0.003144
7697 CNOT15_18 7719 0.003144
7697 CNOT15_18 7721 0.003144
7697 MEAS15 7685 0.685000
7697 MEAS15 7697 0.315000
7697 X12 7696 0.996214
7697 X12 7697 0.001262
7697 X12 7695 0.001262
7697 X12 7694 0.001262
7698 CNOT15_12 7690 0.976481
7698 CNOT15_12 7692 0.003360
7698 CNOT15_12 7691 0.003360
7698 CNOT15_12 7693 0.003360
7698 CNOT15_12 7686 0.003360
7698 CNOT15_12 7688 0.003360
7698 CNOT15_12 7687 0.003360
7698 CNOT15_12 7689 0.003360
7698 CNOT15_18 7687 0.977991
7698 CNOT15_18 7692 0.003144
7698 CNOT15_18 7691 0.003144
7698 CNOT15_18 7693 0.003144
7698 CNOT15_18 7686 0.003144
7698 CNOT15_18 7689 0.003144
7698 CNOT15_18 7690 0.003144
7698 CNOT15_18 7688 0.003144
7698 MEAS15 7725 0.766000
7698 MEAS15 7698 0.234000
7698 X12 7701 0.996214
7698 X12 7698 0.001262
7698 X12 7699 0.001262
7698 X12 7700 0.001262
7699 CNOT15_12 7689 0.976481
7699 CNOT15_12 7691 0.003360
7699 CNOT15_12 7692 0.003360
7699 CNOT15_12 7686 0.003360
7699 CNOT15_12 7693 0.003360
7699 CNOT15_12 7687 0.003360
7699 CNOT15_12 7688 0.003360
7699 CNOT15_12 7690 0.003360
7699 CNOT15_18 7688 0.977991
7699 CNOT15_18 7691 0.003144
7699 CNOT15_18 7692 0.003144
7699 CNOT15_18 7686 0.003144
7699 CNOT15_18 7693 0.003144
7699 CNOT15_18 7690 0.003144
7699 CNOT15_18 7689 0.003144
7699 CNOT15_18 7687 0.003144
7699 MEAS15 7726 0.766000
7699 MEAS15 7699 0.234000
7699 X12 7700 0.996214
7699 X12 7699 0.001262
7699 X12 7698 0.001262
7699 X12 7701 0.001262
7700 CNOT15_12 7691 0.976481
7700 CNOT15_12 7689 0.003360
7700 CNOT15_12 7690 0.003360
7700 CNOT15_12 7687 0.003360
7700 CNOT15_12 7688 0.003360
7700 CNOT15_12 7686 0.003360
7700 CNOT15_12 7693 0.003360
7700 CNOT15_12 7692 0.003360
7700 CNOT15_18 7691 0.977991
7700 CNOT15_18 7688 0.003144
7700 CNOT15_18 7687 0.003144
7700 CNOT15_18 7690 0.003144
7700 CNOT15_18 7689 0.003144
7700 CNOT15_18 7686 0.003144
7700 CNOT15_18 7693 0.003144
7700 CNOT15_18 7692 0.003144
7700 MEAS15 7727 0.766000
7700 MEAS15 7700 0.234000
7700 X12 7699 0.996214
7700 X12 7700 0.001262
7700 X12 7701 0.001262
7700 X12 7698 0.001262
7701 CNOT15_12 7692 0.976481
7701 CNOT15_12 7690 0.003360
7701 CNOT15_12 7689 0.003360
7701 CNOT15_12 7688 0.003360
7701 CNOT15_12 7687 0.003360
7701 CNOT15_12 7693 0.003360
7701 CNOT15_12 7686 0.003360
7701 CNOT15_12 7691 0.003360
7701 CNOT15_18 7692 0.977991
7701 CNOT15_18 7687 0.003144
7701 CNOT15_18 7688 0.003144
7701 CNOT15_18 7689 0.003144
7701 CNOT15_18 7690 0.003144
7701 CNOT15_18 7693 0.003144
7701 CNOT15_18 7686 0.003144
7701 CNOT15_18 7691 0.003144
7701 MEAS15 7728 0.766000
7701 MEAS15 7701 0.234000
7701 X12 7698 0.996214
7701 X12 7701 0.001262
7701 X12 7700 0.001262
7701 X12 7699 0.001262
7702 CNOT15_12 7702 0.979841
7702 CNOT15_12 7707 0.006720
7702 CNOT15_12 7710 0.006720
7702 CNOT15_12 7715 0.006720
7702 CNOT15_18 7702 0.981135
7702 CNOT15_18 7711 0.006288
7702 CNOT15_18 7706 0.006288
7702 CNOT15_18 7715 0.006288
7702 MEAS15 7681 0.685000
7702 MEAS15 7702 0.315000
7702 X12 7710 0.997476
7702 X12 7702 0.002524
7703 CNOT15_12 7714 0.979841
7703 CNOT15_12 7711 0.006720
7703 CNOT15_12 7706 0.006720
7703 CNOT15_12 7703 0.006720
7703 CNOT15_18 7714 0.981135
7703 CNOT15_18 7707 0.006288
7703 CNOT15_18 7710 0.006288
7703 CNOT15_18 7703 0.006288
7703 MEAS15 7703 0.766000
7703 MEAS15 7704 0.234000
7703 X12 7711 0.997476
7703 X12 7703 0.002524
7704 CNOT15_12 7713 0.979841
7704 CNOT15_12 7712 0.006720
7704 CNOT15_12 7705 0.006720
7704 CNOT15_12 7704 0.006720
7704 CNOT15_18 7713 0.981135
7704 CNOT15_18 7708 0.006288
7704 CNOT15_18 7709 0.006288
7704 CNOT15_18 7704 0.006288
7704 MEAS15 7703 0.766000
7704 MEAS15 7704 0.234000
7704 X12 7712 0.997476
7704 X12 7704 0.002524
7705 CNOT15_12 7705 0.979841
7705 CNOT15_12 7704 0.006720
7705 CNOT15_12 7713 0.006720
7705 CNOT15_12 7712 0.006720
7705 CNOT15_18 7712 0.981135
7705 CNOT15_18 7681 0.006288
7705 CNOT15_18 7716 0.006288
7705 CNOT15_18 7705 0.006288
7705 MEAS15 7705 0.685000
7705 MEAS15 7706 0.315000
7705 X12 7713 0.997476
7705 X12 7705 0.002524
7706 CNOT15_12 7706 0.979841
7706 CNOT15_12 7703 0.006720
7706 CNOT15_12 7714 0.006720
7706 CNOT15_12 7711 0.006720
7706 CNOT15_18 7711 0.981135
7706 CNOT15_18 7702 0.006288
7706 CNOT15_18 7715 0.006288
7706 CNOT15_18 7706 0.006288
7706 MEAS15 7705 0.685000
7706 MEAS15 7706 0.315000
7706 X12 7714 0.997476
7706 X12 7706 0.002524
7707 CNOT15_12 7710 0.979841
7707 CNOT15_12 7715 0.006720
7707 CNOT15_12 7702 0.006720
7707 CNOT15_12 7707 0.006720
7707 CNOT15_18 7707 0.981135
7707 CNOT15_18 7714 0.006288
7707 CNOT15_18 7703 0.006288
7707 CNOT15_18 7710 0.006288
7707 MEAS15 7707 0.766000
7707 MEAS15 7708 0.234000
7707 X12 7715 0.997476
7707 X12 7707 0.002524
7708 CNOT15_12 7709 0.979841
7708 CNOT15_12 7716 0.006720
7708 CNOT15_12 7681 0.006720
7708 CNOT15_12 7708 0.006720
7708 CNOT15_18 7708 0.981135
7708 CNOT15_18 7713 0.006288
7708 CNOT15_18 7704 0.006288
7708 CNOT15_18 7709 0.006288
7708 MEAS15 7707 0.766000
7708 MEAS15 7708 0.234000
7708 X12 7716 0.997476
7708 X12 7708 0.002524
7709 CNOT15_12 7708 0.979841
7709 CNOT15_12 7681 0.006720
7709 CNOT15_12 7716 0.006720
7709 CNOT15_12 7709 0.006720
7709 CNOT15_18 7709 0.981135
7709 CNOT15_18 7704 0.006288
7709 CNOT15_18 7713 0.006288
7709 CNOT15_18 7708 0.006288
7709 MEAS15 7709 0.685000
7709 MEAS15 7710 0.315000
7709 X12 7681 0.997476
7709 X12 7709 0.002524
7710 CNOT15_12 7707 0.979841
7710 CNOT15_12 7702 0.006720
7710 CNOT15_12 7715 0.006720
7710 CNOT15_12 7710 0.006720
7710 CNOT15_18 7710 0.981135
7710 CNOT15_18 7703 0.006288
7710 CNOT15_18 7714 0.006288
7710 CNOT15_18 7707 0.006288
7710 MEAS15 7709 0.685000
7710 MEAS15 7710 0.315000
7710 X12 7702 0.997476
7710 X12 7710 0.002524
7711 CNOT15_12 7711 0.979841
7711 CNOT15_12 7714 0.006720
7711 CNOT15_12 7703 0.006720
7711 CNOT15_12 7706 0.006720
7711 CNOT15_18 7706 0.981135
7711 CNOT15_18 7715 0.006288
7711 CNOT15_18 7702 0.006288
7711 CNOT15_18 7711 0.006288
7711 MEAS15 7711 0.766000
7711 MEAS15 7712 0.234000
7711 X12 7703 0.997476
7711 X12 7711 0.002524
7712 CNOT15_12 7712 0.979841
7712 CNOT15_12 7713 0.006720
7712 CNOT15_12 7704 0.006720
7712 CNOT15_12 7705 0.006720
7712 CNOT15_18 7705 0.981135
7712 CNOT15_18 7716 0.006288
7712 CNOT15_18 7681 0.006288
7712 CNOT15_18 7712 0.006288
7712 MEAS15 7711 0.766000
7712 MEAS15 7712 0.234000
7712 X12 7704 0.997476
7712 X12 7712 0.002524
7713 CNOT15_12 7704 0.979841
7713 CNOT15_12 7705 0.006720
7713 CNOT15_12 7712 0.006720
7713 CNOT15_12 7713 0.006720
7713 CNOT15_18 7704 0.981135
7713 CNOT15_18 7709 0.006288
7713 CNOT15_18 7708 0.006288
7713 CNOT15_18 7713 0.006288
7713 MEAS15 7713 0.685000
7713 MEAS15 7714 0.315000
7713 X12 7705 0.997476
7713 X12 7713 0.002524
7714 CNOT15_12 7703 0.979841
7714 CNOT15_12 7706 0.006720
7714 CNOT15_12 7711 0.006720
7714 CNOT15_12 7714 0.006720
7714 CNOT15_18 7703 0.981135
7714 CNOT15_18 7710 0.006288
7714 CNOT15_18 7707 0.006288
7714 CNOT15_18 7714 0.006288
7714 MEAS15 7713 0.685000
7714 MEAS15 7714 0.315000
7714 X12 7706 0.997476
7714 X12 7714 0.002524
7715 CNOT15_12 7715 0.979841
7715 CNOT15_12 7710 0.006720
7715 CNOT15_12 7707 0.006720
7715 CNOT15_12 7702 0.006720
7715 CNOT15_18 7715 0.981135
7715 CNOT15_18 7706 0.006288
7715 CNOT15_18 7711 0.006288
7715 CNOT15_18 7702 0.006288
7715 MEAS15 7715 0.766000
7715 MEAS15 7716 0.234000
7715 X12 7707 0.997476
7715 X12 7715 0.002524
7716 CNOT15_12 7716 0.979841
7716 CNOT15_12 7709 0.006720
7716 CNOT15_12 7708 0.006720
7716 CNOT15_12 7681 0.006720
7716 CNOT15_18 7716 0.981135
7716 CNOT15_18 7705 0.006288
7716 CNOT15_18 7712 0.006288
7716 CNOT15_18 7681 0.006288
7716 MEAS15 7715 0.766000
7716 MEAS15 7716 0.234000
7716 X12 7708 0.997476
7716 X12 7716 0.002524
7717 CNOT15_12 7694 0.976481
7717 CNOT15_12 7725 0.003360
7717 CNOT15_12 7695 0.003360
7717 CNOT15_12 7726 0.003360
7717 CNOT15_12 7697 0.003360
7717 CNOT15_12 7727 0.003360
7717 CNOT15_12 7696 0.003360
7717 CNOT15_12 7728 0.003360
7717 CNOT15_18 7694 0.977991
7717 CNOT15_18 7725 0.003144
7717 CNOT15_18 7695 0.003144
7717 CNOT15_18 7726 0.003144
7717 CNOT15_18 7697 0.003144
7717 CNOT15_18 7727 0.003144
7717 CNOT15_18 7696 0.003144
7717 CNOT15_18 7728 0.003144
7717 MEAS15 7681 0.342500
7717 MEAS15 7702 0.157500
7717 MEAS15 7703 0.383000
7717 MEAS15 7704 0.117000
7717 X12 7721 0.996214
7717 X12 7717 0.001262
7717 X12 7724 0.001262
7717 X12 7720 0.001262
7718 CNOT15_12 7695 0.976481
7718 CNOT15_12 7728 0.003360
7718 CNOT15_12 7694 0.003360
7718 CNOT15_12 7727 0.003360
7718 CNOT15_12 7696 0.003360
7718 CNOT15_12 7726 0.003360
7718 CNOT15_12 7697 0.003360
7718 CNOT15_12 7725 0.003360
7718 CNOT15_18 7725 0.977991
7718 CNOT15_18 7694 0.003144
7718 CNOT15_18 7728 0.003144
7718 CNOT15_18 7696 0.003144
7718 CNOT15_18 7727 0.003144
7718 CNOT15_18 7697 0.003144
7718 CNOT15_18 7726 0.003144
7718 CNOT15_18 7695 0.003144
7718 MEAS15 7705 0.342500
7718 MEAS15 7706 0.157500
7718 MEAS15 7707 0.383000
7718 MEAS15 7708 0.117000
7718 X12 7723 0.996214
7718 X12 7718 0.001262
7718 X12 7719 0.001262
7718 X12 7722 0.001262
7719 CNOT15_12 7697 0.976481
7719 CNOT15_12 7727 0.003360
7719 CNOT15_12 7696 0.003360
7719 CNOT15_12 7728 0.003360
7719 CNOT15_12 7694 0.003360
7719 CNOT15_12 7725 0.003360
7719 CNOT15_12 7695 0.003360
7719 CNOT15_12 7726 0.003360
7719 CNOT15_18 7726 0.977991
7719 CNOT15_18 7696 0.003144
7719 CNOT15_18 7727 0.003144
7719 CNOT15_18 7694 0.003144
7719 CNOT15_18 7728 0.003144
7719 CNOT15_18 7695 0.003144
7719 CNOT15_18 7725 0.003144
7719 CNOT15_18 7697 0.003144
7719 MEAS15 7705 0.342500
7719 MEAS15 7706 0.157500
7719 MEAS15 7707 0.383000
7719 MEAS15 7708 0.117000
7719 X12 7722 0.996214
7719 X12 7719 0.001262
7719 X12 7718 0.001262
7719 X12 7723 0.001262
7720 CNOT15_12 7726 0.976481
7720 CNOT15_12 7696 0.003360
7720 CNOT15_12 7727 0.003360
7720 CNOT15_12 7694 0.003360
7720 CNOT15_12 7728 0.003360
7720 CNOT15_12 7695 0.003360
7720 CNOT15_12 7725 0.003360
7720 CNOT15_12 7697 0.003360
7720 CNOT15_18 7697 0.977991
7720 CNOT15_18 7727 0.003144
7720 CNOT15_18 7696 0.003144
7720 CNOT15_18 7728 0.003144
7720 CNOT15_18 7694 0.003144
7720 CNOT15_18 7725 0.003144
7720 CNOT15_18 7695 0.003144
7720 CNOT15_18 7726 0.003144
7720 MEAS15 7709 0.342500
7720 MEAS15 7710 0.157500
7720 MEAS15 7711 0.383000
7720 MEAS15 7712 0.117000
7720 X12 7724 0.996214
7720 X12 7720 0.001262
7720 X12 7721 0.001262
7720 X12 7717 0.001262
7721 CNOT15_12 7725 0.976481
7721 CNOT15_12 7694 0.003360
7721 CNOT15_12 7728 0.003360
7721 CNOT15_12 7696 0.003360
7721 CNOT15_12 7727 0.003360
7721 CNOT15_12 7697 0.003360
7721 CNOT15_12 7726 0.003360
7721 CNOT15_12 7695 0.003360
7721 CNOT15_18 7695 0.977991
7721 CNOT15_18 7728 0.003144
7721 CNOT15_18 7694 0.003144
7721 CNOT15_18 7727 0.003144
7721 CNOT15_18 7696 0.003144
7721 CNOT15_18 7726 0.003144
7721 CNOT15_18 7697 0.003144
7721 CNOT15_18 7725 0.003144
7721 MEAS15 7709 0.342500
7721 MEAS15 7710 0.157500
7721 MEAS15 7711 0.383000
7721 MEAS15 7712 0.117000
7721 X12 7717 0.996214
7721 X12 7721 0.001262
7721 X12 7720 0.001262
7721 X12 7724 0.001262
7722 CNOT15_12 7727 0.976481
7722 CNOT15_12 7697 0.003360
7722 CNOT15_12 7726 0.003360
7722 CNOT15_12 7695 0.003360
7722 CNOT15_12 7725 0.003360
7722 CNOT15_12 7694 0.003360
7722 CNOT15_12 7728 0.003360
7722 CNOT15_12 7696 0.003360
7722 CNOT15_18 7727 0.977991
7722 CNOT15_18 7697 0.003144
7722 CNOT15_18 7726 0.003144
7722 CNOT15_18 7695 0.003144
7722 CNOT15_18 7725 0.003144
7722 CNOT15_18 7694 0.003144
7722 CNOT15_18 7728 0.003144
7722 CNOT15_18 7696 0.003144
7722 MEAS15 7713 0.342500
7722 MEAS15 7714 0.157500
7722 MEAS15 7715 0.383000
7722 MEAS15 7716 0.117000
7722 X12 7719 0.996214
7722 X12 7722 0.001262
7722 X12 7723 0.001262
7722 X12 7718 0.001262
7723 CNOT15_12 7728 0.976481
7723 CNOT15_12 7695 0.003360
7723 CNOT15_12 7725 0.003360
7723 CNOT15_12 7697 0.003360
7723 CNOT15_12 7726 0.003360
7723 CNOT15_12 7696 0.003360
7723 CNOT15_12 7727 0.003360
7723 CNOT15_12 7694 0.003360
7723 CNOT15_18 7728 0.977991
7723 CNOT15_18 7695 0.003144
7723 CNOT15_18 7725 0.003144
7723 CNOT15_18 7697 0.003144
7723 CNOT15_18 7726 0.003144
7723 CNOT15_18 7696 0.003144
7723 CNOT15_18 7727 0.003144
7723 CNOT15_18 7694 0.003144
7723 MEAS15 7713 0.342500
7723 MEAS15 7714 0.157500
7723 MEAS15 7715 0.383000
7723 MEAS15 7716 0.117000
7723 X12 7718 0.996214
7723 X12 7723 0.001262
7723 X12 7722 0.001262
7723 X12 7719 0.001262
7724 CNOT15_12 7696 0.976481
7724 CNOT15_12 7726 0.003360
7724 CNOT15_12 7697 0.003360
7724 CNOT15_12 7725 0.003360
7724 CNOT15_12 7695 0.003360
7724 CNOT15_12 7728 0.003360
7724 CNOT15_12 7694 0.003360
7724 CNOT15_12 7727 0.003360
7724 CNOT15_18 7696 0.977991
7724 CNOT15_18 7726 0.003144
7724 CNOT15_18 7697 0.003144
7724 CNOT15_18 7725 0.003144
7724 CNOT15_18 7695 0.003144
7724 CNOT15_18 7728 0.003144
7724 CNOT15_18 7694 0.003144
7724 CNOT15_18 7727 0.003144
7724 MEAS15 7681 0.342500
7724 MEAS15 7702 0.157500
7724 MEAS15 7703 0.383000
7724 MEAS15 7704 0.117000
7724 X12 7720 0.996214
7724 X12 7724 0.001262
7724 X12 7717 0.001262
7724 X12 7721 0.001262
7725 CNOT15_12 7721 0.976481
7725 CNOT15_12 7723 0.003360
7725 CNOT15_12 7722 0.003360
7725 CNOT15_12 7724 0.003360
7725 CNOT15_12 7717 0.003360
7725 CNOT15_12 7719 0.003360
7725 CNOT15_12 7718 0.003360
7725 CNOT15_12 7720 0.003360
7725 CNOT15_18 7718 0.977991
7725 CNOT15_18 7723 0.003144
7725 CNOT15_18 7722 0.003144
7725 CNOT15_18 7724 0.003144
7725 CNOT15_18 7717 0.003144
7725 CNOT15_18 7720 0.003144
7725 CNOT15_18 7721 0.003144
7725 CNOT15_18 7719 0.003144
7725 MEAS15 7725 0.766000
7725 MEAS15 7698 0.234000
7725 X12 7728 0.996214
7725 X12 7725 0.001262
7725 X12 7726 0.001262
7725 X12 7727 0.001262
7726 CNOT15_12 7720 0.976481
7726 CNOT15_12 7722 0.003360
7726 CNOT15_12 7723 0.003360
7726 CNOT15_12 7717 0.003360
7726 CNOT15_12 7724 0.003360
7726 CNOT15_12 7718 0.003360
7726 CNOT15_12 7719 0.003360
7726 CNOT15_12 7721 0.003360
7726 CNOT15_18 7719 0.977991
7726 CNOT15_18 7722 0.003144
7726 CNOT15_18 7723 0.003144
7726 CNOT15_18 7717 0.003144
7726 CNOT15_18 7724 0.003144
7726 CNOT15_18 7721 0.003144
7726 CNOT15_18 7720 0.003144
7726 CNOT15_18 7718 0.003144
7726 MEAS15 7726 0.766000
7726 MEAS15 7699 0.234000
7726 X12 7727 0.996214
7726 X12 7726 0.001262
7726 X12 7725 0.001262
7726 X12 7728 0.001262
7727 CNOT15_12 7722 0.976481
7727 CNOT15_12 7720 0.003360
7727 CNOT15_12 7721 0.003360
7727 CNOT15_12 7718 0.003360
7727 CNOT15_12 7719 0.003360
7727 CNOT15_12 7717 0.003360
7727 CNOT15_12 7724 0.003360
7727 CNOT15_12 7723 0.003360
7727 CNOT15_18 7722 0.977991
7727 CNOT15_18 7719 0.003144
7727 CNOT15_18 7718 0.003144
7727 CNOT15_18 7721 0.003144
7727 CNOT15_18 7720 0.003144
7727 CNOT15_18 7717 0.003144
7727 CNOT15_18 7724 0.003144
7727 CNOT15_18 7723 0.003144
7727 MEAS15 7727 0.766000
7727 MEAS15 7700 0.234000
7727 X12 7726 0.996214
7727 X12 7727 0.001262
7727 X12 7728 0.001262
7727 X12 7725 0.001262
7728 CNOT15_12 7723 0.976481
7728 CNOT15_12 7721 0.003360
7728 CNOT15_12 7720 0.003360
7728 CNOT15_12 7719 0.003360
7728 CNOT15_12 7718 0.003360
7728 CNOT15_12 7724 0.003360
7728 CNOT15_12 7717 0.003360
7728 CNOT15_12 7722 0.003360
7728 CNOT15_18 7723 0.977991
7728 CNOT15_18 7718 0.003144
7728 CNOT15_18 7719 0.003144
7728 CNOT15_18 7720 0.003144
7728 CNOT15_18 7721 0.003144
7728 CNOT15_18 7724 0.003144
7728 CNOT15_18 7717 0.003144
7728 CNOT15_18 7722 0.003144
7728 MEAS15 7728 0.766000
7728 MEAS15 7701 0.234000
7728 X12 7725 0.996214
7728 X12 7728 0.001262
7728 X12 7727 0.001262
7728 X12 7726 0.001262
ENDPOMDP
