BEGINPOMDP
INITIALSTATE: 7777
STATES: 7777,7778,7779,7780,7781,7782,7783,7784,7785,7786,7787,7788,7789,7790,7791,7792,7793,7794,7795,7796,7797,7798,7799,7800,7801,7802,7803,7804,7805,7806,7807,7808,7809,7810,7811,7812,7813,7814,7815,7816,7817,7818,7819,7820,7821,7822,7823,7824
TARGETV: 7778,7780,7782,7787,7788,7789,7790,7792,7796,7797,7813,7818,7819,7820,7823,7824
GAMMA: 7777:0,7778:0,7779:0,7780:0,7781:0,7782:0,7783:0,7784:0,7785:0,7786:0,7787:0,7788:0,7789:0,7790:1,7791:1,7792:1,7793:1,7794:0,7795:0,7796:0,7797:0,7798:1,7799:1,7800:0,7801:0,7802:1,7803:1,7804:0,7805:0,7806:1,7807:1,7808:0,7809:0,7810:1,7811:1,7812:0,7813:1,7814:1,7815:1,7816:1,7817:1,7818:1,7819:1,7820:1,7821:1,7822:1,7823:1,7824:1
BEGINACTIONS
CNOT19_20 Instruction.CNOT 20 19
CNOT19_22 Instruction.CNOT 22 19
MEAS19 Instruction.MEAS None 19
X20 Instruction.X None 20
ENDACTIONS
7777 INIT_ 7778 0.250000
7777 INIT_ 7779 0.250000
7777 INIT_ 7780 0.250000
7777 INIT_ 7781 0.250000
7777 CNOT19_20 7777 0.981474
7777 CNOT19_20 7804 0.006175
7777 CNOT19_20 7805 0.006175
7777 CNOT19_20 7812 0.006175
7777 CNOT19_22 7777 0.955426
7777 CNOT19_22 7808 0.014858
7777 CNOT19_22 7801 0.014858
7777 CNOT19_22 7812 0.014858
7777 MEAS19 7777 0.987800
7777 MEAS19 7798 0.012200
7777 X20 7805 0.999576
7777 X20 7777 0.000424
7778 CNOT19_20 7782 0.978387
7778 CNOT19_20 7783 0.003088
7778 CNOT19_20 7784 0.003088
7778 CNOT19_20 7785 0.003088
7778 CNOT19_20 7786 0.003088
7778 CNOT19_20 7787 0.003088
7778 CNOT19_20 7788 0.003088
7778 CNOT19_20 7789 0.003088
7778 CNOT19_22 7782 0.947996
7778 CNOT19_22 7786 0.007429
7778 CNOT19_22 7785 0.007429
7778 CNOT19_22 7784 0.007429
7778 CNOT19_22 7783 0.007429
7778 CNOT19_22 7787 0.007429
7778 CNOT19_22 7788 0.007429
7778 CNOT19_22 7789 0.007429
7778 MEAS19 7778 0.987800
7778 MEAS19 7790 0.012200
7778 X20 7779 0.999364
7778 X20 7778 0.000212
7778 X20 7780 0.000212
7778 X20 7781 0.000212
7779 CNOT19_20 7783 0.978387
7779 CNOT19_20 7782 0.003088
7779 CNOT19_20 7789 0.003088
7779 CNOT19_20 7787 0.003088
7779 CNOT19_20 7788 0.003088
7779 CNOT19_20 7785 0.003088
7779 CNOT19_20 7786 0.003088
7779 CNOT19_20 7784 0.003088
7779 CNOT19_22 7786 0.947996
7779 CNOT19_22 7782 0.007429
7779 CNOT19_22 7789 0.007429
7779 CNOT19_22 7787 0.007429
7779 CNOT19_22 7788 0.007429
7779 CNOT19_22 7784 0.007429
7779 CNOT19_22 7783 0.007429
7779 CNOT19_22 7785 0.007429
7779 MEAS19 7779 0.987800
7779 MEAS19 7791 0.012200
7779 X20 7778 0.999364
7779 X20 7779 0.000212
7779 X20 7781 0.000212
7779 X20 7780 0.000212
7780 CNOT19_20 7789 0.978387
7780 CNOT19_20 7784 0.003088
7780 CNOT19_20 7783 0.003088
7780 CNOT19_20 7786 0.003088
7780 CNOT19_20 7785 0.003088
7780 CNOT19_20 7788 0.003088
7780 CNOT19_20 7787 0.003088
7780 CNOT19_20 7782 0.003088
7780 CNOT19_22 7789 0.947996
7780 CNOT19_22 7785 0.007429
7780 CNOT19_22 7786 0.007429
7780 CNOT19_22 7783 0.007429
7780 CNOT19_22 7784 0.007429
7780 CNOT19_22 7788 0.007429
7780 CNOT19_22 7787 0.007429
7780 CNOT19_22 7782 0.007429
7780 MEAS19 7780 0.987800
7780 MEAS19 7792 0.012200
7780 X20 7781 0.999364
7780 X20 7780 0.000212
7780 X20 7778 0.000212
7780 X20 7779 0.000212
7781 CNOT19_20 7784 0.978387
7781 CNOT19_20 7789 0.003088
7781 CNOT19_20 7782 0.003088
7781 CNOT19_20 7788 0.003088
7781 CNOT19_20 7787 0.003088
7781 CNOT19_20 7786 0.003088
7781 CNOT19_20 7785 0.003088
7781 CNOT19_20 7783 0.003088
7781 CNOT19_22 7785 0.947996
7781 CNOT19_22 7789 0.007429
7781 CNOT19_22 7782 0.007429
7781 CNOT19_22 7788 0.007429
7781 CNOT19_22 7787 0.007429
7781 CNOT19_22 7783 0.007429
7781 CNOT19_22 7784 0.007429
7781 CNOT19_22 7786 0.007429
7781 MEAS19 7781 0.987800
7781 MEAS19 7793 0.012200
7781 X20 7780 0.999364
7781 X20 7781 0.000212
7781 X20 7779 0.000212
7781 X20 7778 0.000212
7782 CNOT19_20 7778 0.978387
7782 CNOT19_20 7794 0.003088
7782 CNOT19_20 7779 0.003088
7782 CNOT19_20 7795 0.003088
7782 CNOT19_20 7781 0.003088
7782 CNOT19_20 7796 0.003088
7782 CNOT19_20 7780 0.003088
7782 CNOT19_20 7797 0.003088
7782 CNOT19_22 7778 0.947996
7782 CNOT19_22 7794 0.007429
7782 CNOT19_22 7779 0.007429
7782 CNOT19_22 7795 0.007429
7782 CNOT19_22 7781 0.007429
7782 CNOT19_22 7796 0.007429
7782 CNOT19_22 7780 0.007429
7782 CNOT19_22 7797 0.007429
7782 MEAS19 7777 0.493900
7782 MEAS19 7798 0.006100
7782 MEAS19 7799 0.492200
7782 MEAS19 7800 0.007800
7782 X20 7786 0.999364
7782 X20 7782 0.000212
7782 X20 7789 0.000212
7782 X20 7785 0.000212
7783 CNOT19_20 7779 0.978387
7783 CNOT19_20 7797 0.003088
7783 CNOT19_20 7778 0.003088
7783 CNOT19_20 7796 0.003088
7783 CNOT19_20 7780 0.003088
7783 CNOT19_20 7795 0.003088
7783 CNOT19_20 7781 0.003088
7783 CNOT19_20 7794 0.003088
7783 CNOT19_22 7794 0.947996
7783 CNOT19_22 7778 0.007429
7783 CNOT19_22 7797 0.007429
7783 CNOT19_22 7780 0.007429
7783 CNOT19_22 7796 0.007429
7783 CNOT19_22 7781 0.007429
7783 CNOT19_22 7795 0.007429
7783 CNOT19_22 7779 0.007429
7783 MEAS19 7801 0.493900
7783 MEAS19 7802 0.006100
7783 MEAS19 7803 0.492200
7783 MEAS19 7804 0.007800
7783 X20 7788 0.999364
7783 X20 7783 0.000212
7783 X20 7784 0.000212
7783 X20 7787 0.000212
7784 CNOT19_20 7781 0.978387
7784 CNOT19_20 7796 0.003088
7784 CNOT19_20 7780 0.003088
7784 CNOT19_20 7797 0.003088
7784 CNOT19_20 7778 0.003088
7784 CNOT19_20 7794 0.003088
7784 CNOT19_20 7779 0.003088
7784 CNOT19_20 7795 0.003088
7784 CNOT19_22 7795 0.947996
7784 CNOT19_22 7780 0.007429
7784 CNOT19_22 7796 0.007429
7784 CNOT19_22 7778 0.007429
7784 CNOT19_22 7797 0.007429
7784 CNOT19_22 7779 0.007429
7784 CNOT19_22 7794 0.007429
7784 CNOT19_22 7781 0.007429
7784 MEAS19 7801 0.493900
7784 MEAS19 7802 0.006100
7784 MEAS19 7803 0.492200
7784 MEAS19 7804 0.007800
7784 X20 7787 0.999364
7784 X20 7784 0.000212
7784 X20 7783 0.000212
7784 X20 7788 0.000212
7785 CNOT19_20 7795 0.978387
7785 CNOT19_20 7780 0.003088
7785 CNOT19_20 7796 0.003088
7785 CNOT19_20 7778 0.003088
7785 CNOT19_20 7797 0.003088
7785 CNOT19_20 7779 0.003088
7785 CNOT19_20 7794 0.003088
7785 CNOT19_20 7781 0.003088
7785 CNOT19_22 7781 0.947996
7785 CNOT19_22 7796 0.007429
7785 CNOT19_22 7780 0.007429
7785 CNOT19_22 7797 0.007429
7785 CNOT19_22 7778 0.007429
7785 CNOT19_22 7794 0.007429
7785 CNOT19_22 7779 0.007429
7785 CNOT19_22 7795 0.007429
7785 MEAS19 7805 0.493900
7785 MEAS19 7806 0.006100
7785 MEAS19 7807 0.492200
7785 MEAS19 7808 0.007800
7785 X20 7789 0.999364
7785 X20 7785 0.000212
7785 X20 7786 0.000212
7785 X20 7782 0.000212
7786 CNOT19_20 7794 0.978387
7786 CNOT19_20 7778 0.003088
7786 CNOT19_20 7797 0.003088
7786 CNOT19_20 7780 0.003088
7786 CNOT19_20 7796 0.003088
7786 CNOT19_20 7781 0.003088
7786 CNOT19_20 7795 0.003088
7786 CNOT19_20 7779 0.003088
7786 CNOT19_22 7779 0.947996
7786 CNOT19_22 7797 0.007429
7786 CNOT19_22 7778 0.007429
7786 CNOT19_22 7796 0.007429
7786 CNOT19_22 7780 0.007429
7786 CNOT19_22 7795 0.007429
7786 CNOT19_22 7781 0.007429
7786 CNOT19_22 7794 0.007429
7786 MEAS19 7805 0.493900
7786 MEAS19 7806 0.006100
7786 MEAS19 7807 0.492200
7786 MEAS19 7808 0.007800
7786 X20 7782 0.999364
7786 X20 7786 0.000212
7786 X20 7785 0.000212
7786 X20 7789 0.000212
7787 CNOT19_20 7796 0.978387
7787 CNOT19_20 7781 0.003088
7787 CNOT19_20 7795 0.003088
7787 CNOT19_20 7779 0.003088
7787 CNOT19_20 7794 0.003088
7787 CNOT19_20 7778 0.003088
7787 CNOT19_20 7797 0.003088
7787 CNOT19_20 7780 0.003088
7787 CNOT19_22 7796 0.947996
7787 CNOT19_22 7781 0.007429
7787 CNOT19_22 7795 0.007429
7787 CNOT19_22 7779 0.007429
7787 CNOT19_22 7794 0.007429
7787 CNOT19_22 7778 0.007429
7787 CNOT19_22 7797 0.007429
7787 CNOT19_22 7780 0.007429
7787 MEAS19 7809 0.493900
7787 MEAS19 7810 0.006100
7787 MEAS19 7811 0.492200
7787 MEAS19 7812 0.007800
7787 X20 7784 0.999364
7787 X20 7787 0.000212
7787 X20 7788 0.000212
7787 X20 7783 0.000212
7788 CNOT19_20 7797 0.978387
7788 CNOT19_20 7779 0.003088
7788 CNOT19_20 7794 0.003088
7788 CNOT19_20 7781 0.003088
7788 CNOT19_20 7795 0.003088
7788 CNOT19_20 7780 0.003088
7788 CNOT19_20 7796 0.003088
7788 CNOT19_20 7778 0.003088
7788 CNOT19_22 7797 0.947996
7788 CNOT19_22 7779 0.007429
7788 CNOT19_22 7794 0.007429
7788 CNOT19_22 7781 0.007429
7788 CNOT19_22 7795 0.007429
7788 CNOT19_22 7780 0.007429
7788 CNOT19_22 7796 0.007429
7788 CNOT19_22 7778 0.007429
7788 MEAS19 7809 0.493900
7788 MEAS19 7810 0.006100
7788 MEAS19 7811 0.492200
7788 MEAS19 7812 0.007800
7788 X20 7783 0.999364
7788 X20 7788 0.000212
7788 X20 7787 0.000212
7788 X20 7784 0.000212
7789 CNOT19_20 7780 0.978387
7789 CNOT19_20 7795 0.003088
7789 CNOT19_20 7781 0.003088
7789 CNOT19_20 7794 0.003088
7789 CNOT19_20 7779 0.003088
7789 CNOT19_20 7797 0.003088
7789 CNOT19_20 7778 0.003088
7789 CNOT19_20 7796 0.003088
7789 CNOT19_22 7780 0.947996
7789 CNOT19_22 7795 0.007429
7789 CNOT19_22 7781 0.007429
7789 CNOT19_22 7794 0.007429
7789 CNOT19_22 7779 0.007429
7789 CNOT19_22 7797 0.007429
7789 CNOT19_22 7778 0.007429
7789 CNOT19_22 7796 0.007429
7789 MEAS19 7777 0.493900
7789 MEAS19 7798 0.006100
7789 MEAS19 7799 0.492200
7789 MEAS19 7800 0.007800
7789 X20 7785 0.999364
7789 X20 7789 0.000212
7789 X20 7782 0.000212
7789 X20 7786 0.000212
7790 CNOT19_20 7813 0.978387
7790 CNOT19_20 7814 0.003088
7790 CNOT19_20 7815 0.003088
7790 CNOT19_20 7816 0.003088
7790 CNOT19_20 7817 0.003088
7790 CNOT19_20 7818 0.003088
7790 CNOT19_20 7819 0.003088
7790 CNOT19_20 7820 0.003088
7790 CNOT19_22 7813 0.947996
7790 CNOT19_22 7817 0.007429
7790 CNOT19_22 7816 0.007429
7790 CNOT19_22 7815 0.007429
7790 CNOT19_22 7814 0.007429
7790 CNOT19_22 7818 0.007429
7790 CNOT19_22 7819 0.007429
7790 CNOT19_22 7820 0.007429
7790 MEAS19 7778 0.987800
7790 MEAS19 7790 0.012200
7790 X20 7791 0.999364
7790 X20 7790 0.000212
7790 X20 7792 0.000212
7790 X20 7793 0.000212
7791 CNOT19_20 7814 0.978387
7791 CNOT19_20 7813 0.003088
7791 CNOT19_20 7820 0.003088
7791 CNOT19_20 7818 0.003088
7791 CNOT19_20 7819 0.003088
7791 CNOT19_20 7816 0.003088
7791 CNOT19_20 7817 0.003088
7791 CNOT19_20 7815 0.003088
7791 CNOT19_22 7817 0.947996
7791 CNOT19_22 7813 0.007429
7791 CNOT19_22 7820 0.007429
7791 CNOT19_22 7818 0.007429
7791 CNOT19_22 7819 0.007429
7791 CNOT19_22 7815 0.007429
7791 CNOT19_22 7814 0.007429
7791 CNOT19_22 7816 0.007429
7791 MEAS19 7779 0.987800
7791 MEAS19 7791 0.012200
7791 X20 7790 0.999364
7791 X20 7791 0.000212
7791 X20 7793 0.000212
7791 X20 7792 0.000212
7792 CNOT19_20 7820 0.978387
7792 CNOT19_20 7815 0.003088
7792 CNOT19_20 7814 0.003088
7792 CNOT19_20 7817 0.003088
7792 CNOT19_20 7816 0.003088
7792 CNOT19_20 7819 0.003088
7792 CNOT19_20 7818 0.003088
7792 CNOT19_20 7813 0.003088
7792 CNOT19_22 7820 0.947996
7792 CNOT19_22 7816 0.007429
7792 CNOT19_22 7817 0.007429
7792 CNOT19_22 7814 0.007429
7792 CNOT19_22 7815 0.007429
7792 CNOT19_22 7819 0.007429
7792 CNOT19_22 7818 0.007429
7792 CNOT19_22 7813 0.007429
7792 MEAS19 7780 0.987800
7792 MEAS19 7792 0.012200
7792 X20 7793 0.999364
7792 X20 7792 0.000212
7792 X20 7790 0.000212
7792 X20 7791 0.000212
7793 CNOT19_20 7815 0.978387
7793 CNOT19_20 7820 0.003088
7793 CNOT19_20 7813 0.003088
7793 CNOT19_20 7819 0.003088
7793 CNOT19_20 7818 0.003088
7793 CNOT19_20 7817 0.003088
7793 CNOT19_20 7816 0.003088
7793 CNOT19_20 7814 0.003088
7793 CNOT19_22 7816 0.947996
7793 CNOT19_22 7820 0.007429
7793 CNOT19_22 7813 0.007429
7793 CNOT19_22 7819 0.007429
7793 CNOT19_22 7818 0.007429
7793 CNOT19_22 7814 0.007429
7793 CNOT19_22 7815 0.007429
7793 CNOT19_22 7817 0.007429
7793 MEAS19 7781 0.987800
7793 MEAS19 7793 0.012200
7793 X20 7792 0.999364
7793 X20 7793 0.000212
7793 X20 7791 0.000212
7793 X20 7790 0.000212
7794 CNOT19_20 7786 0.978387
7794 CNOT19_20 7788 0.003088
7794 CNOT19_20 7787 0.003088
7794 CNOT19_20 7789 0.003088
7794 CNOT19_20 7782 0.003088
7794 CNOT19_20 7784 0.003088
7794 CNOT19_20 7783 0.003088
7794 CNOT19_20 7785 0.003088
7794 CNOT19_22 7783 0.947996
7794 CNOT19_22 7788 0.007429
7794 CNOT19_22 7787 0.007429
7794 CNOT19_22 7789 0.007429
7794 CNOT19_22 7782 0.007429
7794 CNOT19_22 7785 0.007429
7794 CNOT19_22 7786 0.007429
7794 CNOT19_22 7784 0.007429
7794 MEAS19 7821 0.984400
7794 MEAS19 7794 0.015600
7794 X20 7797 0.999364
7794 X20 7794 0.000212
7794 X20 7795 0.000212
7794 X20 7796 0.000212
7795 CNOT19_20 7785 0.978387
7795 CNOT19_20 7787 0.003088
7795 CNOT19_20 7788 0.003088
7795 CNOT19_20 7782 0.003088
7795 CNOT19_20 7789 0.003088
7795 CNOT19_20 7783 0.003088
7795 CNOT19_20 7784 0.003088
7795 CNOT19_20 7786 0.003088
7795 CNOT19_22 7784 0.947996
7795 CNOT19_22 7787 0.007429
7795 CNOT19_22 7788 0.007429
7795 CNOT19_22 7782 0.007429
7795 CNOT19_22 7789 0.007429
7795 CNOT19_22 7786 0.007429
7795 CNOT19_22 7785 0.007429
7795 CNOT19_22 7783 0.007429
7795 MEAS19 7822 0.984400
7795 MEAS19 7795 0.015600
7795 X20 7796 0.999364
7795 X20 7795 0.000212
7795 X20 7794 0.000212
7795 X20 7797 0.000212
7796 CNOT19_20 7787 0.978387
7796 CNOT19_20 7785 0.003088
7796 CNOT19_20 7786 0.003088
7796 CNOT19_20 7783 0.003088
7796 CNOT19_20 7784 0.003088
7796 CNOT19_20 7782 0.003088
7796 CNOT19_20 7789 0.003088
7796 CNOT19_20 7788 0.003088
7796 CNOT19_22 7787 0.947996
7796 CNOT19_22 7784 0.007429
7796 CNOT19_22 7783 0.007429
7796 CNOT19_22 7786 0.007429
7796 CNOT19_22 7785 0.007429
7796 CNOT19_22 7782 0.007429
7796 CNOT19_22 7789 0.007429
7796 CNOT19_22 7788 0.007429
7796 MEAS19 7823 0.984400
7796 MEAS19 7796 0.015600
7796 X20 7795 0.999364
7796 X20 7796 0.000212
7796 X20 7797 0.000212
7796 X20 7794 0.000212
7797 CNOT19_20 7788 0.978387
7797 CNOT19_20 7786 0.003088
7797 CNOT19_20 7785 0.003088
7797 CNOT19_20 7784 0.003088
7797 CNOT19_20 7783 0.003088
7797 CNOT19_20 7789 0.003088
7797 CNOT19_20 7782 0.003088
7797 CNOT19_20 7787 0.003088
7797 CNOT19_22 7788 0.947996
7797 CNOT19_22 7783 0.007429
7797 CNOT19_22 7784 0.007429
7797 CNOT19_22 7785 0.007429
7797 CNOT19_22 7786 0.007429
7797 CNOT19_22 7789 0.007429
7797 CNOT19_22 7782 0.007429
7797 CNOT19_22 7787 0.007429
7797 MEAS19 7824 0.984400
7797 MEAS19 7797 0.015600
7797 X20 7794 0.999364
7797 X20 7797 0.000212
7797 X20 7796 0.000212
7797 X20 7795 0.000212
7798 CNOT19_20 7798 0.981474
7798 CNOT19_20 7803 0.006175
7798 CNOT19_20 7806 0.006175
7798 CNOT19_20 7811 0.006175
7798 CNOT19_22 7798 0.955426
7798 CNOT19_22 7807 0.014858
7798 CNOT19_22 7802 0.014858
7798 CNOT19_22 7811 0.014858
7798 MEAS19 7777 0.987800
7798 MEAS19 7798 0.012200
7798 X20 7806 0.999576
7798 X20 7798 0.000424
7799 CNOT19_20 7810 0.981474
7799 CNOT19_20 7807 0.006175
7799 CNOT19_20 7802 0.006175
7799 CNOT19_20 7799 0.006175
7799 CNOT19_22 7810 0.955426
7799 CNOT19_22 7803 0.014858
7799 CNOT19_22 7806 0.014858
7799 CNOT19_22 7799 0.014858
7799 MEAS19 7799 0.984400
7799 MEAS19 7800 0.015600
7799 X20 7807 0.999576
7799 X20 7799 0.000424
7800 CNOT19_20 7809 0.981474
7800 CNOT19_20 7808 0.006175
7800 CNOT19_20 7801 0.006175
7800 CNOT19_20 7800 0.006175
7800 CNOT19_22 7809 0.955426
7800 CNOT19_22 7804 0.014858
7800 CNOT19_22 7805 0.014858
7800 CNOT19_22 7800 0.014858
7800 MEAS19 7799 0.984400
7800 MEAS19 7800 0.015600
7800 X20 7808 0.999576
7800 X20 7800 0.000424
7801 CNOT19_20 7801 0.981474
7801 CNOT19_20 7800 0.006175
7801 CNOT19_20 7809 0.006175
7801 CNOT19_20 7808 0.006175
7801 CNOT19_22 7808 0.955426
7801 CNOT19_22 7777 0.014858
7801 CNOT19_22 7812 0.014858
7801 CNOT19_22 7801 0.014858
7801 MEAS19 7801 0.987800
7801 MEAS19 7802 0.012200
7801 X20 7809 0.999576
7801 X20 7801 0.000424
7802 CNOT19_20 7802 0.981474
7802 CNOT19_20 7799 0.006175
7802 CNOT19_20 7810 0.006175
7802 CNOT19_20 7807 0.006175
7802 CNOT19_22 7807 0.955426
7802 CNOT19_22 7798 0.014858
7802 CNOT19_22 7811 0.014858
7802 CNOT19_22 7802 0.014858
7802 MEAS19 7801 0.987800
7802 MEAS19 7802 0.012200
7802 X20 7810 0.999576
7802 X20 7802 0.000424
7803 CNOT19_20 7806 0.981474
7803 CNOT19_20 7811 0.006175
7803 CNOT19_20 7798 0.006175
7803 CNOT19_20 7803 0.006175
7803 CNOT19_22 7803 0.955426
7803 CNOT19_22 7810 0.014858
7803 CNOT19_22 7799 0.014858
7803 CNOT19_22 7806 0.014858
7803 MEAS19 7803 0.984400
7803 MEAS19 7804 0.015600
7803 X20 7811 0.999576
7803 X20 7803 0.000424
7804 CNOT19_20 7805 0.981474
7804 CNOT19_20 7812 0.006175
7804 CNOT19_20 7777 0.006175
7804 CNOT19_20 7804 0.006175
7804 CNOT19_22 7804 0.955426
7804 CNOT19_22 7809 0.014858
7804 CNOT19_22 7800 0.014858
7804 CNOT19_22 7805 0.014858
7804 MEAS19 7803 0.984400
7804 MEAS19 7804 0.015600
7804 X20 7812 0.999576
7804 X20 7804 0.000424
7805 CNOT19_20 7804 0.981474
7805 CNOT19_20 7777 0.006175
7805 CNOT19_20 7812 0.006175
7805 CNOT19_20 7805 0.006175
7805 CNOT19_22 7805 0.955426
7805 CNOT19_22 7800 0.014858
7805 CNOT19_22 7809 0.014858
7805 CNOT19_22 7804 0.014858
7805 MEAS19 7805 0.987800
7805 MEAS19 7806 0.012200
7805 X20 7777 0.999576
7805 X20 7805 0.000424
7806 CNOT19_20 7803 0.981474
7806 CNOT19_20 7798 0.006175
7806 CNOT19_20 7811 0.006175
7806 CNOT19_20 7806 0.006175
7806 CNOT19_22 7806 0.955426
7806 CNOT19_22 7799 0.014858
7806 CNOT19_22 7810 0.014858
7806 CNOT19_22 7803 0.014858
7806 MEAS19 7805 0.987800
7806 MEAS19 7806 0.012200
7806 X20 7798 0.999576
7806 X20 7806 0.000424
7807 CNOT19_20 7807 0.981474
7807 CNOT19_20 7810 0.006175
7807 CNOT19_20 7799 0.006175
7807 CNOT19_20 7802 0.006175
7807 CNOT19_22 7802 0.955426
7807 CNOT19_22 7811 0.014858
7807 CNOT19_22 7798 0.014858
7807 CNOT19_22 7807 0.014858
7807 MEAS19 7807 0.984400
7807 MEAS19 7808 0.015600
7807 X20 7799 0.999576
7807 X20 7807 0.000424
7808 CNOT19_20 7808 0.981474
7808 CNOT19_20 7809 0.006175
7808 CNOT19_20 7800 0.006175
7808 CNOT19_20 7801 0.006175
7808 CNOT19_22 7801 0.955426
7808 CNOT19_22 7812 0.014858
7808 CNOT19_22 7777 0.014858
7808 CNOT19_22 7808 0.014858
7808 MEAS19 7807 0.984400
7808 MEAS19 7808 0.015600
7808 X20 7800 0.999576
7808 X20 7808 0.000424
7809 CNOT19_20 7800 0.981474
7809 CNOT19_20 7801 0.006175
7809 CNOT19_20 7808 0.006175
7809 CNOT19_20 7809 0.006175
7809 CNOT19_22 7800 0.955426
7809 CNOT19_22 7805 0.014858
7809 CNOT19_22 7804 0.014858
7809 CNOT19_22 7809 0.014858
7809 MEAS19 7809 0.987800
7809 MEAS19 7810 0.012200
7809 X20 7801 0.999576
7809 X20 7809 0.000424
7810 CNOT19_20 7799 0.981474
7810 CNOT19_20 7802 0.006175
7810 CNOT19_20 7807 0.006175
7810 CNOT19_20 7810 0.006175
7810 CNOT19_22 7799 0.955426
7810 CNOT19_22 7806 0.014858
7810 CNOT19_22 7803 0.014858
7810 CNOT19_22 7810 0.014858
7810 MEAS19 7809 0.987800
7810 MEAS19 7810 0.012200
7810 X20 7802 0.999576
7810 X20 7810 0.000424
7811 CNOT19_20 7811 0.981474
7811 CNOT19_20 7806 0.006175
7811 CNOT19_20 7803 0.006175
7811 CNOT19_20 7798 0.006175
7811 CNOT19_22 7811 0.955426
7811 CNOT19_22 7802 0.014858
7811 CNOT19_22 7807 0.014858
7811 CNOT19_22 7798 0.014858
7811 MEAS19 7811 0.984400
7811 MEAS19 7812 0.015600
7811 X20 7803 0.999576
7811 X20 7811 0.000424
7812 CNOT19_20 7812 0.981474
7812 CNOT19_20 7805 0.006175
7812 CNOT19_20 7804 0.006175
7812 CNOT19_20 7777 0.006175
7812 CNOT19_22 7812 0.955426
7812 CNOT19_22 7801 0.014858
7812 CNOT19_22 7808 0.014858
7812 CNOT19_22 7777 0.014858
7812 MEAS19 7811 0.984400
7812 MEAS19 7812 0.015600
7812 X20 7804 0.999576
7812 X20 7812 0.000424
7813 CNOT19_20 7790 0.978387
7813 CNOT19_20 7821 0.003088
7813 CNOT19_20 7791 0.003088
7813 CNOT19_20 7822 0.003088
7813 CNOT19_20 7793 0.003088
7813 CNOT19_20 7823 0.003088
7813 CNOT19_20 7792 0.003088
7813 CNOT19_20 7824 0.003088
7813 CNOT19_22 7790 0.947996
7813 CNOT19_22 7821 0.007429
7813 CNOT19_22 7791 0.007429
7813 CNOT19_22 7822 0.007429
7813 CNOT19_22 7793 0.007429
7813 CNOT19_22 7823 0.007429
7813 CNOT19_22 7792 0.007429
7813 CNOT19_22 7824 0.007429
7813 MEAS19 7777 0.493900
7813 MEAS19 7798 0.006100
7813 MEAS19 7799 0.492200
7813 MEAS19 7800 0.007800
7813 X20 7817 0.999364
7813 X20 7813 0.000212
7813 X20 7820 0.000212
7813 X20 7816 0.000212
7814 CNOT19_20 7791 0.978387
7814 CNOT19_20 7824 0.003088
7814 CNOT19_20 7790 0.003088
7814 CNOT19_20 7823 0.003088
7814 CNOT19_20 7792 0.003088
7814 CNOT19_20 7822 0.003088
7814 CNOT19_20 7793 0.003088
7814 CNOT19_20 7821 0.003088
7814 CNOT19_22 7821 0.947996
7814 CNOT19_22 7790 0.007429
7814 CNOT19_22 7824 0.007429
7814 CNOT19_22 7792 0.007429
7814 CNOT19_22 7823 0.007429
7814 CNOT19_22 7793 0.007429
7814 CNOT19_22 7822 0.007429
7814 CNOT19_22 7791 0.007429
7814 MEAS19 7801 0.493900
7814 MEAS19 7802 0.006100
7814 MEAS19 7803 0.492200
7814 MEAS19 7804 0.007800
7814 X20 7819 0.999364
7814 X20 7814 0.000212
7814 X20 7815 0.000212
7814 X20 7818 0.000212
7815 CNOT19_20 7793 0.978387
7815 CNOT19_20 7823 0.003088
7815 CNOT19_20 7792 0.003088
7815 CNOT19_20 7824 0.003088
7815 CNOT19_20 7790 0.003088
7815 CNOT19_20 7821 0.003088
7815 CNOT19_20 7791 0.003088
7815 CNOT19_20 7822 0.003088
7815 CNOT19_22 7822 0.947996
7815 CNOT19_22 7792 0.007429
7815 CNOT19_22 7823 0.007429
7815 CNOT19_22 7790 0.007429
7815 CNOT19_22 7824 0.007429
7815 CNOT19_22 7791 0.007429
7815 CNOT19_22 7821 0.007429
7815 CNOT19_22 7793 0.007429
7815 MEAS19 7801 0.493900
7815 MEAS19 7802 0.006100
7815 MEAS19 7803 0.492200
7815 MEAS19 7804 0.007800
7815 X20 7818 0.999364
7815 X20 7815 0.000212
7815 X20 7814 0.000212
7815 X20 7819 0.000212
7816 CNOT19_20 7822 0.978387
7816 CNOT19_20 7792 0.003088
7816 CNOT19_20 7823 0.003088
7816 CNOT19_20 7790 0.003088
7816 CNOT19_20 7824 0.003088
7816 CNOT19_20 7791 0.003088
7816 CNOT19_20 7821 0.003088
7816 CNOT19_20 7793 0.003088
7816 CNOT19_22 7793 0.947996
7816 CNOT19_22 7823 0.007429
7816 CNOT19_22 7792 0.007429
7816 CNOT19_22 7824 0.007429
7816 CNOT19_22 7790 0.007429
7816 CNOT19_22 7821 0.007429
7816 CNOT19_22 7791 0.007429
7816 CNOT19_22 7822 0.007429
7816 MEAS19 7805 0.493900
7816 MEAS19 7806 0.006100
7816 MEAS19 7807 0.492200
7816 MEAS19 7808 0.007800
7816 X20 7820 0.999364
7816 X20 7816 0.000212
7816 X20 7817 0.000212
7816 X20 7813 0.000212
7817 CNOT19_20 7821 0.978387
7817 CNOT19_20 7790 0.003088
7817 CNOT19_20 7824 0.003088
7817 CNOT19_20 7792 0.003088
7817 CNOT19_20 7823 0.003088
7817 CNOT19_20 7793 0.003088
7817 CNOT19_20 7822 0.003088
7817 CNOT19_20 7791 0.003088
7817 CNOT19_22 7791 0.947996
7817 CNOT19_22 7824 0.007429
7817 CNOT19_22 7790 0.007429
7817 CNOT19_22 7823 0.007429
7817 CNOT19_22 7792 0.007429
7817 CNOT19_22 7822 0.007429
7817 CNOT19_22 7793 0.007429
7817 CNOT19_22 7821 0.007429
7817 MEAS19 7805 0.493900
7817 MEAS19 7806 0.006100
7817 MEAS19 7807 0.492200
7817 MEAS19 7808 0.007800
7817 X20 7813 0.999364
7817 X20 7817 0.000212
7817 X20 7816 0.000212
7817 X20 7820 0.000212
7818 CNOT19_20 7823 0.978387
7818 CNOT19_20 7793 0.003088
7818 CNOT19_20 7822 0.003088
7818 CNOT19_20 7791 0.003088
7818 CNOT19_20 7821 0.003088
7818 CNOT19_20 7790 0.003088
7818 CNOT19_20 7824 0.003088
7818 CNOT19_20 7792 0.003088
7818 CNOT19_22 7823 0.947996
7818 CNOT19_22 7793 0.007429
7818 CNOT19_22 7822 0.007429
7818 CNOT19_22 7791 0.007429
7818 CNOT19_22 7821 0.007429
7818 CNOT19_22 7790 0.007429
7818 CNOT19_22 7824 0.007429
7818 CNOT19_22 7792 0.007429
7818 MEAS19 7809 0.493900
7818 MEAS19 7810 0.006100
7818 MEAS19 7811 0.492200
7818 MEAS19 7812 0.007800
7818 X20 7815 0.999364
7818 X20 7818 0.000212
7818 X20 7819 0.000212
7818 X20 7814 0.000212
7819 CNOT19_20 7824 0.978387
7819 CNOT19_20 7791 0.003088
7819 CNOT19_20 7821 0.003088
7819 CNOT19_20 7793 0.003088
7819 CNOT19_20 7822 0.003088
7819 CNOT19_20 7792 0.003088
7819 CNOT19_20 7823 0.003088
7819 CNOT19_20 7790 0.003088
7819 CNOT19_22 7824 0.947996
7819 CNOT19_22 7791 0.007429
7819 CNOT19_22 7821 0.007429
7819 CNOT19_22 7793 0.007429
7819 CNOT19_22 7822 0.007429
7819 CNOT19_22 7792 0.007429
7819 CNOT19_22 7823 0.007429
7819 CNOT19_22 7790 0.007429
7819 MEAS19 7809 0.493900
7819 MEAS19 7810 0.006100
7819 MEAS19 7811 0.492200
7819 MEAS19 7812 0.007800
7819 X20 7814 0.999364
7819 X20 7819 0.000212
7819 X20 7818 0.000212
7819 X20 7815 0.000212
7820 CNOT19_20 7792 0.978387
7820 CNOT19_20 7822 0.003088
7820 CNOT19_20 7793 0.003088
7820 CNOT19_20 7821 0.003088
7820 CNOT19_20 7791 0.003088
7820 CNOT19_20 7824 0.003088
7820 CNOT19_20 7790 0.003088
7820 CNOT19_20 7823 0.003088
7820 CNOT19_22 7792 0.947996
7820 CNOT19_22 7822 0.007429
7820 CNOT19_22 7793 0.007429
7820 CNOT19_22 7821 0.007429
7820 CNOT19_22 7791 0.007429
7820 CNOT19_22 7824 0.007429
7820 CNOT19_22 7790 0.007429
7820 CNOT19_22 7823 0.007429
7820 MEAS19 7777 0.493900
7820 MEAS19 7798 0.006100
7820 MEAS19 7799 0.492200
7820 MEAS19 7800 0.007800
7820 X20 7816 0.999364
7820 X20 7820 0.000212
7820 X20 7813 0.000212
7820 X20 7817 0.000212
7821 CNOT19_20 7817 0.978387
7821 CNOT19_20 7819 0.003088
7821 CNOT19_20 7818 0.003088
7821 CNOT19_20 7820 0.003088
7821 CNOT19_20 7813 0.003088
7821 CNOT19_20 7815 0.003088
7821 CNOT19_20 7814 0.003088
7821 CNOT19_20 7816 0.003088
7821 CNOT19_22 7814 0.947996
7821 CNOT19_22 7819 0.007429
7821 CNOT19_22 7818 0.007429
7821 CNOT19_22 7820 0.007429
7821 CNOT19_22 7813 0.007429
7821 CNOT19_22 7816 0.007429
7821 CNOT19_22 7817 0.007429
7821 CNOT19_22 7815 0.007429
7821 MEAS19 7821 0.984400
7821 MEAS19 7794 0.015600
7821 X20 7824 0.999364
7821 X20 7821 0.000212
7821 X20 7822 0.000212
7821 X20 7823 0.000212
7822 CNOT19_20 7816 0.978387
7822 CNOT19_20 7818 0.003088
7822 CNOT19_20 7819 0.003088
7822 CNOT19_20 7813 0.003088
7822 CNOT19_20 7820 0.003088
7822 CNOT19_20 7814 0.003088
7822 CNOT19_20 7815 0.003088
7822 CNOT19_20 7817 0.003088
7822 CNOT19_22 7815 0.947996
7822 CNOT19_22 7818 0.007429
7822 CNOT19_22 7819 0.007429
7822 CNOT19_22 7813 0.007429
7822 CNOT19_22 7820 0.007429
7822 CNOT19_22 7817 0.007429
7822 CNOT19_22 7816 0.007429
7822 CNOT19_22 7814 0.007429
7822 MEAS19 7822 0.984400
7822 MEAS19 7795 0.015600
7822 X20 7823 0.999364
7822 X20 7822 0.000212
7822 X20 7821 0.000212
7822 X20 7824 0.000212
7823 CNOT19_20 7818 0.978387
7823 CNOT19_20 7816 0.003088
7823 CNOT19_20 7817 0.003088
7823 CNOT19_20 7814 0.003088
7823 CNOT19_20 7815 0.003088
7823 CNOT19_20 7813 0.003088
7823 CNOT19_20 7820 0.003088
7823 CNOT19_20 7819 0.003088
7823 CNOT19_22 7818 0.947996
7823 CNOT19_22 7815 0.007429
7823 CNOT19_22 7814 0.007429
7823 CNOT19_22 7817 0.007429
7823 CNOT19_22 7816 0.007429
7823 CNOT19_22 7813 0.007429
7823 CNOT19_22 7820 0.007429
7823 CNOT19_22 7819 0.007429
7823 MEAS19 7823 0.984400
7823 MEAS19 7796 0.015600
7823 X20 7822 0.999364
7823 X20 7823 0.000212
7823 X20 7824 0.000212
7823 X20 7821 0.000212
7824 CNOT19_20 7819 0.978387
7824 CNOT19_20 7817 0.003088
7824 CNOT19_20 7816 0.003088
7824 CNOT19_20 7815 0.003088
7824 CNOT19_20 7814 0.003088
7824 CNOT19_20 7820 0.003088
7824 CNOT19_20 7813 0.003088
7824 CNOT19_20 7818 0.003088
7824 CNOT19_22 7819 0.947996
7824 CNOT19_22 7814 0.007429
7824 CNOT19_22 7815 0.007429
7824 CNOT19_22 7816 0.007429
7824 CNOT19_22 7817 0.007429
7824 CNOT19_22 7820 0.007429
7824 CNOT19_22 7813 0.007429
7824 CNOT19_22 7818 0.007429
7824 MEAS19 7824 0.984400
7824 MEAS19 7797 0.015600
7824 X20 7821 0.999364
7824 X20 7824 0.000212
7824 X20 7823 0.000212
7824 X20 7822 0.000212
ENDPOMDP
