BEGINPOMDP
INITIALSTATE: 7585
STATES: 7585,7586,7587,7588,7589,7590,7591,7592,7593,7594,7595,7596,7597,7598,7599,7600,7601,7602,7603,7604,7605,7606,7607,7608,7609,7610,7611,7612,7613,7614,7615,7616,7617,7618,7619,7620,7621,7622,7623,7624,7625,7626,7627,7628,7629,7630,7631,7632
TARGETV: 7586,7588,7590,7595,7596,7597,7598,7600,7604,7605,7621,7626,7627,7628,7631,7632
GAMMA: 7585:0,7586:0,7587:0,7588:0,7589:0,7590:0,7591:0,7592:0,7593:0,7594:0,7595:0,7596:0,7597:0,7598:1,7599:1,7600:1,7601:1,7602:0,7603:0,7604:0,7605:0,7606:1,7607:1,7608:0,7609:0,7610:1,7611:1,7612:0,7613:0,7614:1,7615:1,7616:0,7617:0,7618:1,7619:1,7620:0,7621:1,7622:1,7623:1,7624:1,7625:1,7626:1,7627:1,7628:1,7629:1,7630:1,7631:1,7632:1
BEGINACTIONS
CNOT14_16 Instruction.CNOT 16 14
CNOT14_11 Instruction.CNOT 11 14
MEAS14 Instruction.MEAS None 14
X16 Instruction.X None 16
ENDACTIONS
7585 INIT_ 7586 0.250000
7585 INIT_ 7587 0.250000
7585 INIT_ 7588 0.250000
7585 INIT_ 7589 0.250000
7585 CNOT14_16 7585 0.952675
7585 CNOT14_16 7612 0.015775
7585 CNOT14_16 7613 0.015775
7585 CNOT14_16 7620 0.015775
7585 CNOT14_11 7585 0.990924
7585 CNOT14_11 7616 0.003025
7585 CNOT14_11 7609 0.003025
7585 CNOT14_11 7620 0.003025
7585 MEAS14 7585 0.995600
7585 MEAS14 7606 0.004400
7585 X16 7613 0.993127
7585 X16 7585 0.006873
7586 CNOT14_16 7590 0.944788
7586 CNOT14_16 7591 0.007887
7586 CNOT14_16 7592 0.007887
7586 CNOT14_16 7593 0.007887
7586 CNOT14_16 7594 0.007887
7586 CNOT14_16 7595 0.007887
7586 CNOT14_16 7596 0.007887
7586 CNOT14_16 7597 0.007887
7586 CNOT14_11 7590 0.989412
7586 CNOT14_11 7594 0.001513
7586 CNOT14_11 7593 0.001513
7586 CNOT14_11 7592 0.001513
7586 CNOT14_11 7591 0.001513
7586 CNOT14_11 7595 0.001513
7586 CNOT14_11 7596 0.001513
7586 CNOT14_11 7597 0.001513
7586 MEAS14 7586 0.995600
7586 MEAS14 7598 0.004400
7586 X16 7587 0.989691
7586 X16 7586 0.003436
7586 X16 7588 0.003436
7586 X16 7589 0.003436
7587 CNOT14_16 7591 0.944788
7587 CNOT14_16 7590 0.007887
7587 CNOT14_16 7597 0.007887
7587 CNOT14_16 7595 0.007887
7587 CNOT14_16 7596 0.007887
7587 CNOT14_16 7593 0.007887
7587 CNOT14_16 7594 0.007887
7587 CNOT14_16 7592 0.007887
7587 CNOT14_11 7594 0.989412
7587 CNOT14_11 7590 0.001513
7587 CNOT14_11 7597 0.001513
7587 CNOT14_11 7595 0.001513
7587 CNOT14_11 7596 0.001513
7587 CNOT14_11 7592 0.001513
7587 CNOT14_11 7591 0.001513
7587 CNOT14_11 7593 0.001513
7587 MEAS14 7587 0.995600
7587 MEAS14 7599 0.004400
7587 X16 7586 0.989691
7587 X16 7587 0.003436
7587 X16 7589 0.003436
7587 X16 7588 0.003436
7588 CNOT14_16 7597 0.944788
7588 CNOT14_16 7592 0.007887
7588 CNOT14_16 7591 0.007887
7588 CNOT14_16 7594 0.007887
7588 CNOT14_16 7593 0.007887
7588 CNOT14_16 7596 0.007887
7588 CNOT14_16 7595 0.007887
7588 CNOT14_16 7590 0.007887
7588 CNOT14_11 7597 0.989412
7588 CNOT14_11 7593 0.001513
7588 CNOT14_11 7594 0.001513
7588 CNOT14_11 7591 0.001513
7588 CNOT14_11 7592 0.001513
7588 CNOT14_11 7596 0.001513
7588 CNOT14_11 7595 0.001513
7588 CNOT14_11 7590 0.001513
7588 MEAS14 7588 0.995600
7588 MEAS14 7600 0.004400
7588 X16 7589 0.989691
7588 X16 7588 0.003436
7588 X16 7586 0.003436
7588 X16 7587 0.003436
7589 CNOT14_16 7592 0.944788
7589 CNOT14_16 7597 0.007887
7589 CNOT14_16 7590 0.007887
7589 CNOT14_16 7596 0.007887
7589 CNOT14_16 7595 0.007887
7589 CNOT14_16 7594 0.007887
7589 CNOT14_16 7593 0.007887
7589 CNOT14_16 7591 0.007887
7589 CNOT14_11 7593 0.989412
7589 CNOT14_11 7597 0.001513
7589 CNOT14_11 7590 0.001513
7589 CNOT14_11 7596 0.001513
7589 CNOT14_11 7595 0.001513
7589 CNOT14_11 7591 0.001513
7589 CNOT14_11 7592 0.001513
7589 CNOT14_11 7594 0.001513
7589 MEAS14 7589 0.995600
7589 MEAS14 7601 0.004400
7589 X16 7588 0.989691
7589 X16 7589 0.003436
7589 X16 7587 0.003436
7589 X16 7586 0.003436
7590 CNOT14_16 7586 0.944788
7590 CNOT14_16 7602 0.007887
7590 CNOT14_16 7587 0.007887
7590 CNOT14_16 7603 0.007887
7590 CNOT14_16 7589 0.007887
7590 CNOT14_16 7604 0.007887
7590 CNOT14_16 7588 0.007887
7590 CNOT14_16 7605 0.007887
7590 CNOT14_11 7586 0.989412
7590 CNOT14_11 7602 0.001513
7590 CNOT14_11 7587 0.001513
7590 CNOT14_11 7603 0.001513
7590 CNOT14_11 7589 0.001513
7590 CNOT14_11 7604 0.001513
7590 CNOT14_11 7588 0.001513
7590 CNOT14_11 7605 0.001513
7590 MEAS14 7585 0.497800
7590 MEAS14 7606 0.002200
7590 MEAS14 7607 0.488800
7590 MEAS14 7608 0.011200
7590 X16 7594 0.989691
7590 X16 7590 0.003436
7590 X16 7597 0.003436
7590 X16 7593 0.003436
7591 CNOT14_16 7587 0.944788
7591 CNOT14_16 7605 0.007887
7591 CNOT14_16 7586 0.007887
7591 CNOT14_16 7604 0.007887
7591 CNOT14_16 7588 0.007887
7591 CNOT14_16 7603 0.007887
7591 CNOT14_16 7589 0.007887
7591 CNOT14_16 7602 0.007887
7591 CNOT14_11 7602 0.989412
7591 CNOT14_11 7586 0.001513
7591 CNOT14_11 7605 0.001513
7591 CNOT14_11 7588 0.001513
7591 CNOT14_11 7604 0.001513
7591 CNOT14_11 7589 0.001513
7591 CNOT14_11 7603 0.001513
7591 CNOT14_11 7587 0.001513
7591 MEAS14 7609 0.497800
7591 MEAS14 7610 0.002200
7591 MEAS14 7611 0.488800
7591 MEAS14 7612 0.011200
7591 X16 7596 0.989691
7591 X16 7591 0.003436
7591 X16 7592 0.003436
7591 X16 7595 0.003436
7592 CNOT14_16 7589 0.944788
7592 CNOT14_16 7604 0.007887
7592 CNOT14_16 7588 0.007887
7592 CNOT14_16 7605 0.007887
7592 CNOT14_16 7586 0.007887
7592 CNOT14_16 7602 0.007887
7592 CNOT14_16 7587 0.007887
7592 CNOT14_16 7603 0.007887
7592 CNOT14_11 7603 0.989412
7592 CNOT14_11 7588 0.001513
7592 CNOT14_11 7604 0.001513
7592 CNOT14_11 7586 0.001513
7592 CNOT14_11 7605 0.001513
7592 CNOT14_11 7587 0.001513
7592 CNOT14_11 7602 0.001513
7592 CNOT14_11 7589 0.001513
7592 MEAS14 7609 0.497800
7592 MEAS14 7610 0.002200
7592 MEAS14 7611 0.488800
7592 MEAS14 7612 0.011200
7592 X16 7595 0.989691
7592 X16 7592 0.003436
7592 X16 7591 0.003436
7592 X16 7596 0.003436
7593 CNOT14_16 7603 0.944788
7593 CNOT14_16 7588 0.007887
7593 CNOT14_16 7604 0.007887
7593 CNOT14_16 7586 0.007887
7593 CNOT14_16 7605 0.007887
7593 CNOT14_16 7587 0.007887
7593 CNOT14_16 7602 0.007887
7593 CNOT14_16 7589 0.007887
7593 CNOT14_11 7589 0.989412
7593 CNOT14_11 7604 0.001513
7593 CNOT14_11 7588 0.001513
7593 CNOT14_11 7605 0.001513
7593 CNOT14_11 7586 0.001513
7593 CNOT14_11 7602 0.001513
7593 CNOT14_11 7587 0.001513
7593 CNOT14_11 7603 0.001513
7593 MEAS14 7613 0.497800
7593 MEAS14 7614 0.002200
7593 MEAS14 7615 0.488800
7593 MEAS14 7616 0.011200
7593 X16 7597 0.989691
7593 X16 7593 0.003436
7593 X16 7594 0.003436
7593 X16 7590 0.003436
7594 CNOT14_16 7602 0.944788
7594 CNOT14_16 7586 0.007887
7594 CNOT14_16 7605 0.007887
7594 CNOT14_16 7588 0.007887
7594 CNOT14_16 7604 0.007887
7594 CNOT14_16 7589 0.007887
7594 CNOT14_16 7603 0.007887
7594 CNOT14_16 7587 0.007887
7594 CNOT14_11 7587 0.989412
7594 CNOT14_11 7605 0.001513
7594 CNOT14_11 7586 0.001513
7594 CNOT14_11 7604 0.001513
7594 CNOT14_11 7588 0.001513
7594 CNOT14_11 7603 0.001513
7594 CNOT14_11 7589 0.001513
7594 CNOT14_11 7602 0.001513
7594 MEAS14 7613 0.497800
7594 MEAS14 7614 0.002200
7594 MEAS14 7615 0.488800
7594 MEAS14 7616 0.011200
7594 X16 7590 0.989691
7594 X16 7594 0.003436
7594 X16 7593 0.003436
7594 X16 7597 0.003436
7595 CNOT14_16 7604 0.944788
7595 CNOT14_16 7589 0.007887
7595 CNOT14_16 7603 0.007887
7595 CNOT14_16 7587 0.007887
7595 CNOT14_16 7602 0.007887
7595 CNOT14_16 7586 0.007887
7595 CNOT14_16 7605 0.007887
7595 CNOT14_16 7588 0.007887
7595 CNOT14_11 7604 0.989412
7595 CNOT14_11 7589 0.001513
7595 CNOT14_11 7603 0.001513
7595 CNOT14_11 7587 0.001513
7595 CNOT14_11 7602 0.001513
7595 CNOT14_11 7586 0.001513
7595 CNOT14_11 7605 0.001513
7595 CNOT14_11 7588 0.001513
7595 MEAS14 7617 0.497800
7595 MEAS14 7618 0.002200
7595 MEAS14 7619 0.488800
7595 MEAS14 7620 0.011200
7595 X16 7592 0.989691
7595 X16 7595 0.003436
7595 X16 7596 0.003436
7595 X16 7591 0.003436
7596 CNOT14_16 7605 0.944788
7596 CNOT14_16 7587 0.007887
7596 CNOT14_16 7602 0.007887
7596 CNOT14_16 7589 0.007887
7596 CNOT14_16 7603 0.007887
7596 CNOT14_16 7588 0.007887
7596 CNOT14_16 7604 0.007887
7596 CNOT14_16 7586 0.007887
7596 CNOT14_11 7605 0.989412
7596 CNOT14_11 7587 0.001513
7596 CNOT14_11 7602 0.001513
7596 CNOT14_11 7589 0.001513
7596 CNOT14_11 7603 0.001513
7596 CNOT14_11 7588 0.001513
7596 CNOT14_11 7604 0.001513
7596 CNOT14_11 7586 0.001513
7596 MEAS14 7617 0.497800
7596 MEAS14 7618 0.002200
7596 MEAS14 7619 0.488800
7596 MEAS14 7620 0.011200
7596 X16 7591 0.989691
7596 X16 7596 0.003436
7596 X16 7595 0.003436
7596 X16 7592 0.003436
7597 CNOT14_16 7588 0.944788
7597 CNOT14_16 7603 0.007887
7597 CNOT14_16 7589 0.007887
7597 CNOT14_16 7602 0.007887
7597 CNOT14_16 7587 0.007887
7597 CNOT14_16 7605 0.007887
7597 CNOT14_16 7586 0.007887
7597 CNOT14_16 7604 0.007887
7597 CNOT14_11 7588 0.989412
7597 CNOT14_11 7603 0.001513
7597 CNOT14_11 7589 0.001513
7597 CNOT14_11 7602 0.001513
7597 CNOT14_11 7587 0.001513
7597 CNOT14_11 7605 0.001513
7597 CNOT14_11 7586 0.001513
7597 CNOT14_11 7604 0.001513
7597 MEAS14 7585 0.497800
7597 MEAS14 7606 0.002200
7597 MEAS14 7607 0.488800
7597 MEAS14 7608 0.011200
7597 X16 7593 0.989691
7597 X16 7597 0.003436
7597 X16 7590 0.003436
7597 X16 7594 0.003436
7598 CNOT14_16 7621 0.944788
7598 CNOT14_16 7622 0.007887
7598 CNOT14_16 7623 0.007887
7598 CNOT14_16 7624 0.007887
7598 CNOT14_16 7625 0.007887
7598 CNOT14_16 7626 0.007887
7598 CNOT14_16 7627 0.007887
7598 CNOT14_16 7628 0.007887
7598 CNOT14_11 7621 0.989412
7598 CNOT14_11 7625 0.001513
7598 CNOT14_11 7624 0.001513
7598 CNOT14_11 7623 0.001513
7598 CNOT14_11 7622 0.001513
7598 CNOT14_11 7626 0.001513
7598 CNOT14_11 7627 0.001513
7598 CNOT14_11 7628 0.001513
7598 MEAS14 7586 0.995600
7598 MEAS14 7598 0.004400
7598 X16 7599 0.989691
7598 X16 7598 0.003436
7598 X16 7600 0.003436
7598 X16 7601 0.003436
7599 CNOT14_16 7622 0.944788
7599 CNOT14_16 7621 0.007887
7599 CNOT14_16 7628 0.007887
7599 CNOT14_16 7626 0.007887
7599 CNOT14_16 7627 0.007887
7599 CNOT14_16 7624 0.007887
7599 CNOT14_16 7625 0.007887
7599 CNOT14_16 7623 0.007887
7599 CNOT14_11 7625 0.989412
7599 CNOT14_11 7621 0.001513
7599 CNOT14_11 7628 0.001513
7599 CNOT14_11 7626 0.001513
7599 CNOT14_11 7627 0.001513
7599 CNOT14_11 7623 0.001513
7599 CNOT14_11 7622 0.001513
7599 CNOT14_11 7624 0.001513
7599 MEAS14 7587 0.995600
7599 MEAS14 7599 0.004400
7599 X16 7598 0.989691
7599 X16 7599 0.003436
7599 X16 7601 0.003436
7599 X16 7600 0.003436
7600 CNOT14_16 7628 0.944788
7600 CNOT14_16 7623 0.007887
7600 CNOT14_16 7622 0.007887
7600 CNOT14_16 7625 0.007887
7600 CNOT14_16 7624 0.007887
7600 CNOT14_16 7627 0.007887
7600 CNOT14_16 7626 0.007887
7600 CNOT14_16 7621 0.007887
7600 CNOT14_11 7628 0.989412
7600 CNOT14_11 7624 0.001513
7600 CNOT14_11 7625 0.001513
7600 CNOT14_11 7622 0.001513
7600 CNOT14_11 7623 0.001513
7600 CNOT14_11 7627 0.001513
7600 CNOT14_11 7626 0.001513
7600 CNOT14_11 7621 0.001513
7600 MEAS14 7588 0.995600
7600 MEAS14 7600 0.004400
7600 X16 7601 0.989691
7600 X16 7600 0.003436
7600 X16 7598 0.003436
7600 X16 7599 0.003436
7601 CNOT14_16 7623 0.944788
7601 CNOT14_16 7628 0.007887
7601 CNOT14_16 7621 0.007887
7601 CNOT14_16 7627 0.007887
7601 CNOT14_16 7626 0.007887
7601 CNOT14_16 7625 0.007887
7601 CNOT14_16 7624 0.007887
7601 CNOT14_16 7622 0.007887
7601 CNOT14_11 7624 0.989412
7601 CNOT14_11 7628 0.001513
7601 CNOT14_11 7621 0.001513
7601 CNOT14_11 7627 0.001513
7601 CNOT14_11 7626 0.001513
7601 CNOT14_11 7622 0.001513
7601 CNOT14_11 7623 0.001513
7601 CNOT14_11 7625 0.001513
7601 MEAS14 7589 0.995600
7601 MEAS14 7601 0.004400
7601 X16 7600 0.989691
7601 X16 7601 0.003436
7601 X16 7599 0.003436
7601 X16 7598 0.003436
7602 CNOT14_16 7594 0.944788
7602 CNOT14_16 7596 0.007887
7602 CNOT14_16 7595 0.007887
7602 CNOT14_16 7597 0.007887
7602 CNOT14_16 7590 0.007887
7602 CNOT14_16 7592 0.007887
7602 CNOT14_16 7591 0.007887
7602 CNOT14_16 7593 0.007887
7602 CNOT14_11 7591 0.989412
7602 CNOT14_11 7596 0.001513
7602 CNOT14_11 7595 0.001513
7602 CNOT14_11 7597 0.001513
7602 CNOT14_11 7590 0.001513
7602 CNOT14_11 7593 0.001513
7602 CNOT14_11 7594 0.001513
7602 CNOT14_11 7592 0.001513
7602 MEAS14 7629 0.977600
7602 MEAS14 7602 0.022400
7602 X16 7605 0.989691
7602 X16 7602 0.003436
7602 X16 7603 0.003436
7602 X16 7604 0.003436
7603 CNOT14_16 7593 0.944788
7603 CNOT14_16 7595 0.007887
7603 CNOT14_16 7596 0.007887
7603 CNOT14_16 7590 0.007887
7603 CNOT14_16 7597 0.007887
7603 CNOT14_16 7591 0.007887
7603 CNOT14_16 7592 0.007887
7603 CNOT14_16 7594 0.007887
7603 CNOT14_11 7592 0.989412
7603 CNOT14_11 7595 0.001513
7603 CNOT14_11 7596 0.001513
7603 CNOT14_11 7590 0.001513
7603 CNOT14_11 7597 0.001513
7603 CNOT14_11 7594 0.001513
7603 CNOT14_11 7593 0.001513
7603 CNOT14_11 7591 0.001513
7603 MEAS14 7630 0.977600
7603 MEAS14 7603 0.022400
7603 X16 7604 0.989691
7603 X16 7603 0.003436
7603 X16 7602 0.003436
7603 X16 7605 0.003436
7604 CNOT14_16 7595 0.944788
7604 CNOT14_16 7593 0.007887
7604 CNOT14_16 7594 0.007887
7604 CNOT14_16 7591 0.007887
7604 CNOT14_16 7592 0.007887
7604 CNOT14_16 7590 0.007887
7604 CNOT14_16 7597 0.007887
7604 CNOT14_16 7596 0.007887
7604 CNOT14_11 7595 0.989412
7604 CNOT14_11 7592 0.001513
7604 CNOT14_11 7591 0.001513
7604 CNOT14_11 7594 0.001513
7604 CNOT14_11 7593 0.001513
7604 CNOT14_11 7590 0.001513
7604 CNOT14_11 7597 0.001513
7604 CNOT14_11 7596 0.001513
7604 MEAS14 7631 0.977600
7604 MEAS14 7604 0.022400
7604 X16 7603 0.989691
7604 X16 7604 0.003436
7604 X16 7605 0.003436
7604 X16 7602 0.003436
7605 CNOT14_16 7596 0.944788
7605 CNOT14_16 7594 0.007887
7605 CNOT14_16 7593 0.007887
7605 CNOT14_16 7592 0.007887
7605 CNOT14_16 7591 0.007887
7605 CNOT14_16 7597 0.007887
7605 CNOT14_16 7590 0.007887
7605 CNOT14_16 7595 0.007887
7605 CNOT14_11 7596 0.989412
7605 CNOT14_11 7591 0.001513
7605 CNOT14_11 7592 0.001513
7605 CNOT14_11 7593 0.001513
7605 CNOT14_11 7594 0.001513
7605 CNOT14_11 7597 0.001513
7605 CNOT14_11 7590 0.001513
7605 CNOT14_11 7595 0.001513
7605 MEAS14 7632 0.977600
7605 MEAS14 7605 0.022400
7605 X16 7602 0.989691
7605 X16 7605 0.003436
7605 X16 7604 0.003436
7605 X16 7603 0.003436
7606 CNOT14_16 7606 0.952675
7606 CNOT14_16 7611 0.015775
7606 CNOT14_16 7614 0.015775
7606 CNOT14_16 7619 0.015775
7606 CNOT14_11 7606 0.990924
7606 CNOT14_11 7615 0.003025
7606 CNOT14_11 7610 0.003025
7606 CNOT14_11 7619 0.003025
7606 MEAS14 7585 0.995600
7606 MEAS14 7606 0.004400
7606 X16 7614 0.993127
7606 X16 7606 0.006873
7607 CNOT14_16 7618 0.952675
7607 CNOT14_16 7615 0.015775
7607 CNOT14_16 7610 0.015775
7607 CNOT14_16 7607 0.015775
7607 CNOT14_11 7618 0.990924
7607 CNOT14_11 7611 0.003025
7607 CNOT14_11 7614 0.003025
7607 CNOT14_11 7607 0.003025
7607 MEAS14 7607 0.977600
7607 MEAS14 7608 0.022400
7607 X16 7615 0.993127
7607 X16 7607 0.006873
7608 CNOT14_16 7617 0.952675
7608 CNOT14_16 7616 0.015775
7608 CNOT14_16 7609 0.015775
7608 CNOT14_16 7608 0.015775
7608 CNOT14_11 7617 0.990924
7608 CNOT14_11 7612 0.003025
7608 CNOT14_11 7613 0.003025
7608 CNOT14_11 7608 0.003025
7608 MEAS14 7607 0.977600
7608 MEAS14 7608 0.022400
7608 X16 7616 0.993127
7608 X16 7608 0.006873
7609 CNOT14_16 7609 0.952675
7609 CNOT14_16 7608 0.015775
7609 CNOT14_16 7617 0.015775
7609 CNOT14_16 7616 0.015775
7609 CNOT14_11 7616 0.990924
7609 CNOT14_11 7585 0.003025
7609 CNOT14_11 7620 0.003025
7609 CNOT14_11 7609 0.003025
7609 MEAS14 7609 0.995600
7609 MEAS14 7610 0.004400
7609 X16 7617 0.993127
7609 X16 7609 0.006873
7610 CNOT14_16 7610 0.952675
7610 CNOT14_16 7607 0.015775
7610 CNOT14_16 7618 0.015775
7610 CNOT14_16 7615 0.015775
7610 CNOT14_11 7615 0.990924
7610 CNOT14_11 7606 0.003025
7610 CNOT14_11 7619 0.003025
7610 CNOT14_11 7610 0.003025
7610 MEAS14 7609 0.995600
7610 MEAS14 7610 0.004400
7610 X16 7618 0.993127
7610 X16 7610 0.006873
7611 CNOT14_16 7614 0.952675
7611 CNOT14_16 7619 0.015775
7611 CNOT14_16 7606 0.015775
7611 CNOT14_16 7611 0.015775
7611 CNOT14_11 7611 0.990924
7611 CNOT14_11 7618 0.003025
7611 CNOT14_11 7607 0.003025
7611 CNOT14_11 7614 0.003025
7611 MEAS14 7611 0.977600
7611 MEAS14 7612 0.022400
7611 X16 7619 0.993127
7611 X16 7611 0.006873
7612 CNOT14_16 7613 0.952675
7612 CNOT14_16 7620 0.015775
7612 CNOT14_16 7585 0.015775
7612 CNOT14_16 7612 0.015775
7612 CNOT14_11 7612 0.990924
7612 CNOT14_11 7617 0.003025
7612 CNOT14_11 7608 0.003025
7612 CNOT14_11 7613 0.003025
7612 MEAS14 7611 0.977600
7612 MEAS14 7612 0.022400
7612 X16 7620 0.993127
7612 X16 7612 0.006873
7613 CNOT14_16 7612 0.952675
7613 CNOT14_16 7585 0.015775
7613 CNOT14_16 7620 0.015775
7613 CNOT14_16 7613 0.015775
7613 CNOT14_11 7613 0.990924
7613 CNOT14_11 7608 0.003025
7613 CNOT14_11 7617 0.003025
7613 CNOT14_11 7612 0.003025
7613 MEAS14 7613 0.995600
7613 MEAS14 7614 0.004400
7613 X16 7585 0.993127
7613 X16 7613 0.006873
7614 CNOT14_16 7611 0.952675
7614 CNOT14_16 7606 0.015775
7614 CNOT14_16 7619 0.015775
7614 CNOT14_16 7614 0.015775
7614 CNOT14_11 7614 0.990924
7614 CNOT14_11 7607 0.003025
7614 CNOT14_11 7618 0.003025
7614 CNOT14_11 7611 0.003025
7614 MEAS14 7613 0.995600
7614 MEAS14 7614 0.004400
7614 X16 7606 0.993127
7614 X16 7614 0.006873
7615 CNOT14_16 7615 0.952675
7615 CNOT14_16 7618 0.015775
7615 CNOT14_16 7607 0.015775
7615 CNOT14_16 7610 0.015775
7615 CNOT14_11 7610 0.990924
7615 CNOT14_11 7619 0.003025
7615 CNOT14_11 7606 0.003025
7615 CNOT14_11 7615 0.003025
7615 MEAS14 7615 0.977600
7615 MEAS14 7616 0.022400
7615 X16 7607 0.993127
7615 X16 7615 0.006873
7616 CNOT14_16 7616 0.952675
7616 CNOT14_16 7617 0.015775
7616 CNOT14_16 7608 0.015775
7616 CNOT14_16 7609 0.015775
7616 CNOT14_11 7609 0.990924
7616 CNOT14_11 7620 0.003025
7616 CNOT14_11 7585 0.003025
7616 CNOT14_11 7616 0.003025
7616 MEAS14 7615 0.977600
7616 MEAS14 7616 0.022400
7616 X16 7608 0.993127
7616 X16 7616 0.006873
7617 CNOT14_16 7608 0.952675
7617 CNOT14_16 7609 0.015775
7617 CNOT14_16 7616 0.015775
7617 CNOT14_16 7617 0.015775
7617 CNOT14_11 7608 0.990924
7617 CNOT14_11 7613 0.003025
7617 CNOT14_11 7612 0.003025
7617 CNOT14_11 7617 0.003025
7617 MEAS14 7617 0.995600
7617 MEAS14 7618 0.004400
7617 X16 7609 0.993127
7617 X16 7617 0.006873
7618 CNOT14_16 7607 0.952675
7618 CNOT14_16 7610 0.015775
7618 CNOT14_16 7615 0.015775
7618 CNOT14_16 7618 0.015775
7618 CNOT14_11 7607 0.990924
7618 CNOT14_11 7614 0.003025
7618 CNOT14_11 7611 0.003025
7618 CNOT14_11 7618 0.003025
7618 MEAS14 7617 0.995600
7618 MEAS14 7618 0.004400
7618 X16 7610 0.993127
7618 X16 7618 0.006873
7619 CNOT14_16 7619 0.952675
7619 CNOT14_16 7614 0.015775
7619 CNOT14_16 7611 0.015775
7619 CNOT14_16 7606 0.015775
7619 CNOT14_11 7619 0.990924
7619 CNOT14_11 7610 0.003025
7619 CNOT14_11 7615 0.003025
7619 CNOT14_11 7606 0.003025
7619 MEAS14 7619 0.977600
7619 MEAS14 7620 0.022400
7619 X16 7611 0.993127
7619 X16 7619 0.006873
7620 CNOT14_16 7620 0.952675
7620 CNOT14_16 7613 0.015775
7620 CNOT14_16 7612 0.015775
7620 CNOT14_16 7585 0.015775
7620 CNOT14_11 7620 0.990924
7620 CNOT14_11 7609 0.003025
7620 CNOT14_11 7616 0.003025
7620 CNOT14_11 7585 0.003025
7620 MEAS14 7619 0.977600
7620 MEAS14 7620 0.022400
7620 X16 7612 0.993127
7620 X16 7620 0.006873
7621 CNOT14_16 7598 0.944788
7621 CNOT14_16 7629 0.007887
7621 CNOT14_16 7599 0.007887
7621 CNOT14_16 7630 0.007887
7621 CNOT14_16 7601 0.007887
7621 CNOT14_16 7631 0.007887
7621 CNOT14_16 7600 0.007887
7621 CNOT14_16 7632 0.007887
7621 CNOT14_11 7598 0.989412
7621 CNOT14_11 7629 0.001513
7621 CNOT14_11 7599 0.001513
7621 CNOT14_11 7630 0.001513
7621 CNOT14_11 7601 0.001513
7621 CNOT14_11 7631 0.001513
7621 CNOT14_11 7600 0.001513
7621 CNOT14_11 7632 0.001513
7621 MEAS14 7585 0.497800
7621 MEAS14 7606 0.002200
7621 MEAS14 7607 0.488800
7621 MEAS14 7608 0.011200
7621 X16 7625 0.989691
7621 X16 7621 0.003436
7621 X16 7628 0.003436
7621 X16 7624 0.003436
7622 CNOT14_16 7599 0.944788
7622 CNOT14_16 7632 0.007887
7622 CNOT14_16 7598 0.007887
7622 CNOT14_16 7631 0.007887
7622 CNOT14_16 7600 0.007887
7622 CNOT14_16 7630 0.007887
7622 CNOT14_16 7601 0.007887
7622 CNOT14_16 7629 0.007887
7622 CNOT14_11 7629 0.989412
7622 CNOT14_11 7598 0.001513
7622 CNOT14_11 7632 0.001513
7622 CNOT14_11 7600 0.001513
7622 CNOT14_11 7631 0.001513
7622 CNOT14_11 7601 0.001513
7622 CNOT14_11 7630 0.001513
7622 CNOT14_11 7599 0.001513
7622 MEAS14 7609 0.497800
7622 MEAS14 7610 0.002200
7622 MEAS14 7611 0.488800
7622 MEAS14 7612 0.011200
7622 X16 7627 0.989691
7622 X16 7622 0.003436
7622 X16 7623 0.003436
7622 X16 7626 0.003436
7623 CNOT14_16 7601 0.944788
7623 CNOT14_16 7631 0.007887
7623 CNOT14_16 7600 0.007887
7623 CNOT14_16 7632 0.007887
7623 CNOT14_16 7598 0.007887
7623 CNOT14_16 7629 0.007887
7623 CNOT14_16 7599 0.007887
7623 CNOT14_16 7630 0.007887
7623 CNOT14_11 7630 0.989412
7623 CNOT14_11 7600 0.001513
7623 CNOT14_11 7631 0.001513
7623 CNOT14_11 7598 0.001513
7623 CNOT14_11 7632 0.001513
7623 CNOT14_11 7599 0.001513
7623 CNOT14_11 7629 0.001513
7623 CNOT14_11 7601 0.001513
7623 MEAS14 7609 0.497800
7623 MEAS14 7610 0.002200
7623 MEAS14 7611 0.488800
7623 MEAS14 7612 0.011200
7623 X16 7626 0.989691
7623 X16 7623 0.003436
7623 X16 7622 0.003436
7623 X16 7627 0.003436
7624 CNOT14_16 7630 0.944788
7624 CNOT14_16 7600 0.007887
7624 CNOT14_16 7631 0.007887
7624 CNOT14_16 7598 0.007887
7624 CNOT14_16 7632 0.007887
7624 CNOT14_16 7599 0.007887
7624 CNOT14_16 7629 0.007887
7624 CNOT14_16 7601 0.007887
7624 CNOT14_11 7601 0.989412
7624 CNOT14_11 7631 0.001513
7624 CNOT14_11 7600 0.001513
7624 CNOT14_11 7632 0.001513
7624 CNOT14_11 7598 0.001513
7624 CNOT14_11 7629 0.001513
7624 CNOT14_11 7599 0.001513
7624 CNOT14_11 7630 0.001513
7624 MEAS14 7613 0.497800
7624 MEAS14 7614 0.002200
7624 MEAS14 7615 0.488800
7624 MEAS14 7616 0.011200
7624 X16 7628 0.989691
7624 X16 7624 0.003436
7624 X16 7625 0.003436
7624 X16 7621 0.003436
7625 CNOT14_16 7629 0.944788
7625 CNOT14_16 7598 0.007887
7625 CNOT14_16 7632 0.007887
7625 CNOT14_16 7600 0.007887
7625 CNOT14_16 7631 0.007887
7625 CNOT14_16 7601 0.007887
7625 CNOT14_16 7630 0.007887
7625 CNOT14_16 7599 0.007887
7625 CNOT14_11 7599 0.989412
7625 CNOT14_11 7632 0.001513
7625 CNOT14_11 7598 0.001513
7625 CNOT14_11 7631 0.001513
7625 CNOT14_11 7600 0.001513
7625 CNOT14_11 7630 0.001513
7625 CNOT14_11 7601 0.001513
7625 CNOT14_11 7629 0.001513
7625 MEAS14 7613 0.497800
7625 MEAS14 7614 0.002200
7625 MEAS14 7615 0.488800
7625 MEAS14 7616 0.011200
7625 X16 7621 0.989691
7625 X16 7625 0.003436
7625 X16 7624 0.003436
7625 X16 7628 0.003436
7626 CNOT14_16 7631 0.944788
7626 CNOT14_16 7601 0.007887
7626 CNOT14_16 7630 0.007887
7626 CNOT14_16 7599 0.007887
7626 CNOT14_16 7629 0.007887
7626 CNOT14_16 7598 0.007887
7626 CNOT14_16 7632 0.007887
7626 CNOT14_16 7600 0.007887
7626 CNOT14_11 7631 0.989412
7626 CNOT14_11 7601 0.001513
7626 CNOT14_11 7630 0.001513
7626 CNOT14_11 7599 0.001513
7626 CNOT14_11 7629 0.001513
7626 CNOT14_11 7598 0.001513
7626 CNOT14_11 7632 0.001513
7626 CNOT14_11 7600 0.001513
7626 MEAS14 7617 0.497800
7626 MEAS14 7618 0.002200
7626 MEAS14 7619 0.488800
7626 MEAS14 7620 0.011200
7626 X16 7623 0.989691
7626 X16 7626 0.003436
7626 X16 7627 0.003436
7626 X16 7622 0.003436
7627 CNOT14_16 7632 0.944788
7627 CNOT14_16 7599 0.007887
7627 CNOT14_16 7629 0.007887
7627 CNOT14_16 7601 0.007887
7627 CNOT14_16 7630 0.007887
7627 CNOT14_16 7600 0.007887
7627 CNOT14_16 7631 0.007887
7627 CNOT14_16 7598 0.007887
7627 CNOT14_11 7632 0.989412
7627 CNOT14_11 7599 0.001513
7627 CNOT14_11 7629 0.001513
7627 CNOT14_11 7601 0.001513
7627 CNOT14_11 7630 0.001513
7627 CNOT14_11 7600 0.001513
7627 CNOT14_11 7631 0.001513
7627 CNOT14_11 7598 0.001513
7627 MEAS14 7617 0.497800
7627 MEAS14 7618 0.002200
7627 MEAS14 7619 0.488800
7627 MEAS14 7620 0.011200
7627 X16 7622 0.989691
7627 X16 7627 0.003436
7627 X16 7626 0.003436
7627 X16 7623 0.003436
7628 CNOT14_16 7600 0.944788
7628 CNOT14_16 7630 0.007887
7628 CNOT14_16 7601 0.007887
7628 CNOT14_16 7629 0.007887
7628 CNOT14_16 7599 0.007887
7628 CNOT14_16 7632 0.007887
7628 CNOT14_16 7598 0.007887
7628 CNOT14_16 7631 0.007887
7628 CNOT14_11 7600 0.989412
7628 CNOT14_11 7630 0.001513
7628 CNOT14_11 7601 0.001513
7628 CNOT14_11 7629 0.001513
7628 CNOT14_11 7599 0.001513
7628 CNOT14_11 7632 0.001513
7628 CNOT14_11 7598 0.001513
7628 CNOT14_11 7631 0.001513
7628 MEAS14 7585 0.497800
7628 MEAS14 7606 0.002200
7628 MEAS14 7607 0.488800
7628 MEAS14 7608 0.011200
7628 X16 7624 0.989691
7628 X16 7628 0.003436
7628 X16 7621 0.003436
7628 X16 7625 0.003436
7629 CNOT14_16 7625 0.944788
7629 CNOT14_16 7627 0.007887
7629 CNOT14_16 7626 0.007887
7629 CNOT14_16 7628 0.007887
7629 CNOT14_16 7621 0.007887
7629 CNOT14_16 7623 0.007887
7629 CNOT14_16 7622 0.007887
7629 CNOT14_16 7624 0.007887
7629 CNOT14_11 7622 0.989412
7629 CNOT14_11 7627 0.001513
7629 CNOT14_11 7626 0.001513
7629 CNOT14_11 7628 0.001513
7629 CNOT14_11 7621 0.001513
7629 CNOT14_11 7624 0.001513
7629 CNOT14_11 7625 0.001513
7629 CNOT14_11 7623 0.001513
7629 MEAS14 7629 0.977600
7629 MEAS14 7602 0.022400
7629 X16 7632 0.989691
7629 X16 7629 0.003436
7629 X16 7630 0.003436
7629 X16 7631 0.003436
7630 CNOT14_16 7624 0.944788
7630 CNOT14_16 7626 0.007887
7630 CNOT14_16 7627 0.007887
7630 CNOT14_16 7621 0.007887
7630 CNOT14_16 7628 0.007887
7630 CNOT14_16 7622 0.007887
7630 CNOT14_16 7623 0.007887
7630 CNOT14_16 7625 0.007887
7630 CNOT14_11 7623 0.989412
7630 CNOT14_11 7626 0.001513
7630 CNOT14_11 7627 0.001513
7630 CNOT14_11 7621 0.001513
7630 CNOT14_11 7628 0.001513
7630 CNOT14_11 7625 0.001513
7630 CNOT14_11 7624 0.001513
7630 CNOT14_11 7622 0.001513
7630 MEAS14 7630 0.977600
7630 MEAS14 7603 0.022400
7630 X16 7631 0.989691
7630 X16 7630 0.003436
7630 X16 7629 0.003436
7630 X16 7632 0.003436
7631 CNOT14_16 7626 0.944788
7631 CNOT14_16 7624 0.007887
7631 CNOT14_16 7625 0.007887
7631 CNOT14_16 7622 0.007887
7631 CNOT14_16 7623 0.007887
7631 CNOT14_16 7621 0.007887
7631 CNOT14_16 7628 0.007887
7631 CNOT14_16 7627 0.007887
7631 CNOT14_11 7626 0.989412
7631 CNOT14_11 7623 0.001513
7631 CNOT14_11 7622 0.001513
7631 CNOT14_11 7625 0.001513
7631 CNOT14_11 7624 0.001513
7631 CNOT14_11 7621 0.001513
7631 CNOT14_11 7628 0.001513
7631 CNOT14_11 7627 0.001513
7631 MEAS14 7631 0.977600
7631 MEAS14 7604 0.022400
7631 X16 7630 0.989691
7631 X16 7631 0.003436
7631 X16 7632 0.003436
7631 X16 7629 0.003436
7632 CNOT14_16 7627 0.944788
7632 CNOT14_16 7625 0.007887
7632 CNOT14_16 7624 0.007887
7632 CNOT14_16 7623 0.007887
7632 CNOT14_16 7622 0.007887
7632 CNOT14_16 7628 0.007887
7632 CNOT14_16 7621 0.007887
7632 CNOT14_16 7626 0.007887
7632 CNOT14_11 7627 0.989412
7632 CNOT14_11 7622 0.001513
7632 CNOT14_11 7623 0.001513
7632 CNOT14_11 7624 0.001513
7632 CNOT14_11 7625 0.001513
7632 CNOT14_11 7628 0.001513
7632 CNOT14_11 7621 0.001513
7632 CNOT14_11 7626 0.001513
7632 MEAS14 7632 0.977600
7632 MEAS14 7605 0.022400
7632 X16 7629 0.989691
7632 X16 7632 0.003436
7632 X16 7631 0.003436
7632 X16 7630 0.003436
ENDPOMDP
