BEGINPOMDP
INITIALSTATE: 8257
STATES: 8257,8258,8259,8260,8261,8262,8263,8264,8265,8266,8267,8268,8269,8270,8271,8272,8273,8274,8275,8276,8277,8278,8279,8280,8281,8282,8283,8284,8285,8286,8287,8288,8289,8290,8291,8292,8293,8294,8295,8296,8297,8298,8299,8300,8301,8302,8303,8304
TARGETV: 8258,8260,8262,8267,8268,8269,8270,8272,8276,8277,8293,8298,8299,8300,8303,8304
GAMMA: 8257:0,8258:0,8259:0,8260:0,8261:0,8262:0,8263:0,8264:0,8265:0,8266:0,8267:0,8268:0,8269:0,8270:1,8271:1,8272:1,8273:1,8274:0,8275:0,8276:0,8277:0,8278:1,8279:1,8280:0,8281:0,8282:1,8283:1,8284:0,8285:0,8286:1,8287:1,8288:0,8289:0,8290:1,8291:1,8292:0,8293:1,8294:1,8295:1,8296:1,8297:1,8298:1,8299:1,8300:1,8301:1,8302:1,8303:1,8304:1
BEGINACTIONS
CNOT18_15 Instruction.CNOT 15 18
CNOT18_21 Instruction.CNOT 21 18
MEAS18 Instruction.MEAS None 18
X15 Instruction.X None 15
ENDACTIONS
8257 INIT_ 8258 0.250000
8257 INIT_ 8259 0.250000
8257 INIT_ 8260 0.250000
8257 INIT_ 8261 0.250000
8257 CNOT18_15 8257 0.991994
8257 CNOT18_15 8284 0.002669
8257 CNOT18_15 8285 0.002669
8257 CNOT18_15 8292 0.002669
8257 CNOT18_21 8257 0.990663
8257 CNOT18_21 8288 0.003112
8257 CNOT18_21 8281 0.003112
8257 CNOT18_21 8292 0.003112
8257 MEAS18 8257 0.902200
8257 MEAS18 8278 0.097800
8257 X15 8285 0.999821
8257 X15 8257 0.000179
8258 CNOT18_15 8262 0.990660
8258 CNOT18_15 8263 0.001334
8258 CNOT18_15 8264 0.001334
8258 CNOT18_15 8265 0.001334
8258 CNOT18_15 8266 0.001334
8258 CNOT18_15 8267 0.001334
8258 CNOT18_15 8268 0.001334
8258 CNOT18_15 8269 0.001334
8258 CNOT18_21 8262 0.989107
8258 CNOT18_21 8266 0.001556
8258 CNOT18_21 8265 0.001556
8258 CNOT18_21 8264 0.001556
8258 CNOT18_21 8263 0.001556
8258 CNOT18_21 8267 0.001556
8258 CNOT18_21 8268 0.001556
8258 CNOT18_21 8269 0.001556
8258 MEAS18 8258 0.902200
8258 MEAS18 8270 0.097800
8258 X15 8259 0.999731
8258 X15 8258 0.000090
8258 X15 8260 0.000090
8258 X15 8261 0.000090
8259 CNOT18_15 8263 0.990660
8259 CNOT18_15 8262 0.001334
8259 CNOT18_15 8269 0.001334
8259 CNOT18_15 8267 0.001334
8259 CNOT18_15 8268 0.001334
8259 CNOT18_15 8265 0.001334
8259 CNOT18_15 8266 0.001334
8259 CNOT18_15 8264 0.001334
8259 CNOT18_21 8266 0.989107
8259 CNOT18_21 8262 0.001556
8259 CNOT18_21 8269 0.001556
8259 CNOT18_21 8267 0.001556
8259 CNOT18_21 8268 0.001556
8259 CNOT18_21 8264 0.001556
8259 CNOT18_21 8263 0.001556
8259 CNOT18_21 8265 0.001556
8259 MEAS18 8259 0.902200
8259 MEAS18 8271 0.097800
8259 X15 8258 0.999731
8259 X15 8259 0.000090
8259 X15 8261 0.000090
8259 X15 8260 0.000090
8260 CNOT18_15 8269 0.990660
8260 CNOT18_15 8264 0.001334
8260 CNOT18_15 8263 0.001334
8260 CNOT18_15 8266 0.001334
8260 CNOT18_15 8265 0.001334
8260 CNOT18_15 8268 0.001334
8260 CNOT18_15 8267 0.001334
8260 CNOT18_15 8262 0.001334
8260 CNOT18_21 8269 0.989107
8260 CNOT18_21 8265 0.001556
8260 CNOT18_21 8266 0.001556
8260 CNOT18_21 8263 0.001556
8260 CNOT18_21 8264 0.001556
8260 CNOT18_21 8268 0.001556
8260 CNOT18_21 8267 0.001556
8260 CNOT18_21 8262 0.001556
8260 MEAS18 8260 0.902200
8260 MEAS18 8272 0.097800
8260 X15 8261 0.999731
8260 X15 8260 0.000090
8260 X15 8258 0.000090
8260 X15 8259 0.000090
8261 CNOT18_15 8264 0.990660
8261 CNOT18_15 8269 0.001334
8261 CNOT18_15 8262 0.001334
8261 CNOT18_15 8268 0.001334
8261 CNOT18_15 8267 0.001334
8261 CNOT18_15 8266 0.001334
8261 CNOT18_15 8265 0.001334
8261 CNOT18_15 8263 0.001334
8261 CNOT18_21 8265 0.989107
8261 CNOT18_21 8269 0.001556
8261 CNOT18_21 8262 0.001556
8261 CNOT18_21 8268 0.001556
8261 CNOT18_21 8267 0.001556
8261 CNOT18_21 8263 0.001556
8261 CNOT18_21 8264 0.001556
8261 CNOT18_21 8266 0.001556
8261 MEAS18 8261 0.902200
8261 MEAS18 8273 0.097800
8261 X15 8260 0.999731
8261 X15 8261 0.000090
8261 X15 8259 0.000090
8261 X15 8258 0.000090
8262 CNOT18_15 8258 0.990660
8262 CNOT18_15 8274 0.001334
8262 CNOT18_15 8259 0.001334
8262 CNOT18_15 8275 0.001334
8262 CNOT18_15 8261 0.001334
8262 CNOT18_15 8276 0.001334
8262 CNOT18_15 8260 0.001334
8262 CNOT18_15 8277 0.001334
8262 CNOT18_21 8258 0.989107
8262 CNOT18_21 8274 0.001556
8262 CNOT18_21 8259 0.001556
8262 CNOT18_21 8275 0.001556
8262 CNOT18_21 8261 0.001556
8262 CNOT18_21 8276 0.001556
8262 CNOT18_21 8260 0.001556
8262 CNOT18_21 8277 0.001556
8262 MEAS18 8257 0.451100
8262 MEAS18 8278 0.048900
8262 MEAS18 8279 0.430500
8262 MEAS18 8280 0.069500
8262 X15 8266 0.999731
8262 X15 8262 0.000090
8262 X15 8269 0.000090
8262 X15 8265 0.000090
8263 CNOT18_15 8259 0.990660
8263 CNOT18_15 8277 0.001334
8263 CNOT18_15 8258 0.001334
8263 CNOT18_15 8276 0.001334
8263 CNOT18_15 8260 0.001334
8263 CNOT18_15 8275 0.001334
8263 CNOT18_15 8261 0.001334
8263 CNOT18_15 8274 0.001334
8263 CNOT18_21 8274 0.989107
8263 CNOT18_21 8258 0.001556
8263 CNOT18_21 8277 0.001556
8263 CNOT18_21 8260 0.001556
8263 CNOT18_21 8276 0.001556
8263 CNOT18_21 8261 0.001556
8263 CNOT18_21 8275 0.001556
8263 CNOT18_21 8259 0.001556
8263 MEAS18 8281 0.451100
8263 MEAS18 8282 0.048900
8263 MEAS18 8283 0.430500
8263 MEAS18 8284 0.069500
8263 X15 8268 0.999731
8263 X15 8263 0.000090
8263 X15 8264 0.000090
8263 X15 8267 0.000090
8264 CNOT18_15 8261 0.990660
8264 CNOT18_15 8276 0.001334
8264 CNOT18_15 8260 0.001334
8264 CNOT18_15 8277 0.001334
8264 CNOT18_15 8258 0.001334
8264 CNOT18_15 8274 0.001334
8264 CNOT18_15 8259 0.001334
8264 CNOT18_15 8275 0.001334
8264 CNOT18_21 8275 0.989107
8264 CNOT18_21 8260 0.001556
8264 CNOT18_21 8276 0.001556
8264 CNOT18_21 8258 0.001556
8264 CNOT18_21 8277 0.001556
8264 CNOT18_21 8259 0.001556
8264 CNOT18_21 8274 0.001556
8264 CNOT18_21 8261 0.001556
8264 MEAS18 8281 0.451100
8264 MEAS18 8282 0.048900
8264 MEAS18 8283 0.430500
8264 MEAS18 8284 0.069500
8264 X15 8267 0.999731
8264 X15 8264 0.000090
8264 X15 8263 0.000090
8264 X15 8268 0.000090
8265 CNOT18_15 8275 0.990660
8265 CNOT18_15 8260 0.001334
8265 CNOT18_15 8276 0.001334
8265 CNOT18_15 8258 0.001334
8265 CNOT18_15 8277 0.001334
8265 CNOT18_15 8259 0.001334
8265 CNOT18_15 8274 0.001334
8265 CNOT18_15 8261 0.001334
8265 CNOT18_21 8261 0.989107
8265 CNOT18_21 8276 0.001556
8265 CNOT18_21 8260 0.001556
8265 CNOT18_21 8277 0.001556
8265 CNOT18_21 8258 0.001556
8265 CNOT18_21 8274 0.001556
8265 CNOT18_21 8259 0.001556
8265 CNOT18_21 8275 0.001556
8265 MEAS18 8285 0.451100
8265 MEAS18 8286 0.048900
8265 MEAS18 8287 0.430500
8265 MEAS18 8288 0.069500
8265 X15 8269 0.999731
8265 X15 8265 0.000090
8265 X15 8266 0.000090
8265 X15 8262 0.000090
8266 CNOT18_15 8274 0.990660
8266 CNOT18_15 8258 0.001334
8266 CNOT18_15 8277 0.001334
8266 CNOT18_15 8260 0.001334
8266 CNOT18_15 8276 0.001334
8266 CNOT18_15 8261 0.001334
8266 CNOT18_15 8275 0.001334
8266 CNOT18_15 8259 0.001334
8266 CNOT18_21 8259 0.989107
8266 CNOT18_21 8277 0.001556
8266 CNOT18_21 8258 0.001556
8266 CNOT18_21 8276 0.001556
8266 CNOT18_21 8260 0.001556
8266 CNOT18_21 8275 0.001556
8266 CNOT18_21 8261 0.001556
8266 CNOT18_21 8274 0.001556
8266 MEAS18 8285 0.451100
8266 MEAS18 8286 0.048900
8266 MEAS18 8287 0.430500
8266 MEAS18 8288 0.069500
8266 X15 8262 0.999731
8266 X15 8266 0.000090
8266 X15 8265 0.000090
8266 X15 8269 0.000090
8267 CNOT18_15 8276 0.990660
8267 CNOT18_15 8261 0.001334
8267 CNOT18_15 8275 0.001334
8267 CNOT18_15 8259 0.001334
8267 CNOT18_15 8274 0.001334
8267 CNOT18_15 8258 0.001334
8267 CNOT18_15 8277 0.001334
8267 CNOT18_15 8260 0.001334
8267 CNOT18_21 8276 0.989107
8267 CNOT18_21 8261 0.001556
8267 CNOT18_21 8275 0.001556
8267 CNOT18_21 8259 0.001556
8267 CNOT18_21 8274 0.001556
8267 CNOT18_21 8258 0.001556
8267 CNOT18_21 8277 0.001556
8267 CNOT18_21 8260 0.001556
8267 MEAS18 8289 0.451100
8267 MEAS18 8290 0.048900
8267 MEAS18 8291 0.430500
8267 MEAS18 8292 0.069500
8267 X15 8264 0.999731
8267 X15 8267 0.000090
8267 X15 8268 0.000090
8267 X15 8263 0.000090
8268 CNOT18_15 8277 0.990660
8268 CNOT18_15 8259 0.001334
8268 CNOT18_15 8274 0.001334
8268 CNOT18_15 8261 0.001334
8268 CNOT18_15 8275 0.001334
8268 CNOT18_15 8260 0.001334
8268 CNOT18_15 8276 0.001334
8268 CNOT18_15 8258 0.001334
8268 CNOT18_21 8277 0.989107
8268 CNOT18_21 8259 0.001556
8268 CNOT18_21 8274 0.001556
8268 CNOT18_21 8261 0.001556
8268 CNOT18_21 8275 0.001556
8268 CNOT18_21 8260 0.001556
8268 CNOT18_21 8276 0.001556
8268 CNOT18_21 8258 0.001556
8268 MEAS18 8289 0.451100
8268 MEAS18 8290 0.048900
8268 MEAS18 8291 0.430500
8268 MEAS18 8292 0.069500
8268 X15 8263 0.999731
8268 X15 8268 0.000090
8268 X15 8267 0.000090
8268 X15 8264 0.000090
8269 CNOT18_15 8260 0.990660
8269 CNOT18_15 8275 0.001334
8269 CNOT18_15 8261 0.001334
8269 CNOT18_15 8274 0.001334
8269 CNOT18_15 8259 0.001334
8269 CNOT18_15 8277 0.001334
8269 CNOT18_15 8258 0.001334
8269 CNOT18_15 8276 0.001334
8269 CNOT18_21 8260 0.989107
8269 CNOT18_21 8275 0.001556
8269 CNOT18_21 8261 0.001556
8269 CNOT18_21 8274 0.001556
8269 CNOT18_21 8259 0.001556
8269 CNOT18_21 8277 0.001556
8269 CNOT18_21 8258 0.001556
8269 CNOT18_21 8276 0.001556
8269 MEAS18 8257 0.451100
8269 MEAS18 8278 0.048900
8269 MEAS18 8279 0.430500
8269 MEAS18 8280 0.069500
8269 X15 8265 0.999731
8269 X15 8269 0.000090
8269 X15 8262 0.000090
8269 X15 8266 0.000090
8270 CNOT18_15 8293 0.990660
8270 CNOT18_15 8294 0.001334
8270 CNOT18_15 8295 0.001334
8270 CNOT18_15 8296 0.001334
8270 CNOT18_15 8297 0.001334
8270 CNOT18_15 8298 0.001334
8270 CNOT18_15 8299 0.001334
8270 CNOT18_15 8300 0.001334
8270 CNOT18_21 8293 0.989107
8270 CNOT18_21 8297 0.001556
8270 CNOT18_21 8296 0.001556
8270 CNOT18_21 8295 0.001556
8270 CNOT18_21 8294 0.001556
8270 CNOT18_21 8298 0.001556
8270 CNOT18_21 8299 0.001556
8270 CNOT18_21 8300 0.001556
8270 MEAS18 8258 0.902200
8270 MEAS18 8270 0.097800
8270 X15 8271 0.999731
8270 X15 8270 0.000090
8270 X15 8272 0.000090
8270 X15 8273 0.000090
8271 CNOT18_15 8294 0.990660
8271 CNOT18_15 8293 0.001334
8271 CNOT18_15 8300 0.001334
8271 CNOT18_15 8298 0.001334
8271 CNOT18_15 8299 0.001334
8271 CNOT18_15 8296 0.001334
8271 CNOT18_15 8297 0.001334
8271 CNOT18_15 8295 0.001334
8271 CNOT18_21 8297 0.989107
8271 CNOT18_21 8293 0.001556
8271 CNOT18_21 8300 0.001556
8271 CNOT18_21 8298 0.001556
8271 CNOT18_21 8299 0.001556
8271 CNOT18_21 8295 0.001556
8271 CNOT18_21 8294 0.001556
8271 CNOT18_21 8296 0.001556
8271 MEAS18 8259 0.902200
8271 MEAS18 8271 0.097800
8271 X15 8270 0.999731
8271 X15 8271 0.000090
8271 X15 8273 0.000090
8271 X15 8272 0.000090
8272 CNOT18_15 8300 0.990660
8272 CNOT18_15 8295 0.001334
8272 CNOT18_15 8294 0.001334
8272 CNOT18_15 8297 0.001334
8272 CNOT18_15 8296 0.001334
8272 CNOT18_15 8299 0.001334
8272 CNOT18_15 8298 0.001334
8272 CNOT18_15 8293 0.001334
8272 CNOT18_21 8300 0.989107
8272 CNOT18_21 8296 0.001556
8272 CNOT18_21 8297 0.001556
8272 CNOT18_21 8294 0.001556
8272 CNOT18_21 8295 0.001556
8272 CNOT18_21 8299 0.001556
8272 CNOT18_21 8298 0.001556
8272 CNOT18_21 8293 0.001556
8272 MEAS18 8260 0.902200
8272 MEAS18 8272 0.097800
8272 X15 8273 0.999731
8272 X15 8272 0.000090
8272 X15 8270 0.000090
8272 X15 8271 0.000090
8273 CNOT18_15 8295 0.990660
8273 CNOT18_15 8300 0.001334
8273 CNOT18_15 8293 0.001334
8273 CNOT18_15 8299 0.001334
8273 CNOT18_15 8298 0.001334
8273 CNOT18_15 8297 0.001334
8273 CNOT18_15 8296 0.001334
8273 CNOT18_15 8294 0.001334
8273 CNOT18_21 8296 0.989107
8273 CNOT18_21 8300 0.001556
8273 CNOT18_21 8293 0.001556
8273 CNOT18_21 8299 0.001556
8273 CNOT18_21 8298 0.001556
8273 CNOT18_21 8294 0.001556
8273 CNOT18_21 8295 0.001556
8273 CNOT18_21 8297 0.001556
8273 MEAS18 8261 0.902200
8273 MEAS18 8273 0.097800
8273 X15 8272 0.999731
8273 X15 8273 0.000090
8273 X15 8271 0.000090
8273 X15 8270 0.000090
8274 CNOT18_15 8266 0.990660
8274 CNOT18_15 8268 0.001334
8274 CNOT18_15 8267 0.001334
8274 CNOT18_15 8269 0.001334
8274 CNOT18_15 8262 0.001334
8274 CNOT18_15 8264 0.001334
8274 CNOT18_15 8263 0.001334
8274 CNOT18_15 8265 0.001334
8274 CNOT18_21 8263 0.989107
8274 CNOT18_21 8268 0.001556
8274 CNOT18_21 8267 0.001556
8274 CNOT18_21 8269 0.001556
8274 CNOT18_21 8262 0.001556
8274 CNOT18_21 8265 0.001556
8274 CNOT18_21 8266 0.001556
8274 CNOT18_21 8264 0.001556
8274 MEAS18 8301 0.861000
8274 MEAS18 8274 0.139000
8274 X15 8277 0.999731
8274 X15 8274 0.000090
8274 X15 8275 0.000090
8274 X15 8276 0.000090
8275 CNOT18_15 8265 0.990660
8275 CNOT18_15 8267 0.001334
8275 CNOT18_15 8268 0.001334
8275 CNOT18_15 8262 0.001334
8275 CNOT18_15 8269 0.001334
8275 CNOT18_15 8263 0.001334
8275 CNOT18_15 8264 0.001334
8275 CNOT18_15 8266 0.001334
8275 CNOT18_21 8264 0.989107
8275 CNOT18_21 8267 0.001556
8275 CNOT18_21 8268 0.001556
8275 CNOT18_21 8262 0.001556
8275 CNOT18_21 8269 0.001556
8275 CNOT18_21 8266 0.001556
8275 CNOT18_21 8265 0.001556
8275 CNOT18_21 8263 0.001556
8275 MEAS18 8302 0.861000
8275 MEAS18 8275 0.139000
8275 X15 8276 0.999731
8275 X15 8275 0.000090
8275 X15 8274 0.000090
8275 X15 8277 0.000090
8276 CNOT18_15 8267 0.990660
8276 CNOT18_15 8265 0.001334
8276 CNOT18_15 8266 0.001334
8276 CNOT18_15 8263 0.001334
8276 CNOT18_15 8264 0.001334
8276 CNOT18_15 8262 0.001334
8276 CNOT18_15 8269 0.001334
8276 CNOT18_15 8268 0.001334
8276 CNOT18_21 8267 0.989107
8276 CNOT18_21 8264 0.001556
8276 CNOT18_21 8263 0.001556
8276 CNOT18_21 8266 0.001556
8276 CNOT18_21 8265 0.001556
8276 CNOT18_21 8262 0.001556
8276 CNOT18_21 8269 0.001556
8276 CNOT18_21 8268 0.001556
8276 MEAS18 8303 0.861000
8276 MEAS18 8276 0.139000
8276 X15 8275 0.999731
8276 X15 8276 0.000090
8276 X15 8277 0.000090
8276 X15 8274 0.000090
8277 CNOT18_15 8268 0.990660
8277 CNOT18_15 8266 0.001334
8277 CNOT18_15 8265 0.001334
8277 CNOT18_15 8264 0.001334
8277 CNOT18_15 8263 0.001334
8277 CNOT18_15 8269 0.001334
8277 CNOT18_15 8262 0.001334
8277 CNOT18_15 8267 0.001334
8277 CNOT18_21 8268 0.989107
8277 CNOT18_21 8263 0.001556
8277 CNOT18_21 8264 0.001556
8277 CNOT18_21 8265 0.001556
8277 CNOT18_21 8266 0.001556
8277 CNOT18_21 8269 0.001556
8277 CNOT18_21 8262 0.001556
8277 CNOT18_21 8267 0.001556
8277 MEAS18 8304 0.861000
8277 MEAS18 8277 0.139000
8277 X15 8274 0.999731
8277 X15 8277 0.000090
8277 X15 8276 0.000090
8277 X15 8275 0.000090
8278 CNOT18_15 8278 0.991994
8278 CNOT18_15 8283 0.002669
8278 CNOT18_15 8286 0.002669
8278 CNOT18_15 8291 0.002669
8278 CNOT18_21 8278 0.990663
8278 CNOT18_21 8287 0.003112
8278 CNOT18_21 8282 0.003112
8278 CNOT18_21 8291 0.003112
8278 MEAS18 8257 0.902200
8278 MEAS18 8278 0.097800
8278 X15 8286 0.999821
8278 X15 8278 0.000179
8279 CNOT18_15 8290 0.991994
8279 CNOT18_15 8287 0.002669
8279 CNOT18_15 8282 0.002669
8279 CNOT18_15 8279 0.002669
8279 CNOT18_21 8290 0.990663
8279 CNOT18_21 8283 0.003112
8279 CNOT18_21 8286 0.003112
8279 CNOT18_21 8279 0.003112
8279 MEAS18 8279 0.861000
8279 MEAS18 8280 0.139000
8279 X15 8287 0.999821
8279 X15 8279 0.000179
8280 CNOT18_15 8289 0.991994
8280 CNOT18_15 8288 0.002669
8280 CNOT18_15 8281 0.002669
8280 CNOT18_15 8280 0.002669
8280 CNOT18_21 8289 0.990663
8280 CNOT18_21 8284 0.003112
8280 CNOT18_21 8285 0.003112
8280 CNOT18_21 8280 0.003112
8280 MEAS18 8279 0.861000
8280 MEAS18 8280 0.139000
8280 X15 8288 0.999821
8280 X15 8280 0.000179
8281 CNOT18_15 8281 0.991994
8281 CNOT18_15 8280 0.002669
8281 CNOT18_15 8289 0.002669
8281 CNOT18_15 8288 0.002669
8281 CNOT18_21 8288 0.990663
8281 CNOT18_21 8257 0.003112
8281 CNOT18_21 8292 0.003112
8281 CNOT18_21 8281 0.003112
8281 MEAS18 8281 0.902200
8281 MEAS18 8282 0.097800
8281 X15 8289 0.999821
8281 X15 8281 0.000179
8282 CNOT18_15 8282 0.991994
8282 CNOT18_15 8279 0.002669
8282 CNOT18_15 8290 0.002669
8282 CNOT18_15 8287 0.002669
8282 CNOT18_21 8287 0.990663
8282 CNOT18_21 8278 0.003112
8282 CNOT18_21 8291 0.003112
8282 CNOT18_21 8282 0.003112
8282 MEAS18 8281 0.902200
8282 MEAS18 8282 0.097800
8282 X15 8290 0.999821
8282 X15 8282 0.000179
8283 CNOT18_15 8286 0.991994
8283 CNOT18_15 8291 0.002669
8283 CNOT18_15 8278 0.002669
8283 CNOT18_15 8283 0.002669
8283 CNOT18_21 8283 0.990663
8283 CNOT18_21 8290 0.003112
8283 CNOT18_21 8279 0.003112
8283 CNOT18_21 8286 0.003112
8283 MEAS18 8283 0.861000
8283 MEAS18 8284 0.139000
8283 X15 8291 0.999821
8283 X15 8283 0.000179
8284 CNOT18_15 8285 0.991994
8284 CNOT18_15 8292 0.002669
8284 CNOT18_15 8257 0.002669
8284 CNOT18_15 8284 0.002669
8284 CNOT18_21 8284 0.990663
8284 CNOT18_21 8289 0.003112
8284 CNOT18_21 8280 0.003112
8284 CNOT18_21 8285 0.003112
8284 MEAS18 8283 0.861000
8284 MEAS18 8284 0.139000
8284 X15 8292 0.999821
8284 X15 8284 0.000179
8285 CNOT18_15 8284 0.991994
8285 CNOT18_15 8257 0.002669
8285 CNOT18_15 8292 0.002669
8285 CNOT18_15 8285 0.002669
8285 CNOT18_21 8285 0.990663
8285 CNOT18_21 8280 0.003112
8285 CNOT18_21 8289 0.003112
8285 CNOT18_21 8284 0.003112
8285 MEAS18 8285 0.902200
8285 MEAS18 8286 0.097800
8285 X15 8257 0.999821
8285 X15 8285 0.000179
8286 CNOT18_15 8283 0.991994
8286 CNOT18_15 8278 0.002669
8286 CNOT18_15 8291 0.002669
8286 CNOT18_15 8286 0.002669
8286 CNOT18_21 8286 0.990663
8286 CNOT18_21 8279 0.003112
8286 CNOT18_21 8290 0.003112
8286 CNOT18_21 8283 0.003112
8286 MEAS18 8285 0.902200
8286 MEAS18 8286 0.097800
8286 X15 8278 0.999821
8286 X15 8286 0.000179
8287 CNOT18_15 8287 0.991994
8287 CNOT18_15 8290 0.002669
8287 CNOT18_15 8279 0.002669
8287 CNOT18_15 8282 0.002669
8287 CNOT18_21 8282 0.990663
8287 CNOT18_21 8291 0.003112
8287 CNOT18_21 8278 0.003112
8287 CNOT18_21 8287 0.003112
8287 MEAS18 8287 0.861000
8287 MEAS18 8288 0.139000
8287 X15 8279 0.999821
8287 X15 8287 0.000179
8288 CNOT18_15 8288 0.991994
8288 CNOT18_15 8289 0.002669
8288 CNOT18_15 8280 0.002669
8288 CNOT18_15 8281 0.002669
8288 CNOT18_21 8281 0.990663
8288 CNOT18_21 8292 0.003112
8288 CNOT18_21 8257 0.003112
8288 CNOT18_21 8288 0.003112
8288 MEAS18 8287 0.861000
8288 MEAS18 8288 0.139000
8288 X15 8280 0.999821
8288 X15 8288 0.000179
8289 CNOT18_15 8280 0.991994
8289 CNOT18_15 8281 0.002669
8289 CNOT18_15 8288 0.002669
8289 CNOT18_15 8289 0.002669
8289 CNOT18_21 8280 0.990663
8289 CNOT18_21 8285 0.003112
8289 CNOT18_21 8284 0.003112
8289 CNOT18_21 8289 0.003112
8289 MEAS18 8289 0.902200
8289 MEAS18 8290 0.097800
8289 X15 8281 0.999821
8289 X15 8289 0.000179
8290 CNOT18_15 8279 0.991994
8290 CNOT18_15 8282 0.002669
8290 CNOT18_15 8287 0.002669
8290 CNOT18_15 8290 0.002669
8290 CNOT18_21 8279 0.990663
8290 CNOT18_21 8286 0.003112
8290 CNOT18_21 8283 0.003112
8290 CNOT18_21 8290 0.003112
8290 MEAS18 8289 0.902200
8290 MEAS18 8290 0.097800
8290 X15 8282 0.999821
8290 X15 8290 0.000179
8291 CNOT18_15 8291 0.991994
8291 CNOT18_15 8286 0.002669
8291 CNOT18_15 8283 0.002669
8291 CNOT18_15 8278 0.002669
8291 CNOT18_21 8291 0.990663
8291 CNOT18_21 8282 0.003112
8291 CNOT18_21 8287 0.003112
8291 CNOT18_21 8278 0.003112
8291 MEAS18 8291 0.861000
8291 MEAS18 8292 0.139000
8291 X15 8283 0.999821
8291 X15 8291 0.000179
8292 CNOT18_15 8292 0.991994
8292 CNOT18_15 8285 0.002669
8292 CNOT18_15 8284 0.002669
8292 CNOT18_15 8257 0.002669
8292 CNOT18_21 8292 0.990663
8292 CNOT18_21 8281 0.003112
8292 CNOT18_21 8288 0.003112
8292 CNOT18_21 8257 0.003112
8292 MEAS18 8291 0.861000
8292 MEAS18 8292 0.139000
8292 X15 8284 0.999821
8292 X15 8292 0.000179
8293 CNOT18_15 8270 0.990660
8293 CNOT18_15 8301 0.001334
8293 CNOT18_15 8271 0.001334
8293 CNOT18_15 8302 0.001334
8293 CNOT18_15 8273 0.001334
8293 CNOT18_15 8303 0.001334
8293 CNOT18_15 8272 0.001334
8293 CNOT18_15 8304 0.001334
8293 CNOT18_21 8270 0.989107
8293 CNOT18_21 8301 0.001556
8293 CNOT18_21 8271 0.001556
8293 CNOT18_21 8302 0.001556
8293 CNOT18_21 8273 0.001556
8293 CNOT18_21 8303 0.001556
8293 CNOT18_21 8272 0.001556
8293 CNOT18_21 8304 0.001556
8293 MEAS18 8257 0.451100
8293 MEAS18 8278 0.048900
8293 MEAS18 8279 0.430500
8293 MEAS18 8280 0.069500
8293 X15 8297 0.999731
8293 X15 8293 0.000090
8293 X15 8300 0.000090
8293 X15 8296 0.000090
8294 CNOT18_15 8271 0.990660
8294 CNOT18_15 8304 0.001334
8294 CNOT18_15 8270 0.001334
8294 CNOT18_15 8303 0.001334
8294 CNOT18_15 8272 0.001334
8294 CNOT18_15 8302 0.001334
8294 CNOT18_15 8273 0.001334
8294 CNOT18_15 8301 0.001334
8294 CNOT18_21 8301 0.989107
8294 CNOT18_21 8270 0.001556
8294 CNOT18_21 8304 0.001556
8294 CNOT18_21 8272 0.001556
8294 CNOT18_21 8303 0.001556
8294 CNOT18_21 8273 0.001556
8294 CNOT18_21 8302 0.001556
8294 CNOT18_21 8271 0.001556
8294 MEAS18 8281 0.451100
8294 MEAS18 8282 0.048900
8294 MEAS18 8283 0.430500
8294 MEAS18 8284 0.069500
8294 X15 8299 0.999731
8294 X15 8294 0.000090
8294 X15 8295 0.000090
8294 X15 8298 0.000090
8295 CNOT18_15 8273 0.990660
8295 CNOT18_15 8303 0.001334
8295 CNOT18_15 8272 0.001334
8295 CNOT18_15 8304 0.001334
8295 CNOT18_15 8270 0.001334
8295 CNOT18_15 8301 0.001334
8295 CNOT18_15 8271 0.001334
8295 CNOT18_15 8302 0.001334
8295 CNOT18_21 8302 0.989107
8295 CNOT18_21 8272 0.001556
8295 CNOT18_21 8303 0.001556
8295 CNOT18_21 8270 0.001556
8295 CNOT18_21 8304 0.001556
8295 CNOT18_21 8271 0.001556
8295 CNOT18_21 8301 0.001556
8295 CNOT18_21 8273 0.001556
8295 MEAS18 8281 0.451100
8295 MEAS18 8282 0.048900
8295 MEAS18 8283 0.430500
8295 MEAS18 8284 0.069500
8295 X15 8298 0.999731
8295 X15 8295 0.000090
8295 X15 8294 0.000090
8295 X15 8299 0.000090
8296 CNOT18_15 8302 0.990660
8296 CNOT18_15 8272 0.001334
8296 CNOT18_15 8303 0.001334
8296 CNOT18_15 8270 0.001334
8296 CNOT18_15 8304 0.001334
8296 CNOT18_15 8271 0.001334
8296 CNOT18_15 8301 0.001334
8296 CNOT18_15 8273 0.001334
8296 CNOT18_21 8273 0.989107
8296 CNOT18_21 8303 0.001556
8296 CNOT18_21 8272 0.001556
8296 CNOT18_21 8304 0.001556
8296 CNOT18_21 8270 0.001556
8296 CNOT18_21 8301 0.001556
8296 CNOT18_21 8271 0.001556
8296 CNOT18_21 8302 0.001556
8296 MEAS18 8285 0.451100
8296 MEAS18 8286 0.048900
8296 MEAS18 8287 0.430500
8296 MEAS18 8288 0.069500
8296 X15 8300 0.999731
8296 X15 8296 0.000090
8296 X15 8297 0.000090
8296 X15 8293 0.000090
8297 CNOT18_15 8301 0.990660
8297 CNOT18_15 8270 0.001334
8297 CNOT18_15 8304 0.001334
8297 CNOT18_15 8272 0.001334
8297 CNOT18_15 8303 0.001334
8297 CNOT18_15 8273 0.001334
8297 CNOT18_15 8302 0.001334
8297 CNOT18_15 8271 0.001334
8297 CNOT18_21 8271 0.989107
8297 CNOT18_21 8304 0.001556
8297 CNOT18_21 8270 0.001556
8297 CNOT18_21 8303 0.001556
8297 CNOT18_21 8272 0.001556
8297 CNOT18_21 8302 0.001556
8297 CNOT18_21 8273 0.001556
8297 CNOT18_21 8301 0.001556
8297 MEAS18 8285 0.451100
8297 MEAS18 8286 0.048900
8297 MEAS18 8287 0.430500
8297 MEAS18 8288 0.069500
8297 X15 8293 0.999731
8297 X15 8297 0.000090
8297 X15 8296 0.000090
8297 X15 8300 0.000090
8298 CNOT18_15 8303 0.990660
8298 CNOT18_15 8273 0.001334
8298 CNOT18_15 8302 0.001334
8298 CNOT18_15 8271 0.001334
8298 CNOT18_15 8301 0.001334
8298 CNOT18_15 8270 0.001334
8298 CNOT18_15 8304 0.001334
8298 CNOT18_15 8272 0.001334
8298 CNOT18_21 8303 0.989107
8298 CNOT18_21 8273 0.001556
8298 CNOT18_21 8302 0.001556
8298 CNOT18_21 8271 0.001556
8298 CNOT18_21 8301 0.001556
8298 CNOT18_21 8270 0.001556
8298 CNOT18_21 8304 0.001556
8298 CNOT18_21 8272 0.001556
8298 MEAS18 8289 0.451100
8298 MEAS18 8290 0.048900
8298 MEAS18 8291 0.430500
8298 MEAS18 8292 0.069500
8298 X15 8295 0.999731
8298 X15 8298 0.000090
8298 X15 8299 0.000090
8298 X15 8294 0.000090
8299 CNOT18_15 8304 0.990660
8299 CNOT18_15 8271 0.001334
8299 CNOT18_15 8301 0.001334
8299 CNOT18_15 8273 0.001334
8299 CNOT18_15 8302 0.001334
8299 CNOT18_15 8272 0.001334
8299 CNOT18_15 8303 0.001334
8299 CNOT18_15 8270 0.001334
8299 CNOT18_21 8304 0.989107
8299 CNOT18_21 8271 0.001556
8299 CNOT18_21 8301 0.001556
8299 CNOT18_21 8273 0.001556
8299 CNOT18_21 8302 0.001556
8299 CNOT18_21 8272 0.001556
8299 CNOT18_21 8303 0.001556
8299 CNOT18_21 8270 0.001556
8299 MEAS18 8289 0.451100
8299 MEAS18 8290 0.048900
8299 MEAS18 8291 0.430500
8299 MEAS18 8292 0.069500
8299 X15 8294 0.999731
8299 X15 8299 0.000090
8299 X15 8298 0.000090
8299 X15 8295 0.000090
8300 CNOT18_15 8272 0.990660
8300 CNOT18_15 8302 0.001334
8300 CNOT18_15 8273 0.001334
8300 CNOT18_15 8301 0.001334
8300 CNOT18_15 8271 0.001334
8300 CNOT18_15 8304 0.001334
8300 CNOT18_15 8270 0.001334
8300 CNOT18_15 8303 0.001334
8300 CNOT18_21 8272 0.989107
8300 CNOT18_21 8302 0.001556
8300 CNOT18_21 8273 0.001556
8300 CNOT18_21 8301 0.001556
8300 CNOT18_21 8271 0.001556
8300 CNOT18_21 8304 0.001556
8300 CNOT18_21 8270 0.001556
8300 CNOT18_21 8303 0.001556
8300 MEAS18 8257 0.451100
8300 MEAS18 8278 0.048900
8300 MEAS18 8279 0.430500
8300 MEAS18 8280 0.069500
8300 X15 8296 0.999731
8300 X15 8300 0.000090
8300 X15 8293 0.000090
8300 X15 8297 0.000090
8301 CNOT18_15 8297 0.990660
8301 CNOT18_15 8299 0.001334
8301 CNOT18_15 8298 0.001334
8301 CNOT18_15 8300 0.001334
8301 CNOT18_15 8293 0.001334
8301 CNOT18_15 8295 0.001334
8301 CNOT18_15 8294 0.001334
8301 CNOT18_15 8296 0.001334
8301 CNOT18_21 8294 0.989107
8301 CNOT18_21 8299 0.001556
8301 CNOT18_21 8298 0.001556
8301 CNOT18_21 8300 0.001556
8301 CNOT18_21 8293 0.001556
8301 CNOT18_21 8296 0.001556
8301 CNOT18_21 8297 0.001556
8301 CNOT18_21 8295 0.001556
8301 MEAS18 8301 0.861000
8301 MEAS18 8274 0.139000
8301 X15 8304 0.999731
8301 X15 8301 0.000090
8301 X15 8302 0.000090
8301 X15 8303 0.000090
8302 CNOT18_15 8296 0.990660
8302 CNOT18_15 8298 0.001334
8302 CNOT18_15 8299 0.001334
8302 CNOT18_15 8293 0.001334
8302 CNOT18_15 8300 0.001334
8302 CNOT18_15 8294 0.001334
8302 CNOT18_15 8295 0.001334
8302 CNOT18_15 8297 0.001334
8302 CNOT18_21 8295 0.989107
8302 CNOT18_21 8298 0.001556
8302 CNOT18_21 8299 0.001556
8302 CNOT18_21 8293 0.001556
8302 CNOT18_21 8300 0.001556
8302 CNOT18_21 8297 0.001556
8302 CNOT18_21 8296 0.001556
8302 CNOT18_21 8294 0.001556
8302 MEAS18 8302 0.861000
8302 MEAS18 8275 0.139000
8302 X15 8303 0.999731
8302 X15 8302 0.000090
8302 X15 8301 0.000090
8302 X15 8304 0.000090
8303 CNOT18_15 8298 0.990660
8303 CNOT18_15 8296 0.001334
8303 CNOT18_15 8297 0.001334
8303 CNOT18_15 8294 0.001334
8303 CNOT18_15 8295 0.001334
8303 CNOT18_15 8293 0.001334
8303 CNOT18_15 8300 0.001334
8303 CNOT18_15 8299 0.001334
8303 CNOT18_21 8298 0.989107
8303 CNOT18_21 8295 0.001556
8303 CNOT18_21 8294 0.001556
8303 CNOT18_21 8297 0.001556
8303 CNOT18_21 8296 0.001556
8303 CNOT18_21 8293 0.001556
8303 CNOT18_21 8300 0.001556
8303 CNOT18_21 8299 0.001556
8303 MEAS18 8303 0.861000
8303 MEAS18 8276 0.139000
8303 X15 8302 0.999731
8303 X15 8303 0.000090
8303 X15 8304 0.000090
8303 X15 8301 0.000090
8304 CNOT18_15 8299 0.990660
8304 CNOT18_15 8297 0.001334
8304 CNOT18_15 8296 0.001334
8304 CNOT18_15 8295 0.001334
8304 CNOT18_15 8294 0.001334
8304 CNOT18_15 8300 0.001334
8304 CNOT18_15 8293 0.001334
8304 CNOT18_15 8298 0.001334
8304 CNOT18_21 8299 0.989107
8304 CNOT18_21 8294 0.001556
8304 CNOT18_21 8295 0.001556
8304 CNOT18_21 8296 0.001556
8304 CNOT18_21 8297 0.001556
8304 CNOT18_21 8300 0.001556
8304 CNOT18_21 8293 0.001556
8304 CNOT18_21 8298 0.001556
8304 MEAS18 8304 0.861000
8304 MEAS18 8277 0.139000
8304 X15 8301 0.999731
8304 X15 8304 0.000090
8304 X15 8303 0.000090
8304 X15 8302 0.000090
ENDPOMDP
