BEGINPOMDP
INITIALSTATE: 1249
STATES: 1249,1250,1251,1252,1253,1254,1255,1256,1257,1258,1259,1260,1261,1262,1263,1264,1265,1266,1267,1268,1269,1270,1271,1272,1273,1274,1275,1276,1277,1278,1279,1280,1281,1282,1283,1284,1285,1286,1287,1288,1289,1290,1291,1292,1293,1294,1295,1296
TARGETV: 1250,1252,1254,1259,1260,1261,1262,1264,1268,1269,1285,1290,1291,1292,1295,1296
GAMMA: 1249:0,1250:0,1251:0,1252:0,1253:0,1254:0,1255:0,1256:0,1257:0,1258:0,1259:0,1260:0,1261:0,1262:1,1263:1,1264:1,1265:1,1266:0,1267:0,1268:0,1269:0,1270:1,1271:1,1272:0,1273:0,1274:1,1275:1,1276:0,1277:0,1278:1,1279:1,1280:0,1281:0,1282:1,1283:1,1284:0,1285:1,1286:1,1287:1,1288:1,1289:1,1290:1,1291:1,1292:1,1293:1,1294:1,1295:1,1296:1
BEGINACTIONS
CNOT0_2 Instruction.CNOT 2 0
CNOT0_1 Instruction.CNOT 1 0
MEAS0 Instruction.MEAS None 0
X2 Instruction.X None 2
ENDACTIONS
1249 INIT_ 1250 0.250000
1249 INIT_ 1251 0.250000
1249 INIT_ 1252 0.250000
1249 INIT_ 1253 0.250000
1249 CNOT0_2 1249 0.978325
1249 CNOT0_2 1276 0.007225
1249 CNOT0_2 1277 0.007225
1249 CNOT0_2 1284 0.007225
1249 CNOT0_1 1249 0.978829
1249 CNOT0_1 1280 0.007057
1249 CNOT0_1 1273 0.007057
1249 CNOT0_1 1284 0.007057
1249 MEAS0 1249 0.951000
1249 MEAS0 1270 0.049000
1249 X2 1277 0.999383
1249 X2 1249 0.000617
1250 CNOT0_2 1254 0.974713
1250 CNOT0_2 1255 0.003612
1250 CNOT0_2 1256 0.003612
1250 CNOT0_2 1257 0.003612
1250 CNOT0_2 1258 0.003612
1250 CNOT0_2 1259 0.003612
1250 CNOT0_2 1260 0.003612
1250 CNOT0_2 1261 0.003612
1250 CNOT0_1 1254 0.975301
1250 CNOT0_1 1258 0.003528
1250 CNOT0_1 1257 0.003528
1250 CNOT0_1 1256 0.003528
1250 CNOT0_1 1255 0.003528
1250 CNOT0_1 1259 0.003528
1250 CNOT0_1 1260 0.003528
1250 CNOT0_1 1261 0.003528
1250 MEAS0 1250 0.951000
1250 MEAS0 1262 0.049000
1250 X2 1251 0.999074
1250 X2 1250 0.000309
1250 X2 1252 0.000309
1250 X2 1253 0.000309
1251 CNOT0_2 1255 0.974713
1251 CNOT0_2 1254 0.003612
1251 CNOT0_2 1261 0.003612
1251 CNOT0_2 1259 0.003612
1251 CNOT0_2 1260 0.003612
1251 CNOT0_2 1257 0.003612
1251 CNOT0_2 1258 0.003612
1251 CNOT0_2 1256 0.003612
1251 CNOT0_1 1258 0.975301
1251 CNOT0_1 1254 0.003528
1251 CNOT0_1 1261 0.003528
1251 CNOT0_1 1259 0.003528
1251 CNOT0_1 1260 0.003528
1251 CNOT0_1 1256 0.003528
1251 CNOT0_1 1255 0.003528
1251 CNOT0_1 1257 0.003528
1251 MEAS0 1251 0.951000
1251 MEAS0 1263 0.049000
1251 X2 1250 0.999074
1251 X2 1251 0.000309
1251 X2 1253 0.000309
1251 X2 1252 0.000309
1252 CNOT0_2 1261 0.974713
1252 CNOT0_2 1256 0.003612
1252 CNOT0_2 1255 0.003612
1252 CNOT0_2 1258 0.003612
1252 CNOT0_2 1257 0.003612
1252 CNOT0_2 1260 0.003612
1252 CNOT0_2 1259 0.003612
1252 CNOT0_2 1254 0.003612
1252 CNOT0_1 1261 0.975301
1252 CNOT0_1 1257 0.003528
1252 CNOT0_1 1258 0.003528
1252 CNOT0_1 1255 0.003528
1252 CNOT0_1 1256 0.003528
1252 CNOT0_1 1260 0.003528
1252 CNOT0_1 1259 0.003528
1252 CNOT0_1 1254 0.003528
1252 MEAS0 1252 0.951000
1252 MEAS0 1264 0.049000
1252 X2 1253 0.999074
1252 X2 1252 0.000309
1252 X2 1250 0.000309
1252 X2 1251 0.000309
1253 CNOT0_2 1256 0.974713
1253 CNOT0_2 1261 0.003612
1253 CNOT0_2 1254 0.003612
1253 CNOT0_2 1260 0.003612
1253 CNOT0_2 1259 0.003612
1253 CNOT0_2 1258 0.003612
1253 CNOT0_2 1257 0.003612
1253 CNOT0_2 1255 0.003612
1253 CNOT0_1 1257 0.975301
1253 CNOT0_1 1261 0.003528
1253 CNOT0_1 1254 0.003528
1253 CNOT0_1 1260 0.003528
1253 CNOT0_1 1259 0.003528
1253 CNOT0_1 1255 0.003528
1253 CNOT0_1 1256 0.003528
1253 CNOT0_1 1258 0.003528
1253 MEAS0 1253 0.951000
1253 MEAS0 1265 0.049000
1253 X2 1252 0.999074
1253 X2 1253 0.000309
1253 X2 1251 0.000309
1253 X2 1250 0.000309
1254 CNOT0_2 1250 0.974713
1254 CNOT0_2 1266 0.003612
1254 CNOT0_2 1251 0.003612
1254 CNOT0_2 1267 0.003612
1254 CNOT0_2 1253 0.003612
1254 CNOT0_2 1268 0.003612
1254 CNOT0_2 1252 0.003612
1254 CNOT0_2 1269 0.003612
1254 CNOT0_1 1250 0.975301
1254 CNOT0_1 1266 0.003528
1254 CNOT0_1 1251 0.003528
1254 CNOT0_1 1267 0.003528
1254 CNOT0_1 1253 0.003528
1254 CNOT0_1 1268 0.003528
1254 CNOT0_1 1252 0.003528
1254 CNOT0_1 1269 0.003528
1254 MEAS0 1249 0.475500
1254 MEAS0 1270 0.024500
1254 MEAS0 1271 0.461200
1254 MEAS0 1272 0.038800
1254 X2 1258 0.999074
1254 X2 1254 0.000309
1254 X2 1261 0.000309
1254 X2 1257 0.000309
1255 CNOT0_2 1251 0.974713
1255 CNOT0_2 1269 0.003612
1255 CNOT0_2 1250 0.003612
1255 CNOT0_2 1268 0.003612
1255 CNOT0_2 1252 0.003612
1255 CNOT0_2 1267 0.003612
1255 CNOT0_2 1253 0.003612
1255 CNOT0_2 1266 0.003612
1255 CNOT0_1 1266 0.975301
1255 CNOT0_1 1250 0.003528
1255 CNOT0_1 1269 0.003528
1255 CNOT0_1 1252 0.003528
1255 CNOT0_1 1268 0.003528
1255 CNOT0_1 1253 0.003528
1255 CNOT0_1 1267 0.003528
1255 CNOT0_1 1251 0.003528
1255 MEAS0 1273 0.475500
1255 MEAS0 1274 0.024500
1255 MEAS0 1275 0.461200
1255 MEAS0 1276 0.038800
1255 X2 1260 0.999074
1255 X2 1255 0.000309
1255 X2 1256 0.000309
1255 X2 1259 0.000309
1256 CNOT0_2 1253 0.974713
1256 CNOT0_2 1268 0.003612
1256 CNOT0_2 1252 0.003612
1256 CNOT0_2 1269 0.003612
1256 CNOT0_2 1250 0.003612
1256 CNOT0_2 1266 0.003612
1256 CNOT0_2 1251 0.003612
1256 CNOT0_2 1267 0.003612
1256 CNOT0_1 1267 0.975301
1256 CNOT0_1 1252 0.003528
1256 CNOT0_1 1268 0.003528
1256 CNOT0_1 1250 0.003528
1256 CNOT0_1 1269 0.003528
1256 CNOT0_1 1251 0.003528
1256 CNOT0_1 1266 0.003528
1256 CNOT0_1 1253 0.003528
1256 MEAS0 1273 0.475500
1256 MEAS0 1274 0.024500
1256 MEAS0 1275 0.461200
1256 MEAS0 1276 0.038800
1256 X2 1259 0.999074
1256 X2 1256 0.000309
1256 X2 1255 0.000309
1256 X2 1260 0.000309
1257 CNOT0_2 1267 0.974713
1257 CNOT0_2 1252 0.003612
1257 CNOT0_2 1268 0.003612
1257 CNOT0_2 1250 0.003612
1257 CNOT0_2 1269 0.003612
1257 CNOT0_2 1251 0.003612
1257 CNOT0_2 1266 0.003612
1257 CNOT0_2 1253 0.003612
1257 CNOT0_1 1253 0.975301
1257 CNOT0_1 1268 0.003528
1257 CNOT0_1 1252 0.003528
1257 CNOT0_1 1269 0.003528
1257 CNOT0_1 1250 0.003528
1257 CNOT0_1 1266 0.003528
1257 CNOT0_1 1251 0.003528
1257 CNOT0_1 1267 0.003528
1257 MEAS0 1277 0.475500
1257 MEAS0 1278 0.024500
1257 MEAS0 1279 0.461200
1257 MEAS0 1280 0.038800
1257 X2 1261 0.999074
1257 X2 1257 0.000309
1257 X2 1258 0.000309
1257 X2 1254 0.000309
1258 CNOT0_2 1266 0.974713
1258 CNOT0_2 1250 0.003612
1258 CNOT0_2 1269 0.003612
1258 CNOT0_2 1252 0.003612
1258 CNOT0_2 1268 0.003612
1258 CNOT0_2 1253 0.003612
1258 CNOT0_2 1267 0.003612
1258 CNOT0_2 1251 0.003612
1258 CNOT0_1 1251 0.975301
1258 CNOT0_1 1269 0.003528
1258 CNOT0_1 1250 0.003528
1258 CNOT0_1 1268 0.003528
1258 CNOT0_1 1252 0.003528
1258 CNOT0_1 1267 0.003528
1258 CNOT0_1 1253 0.003528
1258 CNOT0_1 1266 0.003528
1258 MEAS0 1277 0.475500
1258 MEAS0 1278 0.024500
1258 MEAS0 1279 0.461200
1258 MEAS0 1280 0.038800
1258 X2 1254 0.999074
1258 X2 1258 0.000309
1258 X2 1257 0.000309
1258 X2 1261 0.000309
1259 CNOT0_2 1268 0.974713
1259 CNOT0_2 1253 0.003612
1259 CNOT0_2 1267 0.003612
1259 CNOT0_2 1251 0.003612
1259 CNOT0_2 1266 0.003612
1259 CNOT0_2 1250 0.003612
1259 CNOT0_2 1269 0.003612
1259 CNOT0_2 1252 0.003612
1259 CNOT0_1 1268 0.975301
1259 CNOT0_1 1253 0.003528
1259 CNOT0_1 1267 0.003528
1259 CNOT0_1 1251 0.003528
1259 CNOT0_1 1266 0.003528
1259 CNOT0_1 1250 0.003528
1259 CNOT0_1 1269 0.003528
1259 CNOT0_1 1252 0.003528
1259 MEAS0 1281 0.475500
1259 MEAS0 1282 0.024500
1259 MEAS0 1283 0.461200
1259 MEAS0 1284 0.038800
1259 X2 1256 0.999074
1259 X2 1259 0.000309
1259 X2 1260 0.000309
1259 X2 1255 0.000309
1260 CNOT0_2 1269 0.974713
1260 CNOT0_2 1251 0.003612
1260 CNOT0_2 1266 0.003612
1260 CNOT0_2 1253 0.003612
1260 CNOT0_2 1267 0.003612
1260 CNOT0_2 1252 0.003612
1260 CNOT0_2 1268 0.003612
1260 CNOT0_2 1250 0.003612
1260 CNOT0_1 1269 0.975301
1260 CNOT0_1 1251 0.003528
1260 CNOT0_1 1266 0.003528
1260 CNOT0_1 1253 0.003528
1260 CNOT0_1 1267 0.003528
1260 CNOT0_1 1252 0.003528
1260 CNOT0_1 1268 0.003528
1260 CNOT0_1 1250 0.003528
1260 MEAS0 1281 0.475500
1260 MEAS0 1282 0.024500
1260 MEAS0 1283 0.461200
1260 MEAS0 1284 0.038800
1260 X2 1255 0.999074
1260 X2 1260 0.000309
1260 X2 1259 0.000309
1260 X2 1256 0.000309
1261 CNOT0_2 1252 0.974713
1261 CNOT0_2 1267 0.003612
1261 CNOT0_2 1253 0.003612
1261 CNOT0_2 1266 0.003612
1261 CNOT0_2 1251 0.003612
1261 CNOT0_2 1269 0.003612
1261 CNOT0_2 1250 0.003612
1261 CNOT0_2 1268 0.003612
1261 CNOT0_1 1252 0.975301
1261 CNOT0_1 1267 0.003528
1261 CNOT0_1 1253 0.003528
1261 CNOT0_1 1266 0.003528
1261 CNOT0_1 1251 0.003528
1261 CNOT0_1 1269 0.003528
1261 CNOT0_1 1250 0.003528
1261 CNOT0_1 1268 0.003528
1261 MEAS0 1249 0.475500
1261 MEAS0 1270 0.024500
1261 MEAS0 1271 0.461200
1261 MEAS0 1272 0.038800
1261 X2 1257 0.999074
1261 X2 1261 0.000309
1261 X2 1254 0.000309
1261 X2 1258 0.000309
1262 CNOT0_2 1285 0.974713
1262 CNOT0_2 1286 0.003612
1262 CNOT0_2 1287 0.003612
1262 CNOT0_2 1288 0.003612
1262 CNOT0_2 1289 0.003612
1262 CNOT0_2 1290 0.003612
1262 CNOT0_2 1291 0.003612
1262 CNOT0_2 1292 0.003612
1262 CNOT0_1 1285 0.975301
1262 CNOT0_1 1289 0.003528
1262 CNOT0_1 1288 0.003528
1262 CNOT0_1 1287 0.003528
1262 CNOT0_1 1286 0.003528
1262 CNOT0_1 1290 0.003528
1262 CNOT0_1 1291 0.003528
1262 CNOT0_1 1292 0.003528
1262 MEAS0 1250 0.951000
1262 MEAS0 1262 0.049000
1262 X2 1263 0.999074
1262 X2 1262 0.000309
1262 X2 1264 0.000309
1262 X2 1265 0.000309
1263 CNOT0_2 1286 0.974713
1263 CNOT0_2 1285 0.003612
1263 CNOT0_2 1292 0.003612
1263 CNOT0_2 1290 0.003612
1263 CNOT0_2 1291 0.003612
1263 CNOT0_2 1288 0.003612
1263 CNOT0_2 1289 0.003612
1263 CNOT0_2 1287 0.003612
1263 CNOT0_1 1289 0.975301
1263 CNOT0_1 1285 0.003528
1263 CNOT0_1 1292 0.003528
1263 CNOT0_1 1290 0.003528
1263 CNOT0_1 1291 0.003528
1263 CNOT0_1 1287 0.003528
1263 CNOT0_1 1286 0.003528
1263 CNOT0_1 1288 0.003528
1263 MEAS0 1251 0.951000
1263 MEAS0 1263 0.049000
1263 X2 1262 0.999074
1263 X2 1263 0.000309
1263 X2 1265 0.000309
1263 X2 1264 0.000309
1264 CNOT0_2 1292 0.974713
1264 CNOT0_2 1287 0.003612
1264 CNOT0_2 1286 0.003612
1264 CNOT0_2 1289 0.003612
1264 CNOT0_2 1288 0.003612
1264 CNOT0_2 1291 0.003612
1264 CNOT0_2 1290 0.003612
1264 CNOT0_2 1285 0.003612
1264 CNOT0_1 1292 0.975301
1264 CNOT0_1 1288 0.003528
1264 CNOT0_1 1289 0.003528
1264 CNOT0_1 1286 0.003528
1264 CNOT0_1 1287 0.003528
1264 CNOT0_1 1291 0.003528
1264 CNOT0_1 1290 0.003528
1264 CNOT0_1 1285 0.003528
1264 MEAS0 1252 0.951000
1264 MEAS0 1264 0.049000
1264 X2 1265 0.999074
1264 X2 1264 0.000309
1264 X2 1262 0.000309
1264 X2 1263 0.000309
1265 CNOT0_2 1287 0.974713
1265 CNOT0_2 1292 0.003612
1265 CNOT0_2 1285 0.003612
1265 CNOT0_2 1291 0.003612
1265 CNOT0_2 1290 0.003612
1265 CNOT0_2 1289 0.003612
1265 CNOT0_2 1288 0.003612
1265 CNOT0_2 1286 0.003612
1265 CNOT0_1 1288 0.975301
1265 CNOT0_1 1292 0.003528
1265 CNOT0_1 1285 0.003528
1265 CNOT0_1 1291 0.003528
1265 CNOT0_1 1290 0.003528
1265 CNOT0_1 1286 0.003528
1265 CNOT0_1 1287 0.003528
1265 CNOT0_1 1289 0.003528
1265 MEAS0 1253 0.951000
1265 MEAS0 1265 0.049000
1265 X2 1264 0.999074
1265 X2 1265 0.000309
1265 X2 1263 0.000309
1265 X2 1262 0.000309
1266 CNOT0_2 1258 0.974713
1266 CNOT0_2 1260 0.003612
1266 CNOT0_2 1259 0.003612
1266 CNOT0_2 1261 0.003612
1266 CNOT0_2 1254 0.003612
1266 CNOT0_2 1256 0.003612
1266 CNOT0_2 1255 0.003612
1266 CNOT0_2 1257 0.003612
1266 CNOT0_1 1255 0.975301
1266 CNOT0_1 1260 0.003528
1266 CNOT0_1 1259 0.003528
1266 CNOT0_1 1261 0.003528
1266 CNOT0_1 1254 0.003528
1266 CNOT0_1 1257 0.003528
1266 CNOT0_1 1258 0.003528
1266 CNOT0_1 1256 0.003528
1266 MEAS0 1293 0.922400
1266 MEAS0 1266 0.077600
1266 X2 1269 0.999074
1266 X2 1266 0.000309
1266 X2 1267 0.000309
1266 X2 1268 0.000309
1267 CNOT0_2 1257 0.974713
1267 CNOT0_2 1259 0.003612
1267 CNOT0_2 1260 0.003612
1267 CNOT0_2 1254 0.003612
1267 CNOT0_2 1261 0.003612
1267 CNOT0_2 1255 0.003612
1267 CNOT0_2 1256 0.003612
1267 CNOT0_2 1258 0.003612
1267 CNOT0_1 1256 0.975301
1267 CNOT0_1 1259 0.003528
1267 CNOT0_1 1260 0.003528
1267 CNOT0_1 1254 0.003528
1267 CNOT0_1 1261 0.003528
1267 CNOT0_1 1258 0.003528
1267 CNOT0_1 1257 0.003528
1267 CNOT0_1 1255 0.003528
1267 MEAS0 1294 0.922400
1267 MEAS0 1267 0.077600
1267 X2 1268 0.999074
1267 X2 1267 0.000309
1267 X2 1266 0.000309
1267 X2 1269 0.000309
1268 CNOT0_2 1259 0.974713
1268 CNOT0_2 1257 0.003612
1268 CNOT0_2 1258 0.003612
1268 CNOT0_2 1255 0.003612
1268 CNOT0_2 1256 0.003612
1268 CNOT0_2 1254 0.003612
1268 CNOT0_2 1261 0.003612
1268 CNOT0_2 1260 0.003612
1268 CNOT0_1 1259 0.975301
1268 CNOT0_1 1256 0.003528
1268 CNOT0_1 1255 0.003528
1268 CNOT0_1 1258 0.003528
1268 CNOT0_1 1257 0.003528
1268 CNOT0_1 1254 0.003528
1268 CNOT0_1 1261 0.003528
1268 CNOT0_1 1260 0.003528
1268 MEAS0 1295 0.922400
1268 MEAS0 1268 0.077600
1268 X2 1267 0.999074
1268 X2 1268 0.000309
1268 X2 1269 0.000309
1268 X2 1266 0.000309
1269 CNOT0_2 1260 0.974713
1269 CNOT0_2 1258 0.003612
1269 CNOT0_2 1257 0.003612
1269 CNOT0_2 1256 0.003612
1269 CNOT0_2 1255 0.003612
1269 CNOT0_2 1261 0.003612
1269 CNOT0_2 1254 0.003612
1269 CNOT0_2 1259 0.003612
1269 CNOT0_1 1260 0.975301
1269 CNOT0_1 1255 0.003528
1269 CNOT0_1 1256 0.003528
1269 CNOT0_1 1257 0.003528
1269 CNOT0_1 1258 0.003528
1269 CNOT0_1 1261 0.003528
1269 CNOT0_1 1254 0.003528
1269 CNOT0_1 1259 0.003528
1269 MEAS0 1296 0.922400
1269 MEAS0 1269 0.077600
1269 X2 1266 0.999074
1269 X2 1269 0.000309
1269 X2 1268 0.000309
1269 X2 1267 0.000309
1270 CNOT0_2 1270 0.978325
1270 CNOT0_2 1275 0.007225
1270 CNOT0_2 1278 0.007225
1270 CNOT0_2 1283 0.007225
1270 CNOT0_1 1270 0.978829
1270 CNOT0_1 1279 0.007057
1270 CNOT0_1 1274 0.007057
1270 CNOT0_1 1283 0.007057
1270 MEAS0 1249 0.951000
1270 MEAS0 1270 0.049000
1270 X2 1278 0.999383
1270 X2 1270 0.000617
1271 CNOT0_2 1282 0.978325
1271 CNOT0_2 1279 0.007225
1271 CNOT0_2 1274 0.007225
1271 CNOT0_2 1271 0.007225
1271 CNOT0_1 1282 0.978829
1271 CNOT0_1 1275 0.007057
1271 CNOT0_1 1278 0.007057
1271 CNOT0_1 1271 0.007057
1271 MEAS0 1271 0.922400
1271 MEAS0 1272 0.077600
1271 X2 1279 0.999383
1271 X2 1271 0.000617
1272 CNOT0_2 1281 0.978325
1272 CNOT0_2 1280 0.007225
1272 CNOT0_2 1273 0.007225
1272 CNOT0_2 1272 0.007225
1272 CNOT0_1 1281 0.978829
1272 CNOT0_1 1276 0.007057
1272 CNOT0_1 1277 0.007057
1272 CNOT0_1 1272 0.007057
1272 MEAS0 1271 0.922400
1272 MEAS0 1272 0.077600
1272 X2 1280 0.999383
1272 X2 1272 0.000617
1273 CNOT0_2 1273 0.978325
1273 CNOT0_2 1272 0.007225
1273 CNOT0_2 1281 0.007225
1273 CNOT0_2 1280 0.007225
1273 CNOT0_1 1280 0.978829
1273 CNOT0_1 1249 0.007057
1273 CNOT0_1 1284 0.007057
1273 CNOT0_1 1273 0.007057
1273 MEAS0 1273 0.951000
1273 MEAS0 1274 0.049000
1273 X2 1281 0.999383
1273 X2 1273 0.000617
1274 CNOT0_2 1274 0.978325
1274 CNOT0_2 1271 0.007225
1274 CNOT0_2 1282 0.007225
1274 CNOT0_2 1279 0.007225
1274 CNOT0_1 1279 0.978829
1274 CNOT0_1 1270 0.007057
1274 CNOT0_1 1283 0.007057
1274 CNOT0_1 1274 0.007057
1274 MEAS0 1273 0.951000
1274 MEAS0 1274 0.049000
1274 X2 1282 0.999383
1274 X2 1274 0.000617
1275 CNOT0_2 1278 0.978325
1275 CNOT0_2 1283 0.007225
1275 CNOT0_2 1270 0.007225
1275 CNOT0_2 1275 0.007225
1275 CNOT0_1 1275 0.978829
1275 CNOT0_1 1282 0.007057
1275 CNOT0_1 1271 0.007057
1275 CNOT0_1 1278 0.007057
1275 MEAS0 1275 0.922400
1275 MEAS0 1276 0.077600
1275 X2 1283 0.999383
1275 X2 1275 0.000617
1276 CNOT0_2 1277 0.978325
1276 CNOT0_2 1284 0.007225
1276 CNOT0_2 1249 0.007225
1276 CNOT0_2 1276 0.007225
1276 CNOT0_1 1276 0.978829
1276 CNOT0_1 1281 0.007057
1276 CNOT0_1 1272 0.007057
1276 CNOT0_1 1277 0.007057
1276 MEAS0 1275 0.922400
1276 MEAS0 1276 0.077600
1276 X2 1284 0.999383
1276 X2 1276 0.000617
1277 CNOT0_2 1276 0.978325
1277 CNOT0_2 1249 0.007225
1277 CNOT0_2 1284 0.007225
1277 CNOT0_2 1277 0.007225
1277 CNOT0_1 1277 0.978829
1277 CNOT0_1 1272 0.007057
1277 CNOT0_1 1281 0.007057
1277 CNOT0_1 1276 0.007057
1277 MEAS0 1277 0.951000
1277 MEAS0 1278 0.049000
1277 X2 1249 0.999383
1277 X2 1277 0.000617
1278 CNOT0_2 1275 0.978325
1278 CNOT0_2 1270 0.007225
1278 CNOT0_2 1283 0.007225
1278 CNOT0_2 1278 0.007225
1278 CNOT0_1 1278 0.978829
1278 CNOT0_1 1271 0.007057
1278 CNOT0_1 1282 0.007057
1278 CNOT0_1 1275 0.007057
1278 MEAS0 1277 0.951000
1278 MEAS0 1278 0.049000
1278 X2 1270 0.999383
1278 X2 1278 0.000617
1279 CNOT0_2 1279 0.978325
1279 CNOT0_2 1282 0.007225
1279 CNOT0_2 1271 0.007225
1279 CNOT0_2 1274 0.007225
1279 CNOT0_1 1274 0.978829
1279 CNOT0_1 1283 0.007057
1279 CNOT0_1 1270 0.007057
1279 CNOT0_1 1279 0.007057
1279 MEAS0 1279 0.922400
1279 MEAS0 1280 0.077600
1279 X2 1271 0.999383
1279 X2 1279 0.000617
1280 CNOT0_2 1280 0.978325
1280 CNOT0_2 1281 0.007225
1280 CNOT0_2 1272 0.007225
1280 CNOT0_2 1273 0.007225
1280 CNOT0_1 1273 0.978829
1280 CNOT0_1 1284 0.007057
1280 CNOT0_1 1249 0.007057
1280 CNOT0_1 1280 0.007057
1280 MEAS0 1279 0.922400
1280 MEAS0 1280 0.077600
1280 X2 1272 0.999383
1280 X2 1280 0.000617
1281 CNOT0_2 1272 0.978325
1281 CNOT0_2 1273 0.007225
1281 CNOT0_2 1280 0.007225
1281 CNOT0_2 1281 0.007225
1281 CNOT0_1 1272 0.978829
1281 CNOT0_1 1277 0.007057
1281 CNOT0_1 1276 0.007057
1281 CNOT0_1 1281 0.007057
1281 MEAS0 1281 0.951000
1281 MEAS0 1282 0.049000
1281 X2 1273 0.999383
1281 X2 1281 0.000617
1282 CNOT0_2 1271 0.978325
1282 CNOT0_2 1274 0.007225
1282 CNOT0_2 1279 0.007225
1282 CNOT0_2 1282 0.007225
1282 CNOT0_1 1271 0.978829
1282 CNOT0_1 1278 0.007057
1282 CNOT0_1 1275 0.007057
1282 CNOT0_1 1282 0.007057
1282 MEAS0 1281 0.951000
1282 MEAS0 1282 0.049000
1282 X2 1274 0.999383
1282 X2 1282 0.000617
1283 CNOT0_2 1283 0.978325
1283 CNOT0_2 1278 0.007225
1283 CNOT0_2 1275 0.007225
1283 CNOT0_2 1270 0.007225
1283 CNOT0_1 1283 0.978829
1283 CNOT0_1 1274 0.007057
1283 CNOT0_1 1279 0.007057
1283 CNOT0_1 1270 0.007057
1283 MEAS0 1283 0.922400
1283 MEAS0 1284 0.077600
1283 X2 1275 0.999383
1283 X2 1283 0.000617
1284 CNOT0_2 1284 0.978325
1284 CNOT0_2 1277 0.007225
1284 CNOT0_2 1276 0.007225
1284 CNOT0_2 1249 0.007225
1284 CNOT0_1 1284 0.978829
1284 CNOT0_1 1273 0.007057
1284 CNOT0_1 1280 0.007057
1284 CNOT0_1 1249 0.007057
1284 MEAS0 1283 0.922400
1284 MEAS0 1284 0.077600
1284 X2 1276 0.999383
1284 X2 1284 0.000617
1285 CNOT0_2 1262 0.974713
1285 CNOT0_2 1293 0.003612
1285 CNOT0_2 1263 0.003612
1285 CNOT0_2 1294 0.003612
1285 CNOT0_2 1265 0.003612
1285 CNOT0_2 1295 0.003612
1285 CNOT0_2 1264 0.003612
1285 CNOT0_2 1296 0.003612
1285 CNOT0_1 1262 0.975301
1285 CNOT0_1 1293 0.003528
1285 CNOT0_1 1263 0.003528
1285 CNOT0_1 1294 0.003528
1285 CNOT0_1 1265 0.003528
1285 CNOT0_1 1295 0.003528
1285 CNOT0_1 1264 0.003528
1285 CNOT0_1 1296 0.003528
1285 MEAS0 1249 0.475500
1285 MEAS0 1270 0.024500
1285 MEAS0 1271 0.461200
1285 MEAS0 1272 0.038800
1285 X2 1289 0.999074
1285 X2 1285 0.000309
1285 X2 1292 0.000309
1285 X2 1288 0.000309
1286 CNOT0_2 1263 0.974713
1286 CNOT0_2 1296 0.003612
1286 CNOT0_2 1262 0.003612
1286 CNOT0_2 1295 0.003612
1286 CNOT0_2 1264 0.003612
1286 CNOT0_2 1294 0.003612
1286 CNOT0_2 1265 0.003612
1286 CNOT0_2 1293 0.003612
1286 CNOT0_1 1293 0.975301
1286 CNOT0_1 1262 0.003528
1286 CNOT0_1 1296 0.003528
1286 CNOT0_1 1264 0.003528
1286 CNOT0_1 1295 0.003528
1286 CNOT0_1 1265 0.003528
1286 CNOT0_1 1294 0.003528
1286 CNOT0_1 1263 0.003528
1286 MEAS0 1273 0.475500
1286 MEAS0 1274 0.024500
1286 MEAS0 1275 0.461200
1286 MEAS0 1276 0.038800
1286 X2 1291 0.999074
1286 X2 1286 0.000309
1286 X2 1287 0.000309
1286 X2 1290 0.000309
1287 CNOT0_2 1265 0.974713
1287 CNOT0_2 1295 0.003612
1287 CNOT0_2 1264 0.003612
1287 CNOT0_2 1296 0.003612
1287 CNOT0_2 1262 0.003612
1287 CNOT0_2 1293 0.003612
1287 CNOT0_2 1263 0.003612
1287 CNOT0_2 1294 0.003612
1287 CNOT0_1 1294 0.975301
1287 CNOT0_1 1264 0.003528
1287 CNOT0_1 1295 0.003528
1287 CNOT0_1 1262 0.003528
1287 CNOT0_1 1296 0.003528
1287 CNOT0_1 1263 0.003528
1287 CNOT0_1 1293 0.003528
1287 CNOT0_1 1265 0.003528
1287 MEAS0 1273 0.475500
1287 MEAS0 1274 0.024500
1287 MEAS0 1275 0.461200
1287 MEAS0 1276 0.038800
1287 X2 1290 0.999074
1287 X2 1287 0.000309
1287 X2 1286 0.000309
1287 X2 1291 0.000309
1288 CNOT0_2 1294 0.974713
1288 CNOT0_2 1264 0.003612
1288 CNOT0_2 1295 0.003612
1288 CNOT0_2 1262 0.003612
1288 CNOT0_2 1296 0.003612
1288 CNOT0_2 1263 0.003612
1288 CNOT0_2 1293 0.003612
1288 CNOT0_2 1265 0.003612
1288 CNOT0_1 1265 0.975301
1288 CNOT0_1 1295 0.003528
1288 CNOT0_1 1264 0.003528
1288 CNOT0_1 1296 0.003528
1288 CNOT0_1 1262 0.003528
1288 CNOT0_1 1293 0.003528
1288 CNOT0_1 1263 0.003528
1288 CNOT0_1 1294 0.003528
1288 MEAS0 1277 0.475500
1288 MEAS0 1278 0.024500
1288 MEAS0 1279 0.461200
1288 MEAS0 1280 0.038800
1288 X2 1292 0.999074
1288 X2 1288 0.000309
1288 X2 1289 0.000309
1288 X2 1285 0.000309
1289 CNOT0_2 1293 0.974713
1289 CNOT0_2 1262 0.003612
1289 CNOT0_2 1296 0.003612
1289 CNOT0_2 1264 0.003612
1289 CNOT0_2 1295 0.003612
1289 CNOT0_2 1265 0.003612
1289 CNOT0_2 1294 0.003612
1289 CNOT0_2 1263 0.003612
1289 CNOT0_1 1263 0.975301
1289 CNOT0_1 1296 0.003528
1289 CNOT0_1 1262 0.003528
1289 CNOT0_1 1295 0.003528
1289 CNOT0_1 1264 0.003528
1289 CNOT0_1 1294 0.003528
1289 CNOT0_1 1265 0.003528
1289 CNOT0_1 1293 0.003528
1289 MEAS0 1277 0.475500
1289 MEAS0 1278 0.024500
1289 MEAS0 1279 0.461200
1289 MEAS0 1280 0.038800
1289 X2 1285 0.999074
1289 X2 1289 0.000309
1289 X2 1288 0.000309
1289 X2 1292 0.000309
1290 CNOT0_2 1295 0.974713
1290 CNOT0_2 1265 0.003612
1290 CNOT0_2 1294 0.003612
1290 CNOT0_2 1263 0.003612
1290 CNOT0_2 1293 0.003612
1290 CNOT0_2 1262 0.003612
1290 CNOT0_2 1296 0.003612
1290 CNOT0_2 1264 0.003612
1290 CNOT0_1 1295 0.975301
1290 CNOT0_1 1265 0.003528
1290 CNOT0_1 1294 0.003528
1290 CNOT0_1 1263 0.003528
1290 CNOT0_1 1293 0.003528
1290 CNOT0_1 1262 0.003528
1290 CNOT0_1 1296 0.003528
1290 CNOT0_1 1264 0.003528
1290 MEAS0 1281 0.475500
1290 MEAS0 1282 0.024500
1290 MEAS0 1283 0.461200
1290 MEAS0 1284 0.038800
1290 X2 1287 0.999074
1290 X2 1290 0.000309
1290 X2 1291 0.000309
1290 X2 1286 0.000309
1291 CNOT0_2 1296 0.974713
1291 CNOT0_2 1263 0.003612
1291 CNOT0_2 1293 0.003612
1291 CNOT0_2 1265 0.003612
1291 CNOT0_2 1294 0.003612
1291 CNOT0_2 1264 0.003612
1291 CNOT0_2 1295 0.003612
1291 CNOT0_2 1262 0.003612
1291 CNOT0_1 1296 0.975301
1291 CNOT0_1 1263 0.003528
1291 CNOT0_1 1293 0.003528
1291 CNOT0_1 1265 0.003528
1291 CNOT0_1 1294 0.003528
1291 CNOT0_1 1264 0.003528
1291 CNOT0_1 1295 0.003528
1291 CNOT0_1 1262 0.003528
1291 MEAS0 1281 0.475500
1291 MEAS0 1282 0.024500
1291 MEAS0 1283 0.461200
1291 MEAS0 1284 0.038800
1291 X2 1286 0.999074
1291 X2 1291 0.000309
1291 X2 1290 0.000309
1291 X2 1287 0.000309
1292 CNOT0_2 1264 0.974713
1292 CNOT0_2 1294 0.003612
1292 CNOT0_2 1265 0.003612
1292 CNOT0_2 1293 0.003612
1292 CNOT0_2 1263 0.003612
1292 CNOT0_2 1296 0.003612
1292 CNOT0_2 1262 0.003612
1292 CNOT0_2 1295 0.003612
1292 CNOT0_1 1264 0.975301
1292 CNOT0_1 1294 0.003528
1292 CNOT0_1 1265 0.003528
1292 CNOT0_1 1293 0.003528
1292 CNOT0_1 1263 0.003528
1292 CNOT0_1 1296 0.003528
1292 CNOT0_1 1262 0.003528
1292 CNOT0_1 1295 0.003528
1292 MEAS0 1249 0.475500
1292 MEAS0 1270 0.024500
1292 MEAS0 1271 0.461200
1292 MEAS0 1272 0.038800
1292 X2 1288 0.999074
1292 X2 1292 0.000309
1292 X2 1285 0.000309
1292 X2 1289 0.000309
1293 CNOT0_2 1289 0.974713
1293 CNOT0_2 1291 0.003612
1293 CNOT0_2 1290 0.003612
1293 CNOT0_2 1292 0.003612
1293 CNOT0_2 1285 0.003612
1293 CNOT0_2 1287 0.003612
1293 CNOT0_2 1286 0.003612
1293 CNOT0_2 1288 0.003612
1293 CNOT0_1 1286 0.975301
1293 CNOT0_1 1291 0.003528
1293 CNOT0_1 1290 0.003528
1293 CNOT0_1 1292 0.003528
1293 CNOT0_1 1285 0.003528
1293 CNOT0_1 1288 0.003528
1293 CNOT0_1 1289 0.003528
1293 CNOT0_1 1287 0.003528
1293 MEAS0 1293 0.922400
1293 MEAS0 1266 0.077600
1293 X2 1296 0.999074
1293 X2 1293 0.000309
1293 X2 1294 0.000309
1293 X2 1295 0.000309
1294 CNOT0_2 1288 0.974713
1294 CNOT0_2 1290 0.003612
1294 CNOT0_2 1291 0.003612
1294 CNOT0_2 1285 0.003612
1294 CNOT0_2 1292 0.003612
1294 CNOT0_2 1286 0.003612
1294 CNOT0_2 1287 0.003612
1294 CNOT0_2 1289 0.003612
1294 CNOT0_1 1287 0.975301
1294 CNOT0_1 1290 0.003528
1294 CNOT0_1 1291 0.003528
1294 CNOT0_1 1285 0.003528
1294 CNOT0_1 1292 0.003528
1294 CNOT0_1 1289 0.003528
1294 CNOT0_1 1288 0.003528
1294 CNOT0_1 1286 0.003528
1294 MEAS0 1294 0.922400
1294 MEAS0 1267 0.077600
1294 X2 1295 0.999074
1294 X2 1294 0.000309
1294 X2 1293 0.000309
1294 X2 1296 0.000309
1295 CNOT0_2 1290 0.974713
1295 CNOT0_2 1288 0.003612
1295 CNOT0_2 1289 0.003612
1295 CNOT0_2 1286 0.003612
1295 CNOT0_2 1287 0.003612
1295 CNOT0_2 1285 0.003612
1295 CNOT0_2 1292 0.003612
1295 CNOT0_2 1291 0.003612
1295 CNOT0_1 1290 0.975301
1295 CNOT0_1 1287 0.003528
1295 CNOT0_1 1286 0.003528
1295 CNOT0_1 1289 0.003528
1295 CNOT0_1 1288 0.003528
1295 CNOT0_1 1285 0.003528
1295 CNOT0_1 1292 0.003528
1295 CNOT0_1 1291 0.003528
1295 MEAS0 1295 0.922400
1295 MEAS0 1268 0.077600
1295 X2 1294 0.999074
1295 X2 1295 0.000309
1295 X2 1296 0.000309
1295 X2 1293 0.000309
1296 CNOT0_2 1291 0.974713
1296 CNOT0_2 1289 0.003612
1296 CNOT0_2 1288 0.003612
1296 CNOT0_2 1287 0.003612
1296 CNOT0_2 1286 0.003612
1296 CNOT0_2 1292 0.003612
1296 CNOT0_2 1285 0.003612
1296 CNOT0_2 1290 0.003612
1296 CNOT0_1 1291 0.975301
1296 CNOT0_1 1286 0.003528
1296 CNOT0_1 1287 0.003528
1296 CNOT0_1 1288 0.003528
1296 CNOT0_1 1289 0.003528
1296 CNOT0_1 1292 0.003528
1296 CNOT0_1 1285 0.003528
1296 CNOT0_1 1290 0.003528
1296 MEAS0 1296 0.922400
1296 MEAS0 1269 0.077600
1296 X2 1293 0.999074
1296 X2 1296 0.000309
1296 X2 1295 0.000309
1296 X2 1294 0.000309
ENDPOMDP
