BEGINPOMDP
INITIALSTATE: 5185
STATES: 5185,5186,5187,5188,5189,5190,5191,5192,5193,5194,5195,5196,5197,5198,5199,5200,5201,5202,5203,5204,5205,5206,5207,5208,5209,5210,5211,5212,5213,5214,5215,5216,5217,5218,5219,5220,5221,5222,5223,5224,5225,5226,5227,5228,5229,5230,5231,5232
TARGETV: 5186,5188,5190,5195,5196,5197,5198,5200,5204,5205,5221,5226,5227,5228,5231,5232
GAMMA: 5185:0,5186:0,5187:0,5188:0,5189:0,5190:0,5191:0,5192:0,5193:0,5194:0,5195:0,5196:0,5197:0,5198:1,5199:1,5200:1,5201:1,5202:0,5203:0,5204:0,5205:0,5206:1,5207:1,5208:0,5209:0,5210:1,5211:1,5212:0,5213:0,5214:1,5215:1,5216:0,5217:0,5218:1,5219:1,5220:0,5221:1,5222:1,5223:1,5224:1,5225:1,5226:1,5227:1,5228:1,5229:1,5230:1,5231:1,5232:1
BEGINACTIONS
CNOT7_6 Instruction.CNOT 6 7
CNOT7_12 Instruction.CNOT 12 7
MEAS7 Instruction.MEAS None 7
X6 Instruction.X None 6
ENDACTIONS
5185 INIT_ 5186 0.250000
5185 INIT_ 5187 0.250000
5185 INIT_ 5188 0.250000
5185 INIT_ 5189 0.250000
5185 CNOT7_6 5185 0.958366
5185 CNOT7_6 5212 0.013878
5185 CNOT7_6 5213 0.013878
5185 CNOT7_6 5220 0.013878
5185 CNOT7_12 5185 0.973573
5185 CNOT7_12 5216 0.008809
5185 CNOT7_12 5209 0.008809
5185 CNOT7_12 5220 0.008809
5185 MEAS7 5185 0.990200
5185 MEAS7 5206 0.009800
5185 X6 5213 0.997391
5185 X6 5185 0.002609
5186 CNOT7_6 5190 0.951427
5186 CNOT7_6 5191 0.006939
5186 CNOT7_6 5192 0.006939
5186 CNOT7_6 5193 0.006939
5186 CNOT7_6 5194 0.006939
5186 CNOT7_6 5195 0.006939
5186 CNOT7_6 5196 0.006939
5186 CNOT7_6 5197 0.006939
5186 CNOT7_12 5190 0.969169
5186 CNOT7_12 5194 0.004404
5186 CNOT7_12 5193 0.004404
5186 CNOT7_12 5192 0.004404
5186 CNOT7_12 5191 0.004404
5186 CNOT7_12 5195 0.004404
5186 CNOT7_12 5196 0.004404
5186 CNOT7_12 5197 0.004404
5186 MEAS7 5186 0.990200
5186 MEAS7 5198 0.009800
5186 X6 5187 0.996087
5186 X6 5186 0.001304
5186 X6 5188 0.001304
5186 X6 5189 0.001304
5187 CNOT7_6 5191 0.951427
5187 CNOT7_6 5190 0.006939
5187 CNOT7_6 5197 0.006939
5187 CNOT7_6 5195 0.006939
5187 CNOT7_6 5196 0.006939
5187 CNOT7_6 5193 0.006939
5187 CNOT7_6 5194 0.006939
5187 CNOT7_6 5192 0.006939
5187 CNOT7_12 5194 0.969169
5187 CNOT7_12 5190 0.004404
5187 CNOT7_12 5197 0.004404
5187 CNOT7_12 5195 0.004404
5187 CNOT7_12 5196 0.004404
5187 CNOT7_12 5192 0.004404
5187 CNOT7_12 5191 0.004404
5187 CNOT7_12 5193 0.004404
5187 MEAS7 5187 0.990200
5187 MEAS7 5199 0.009800
5187 X6 5186 0.996087
5187 X6 5187 0.001304
5187 X6 5189 0.001304
5187 X6 5188 0.001304
5188 CNOT7_6 5197 0.951427
5188 CNOT7_6 5192 0.006939
5188 CNOT7_6 5191 0.006939
5188 CNOT7_6 5194 0.006939
5188 CNOT7_6 5193 0.006939
5188 CNOT7_6 5196 0.006939
5188 CNOT7_6 5195 0.006939
5188 CNOT7_6 5190 0.006939
5188 CNOT7_12 5197 0.969169
5188 CNOT7_12 5193 0.004404
5188 CNOT7_12 5194 0.004404
5188 CNOT7_12 5191 0.004404
5188 CNOT7_12 5192 0.004404
5188 CNOT7_12 5196 0.004404
5188 CNOT7_12 5195 0.004404
5188 CNOT7_12 5190 0.004404
5188 MEAS7 5188 0.990200
5188 MEAS7 5200 0.009800
5188 X6 5189 0.996087
5188 X6 5188 0.001304
5188 X6 5186 0.001304
5188 X6 5187 0.001304
5189 CNOT7_6 5192 0.951427
5189 CNOT7_6 5197 0.006939
5189 CNOT7_6 5190 0.006939
5189 CNOT7_6 5196 0.006939
5189 CNOT7_6 5195 0.006939
5189 CNOT7_6 5194 0.006939
5189 CNOT7_6 5193 0.006939
5189 CNOT7_6 5191 0.006939
5189 CNOT7_12 5193 0.969169
5189 CNOT7_12 5197 0.004404
5189 CNOT7_12 5190 0.004404
5189 CNOT7_12 5196 0.004404
5189 CNOT7_12 5195 0.004404
5189 CNOT7_12 5191 0.004404
5189 CNOT7_12 5192 0.004404
5189 CNOT7_12 5194 0.004404
5189 MEAS7 5189 0.990200
5189 MEAS7 5201 0.009800
5189 X6 5188 0.996087
5189 X6 5189 0.001304
5189 X6 5187 0.001304
5189 X6 5186 0.001304
5190 CNOT7_6 5186 0.951427
5190 CNOT7_6 5202 0.006939
5190 CNOT7_6 5187 0.006939
5190 CNOT7_6 5203 0.006939
5190 CNOT7_6 5189 0.006939
5190 CNOT7_6 5204 0.006939
5190 CNOT7_6 5188 0.006939
5190 CNOT7_6 5205 0.006939
5190 CNOT7_12 5186 0.969169
5190 CNOT7_12 5202 0.004404
5190 CNOT7_12 5187 0.004404
5190 CNOT7_12 5203 0.004404
5190 CNOT7_12 5189 0.004404
5190 CNOT7_12 5204 0.004404
5190 CNOT7_12 5188 0.004404
5190 CNOT7_12 5205 0.004404
5190 MEAS7 5185 0.495100
5190 MEAS7 5206 0.004900
5190 MEAS7 5207 0.487400
5190 MEAS7 5208 0.012600
5190 X6 5194 0.996087
5190 X6 5190 0.001304
5190 X6 5197 0.001304
5190 X6 5193 0.001304
5191 CNOT7_6 5187 0.951427
5191 CNOT7_6 5205 0.006939
5191 CNOT7_6 5186 0.006939
5191 CNOT7_6 5204 0.006939
5191 CNOT7_6 5188 0.006939
5191 CNOT7_6 5203 0.006939
5191 CNOT7_6 5189 0.006939
5191 CNOT7_6 5202 0.006939
5191 CNOT7_12 5202 0.969169
5191 CNOT7_12 5186 0.004404
5191 CNOT7_12 5205 0.004404
5191 CNOT7_12 5188 0.004404
5191 CNOT7_12 5204 0.004404
5191 CNOT7_12 5189 0.004404
5191 CNOT7_12 5203 0.004404
5191 CNOT7_12 5187 0.004404
5191 MEAS7 5209 0.495100
5191 MEAS7 5210 0.004900
5191 MEAS7 5211 0.487400
5191 MEAS7 5212 0.012600
5191 X6 5196 0.996087
5191 X6 5191 0.001304
5191 X6 5192 0.001304
5191 X6 5195 0.001304
5192 CNOT7_6 5189 0.951427
5192 CNOT7_6 5204 0.006939
5192 CNOT7_6 5188 0.006939
5192 CNOT7_6 5205 0.006939
5192 CNOT7_6 5186 0.006939
5192 CNOT7_6 5202 0.006939
5192 CNOT7_6 5187 0.006939
5192 CNOT7_6 5203 0.006939
5192 CNOT7_12 5203 0.969169
5192 CNOT7_12 5188 0.004404
5192 CNOT7_12 5204 0.004404
5192 CNOT7_12 5186 0.004404
5192 CNOT7_12 5205 0.004404
5192 CNOT7_12 5187 0.004404
5192 CNOT7_12 5202 0.004404
5192 CNOT7_12 5189 0.004404
5192 MEAS7 5209 0.495100
5192 MEAS7 5210 0.004900
5192 MEAS7 5211 0.487400
5192 MEAS7 5212 0.012600
5192 X6 5195 0.996087
5192 X6 5192 0.001304
5192 X6 5191 0.001304
5192 X6 5196 0.001304
5193 CNOT7_6 5203 0.951427
5193 CNOT7_6 5188 0.006939
5193 CNOT7_6 5204 0.006939
5193 CNOT7_6 5186 0.006939
5193 CNOT7_6 5205 0.006939
5193 CNOT7_6 5187 0.006939
5193 CNOT7_6 5202 0.006939
5193 CNOT7_6 5189 0.006939
5193 CNOT7_12 5189 0.969169
5193 CNOT7_12 5204 0.004404
5193 CNOT7_12 5188 0.004404
5193 CNOT7_12 5205 0.004404
5193 CNOT7_12 5186 0.004404
5193 CNOT7_12 5202 0.004404
5193 CNOT7_12 5187 0.004404
5193 CNOT7_12 5203 0.004404
5193 MEAS7 5213 0.495100
5193 MEAS7 5214 0.004900
5193 MEAS7 5215 0.487400
5193 MEAS7 5216 0.012600
5193 X6 5197 0.996087
5193 X6 5193 0.001304
5193 X6 5194 0.001304
5193 X6 5190 0.001304
5194 CNOT7_6 5202 0.951427
5194 CNOT7_6 5186 0.006939
5194 CNOT7_6 5205 0.006939
5194 CNOT7_6 5188 0.006939
5194 CNOT7_6 5204 0.006939
5194 CNOT7_6 5189 0.006939
5194 CNOT7_6 5203 0.006939
5194 CNOT7_6 5187 0.006939
5194 CNOT7_12 5187 0.969169
5194 CNOT7_12 5205 0.004404
5194 CNOT7_12 5186 0.004404
5194 CNOT7_12 5204 0.004404
5194 CNOT7_12 5188 0.004404
5194 CNOT7_12 5203 0.004404
5194 CNOT7_12 5189 0.004404
5194 CNOT7_12 5202 0.004404
5194 MEAS7 5213 0.495100
5194 MEAS7 5214 0.004900
5194 MEAS7 5215 0.487400
5194 MEAS7 5216 0.012600
5194 X6 5190 0.996087
5194 X6 5194 0.001304
5194 X6 5193 0.001304
5194 X6 5197 0.001304
5195 CNOT7_6 5204 0.951427
5195 CNOT7_6 5189 0.006939
5195 CNOT7_6 5203 0.006939
5195 CNOT7_6 5187 0.006939
5195 CNOT7_6 5202 0.006939
5195 CNOT7_6 5186 0.006939
5195 CNOT7_6 5205 0.006939
5195 CNOT7_6 5188 0.006939
5195 CNOT7_12 5204 0.969169
5195 CNOT7_12 5189 0.004404
5195 CNOT7_12 5203 0.004404
5195 CNOT7_12 5187 0.004404
5195 CNOT7_12 5202 0.004404
5195 CNOT7_12 5186 0.004404
5195 CNOT7_12 5205 0.004404
5195 CNOT7_12 5188 0.004404
5195 MEAS7 5217 0.495100
5195 MEAS7 5218 0.004900
5195 MEAS7 5219 0.487400
5195 MEAS7 5220 0.012600
5195 X6 5192 0.996087
5195 X6 5195 0.001304
5195 X6 5196 0.001304
5195 X6 5191 0.001304
5196 CNOT7_6 5205 0.951427
5196 CNOT7_6 5187 0.006939
5196 CNOT7_6 5202 0.006939
5196 CNOT7_6 5189 0.006939
5196 CNOT7_6 5203 0.006939
5196 CNOT7_6 5188 0.006939
5196 CNOT7_6 5204 0.006939
5196 CNOT7_6 5186 0.006939
5196 CNOT7_12 5205 0.969169
5196 CNOT7_12 5187 0.004404
5196 CNOT7_12 5202 0.004404
5196 CNOT7_12 5189 0.004404
5196 CNOT7_12 5203 0.004404
5196 CNOT7_12 5188 0.004404
5196 CNOT7_12 5204 0.004404
5196 CNOT7_12 5186 0.004404
5196 MEAS7 5217 0.495100
5196 MEAS7 5218 0.004900
5196 MEAS7 5219 0.487400
5196 MEAS7 5220 0.012600
5196 X6 5191 0.996087
5196 X6 5196 0.001304
5196 X6 5195 0.001304
5196 X6 5192 0.001304
5197 CNOT7_6 5188 0.951427
5197 CNOT7_6 5203 0.006939
5197 CNOT7_6 5189 0.006939
5197 CNOT7_6 5202 0.006939
5197 CNOT7_6 5187 0.006939
5197 CNOT7_6 5205 0.006939
5197 CNOT7_6 5186 0.006939
5197 CNOT7_6 5204 0.006939
5197 CNOT7_12 5188 0.969169
5197 CNOT7_12 5203 0.004404
5197 CNOT7_12 5189 0.004404
5197 CNOT7_12 5202 0.004404
5197 CNOT7_12 5187 0.004404
5197 CNOT7_12 5205 0.004404
5197 CNOT7_12 5186 0.004404
5197 CNOT7_12 5204 0.004404
5197 MEAS7 5185 0.495100
5197 MEAS7 5206 0.004900
5197 MEAS7 5207 0.487400
5197 MEAS7 5208 0.012600
5197 X6 5193 0.996087
5197 X6 5197 0.001304
5197 X6 5190 0.001304
5197 X6 5194 0.001304
5198 CNOT7_6 5221 0.951427
5198 CNOT7_6 5222 0.006939
5198 CNOT7_6 5223 0.006939
5198 CNOT7_6 5224 0.006939
5198 CNOT7_6 5225 0.006939
5198 CNOT7_6 5226 0.006939
5198 CNOT7_6 5227 0.006939
5198 CNOT7_6 5228 0.006939
5198 CNOT7_12 5221 0.969169
5198 CNOT7_12 5225 0.004404
5198 CNOT7_12 5224 0.004404
5198 CNOT7_12 5223 0.004404
5198 CNOT7_12 5222 0.004404
5198 CNOT7_12 5226 0.004404
5198 CNOT7_12 5227 0.004404
5198 CNOT7_12 5228 0.004404
5198 MEAS7 5186 0.990200
5198 MEAS7 5198 0.009800
5198 X6 5199 0.996087
5198 X6 5198 0.001304
5198 X6 5200 0.001304
5198 X6 5201 0.001304
5199 CNOT7_6 5222 0.951427
5199 CNOT7_6 5221 0.006939
5199 CNOT7_6 5228 0.006939
5199 CNOT7_6 5226 0.006939
5199 CNOT7_6 5227 0.006939
5199 CNOT7_6 5224 0.006939
5199 CNOT7_6 5225 0.006939
5199 CNOT7_6 5223 0.006939
5199 CNOT7_12 5225 0.969169
5199 CNOT7_12 5221 0.004404
5199 CNOT7_12 5228 0.004404
5199 CNOT7_12 5226 0.004404
5199 CNOT7_12 5227 0.004404
5199 CNOT7_12 5223 0.004404
5199 CNOT7_12 5222 0.004404
5199 CNOT7_12 5224 0.004404
5199 MEAS7 5187 0.990200
5199 MEAS7 5199 0.009800
5199 X6 5198 0.996087
5199 X6 5199 0.001304
5199 X6 5201 0.001304
5199 X6 5200 0.001304
5200 CNOT7_6 5228 0.951427
5200 CNOT7_6 5223 0.006939
5200 CNOT7_6 5222 0.006939
5200 CNOT7_6 5225 0.006939
5200 CNOT7_6 5224 0.006939
5200 CNOT7_6 5227 0.006939
5200 CNOT7_6 5226 0.006939
5200 CNOT7_6 5221 0.006939
5200 CNOT7_12 5228 0.969169
5200 CNOT7_12 5224 0.004404
5200 CNOT7_12 5225 0.004404
5200 CNOT7_12 5222 0.004404
5200 CNOT7_12 5223 0.004404
5200 CNOT7_12 5227 0.004404
5200 CNOT7_12 5226 0.004404
5200 CNOT7_12 5221 0.004404
5200 MEAS7 5188 0.990200
5200 MEAS7 5200 0.009800
5200 X6 5201 0.996087
5200 X6 5200 0.001304
5200 X6 5198 0.001304
5200 X6 5199 0.001304
5201 CNOT7_6 5223 0.951427
5201 CNOT7_6 5228 0.006939
5201 CNOT7_6 5221 0.006939
5201 CNOT7_6 5227 0.006939
5201 CNOT7_6 5226 0.006939
5201 CNOT7_6 5225 0.006939
5201 CNOT7_6 5224 0.006939
5201 CNOT7_6 5222 0.006939
5201 CNOT7_12 5224 0.969169
5201 CNOT7_12 5228 0.004404
5201 CNOT7_12 5221 0.004404
5201 CNOT7_12 5227 0.004404
5201 CNOT7_12 5226 0.004404
5201 CNOT7_12 5222 0.004404
5201 CNOT7_12 5223 0.004404
5201 CNOT7_12 5225 0.004404
5201 MEAS7 5189 0.990200
5201 MEAS7 5201 0.009800
5201 X6 5200 0.996087
5201 X6 5201 0.001304
5201 X6 5199 0.001304
5201 X6 5198 0.001304
5202 CNOT7_6 5194 0.951427
5202 CNOT7_6 5196 0.006939
5202 CNOT7_6 5195 0.006939
5202 CNOT7_6 5197 0.006939
5202 CNOT7_6 5190 0.006939
5202 CNOT7_6 5192 0.006939
5202 CNOT7_6 5191 0.006939
5202 CNOT7_6 5193 0.006939
5202 CNOT7_12 5191 0.969169
5202 CNOT7_12 5196 0.004404
5202 CNOT7_12 5195 0.004404
5202 CNOT7_12 5197 0.004404
5202 CNOT7_12 5190 0.004404
5202 CNOT7_12 5193 0.004404
5202 CNOT7_12 5194 0.004404
5202 CNOT7_12 5192 0.004404
5202 MEAS7 5229 0.974800
5202 MEAS7 5202 0.025200
5202 X6 5205 0.996087
5202 X6 5202 0.001304
5202 X6 5203 0.001304
5202 X6 5204 0.001304
5203 CNOT7_6 5193 0.951427
5203 CNOT7_6 5195 0.006939
5203 CNOT7_6 5196 0.006939
5203 CNOT7_6 5190 0.006939
5203 CNOT7_6 5197 0.006939
5203 CNOT7_6 5191 0.006939
5203 CNOT7_6 5192 0.006939
5203 CNOT7_6 5194 0.006939
5203 CNOT7_12 5192 0.969169
5203 CNOT7_12 5195 0.004404
5203 CNOT7_12 5196 0.004404
5203 CNOT7_12 5190 0.004404
5203 CNOT7_12 5197 0.004404
5203 CNOT7_12 5194 0.004404
5203 CNOT7_12 5193 0.004404
5203 CNOT7_12 5191 0.004404
5203 MEAS7 5230 0.974800
5203 MEAS7 5203 0.025200
5203 X6 5204 0.996087
5203 X6 5203 0.001304
5203 X6 5202 0.001304
5203 X6 5205 0.001304
5204 CNOT7_6 5195 0.951427
5204 CNOT7_6 5193 0.006939
5204 CNOT7_6 5194 0.006939
5204 CNOT7_6 5191 0.006939
5204 CNOT7_6 5192 0.006939
5204 CNOT7_6 5190 0.006939
5204 CNOT7_6 5197 0.006939
5204 CNOT7_6 5196 0.006939
5204 CNOT7_12 5195 0.969169
5204 CNOT7_12 5192 0.004404
5204 CNOT7_12 5191 0.004404
5204 CNOT7_12 5194 0.004404
5204 CNOT7_12 5193 0.004404
5204 CNOT7_12 5190 0.004404
5204 CNOT7_12 5197 0.004404
5204 CNOT7_12 5196 0.004404
5204 MEAS7 5231 0.974800
5204 MEAS7 5204 0.025200
5204 X6 5203 0.996087
5204 X6 5204 0.001304
5204 X6 5205 0.001304
5204 X6 5202 0.001304
5205 CNOT7_6 5196 0.951427
5205 CNOT7_6 5194 0.006939
5205 CNOT7_6 5193 0.006939
5205 CNOT7_6 5192 0.006939
5205 CNOT7_6 5191 0.006939
5205 CNOT7_6 5197 0.006939
5205 CNOT7_6 5190 0.006939
5205 CNOT7_6 5195 0.006939
5205 CNOT7_12 5196 0.969169
5205 CNOT7_12 5191 0.004404
5205 CNOT7_12 5192 0.004404
5205 CNOT7_12 5193 0.004404
5205 CNOT7_12 5194 0.004404
5205 CNOT7_12 5197 0.004404
5205 CNOT7_12 5190 0.004404
5205 CNOT7_12 5195 0.004404
5205 MEAS7 5232 0.974800
5205 MEAS7 5205 0.025200
5205 X6 5202 0.996087
5205 X6 5205 0.001304
5205 X6 5204 0.001304
5205 X6 5203 0.001304
5206 CNOT7_6 5206 0.958366
5206 CNOT7_6 5211 0.013878
5206 CNOT7_6 5214 0.013878
5206 CNOT7_6 5219 0.013878
5206 CNOT7_12 5206 0.973573
5206 CNOT7_12 5215 0.008809
5206 CNOT7_12 5210 0.008809
5206 CNOT7_12 5219 0.008809
5206 MEAS7 5185 0.990200
5206 MEAS7 5206 0.009800
5206 X6 5214 0.997391
5206 X6 5206 0.002609
5207 CNOT7_6 5218 0.958366
5207 CNOT7_6 5215 0.013878
5207 CNOT7_6 5210 0.013878
5207 CNOT7_6 5207 0.013878
5207 CNOT7_12 5218 0.973573
5207 CNOT7_12 5211 0.008809
5207 CNOT7_12 5214 0.008809
5207 CNOT7_12 5207 0.008809
5207 MEAS7 5207 0.974800
5207 MEAS7 5208 0.025200
5207 X6 5215 0.997391
5207 X6 5207 0.002609
5208 CNOT7_6 5217 0.958366
5208 CNOT7_6 5216 0.013878
5208 CNOT7_6 5209 0.013878
5208 CNOT7_6 5208 0.013878
5208 CNOT7_12 5217 0.973573
5208 CNOT7_12 5212 0.008809
5208 CNOT7_12 5213 0.008809
5208 CNOT7_12 5208 0.008809
5208 MEAS7 5207 0.974800
5208 MEAS7 5208 0.025200
5208 X6 5216 0.997391
5208 X6 5208 0.002609
5209 CNOT7_6 5209 0.958366
5209 CNOT7_6 5208 0.013878
5209 CNOT7_6 5217 0.013878
5209 CNOT7_6 5216 0.013878
5209 CNOT7_12 5216 0.973573
5209 CNOT7_12 5185 0.008809
5209 CNOT7_12 5220 0.008809
5209 CNOT7_12 5209 0.008809
5209 MEAS7 5209 0.990200
5209 MEAS7 5210 0.009800
5209 X6 5217 0.997391
5209 X6 5209 0.002609
5210 CNOT7_6 5210 0.958366
5210 CNOT7_6 5207 0.013878
5210 CNOT7_6 5218 0.013878
5210 CNOT7_6 5215 0.013878
5210 CNOT7_12 5215 0.973573
5210 CNOT7_12 5206 0.008809
5210 CNOT7_12 5219 0.008809
5210 CNOT7_12 5210 0.008809
5210 MEAS7 5209 0.990200
5210 MEAS7 5210 0.009800
5210 X6 5218 0.997391
5210 X6 5210 0.002609
5211 CNOT7_6 5214 0.958366
5211 CNOT7_6 5219 0.013878
5211 CNOT7_6 5206 0.013878
5211 CNOT7_6 5211 0.013878
5211 CNOT7_12 5211 0.973573
5211 CNOT7_12 5218 0.008809
5211 CNOT7_12 5207 0.008809
5211 CNOT7_12 5214 0.008809
5211 MEAS7 5211 0.974800
5211 MEAS7 5212 0.025200
5211 X6 5219 0.997391
5211 X6 5211 0.002609
5212 CNOT7_6 5213 0.958366
5212 CNOT7_6 5220 0.013878
5212 CNOT7_6 5185 0.013878
5212 CNOT7_6 5212 0.013878
5212 CNOT7_12 5212 0.973573
5212 CNOT7_12 5217 0.008809
5212 CNOT7_12 5208 0.008809
5212 CNOT7_12 5213 0.008809
5212 MEAS7 5211 0.974800
5212 MEAS7 5212 0.025200
5212 X6 5220 0.997391
5212 X6 5212 0.002609
5213 CNOT7_6 5212 0.958366
5213 CNOT7_6 5185 0.013878
5213 CNOT7_6 5220 0.013878
5213 CNOT7_6 5213 0.013878
5213 CNOT7_12 5213 0.973573
5213 CNOT7_12 5208 0.008809
5213 CNOT7_12 5217 0.008809
5213 CNOT7_12 5212 0.008809
5213 MEAS7 5213 0.990200
5213 MEAS7 5214 0.009800
5213 X6 5185 0.997391
5213 X6 5213 0.002609
5214 CNOT7_6 5211 0.958366
5214 CNOT7_6 5206 0.013878
5214 CNOT7_6 5219 0.013878
5214 CNOT7_6 5214 0.013878
5214 CNOT7_12 5214 0.973573
5214 CNOT7_12 5207 0.008809
5214 CNOT7_12 5218 0.008809
5214 CNOT7_12 5211 0.008809
5214 MEAS7 5213 0.990200
5214 MEAS7 5214 0.009800
5214 X6 5206 0.997391
5214 X6 5214 0.002609
5215 CNOT7_6 5215 0.958366
5215 CNOT7_6 5218 0.013878
5215 CNOT7_6 5207 0.013878
5215 CNOT7_6 5210 0.013878
5215 CNOT7_12 5210 0.973573
5215 CNOT7_12 5219 0.008809
5215 CNOT7_12 5206 0.008809
5215 CNOT7_12 5215 0.008809
5215 MEAS7 5215 0.974800
5215 MEAS7 5216 0.025200
5215 X6 5207 0.997391
5215 X6 5215 0.002609
5216 CNOT7_6 5216 0.958366
5216 CNOT7_6 5217 0.013878
5216 CNOT7_6 5208 0.013878
5216 CNOT7_6 5209 0.013878
5216 CNOT7_12 5209 0.973573
5216 CNOT7_12 5220 0.008809
5216 CNOT7_12 5185 0.008809
5216 CNOT7_12 5216 0.008809
5216 MEAS7 5215 0.974800
5216 MEAS7 5216 0.025200
5216 X6 5208 0.997391
5216 X6 5216 0.002609
5217 CNOT7_6 5208 0.958366
5217 CNOT7_6 5209 0.013878
5217 CNOT7_6 5216 0.013878
5217 CNOT7_6 5217 0.013878
5217 CNOT7_12 5208 0.973573
5217 CNOT7_12 5213 0.008809
5217 CNOT7_12 5212 0.008809
5217 CNOT7_12 5217 0.008809
5217 MEAS7 5217 0.990200
5217 MEAS7 5218 0.009800
5217 X6 5209 0.997391
5217 X6 5217 0.002609
5218 CNOT7_6 5207 0.958366
5218 CNOT7_6 5210 0.013878
5218 CNOT7_6 5215 0.013878
5218 CNOT7_6 5218 0.013878
5218 CNOT7_12 5207 0.973573
5218 CNOT7_12 5214 0.008809
5218 CNOT7_12 5211 0.008809
5218 CNOT7_12 5218 0.008809
5218 MEAS7 5217 0.990200
5218 MEAS7 5218 0.009800
5218 X6 5210 0.997391
5218 X6 5218 0.002609
5219 CNOT7_6 5219 0.958366
5219 CNOT7_6 5214 0.013878
5219 CNOT7_6 5211 0.013878
5219 CNOT7_6 5206 0.013878
5219 CNOT7_12 5219 0.973573
5219 CNOT7_12 5210 0.008809
5219 CNOT7_12 5215 0.008809
5219 CNOT7_12 5206 0.008809
5219 MEAS7 5219 0.974800
5219 MEAS7 5220 0.025200
5219 X6 5211 0.997391
5219 X6 5219 0.002609
5220 CNOT7_6 5220 0.958366
5220 CNOT7_6 5213 0.013878
5220 CNOT7_6 5212 0.013878
5220 CNOT7_6 5185 0.013878
5220 CNOT7_12 5220 0.973573
5220 CNOT7_12 5209 0.008809
5220 CNOT7_12 5216 0.008809
5220 CNOT7_12 5185 0.008809
5220 MEAS7 5219 0.974800
5220 MEAS7 5220 0.025200
5220 X6 5212 0.997391
5220 X6 5220 0.002609
5221 CNOT7_6 5198 0.951427
5221 CNOT7_6 5229 0.006939
5221 CNOT7_6 5199 0.006939
5221 CNOT7_6 5230 0.006939
5221 CNOT7_6 5201 0.006939
5221 CNOT7_6 5231 0.006939
5221 CNOT7_6 5200 0.006939
5221 CNOT7_6 5232 0.006939
5221 CNOT7_12 5198 0.969169
5221 CNOT7_12 5229 0.004404
5221 CNOT7_12 5199 0.004404
5221 CNOT7_12 5230 0.004404
5221 CNOT7_12 5201 0.004404
5221 CNOT7_12 5231 0.004404
5221 CNOT7_12 5200 0.004404
5221 CNOT7_12 5232 0.004404
5221 MEAS7 5185 0.495100
5221 MEAS7 5206 0.004900
5221 MEAS7 5207 0.487400
5221 MEAS7 5208 0.012600
5221 X6 5225 0.996087
5221 X6 5221 0.001304
5221 X6 5228 0.001304
5221 X6 5224 0.001304
5222 CNOT7_6 5199 0.951427
5222 CNOT7_6 5232 0.006939
5222 CNOT7_6 5198 0.006939
5222 CNOT7_6 5231 0.006939
5222 CNOT7_6 5200 0.006939
5222 CNOT7_6 5230 0.006939
5222 CNOT7_6 5201 0.006939
5222 CNOT7_6 5229 0.006939
5222 CNOT7_12 5229 0.969169
5222 CNOT7_12 5198 0.004404
5222 CNOT7_12 5232 0.004404
5222 CNOT7_12 5200 0.004404
5222 CNOT7_12 5231 0.004404
5222 CNOT7_12 5201 0.004404
5222 CNOT7_12 5230 0.004404
5222 CNOT7_12 5199 0.004404
5222 MEAS7 5209 0.495100
5222 MEAS7 5210 0.004900
5222 MEAS7 5211 0.487400
5222 MEAS7 5212 0.012600
5222 X6 5227 0.996087
5222 X6 5222 0.001304
5222 X6 5223 0.001304
5222 X6 5226 0.001304
5223 CNOT7_6 5201 0.951427
5223 CNOT7_6 5231 0.006939
5223 CNOT7_6 5200 0.006939
5223 CNOT7_6 5232 0.006939
5223 CNOT7_6 5198 0.006939
5223 CNOT7_6 5229 0.006939
5223 CNOT7_6 5199 0.006939
5223 CNOT7_6 5230 0.006939
5223 CNOT7_12 5230 0.969169
5223 CNOT7_12 5200 0.004404
5223 CNOT7_12 5231 0.004404
5223 CNOT7_12 5198 0.004404
5223 CNOT7_12 5232 0.004404
5223 CNOT7_12 5199 0.004404
5223 CNOT7_12 5229 0.004404
5223 CNOT7_12 5201 0.004404
5223 MEAS7 5209 0.495100
5223 MEAS7 5210 0.004900
5223 MEAS7 5211 0.487400
5223 MEAS7 5212 0.012600
5223 X6 5226 0.996087
5223 X6 5223 0.001304
5223 X6 5222 0.001304
5223 X6 5227 0.001304
5224 CNOT7_6 5230 0.951427
5224 CNOT7_6 5200 0.006939
5224 CNOT7_6 5231 0.006939
5224 CNOT7_6 5198 0.006939
5224 CNOT7_6 5232 0.006939
5224 CNOT7_6 5199 0.006939
5224 CNOT7_6 5229 0.006939
5224 CNOT7_6 5201 0.006939
5224 CNOT7_12 5201 0.969169
5224 CNOT7_12 5231 0.004404
5224 CNOT7_12 5200 0.004404
5224 CNOT7_12 5232 0.004404
5224 CNOT7_12 5198 0.004404
5224 CNOT7_12 5229 0.004404
5224 CNOT7_12 5199 0.004404
5224 CNOT7_12 5230 0.004404
5224 MEAS7 5213 0.495100
5224 MEAS7 5214 0.004900
5224 MEAS7 5215 0.487400
5224 MEAS7 5216 0.012600
5224 X6 5228 0.996087
5224 X6 5224 0.001304
5224 X6 5225 0.001304
5224 X6 5221 0.001304
5225 CNOT7_6 5229 0.951427
5225 CNOT7_6 5198 0.006939
5225 CNOT7_6 5232 0.006939
5225 CNOT7_6 5200 0.006939
5225 CNOT7_6 5231 0.006939
5225 CNOT7_6 5201 0.006939
5225 CNOT7_6 5230 0.006939
5225 CNOT7_6 5199 0.006939
5225 CNOT7_12 5199 0.969169
5225 CNOT7_12 5232 0.004404
5225 CNOT7_12 5198 0.004404
5225 CNOT7_12 5231 0.004404
5225 CNOT7_12 5200 0.004404
5225 CNOT7_12 5230 0.004404
5225 CNOT7_12 5201 0.004404
5225 CNOT7_12 5229 0.004404
5225 MEAS7 5213 0.495100
5225 MEAS7 5214 0.004900
5225 MEAS7 5215 0.487400
5225 MEAS7 5216 0.012600
5225 X6 5221 0.996087
5225 X6 5225 0.001304
5225 X6 5224 0.001304
5225 X6 5228 0.001304
5226 CNOT7_6 5231 0.951427
5226 CNOT7_6 5201 0.006939
5226 CNOT7_6 5230 0.006939
5226 CNOT7_6 5199 0.006939
5226 CNOT7_6 5229 0.006939
5226 CNOT7_6 5198 0.006939
5226 CNOT7_6 5232 0.006939
5226 CNOT7_6 5200 0.006939
5226 CNOT7_12 5231 0.969169
5226 CNOT7_12 5201 0.004404
5226 CNOT7_12 5230 0.004404
5226 CNOT7_12 5199 0.004404
5226 CNOT7_12 5229 0.004404
5226 CNOT7_12 5198 0.004404
5226 CNOT7_12 5232 0.004404
5226 CNOT7_12 5200 0.004404
5226 MEAS7 5217 0.495100
5226 MEAS7 5218 0.004900
5226 MEAS7 5219 0.487400
5226 MEAS7 5220 0.012600
5226 X6 5223 0.996087
5226 X6 5226 0.001304
5226 X6 5227 0.001304
5226 X6 5222 0.001304
5227 CNOT7_6 5232 0.951427
5227 CNOT7_6 5199 0.006939
5227 CNOT7_6 5229 0.006939
5227 CNOT7_6 5201 0.006939
5227 CNOT7_6 5230 0.006939
5227 CNOT7_6 5200 0.006939
5227 CNOT7_6 5231 0.006939
5227 CNOT7_6 5198 0.006939
5227 CNOT7_12 5232 0.969169
5227 CNOT7_12 5199 0.004404
5227 CNOT7_12 5229 0.004404
5227 CNOT7_12 5201 0.004404
5227 CNOT7_12 5230 0.004404
5227 CNOT7_12 5200 0.004404
5227 CNOT7_12 5231 0.004404
5227 CNOT7_12 5198 0.004404
5227 MEAS7 5217 0.495100
5227 MEAS7 5218 0.004900
5227 MEAS7 5219 0.487400
5227 MEAS7 5220 0.012600
5227 X6 5222 0.996087
5227 X6 5227 0.001304
5227 X6 5226 0.001304
5227 X6 5223 0.001304
5228 CNOT7_6 5200 0.951427
5228 CNOT7_6 5230 0.006939
5228 CNOT7_6 5201 0.006939
5228 CNOT7_6 5229 0.006939
5228 CNOT7_6 5199 0.006939
5228 CNOT7_6 5232 0.006939
5228 CNOT7_6 5198 0.006939
5228 CNOT7_6 5231 0.006939
5228 CNOT7_12 5200 0.969169
5228 CNOT7_12 5230 0.004404
5228 CNOT7_12 5201 0.004404
5228 CNOT7_12 5229 0.004404
5228 CNOT7_12 5199 0.004404
5228 CNOT7_12 5232 0.004404
5228 CNOT7_12 5198 0.004404
5228 CNOT7_12 5231 0.004404
5228 MEAS7 5185 0.495100
5228 MEAS7 5206 0.004900
5228 MEAS7 5207 0.487400
5228 MEAS7 5208 0.012600
5228 X6 5224 0.996087
5228 X6 5228 0.001304
5228 X6 5221 0.001304
5228 X6 5225 0.001304
5229 CNOT7_6 5225 0.951427
5229 CNOT7_6 5227 0.006939
5229 CNOT7_6 5226 0.006939
5229 CNOT7_6 5228 0.006939
5229 CNOT7_6 5221 0.006939
5229 CNOT7_6 5223 0.006939
5229 CNOT7_6 5222 0.006939
5229 CNOT7_6 5224 0.006939
5229 CNOT7_12 5222 0.969169
5229 CNOT7_12 5227 0.004404
5229 CNOT7_12 5226 0.004404
5229 CNOT7_12 5228 0.004404
5229 CNOT7_12 5221 0.004404
5229 CNOT7_12 5224 0.004404
5229 CNOT7_12 5225 0.004404
5229 CNOT7_12 5223 0.004404
5229 MEAS7 5229 0.974800
5229 MEAS7 5202 0.025200
5229 X6 5232 0.996087
5229 X6 5229 0.001304
5229 X6 5230 0.001304
5229 X6 5231 0.001304
5230 CNOT7_6 5224 0.951427
5230 CNOT7_6 5226 0.006939
5230 CNOT7_6 5227 0.006939
5230 CNOT7_6 5221 0.006939
5230 CNOT7_6 5228 0.006939
5230 CNOT7_6 5222 0.006939
5230 CNOT7_6 5223 0.006939
5230 CNOT7_6 5225 0.006939
5230 CNOT7_12 5223 0.969169
5230 CNOT7_12 5226 0.004404
5230 CNOT7_12 5227 0.004404
5230 CNOT7_12 5221 0.004404
5230 CNOT7_12 5228 0.004404
5230 CNOT7_12 5225 0.004404
5230 CNOT7_12 5224 0.004404
5230 CNOT7_12 5222 0.004404
5230 MEAS7 5230 0.974800
5230 MEAS7 5203 0.025200
5230 X6 5231 0.996087
5230 X6 5230 0.001304
5230 X6 5229 0.001304
5230 X6 5232 0.001304
5231 CNOT7_6 5226 0.951427
5231 CNOT7_6 5224 0.006939
5231 CNOT7_6 5225 0.006939
5231 CNOT7_6 5222 0.006939
5231 CNOT7_6 5223 0.006939
5231 CNOT7_6 5221 0.006939
5231 CNOT7_6 5228 0.006939
5231 CNOT7_6 5227 0.006939
5231 CNOT7_12 5226 0.969169
5231 CNOT7_12 5223 0.004404
5231 CNOT7_12 5222 0.004404
5231 CNOT7_12 5225 0.004404
5231 CNOT7_12 5224 0.004404
5231 CNOT7_12 5221 0.004404
5231 CNOT7_12 5228 0.004404
5231 CNOT7_12 5227 0.004404
5231 MEAS7 5231 0.974800
5231 MEAS7 5204 0.025200
5231 X6 5230 0.996087
5231 X6 5231 0.001304
5231 X6 5232 0.001304
5231 X6 5229 0.001304
5232 CNOT7_6 5227 0.951427
5232 CNOT7_6 5225 0.006939
5232 CNOT7_6 5224 0.006939
5232 CNOT7_6 5223 0.006939
5232 CNOT7_6 5222 0.006939
5232 CNOT7_6 5228 0.006939
5232 CNOT7_6 5221 0.006939
5232 CNOT7_6 5226 0.006939
5232 CNOT7_12 5227 0.969169
5232 CNOT7_12 5222 0.004404
5232 CNOT7_12 5223 0.004404
5232 CNOT7_12 5224 0.004404
5232 CNOT7_12 5225 0.004404
5232 CNOT7_12 5228 0.004404
5232 CNOT7_12 5221 0.004404
5232 CNOT7_12 5226 0.004404
5232 MEAS7 5232 0.974800
5232 MEAS7 5205 0.025200
5232 X6 5229 0.996087
5232 X6 5232 0.001304
5232 X6 5231 0.001304
5232 X6 5230 0.001304
ENDPOMDP
