BEGINPOMDP
INITIALSTATE: 721
STATES: 721,722,723,724,725,726,727,728,729,730,731,732,733,734,735,736,737,738,739,740,741,742,743,744,745,746,747,748,749,750,751,752,753,754,755,756,757,758,759,760,761,762,763,764,765,766,767,768
TARGETV: 722,724,726,731,732,733,734,736,740,741,757,762,763,764,767,768
GAMMA: 721:0,722:0,723:0,724:0,725:0,726:0,727:0,728:0,729:0,730:0,731:0,732:0,733:0,734:1,735:1,736:1,737:1,738:0,739:0,740:0,741:0,742:1,743:1,744:0,745:0,746:1,747:1,748:0,749:0,750:1,751:1,752:0,753:0,754:1,755:1,756:0,757:1,758:1,759:1,760:1,761:1,762:1,763:1,764:1,765:1,766:1,767:1,768:1
BEGINACTIONS
CNOT2_1 Instruction.CNOT 1 2
CNOT2_3 Instruction.CNOT 3 2
MEAS2 Instruction.MEAS None 2
X1 Instruction.X None 1
ENDACTIONS
721 INIT_ 722 0.250000
721 INIT_ 723 0.250000
721 INIT_ 724 0.250000
721 INIT_ 725 0.250000
721 CNOT2_1 721 0.989250
721 CNOT2_1 748 0.003583
721 CNOT2_1 749 0.003583
721 CNOT2_1 756 0.003583
721 CNOT2_3 721 0.990575
721 CNOT2_3 752 0.003142
721 CNOT2_3 745 0.003142
721 CNOT2_3 756 0.003142
721 MEAS2 721 0.983400
721 MEAS2 742 0.016600
721 X1 749 0.999739
721 X1 721 0.000261
722 CNOT2_1 726 0.987458
722 CNOT2_1 727 0.001792
722 CNOT2_1 728 0.001792
722 CNOT2_1 729 0.001792
722 CNOT2_1 730 0.001792
722 CNOT2_1 731 0.001792
722 CNOT2_1 732 0.001792
722 CNOT2_1 733 0.001792
722 CNOT2_3 726 0.989005
722 CNOT2_3 730 0.001571
722 CNOT2_3 729 0.001571
722 CNOT2_3 728 0.001571
722 CNOT2_3 727 0.001571
722 CNOT2_3 731 0.001571
722 CNOT2_3 732 0.001571
722 CNOT2_3 733 0.001571
722 MEAS2 722 0.983400
722 MEAS2 734 0.016600
722 X1 723 0.999609
722 X1 722 0.000130
722 X1 724 0.000130
722 X1 725 0.000130
723 CNOT2_1 727 0.987458
723 CNOT2_1 726 0.001792
723 CNOT2_1 733 0.001792
723 CNOT2_1 731 0.001792
723 CNOT2_1 732 0.001792
723 CNOT2_1 729 0.001792
723 CNOT2_1 730 0.001792
723 CNOT2_1 728 0.001792
723 CNOT2_3 730 0.989005
723 CNOT2_3 726 0.001571
723 CNOT2_3 733 0.001571
723 CNOT2_3 731 0.001571
723 CNOT2_3 732 0.001571
723 CNOT2_3 728 0.001571
723 CNOT2_3 727 0.001571
723 CNOT2_3 729 0.001571
723 MEAS2 723 0.983400
723 MEAS2 735 0.016600
723 X1 722 0.999609
723 X1 723 0.000130
723 X1 725 0.000130
723 X1 724 0.000130
724 CNOT2_1 733 0.987458
724 CNOT2_1 728 0.001792
724 CNOT2_1 727 0.001792
724 CNOT2_1 730 0.001792
724 CNOT2_1 729 0.001792
724 CNOT2_1 732 0.001792
724 CNOT2_1 731 0.001792
724 CNOT2_1 726 0.001792
724 CNOT2_3 733 0.989005
724 CNOT2_3 729 0.001571
724 CNOT2_3 730 0.001571
724 CNOT2_3 727 0.001571
724 CNOT2_3 728 0.001571
724 CNOT2_3 732 0.001571
724 CNOT2_3 731 0.001571
724 CNOT2_3 726 0.001571
724 MEAS2 724 0.983400
724 MEAS2 736 0.016600
724 X1 725 0.999609
724 X1 724 0.000130
724 X1 722 0.000130
724 X1 723 0.000130
725 CNOT2_1 728 0.987458
725 CNOT2_1 733 0.001792
725 CNOT2_1 726 0.001792
725 CNOT2_1 732 0.001792
725 CNOT2_1 731 0.001792
725 CNOT2_1 730 0.001792
725 CNOT2_1 729 0.001792
725 CNOT2_1 727 0.001792
725 CNOT2_3 729 0.989005
725 CNOT2_3 733 0.001571
725 CNOT2_3 726 0.001571
725 CNOT2_3 732 0.001571
725 CNOT2_3 731 0.001571
725 CNOT2_3 727 0.001571
725 CNOT2_3 728 0.001571
725 CNOT2_3 730 0.001571
725 MEAS2 725 0.983400
725 MEAS2 737 0.016600
725 X1 724 0.999609
725 X1 725 0.000130
725 X1 723 0.000130
725 X1 722 0.000130
726 CNOT2_1 722 0.987458
726 CNOT2_1 738 0.001792
726 CNOT2_1 723 0.001792
726 CNOT2_1 739 0.001792
726 CNOT2_1 725 0.001792
726 CNOT2_1 740 0.001792
726 CNOT2_1 724 0.001792
726 CNOT2_1 741 0.001792
726 CNOT2_3 722 0.989005
726 CNOT2_3 738 0.001571
726 CNOT2_3 723 0.001571
726 CNOT2_3 739 0.001571
726 CNOT2_3 725 0.001571
726 CNOT2_3 740 0.001571
726 CNOT2_3 724 0.001571
726 CNOT2_3 741 0.001571
726 MEAS2 721 0.491700
726 MEAS2 742 0.008300
726 MEAS2 743 0.474300
726 MEAS2 744 0.025700
726 X1 730 0.999609
726 X1 726 0.000130
726 X1 733 0.000130
726 X1 729 0.000130
727 CNOT2_1 723 0.987458
727 CNOT2_1 741 0.001792
727 CNOT2_1 722 0.001792
727 CNOT2_1 740 0.001792
727 CNOT2_1 724 0.001792
727 CNOT2_1 739 0.001792
727 CNOT2_1 725 0.001792
727 CNOT2_1 738 0.001792
727 CNOT2_3 738 0.989005
727 CNOT2_3 722 0.001571
727 CNOT2_3 741 0.001571
727 CNOT2_3 724 0.001571
727 CNOT2_3 740 0.001571
727 CNOT2_3 725 0.001571
727 CNOT2_3 739 0.001571
727 CNOT2_3 723 0.001571
727 MEAS2 745 0.491700
727 MEAS2 746 0.008300
727 MEAS2 747 0.474300
727 MEAS2 748 0.025700
727 X1 732 0.999609
727 X1 727 0.000130
727 X1 728 0.000130
727 X1 731 0.000130
728 CNOT2_1 725 0.987458
728 CNOT2_1 740 0.001792
728 CNOT2_1 724 0.001792
728 CNOT2_1 741 0.001792
728 CNOT2_1 722 0.001792
728 CNOT2_1 738 0.001792
728 CNOT2_1 723 0.001792
728 CNOT2_1 739 0.001792
728 CNOT2_3 739 0.989005
728 CNOT2_3 724 0.001571
728 CNOT2_3 740 0.001571
728 CNOT2_3 722 0.001571
728 CNOT2_3 741 0.001571
728 CNOT2_3 723 0.001571
728 CNOT2_3 738 0.001571
728 CNOT2_3 725 0.001571
728 MEAS2 745 0.491700
728 MEAS2 746 0.008300
728 MEAS2 747 0.474300
728 MEAS2 748 0.025700
728 X1 731 0.999609
728 X1 728 0.000130
728 X1 727 0.000130
728 X1 732 0.000130
729 CNOT2_1 739 0.987458
729 CNOT2_1 724 0.001792
729 CNOT2_1 740 0.001792
729 CNOT2_1 722 0.001792
729 CNOT2_1 741 0.001792
729 CNOT2_1 723 0.001792
729 CNOT2_1 738 0.001792
729 CNOT2_1 725 0.001792
729 CNOT2_3 725 0.989005
729 CNOT2_3 740 0.001571
729 CNOT2_3 724 0.001571
729 CNOT2_3 741 0.001571
729 CNOT2_3 722 0.001571
729 CNOT2_3 738 0.001571
729 CNOT2_3 723 0.001571
729 CNOT2_3 739 0.001571
729 MEAS2 749 0.491700
729 MEAS2 750 0.008300
729 MEAS2 751 0.474300
729 MEAS2 752 0.025700
729 X1 733 0.999609
729 X1 729 0.000130
729 X1 730 0.000130
729 X1 726 0.000130
730 CNOT2_1 738 0.987458
730 CNOT2_1 722 0.001792
730 CNOT2_1 741 0.001792
730 CNOT2_1 724 0.001792
730 CNOT2_1 740 0.001792
730 CNOT2_1 725 0.001792
730 CNOT2_1 739 0.001792
730 CNOT2_1 723 0.001792
730 CNOT2_3 723 0.989005
730 CNOT2_3 741 0.001571
730 CNOT2_3 722 0.001571
730 CNOT2_3 740 0.001571
730 CNOT2_3 724 0.001571
730 CNOT2_3 739 0.001571
730 CNOT2_3 725 0.001571
730 CNOT2_3 738 0.001571
730 MEAS2 749 0.491700
730 MEAS2 750 0.008300
730 MEAS2 751 0.474300
730 MEAS2 752 0.025700
730 X1 726 0.999609
730 X1 730 0.000130
730 X1 729 0.000130
730 X1 733 0.000130
731 CNOT2_1 740 0.987458
731 CNOT2_1 725 0.001792
731 CNOT2_1 739 0.001792
731 CNOT2_1 723 0.001792
731 CNOT2_1 738 0.001792
731 CNOT2_1 722 0.001792
731 CNOT2_1 741 0.001792
731 CNOT2_1 724 0.001792
731 CNOT2_3 740 0.989005
731 CNOT2_3 725 0.001571
731 CNOT2_3 739 0.001571
731 CNOT2_3 723 0.001571
731 CNOT2_3 738 0.001571
731 CNOT2_3 722 0.001571
731 CNOT2_3 741 0.001571
731 CNOT2_3 724 0.001571
731 MEAS2 753 0.491700
731 MEAS2 754 0.008300
731 MEAS2 755 0.474300
731 MEAS2 756 0.025700
731 X1 728 0.999609
731 X1 731 0.000130
731 X1 732 0.000130
731 X1 727 0.000130
732 CNOT2_1 741 0.987458
732 CNOT2_1 723 0.001792
732 CNOT2_1 738 0.001792
732 CNOT2_1 725 0.001792
732 CNOT2_1 739 0.001792
732 CNOT2_1 724 0.001792
732 CNOT2_1 740 0.001792
732 CNOT2_1 722 0.001792
732 CNOT2_3 741 0.989005
732 CNOT2_3 723 0.001571
732 CNOT2_3 738 0.001571
732 CNOT2_3 725 0.001571
732 CNOT2_3 739 0.001571
732 CNOT2_3 724 0.001571
732 CNOT2_3 740 0.001571
732 CNOT2_3 722 0.001571
732 MEAS2 753 0.491700
732 MEAS2 754 0.008300
732 MEAS2 755 0.474300
732 MEAS2 756 0.025700
732 X1 727 0.999609
732 X1 732 0.000130
732 X1 731 0.000130
732 X1 728 0.000130
733 CNOT2_1 724 0.987458
733 CNOT2_1 739 0.001792
733 CNOT2_1 725 0.001792
733 CNOT2_1 738 0.001792
733 CNOT2_1 723 0.001792
733 CNOT2_1 741 0.001792
733 CNOT2_1 722 0.001792
733 CNOT2_1 740 0.001792
733 CNOT2_3 724 0.989005
733 CNOT2_3 739 0.001571
733 CNOT2_3 725 0.001571
733 CNOT2_3 738 0.001571
733 CNOT2_3 723 0.001571
733 CNOT2_3 741 0.001571
733 CNOT2_3 722 0.001571
733 CNOT2_3 740 0.001571
733 MEAS2 721 0.491700
733 MEAS2 742 0.008300
733 MEAS2 743 0.474300
733 MEAS2 744 0.025700
733 X1 729 0.999609
733 X1 733 0.000130
733 X1 726 0.000130
733 X1 730 0.000130
734 CNOT2_1 757 0.987458
734 CNOT2_1 758 0.001792
734 CNOT2_1 759 0.001792
734 CNOT2_1 760 0.001792
734 CNOT2_1 761 0.001792
734 CNOT2_1 762 0.001792
734 CNOT2_1 763 0.001792
734 CNOT2_1 764 0.001792
734 CNOT2_3 757 0.989005
734 CNOT2_3 761 0.001571
734 CNOT2_3 760 0.001571
734 CNOT2_3 759 0.001571
734 CNOT2_3 758 0.001571
734 CNOT2_3 762 0.001571
734 CNOT2_3 763 0.001571
734 CNOT2_3 764 0.001571
734 MEAS2 722 0.983400
734 MEAS2 734 0.016600
734 X1 735 0.999609
734 X1 734 0.000130
734 X1 736 0.000130
734 X1 737 0.000130
735 CNOT2_1 758 0.987458
735 CNOT2_1 757 0.001792
735 CNOT2_1 764 0.001792
735 CNOT2_1 762 0.001792
735 CNOT2_1 763 0.001792
735 CNOT2_1 760 0.001792
735 CNOT2_1 761 0.001792
735 CNOT2_1 759 0.001792
735 CNOT2_3 761 0.989005
735 CNOT2_3 757 0.001571
735 CNOT2_3 764 0.001571
735 CNOT2_3 762 0.001571
735 CNOT2_3 763 0.001571
735 CNOT2_3 759 0.001571
735 CNOT2_3 758 0.001571
735 CNOT2_3 760 0.001571
735 MEAS2 723 0.983400
735 MEAS2 735 0.016600
735 X1 734 0.999609
735 X1 735 0.000130
735 X1 737 0.000130
735 X1 736 0.000130
736 CNOT2_1 764 0.987458
736 CNOT2_1 759 0.001792
736 CNOT2_1 758 0.001792
736 CNOT2_1 761 0.001792
736 CNOT2_1 760 0.001792
736 CNOT2_1 763 0.001792
736 CNOT2_1 762 0.001792
736 CNOT2_1 757 0.001792
736 CNOT2_3 764 0.989005
736 CNOT2_3 760 0.001571
736 CNOT2_3 761 0.001571
736 CNOT2_3 758 0.001571
736 CNOT2_3 759 0.001571
736 CNOT2_3 763 0.001571
736 CNOT2_3 762 0.001571
736 CNOT2_3 757 0.001571
736 MEAS2 724 0.983400
736 MEAS2 736 0.016600
736 X1 737 0.999609
736 X1 736 0.000130
736 X1 734 0.000130
736 X1 735 0.000130
737 CNOT2_1 759 0.987458
737 CNOT2_1 764 0.001792
737 CNOT2_1 757 0.001792
737 CNOT2_1 763 0.001792
737 CNOT2_1 762 0.001792
737 CNOT2_1 761 0.001792
737 CNOT2_1 760 0.001792
737 CNOT2_1 758 0.001792
737 CNOT2_3 760 0.989005
737 CNOT2_3 764 0.001571
737 CNOT2_3 757 0.001571
737 CNOT2_3 763 0.001571
737 CNOT2_3 762 0.001571
737 CNOT2_3 758 0.001571
737 CNOT2_3 759 0.001571
737 CNOT2_3 761 0.001571
737 MEAS2 725 0.983400
737 MEAS2 737 0.016600
737 X1 736 0.999609
737 X1 737 0.000130
737 X1 735 0.000130
737 X1 734 0.000130
738 CNOT2_1 730 0.987458
738 CNOT2_1 732 0.001792
738 CNOT2_1 731 0.001792
738 CNOT2_1 733 0.001792
738 CNOT2_1 726 0.001792
738 CNOT2_1 728 0.001792
738 CNOT2_1 727 0.001792
738 CNOT2_1 729 0.001792
738 CNOT2_3 727 0.989005
738 CNOT2_3 732 0.001571
738 CNOT2_3 731 0.001571
738 CNOT2_3 733 0.001571
738 CNOT2_3 726 0.001571
738 CNOT2_3 729 0.001571
738 CNOT2_3 730 0.001571
738 CNOT2_3 728 0.001571
738 MEAS2 765 0.948600
738 MEAS2 738 0.051400
738 X1 741 0.999609
738 X1 738 0.000130
738 X1 739 0.000130
738 X1 740 0.000130
739 CNOT2_1 729 0.987458
739 CNOT2_1 731 0.001792
739 CNOT2_1 732 0.001792
739 CNOT2_1 726 0.001792
739 CNOT2_1 733 0.001792
739 CNOT2_1 727 0.001792
739 CNOT2_1 728 0.001792
739 CNOT2_1 730 0.001792
739 CNOT2_3 728 0.989005
739 CNOT2_3 731 0.001571
739 CNOT2_3 732 0.001571
739 CNOT2_3 726 0.001571
739 CNOT2_3 733 0.001571
739 CNOT2_3 730 0.001571
739 CNOT2_3 729 0.001571
739 CNOT2_3 727 0.001571
739 MEAS2 766 0.948600
739 MEAS2 739 0.051400
739 X1 740 0.999609
739 X1 739 0.000130
739 X1 738 0.000130
739 X1 741 0.000130
740 CNOT2_1 731 0.987458
740 CNOT2_1 729 0.001792
740 CNOT2_1 730 0.001792
740 CNOT2_1 727 0.001792
740 CNOT2_1 728 0.001792
740 CNOT2_1 726 0.001792
740 CNOT2_1 733 0.001792
740 CNOT2_1 732 0.001792
740 CNOT2_3 731 0.989005
740 CNOT2_3 728 0.001571
740 CNOT2_3 727 0.001571
740 CNOT2_3 730 0.001571
740 CNOT2_3 729 0.001571
740 CNOT2_3 726 0.001571
740 CNOT2_3 733 0.001571
740 CNOT2_3 732 0.001571
740 MEAS2 767 0.948600
740 MEAS2 740 0.051400
740 X1 739 0.999609
740 X1 740 0.000130
740 X1 741 0.000130
740 X1 738 0.000130
741 CNOT2_1 732 0.987458
741 CNOT2_1 730 0.001792
741 CNOT2_1 729 0.001792
741 CNOT2_1 728 0.001792
741 CNOT2_1 727 0.001792
741 CNOT2_1 733 0.001792
741 CNOT2_1 726 0.001792
741 CNOT2_1 731 0.001792
741 CNOT2_3 732 0.989005
741 CNOT2_3 727 0.001571
741 CNOT2_3 728 0.001571
741 CNOT2_3 729 0.001571
741 CNOT2_3 730 0.001571
741 CNOT2_3 733 0.001571
741 CNOT2_3 726 0.001571
741 CNOT2_3 731 0.001571
741 MEAS2 768 0.948600
741 MEAS2 741 0.051400
741 X1 738 0.999609
741 X1 741 0.000130
741 X1 740 0.000130
741 X1 739 0.000130
742 CNOT2_1 742 0.989250
742 CNOT2_1 747 0.003583
742 CNOT2_1 750 0.003583
742 CNOT2_1 755 0.003583
742 CNOT2_3 742 0.990575
742 CNOT2_3 751 0.003142
742 CNOT2_3 746 0.003142
742 CNOT2_3 755 0.003142
742 MEAS2 721 0.983400
742 MEAS2 742 0.016600
742 X1 750 0.999739
742 X1 742 0.000261
743 CNOT2_1 754 0.989250
743 CNOT2_1 751 0.003583
743 CNOT2_1 746 0.003583
743 CNOT2_1 743 0.003583
743 CNOT2_3 754 0.990575
743 CNOT2_3 747 0.003142
743 CNOT2_3 750 0.003142
743 CNOT2_3 743 0.003142
743 MEAS2 743 0.948600
743 MEAS2 744 0.051400
743 X1 751 0.999739
743 X1 743 0.000261
744 CNOT2_1 753 0.989250
744 CNOT2_1 752 0.003583
744 CNOT2_1 745 0.003583
744 CNOT2_1 744 0.003583
744 CNOT2_3 753 0.990575
744 CNOT2_3 748 0.003142
744 CNOT2_3 749 0.003142
744 CNOT2_3 744 0.003142
744 MEAS2 743 0.948600
744 MEAS2 744 0.051400
744 X1 752 0.999739
744 X1 744 0.000261
745 CNOT2_1 745 0.989250
745 CNOT2_1 744 0.003583
745 CNOT2_1 753 0.003583
745 CNOT2_1 752 0.003583
745 CNOT2_3 752 0.990575
745 CNOT2_3 721 0.003142
745 CNOT2_3 756 0.003142
745 CNOT2_3 745 0.003142
745 MEAS2 745 0.983400
745 MEAS2 746 0.016600
745 X1 753 0.999739
745 X1 745 0.000261
746 CNOT2_1 746 0.989250
746 CNOT2_1 743 0.003583
746 CNOT2_1 754 0.003583
746 CNOT2_1 751 0.003583
746 CNOT2_3 751 0.990575
746 CNOT2_3 742 0.003142
746 CNOT2_3 755 0.003142
746 CNOT2_3 746 0.003142
746 MEAS2 745 0.983400
746 MEAS2 746 0.016600
746 X1 754 0.999739
746 X1 746 0.000261
747 CNOT2_1 750 0.989250
747 CNOT2_1 755 0.003583
747 CNOT2_1 742 0.003583
747 CNOT2_1 747 0.003583
747 CNOT2_3 747 0.990575
747 CNOT2_3 754 0.003142
747 CNOT2_3 743 0.003142
747 CNOT2_3 750 0.003142
747 MEAS2 747 0.948600
747 MEAS2 748 0.051400
747 X1 755 0.999739
747 X1 747 0.000261
748 CNOT2_1 749 0.989250
748 CNOT2_1 756 0.003583
748 CNOT2_1 721 0.003583
748 CNOT2_1 748 0.003583
748 CNOT2_3 748 0.990575
748 CNOT2_3 753 0.003142
748 CNOT2_3 744 0.003142
748 CNOT2_3 749 0.003142
748 MEAS2 747 0.948600
748 MEAS2 748 0.051400
748 X1 756 0.999739
748 X1 748 0.000261
749 CNOT2_1 748 0.989250
749 CNOT2_1 721 0.003583
749 CNOT2_1 756 0.003583
749 CNOT2_1 749 0.003583
749 CNOT2_3 749 0.990575
749 CNOT2_3 744 0.003142
749 CNOT2_3 753 0.003142
749 CNOT2_3 748 0.003142
749 MEAS2 749 0.983400
749 MEAS2 750 0.016600
749 X1 721 0.999739
749 X1 749 0.000261
750 CNOT2_1 747 0.989250
750 CNOT2_1 742 0.003583
750 CNOT2_1 755 0.003583
750 CNOT2_1 750 0.003583
750 CNOT2_3 750 0.990575
750 CNOT2_3 743 0.003142
750 CNOT2_3 754 0.003142
750 CNOT2_3 747 0.003142
750 MEAS2 749 0.983400
750 MEAS2 750 0.016600
750 X1 742 0.999739
750 X1 750 0.000261
751 CNOT2_1 751 0.989250
751 CNOT2_1 754 0.003583
751 CNOT2_1 743 0.003583
751 CNOT2_1 746 0.003583
751 CNOT2_3 746 0.990575
751 CNOT2_3 755 0.003142
751 CNOT2_3 742 0.003142
751 CNOT2_3 751 0.003142
751 MEAS2 751 0.948600
751 MEAS2 752 0.051400
751 X1 743 0.999739
751 X1 751 0.000261
752 CNOT2_1 752 0.989250
752 CNOT2_1 753 0.003583
752 CNOT2_1 744 0.003583
752 CNOT2_1 745 0.003583
752 CNOT2_3 745 0.990575
752 CNOT2_3 756 0.003142
752 CNOT2_3 721 0.003142
752 CNOT2_3 752 0.003142
752 MEAS2 751 0.948600
752 MEAS2 752 0.051400
752 X1 744 0.999739
752 X1 752 0.000261
753 CNOT2_1 744 0.989250
753 CNOT2_1 745 0.003583
753 CNOT2_1 752 0.003583
753 CNOT2_1 753 0.003583
753 CNOT2_3 744 0.990575
753 CNOT2_3 749 0.003142
753 CNOT2_3 748 0.003142
753 CNOT2_3 753 0.003142
753 MEAS2 753 0.983400
753 MEAS2 754 0.016600
753 X1 745 0.999739
753 X1 753 0.000261
754 CNOT2_1 743 0.989250
754 CNOT2_1 746 0.003583
754 CNOT2_1 751 0.003583
754 CNOT2_1 754 0.003583
754 CNOT2_3 743 0.990575
754 CNOT2_3 750 0.003142
754 CNOT2_3 747 0.003142
754 CNOT2_3 754 0.003142
754 MEAS2 753 0.983400
754 MEAS2 754 0.016600
754 X1 746 0.999739
754 X1 754 0.000261
755 CNOT2_1 755 0.989250
755 CNOT2_1 750 0.003583
755 CNOT2_1 747 0.003583
755 CNOT2_1 742 0.003583
755 CNOT2_3 755 0.990575
755 CNOT2_3 746 0.003142
755 CNOT2_3 751 0.003142
755 CNOT2_3 742 0.003142
755 MEAS2 755 0.948600
755 MEAS2 756 0.051400
755 X1 747 0.999739
755 X1 755 0.000261
756 CNOT2_1 756 0.989250
756 CNOT2_1 749 0.003583
756 CNOT2_1 748 0.003583
756 CNOT2_1 721 0.003583
756 CNOT2_3 756 0.990575
756 CNOT2_3 745 0.003142
756 CNOT2_3 752 0.003142
756 CNOT2_3 721 0.003142
756 MEAS2 755 0.948600
756 MEAS2 756 0.051400
756 X1 748 0.999739
756 X1 756 0.000261
757 CNOT2_1 734 0.987458
757 CNOT2_1 765 0.001792
757 CNOT2_1 735 0.001792
757 CNOT2_1 766 0.001792
757 CNOT2_1 737 0.001792
757 CNOT2_1 767 0.001792
757 CNOT2_1 736 0.001792
757 CNOT2_1 768 0.001792
757 CNOT2_3 734 0.989005
757 CNOT2_3 765 0.001571
757 CNOT2_3 735 0.001571
757 CNOT2_3 766 0.001571
757 CNOT2_3 737 0.001571
757 CNOT2_3 767 0.001571
757 CNOT2_3 736 0.001571
757 CNOT2_3 768 0.001571
757 MEAS2 721 0.491700
757 MEAS2 742 0.008300
757 MEAS2 743 0.474300
757 MEAS2 744 0.025700
757 X1 761 0.999609
757 X1 757 0.000130
757 X1 764 0.000130
757 X1 760 0.000130
758 CNOT2_1 735 0.987458
758 CNOT2_1 768 0.001792
758 CNOT2_1 734 0.001792
758 CNOT2_1 767 0.001792
758 CNOT2_1 736 0.001792
758 CNOT2_1 766 0.001792
758 CNOT2_1 737 0.001792
758 CNOT2_1 765 0.001792
758 CNOT2_3 765 0.989005
758 CNOT2_3 734 0.001571
758 CNOT2_3 768 0.001571
758 CNOT2_3 736 0.001571
758 CNOT2_3 767 0.001571
758 CNOT2_3 737 0.001571
758 CNOT2_3 766 0.001571
758 CNOT2_3 735 0.001571
758 MEAS2 745 0.491700
758 MEAS2 746 0.008300
758 MEAS2 747 0.474300
758 MEAS2 748 0.025700
758 X1 763 0.999609
758 X1 758 0.000130
758 X1 759 0.000130
758 X1 762 0.000130
759 CNOT2_1 737 0.987458
759 CNOT2_1 767 0.001792
759 CNOT2_1 736 0.001792
759 CNOT2_1 768 0.001792
759 CNOT2_1 734 0.001792
759 CNOT2_1 765 0.001792
759 CNOT2_1 735 0.001792
759 CNOT2_1 766 0.001792
759 CNOT2_3 766 0.989005
759 CNOT2_3 736 0.001571
759 CNOT2_3 767 0.001571
759 CNOT2_3 734 0.001571
759 CNOT2_3 768 0.001571
759 CNOT2_3 735 0.001571
759 CNOT2_3 765 0.001571
759 CNOT2_3 737 0.001571
759 MEAS2 745 0.491700
759 MEAS2 746 0.008300
759 MEAS2 747 0.474300
759 MEAS2 748 0.025700
759 X1 762 0.999609
759 X1 759 0.000130
759 X1 758 0.000130
759 X1 763 0.000130
760 CNOT2_1 766 0.987458
760 CNOT2_1 736 0.001792
760 CNOT2_1 767 0.001792
760 CNOT2_1 734 0.001792
760 CNOT2_1 768 0.001792
760 CNOT2_1 735 0.001792
760 CNOT2_1 765 0.001792
760 CNOT2_1 737 0.001792
760 CNOT2_3 737 0.989005
760 CNOT2_3 767 0.001571
760 CNOT2_3 736 0.001571
760 CNOT2_3 768 0.001571
760 CNOT2_3 734 0.001571
760 CNOT2_3 765 0.001571
760 CNOT2_3 735 0.001571
760 CNOT2_3 766 0.001571
760 MEAS2 749 0.491700
760 MEAS2 750 0.008300
760 MEAS2 751 0.474300
760 MEAS2 752 0.025700
760 X1 764 0.999609
760 X1 760 0.000130
760 X1 761 0.000130
760 X1 757 0.000130
761 CNOT2_1 765 0.987458
761 CNOT2_1 734 0.001792
761 CNOT2_1 768 0.001792
761 CNOT2_1 736 0.001792
761 CNOT2_1 767 0.001792
761 CNOT2_1 737 0.001792
761 CNOT2_1 766 0.001792
761 CNOT2_1 735 0.001792
761 CNOT2_3 735 0.989005
761 CNOT2_3 768 0.001571
761 CNOT2_3 734 0.001571
761 CNOT2_3 767 0.001571
761 CNOT2_3 736 0.001571
761 CNOT2_3 766 0.001571
761 CNOT2_3 737 0.001571
761 CNOT2_3 765 0.001571
761 MEAS2 749 0.491700
761 MEAS2 750 0.008300
761 MEAS2 751 0.474300
761 MEAS2 752 0.025700
761 X1 757 0.999609
761 X1 761 0.000130
761 X1 760 0.000130
761 X1 764 0.000130
762 CNOT2_1 767 0.987458
762 CNOT2_1 737 0.001792
762 CNOT2_1 766 0.001792
762 CNOT2_1 735 0.001792
762 CNOT2_1 765 0.001792
762 CNOT2_1 734 0.001792
762 CNOT2_1 768 0.001792
762 CNOT2_1 736 0.001792
762 CNOT2_3 767 0.989005
762 CNOT2_3 737 0.001571
762 CNOT2_3 766 0.001571
762 CNOT2_3 735 0.001571
762 CNOT2_3 765 0.001571
762 CNOT2_3 734 0.001571
762 CNOT2_3 768 0.001571
762 CNOT2_3 736 0.001571
762 MEAS2 753 0.491700
762 MEAS2 754 0.008300
762 MEAS2 755 0.474300
762 MEAS2 756 0.025700
762 X1 759 0.999609
762 X1 762 0.000130
762 X1 763 0.000130
762 X1 758 0.000130
763 CNOT2_1 768 0.987458
763 CNOT2_1 735 0.001792
763 CNOT2_1 765 0.001792
763 CNOT2_1 737 0.001792
763 CNOT2_1 766 0.001792
763 CNOT2_1 736 0.001792
763 CNOT2_1 767 0.001792
763 CNOT2_1 734 0.001792
763 CNOT2_3 768 0.989005
763 CNOT2_3 735 0.001571
763 CNOT2_3 765 0.001571
763 CNOT2_3 737 0.001571
763 CNOT2_3 766 0.001571
763 CNOT2_3 736 0.001571
763 CNOT2_3 767 0.001571
763 CNOT2_3 734 0.001571
763 MEAS2 753 0.491700
763 MEAS2 754 0.008300
763 MEAS2 755 0.474300
763 MEAS2 756 0.025700
763 X1 758 0.999609
763 X1 763 0.000130
763 X1 762 0.000130
763 X1 759 0.000130
764 CNOT2_1 736 0.987458
764 CNOT2_1 766 0.001792
764 CNOT2_1 737 0.001792
764 CNOT2_1 765 0.001792
764 CNOT2_1 735 0.001792
764 CNOT2_1 768 0.001792
764 CNOT2_1 734 0.001792
764 CNOT2_1 767 0.001792
764 CNOT2_3 736 0.989005
764 CNOT2_3 766 0.001571
764 CNOT2_3 737 0.001571
764 CNOT2_3 765 0.001571
764 CNOT2_3 735 0.001571
764 CNOT2_3 768 0.001571
764 CNOT2_3 734 0.001571
764 CNOT2_3 767 0.001571
764 MEAS2 721 0.491700
764 MEAS2 742 0.008300
764 MEAS2 743 0.474300
764 MEAS2 744 0.025700
764 X1 760 0.999609
764 X1 764 0.000130
764 X1 757 0.000130
764 X1 761 0.000130
765 CNOT2_1 761 0.987458
765 CNOT2_1 763 0.001792
765 CNOT2_1 762 0.001792
765 CNOT2_1 764 0.001792
765 CNOT2_1 757 0.001792
765 CNOT2_1 759 0.001792
765 CNOT2_1 758 0.001792
765 CNOT2_1 760 0.001792
765 CNOT2_3 758 0.989005
765 CNOT2_3 763 0.001571
765 CNOT2_3 762 0.001571
765 CNOT2_3 764 0.001571
765 CNOT2_3 757 0.001571
765 CNOT2_3 760 0.001571
765 CNOT2_3 761 0.001571
765 CNOT2_3 759 0.001571
765 MEAS2 765 0.948600
765 MEAS2 738 0.051400
765 X1 768 0.999609
765 X1 765 0.000130
765 X1 766 0.000130
765 X1 767 0.000130
766 CNOT2_1 760 0.987458
766 CNOT2_1 762 0.001792
766 CNOT2_1 763 0.001792
766 CNOT2_1 757 0.001792
766 CNOT2_1 764 0.001792
766 CNOT2_1 758 0.001792
766 CNOT2_1 759 0.001792
766 CNOT2_1 761 0.001792
766 CNOT2_3 759 0.989005
766 CNOT2_3 762 0.001571
766 CNOT2_3 763 0.001571
766 CNOT2_3 757 0.001571
766 CNOT2_3 764 0.001571
766 CNOT2_3 761 0.001571
766 CNOT2_3 760 0.001571
766 CNOT2_3 758 0.001571
766 MEAS2 766 0.948600
766 MEAS2 739 0.051400
766 X1 767 0.999609
766 X1 766 0.000130
766 X1 765 0.000130
766 X1 768 0.000130
767 CNOT2_1 762 0.987458
767 CNOT2_1 760 0.001792
767 CNOT2_1 761 0.001792
767 CNOT2_1 758 0.001792
767 CNOT2_1 759 0.001792
767 CNOT2_1 757 0.001792
767 CNOT2_1 764 0.001792
767 CNOT2_1 763 0.001792
767 CNOT2_3 762 0.989005
767 CNOT2_3 759 0.001571
767 CNOT2_3 758 0.001571
767 CNOT2_3 761 0.001571
767 CNOT2_3 760 0.001571
767 CNOT2_3 757 0.001571
767 CNOT2_3 764 0.001571
767 CNOT2_3 763 0.001571
767 MEAS2 767 0.948600
767 MEAS2 740 0.051400
767 X1 766 0.999609
767 X1 767 0.000130
767 X1 768 0.000130
767 X1 765 0.000130
768 CNOT2_1 763 0.987458
768 CNOT2_1 761 0.001792
768 CNOT2_1 760 0.001792
768 CNOT2_1 759 0.001792
768 CNOT2_1 758 0.001792
768 CNOT2_1 764 0.001792
768 CNOT2_1 757 0.001792
768 CNOT2_1 762 0.001792
768 CNOT2_3 763 0.989005
768 CNOT2_3 758 0.001571
768 CNOT2_3 759 0.001571
768 CNOT2_3 760 0.001571
768 CNOT2_3 761 0.001571
768 CNOT2_3 764 0.001571
768 CNOT2_3 757 0.001571
768 CNOT2_3 762 0.001571
768 MEAS2 768 0.948600
768 MEAS2 741 0.051400
768 X1 765 0.999609
768 X1 768 0.000130
768 X1 767 0.000130
768 X1 766 0.000130
ENDPOMDP
