BEGINPOMDP
INITIALSTATE: 7249
STATES: 7249,7250,7251,7252,7253,7254,7255,7256,7257,7258,7259,7260,7261,7262,7263,7264,7265,7266,7267,7268,7269,7270,7271,7272,7273,7274,7275,7276,7277,7278,7279,7280,7281,7282,7283,7284,7285,7286,7287,7288,7289,7290,7291,7292,7293,7294,7295,7296
TARGETV: 7250,7252,7254,7259,7260,7261,7262,7264,7268,7269,7285,7290,7291,7292,7295,7296
GAMMA: 7249:0,7250:0,7251:0,7252:0,7253:0,7254:0,7255:0,7256:0,7257:0,7258:0,7259:0,7260:0,7261:0,7262:1,7263:1,7264:1,7265:1,7266:0,7267:0,7268:0,7269:0,7270:1,7271:1,7272:0,7273:0,7274:1,7275:1,7276:0,7277:0,7278:1,7279:1,7280:0,7281:0,7282:1,7283:1,7284:0,7285:1,7286:1,7287:1,7288:1,7289:1,7290:1,7291:1,7292:1,7293:1,7294:1,7295:1,7296:1
BEGINACTIONS
CNOT11_14 Instruction.CNOT 14 11
CNOT11_8 Instruction.CNOT 8 11
MEAS11 Instruction.MEAS None 11
X14 Instruction.X None 14
ENDACTIONS
7249 INIT_ 7250 0.250000
7249 INIT_ 7251 0.250000
7249 INIT_ 7252 0.250000
7249 INIT_ 7253 0.250000
7249 CNOT11_14 7249 0.937204
7249 CNOT11_14 7276 0.020932
7249 CNOT11_14 7277 0.020932
7249 CNOT11_14 7284 0.020932
7249 CNOT11_8 7249 0.965529
7249 CNOT11_8 7280 0.011490
7249 CNOT11_8 7273 0.011490
7249 CNOT11_8 7284 0.011490
7249 MEAS11 7249 0.963600
7249 MEAS11 7270 0.036400
7249 X14 7277 0.999826
7249 X14 7249 0.000174
7250 CNOT11_14 7254 0.926737
7250 CNOT11_14 7255 0.010466
7250 CNOT11_14 7256 0.010466
7250 CNOT11_14 7257 0.010466
7250 CNOT11_14 7258 0.010466
7250 CNOT11_14 7259 0.010466
7250 CNOT11_14 7260 0.010466
7250 CNOT11_14 7261 0.010466
7250 CNOT11_8 7254 0.959784
7250 CNOT11_8 7258 0.005745
7250 CNOT11_8 7257 0.005745
7250 CNOT11_8 7256 0.005745
7250 CNOT11_8 7255 0.005745
7250 CNOT11_8 7259 0.005745
7250 CNOT11_8 7260 0.005745
7250 CNOT11_8 7261 0.005745
7250 MEAS11 7250 0.963600
7250 MEAS11 7262 0.036400
7250 X14 7251 0.999739
7250 X14 7250 0.000087
7250 X14 7252 0.000087
7250 X14 7253 0.000087
7251 CNOT11_14 7255 0.926737
7251 CNOT11_14 7254 0.010466
7251 CNOT11_14 7261 0.010466
7251 CNOT11_14 7259 0.010466
7251 CNOT11_14 7260 0.010466
7251 CNOT11_14 7257 0.010466
7251 CNOT11_14 7258 0.010466
7251 CNOT11_14 7256 0.010466
7251 CNOT11_8 7258 0.959784
7251 CNOT11_8 7254 0.005745
7251 CNOT11_8 7261 0.005745
7251 CNOT11_8 7259 0.005745
7251 CNOT11_8 7260 0.005745
7251 CNOT11_8 7256 0.005745
7251 CNOT11_8 7255 0.005745
7251 CNOT11_8 7257 0.005745
7251 MEAS11 7251 0.963600
7251 MEAS11 7263 0.036400
7251 X14 7250 0.999739
7251 X14 7251 0.000087
7251 X14 7253 0.000087
7251 X14 7252 0.000087
7252 CNOT11_14 7261 0.926737
7252 CNOT11_14 7256 0.010466
7252 CNOT11_14 7255 0.010466
7252 CNOT11_14 7258 0.010466
7252 CNOT11_14 7257 0.010466
7252 CNOT11_14 7260 0.010466
7252 CNOT11_14 7259 0.010466
7252 CNOT11_14 7254 0.010466
7252 CNOT11_8 7261 0.959784
7252 CNOT11_8 7257 0.005745
7252 CNOT11_8 7258 0.005745
7252 CNOT11_8 7255 0.005745
7252 CNOT11_8 7256 0.005745
7252 CNOT11_8 7260 0.005745
7252 CNOT11_8 7259 0.005745
7252 CNOT11_8 7254 0.005745
7252 MEAS11 7252 0.963600
7252 MEAS11 7264 0.036400
7252 X14 7253 0.999739
7252 X14 7252 0.000087
7252 X14 7250 0.000087
7252 X14 7251 0.000087
7253 CNOT11_14 7256 0.926737
7253 CNOT11_14 7261 0.010466
7253 CNOT11_14 7254 0.010466
7253 CNOT11_14 7260 0.010466
7253 CNOT11_14 7259 0.010466
7253 CNOT11_14 7258 0.010466
7253 CNOT11_14 7257 0.010466
7253 CNOT11_14 7255 0.010466
7253 CNOT11_8 7257 0.959784
7253 CNOT11_8 7261 0.005745
7253 CNOT11_8 7254 0.005745
7253 CNOT11_8 7260 0.005745
7253 CNOT11_8 7259 0.005745
7253 CNOT11_8 7255 0.005745
7253 CNOT11_8 7256 0.005745
7253 CNOT11_8 7258 0.005745
7253 MEAS11 7253 0.963600
7253 MEAS11 7265 0.036400
7253 X14 7252 0.999739
7253 X14 7253 0.000087
7253 X14 7251 0.000087
7253 X14 7250 0.000087
7254 CNOT11_14 7250 0.926737
7254 CNOT11_14 7266 0.010466
7254 CNOT11_14 7251 0.010466
7254 CNOT11_14 7267 0.010466
7254 CNOT11_14 7253 0.010466
7254 CNOT11_14 7268 0.010466
7254 CNOT11_14 7252 0.010466
7254 CNOT11_14 7269 0.010466
7254 CNOT11_8 7250 0.959784
7254 CNOT11_8 7266 0.005745
7254 CNOT11_8 7251 0.005745
7254 CNOT11_8 7267 0.005745
7254 CNOT11_8 7253 0.005745
7254 CNOT11_8 7268 0.005745
7254 CNOT11_8 7252 0.005745
7254 CNOT11_8 7269 0.005745
7254 MEAS11 7249 0.481800
7254 MEAS11 7270 0.018200
7254 MEAS11 7271 0.471900
7254 MEAS11 7272 0.028100
7254 X14 7258 0.999739
7254 X14 7254 0.000087
7254 X14 7261 0.000087
7254 X14 7257 0.000087
7255 CNOT11_14 7251 0.926737
7255 CNOT11_14 7269 0.010466
7255 CNOT11_14 7250 0.010466
7255 CNOT11_14 7268 0.010466
7255 CNOT11_14 7252 0.010466
7255 CNOT11_14 7267 0.010466
7255 CNOT11_14 7253 0.010466
7255 CNOT11_14 7266 0.010466
7255 CNOT11_8 7266 0.959784
7255 CNOT11_8 7250 0.005745
7255 CNOT11_8 7269 0.005745
7255 CNOT11_8 7252 0.005745
7255 CNOT11_8 7268 0.005745
7255 CNOT11_8 7253 0.005745
7255 CNOT11_8 7267 0.005745
7255 CNOT11_8 7251 0.005745
7255 MEAS11 7273 0.481800
7255 MEAS11 7274 0.018200
7255 MEAS11 7275 0.471900
7255 MEAS11 7276 0.028100
7255 X14 7260 0.999739
7255 X14 7255 0.000087
7255 X14 7256 0.000087
7255 X14 7259 0.000087
7256 CNOT11_14 7253 0.926737
7256 CNOT11_14 7268 0.010466
7256 CNOT11_14 7252 0.010466
7256 CNOT11_14 7269 0.010466
7256 CNOT11_14 7250 0.010466
7256 CNOT11_14 7266 0.010466
7256 CNOT11_14 7251 0.010466
7256 CNOT11_14 7267 0.010466
7256 CNOT11_8 7267 0.959784
7256 CNOT11_8 7252 0.005745
7256 CNOT11_8 7268 0.005745
7256 CNOT11_8 7250 0.005745
7256 CNOT11_8 7269 0.005745
7256 CNOT11_8 7251 0.005745
7256 CNOT11_8 7266 0.005745
7256 CNOT11_8 7253 0.005745
7256 MEAS11 7273 0.481800
7256 MEAS11 7274 0.018200
7256 MEAS11 7275 0.471900
7256 MEAS11 7276 0.028100
7256 X14 7259 0.999739
7256 X14 7256 0.000087
7256 X14 7255 0.000087
7256 X14 7260 0.000087
7257 CNOT11_14 7267 0.926737
7257 CNOT11_14 7252 0.010466
7257 CNOT11_14 7268 0.010466
7257 CNOT11_14 7250 0.010466
7257 CNOT11_14 7269 0.010466
7257 CNOT11_14 7251 0.010466
7257 CNOT11_14 7266 0.010466
7257 CNOT11_14 7253 0.010466
7257 CNOT11_8 7253 0.959784
7257 CNOT11_8 7268 0.005745
7257 CNOT11_8 7252 0.005745
7257 CNOT11_8 7269 0.005745
7257 CNOT11_8 7250 0.005745
7257 CNOT11_8 7266 0.005745
7257 CNOT11_8 7251 0.005745
7257 CNOT11_8 7267 0.005745
7257 MEAS11 7277 0.481800
7257 MEAS11 7278 0.018200
7257 MEAS11 7279 0.471900
7257 MEAS11 7280 0.028100
7257 X14 7261 0.999739
7257 X14 7257 0.000087
7257 X14 7258 0.000087
7257 X14 7254 0.000087
7258 CNOT11_14 7266 0.926737
7258 CNOT11_14 7250 0.010466
7258 CNOT11_14 7269 0.010466
7258 CNOT11_14 7252 0.010466
7258 CNOT11_14 7268 0.010466
7258 CNOT11_14 7253 0.010466
7258 CNOT11_14 7267 0.010466
7258 CNOT11_14 7251 0.010466
7258 CNOT11_8 7251 0.959784
7258 CNOT11_8 7269 0.005745
7258 CNOT11_8 7250 0.005745
7258 CNOT11_8 7268 0.005745
7258 CNOT11_8 7252 0.005745
7258 CNOT11_8 7267 0.005745
7258 CNOT11_8 7253 0.005745
7258 CNOT11_8 7266 0.005745
7258 MEAS11 7277 0.481800
7258 MEAS11 7278 0.018200
7258 MEAS11 7279 0.471900
7258 MEAS11 7280 0.028100
7258 X14 7254 0.999739
7258 X14 7258 0.000087
7258 X14 7257 0.000087
7258 X14 7261 0.000087
7259 CNOT11_14 7268 0.926737
7259 CNOT11_14 7253 0.010466
7259 CNOT11_14 7267 0.010466
7259 CNOT11_14 7251 0.010466
7259 CNOT11_14 7266 0.010466
7259 CNOT11_14 7250 0.010466
7259 CNOT11_14 7269 0.010466
7259 CNOT11_14 7252 0.010466
7259 CNOT11_8 7268 0.959784
7259 CNOT11_8 7253 0.005745
7259 CNOT11_8 7267 0.005745
7259 CNOT11_8 7251 0.005745
7259 CNOT11_8 7266 0.005745
7259 CNOT11_8 7250 0.005745
7259 CNOT11_8 7269 0.005745
7259 CNOT11_8 7252 0.005745
7259 MEAS11 7281 0.481800
7259 MEAS11 7282 0.018200
7259 MEAS11 7283 0.471900
7259 MEAS11 7284 0.028100
7259 X14 7256 0.999739
7259 X14 7259 0.000087
7259 X14 7260 0.000087
7259 X14 7255 0.000087
7260 CNOT11_14 7269 0.926737
7260 CNOT11_14 7251 0.010466
7260 CNOT11_14 7266 0.010466
7260 CNOT11_14 7253 0.010466
7260 CNOT11_14 7267 0.010466
7260 CNOT11_14 7252 0.010466
7260 CNOT11_14 7268 0.010466
7260 CNOT11_14 7250 0.010466
7260 CNOT11_8 7269 0.959784
7260 CNOT11_8 7251 0.005745
7260 CNOT11_8 7266 0.005745
7260 CNOT11_8 7253 0.005745
7260 CNOT11_8 7267 0.005745
7260 CNOT11_8 7252 0.005745
7260 CNOT11_8 7268 0.005745
7260 CNOT11_8 7250 0.005745
7260 MEAS11 7281 0.481800
7260 MEAS11 7282 0.018200
7260 MEAS11 7283 0.471900
7260 MEAS11 7284 0.028100
7260 X14 7255 0.999739
7260 X14 7260 0.000087
7260 X14 7259 0.000087
7260 X14 7256 0.000087
7261 CNOT11_14 7252 0.926737
7261 CNOT11_14 7267 0.010466
7261 CNOT11_14 7253 0.010466
7261 CNOT11_14 7266 0.010466
7261 CNOT11_14 7251 0.010466
7261 CNOT11_14 7269 0.010466
7261 CNOT11_14 7250 0.010466
7261 CNOT11_14 7268 0.010466
7261 CNOT11_8 7252 0.959784
7261 CNOT11_8 7267 0.005745
7261 CNOT11_8 7253 0.005745
7261 CNOT11_8 7266 0.005745
7261 CNOT11_8 7251 0.005745
7261 CNOT11_8 7269 0.005745
7261 CNOT11_8 7250 0.005745
7261 CNOT11_8 7268 0.005745
7261 MEAS11 7249 0.481800
7261 MEAS11 7270 0.018200
7261 MEAS11 7271 0.471900
7261 MEAS11 7272 0.028100
7261 X14 7257 0.999739
7261 X14 7261 0.000087
7261 X14 7254 0.000087
7261 X14 7258 0.000087
7262 CNOT11_14 7285 0.926737
7262 CNOT11_14 7286 0.010466
7262 CNOT11_14 7287 0.010466
7262 CNOT11_14 7288 0.010466
7262 CNOT11_14 7289 0.010466
7262 CNOT11_14 7290 0.010466
7262 CNOT11_14 7291 0.010466
7262 CNOT11_14 7292 0.010466
7262 CNOT11_8 7285 0.959784
7262 CNOT11_8 7289 0.005745
7262 CNOT11_8 7288 0.005745
7262 CNOT11_8 7287 0.005745
7262 CNOT11_8 7286 0.005745
7262 CNOT11_8 7290 0.005745
7262 CNOT11_8 7291 0.005745
7262 CNOT11_8 7292 0.005745
7262 MEAS11 7250 0.963600
7262 MEAS11 7262 0.036400
7262 X14 7263 0.999739
7262 X14 7262 0.000087
7262 X14 7264 0.000087
7262 X14 7265 0.000087
7263 CNOT11_14 7286 0.926737
7263 CNOT11_14 7285 0.010466
7263 CNOT11_14 7292 0.010466
7263 CNOT11_14 7290 0.010466
7263 CNOT11_14 7291 0.010466
7263 CNOT11_14 7288 0.010466
7263 CNOT11_14 7289 0.010466
7263 CNOT11_14 7287 0.010466
7263 CNOT11_8 7289 0.959784
7263 CNOT11_8 7285 0.005745
7263 CNOT11_8 7292 0.005745
7263 CNOT11_8 7290 0.005745
7263 CNOT11_8 7291 0.005745
7263 CNOT11_8 7287 0.005745
7263 CNOT11_8 7286 0.005745
7263 CNOT11_8 7288 0.005745
7263 MEAS11 7251 0.963600
7263 MEAS11 7263 0.036400
7263 X14 7262 0.999739
7263 X14 7263 0.000087
7263 X14 7265 0.000087
7263 X14 7264 0.000087
7264 CNOT11_14 7292 0.926737
7264 CNOT11_14 7287 0.010466
7264 CNOT11_14 7286 0.010466
7264 CNOT11_14 7289 0.010466
7264 CNOT11_14 7288 0.010466
7264 CNOT11_14 7291 0.010466
7264 CNOT11_14 7290 0.010466
7264 CNOT11_14 7285 0.010466
7264 CNOT11_8 7292 0.959784
7264 CNOT11_8 7288 0.005745
7264 CNOT11_8 7289 0.005745
7264 CNOT11_8 7286 0.005745
7264 CNOT11_8 7287 0.005745
7264 CNOT11_8 7291 0.005745
7264 CNOT11_8 7290 0.005745
7264 CNOT11_8 7285 0.005745
7264 MEAS11 7252 0.963600
7264 MEAS11 7264 0.036400
7264 X14 7265 0.999739
7264 X14 7264 0.000087
7264 X14 7262 0.000087
7264 X14 7263 0.000087
7265 CNOT11_14 7287 0.926737
7265 CNOT11_14 7292 0.010466
7265 CNOT11_14 7285 0.010466
7265 CNOT11_14 7291 0.010466
7265 CNOT11_14 7290 0.010466
7265 CNOT11_14 7289 0.010466
7265 CNOT11_14 7288 0.010466
7265 CNOT11_14 7286 0.010466
7265 CNOT11_8 7288 0.959784
7265 CNOT11_8 7292 0.005745
7265 CNOT11_8 7285 0.005745
7265 CNOT11_8 7291 0.005745
7265 CNOT11_8 7290 0.005745
7265 CNOT11_8 7286 0.005745
7265 CNOT11_8 7287 0.005745
7265 CNOT11_8 7289 0.005745
7265 MEAS11 7253 0.963600
7265 MEAS11 7265 0.036400
7265 X14 7264 0.999739
7265 X14 7265 0.000087
7265 X14 7263 0.000087
7265 X14 7262 0.000087
7266 CNOT11_14 7258 0.926737
7266 CNOT11_14 7260 0.010466
7266 CNOT11_14 7259 0.010466
7266 CNOT11_14 7261 0.010466
7266 CNOT11_14 7254 0.010466
7266 CNOT11_14 7256 0.010466
7266 CNOT11_14 7255 0.010466
7266 CNOT11_14 7257 0.010466
7266 CNOT11_8 7255 0.959784
7266 CNOT11_8 7260 0.005745
7266 CNOT11_8 7259 0.005745
7266 CNOT11_8 7261 0.005745
7266 CNOT11_8 7254 0.005745
7266 CNOT11_8 7257 0.005745
7266 CNOT11_8 7258 0.005745
7266 CNOT11_8 7256 0.005745
7266 MEAS11 7293 0.943800
7266 MEAS11 7266 0.056200
7266 X14 7269 0.999739
7266 X14 7266 0.000087
7266 X14 7267 0.000087
7266 X14 7268 0.000087
7267 CNOT11_14 7257 0.926737
7267 CNOT11_14 7259 0.010466
7267 CNOT11_14 7260 0.010466
7267 CNOT11_14 7254 0.010466
7267 CNOT11_14 7261 0.010466
7267 CNOT11_14 7255 0.010466
7267 CNOT11_14 7256 0.010466
7267 CNOT11_14 7258 0.010466
7267 CNOT11_8 7256 0.959784
7267 CNOT11_8 7259 0.005745
7267 CNOT11_8 7260 0.005745
7267 CNOT11_8 7254 0.005745
7267 CNOT11_8 7261 0.005745
7267 CNOT11_8 7258 0.005745
7267 CNOT11_8 7257 0.005745
7267 CNOT11_8 7255 0.005745
7267 MEAS11 7294 0.943800
7267 MEAS11 7267 0.056200
7267 X14 7268 0.999739
7267 X14 7267 0.000087
7267 X14 7266 0.000087
7267 X14 7269 0.000087
7268 CNOT11_14 7259 0.926737
7268 CNOT11_14 7257 0.010466
7268 CNOT11_14 7258 0.010466
7268 CNOT11_14 7255 0.010466
7268 CNOT11_14 7256 0.010466
7268 CNOT11_14 7254 0.010466
7268 CNOT11_14 7261 0.010466
7268 CNOT11_14 7260 0.010466
7268 CNOT11_8 7259 0.959784
7268 CNOT11_8 7256 0.005745
7268 CNOT11_8 7255 0.005745
7268 CNOT11_8 7258 0.005745
7268 CNOT11_8 7257 0.005745
7268 CNOT11_8 7254 0.005745
7268 CNOT11_8 7261 0.005745
7268 CNOT11_8 7260 0.005745
7268 MEAS11 7295 0.943800
7268 MEAS11 7268 0.056200
7268 X14 7267 0.999739
7268 X14 7268 0.000087
7268 X14 7269 0.000087
7268 X14 7266 0.000087
7269 CNOT11_14 7260 0.926737
7269 CNOT11_14 7258 0.010466
7269 CNOT11_14 7257 0.010466
7269 CNOT11_14 7256 0.010466
7269 CNOT11_14 7255 0.010466
7269 CNOT11_14 7261 0.010466
7269 CNOT11_14 7254 0.010466
7269 CNOT11_14 7259 0.010466
7269 CNOT11_8 7260 0.959784
7269 CNOT11_8 7255 0.005745
7269 CNOT11_8 7256 0.005745
7269 CNOT11_8 7257 0.005745
7269 CNOT11_8 7258 0.005745
7269 CNOT11_8 7261 0.005745
7269 CNOT11_8 7254 0.005745
7269 CNOT11_8 7259 0.005745
7269 MEAS11 7296 0.943800
7269 MEAS11 7269 0.056200
7269 X14 7266 0.999739
7269 X14 7269 0.000087
7269 X14 7268 0.000087
7269 X14 7267 0.000087
7270 CNOT11_14 7270 0.937204
7270 CNOT11_14 7275 0.020932
7270 CNOT11_14 7278 0.020932
7270 CNOT11_14 7283 0.020932
7270 CNOT11_8 7270 0.965529
7270 CNOT11_8 7279 0.011490
7270 CNOT11_8 7274 0.011490
7270 CNOT11_8 7283 0.011490
7270 MEAS11 7249 0.963600
7270 MEAS11 7270 0.036400
7270 X14 7278 0.999826
7270 X14 7270 0.000174
7271 CNOT11_14 7282 0.937204
7271 CNOT11_14 7279 0.020932
7271 CNOT11_14 7274 0.020932
7271 CNOT11_14 7271 0.020932
7271 CNOT11_8 7282 0.965529
7271 CNOT11_8 7275 0.011490
7271 CNOT11_8 7278 0.011490
7271 CNOT11_8 7271 0.011490
7271 MEAS11 7271 0.943800
7271 MEAS11 7272 0.056200
7271 X14 7279 0.999826
7271 X14 7271 0.000174
7272 CNOT11_14 7281 0.937204
7272 CNOT11_14 7280 0.020932
7272 CNOT11_14 7273 0.020932
7272 CNOT11_14 7272 0.020932
7272 CNOT11_8 7281 0.965529
7272 CNOT11_8 7276 0.011490
7272 CNOT11_8 7277 0.011490
7272 CNOT11_8 7272 0.011490
7272 MEAS11 7271 0.943800
7272 MEAS11 7272 0.056200
7272 X14 7280 0.999826
7272 X14 7272 0.000174
7273 CNOT11_14 7273 0.937204
7273 CNOT11_14 7272 0.020932
7273 CNOT11_14 7281 0.020932
7273 CNOT11_14 7280 0.020932
7273 CNOT11_8 7280 0.965529
7273 CNOT11_8 7249 0.011490
7273 CNOT11_8 7284 0.011490
7273 CNOT11_8 7273 0.011490
7273 MEAS11 7273 0.963600
7273 MEAS11 7274 0.036400
7273 X14 7281 0.999826
7273 X14 7273 0.000174
7274 CNOT11_14 7274 0.937204
7274 CNOT11_14 7271 0.020932
7274 CNOT11_14 7282 0.020932
7274 CNOT11_14 7279 0.020932
7274 CNOT11_8 7279 0.965529
7274 CNOT11_8 7270 0.011490
7274 CNOT11_8 7283 0.011490
7274 CNOT11_8 7274 0.011490
7274 MEAS11 7273 0.963600
7274 MEAS11 7274 0.036400
7274 X14 7282 0.999826
7274 X14 7274 0.000174
7275 CNOT11_14 7278 0.937204
7275 CNOT11_14 7283 0.020932
7275 CNOT11_14 7270 0.020932
7275 CNOT11_14 7275 0.020932
7275 CNOT11_8 7275 0.965529
7275 CNOT11_8 7282 0.011490
7275 CNOT11_8 7271 0.011490
7275 CNOT11_8 7278 0.011490
7275 MEAS11 7275 0.943800
7275 MEAS11 7276 0.056200
7275 X14 7283 0.999826
7275 X14 7275 0.000174
7276 CNOT11_14 7277 0.937204
7276 CNOT11_14 7284 0.020932
7276 CNOT11_14 7249 0.020932
7276 CNOT11_14 7276 0.020932
7276 CNOT11_8 7276 0.965529
7276 CNOT11_8 7281 0.011490
7276 CNOT11_8 7272 0.011490
7276 CNOT11_8 7277 0.011490
7276 MEAS11 7275 0.943800
7276 MEAS11 7276 0.056200
7276 X14 7284 0.999826
7276 X14 7276 0.000174
7277 CNOT11_14 7276 0.937204
7277 CNOT11_14 7249 0.020932
7277 CNOT11_14 7284 0.020932
7277 CNOT11_14 7277 0.020932
7277 CNOT11_8 7277 0.965529
7277 CNOT11_8 7272 0.011490
7277 CNOT11_8 7281 0.011490
7277 CNOT11_8 7276 0.011490
7277 MEAS11 7277 0.963600
7277 MEAS11 7278 0.036400
7277 X14 7249 0.999826
7277 X14 7277 0.000174
7278 CNOT11_14 7275 0.937204
7278 CNOT11_14 7270 0.020932
7278 CNOT11_14 7283 0.020932
7278 CNOT11_14 7278 0.020932
7278 CNOT11_8 7278 0.965529
7278 CNOT11_8 7271 0.011490
7278 CNOT11_8 7282 0.011490
7278 CNOT11_8 7275 0.011490
7278 MEAS11 7277 0.963600
7278 MEAS11 7278 0.036400
7278 X14 7270 0.999826
7278 X14 7278 0.000174
7279 CNOT11_14 7279 0.937204
7279 CNOT11_14 7282 0.020932
7279 CNOT11_14 7271 0.020932
7279 CNOT11_14 7274 0.020932
7279 CNOT11_8 7274 0.965529
7279 CNOT11_8 7283 0.011490
7279 CNOT11_8 7270 0.011490
7279 CNOT11_8 7279 0.011490
7279 MEAS11 7279 0.943800
7279 MEAS11 7280 0.056200
7279 X14 7271 0.999826
7279 X14 7279 0.000174
7280 CNOT11_14 7280 0.937204
7280 CNOT11_14 7281 0.020932
7280 CNOT11_14 7272 0.020932
7280 CNOT11_14 7273 0.020932
7280 CNOT11_8 7273 0.965529
7280 CNOT11_8 7284 0.011490
7280 CNOT11_8 7249 0.011490
7280 CNOT11_8 7280 0.011490
7280 MEAS11 7279 0.943800
7280 MEAS11 7280 0.056200
7280 X14 7272 0.999826
7280 X14 7280 0.000174
7281 CNOT11_14 7272 0.937204
7281 CNOT11_14 7273 0.020932
7281 CNOT11_14 7280 0.020932
7281 CNOT11_14 7281 0.020932
7281 CNOT11_8 7272 0.965529
7281 CNOT11_8 7277 0.011490
7281 CNOT11_8 7276 0.011490
7281 CNOT11_8 7281 0.011490
7281 MEAS11 7281 0.963600
7281 MEAS11 7282 0.036400
7281 X14 7273 0.999826
7281 X14 7281 0.000174
7282 CNOT11_14 7271 0.937204
7282 CNOT11_14 7274 0.020932
7282 CNOT11_14 7279 0.020932
7282 CNOT11_14 7282 0.020932
7282 CNOT11_8 7271 0.965529
7282 CNOT11_8 7278 0.011490
7282 CNOT11_8 7275 0.011490
7282 CNOT11_8 7282 0.011490
7282 MEAS11 7281 0.963600
7282 MEAS11 7282 0.036400
7282 X14 7274 0.999826
7282 X14 7282 0.000174
7283 CNOT11_14 7283 0.937204
7283 CNOT11_14 7278 0.020932
7283 CNOT11_14 7275 0.020932
7283 CNOT11_14 7270 0.020932
7283 CNOT11_8 7283 0.965529
7283 CNOT11_8 7274 0.011490
7283 CNOT11_8 7279 0.011490
7283 CNOT11_8 7270 0.011490
7283 MEAS11 7283 0.943800
7283 MEAS11 7284 0.056200
7283 X14 7275 0.999826
7283 X14 7283 0.000174
7284 CNOT11_14 7284 0.937204
7284 CNOT11_14 7277 0.020932
7284 CNOT11_14 7276 0.020932
7284 CNOT11_14 7249 0.020932
7284 CNOT11_8 7284 0.965529
7284 CNOT11_8 7273 0.011490
7284 CNOT11_8 7280 0.011490
7284 CNOT11_8 7249 0.011490
7284 MEAS11 7283 0.943800
7284 MEAS11 7284 0.056200
7284 X14 7276 0.999826
7284 X14 7284 0.000174
7285 CNOT11_14 7262 0.926737
7285 CNOT11_14 7293 0.010466
7285 CNOT11_14 7263 0.010466
7285 CNOT11_14 7294 0.010466
7285 CNOT11_14 7265 0.010466
7285 CNOT11_14 7295 0.010466
7285 CNOT11_14 7264 0.010466
7285 CNOT11_14 7296 0.010466
7285 CNOT11_8 7262 0.959784
7285 CNOT11_8 7293 0.005745
7285 CNOT11_8 7263 0.005745
7285 CNOT11_8 7294 0.005745
7285 CNOT11_8 7265 0.005745
7285 CNOT11_8 7295 0.005745
7285 CNOT11_8 7264 0.005745
7285 CNOT11_8 7296 0.005745
7285 MEAS11 7249 0.481800
7285 MEAS11 7270 0.018200
7285 MEAS11 7271 0.471900
7285 MEAS11 7272 0.028100
7285 X14 7289 0.999739
7285 X14 7285 0.000087
7285 X14 7292 0.000087
7285 X14 7288 0.000087
7286 CNOT11_14 7263 0.926737
7286 CNOT11_14 7296 0.010466
7286 CNOT11_14 7262 0.010466
7286 CNOT11_14 7295 0.010466
7286 CNOT11_14 7264 0.010466
7286 CNOT11_14 7294 0.010466
7286 CNOT11_14 7265 0.010466
7286 CNOT11_14 7293 0.010466
7286 CNOT11_8 7293 0.959784
7286 CNOT11_8 7262 0.005745
7286 CNOT11_8 7296 0.005745
7286 CNOT11_8 7264 0.005745
7286 CNOT11_8 7295 0.005745
7286 CNOT11_8 7265 0.005745
7286 CNOT11_8 7294 0.005745
7286 CNOT11_8 7263 0.005745
7286 MEAS11 7273 0.481800
7286 MEAS11 7274 0.018200
7286 MEAS11 7275 0.471900
7286 MEAS11 7276 0.028100
7286 X14 7291 0.999739
7286 X14 7286 0.000087
7286 X14 7287 0.000087
7286 X14 7290 0.000087
7287 CNOT11_14 7265 0.926737
7287 CNOT11_14 7295 0.010466
7287 CNOT11_14 7264 0.010466
7287 CNOT11_14 7296 0.010466
7287 CNOT11_14 7262 0.010466
7287 CNOT11_14 7293 0.010466
7287 CNOT11_14 7263 0.010466
7287 CNOT11_14 7294 0.010466
7287 CNOT11_8 7294 0.959784
7287 CNOT11_8 7264 0.005745
7287 CNOT11_8 7295 0.005745
7287 CNOT11_8 7262 0.005745
7287 CNOT11_8 7296 0.005745
7287 CNOT11_8 7263 0.005745
7287 CNOT11_8 7293 0.005745
7287 CNOT11_8 7265 0.005745
7287 MEAS11 7273 0.481800
7287 MEAS11 7274 0.018200
7287 MEAS11 7275 0.471900
7287 MEAS11 7276 0.028100
7287 X14 7290 0.999739
7287 X14 7287 0.000087
7287 X14 7286 0.000087
7287 X14 7291 0.000087
7288 CNOT11_14 7294 0.926737
7288 CNOT11_14 7264 0.010466
7288 CNOT11_14 7295 0.010466
7288 CNOT11_14 7262 0.010466
7288 CNOT11_14 7296 0.010466
7288 CNOT11_14 7263 0.010466
7288 CNOT11_14 7293 0.010466
7288 CNOT11_14 7265 0.010466
7288 CNOT11_8 7265 0.959784
7288 CNOT11_8 7295 0.005745
7288 CNOT11_8 7264 0.005745
7288 CNOT11_8 7296 0.005745
7288 CNOT11_8 7262 0.005745
7288 CNOT11_8 7293 0.005745
7288 CNOT11_8 7263 0.005745
7288 CNOT11_8 7294 0.005745
7288 MEAS11 7277 0.481800
7288 MEAS11 7278 0.018200
7288 MEAS11 7279 0.471900
7288 MEAS11 7280 0.028100
7288 X14 7292 0.999739
7288 X14 7288 0.000087
7288 X14 7289 0.000087
7288 X14 7285 0.000087
7289 CNOT11_14 7293 0.926737
7289 CNOT11_14 7262 0.010466
7289 CNOT11_14 7296 0.010466
7289 CNOT11_14 7264 0.010466
7289 CNOT11_14 7295 0.010466
7289 CNOT11_14 7265 0.010466
7289 CNOT11_14 7294 0.010466
7289 CNOT11_14 7263 0.010466
7289 CNOT11_8 7263 0.959784
7289 CNOT11_8 7296 0.005745
7289 CNOT11_8 7262 0.005745
7289 CNOT11_8 7295 0.005745
7289 CNOT11_8 7264 0.005745
7289 CNOT11_8 7294 0.005745
7289 CNOT11_8 7265 0.005745
7289 CNOT11_8 7293 0.005745
7289 MEAS11 7277 0.481800
7289 MEAS11 7278 0.018200
7289 MEAS11 7279 0.471900
7289 MEAS11 7280 0.028100
7289 X14 7285 0.999739
7289 X14 7289 0.000087
7289 X14 7288 0.000087
7289 X14 7292 0.000087
7290 CNOT11_14 7295 0.926737
7290 CNOT11_14 7265 0.010466
7290 CNOT11_14 7294 0.010466
7290 CNOT11_14 7263 0.010466
7290 CNOT11_14 7293 0.010466
7290 CNOT11_14 7262 0.010466
7290 CNOT11_14 7296 0.010466
7290 CNOT11_14 7264 0.010466
7290 CNOT11_8 7295 0.959784
7290 CNOT11_8 7265 0.005745
7290 CNOT11_8 7294 0.005745
7290 CNOT11_8 7263 0.005745
7290 CNOT11_8 7293 0.005745
7290 CNOT11_8 7262 0.005745
7290 CNOT11_8 7296 0.005745
7290 CNOT11_8 7264 0.005745
7290 MEAS11 7281 0.481800
7290 MEAS11 7282 0.018200
7290 MEAS11 7283 0.471900
7290 MEAS11 7284 0.028100
7290 X14 7287 0.999739
7290 X14 7290 0.000087
7290 X14 7291 0.000087
7290 X14 7286 0.000087
7291 CNOT11_14 7296 0.926737
7291 CNOT11_14 7263 0.010466
7291 CNOT11_14 7293 0.010466
7291 CNOT11_14 7265 0.010466
7291 CNOT11_14 7294 0.010466
7291 CNOT11_14 7264 0.010466
7291 CNOT11_14 7295 0.010466
7291 CNOT11_14 7262 0.010466
7291 CNOT11_8 7296 0.959784
7291 CNOT11_8 7263 0.005745
7291 CNOT11_8 7293 0.005745
7291 CNOT11_8 7265 0.005745
7291 CNOT11_8 7294 0.005745
7291 CNOT11_8 7264 0.005745
7291 CNOT11_8 7295 0.005745
7291 CNOT11_8 7262 0.005745
7291 MEAS11 7281 0.481800
7291 MEAS11 7282 0.018200
7291 MEAS11 7283 0.471900
7291 MEAS11 7284 0.028100
7291 X14 7286 0.999739
7291 X14 7291 0.000087
7291 X14 7290 0.000087
7291 X14 7287 0.000087
7292 CNOT11_14 7264 0.926737
7292 CNOT11_14 7294 0.010466
7292 CNOT11_14 7265 0.010466
7292 CNOT11_14 7293 0.010466
7292 CNOT11_14 7263 0.010466
7292 CNOT11_14 7296 0.010466
7292 CNOT11_14 7262 0.010466
7292 CNOT11_14 7295 0.010466
7292 CNOT11_8 7264 0.959784
7292 CNOT11_8 7294 0.005745
7292 CNOT11_8 7265 0.005745
7292 CNOT11_8 7293 0.005745
7292 CNOT11_8 7263 0.005745
7292 CNOT11_8 7296 0.005745
7292 CNOT11_8 7262 0.005745
7292 CNOT11_8 7295 0.005745
7292 MEAS11 7249 0.481800
7292 MEAS11 7270 0.018200
7292 MEAS11 7271 0.471900
7292 MEAS11 7272 0.028100
7292 X14 7288 0.999739
7292 X14 7292 0.000087
7292 X14 7285 0.000087
7292 X14 7289 0.000087
7293 CNOT11_14 7289 0.926737
7293 CNOT11_14 7291 0.010466
7293 CNOT11_14 7290 0.010466
7293 CNOT11_14 7292 0.010466
7293 CNOT11_14 7285 0.010466
7293 CNOT11_14 7287 0.010466
7293 CNOT11_14 7286 0.010466
7293 CNOT11_14 7288 0.010466
7293 CNOT11_8 7286 0.959784
7293 CNOT11_8 7291 0.005745
7293 CNOT11_8 7290 0.005745
7293 CNOT11_8 7292 0.005745
7293 CNOT11_8 7285 0.005745
7293 CNOT11_8 7288 0.005745
7293 CNOT11_8 7289 0.005745
7293 CNOT11_8 7287 0.005745
7293 MEAS11 7293 0.943800
7293 MEAS11 7266 0.056200
7293 X14 7296 0.999739
7293 X14 7293 0.000087
7293 X14 7294 0.000087
7293 X14 7295 0.000087
7294 CNOT11_14 7288 0.926737
7294 CNOT11_14 7290 0.010466
7294 CNOT11_14 7291 0.010466
7294 CNOT11_14 7285 0.010466
7294 CNOT11_14 7292 0.010466
7294 CNOT11_14 7286 0.010466
7294 CNOT11_14 7287 0.010466
7294 CNOT11_14 7289 0.010466
7294 CNOT11_8 7287 0.959784
7294 CNOT11_8 7290 0.005745
7294 CNOT11_8 7291 0.005745
7294 CNOT11_8 7285 0.005745
7294 CNOT11_8 7292 0.005745
7294 CNOT11_8 7289 0.005745
7294 CNOT11_8 7288 0.005745
7294 CNOT11_8 7286 0.005745
7294 MEAS11 7294 0.943800
7294 MEAS11 7267 0.056200
7294 X14 7295 0.999739
7294 X14 7294 0.000087
7294 X14 7293 0.000087
7294 X14 7296 0.000087
7295 CNOT11_14 7290 0.926737
7295 CNOT11_14 7288 0.010466
7295 CNOT11_14 7289 0.010466
7295 CNOT11_14 7286 0.010466
7295 CNOT11_14 7287 0.010466
7295 CNOT11_14 7285 0.010466
7295 CNOT11_14 7292 0.010466
7295 CNOT11_14 7291 0.010466
7295 CNOT11_8 7290 0.959784
7295 CNOT11_8 7287 0.005745
7295 CNOT11_8 7286 0.005745
7295 CNOT11_8 7289 0.005745
7295 CNOT11_8 7288 0.005745
7295 CNOT11_8 7285 0.005745
7295 CNOT11_8 7292 0.005745
7295 CNOT11_8 7291 0.005745
7295 MEAS11 7295 0.943800
7295 MEAS11 7268 0.056200
7295 X14 7294 0.999739
7295 X14 7295 0.000087
7295 X14 7296 0.000087
7295 X14 7293 0.000087
7296 CNOT11_14 7291 0.926737
7296 CNOT11_14 7289 0.010466
7296 CNOT11_14 7288 0.010466
7296 CNOT11_14 7287 0.010466
7296 CNOT11_14 7286 0.010466
7296 CNOT11_14 7292 0.010466
7296 CNOT11_14 7285 0.010466
7296 CNOT11_14 7290 0.010466
7296 CNOT11_8 7291 0.959784
7296 CNOT11_8 7286 0.005745
7296 CNOT11_8 7287 0.005745
7296 CNOT11_8 7288 0.005745
7296 CNOT11_8 7289 0.005745
7296 CNOT11_8 7292 0.005745
7296 CNOT11_8 7285 0.005745
7296 CNOT11_8 7290 0.005745
7296 MEAS11 7296 0.943800
7296 MEAS11 7269 0.056200
7296 X14 7293 0.999739
7296 X14 7296 0.000087
7296 X14 7295 0.000087
7296 X14 7294 0.000087
ENDPOMDP
