BEGINPOMDP
INITIALSTATE: 4513
STATES: 4513,4514,4515,4516,4517,4518,4519,4520,4521,4522,4523,4524,4525,4526,4527,4528,4529,4530,4531,4532,4533,4534,4535,4536,4537,4538,4539,4540,4541,4542,4543,4544,4545,4546,4547,4548,4549,4550,4551,4552,4553,4554,4555,4556,4557,4558,4559,4560
TARGETV: 4514,4516,4518,4523,4524,4525,4526,4528,4532,4533,4549,4554,4555,4556,4559,4560
GAMMA: 4513:0,4514:0,4515:0,4516:0,4517:0,4518:0,4519:0,4520:0,4521:0,4522:0,4523:0,4524:0,4525:0,4526:1,4527:1,4528:1,4529:1,4530:0,4531:0,4532:0,4533:0,4534:1,4535:1,4536:0,4537:0,4538:1,4539:1,4540:0,4541:0,4542:1,4543:1,4544:0,4545:0,4546:1,4547:1,4548:0,4549:1,4550:1,4551:1,4552:1,4553:1,4554:1,4555:1,4556:1,4557:1,4558:1,4559:1,4560:1
BEGINACTIONS
CNOT8_9 Instruction.CNOT 9 8
CNOT8_4 Instruction.CNOT 4 8
MEAS8 Instruction.MEAS None 8
X9 Instruction.X None 9
ENDACTIONS
4513 INIT_ 4514 0.250000
4513 INIT_ 4515 0.250000
4513 INIT_ 4516 0.250000
4513 INIT_ 4517 0.250000
4513 CNOT8_9 4513 0.977666
4513 CNOT8_9 4540 0.007445
4513 CNOT8_9 4541 0.007445
4513 CNOT8_9 4548 0.007445
4513 CNOT8_4 4513 0.972276
4513 CNOT8_4 4544 0.009241
4513 CNOT8_4 4537 0.009241
4513 CNOT8_4 4548 0.009241
4513 MEAS8 4513 0.984000
4513 MEAS8 4534 0.016000
4513 X9 4541 0.994216
4513 X9 4513 0.005784
4514 CNOT8_9 4518 0.973944
4514 CNOT8_9 4519 0.003722
4514 CNOT8_9 4520 0.003722
4514 CNOT8_9 4521 0.003722
4514 CNOT8_9 4522 0.003722
4514 CNOT8_9 4523 0.003722
4514 CNOT8_9 4524 0.003722
4514 CNOT8_9 4525 0.003722
4514 CNOT8_4 4518 0.967656
4514 CNOT8_4 4522 0.004621
4514 CNOT8_4 4521 0.004621
4514 CNOT8_4 4520 0.004621
4514 CNOT8_4 4519 0.004621
4514 CNOT8_4 4523 0.004621
4514 CNOT8_4 4524 0.004621
4514 CNOT8_4 4525 0.004621
4514 MEAS8 4514 0.984000
4514 MEAS8 4526 0.016000
4514 X9 4515 0.991325
4514 X9 4514 0.002892
4514 X9 4516 0.002892
4514 X9 4517 0.002892
4515 CNOT8_9 4519 0.973944
4515 CNOT8_9 4518 0.003722
4515 CNOT8_9 4525 0.003722
4515 CNOT8_9 4523 0.003722
4515 CNOT8_9 4524 0.003722
4515 CNOT8_9 4521 0.003722
4515 CNOT8_9 4522 0.003722
4515 CNOT8_9 4520 0.003722
4515 CNOT8_4 4522 0.967656
4515 CNOT8_4 4518 0.004621
4515 CNOT8_4 4525 0.004621
4515 CNOT8_4 4523 0.004621
4515 CNOT8_4 4524 0.004621
4515 CNOT8_4 4520 0.004621
4515 CNOT8_4 4519 0.004621
4515 CNOT8_4 4521 0.004621
4515 MEAS8 4515 0.984000
4515 MEAS8 4527 0.016000
4515 X9 4514 0.991325
4515 X9 4515 0.002892
4515 X9 4517 0.002892
4515 X9 4516 0.002892
4516 CNOT8_9 4525 0.973944
4516 CNOT8_9 4520 0.003722
4516 CNOT8_9 4519 0.003722
4516 CNOT8_9 4522 0.003722
4516 CNOT8_9 4521 0.003722
4516 CNOT8_9 4524 0.003722
4516 CNOT8_9 4523 0.003722
4516 CNOT8_9 4518 0.003722
4516 CNOT8_4 4525 0.967656
4516 CNOT8_4 4521 0.004621
4516 CNOT8_4 4522 0.004621
4516 CNOT8_4 4519 0.004621
4516 CNOT8_4 4520 0.004621
4516 CNOT8_4 4524 0.004621
4516 CNOT8_4 4523 0.004621
4516 CNOT8_4 4518 0.004621
4516 MEAS8 4516 0.984000
4516 MEAS8 4528 0.016000
4516 X9 4517 0.991325
4516 X9 4516 0.002892
4516 X9 4514 0.002892
4516 X9 4515 0.002892
4517 CNOT8_9 4520 0.973944
4517 CNOT8_9 4525 0.003722
4517 CNOT8_9 4518 0.003722
4517 CNOT8_9 4524 0.003722
4517 CNOT8_9 4523 0.003722
4517 CNOT8_9 4522 0.003722
4517 CNOT8_9 4521 0.003722
4517 CNOT8_9 4519 0.003722
4517 CNOT8_4 4521 0.967656
4517 CNOT8_4 4525 0.004621
4517 CNOT8_4 4518 0.004621
4517 CNOT8_4 4524 0.004621
4517 CNOT8_4 4523 0.004621
4517 CNOT8_4 4519 0.004621
4517 CNOT8_4 4520 0.004621
4517 CNOT8_4 4522 0.004621
4517 MEAS8 4517 0.984000
4517 MEAS8 4529 0.016000
4517 X9 4516 0.991325
4517 X9 4517 0.002892
4517 X9 4515 0.002892
4517 X9 4514 0.002892
4518 CNOT8_9 4514 0.973944
4518 CNOT8_9 4530 0.003722
4518 CNOT8_9 4515 0.003722
4518 CNOT8_9 4531 0.003722
4518 CNOT8_9 4517 0.003722
4518 CNOT8_9 4532 0.003722
4518 CNOT8_9 4516 0.003722
4518 CNOT8_9 4533 0.003722
4518 CNOT8_4 4514 0.967656
4518 CNOT8_4 4530 0.004621
4518 CNOT8_4 4515 0.004621
4518 CNOT8_4 4531 0.004621
4518 CNOT8_4 4517 0.004621
4518 CNOT8_4 4532 0.004621
4518 CNOT8_4 4516 0.004621
4518 CNOT8_4 4533 0.004621
4518 MEAS8 4513 0.492000
4518 MEAS8 4534 0.008000
4518 MEAS8 4535 0.483000
4518 MEAS8 4536 0.017000
4518 X9 4522 0.991325
4518 X9 4518 0.002892
4518 X9 4525 0.002892
4518 X9 4521 0.002892
4519 CNOT8_9 4515 0.973944
4519 CNOT8_9 4533 0.003722
4519 CNOT8_9 4514 0.003722
4519 CNOT8_9 4532 0.003722
4519 CNOT8_9 4516 0.003722
4519 CNOT8_9 4531 0.003722
4519 CNOT8_9 4517 0.003722
4519 CNOT8_9 4530 0.003722
4519 CNOT8_4 4530 0.967656
4519 CNOT8_4 4514 0.004621
4519 CNOT8_4 4533 0.004621
4519 CNOT8_4 4516 0.004621
4519 CNOT8_4 4532 0.004621
4519 CNOT8_4 4517 0.004621
4519 CNOT8_4 4531 0.004621
4519 CNOT8_4 4515 0.004621
4519 MEAS8 4537 0.492000
4519 MEAS8 4538 0.008000
4519 MEAS8 4539 0.483000
4519 MEAS8 4540 0.017000
4519 X9 4524 0.991325
4519 X9 4519 0.002892
4519 X9 4520 0.002892
4519 X9 4523 0.002892
4520 CNOT8_9 4517 0.973944
4520 CNOT8_9 4532 0.003722
4520 CNOT8_9 4516 0.003722
4520 CNOT8_9 4533 0.003722
4520 CNOT8_9 4514 0.003722
4520 CNOT8_9 4530 0.003722
4520 CNOT8_9 4515 0.003722
4520 CNOT8_9 4531 0.003722
4520 CNOT8_4 4531 0.967656
4520 CNOT8_4 4516 0.004621
4520 CNOT8_4 4532 0.004621
4520 CNOT8_4 4514 0.004621
4520 CNOT8_4 4533 0.004621
4520 CNOT8_4 4515 0.004621
4520 CNOT8_4 4530 0.004621
4520 CNOT8_4 4517 0.004621
4520 MEAS8 4537 0.492000
4520 MEAS8 4538 0.008000
4520 MEAS8 4539 0.483000
4520 MEAS8 4540 0.017000
4520 X9 4523 0.991325
4520 X9 4520 0.002892
4520 X9 4519 0.002892
4520 X9 4524 0.002892
4521 CNOT8_9 4531 0.973944
4521 CNOT8_9 4516 0.003722
4521 CNOT8_9 4532 0.003722
4521 CNOT8_9 4514 0.003722
4521 CNOT8_9 4533 0.003722
4521 CNOT8_9 4515 0.003722
4521 CNOT8_9 4530 0.003722
4521 CNOT8_9 4517 0.003722
4521 CNOT8_4 4517 0.967656
4521 CNOT8_4 4532 0.004621
4521 CNOT8_4 4516 0.004621
4521 CNOT8_4 4533 0.004621
4521 CNOT8_4 4514 0.004621
4521 CNOT8_4 4530 0.004621
4521 CNOT8_4 4515 0.004621
4521 CNOT8_4 4531 0.004621
4521 MEAS8 4541 0.492000
4521 MEAS8 4542 0.008000
4521 MEAS8 4543 0.483000
4521 MEAS8 4544 0.017000
4521 X9 4525 0.991325
4521 X9 4521 0.002892
4521 X9 4522 0.002892
4521 X9 4518 0.002892
4522 CNOT8_9 4530 0.973944
4522 CNOT8_9 4514 0.003722
4522 CNOT8_9 4533 0.003722
4522 CNOT8_9 4516 0.003722
4522 CNOT8_9 4532 0.003722
4522 CNOT8_9 4517 0.003722
4522 CNOT8_9 4531 0.003722
4522 CNOT8_9 4515 0.003722
4522 CNOT8_4 4515 0.967656
4522 CNOT8_4 4533 0.004621
4522 CNOT8_4 4514 0.004621
4522 CNOT8_4 4532 0.004621
4522 CNOT8_4 4516 0.004621
4522 CNOT8_4 4531 0.004621
4522 CNOT8_4 4517 0.004621
4522 CNOT8_4 4530 0.004621
4522 MEAS8 4541 0.492000
4522 MEAS8 4542 0.008000
4522 MEAS8 4543 0.483000
4522 MEAS8 4544 0.017000
4522 X9 4518 0.991325
4522 X9 4522 0.002892
4522 X9 4521 0.002892
4522 X9 4525 0.002892
4523 CNOT8_9 4532 0.973944
4523 CNOT8_9 4517 0.003722
4523 CNOT8_9 4531 0.003722
4523 CNOT8_9 4515 0.003722
4523 CNOT8_9 4530 0.003722
4523 CNOT8_9 4514 0.003722
4523 CNOT8_9 4533 0.003722
4523 CNOT8_9 4516 0.003722
4523 CNOT8_4 4532 0.967656
4523 CNOT8_4 4517 0.004621
4523 CNOT8_4 4531 0.004621
4523 CNOT8_4 4515 0.004621
4523 CNOT8_4 4530 0.004621
4523 CNOT8_4 4514 0.004621
4523 CNOT8_4 4533 0.004621
4523 CNOT8_4 4516 0.004621
4523 MEAS8 4545 0.492000
4523 MEAS8 4546 0.008000
4523 MEAS8 4547 0.483000
4523 MEAS8 4548 0.017000
4523 X9 4520 0.991325
4523 X9 4523 0.002892
4523 X9 4524 0.002892
4523 X9 4519 0.002892
4524 CNOT8_9 4533 0.973944
4524 CNOT8_9 4515 0.003722
4524 CNOT8_9 4530 0.003722
4524 CNOT8_9 4517 0.003722
4524 CNOT8_9 4531 0.003722
4524 CNOT8_9 4516 0.003722
4524 CNOT8_9 4532 0.003722
4524 CNOT8_9 4514 0.003722
4524 CNOT8_4 4533 0.967656
4524 CNOT8_4 4515 0.004621
4524 CNOT8_4 4530 0.004621
4524 CNOT8_4 4517 0.004621
4524 CNOT8_4 4531 0.004621
4524 CNOT8_4 4516 0.004621
4524 CNOT8_4 4532 0.004621
4524 CNOT8_4 4514 0.004621
4524 MEAS8 4545 0.492000
4524 MEAS8 4546 0.008000
4524 MEAS8 4547 0.483000
4524 MEAS8 4548 0.017000
4524 X9 4519 0.991325
4524 X9 4524 0.002892
4524 X9 4523 0.002892
4524 X9 4520 0.002892
4525 CNOT8_9 4516 0.973944
4525 CNOT8_9 4531 0.003722
4525 CNOT8_9 4517 0.003722
4525 CNOT8_9 4530 0.003722
4525 CNOT8_9 4515 0.003722
4525 CNOT8_9 4533 0.003722
4525 CNOT8_9 4514 0.003722
4525 CNOT8_9 4532 0.003722
4525 CNOT8_4 4516 0.967656
4525 CNOT8_4 4531 0.004621
4525 CNOT8_4 4517 0.004621
4525 CNOT8_4 4530 0.004621
4525 CNOT8_4 4515 0.004621
4525 CNOT8_4 4533 0.004621
4525 CNOT8_4 4514 0.004621
4525 CNOT8_4 4532 0.004621
4525 MEAS8 4513 0.492000
4525 MEAS8 4534 0.008000
4525 MEAS8 4535 0.483000
4525 MEAS8 4536 0.017000
4525 X9 4521 0.991325
4525 X9 4525 0.002892
4525 X9 4518 0.002892
4525 X9 4522 0.002892
4526 CNOT8_9 4549 0.973944
4526 CNOT8_9 4550 0.003722
4526 CNOT8_9 4551 0.003722
4526 CNOT8_9 4552 0.003722
4526 CNOT8_9 4553 0.003722
4526 CNOT8_9 4554 0.003722
4526 CNOT8_9 4555 0.003722
4526 CNOT8_9 4556 0.003722
4526 CNOT8_4 4549 0.967656
4526 CNOT8_4 4553 0.004621
4526 CNOT8_4 4552 0.004621
4526 CNOT8_4 4551 0.004621
4526 CNOT8_4 4550 0.004621
4526 CNOT8_4 4554 0.004621
4526 CNOT8_4 4555 0.004621
4526 CNOT8_4 4556 0.004621
4526 MEAS8 4514 0.984000
4526 MEAS8 4526 0.016000
4526 X9 4527 0.991325
4526 X9 4526 0.002892
4526 X9 4528 0.002892
4526 X9 4529 0.002892
4527 CNOT8_9 4550 0.973944
4527 CNOT8_9 4549 0.003722
4527 CNOT8_9 4556 0.003722
4527 CNOT8_9 4554 0.003722
4527 CNOT8_9 4555 0.003722
4527 CNOT8_9 4552 0.003722
4527 CNOT8_9 4553 0.003722
4527 CNOT8_9 4551 0.003722
4527 CNOT8_4 4553 0.967656
4527 CNOT8_4 4549 0.004621
4527 CNOT8_4 4556 0.004621
4527 CNOT8_4 4554 0.004621
4527 CNOT8_4 4555 0.004621
4527 CNOT8_4 4551 0.004621
4527 CNOT8_4 4550 0.004621
4527 CNOT8_4 4552 0.004621
4527 MEAS8 4515 0.984000
4527 MEAS8 4527 0.016000
4527 X9 4526 0.991325
4527 X9 4527 0.002892
4527 X9 4529 0.002892
4527 X9 4528 0.002892
4528 CNOT8_9 4556 0.973944
4528 CNOT8_9 4551 0.003722
4528 CNOT8_9 4550 0.003722
4528 CNOT8_9 4553 0.003722
4528 CNOT8_9 4552 0.003722
4528 CNOT8_9 4555 0.003722
4528 CNOT8_9 4554 0.003722
4528 CNOT8_9 4549 0.003722
4528 CNOT8_4 4556 0.967656
4528 CNOT8_4 4552 0.004621
4528 CNOT8_4 4553 0.004621
4528 CNOT8_4 4550 0.004621
4528 CNOT8_4 4551 0.004621
4528 CNOT8_4 4555 0.004621
4528 CNOT8_4 4554 0.004621
4528 CNOT8_4 4549 0.004621
4528 MEAS8 4516 0.984000
4528 MEAS8 4528 0.016000
4528 X9 4529 0.991325
4528 X9 4528 0.002892
4528 X9 4526 0.002892
4528 X9 4527 0.002892
4529 CNOT8_9 4551 0.973944
4529 CNOT8_9 4556 0.003722
4529 CNOT8_9 4549 0.003722
4529 CNOT8_9 4555 0.003722
4529 CNOT8_9 4554 0.003722
4529 CNOT8_9 4553 0.003722
4529 CNOT8_9 4552 0.003722
4529 CNOT8_9 4550 0.003722
4529 CNOT8_4 4552 0.967656
4529 CNOT8_4 4556 0.004621
4529 CNOT8_4 4549 0.004621
4529 CNOT8_4 4555 0.004621
4529 CNOT8_4 4554 0.004621
4529 CNOT8_4 4550 0.004621
4529 CNOT8_4 4551 0.004621
4529 CNOT8_4 4553 0.004621
4529 MEAS8 4517 0.984000
4529 MEAS8 4529 0.016000
4529 X9 4528 0.991325
4529 X9 4529 0.002892
4529 X9 4527 0.002892
4529 X9 4526 0.002892
4530 CNOT8_9 4522 0.973944
4530 CNOT8_9 4524 0.003722
4530 CNOT8_9 4523 0.003722
4530 CNOT8_9 4525 0.003722
4530 CNOT8_9 4518 0.003722
4530 CNOT8_9 4520 0.003722
4530 CNOT8_9 4519 0.003722
4530 CNOT8_9 4521 0.003722
4530 CNOT8_4 4519 0.967656
4530 CNOT8_4 4524 0.004621
4530 CNOT8_4 4523 0.004621
4530 CNOT8_4 4525 0.004621
4530 CNOT8_4 4518 0.004621
4530 CNOT8_4 4521 0.004621
4530 CNOT8_4 4522 0.004621
4530 CNOT8_4 4520 0.004621
4530 MEAS8 4557 0.966000
4530 MEAS8 4530 0.034000
4530 X9 4533 0.991325
4530 X9 4530 0.002892
4530 X9 4531 0.002892
4530 X9 4532 0.002892
4531 CNOT8_9 4521 0.973944
4531 CNOT8_9 4523 0.003722
4531 CNOT8_9 4524 0.003722
4531 CNOT8_9 4518 0.003722
4531 CNOT8_9 4525 0.003722
4531 CNOT8_9 4519 0.003722
4531 CNOT8_9 4520 0.003722
4531 CNOT8_9 4522 0.003722
4531 CNOT8_4 4520 0.967656
4531 CNOT8_4 4523 0.004621
4531 CNOT8_4 4524 0.004621
4531 CNOT8_4 4518 0.004621
4531 CNOT8_4 4525 0.004621
4531 CNOT8_4 4522 0.004621
4531 CNOT8_4 4521 0.004621
4531 CNOT8_4 4519 0.004621
4531 MEAS8 4558 0.966000
4531 MEAS8 4531 0.034000
4531 X9 4532 0.991325
4531 X9 4531 0.002892
4531 X9 4530 0.002892
4531 X9 4533 0.002892
4532 CNOT8_9 4523 0.973944
4532 CNOT8_9 4521 0.003722
4532 CNOT8_9 4522 0.003722
4532 CNOT8_9 4519 0.003722
4532 CNOT8_9 4520 0.003722
4532 CNOT8_9 4518 0.003722
4532 CNOT8_9 4525 0.003722
4532 CNOT8_9 4524 0.003722
4532 CNOT8_4 4523 0.967656
4532 CNOT8_4 4520 0.004621
4532 CNOT8_4 4519 0.004621
4532 CNOT8_4 4522 0.004621
4532 CNOT8_4 4521 0.004621
4532 CNOT8_4 4518 0.004621
4532 CNOT8_4 4525 0.004621
4532 CNOT8_4 4524 0.004621
4532 MEAS8 4559 0.966000
4532 MEAS8 4532 0.034000
4532 X9 4531 0.991325
4532 X9 4532 0.002892
4532 X9 4533 0.002892
4532 X9 4530 0.002892
4533 CNOT8_9 4524 0.973944
4533 CNOT8_9 4522 0.003722
4533 CNOT8_9 4521 0.003722
4533 CNOT8_9 4520 0.003722
4533 CNOT8_9 4519 0.003722
4533 CNOT8_9 4525 0.003722
4533 CNOT8_9 4518 0.003722
4533 CNOT8_9 4523 0.003722
4533 CNOT8_4 4524 0.967656
4533 CNOT8_4 4519 0.004621
4533 CNOT8_4 4520 0.004621
4533 CNOT8_4 4521 0.004621
4533 CNOT8_4 4522 0.004621
4533 CNOT8_4 4525 0.004621
4533 CNOT8_4 4518 0.004621
4533 CNOT8_4 4523 0.004621
4533 MEAS8 4560 0.966000
4533 MEAS8 4533 0.034000
4533 X9 4530 0.991325
4533 X9 4533 0.002892
4533 X9 4532 0.002892
4533 X9 4531 0.002892
4534 CNOT8_9 4534 0.977666
4534 CNOT8_9 4539 0.007445
4534 CNOT8_9 4542 0.007445
4534 CNOT8_9 4547 0.007445
4534 CNOT8_4 4534 0.972276
4534 CNOT8_4 4543 0.009241
4534 CNOT8_4 4538 0.009241
4534 CNOT8_4 4547 0.009241
4534 MEAS8 4513 0.984000
4534 MEAS8 4534 0.016000
4534 X9 4542 0.994216
4534 X9 4534 0.005784
4535 CNOT8_9 4546 0.977666
4535 CNOT8_9 4543 0.007445
4535 CNOT8_9 4538 0.007445
4535 CNOT8_9 4535 0.007445
4535 CNOT8_4 4546 0.972276
4535 CNOT8_4 4539 0.009241
4535 CNOT8_4 4542 0.009241
4535 CNOT8_4 4535 0.009241
4535 MEAS8 4535 0.966000
4535 MEAS8 4536 0.034000
4535 X9 4543 0.994216
4535 X9 4535 0.005784
4536 CNOT8_9 4545 0.977666
4536 CNOT8_9 4544 0.007445
4536 CNOT8_9 4537 0.007445
4536 CNOT8_9 4536 0.007445
4536 CNOT8_4 4545 0.972276
4536 CNOT8_4 4540 0.009241
4536 CNOT8_4 4541 0.009241
4536 CNOT8_4 4536 0.009241
4536 MEAS8 4535 0.966000
4536 MEAS8 4536 0.034000
4536 X9 4544 0.994216
4536 X9 4536 0.005784
4537 CNOT8_9 4537 0.977666
4537 CNOT8_9 4536 0.007445
4537 CNOT8_9 4545 0.007445
4537 CNOT8_9 4544 0.007445
4537 CNOT8_4 4544 0.972276
4537 CNOT8_4 4513 0.009241
4537 CNOT8_4 4548 0.009241
4537 CNOT8_4 4537 0.009241
4537 MEAS8 4537 0.984000
4537 MEAS8 4538 0.016000
4537 X9 4545 0.994216
4537 X9 4537 0.005784
4538 CNOT8_9 4538 0.977666
4538 CNOT8_9 4535 0.007445
4538 CNOT8_9 4546 0.007445
4538 CNOT8_9 4543 0.007445
4538 CNOT8_4 4543 0.972276
4538 CNOT8_4 4534 0.009241
4538 CNOT8_4 4547 0.009241
4538 CNOT8_4 4538 0.009241
4538 MEAS8 4537 0.984000
4538 MEAS8 4538 0.016000
4538 X9 4546 0.994216
4538 X9 4538 0.005784
4539 CNOT8_9 4542 0.977666
4539 CNOT8_9 4547 0.007445
4539 CNOT8_9 4534 0.007445
4539 CNOT8_9 4539 0.007445
4539 CNOT8_4 4539 0.972276
4539 CNOT8_4 4546 0.009241
4539 CNOT8_4 4535 0.009241
4539 CNOT8_4 4542 0.009241
4539 MEAS8 4539 0.966000
4539 MEAS8 4540 0.034000
4539 X9 4547 0.994216
4539 X9 4539 0.005784
4540 CNOT8_9 4541 0.977666
4540 CNOT8_9 4548 0.007445
4540 CNOT8_9 4513 0.007445
4540 CNOT8_9 4540 0.007445
4540 CNOT8_4 4540 0.972276
4540 CNOT8_4 4545 0.009241
4540 CNOT8_4 4536 0.009241
4540 CNOT8_4 4541 0.009241
4540 MEAS8 4539 0.966000
4540 MEAS8 4540 0.034000
4540 X9 4548 0.994216
4540 X9 4540 0.005784
4541 CNOT8_9 4540 0.977666
4541 CNOT8_9 4513 0.007445
4541 CNOT8_9 4548 0.007445
4541 CNOT8_9 4541 0.007445
4541 CNOT8_4 4541 0.972276
4541 CNOT8_4 4536 0.009241
4541 CNOT8_4 4545 0.009241
4541 CNOT8_4 4540 0.009241
4541 MEAS8 4541 0.984000
4541 MEAS8 4542 0.016000
4541 X9 4513 0.994216
4541 X9 4541 0.005784
4542 CNOT8_9 4539 0.977666
4542 CNOT8_9 4534 0.007445
4542 CNOT8_9 4547 0.007445
4542 CNOT8_9 4542 0.007445
4542 CNOT8_4 4542 0.972276
4542 CNOT8_4 4535 0.009241
4542 CNOT8_4 4546 0.009241
4542 CNOT8_4 4539 0.009241
4542 MEAS8 4541 0.984000
4542 MEAS8 4542 0.016000
4542 X9 4534 0.994216
4542 X9 4542 0.005784
4543 CNOT8_9 4543 0.977666
4543 CNOT8_9 4546 0.007445
4543 CNOT8_9 4535 0.007445
4543 CNOT8_9 4538 0.007445
4543 CNOT8_4 4538 0.972276
4543 CNOT8_4 4547 0.009241
4543 CNOT8_4 4534 0.009241
4543 CNOT8_4 4543 0.009241
4543 MEAS8 4543 0.966000
4543 MEAS8 4544 0.034000
4543 X9 4535 0.994216
4543 X9 4543 0.005784
4544 CNOT8_9 4544 0.977666
4544 CNOT8_9 4545 0.007445
4544 CNOT8_9 4536 0.007445
4544 CNOT8_9 4537 0.007445
4544 CNOT8_4 4537 0.972276
4544 CNOT8_4 4548 0.009241
4544 CNOT8_4 4513 0.009241
4544 CNOT8_4 4544 0.009241
4544 MEAS8 4543 0.966000
4544 MEAS8 4544 0.034000
4544 X9 4536 0.994216
4544 X9 4544 0.005784
4545 CNOT8_9 4536 0.977666
4545 CNOT8_9 4537 0.007445
4545 CNOT8_9 4544 0.007445
4545 CNOT8_9 4545 0.007445
4545 CNOT8_4 4536 0.972276
4545 CNOT8_4 4541 0.009241
4545 CNOT8_4 4540 0.009241
4545 CNOT8_4 4545 0.009241
4545 MEAS8 4545 0.984000
4545 MEAS8 4546 0.016000
4545 X9 4537 0.994216
4545 X9 4545 0.005784
4546 CNOT8_9 4535 0.977666
4546 CNOT8_9 4538 0.007445
4546 CNOT8_9 4543 0.007445
4546 CNOT8_9 4546 0.007445
4546 CNOT8_4 4535 0.972276
4546 CNOT8_4 4542 0.009241
4546 CNOT8_4 4539 0.009241
4546 CNOT8_4 4546 0.009241
4546 MEAS8 4545 0.984000
4546 MEAS8 4546 0.016000
4546 X9 4538 0.994216
4546 X9 4546 0.005784
4547 CNOT8_9 4547 0.977666
4547 CNOT8_9 4542 0.007445
4547 CNOT8_9 4539 0.007445
4547 CNOT8_9 4534 0.007445
4547 CNOT8_4 4547 0.972276
4547 CNOT8_4 4538 0.009241
4547 CNOT8_4 4543 0.009241
4547 CNOT8_4 4534 0.009241
4547 MEAS8 4547 0.966000
4547 MEAS8 4548 0.034000
4547 X9 4539 0.994216
4547 X9 4547 0.005784
4548 CNOT8_9 4548 0.977666
4548 CNOT8_9 4541 0.007445
4548 CNOT8_9 4540 0.007445
4548 CNOT8_9 4513 0.007445
4548 CNOT8_4 4548 0.972276
4548 CNOT8_4 4537 0.009241
4548 CNOT8_4 4544 0.009241
4548 CNOT8_4 4513 0.009241
4548 MEAS8 4547 0.966000
4548 MEAS8 4548 0.034000
4548 X9 4540 0.994216
4548 X9 4548 0.005784
4549 CNOT8_9 4526 0.973944
4549 CNOT8_9 4557 0.003722
4549 CNOT8_9 4527 0.003722
4549 CNOT8_9 4558 0.003722
4549 CNOT8_9 4529 0.003722
4549 CNOT8_9 4559 0.003722
4549 CNOT8_9 4528 0.003722
4549 CNOT8_9 4560 0.003722
4549 CNOT8_4 4526 0.967656
4549 CNOT8_4 4557 0.004621
4549 CNOT8_4 4527 0.004621
4549 CNOT8_4 4558 0.004621
4549 CNOT8_4 4529 0.004621
4549 CNOT8_4 4559 0.004621
4549 CNOT8_4 4528 0.004621
4549 CNOT8_4 4560 0.004621
4549 MEAS8 4513 0.492000
4549 MEAS8 4534 0.008000
4549 MEAS8 4535 0.483000
4549 MEAS8 4536 0.017000
4549 X9 4553 0.991325
4549 X9 4549 0.002892
4549 X9 4556 0.002892
4549 X9 4552 0.002892
4550 CNOT8_9 4527 0.973944
4550 CNOT8_9 4560 0.003722
4550 CNOT8_9 4526 0.003722
4550 CNOT8_9 4559 0.003722
4550 CNOT8_9 4528 0.003722
4550 CNOT8_9 4558 0.003722
4550 CNOT8_9 4529 0.003722
4550 CNOT8_9 4557 0.003722
4550 CNOT8_4 4557 0.967656
4550 CNOT8_4 4526 0.004621
4550 CNOT8_4 4560 0.004621
4550 CNOT8_4 4528 0.004621
4550 CNOT8_4 4559 0.004621
4550 CNOT8_4 4529 0.004621
4550 CNOT8_4 4558 0.004621
4550 CNOT8_4 4527 0.004621
4550 MEAS8 4537 0.492000
4550 MEAS8 4538 0.008000
4550 MEAS8 4539 0.483000
4550 MEAS8 4540 0.017000
4550 X9 4555 0.991325
4550 X9 4550 0.002892
4550 X9 4551 0.002892
4550 X9 4554 0.002892
4551 CNOT8_9 4529 0.973944
4551 CNOT8_9 4559 0.003722
4551 CNOT8_9 4528 0.003722
4551 CNOT8_9 4560 0.003722
4551 CNOT8_9 4526 0.003722
4551 CNOT8_9 4557 0.003722
4551 CNOT8_9 4527 0.003722
4551 CNOT8_9 4558 0.003722
4551 CNOT8_4 4558 0.967656
4551 CNOT8_4 4528 0.004621
4551 CNOT8_4 4559 0.004621
4551 CNOT8_4 4526 0.004621
4551 CNOT8_4 4560 0.004621
4551 CNOT8_4 4527 0.004621
4551 CNOT8_4 4557 0.004621
4551 CNOT8_4 4529 0.004621
4551 MEAS8 4537 0.492000
4551 MEAS8 4538 0.008000
4551 MEAS8 4539 0.483000
4551 MEAS8 4540 0.017000
4551 X9 4554 0.991325
4551 X9 4551 0.002892
4551 X9 4550 0.002892
4551 X9 4555 0.002892
4552 CNOT8_9 4558 0.973944
4552 CNOT8_9 4528 0.003722
4552 CNOT8_9 4559 0.003722
4552 CNOT8_9 4526 0.003722
4552 CNOT8_9 4560 0.003722
4552 CNOT8_9 4527 0.003722
4552 CNOT8_9 4557 0.003722
4552 CNOT8_9 4529 0.003722
4552 CNOT8_4 4529 0.967656
4552 CNOT8_4 4559 0.004621
4552 CNOT8_4 4528 0.004621
4552 CNOT8_4 4560 0.004621
4552 CNOT8_4 4526 0.004621
4552 CNOT8_4 4557 0.004621
4552 CNOT8_4 4527 0.004621
4552 CNOT8_4 4558 0.004621
4552 MEAS8 4541 0.492000
4552 MEAS8 4542 0.008000
4552 MEAS8 4543 0.483000
4552 MEAS8 4544 0.017000
4552 X9 4556 0.991325
4552 X9 4552 0.002892
4552 X9 4553 0.002892
4552 X9 4549 0.002892
4553 CNOT8_9 4557 0.973944
4553 CNOT8_9 4526 0.003722
4553 CNOT8_9 4560 0.003722
4553 CNOT8_9 4528 0.003722
4553 CNOT8_9 4559 0.003722
4553 CNOT8_9 4529 0.003722
4553 CNOT8_9 4558 0.003722
4553 CNOT8_9 4527 0.003722
4553 CNOT8_4 4527 0.967656
4553 CNOT8_4 4560 0.004621
4553 CNOT8_4 4526 0.004621
4553 CNOT8_4 4559 0.004621
4553 CNOT8_4 4528 0.004621
4553 CNOT8_4 4558 0.004621
4553 CNOT8_4 4529 0.004621
4553 CNOT8_4 4557 0.004621
4553 MEAS8 4541 0.492000
4553 MEAS8 4542 0.008000
4553 MEAS8 4543 0.483000
4553 MEAS8 4544 0.017000
4553 X9 4549 0.991325
4553 X9 4553 0.002892
4553 X9 4552 0.002892
4553 X9 4556 0.002892
4554 CNOT8_9 4559 0.973944
4554 CNOT8_9 4529 0.003722
4554 CNOT8_9 4558 0.003722
4554 CNOT8_9 4527 0.003722
4554 CNOT8_9 4557 0.003722
4554 CNOT8_9 4526 0.003722
4554 CNOT8_9 4560 0.003722
4554 CNOT8_9 4528 0.003722
4554 CNOT8_4 4559 0.967656
4554 CNOT8_4 4529 0.004621
4554 CNOT8_4 4558 0.004621
4554 CNOT8_4 4527 0.004621
4554 CNOT8_4 4557 0.004621
4554 CNOT8_4 4526 0.004621
4554 CNOT8_4 4560 0.004621
4554 CNOT8_4 4528 0.004621
4554 MEAS8 4545 0.492000
4554 MEAS8 4546 0.008000
4554 MEAS8 4547 0.483000
4554 MEAS8 4548 0.017000
4554 X9 4551 0.991325
4554 X9 4554 0.002892
4554 X9 4555 0.002892
4554 X9 4550 0.002892
4555 CNOT8_9 4560 0.973944
4555 CNOT8_9 4527 0.003722
4555 CNOT8_9 4557 0.003722
4555 CNOT8_9 4529 0.003722
4555 CNOT8_9 4558 0.003722
4555 CNOT8_9 4528 0.003722
4555 CNOT8_9 4559 0.003722
4555 CNOT8_9 4526 0.003722
4555 CNOT8_4 4560 0.967656
4555 CNOT8_4 4527 0.004621
4555 CNOT8_4 4557 0.004621
4555 CNOT8_4 4529 0.004621
4555 CNOT8_4 4558 0.004621
4555 CNOT8_4 4528 0.004621
4555 CNOT8_4 4559 0.004621
4555 CNOT8_4 4526 0.004621
4555 MEAS8 4545 0.492000
4555 MEAS8 4546 0.008000
4555 MEAS8 4547 0.483000
4555 MEAS8 4548 0.017000
4555 X9 4550 0.991325
4555 X9 4555 0.002892
4555 X9 4554 0.002892
4555 X9 4551 0.002892
4556 CNOT8_9 4528 0.973944
4556 CNOT8_9 4558 0.003722
4556 CNOT8_9 4529 0.003722
4556 CNOT8_9 4557 0.003722
4556 CNOT8_9 4527 0.003722
4556 CNOT8_9 4560 0.003722
4556 CNOT8_9 4526 0.003722
4556 CNOT8_9 4559 0.003722
4556 CNOT8_4 4528 0.967656
4556 CNOT8_4 4558 0.004621
4556 CNOT8_4 4529 0.004621
4556 CNOT8_4 4557 0.004621
4556 CNOT8_4 4527 0.004621
4556 CNOT8_4 4560 0.004621
4556 CNOT8_4 4526 0.004621
4556 CNOT8_4 4559 0.004621
4556 MEAS8 4513 0.492000
4556 MEAS8 4534 0.008000
4556 MEAS8 4535 0.483000
4556 MEAS8 4536 0.017000
4556 X9 4552 0.991325
4556 X9 4556 0.002892
4556 X9 4549 0.002892
4556 X9 4553 0.002892
4557 CNOT8_9 4553 0.973944
4557 CNOT8_9 4555 0.003722
4557 CNOT8_9 4554 0.003722
4557 CNOT8_9 4556 0.003722
4557 CNOT8_9 4549 0.003722
4557 CNOT8_9 4551 0.003722
4557 CNOT8_9 4550 0.003722
4557 CNOT8_9 4552 0.003722
4557 CNOT8_4 4550 0.967656
4557 CNOT8_4 4555 0.004621
4557 CNOT8_4 4554 0.004621
4557 CNOT8_4 4556 0.004621
4557 CNOT8_4 4549 0.004621
4557 CNOT8_4 4552 0.004621
4557 CNOT8_4 4553 0.004621
4557 CNOT8_4 4551 0.004621
4557 MEAS8 4557 0.966000
4557 MEAS8 4530 0.034000
4557 X9 4560 0.991325
4557 X9 4557 0.002892
4557 X9 4558 0.002892
4557 X9 4559 0.002892
4558 CNOT8_9 4552 0.973944
4558 CNOT8_9 4554 0.003722
4558 CNOT8_9 4555 0.003722
4558 CNOT8_9 4549 0.003722
4558 CNOT8_9 4556 0.003722
4558 CNOT8_9 4550 0.003722
4558 CNOT8_9 4551 0.003722
4558 CNOT8_9 4553 0.003722
4558 CNOT8_4 4551 0.967656
4558 CNOT8_4 4554 0.004621
4558 CNOT8_4 4555 0.004621
4558 CNOT8_4 4549 0.004621
4558 CNOT8_4 4556 0.004621
4558 CNOT8_4 4553 0.004621
4558 CNOT8_4 4552 0.004621
4558 CNOT8_4 4550 0.004621
4558 MEAS8 4558 0.966000
4558 MEAS8 4531 0.034000
4558 X9 4559 0.991325
4558 X9 4558 0.002892
4558 X9 4557 0.002892
4558 X9 4560 0.002892
4559 CNOT8_9 4554 0.973944
4559 CNOT8_9 4552 0.003722
4559 CNOT8_9 4553 0.003722
4559 CNOT8_9 4550 0.003722
4559 CNOT8_9 4551 0.003722
4559 CNOT8_9 4549 0.003722
4559 CNOT8_9 4556 0.003722
4559 CNOT8_9 4555 0.003722
4559 CNOT8_4 4554 0.967656
4559 CNOT8_4 4551 0.004621
4559 CNOT8_4 4550 0.004621
4559 CNOT8_4 4553 0.004621
4559 CNOT8_4 4552 0.004621
4559 CNOT8_4 4549 0.004621
4559 CNOT8_4 4556 0.004621
4559 CNOT8_4 4555 0.004621
4559 MEAS8 4559 0.966000
4559 MEAS8 4532 0.034000
4559 X9 4558 0.991325
4559 X9 4559 0.002892
4559 X9 4560 0.002892
4559 X9 4557 0.002892
4560 CNOT8_9 4555 0.973944
4560 CNOT8_9 4553 0.003722
4560 CNOT8_9 4552 0.003722
4560 CNOT8_9 4551 0.003722
4560 CNOT8_9 4550 0.003722
4560 CNOT8_9 4556 0.003722
4560 CNOT8_9 4549 0.003722
4560 CNOT8_9 4554 0.003722
4560 CNOT8_4 4555 0.967656
4560 CNOT8_4 4550 0.004621
4560 CNOT8_4 4551 0.004621
4560 CNOT8_4 4552 0.004621
4560 CNOT8_4 4553 0.004621
4560 CNOT8_4 4556 0.004621
4560 CNOT8_4 4549 0.004621
4560 CNOT8_4 4554 0.004621
4560 MEAS8 4560 0.966000
4560 MEAS8 4533 0.034000
4560 X9 4557 0.991325
4560 X9 4560 0.002892
4560 X9 4559 0.002892
4560 X9 4558 0.002892
ENDPOMDP
