BEGINPOMDP
INITIALSTATE: 7969
STATES: 7969,7970,7971,7972,7973,7974,7975,7976,7977,7978,7979,7980,7981,7982,7983,7984,7985,7986,7987,7988,7989,7990,7991,7992,7993,7994,7995,7996,7997,7998,7999,8000,8001,8002,8003,8004,8005,8006,8007,8008,8009,8010,8011,8012,8013,8014,8015,8016
TARGETV: 7970,7972,7974,7979,7980,7981,7982,7984,7988,7989,8005,8010,8011,8012,8015,8016
GAMMA: 7969:0,7970:0,7971:0,7972:0,7973:0,7974:0,7975:0,7976:0,7977:0,7978:0,7979:0,7980:0,7981:0,7982:1,7983:1,7984:1,7985:1,7986:0,7987:0,7988:0,7989:0,7990:1,7991:1,7992:0,7993:0,7994:1,7995:1,7996:0,7997:0,7998:1,7999:1,8000:0,8001:0,8002:1,8003:1,8004:0,8005:1,8006:1,8007:1,8008:1,8009:1,8010:1,8011:1,8012:1,8013:1,8014:1,8015:1,8016:1
BEGINACTIONS
CNOT13_14 Instruction.CNOT 14 13
CNOT13_12 Instruction.CNOT 12 13
MEAS13 Instruction.MEAS None 13
X14 Instruction.X None 14
ENDACTIONS
7969 INIT_ 7970 0.250000
7969 INIT_ 7971 0.250000
7969 INIT_ 7972 0.250000
7969 INIT_ 7973 0.250000
7969 CNOT13_14 7969 0.992651
7969 CNOT13_14 7996 0.002450
7969 CNOT13_14 7997 0.002450
7969 CNOT13_14 8004 0.002450
7969 CNOT13_12 7969 0.992998
7969 CNOT13_12 8000 0.002334
7969 CNOT13_12 7993 0.002334
7969 CNOT13_12 8004 0.002334
7969 MEAS13 7969 0.997000
7969 MEAS13 7990 0.003000
7969 X14 7997 0.999778
7969 X14 7969 0.000222
7970 CNOT13_14 7974 0.991426
7970 CNOT13_14 7975 0.001225
7970 CNOT13_14 7976 0.001225
7970 CNOT13_14 7977 0.001225
7970 CNOT13_14 7978 0.001225
7970 CNOT13_14 7979 0.001225
7970 CNOT13_14 7980 0.001225
7970 CNOT13_14 7981 0.001225
7970 CNOT13_12 7974 0.991831
7970 CNOT13_12 7978 0.001167
7970 CNOT13_12 7977 0.001167
7970 CNOT13_12 7976 0.001167
7970 CNOT13_12 7975 0.001167
7970 CNOT13_12 7979 0.001167
7970 CNOT13_12 7980 0.001167
7970 CNOT13_12 7981 0.001167
7970 MEAS13 7970 0.997000
7970 MEAS13 7982 0.003000
7970 X14 7971 0.999667
7970 X14 7970 0.000111
7970 X14 7972 0.000111
7970 X14 7973 0.000111
7971 CNOT13_14 7975 0.991426
7971 CNOT13_14 7974 0.001225
7971 CNOT13_14 7981 0.001225
7971 CNOT13_14 7979 0.001225
7971 CNOT13_14 7980 0.001225
7971 CNOT13_14 7977 0.001225
7971 CNOT13_14 7978 0.001225
7971 CNOT13_14 7976 0.001225
7971 CNOT13_12 7978 0.991831
7971 CNOT13_12 7974 0.001167
7971 CNOT13_12 7981 0.001167
7971 CNOT13_12 7979 0.001167
7971 CNOT13_12 7980 0.001167
7971 CNOT13_12 7976 0.001167
7971 CNOT13_12 7975 0.001167
7971 CNOT13_12 7977 0.001167
7971 MEAS13 7971 0.997000
7971 MEAS13 7983 0.003000
7971 X14 7970 0.999667
7971 X14 7971 0.000111
7971 X14 7973 0.000111
7971 X14 7972 0.000111
7972 CNOT13_14 7981 0.991426
7972 CNOT13_14 7976 0.001225
7972 CNOT13_14 7975 0.001225
7972 CNOT13_14 7978 0.001225
7972 CNOT13_14 7977 0.001225
7972 CNOT13_14 7980 0.001225
7972 CNOT13_14 7979 0.001225
7972 CNOT13_14 7974 0.001225
7972 CNOT13_12 7981 0.991831
7972 CNOT13_12 7977 0.001167
7972 CNOT13_12 7978 0.001167
7972 CNOT13_12 7975 0.001167
7972 CNOT13_12 7976 0.001167
7972 CNOT13_12 7980 0.001167
7972 CNOT13_12 7979 0.001167
7972 CNOT13_12 7974 0.001167
7972 MEAS13 7972 0.997000
7972 MEAS13 7984 0.003000
7972 X14 7973 0.999667
7972 X14 7972 0.000111
7972 X14 7970 0.000111
7972 X14 7971 0.000111
7973 CNOT13_14 7976 0.991426
7973 CNOT13_14 7981 0.001225
7973 CNOT13_14 7974 0.001225
7973 CNOT13_14 7980 0.001225
7973 CNOT13_14 7979 0.001225
7973 CNOT13_14 7978 0.001225
7973 CNOT13_14 7977 0.001225
7973 CNOT13_14 7975 0.001225
7973 CNOT13_12 7977 0.991831
7973 CNOT13_12 7981 0.001167
7973 CNOT13_12 7974 0.001167
7973 CNOT13_12 7980 0.001167
7973 CNOT13_12 7979 0.001167
7973 CNOT13_12 7975 0.001167
7973 CNOT13_12 7976 0.001167
7973 CNOT13_12 7978 0.001167
7973 MEAS13 7973 0.997000
7973 MEAS13 7985 0.003000
7973 X14 7972 0.999667
7973 X14 7973 0.000111
7973 X14 7971 0.000111
7973 X14 7970 0.000111
7974 CNOT13_14 7970 0.991426
7974 CNOT13_14 7986 0.001225
7974 CNOT13_14 7971 0.001225
7974 CNOT13_14 7987 0.001225
7974 CNOT13_14 7973 0.001225
7974 CNOT13_14 7988 0.001225
7974 CNOT13_14 7972 0.001225
7974 CNOT13_14 7989 0.001225
7974 CNOT13_12 7970 0.991831
7974 CNOT13_12 7986 0.001167
7974 CNOT13_12 7971 0.001167
7974 CNOT13_12 7987 0.001167
7974 CNOT13_12 7973 0.001167
7974 CNOT13_12 7988 0.001167
7974 CNOT13_12 7972 0.001167
7974 CNOT13_12 7989 0.001167
7974 MEAS13 7969 0.498500
7974 MEAS13 7990 0.001500
7974 MEAS13 7991 0.494400
7974 MEAS13 7992 0.005600
7974 X14 7978 0.999667
7974 X14 7974 0.000111
7974 X14 7981 0.000111
7974 X14 7977 0.000111
7975 CNOT13_14 7971 0.991426
7975 CNOT13_14 7989 0.001225
7975 CNOT13_14 7970 0.001225
7975 CNOT13_14 7988 0.001225
7975 CNOT13_14 7972 0.001225
7975 CNOT13_14 7987 0.001225
7975 CNOT13_14 7973 0.001225
7975 CNOT13_14 7986 0.001225
7975 CNOT13_12 7986 0.991831
7975 CNOT13_12 7970 0.001167
7975 CNOT13_12 7989 0.001167
7975 CNOT13_12 7972 0.001167
7975 CNOT13_12 7988 0.001167
7975 CNOT13_12 7973 0.001167
7975 CNOT13_12 7987 0.001167
7975 CNOT13_12 7971 0.001167
7975 MEAS13 7993 0.498500
7975 MEAS13 7994 0.001500
7975 MEAS13 7995 0.494400
7975 MEAS13 7996 0.005600
7975 X14 7980 0.999667
7975 X14 7975 0.000111
7975 X14 7976 0.000111
7975 X14 7979 0.000111
7976 CNOT13_14 7973 0.991426
7976 CNOT13_14 7988 0.001225
7976 CNOT13_14 7972 0.001225
7976 CNOT13_14 7989 0.001225
7976 CNOT13_14 7970 0.001225
7976 CNOT13_14 7986 0.001225
7976 CNOT13_14 7971 0.001225
7976 CNOT13_14 7987 0.001225
7976 CNOT13_12 7987 0.991831
7976 CNOT13_12 7972 0.001167
7976 CNOT13_12 7988 0.001167
7976 CNOT13_12 7970 0.001167
7976 CNOT13_12 7989 0.001167
7976 CNOT13_12 7971 0.001167
7976 CNOT13_12 7986 0.001167
7976 CNOT13_12 7973 0.001167
7976 MEAS13 7993 0.498500
7976 MEAS13 7994 0.001500
7976 MEAS13 7995 0.494400
7976 MEAS13 7996 0.005600
7976 X14 7979 0.999667
7976 X14 7976 0.000111
7976 X14 7975 0.000111
7976 X14 7980 0.000111
7977 CNOT13_14 7987 0.991426
7977 CNOT13_14 7972 0.001225
7977 CNOT13_14 7988 0.001225
7977 CNOT13_14 7970 0.001225
7977 CNOT13_14 7989 0.001225
7977 CNOT13_14 7971 0.001225
7977 CNOT13_14 7986 0.001225
7977 CNOT13_14 7973 0.001225
7977 CNOT13_12 7973 0.991831
7977 CNOT13_12 7988 0.001167
7977 CNOT13_12 7972 0.001167
7977 CNOT13_12 7989 0.001167
7977 CNOT13_12 7970 0.001167
7977 CNOT13_12 7986 0.001167
7977 CNOT13_12 7971 0.001167
7977 CNOT13_12 7987 0.001167
7977 MEAS13 7997 0.498500
7977 MEAS13 7998 0.001500
7977 MEAS13 7999 0.494400
7977 MEAS13 8000 0.005600
7977 X14 7981 0.999667
7977 X14 7977 0.000111
7977 X14 7978 0.000111
7977 X14 7974 0.000111
7978 CNOT13_14 7986 0.991426
7978 CNOT13_14 7970 0.001225
7978 CNOT13_14 7989 0.001225
7978 CNOT13_14 7972 0.001225
7978 CNOT13_14 7988 0.001225
7978 CNOT13_14 7973 0.001225
7978 CNOT13_14 7987 0.001225
7978 CNOT13_14 7971 0.001225
7978 CNOT13_12 7971 0.991831
7978 CNOT13_12 7989 0.001167
7978 CNOT13_12 7970 0.001167
7978 CNOT13_12 7988 0.001167
7978 CNOT13_12 7972 0.001167
7978 CNOT13_12 7987 0.001167
7978 CNOT13_12 7973 0.001167
7978 CNOT13_12 7986 0.001167
7978 MEAS13 7997 0.498500
7978 MEAS13 7998 0.001500
7978 MEAS13 7999 0.494400
7978 MEAS13 8000 0.005600
7978 X14 7974 0.999667
7978 X14 7978 0.000111
7978 X14 7977 0.000111
7978 X14 7981 0.000111
7979 CNOT13_14 7988 0.991426
7979 CNOT13_14 7973 0.001225
7979 CNOT13_14 7987 0.001225
7979 CNOT13_14 7971 0.001225
7979 CNOT13_14 7986 0.001225
7979 CNOT13_14 7970 0.001225
7979 CNOT13_14 7989 0.001225
7979 CNOT13_14 7972 0.001225
7979 CNOT13_12 7988 0.991831
7979 CNOT13_12 7973 0.001167
7979 CNOT13_12 7987 0.001167
7979 CNOT13_12 7971 0.001167
7979 CNOT13_12 7986 0.001167
7979 CNOT13_12 7970 0.001167
7979 CNOT13_12 7989 0.001167
7979 CNOT13_12 7972 0.001167
7979 MEAS13 8001 0.498500
7979 MEAS13 8002 0.001500
7979 MEAS13 8003 0.494400
7979 MEAS13 8004 0.005600
7979 X14 7976 0.999667
7979 X14 7979 0.000111
7979 X14 7980 0.000111
7979 X14 7975 0.000111
7980 CNOT13_14 7989 0.991426
7980 CNOT13_14 7971 0.001225
7980 CNOT13_14 7986 0.001225
7980 CNOT13_14 7973 0.001225
7980 CNOT13_14 7987 0.001225
7980 CNOT13_14 7972 0.001225
7980 CNOT13_14 7988 0.001225
7980 CNOT13_14 7970 0.001225
7980 CNOT13_12 7989 0.991831
7980 CNOT13_12 7971 0.001167
7980 CNOT13_12 7986 0.001167
7980 CNOT13_12 7973 0.001167
7980 CNOT13_12 7987 0.001167
7980 CNOT13_12 7972 0.001167
7980 CNOT13_12 7988 0.001167
7980 CNOT13_12 7970 0.001167
7980 MEAS13 8001 0.498500
7980 MEAS13 8002 0.001500
7980 MEAS13 8003 0.494400
7980 MEAS13 8004 0.005600
7980 X14 7975 0.999667
7980 X14 7980 0.000111
7980 X14 7979 0.000111
7980 X14 7976 0.000111
7981 CNOT13_14 7972 0.991426
7981 CNOT13_14 7987 0.001225
7981 CNOT13_14 7973 0.001225
7981 CNOT13_14 7986 0.001225
7981 CNOT13_14 7971 0.001225
7981 CNOT13_14 7989 0.001225
7981 CNOT13_14 7970 0.001225
7981 CNOT13_14 7988 0.001225
7981 CNOT13_12 7972 0.991831
7981 CNOT13_12 7987 0.001167
7981 CNOT13_12 7973 0.001167
7981 CNOT13_12 7986 0.001167
7981 CNOT13_12 7971 0.001167
7981 CNOT13_12 7989 0.001167
7981 CNOT13_12 7970 0.001167
7981 CNOT13_12 7988 0.001167
7981 MEAS13 7969 0.498500
7981 MEAS13 7990 0.001500
7981 MEAS13 7991 0.494400
7981 MEAS13 7992 0.005600
7981 X14 7977 0.999667
7981 X14 7981 0.000111
7981 X14 7974 0.000111
7981 X14 7978 0.000111
7982 CNOT13_14 8005 0.991426
7982 CNOT13_14 8006 0.001225
7982 CNOT13_14 8007 0.001225
7982 CNOT13_14 8008 0.001225
7982 CNOT13_14 8009 0.001225
7982 CNOT13_14 8010 0.001225
7982 CNOT13_14 8011 0.001225
7982 CNOT13_14 8012 0.001225
7982 CNOT13_12 8005 0.991831
7982 CNOT13_12 8009 0.001167
7982 CNOT13_12 8008 0.001167
7982 CNOT13_12 8007 0.001167
7982 CNOT13_12 8006 0.001167
7982 CNOT13_12 8010 0.001167
7982 CNOT13_12 8011 0.001167
7982 CNOT13_12 8012 0.001167
7982 MEAS13 7970 0.997000
7982 MEAS13 7982 0.003000
7982 X14 7983 0.999667
7982 X14 7982 0.000111
7982 X14 7984 0.000111
7982 X14 7985 0.000111
7983 CNOT13_14 8006 0.991426
7983 CNOT13_14 8005 0.001225
7983 CNOT13_14 8012 0.001225
7983 CNOT13_14 8010 0.001225
7983 CNOT13_14 8011 0.001225
7983 CNOT13_14 8008 0.001225
7983 CNOT13_14 8009 0.001225
7983 CNOT13_14 8007 0.001225
7983 CNOT13_12 8009 0.991831
7983 CNOT13_12 8005 0.001167
7983 CNOT13_12 8012 0.001167
7983 CNOT13_12 8010 0.001167
7983 CNOT13_12 8011 0.001167
7983 CNOT13_12 8007 0.001167
7983 CNOT13_12 8006 0.001167
7983 CNOT13_12 8008 0.001167
7983 MEAS13 7971 0.997000
7983 MEAS13 7983 0.003000
7983 X14 7982 0.999667
7983 X14 7983 0.000111
7983 X14 7985 0.000111
7983 X14 7984 0.000111
7984 CNOT13_14 8012 0.991426
7984 CNOT13_14 8007 0.001225
7984 CNOT13_14 8006 0.001225
7984 CNOT13_14 8009 0.001225
7984 CNOT13_14 8008 0.001225
7984 CNOT13_14 8011 0.001225
7984 CNOT13_14 8010 0.001225
7984 CNOT13_14 8005 0.001225
7984 CNOT13_12 8012 0.991831
7984 CNOT13_12 8008 0.001167
7984 CNOT13_12 8009 0.001167
7984 CNOT13_12 8006 0.001167
7984 CNOT13_12 8007 0.001167
7984 CNOT13_12 8011 0.001167
7984 CNOT13_12 8010 0.001167
7984 CNOT13_12 8005 0.001167
7984 MEAS13 7972 0.997000
7984 MEAS13 7984 0.003000
7984 X14 7985 0.999667
7984 X14 7984 0.000111
7984 X14 7982 0.000111
7984 X14 7983 0.000111
7985 CNOT13_14 8007 0.991426
7985 CNOT13_14 8012 0.001225
7985 CNOT13_14 8005 0.001225
7985 CNOT13_14 8011 0.001225
7985 CNOT13_14 8010 0.001225
7985 CNOT13_14 8009 0.001225
7985 CNOT13_14 8008 0.001225
7985 CNOT13_14 8006 0.001225
7985 CNOT13_12 8008 0.991831
7985 CNOT13_12 8012 0.001167
7985 CNOT13_12 8005 0.001167
7985 CNOT13_12 8011 0.001167
7985 CNOT13_12 8010 0.001167
7985 CNOT13_12 8006 0.001167
7985 CNOT13_12 8007 0.001167
7985 CNOT13_12 8009 0.001167
7985 MEAS13 7973 0.997000
7985 MEAS13 7985 0.003000
7985 X14 7984 0.999667
7985 X14 7985 0.000111
7985 X14 7983 0.000111
7985 X14 7982 0.000111
7986 CNOT13_14 7978 0.991426
7986 CNOT13_14 7980 0.001225
7986 CNOT13_14 7979 0.001225
7986 CNOT13_14 7981 0.001225
7986 CNOT13_14 7974 0.001225
7986 CNOT13_14 7976 0.001225
7986 CNOT13_14 7975 0.001225
7986 CNOT13_14 7977 0.001225
7986 CNOT13_12 7975 0.991831
7986 CNOT13_12 7980 0.001167
7986 CNOT13_12 7979 0.001167
7986 CNOT13_12 7981 0.001167
7986 CNOT13_12 7974 0.001167
7986 CNOT13_12 7977 0.001167
7986 CNOT13_12 7978 0.001167
7986 CNOT13_12 7976 0.001167
7986 MEAS13 8013 0.988800
7986 MEAS13 7986 0.011200
7986 X14 7989 0.999667
7986 X14 7986 0.000111
7986 X14 7987 0.000111
7986 X14 7988 0.000111
7987 CNOT13_14 7977 0.991426
7987 CNOT13_14 7979 0.001225
7987 CNOT13_14 7980 0.001225
7987 CNOT13_14 7974 0.001225
7987 CNOT13_14 7981 0.001225
7987 CNOT13_14 7975 0.001225
7987 CNOT13_14 7976 0.001225
7987 CNOT13_14 7978 0.001225
7987 CNOT13_12 7976 0.991831
7987 CNOT13_12 7979 0.001167
7987 CNOT13_12 7980 0.001167
7987 CNOT13_12 7974 0.001167
7987 CNOT13_12 7981 0.001167
7987 CNOT13_12 7978 0.001167
7987 CNOT13_12 7977 0.001167
7987 CNOT13_12 7975 0.001167
7987 MEAS13 8014 0.988800
7987 MEAS13 7987 0.011200
7987 X14 7988 0.999667
7987 X14 7987 0.000111
7987 X14 7986 0.000111
7987 X14 7989 0.000111
7988 CNOT13_14 7979 0.991426
7988 CNOT13_14 7977 0.001225
7988 CNOT13_14 7978 0.001225
7988 CNOT13_14 7975 0.001225
7988 CNOT13_14 7976 0.001225
7988 CNOT13_14 7974 0.001225
7988 CNOT13_14 7981 0.001225
7988 CNOT13_14 7980 0.001225
7988 CNOT13_12 7979 0.991831
7988 CNOT13_12 7976 0.001167
7988 CNOT13_12 7975 0.001167
7988 CNOT13_12 7978 0.001167
7988 CNOT13_12 7977 0.001167
7988 CNOT13_12 7974 0.001167
7988 CNOT13_12 7981 0.001167
7988 CNOT13_12 7980 0.001167
7988 MEAS13 8015 0.988800
7988 MEAS13 7988 0.011200
7988 X14 7987 0.999667
7988 X14 7988 0.000111
7988 X14 7989 0.000111
7988 X14 7986 0.000111
7989 CNOT13_14 7980 0.991426
7989 CNOT13_14 7978 0.001225
7989 CNOT13_14 7977 0.001225
7989 CNOT13_14 7976 0.001225
7989 CNOT13_14 7975 0.001225
7989 CNOT13_14 7981 0.001225
7989 CNOT13_14 7974 0.001225
7989 CNOT13_14 7979 0.001225
7989 CNOT13_12 7980 0.991831
7989 CNOT13_12 7975 0.001167
7989 CNOT13_12 7976 0.001167
7989 CNOT13_12 7977 0.001167
7989 CNOT13_12 7978 0.001167
7989 CNOT13_12 7981 0.001167
7989 CNOT13_12 7974 0.001167
7989 CNOT13_12 7979 0.001167
7989 MEAS13 8016 0.988800
7989 MEAS13 7989 0.011200
7989 X14 7986 0.999667
7989 X14 7989 0.000111
7989 X14 7988 0.000111
7989 X14 7987 0.000111
7990 CNOT13_14 7990 0.992651
7990 CNOT13_14 7995 0.002450
7990 CNOT13_14 7998 0.002450
7990 CNOT13_14 8003 0.002450
7990 CNOT13_12 7990 0.992998
7990 CNOT13_12 7999 0.002334
7990 CNOT13_12 7994 0.002334
7990 CNOT13_12 8003 0.002334
7990 MEAS13 7969 0.997000
7990 MEAS13 7990 0.003000
7990 X14 7998 0.999778
7990 X14 7990 0.000222
7991 CNOT13_14 8002 0.992651
7991 CNOT13_14 7999 0.002450
7991 CNOT13_14 7994 0.002450
7991 CNOT13_14 7991 0.002450
7991 CNOT13_12 8002 0.992998
7991 CNOT13_12 7995 0.002334
7991 CNOT13_12 7998 0.002334
7991 CNOT13_12 7991 0.002334
7991 MEAS13 7991 0.988800
7991 MEAS13 7992 0.011200
7991 X14 7999 0.999778
7991 X14 7991 0.000222
7992 CNOT13_14 8001 0.992651
7992 CNOT13_14 8000 0.002450
7992 CNOT13_14 7993 0.002450
7992 CNOT13_14 7992 0.002450
7992 CNOT13_12 8001 0.992998
7992 CNOT13_12 7996 0.002334
7992 CNOT13_12 7997 0.002334
7992 CNOT13_12 7992 0.002334
7992 MEAS13 7991 0.988800
7992 MEAS13 7992 0.011200
7992 X14 8000 0.999778
7992 X14 7992 0.000222
7993 CNOT13_14 7993 0.992651
7993 CNOT13_14 7992 0.002450
7993 CNOT13_14 8001 0.002450
7993 CNOT13_14 8000 0.002450
7993 CNOT13_12 8000 0.992998
7993 CNOT13_12 7969 0.002334
7993 CNOT13_12 8004 0.002334
7993 CNOT13_12 7993 0.002334
7993 MEAS13 7993 0.997000
7993 MEAS13 7994 0.003000
7993 X14 8001 0.999778
7993 X14 7993 0.000222
7994 CNOT13_14 7994 0.992651
7994 CNOT13_14 7991 0.002450
7994 CNOT13_14 8002 0.002450
7994 CNOT13_14 7999 0.002450
7994 CNOT13_12 7999 0.992998
7994 CNOT13_12 7990 0.002334
7994 CNOT13_12 8003 0.002334
7994 CNOT13_12 7994 0.002334
7994 MEAS13 7993 0.997000
7994 MEAS13 7994 0.003000
7994 X14 8002 0.999778
7994 X14 7994 0.000222
7995 CNOT13_14 7998 0.992651
7995 CNOT13_14 8003 0.002450
7995 CNOT13_14 7990 0.002450
7995 CNOT13_14 7995 0.002450
7995 CNOT13_12 7995 0.992998
7995 CNOT13_12 8002 0.002334
7995 CNOT13_12 7991 0.002334
7995 CNOT13_12 7998 0.002334
7995 MEAS13 7995 0.988800
7995 MEAS13 7996 0.011200
7995 X14 8003 0.999778
7995 X14 7995 0.000222
7996 CNOT13_14 7997 0.992651
7996 CNOT13_14 8004 0.002450
7996 CNOT13_14 7969 0.002450
7996 CNOT13_14 7996 0.002450
7996 CNOT13_12 7996 0.992998
7996 CNOT13_12 8001 0.002334
7996 CNOT13_12 7992 0.002334
7996 CNOT13_12 7997 0.002334
7996 MEAS13 7995 0.988800
7996 MEAS13 7996 0.011200
7996 X14 8004 0.999778
7996 X14 7996 0.000222
7997 CNOT13_14 7996 0.992651
7997 CNOT13_14 7969 0.002450
7997 CNOT13_14 8004 0.002450
7997 CNOT13_14 7997 0.002450
7997 CNOT13_12 7997 0.992998
7997 CNOT13_12 7992 0.002334
7997 CNOT13_12 8001 0.002334
7997 CNOT13_12 7996 0.002334
7997 MEAS13 7997 0.997000
7997 MEAS13 7998 0.003000
7997 X14 7969 0.999778
7997 X14 7997 0.000222
7998 CNOT13_14 7995 0.992651
7998 CNOT13_14 7990 0.002450
7998 CNOT13_14 8003 0.002450
7998 CNOT13_14 7998 0.002450
7998 CNOT13_12 7998 0.992998
7998 CNOT13_12 7991 0.002334
7998 CNOT13_12 8002 0.002334
7998 CNOT13_12 7995 0.002334
7998 MEAS13 7997 0.997000
7998 MEAS13 7998 0.003000
7998 X14 7990 0.999778
7998 X14 7998 0.000222
7999 CNOT13_14 7999 0.992651
7999 CNOT13_14 8002 0.002450
7999 CNOT13_14 7991 0.002450
7999 CNOT13_14 7994 0.002450
7999 CNOT13_12 7994 0.992998
7999 CNOT13_12 8003 0.002334
7999 CNOT13_12 7990 0.002334
7999 CNOT13_12 7999 0.002334
7999 MEAS13 7999 0.988800
7999 MEAS13 8000 0.011200
7999 X14 7991 0.999778
7999 X14 7999 0.000222
8000 CNOT13_14 8000 0.992651
8000 CNOT13_14 8001 0.002450
8000 CNOT13_14 7992 0.002450
8000 CNOT13_14 7993 0.002450
8000 CNOT13_12 7993 0.992998
8000 CNOT13_12 8004 0.002334
8000 CNOT13_12 7969 0.002334
8000 CNOT13_12 8000 0.002334
8000 MEAS13 7999 0.988800
8000 MEAS13 8000 0.011200
8000 X14 7992 0.999778
8000 X14 8000 0.000222
8001 CNOT13_14 7992 0.992651
8001 CNOT13_14 7993 0.002450
8001 CNOT13_14 8000 0.002450
8001 CNOT13_14 8001 0.002450
8001 CNOT13_12 7992 0.992998
8001 CNOT13_12 7997 0.002334
8001 CNOT13_12 7996 0.002334
8001 CNOT13_12 8001 0.002334
8001 MEAS13 8001 0.997000
8001 MEAS13 8002 0.003000
8001 X14 7993 0.999778
8001 X14 8001 0.000222
8002 CNOT13_14 7991 0.992651
8002 CNOT13_14 7994 0.002450
8002 CNOT13_14 7999 0.002450
8002 CNOT13_14 8002 0.002450
8002 CNOT13_12 7991 0.992998
8002 CNOT13_12 7998 0.002334
8002 CNOT13_12 7995 0.002334
8002 CNOT13_12 8002 0.002334
8002 MEAS13 8001 0.997000
8002 MEAS13 8002 0.003000
8002 X14 7994 0.999778
8002 X14 8002 0.000222
8003 CNOT13_14 8003 0.992651
8003 CNOT13_14 7998 0.002450
8003 CNOT13_14 7995 0.002450
8003 CNOT13_14 7990 0.002450
8003 CNOT13_12 8003 0.992998
8003 CNOT13_12 7994 0.002334
8003 CNOT13_12 7999 0.002334
8003 CNOT13_12 7990 0.002334
8003 MEAS13 8003 0.988800
8003 MEAS13 8004 0.011200
8003 X14 7995 0.999778
8003 X14 8003 0.000222
8004 CNOT13_14 8004 0.992651
8004 CNOT13_14 7997 0.002450
8004 CNOT13_14 7996 0.002450
8004 CNOT13_14 7969 0.002450
8004 CNOT13_12 8004 0.992998
8004 CNOT13_12 7993 0.002334
8004 CNOT13_12 8000 0.002334
8004 CNOT13_12 7969 0.002334
8004 MEAS13 8003 0.988800
8004 MEAS13 8004 0.011200
8004 X14 7996 0.999778
8004 X14 8004 0.000222
8005 CNOT13_14 7982 0.991426
8005 CNOT13_14 8013 0.001225
8005 CNOT13_14 7983 0.001225
8005 CNOT13_14 8014 0.001225
8005 CNOT13_14 7985 0.001225
8005 CNOT13_14 8015 0.001225
8005 CNOT13_14 7984 0.001225
8005 CNOT13_14 8016 0.001225
8005 CNOT13_12 7982 0.991831
8005 CNOT13_12 8013 0.001167
8005 CNOT13_12 7983 0.001167
8005 CNOT13_12 8014 0.001167
8005 CNOT13_12 7985 0.001167
8005 CNOT13_12 8015 0.001167
8005 CNOT13_12 7984 0.001167
8005 CNOT13_12 8016 0.001167
8005 MEAS13 7969 0.498500
8005 MEAS13 7990 0.001500
8005 MEAS13 7991 0.494400
8005 MEAS13 7992 0.005600
8005 X14 8009 0.999667
8005 X14 8005 0.000111
8005 X14 8012 0.000111
8005 X14 8008 0.000111
8006 CNOT13_14 7983 0.991426
8006 CNOT13_14 8016 0.001225
8006 CNOT13_14 7982 0.001225
8006 CNOT13_14 8015 0.001225
8006 CNOT13_14 7984 0.001225
8006 CNOT13_14 8014 0.001225
8006 CNOT13_14 7985 0.001225
8006 CNOT13_14 8013 0.001225
8006 CNOT13_12 8013 0.991831
8006 CNOT13_12 7982 0.001167
8006 CNOT13_12 8016 0.001167
8006 CNOT13_12 7984 0.001167
8006 CNOT13_12 8015 0.001167
8006 CNOT13_12 7985 0.001167
8006 CNOT13_12 8014 0.001167
8006 CNOT13_12 7983 0.001167
8006 MEAS13 7993 0.498500
8006 MEAS13 7994 0.001500
8006 MEAS13 7995 0.494400
8006 MEAS13 7996 0.005600
8006 X14 8011 0.999667
8006 X14 8006 0.000111
8006 X14 8007 0.000111
8006 X14 8010 0.000111
8007 CNOT13_14 7985 0.991426
8007 CNOT13_14 8015 0.001225
8007 CNOT13_14 7984 0.001225
8007 CNOT13_14 8016 0.001225
8007 CNOT13_14 7982 0.001225
8007 CNOT13_14 8013 0.001225
8007 CNOT13_14 7983 0.001225
8007 CNOT13_14 8014 0.001225
8007 CNOT13_12 8014 0.991831
8007 CNOT13_12 7984 0.001167
8007 CNOT13_12 8015 0.001167
8007 CNOT13_12 7982 0.001167
8007 CNOT13_12 8016 0.001167
8007 CNOT13_12 7983 0.001167
8007 CNOT13_12 8013 0.001167
8007 CNOT13_12 7985 0.001167
8007 MEAS13 7993 0.498500
8007 MEAS13 7994 0.001500
8007 MEAS13 7995 0.494400
8007 MEAS13 7996 0.005600
8007 X14 8010 0.999667
8007 X14 8007 0.000111
8007 X14 8006 0.000111
8007 X14 8011 0.000111
8008 CNOT13_14 8014 0.991426
8008 CNOT13_14 7984 0.001225
8008 CNOT13_14 8015 0.001225
8008 CNOT13_14 7982 0.001225
8008 CNOT13_14 8016 0.001225
8008 CNOT13_14 7983 0.001225
8008 CNOT13_14 8013 0.001225
8008 CNOT13_14 7985 0.001225
8008 CNOT13_12 7985 0.991831
8008 CNOT13_12 8015 0.001167
8008 CNOT13_12 7984 0.001167
8008 CNOT13_12 8016 0.001167
8008 CNOT13_12 7982 0.001167
8008 CNOT13_12 8013 0.001167
8008 CNOT13_12 7983 0.001167
8008 CNOT13_12 8014 0.001167
8008 MEAS13 7997 0.498500
8008 MEAS13 7998 0.001500
8008 MEAS13 7999 0.494400
8008 MEAS13 8000 0.005600
8008 X14 8012 0.999667
8008 X14 8008 0.000111
8008 X14 8009 0.000111
8008 X14 8005 0.000111
8009 CNOT13_14 8013 0.991426
8009 CNOT13_14 7982 0.001225
8009 CNOT13_14 8016 0.001225
8009 CNOT13_14 7984 0.001225
8009 CNOT13_14 8015 0.001225
8009 CNOT13_14 7985 0.001225
8009 CNOT13_14 8014 0.001225
8009 CNOT13_14 7983 0.001225
8009 CNOT13_12 7983 0.991831
8009 CNOT13_12 8016 0.001167
8009 CNOT13_12 7982 0.001167
8009 CNOT13_12 8015 0.001167
8009 CNOT13_12 7984 0.001167
8009 CNOT13_12 8014 0.001167
8009 CNOT13_12 7985 0.001167
8009 CNOT13_12 8013 0.001167
8009 MEAS13 7997 0.498500
8009 MEAS13 7998 0.001500
8009 MEAS13 7999 0.494400
8009 MEAS13 8000 0.005600
8009 X14 8005 0.999667
8009 X14 8009 0.000111
8009 X14 8008 0.000111
8009 X14 8012 0.000111
8010 CNOT13_14 8015 0.991426
8010 CNOT13_14 7985 0.001225
8010 CNOT13_14 8014 0.001225
8010 CNOT13_14 7983 0.001225
8010 CNOT13_14 8013 0.001225
8010 CNOT13_14 7982 0.001225
8010 CNOT13_14 8016 0.001225
8010 CNOT13_14 7984 0.001225
8010 CNOT13_12 8015 0.991831
8010 CNOT13_12 7985 0.001167
8010 CNOT13_12 8014 0.001167
8010 CNOT13_12 7983 0.001167
8010 CNOT13_12 8013 0.001167
8010 CNOT13_12 7982 0.001167
8010 CNOT13_12 8016 0.001167
8010 CNOT13_12 7984 0.001167
8010 MEAS13 8001 0.498500
8010 MEAS13 8002 0.001500
8010 MEAS13 8003 0.494400
8010 MEAS13 8004 0.005600
8010 X14 8007 0.999667
8010 X14 8010 0.000111
8010 X14 8011 0.000111
8010 X14 8006 0.000111
8011 CNOT13_14 8016 0.991426
8011 CNOT13_14 7983 0.001225
8011 CNOT13_14 8013 0.001225
8011 CNOT13_14 7985 0.001225
8011 CNOT13_14 8014 0.001225
8011 CNOT13_14 7984 0.001225
8011 CNOT13_14 8015 0.001225
8011 CNOT13_14 7982 0.001225
8011 CNOT13_12 8016 0.991831
8011 CNOT13_12 7983 0.001167
8011 CNOT13_12 8013 0.001167
8011 CNOT13_12 7985 0.001167
8011 CNOT13_12 8014 0.001167
8011 CNOT13_12 7984 0.001167
8011 CNOT13_12 8015 0.001167
8011 CNOT13_12 7982 0.001167
8011 MEAS13 8001 0.498500
8011 MEAS13 8002 0.001500
8011 MEAS13 8003 0.494400
8011 MEAS13 8004 0.005600
8011 X14 8006 0.999667
8011 X14 8011 0.000111
8011 X14 8010 0.000111
8011 X14 8007 0.000111
8012 CNOT13_14 7984 0.991426
8012 CNOT13_14 8014 0.001225
8012 CNOT13_14 7985 0.001225
8012 CNOT13_14 8013 0.001225
8012 CNOT13_14 7983 0.001225
8012 CNOT13_14 8016 0.001225
8012 CNOT13_14 7982 0.001225
8012 CNOT13_14 8015 0.001225
8012 CNOT13_12 7984 0.991831
8012 CNOT13_12 8014 0.001167
8012 CNOT13_12 7985 0.001167
8012 CNOT13_12 8013 0.001167
8012 CNOT13_12 7983 0.001167
8012 CNOT13_12 8016 0.001167
8012 CNOT13_12 7982 0.001167
8012 CNOT13_12 8015 0.001167
8012 MEAS13 7969 0.498500
8012 MEAS13 7990 0.001500
8012 MEAS13 7991 0.494400
8012 MEAS13 7992 0.005600
8012 X14 8008 0.999667
8012 X14 8012 0.000111
8012 X14 8005 0.000111
8012 X14 8009 0.000111
8013 CNOT13_14 8009 0.991426
8013 CNOT13_14 8011 0.001225
8013 CNOT13_14 8010 0.001225
8013 CNOT13_14 8012 0.001225
8013 CNOT13_14 8005 0.001225
8013 CNOT13_14 8007 0.001225
8013 CNOT13_14 8006 0.001225
8013 CNOT13_14 8008 0.001225
8013 CNOT13_12 8006 0.991831
8013 CNOT13_12 8011 0.001167
8013 CNOT13_12 8010 0.001167
8013 CNOT13_12 8012 0.001167
8013 CNOT13_12 8005 0.001167
8013 CNOT13_12 8008 0.001167
8013 CNOT13_12 8009 0.001167
8013 CNOT13_12 8007 0.001167
8013 MEAS13 8013 0.988800
8013 MEAS13 7986 0.011200
8013 X14 8016 0.999667
8013 X14 8013 0.000111
8013 X14 8014 0.000111
8013 X14 8015 0.000111
8014 CNOT13_14 8008 0.991426
8014 CNOT13_14 8010 0.001225
8014 CNOT13_14 8011 0.001225
8014 CNOT13_14 8005 0.001225
8014 CNOT13_14 8012 0.001225
8014 CNOT13_14 8006 0.001225
8014 CNOT13_14 8007 0.001225
8014 CNOT13_14 8009 0.001225
8014 CNOT13_12 8007 0.991831
8014 CNOT13_12 8010 0.001167
8014 CNOT13_12 8011 0.001167
8014 CNOT13_12 8005 0.001167
8014 CNOT13_12 8012 0.001167
8014 CNOT13_12 8009 0.001167
8014 CNOT13_12 8008 0.001167
8014 CNOT13_12 8006 0.001167
8014 MEAS13 8014 0.988800
8014 MEAS13 7987 0.011200
8014 X14 8015 0.999667
8014 X14 8014 0.000111
8014 X14 8013 0.000111
8014 X14 8016 0.000111
8015 CNOT13_14 8010 0.991426
8015 CNOT13_14 8008 0.001225
8015 CNOT13_14 8009 0.001225
8015 CNOT13_14 8006 0.001225
8015 CNOT13_14 8007 0.001225
8015 CNOT13_14 8005 0.001225
8015 CNOT13_14 8012 0.001225
8015 CNOT13_14 8011 0.001225
8015 CNOT13_12 8010 0.991831
8015 CNOT13_12 8007 0.001167
8015 CNOT13_12 8006 0.001167
8015 CNOT13_12 8009 0.001167
8015 CNOT13_12 8008 0.001167
8015 CNOT13_12 8005 0.001167
8015 CNOT13_12 8012 0.001167
8015 CNOT13_12 8011 0.001167
8015 MEAS13 8015 0.988800
8015 MEAS13 7988 0.011200
8015 X14 8014 0.999667
8015 X14 8015 0.000111
8015 X14 8016 0.000111
8015 X14 8013 0.000111
8016 CNOT13_14 8011 0.991426
8016 CNOT13_14 8009 0.001225
8016 CNOT13_14 8008 0.001225
8016 CNOT13_14 8007 0.001225
8016 CNOT13_14 8006 0.001225
8016 CNOT13_14 8012 0.001225
8016 CNOT13_14 8005 0.001225
8016 CNOT13_14 8010 0.001225
8016 CNOT13_12 8011 0.991831
8016 CNOT13_12 8006 0.001167
8016 CNOT13_12 8007 0.001167
8016 CNOT13_12 8008 0.001167
8016 CNOT13_12 8009 0.001167
8016 CNOT13_12 8012 0.001167
8016 CNOT13_12 8005 0.001167
8016 CNOT13_12 8010 0.001167
8016 MEAS13 8016 0.988800
8016 MEAS13 7989 0.011200
8016 X14 8013 0.999667
8016 X14 8016 0.000111
8016 X14 8015 0.000111
8016 X14 8014 0.000111
ENDPOMDP
