BEGINPOMDP
INITIALSTATE: 5809
STATES: 5809,5810,5811,5812,5813,5814,5815,5816,5817,5818,5819,5820,5821,5822,5823,5824,5825,5826,5827,5828,5829,5830,5831,5832,5833,5834,5835,5836,5837,5838,5839,5840,5841,5842,5843,5844,5845,5846,5847,5848,5849,5850,5851,5852,5853,5854,5855,5856
TARGETV: 5810,5812,5814,5819,5820,5821,5822,5824,5828,5829,5845,5850,5851,5852,5855,5856
GAMMA: 5809:0,5810:0,5811:0,5812:0,5813:0,5814:0,5815:0,5816:0,5817:0,5818:0,5819:0,5820:0,5821:0,5822:1,5823:1,5824:1,5825:1,5826:0,5827:0,5828:0,5829:0,5830:1,5831:1,5832:0,5833:0,5834:1,5835:1,5836:0,5837:0,5838:1,5839:1,5840:0,5841:0,5842:1,5843:1,5844:0,5845:1,5846:1,5847:1,5848:1,5849:1,5850:1,5851:1,5852:1,5853:1,5854:1,5855:1,5856:1
BEGINACTIONS
CNOT7_6 Instruction.CNOT 6 7
CNOT7_8 Instruction.CNOT 8 7
MEAS7 Instruction.MEAS None 7
X6 Instruction.X None 6
ENDACTIONS
5809 INIT_ 5810 0.250000
5809 INIT_ 5811 0.250000
5809 INIT_ 5812 0.250000
5809 INIT_ 5813 0.250000
5809 CNOT7_6 5809 0.950810
5809 CNOT7_6 5836 0.016397
5809 CNOT7_6 5837 0.016397
5809 CNOT7_6 5844 0.016397
5809 CNOT7_8 5809 0.967351
5809 CNOT7_8 5840 0.010883
5809 CNOT7_8 5833 0.010883
5809 CNOT7_8 5844 0.010883
5809 MEAS7 5809 0.693333
5809 MEAS7 5830 0.306667
5809 X6 5837 0.998409
5809 X6 5809 0.001591
5810 CNOT7_6 5814 0.942611
5810 CNOT7_6 5815 0.008198
5810 CNOT7_6 5816 0.008198
5810 CNOT7_6 5817 0.008198
5810 CNOT7_6 5818 0.008198
5810 CNOT7_6 5819 0.008198
5810 CNOT7_6 5820 0.008198
5810 CNOT7_6 5821 0.008198
5810 CNOT7_8 5814 0.961910
5810 CNOT7_8 5818 0.005441
5810 CNOT7_8 5817 0.005441
5810 CNOT7_8 5816 0.005441
5810 CNOT7_8 5815 0.005441
5810 CNOT7_8 5819 0.005441
5810 CNOT7_8 5820 0.005441
5810 CNOT7_8 5821 0.005441
5810 MEAS7 5810 0.693333
5810 MEAS7 5822 0.306667
5810 X6 5811 0.997614
5810 X6 5810 0.000795
5810 X6 5812 0.000795
5810 X6 5813 0.000795
5811 CNOT7_6 5815 0.942611
5811 CNOT7_6 5814 0.008198
5811 CNOT7_6 5821 0.008198
5811 CNOT7_6 5819 0.008198
5811 CNOT7_6 5820 0.008198
5811 CNOT7_6 5817 0.008198
5811 CNOT7_6 5818 0.008198
5811 CNOT7_6 5816 0.008198
5811 CNOT7_8 5818 0.961910
5811 CNOT7_8 5814 0.005441
5811 CNOT7_8 5821 0.005441
5811 CNOT7_8 5819 0.005441
5811 CNOT7_8 5820 0.005441
5811 CNOT7_8 5816 0.005441
5811 CNOT7_8 5815 0.005441
5811 CNOT7_8 5817 0.005441
5811 MEAS7 5811 0.693333
5811 MEAS7 5823 0.306667
5811 X6 5810 0.997614
5811 X6 5811 0.000795
5811 X6 5813 0.000795
5811 X6 5812 0.000795
5812 CNOT7_6 5821 0.942611
5812 CNOT7_6 5816 0.008198
5812 CNOT7_6 5815 0.008198
5812 CNOT7_6 5818 0.008198
5812 CNOT7_6 5817 0.008198
5812 CNOT7_6 5820 0.008198
5812 CNOT7_6 5819 0.008198
5812 CNOT7_6 5814 0.008198
5812 CNOT7_8 5821 0.961910
5812 CNOT7_8 5817 0.005441
5812 CNOT7_8 5818 0.005441
5812 CNOT7_8 5815 0.005441
5812 CNOT7_8 5816 0.005441
5812 CNOT7_8 5820 0.005441
5812 CNOT7_8 5819 0.005441
5812 CNOT7_8 5814 0.005441
5812 MEAS7 5812 0.693333
5812 MEAS7 5824 0.306667
5812 X6 5813 0.997614
5812 X6 5812 0.000795
5812 X6 5810 0.000795
5812 X6 5811 0.000795
5813 CNOT7_6 5816 0.942611
5813 CNOT7_6 5821 0.008198
5813 CNOT7_6 5814 0.008198
5813 CNOT7_6 5820 0.008198
5813 CNOT7_6 5819 0.008198
5813 CNOT7_6 5818 0.008198
5813 CNOT7_6 5817 0.008198
5813 CNOT7_6 5815 0.008198
5813 CNOT7_8 5817 0.961910
5813 CNOT7_8 5821 0.005441
5813 CNOT7_8 5814 0.005441
5813 CNOT7_8 5820 0.005441
5813 CNOT7_8 5819 0.005441
5813 CNOT7_8 5815 0.005441
5813 CNOT7_8 5816 0.005441
5813 CNOT7_8 5818 0.005441
5813 MEAS7 5813 0.693333
5813 MEAS7 5825 0.306667
5813 X6 5812 0.997614
5813 X6 5813 0.000795
5813 X6 5811 0.000795
5813 X6 5810 0.000795
5814 CNOT7_6 5810 0.942611
5814 CNOT7_6 5826 0.008198
5814 CNOT7_6 5811 0.008198
5814 CNOT7_6 5827 0.008198
5814 CNOT7_6 5813 0.008198
5814 CNOT7_6 5828 0.008198
5814 CNOT7_6 5812 0.008198
5814 CNOT7_6 5829 0.008198
5814 CNOT7_8 5810 0.961910
5814 CNOT7_8 5826 0.005441
5814 CNOT7_8 5811 0.005441
5814 CNOT7_8 5827 0.005441
5814 CNOT7_8 5813 0.005441
5814 CNOT7_8 5828 0.005441
5814 CNOT7_8 5812 0.005441
5814 CNOT7_8 5829 0.005441
5814 MEAS7 5809 0.346667
5814 MEAS7 5830 0.153333
5814 MEAS7 5831 0.426667
5814 MEAS7 5832 0.073333
5814 X6 5818 0.997614
5814 X6 5814 0.000795
5814 X6 5821 0.000795
5814 X6 5817 0.000795
5815 CNOT7_6 5811 0.942611
5815 CNOT7_6 5829 0.008198
5815 CNOT7_6 5810 0.008198
5815 CNOT7_6 5828 0.008198
5815 CNOT7_6 5812 0.008198
5815 CNOT7_6 5827 0.008198
5815 CNOT7_6 5813 0.008198
5815 CNOT7_6 5826 0.008198
5815 CNOT7_8 5826 0.961910
5815 CNOT7_8 5810 0.005441
5815 CNOT7_8 5829 0.005441
5815 CNOT7_8 5812 0.005441
5815 CNOT7_8 5828 0.005441
5815 CNOT7_8 5813 0.005441
5815 CNOT7_8 5827 0.005441
5815 CNOT7_8 5811 0.005441
5815 MEAS7 5833 0.346667
5815 MEAS7 5834 0.153333
5815 MEAS7 5835 0.426667
5815 MEAS7 5836 0.073333
5815 X6 5820 0.997614
5815 X6 5815 0.000795
5815 X6 5816 0.000795
5815 X6 5819 0.000795
5816 CNOT7_6 5813 0.942611
5816 CNOT7_6 5828 0.008198
5816 CNOT7_6 5812 0.008198
5816 CNOT7_6 5829 0.008198
5816 CNOT7_6 5810 0.008198
5816 CNOT7_6 5826 0.008198
5816 CNOT7_6 5811 0.008198
5816 CNOT7_6 5827 0.008198
5816 CNOT7_8 5827 0.961910
5816 CNOT7_8 5812 0.005441
5816 CNOT7_8 5828 0.005441
5816 CNOT7_8 5810 0.005441
5816 CNOT7_8 5829 0.005441
5816 CNOT7_8 5811 0.005441
5816 CNOT7_8 5826 0.005441
5816 CNOT7_8 5813 0.005441
5816 MEAS7 5833 0.346667
5816 MEAS7 5834 0.153333
5816 MEAS7 5835 0.426667
5816 MEAS7 5836 0.073333
5816 X6 5819 0.997614
5816 X6 5816 0.000795
5816 X6 5815 0.000795
5816 X6 5820 0.000795
5817 CNOT7_6 5827 0.942611
5817 CNOT7_6 5812 0.008198
5817 CNOT7_6 5828 0.008198
5817 CNOT7_6 5810 0.008198
5817 CNOT7_6 5829 0.008198
5817 CNOT7_6 5811 0.008198
5817 CNOT7_6 5826 0.008198
5817 CNOT7_6 5813 0.008198
5817 CNOT7_8 5813 0.961910
5817 CNOT7_8 5828 0.005441
5817 CNOT7_8 5812 0.005441
5817 CNOT7_8 5829 0.005441
5817 CNOT7_8 5810 0.005441
5817 CNOT7_8 5826 0.005441
5817 CNOT7_8 5811 0.005441
5817 CNOT7_8 5827 0.005441
5817 MEAS7 5837 0.346667
5817 MEAS7 5838 0.153333
5817 MEAS7 5839 0.426667
5817 MEAS7 5840 0.073333
5817 X6 5821 0.997614
5817 X6 5817 0.000795
5817 X6 5818 0.000795
5817 X6 5814 0.000795
5818 CNOT7_6 5826 0.942611
5818 CNOT7_6 5810 0.008198
5818 CNOT7_6 5829 0.008198
5818 CNOT7_6 5812 0.008198
5818 CNOT7_6 5828 0.008198
5818 CNOT7_6 5813 0.008198
5818 CNOT7_6 5827 0.008198
5818 CNOT7_6 5811 0.008198
5818 CNOT7_8 5811 0.961910
5818 CNOT7_8 5829 0.005441
5818 CNOT7_8 5810 0.005441
5818 CNOT7_8 5828 0.005441
5818 CNOT7_8 5812 0.005441
5818 CNOT7_8 5827 0.005441
5818 CNOT7_8 5813 0.005441
5818 CNOT7_8 5826 0.005441
5818 MEAS7 5837 0.346667
5818 MEAS7 5838 0.153333
5818 MEAS7 5839 0.426667
5818 MEAS7 5840 0.073333
5818 X6 5814 0.997614
5818 X6 5818 0.000795
5818 X6 5817 0.000795
5818 X6 5821 0.000795
5819 CNOT7_6 5828 0.942611
5819 CNOT7_6 5813 0.008198
5819 CNOT7_6 5827 0.008198
5819 CNOT7_6 5811 0.008198
5819 CNOT7_6 5826 0.008198
5819 CNOT7_6 5810 0.008198
5819 CNOT7_6 5829 0.008198
5819 CNOT7_6 5812 0.008198
5819 CNOT7_8 5828 0.961910
5819 CNOT7_8 5813 0.005441
5819 CNOT7_8 5827 0.005441
5819 CNOT7_8 5811 0.005441
5819 CNOT7_8 5826 0.005441
5819 CNOT7_8 5810 0.005441
5819 CNOT7_8 5829 0.005441
5819 CNOT7_8 5812 0.005441
5819 MEAS7 5841 0.346667
5819 MEAS7 5842 0.153333
5819 MEAS7 5843 0.426667
5819 MEAS7 5844 0.073333
5819 X6 5816 0.997614
5819 X6 5819 0.000795
5819 X6 5820 0.000795
5819 X6 5815 0.000795
5820 CNOT7_6 5829 0.942611
5820 CNOT7_6 5811 0.008198
5820 CNOT7_6 5826 0.008198
5820 CNOT7_6 5813 0.008198
5820 CNOT7_6 5827 0.008198
5820 CNOT7_6 5812 0.008198
5820 CNOT7_6 5828 0.008198
5820 CNOT7_6 5810 0.008198
5820 CNOT7_8 5829 0.961910
5820 CNOT7_8 5811 0.005441
5820 CNOT7_8 5826 0.005441
5820 CNOT7_8 5813 0.005441
5820 CNOT7_8 5827 0.005441
5820 CNOT7_8 5812 0.005441
5820 CNOT7_8 5828 0.005441
5820 CNOT7_8 5810 0.005441
5820 MEAS7 5841 0.346667
5820 MEAS7 5842 0.153333
5820 MEAS7 5843 0.426667
5820 MEAS7 5844 0.073333
5820 X6 5815 0.997614
5820 X6 5820 0.000795
5820 X6 5819 0.000795
5820 X6 5816 0.000795
5821 CNOT7_6 5812 0.942611
5821 CNOT7_6 5827 0.008198
5821 CNOT7_6 5813 0.008198
5821 CNOT7_6 5826 0.008198
5821 CNOT7_6 5811 0.008198
5821 CNOT7_6 5829 0.008198
5821 CNOT7_6 5810 0.008198
5821 CNOT7_6 5828 0.008198
5821 CNOT7_8 5812 0.961910
5821 CNOT7_8 5827 0.005441
5821 CNOT7_8 5813 0.005441
5821 CNOT7_8 5826 0.005441
5821 CNOT7_8 5811 0.005441
5821 CNOT7_8 5829 0.005441
5821 CNOT7_8 5810 0.005441
5821 CNOT7_8 5828 0.005441
5821 MEAS7 5809 0.346667
5821 MEAS7 5830 0.153333
5821 MEAS7 5831 0.426667
5821 MEAS7 5832 0.073333
5821 X6 5817 0.997614
5821 X6 5821 0.000795
5821 X6 5814 0.000795
5821 X6 5818 0.000795
5822 CNOT7_6 5845 0.942611
5822 CNOT7_6 5846 0.008198
5822 CNOT7_6 5847 0.008198
5822 CNOT7_6 5848 0.008198
5822 CNOT7_6 5849 0.008198
5822 CNOT7_6 5850 0.008198
5822 CNOT7_6 5851 0.008198
5822 CNOT7_6 5852 0.008198
5822 CNOT7_8 5845 0.961910
5822 CNOT7_8 5849 0.005441
5822 CNOT7_8 5848 0.005441
5822 CNOT7_8 5847 0.005441
5822 CNOT7_8 5846 0.005441
5822 CNOT7_8 5850 0.005441
5822 CNOT7_8 5851 0.005441
5822 CNOT7_8 5852 0.005441
5822 MEAS7 5810 0.693333
5822 MEAS7 5822 0.306667
5822 X6 5823 0.997614
5822 X6 5822 0.000795
5822 X6 5824 0.000795
5822 X6 5825 0.000795
5823 CNOT7_6 5846 0.942611
5823 CNOT7_6 5845 0.008198
5823 CNOT7_6 5852 0.008198
5823 CNOT7_6 5850 0.008198
5823 CNOT7_6 5851 0.008198
5823 CNOT7_6 5848 0.008198
5823 CNOT7_6 5849 0.008198
5823 CNOT7_6 5847 0.008198
5823 CNOT7_8 5849 0.961910
5823 CNOT7_8 5845 0.005441
5823 CNOT7_8 5852 0.005441
5823 CNOT7_8 5850 0.005441
5823 CNOT7_8 5851 0.005441
5823 CNOT7_8 5847 0.005441
5823 CNOT7_8 5846 0.005441
5823 CNOT7_8 5848 0.005441
5823 MEAS7 5811 0.693333
5823 MEAS7 5823 0.306667
5823 X6 5822 0.997614
5823 X6 5823 0.000795
5823 X6 5825 0.000795
5823 X6 5824 0.000795
5824 CNOT7_6 5852 0.942611
5824 CNOT7_6 5847 0.008198
5824 CNOT7_6 5846 0.008198
5824 CNOT7_6 5849 0.008198
5824 CNOT7_6 5848 0.008198
5824 CNOT7_6 5851 0.008198
5824 CNOT7_6 5850 0.008198
5824 CNOT7_6 5845 0.008198
5824 CNOT7_8 5852 0.961910
5824 CNOT7_8 5848 0.005441
5824 CNOT7_8 5849 0.005441
5824 CNOT7_8 5846 0.005441
5824 CNOT7_8 5847 0.005441
5824 CNOT7_8 5851 0.005441
5824 CNOT7_8 5850 0.005441
5824 CNOT7_8 5845 0.005441
5824 MEAS7 5812 0.693333
5824 MEAS7 5824 0.306667
5824 X6 5825 0.997614
5824 X6 5824 0.000795
5824 X6 5822 0.000795
5824 X6 5823 0.000795
5825 CNOT7_6 5847 0.942611
5825 CNOT7_6 5852 0.008198
5825 CNOT7_6 5845 0.008198
5825 CNOT7_6 5851 0.008198
5825 CNOT7_6 5850 0.008198
5825 CNOT7_6 5849 0.008198
5825 CNOT7_6 5848 0.008198
5825 CNOT7_6 5846 0.008198
5825 CNOT7_8 5848 0.961910
5825 CNOT7_8 5852 0.005441
5825 CNOT7_8 5845 0.005441
5825 CNOT7_8 5851 0.005441
5825 CNOT7_8 5850 0.005441
5825 CNOT7_8 5846 0.005441
5825 CNOT7_8 5847 0.005441
5825 CNOT7_8 5849 0.005441
5825 MEAS7 5813 0.693333
5825 MEAS7 5825 0.306667
5825 X6 5824 0.997614
5825 X6 5825 0.000795
5825 X6 5823 0.000795
5825 X6 5822 0.000795
5826 CNOT7_6 5818 0.942611
5826 CNOT7_6 5820 0.008198
5826 CNOT7_6 5819 0.008198
5826 CNOT7_6 5821 0.008198
5826 CNOT7_6 5814 0.008198
5826 CNOT7_6 5816 0.008198
5826 CNOT7_6 5815 0.008198
5826 CNOT7_6 5817 0.008198
5826 CNOT7_8 5815 0.961910
5826 CNOT7_8 5820 0.005441
5826 CNOT7_8 5819 0.005441
5826 CNOT7_8 5821 0.005441
5826 CNOT7_8 5814 0.005441
5826 CNOT7_8 5817 0.005441
5826 CNOT7_8 5818 0.005441
5826 CNOT7_8 5816 0.005441
5826 MEAS7 5853 0.853333
5826 MEAS7 5826 0.146667
5826 X6 5829 0.997614
5826 X6 5826 0.000795
5826 X6 5827 0.000795
5826 X6 5828 0.000795
5827 CNOT7_6 5817 0.942611
5827 CNOT7_6 5819 0.008198
5827 CNOT7_6 5820 0.008198
5827 CNOT7_6 5814 0.008198
5827 CNOT7_6 5821 0.008198
5827 CNOT7_6 5815 0.008198
5827 CNOT7_6 5816 0.008198
5827 CNOT7_6 5818 0.008198
5827 CNOT7_8 5816 0.961910
5827 CNOT7_8 5819 0.005441
5827 CNOT7_8 5820 0.005441
5827 CNOT7_8 5814 0.005441
5827 CNOT7_8 5821 0.005441
5827 CNOT7_8 5818 0.005441
5827 CNOT7_8 5817 0.005441
5827 CNOT7_8 5815 0.005441
5827 MEAS7 5854 0.853333
5827 MEAS7 5827 0.146667
5827 X6 5828 0.997614
5827 X6 5827 0.000795
5827 X6 5826 0.000795
5827 X6 5829 0.000795
5828 CNOT7_6 5819 0.942611
5828 CNOT7_6 5817 0.008198
5828 CNOT7_6 5818 0.008198
5828 CNOT7_6 5815 0.008198
5828 CNOT7_6 5816 0.008198
5828 CNOT7_6 5814 0.008198
5828 CNOT7_6 5821 0.008198
5828 CNOT7_6 5820 0.008198
5828 CNOT7_8 5819 0.961910
5828 CNOT7_8 5816 0.005441
5828 CNOT7_8 5815 0.005441
5828 CNOT7_8 5818 0.005441
5828 CNOT7_8 5817 0.005441
5828 CNOT7_8 5814 0.005441
5828 CNOT7_8 5821 0.005441
5828 CNOT7_8 5820 0.005441
5828 MEAS7 5855 0.853333
5828 MEAS7 5828 0.146667
5828 X6 5827 0.997614
5828 X6 5828 0.000795
5828 X6 5829 0.000795
5828 X6 5826 0.000795
5829 CNOT7_6 5820 0.942611
5829 CNOT7_6 5818 0.008198
5829 CNOT7_6 5817 0.008198
5829 CNOT7_6 5816 0.008198
5829 CNOT7_6 5815 0.008198
5829 CNOT7_6 5821 0.008198
5829 CNOT7_6 5814 0.008198
5829 CNOT7_6 5819 0.008198
5829 CNOT7_8 5820 0.961910
5829 CNOT7_8 5815 0.005441
5829 CNOT7_8 5816 0.005441
5829 CNOT7_8 5817 0.005441
5829 CNOT7_8 5818 0.005441
5829 CNOT7_8 5821 0.005441
5829 CNOT7_8 5814 0.005441
5829 CNOT7_8 5819 0.005441
5829 MEAS7 5856 0.853333
5829 MEAS7 5829 0.146667
5829 X6 5826 0.997614
5829 X6 5829 0.000795
5829 X6 5828 0.000795
5829 X6 5827 0.000795
5830 CNOT7_6 5830 0.950810
5830 CNOT7_6 5835 0.016397
5830 CNOT7_6 5838 0.016397
5830 CNOT7_6 5843 0.016397
5830 CNOT7_8 5830 0.967351
5830 CNOT7_8 5839 0.010883
5830 CNOT7_8 5834 0.010883
5830 CNOT7_8 5843 0.010883
5830 MEAS7 5809 0.693333
5830 MEAS7 5830 0.306667
5830 X6 5838 0.998409
5830 X6 5830 0.001591
5831 CNOT7_6 5842 0.950810
5831 CNOT7_6 5839 0.016397
5831 CNOT7_6 5834 0.016397
5831 CNOT7_6 5831 0.016397
5831 CNOT7_8 5842 0.967351
5831 CNOT7_8 5835 0.010883
5831 CNOT7_8 5838 0.010883
5831 CNOT7_8 5831 0.010883
5831 MEAS7 5831 0.853333
5831 MEAS7 5832 0.146667
5831 X6 5839 0.998409
5831 X6 5831 0.001591
5832 CNOT7_6 5841 0.950810
5832 CNOT7_6 5840 0.016397
5832 CNOT7_6 5833 0.016397
5832 CNOT7_6 5832 0.016397
5832 CNOT7_8 5841 0.967351
5832 CNOT7_8 5836 0.010883
5832 CNOT7_8 5837 0.010883
5832 CNOT7_8 5832 0.010883
5832 MEAS7 5831 0.853333
5832 MEAS7 5832 0.146667
5832 X6 5840 0.998409
5832 X6 5832 0.001591
5833 CNOT7_6 5833 0.950810
5833 CNOT7_6 5832 0.016397
5833 CNOT7_6 5841 0.016397
5833 CNOT7_6 5840 0.016397
5833 CNOT7_8 5840 0.967351
5833 CNOT7_8 5809 0.010883
5833 CNOT7_8 5844 0.010883
5833 CNOT7_8 5833 0.010883
5833 MEAS7 5833 0.693333
5833 MEAS7 5834 0.306667
5833 X6 5841 0.998409
5833 X6 5833 0.001591
5834 CNOT7_6 5834 0.950810
5834 CNOT7_6 5831 0.016397
5834 CNOT7_6 5842 0.016397
5834 CNOT7_6 5839 0.016397
5834 CNOT7_8 5839 0.967351
5834 CNOT7_8 5830 0.010883
5834 CNOT7_8 5843 0.010883
5834 CNOT7_8 5834 0.010883
5834 MEAS7 5833 0.693333
5834 MEAS7 5834 0.306667
5834 X6 5842 0.998409
5834 X6 5834 0.001591
5835 CNOT7_6 5838 0.950810
5835 CNOT7_6 5843 0.016397
5835 CNOT7_6 5830 0.016397
5835 CNOT7_6 5835 0.016397
5835 CNOT7_8 5835 0.967351
5835 CNOT7_8 5842 0.010883
5835 CNOT7_8 5831 0.010883
5835 CNOT7_8 5838 0.010883
5835 MEAS7 5835 0.853333
5835 MEAS7 5836 0.146667
5835 X6 5843 0.998409
5835 X6 5835 0.001591
5836 CNOT7_6 5837 0.950810
5836 CNOT7_6 5844 0.016397
5836 CNOT7_6 5809 0.016397
5836 CNOT7_6 5836 0.016397
5836 CNOT7_8 5836 0.967351
5836 CNOT7_8 5841 0.010883
5836 CNOT7_8 5832 0.010883
5836 CNOT7_8 5837 0.010883
5836 MEAS7 5835 0.853333
5836 MEAS7 5836 0.146667
5836 X6 5844 0.998409
5836 X6 5836 0.001591
5837 CNOT7_6 5836 0.950810
5837 CNOT7_6 5809 0.016397
5837 CNOT7_6 5844 0.016397
5837 CNOT7_6 5837 0.016397
5837 CNOT7_8 5837 0.967351
5837 CNOT7_8 5832 0.010883
5837 CNOT7_8 5841 0.010883
5837 CNOT7_8 5836 0.010883
5837 MEAS7 5837 0.693333
5837 MEAS7 5838 0.306667
5837 X6 5809 0.998409
5837 X6 5837 0.001591
5838 CNOT7_6 5835 0.950810
5838 CNOT7_6 5830 0.016397
5838 CNOT7_6 5843 0.016397
5838 CNOT7_6 5838 0.016397
5838 CNOT7_8 5838 0.967351
5838 CNOT7_8 5831 0.010883
5838 CNOT7_8 5842 0.010883
5838 CNOT7_8 5835 0.010883
5838 MEAS7 5837 0.693333
5838 MEAS7 5838 0.306667
5838 X6 5830 0.998409
5838 X6 5838 0.001591
5839 CNOT7_6 5839 0.950810
5839 CNOT7_6 5842 0.016397
5839 CNOT7_6 5831 0.016397
5839 CNOT7_6 5834 0.016397
5839 CNOT7_8 5834 0.967351
5839 CNOT7_8 5843 0.010883
5839 CNOT7_8 5830 0.010883
5839 CNOT7_8 5839 0.010883
5839 MEAS7 5839 0.853333
5839 MEAS7 5840 0.146667
5839 X6 5831 0.998409
5839 X6 5839 0.001591
5840 CNOT7_6 5840 0.950810
5840 CNOT7_6 5841 0.016397
5840 CNOT7_6 5832 0.016397
5840 CNOT7_6 5833 0.016397
5840 CNOT7_8 5833 0.967351
5840 CNOT7_8 5844 0.010883
5840 CNOT7_8 5809 0.010883
5840 CNOT7_8 5840 0.010883
5840 MEAS7 5839 0.853333
5840 MEAS7 5840 0.146667
5840 X6 5832 0.998409
5840 X6 5840 0.001591
5841 CNOT7_6 5832 0.950810
5841 CNOT7_6 5833 0.016397
5841 CNOT7_6 5840 0.016397
5841 CNOT7_6 5841 0.016397
5841 CNOT7_8 5832 0.967351
5841 CNOT7_8 5837 0.010883
5841 CNOT7_8 5836 0.010883
5841 CNOT7_8 5841 0.010883
5841 MEAS7 5841 0.693333
5841 MEAS7 5842 0.306667
5841 X6 5833 0.998409
5841 X6 5841 0.001591
5842 CNOT7_6 5831 0.950810
5842 CNOT7_6 5834 0.016397
5842 CNOT7_6 5839 0.016397
5842 CNOT7_6 5842 0.016397
5842 CNOT7_8 5831 0.967351
5842 CNOT7_8 5838 0.010883
5842 CNOT7_8 5835 0.010883
5842 CNOT7_8 5842 0.010883
5842 MEAS7 5841 0.693333
5842 MEAS7 5842 0.306667
5842 X6 5834 0.998409
5842 X6 5842 0.001591
5843 CNOT7_6 5843 0.950810
5843 CNOT7_6 5838 0.016397
5843 CNOT7_6 5835 0.016397
5843 CNOT7_6 5830 0.016397
5843 CNOT7_8 5843 0.967351
5843 CNOT7_8 5834 0.010883
5843 CNOT7_8 5839 0.010883
5843 CNOT7_8 5830 0.010883
5843 MEAS7 5843 0.853333
5843 MEAS7 5844 0.146667
5843 X6 5835 0.998409
5843 X6 5843 0.001591
5844 CNOT7_6 5844 0.950810
5844 CNOT7_6 5837 0.016397
5844 CNOT7_6 5836 0.016397
5844 CNOT7_6 5809 0.016397
5844 CNOT7_8 5844 0.967351
5844 CNOT7_8 5833 0.010883
5844 CNOT7_8 5840 0.010883
5844 CNOT7_8 5809 0.010883
5844 MEAS7 5843 0.853333
5844 MEAS7 5844 0.146667
5844 X6 5836 0.998409
5844 X6 5844 0.001591
5845 CNOT7_6 5822 0.942611
5845 CNOT7_6 5853 0.008198
5845 CNOT7_6 5823 0.008198
5845 CNOT7_6 5854 0.008198
5845 CNOT7_6 5825 0.008198
5845 CNOT7_6 5855 0.008198
5845 CNOT7_6 5824 0.008198
5845 CNOT7_6 5856 0.008198
5845 CNOT7_8 5822 0.961910
5845 CNOT7_8 5853 0.005441
5845 CNOT7_8 5823 0.005441
5845 CNOT7_8 5854 0.005441
5845 CNOT7_8 5825 0.005441
5845 CNOT7_8 5855 0.005441
5845 CNOT7_8 5824 0.005441
5845 CNOT7_8 5856 0.005441
5845 MEAS7 5809 0.346667
5845 MEAS7 5830 0.153333
5845 MEAS7 5831 0.426667
5845 MEAS7 5832 0.073333
5845 X6 5849 0.997614
5845 X6 5845 0.000795
5845 X6 5852 0.000795
5845 X6 5848 0.000795
5846 CNOT7_6 5823 0.942611
5846 CNOT7_6 5856 0.008198
5846 CNOT7_6 5822 0.008198
5846 CNOT7_6 5855 0.008198
5846 CNOT7_6 5824 0.008198
5846 CNOT7_6 5854 0.008198
5846 CNOT7_6 5825 0.008198
5846 CNOT7_6 5853 0.008198
5846 CNOT7_8 5853 0.961910
5846 CNOT7_8 5822 0.005441
5846 CNOT7_8 5856 0.005441
5846 CNOT7_8 5824 0.005441
5846 CNOT7_8 5855 0.005441
5846 CNOT7_8 5825 0.005441
5846 CNOT7_8 5854 0.005441
5846 CNOT7_8 5823 0.005441
5846 MEAS7 5833 0.346667
5846 MEAS7 5834 0.153333
5846 MEAS7 5835 0.426667
5846 MEAS7 5836 0.073333
5846 X6 5851 0.997614
5846 X6 5846 0.000795
5846 X6 5847 0.000795
5846 X6 5850 0.000795
5847 CNOT7_6 5825 0.942611
5847 CNOT7_6 5855 0.008198
5847 CNOT7_6 5824 0.008198
5847 CNOT7_6 5856 0.008198
5847 CNOT7_6 5822 0.008198
5847 CNOT7_6 5853 0.008198
5847 CNOT7_6 5823 0.008198
5847 CNOT7_6 5854 0.008198
5847 CNOT7_8 5854 0.961910
5847 CNOT7_8 5824 0.005441
5847 CNOT7_8 5855 0.005441
5847 CNOT7_8 5822 0.005441
5847 CNOT7_8 5856 0.005441
5847 CNOT7_8 5823 0.005441
5847 CNOT7_8 5853 0.005441
5847 CNOT7_8 5825 0.005441
5847 MEAS7 5833 0.346667
5847 MEAS7 5834 0.153333
5847 MEAS7 5835 0.426667
5847 MEAS7 5836 0.073333
5847 X6 5850 0.997614
5847 X6 5847 0.000795
5847 X6 5846 0.000795
5847 X6 5851 0.000795
5848 CNOT7_6 5854 0.942611
5848 CNOT7_6 5824 0.008198
5848 CNOT7_6 5855 0.008198
5848 CNOT7_6 5822 0.008198
5848 CNOT7_6 5856 0.008198
5848 CNOT7_6 5823 0.008198
5848 CNOT7_6 5853 0.008198
5848 CNOT7_6 5825 0.008198
5848 CNOT7_8 5825 0.961910
5848 CNOT7_8 5855 0.005441
5848 CNOT7_8 5824 0.005441
5848 CNOT7_8 5856 0.005441
5848 CNOT7_8 5822 0.005441
5848 CNOT7_8 5853 0.005441
5848 CNOT7_8 5823 0.005441
5848 CNOT7_8 5854 0.005441
5848 MEAS7 5837 0.346667
5848 MEAS7 5838 0.153333
5848 MEAS7 5839 0.426667
5848 MEAS7 5840 0.073333
5848 X6 5852 0.997614
5848 X6 5848 0.000795
5848 X6 5849 0.000795
5848 X6 5845 0.000795
5849 CNOT7_6 5853 0.942611
5849 CNOT7_6 5822 0.008198
5849 CNOT7_6 5856 0.008198
5849 CNOT7_6 5824 0.008198
5849 CNOT7_6 5855 0.008198
5849 CNOT7_6 5825 0.008198
5849 CNOT7_6 5854 0.008198
5849 CNOT7_6 5823 0.008198
5849 CNOT7_8 5823 0.961910
5849 CNOT7_8 5856 0.005441
5849 CNOT7_8 5822 0.005441
5849 CNOT7_8 5855 0.005441
5849 CNOT7_8 5824 0.005441
5849 CNOT7_8 5854 0.005441
5849 CNOT7_8 5825 0.005441
5849 CNOT7_8 5853 0.005441
5849 MEAS7 5837 0.346667
5849 MEAS7 5838 0.153333
5849 MEAS7 5839 0.426667
5849 MEAS7 5840 0.073333
5849 X6 5845 0.997614
5849 X6 5849 0.000795
5849 X6 5848 0.000795
5849 X6 5852 0.000795
5850 CNOT7_6 5855 0.942611
5850 CNOT7_6 5825 0.008198
5850 CNOT7_6 5854 0.008198
5850 CNOT7_6 5823 0.008198
5850 CNOT7_6 5853 0.008198
5850 CNOT7_6 5822 0.008198
5850 CNOT7_6 5856 0.008198
5850 CNOT7_6 5824 0.008198
5850 CNOT7_8 5855 0.961910
5850 CNOT7_8 5825 0.005441
5850 CNOT7_8 5854 0.005441
5850 CNOT7_8 5823 0.005441
5850 CNOT7_8 5853 0.005441
5850 CNOT7_8 5822 0.005441
5850 CNOT7_8 5856 0.005441
5850 CNOT7_8 5824 0.005441
5850 MEAS7 5841 0.346667
5850 MEAS7 5842 0.153333
5850 MEAS7 5843 0.426667
5850 MEAS7 5844 0.073333
5850 X6 5847 0.997614
5850 X6 5850 0.000795
5850 X6 5851 0.000795
5850 X6 5846 0.000795
5851 CNOT7_6 5856 0.942611
5851 CNOT7_6 5823 0.008198
5851 CNOT7_6 5853 0.008198
5851 CNOT7_6 5825 0.008198
5851 CNOT7_6 5854 0.008198
5851 CNOT7_6 5824 0.008198
5851 CNOT7_6 5855 0.008198
5851 CNOT7_6 5822 0.008198
5851 CNOT7_8 5856 0.961910
5851 CNOT7_8 5823 0.005441
5851 CNOT7_8 5853 0.005441
5851 CNOT7_8 5825 0.005441
5851 CNOT7_8 5854 0.005441
5851 CNOT7_8 5824 0.005441
5851 CNOT7_8 5855 0.005441
5851 CNOT7_8 5822 0.005441
5851 MEAS7 5841 0.346667
5851 MEAS7 5842 0.153333
5851 MEAS7 5843 0.426667
5851 MEAS7 5844 0.073333
5851 X6 5846 0.997614
5851 X6 5851 0.000795
5851 X6 5850 0.000795
5851 X6 5847 0.000795
5852 CNOT7_6 5824 0.942611
5852 CNOT7_6 5854 0.008198
5852 CNOT7_6 5825 0.008198
5852 CNOT7_6 5853 0.008198
5852 CNOT7_6 5823 0.008198
5852 CNOT7_6 5856 0.008198
5852 CNOT7_6 5822 0.008198
5852 CNOT7_6 5855 0.008198
5852 CNOT7_8 5824 0.961910
5852 CNOT7_8 5854 0.005441
5852 CNOT7_8 5825 0.005441
5852 CNOT7_8 5853 0.005441
5852 CNOT7_8 5823 0.005441
5852 CNOT7_8 5856 0.005441
5852 CNOT7_8 5822 0.005441
5852 CNOT7_8 5855 0.005441
5852 MEAS7 5809 0.346667
5852 MEAS7 5830 0.153333
5852 MEAS7 5831 0.426667
5852 MEAS7 5832 0.073333
5852 X6 5848 0.997614
5852 X6 5852 0.000795
5852 X6 5845 0.000795
5852 X6 5849 0.000795
5853 CNOT7_6 5849 0.942611
5853 CNOT7_6 5851 0.008198
5853 CNOT7_6 5850 0.008198
5853 CNOT7_6 5852 0.008198
5853 CNOT7_6 5845 0.008198
5853 CNOT7_6 5847 0.008198
5853 CNOT7_6 5846 0.008198
5853 CNOT7_6 5848 0.008198
5853 CNOT7_8 5846 0.961910
5853 CNOT7_8 5851 0.005441
5853 CNOT7_8 5850 0.005441
5853 CNOT7_8 5852 0.005441
5853 CNOT7_8 5845 0.005441
5853 CNOT7_8 5848 0.005441
5853 CNOT7_8 5849 0.005441
5853 CNOT7_8 5847 0.005441
5853 MEAS7 5853 0.853333
5853 MEAS7 5826 0.146667
5853 X6 5856 0.997614
5853 X6 5853 0.000795
5853 X6 5854 0.000795
5853 X6 5855 0.000795
5854 CNOT7_6 5848 0.942611
5854 CNOT7_6 5850 0.008198
5854 CNOT7_6 5851 0.008198
5854 CNOT7_6 5845 0.008198
5854 CNOT7_6 5852 0.008198
5854 CNOT7_6 5846 0.008198
5854 CNOT7_6 5847 0.008198
5854 CNOT7_6 5849 0.008198
5854 CNOT7_8 5847 0.961910
5854 CNOT7_8 5850 0.005441
5854 CNOT7_8 5851 0.005441
5854 CNOT7_8 5845 0.005441
5854 CNOT7_8 5852 0.005441
5854 CNOT7_8 5849 0.005441
5854 CNOT7_8 5848 0.005441
5854 CNOT7_8 5846 0.005441
5854 MEAS7 5854 0.853333
5854 MEAS7 5827 0.146667
5854 X6 5855 0.997614
5854 X6 5854 0.000795
5854 X6 5853 0.000795
5854 X6 5856 0.000795
5855 CNOT7_6 5850 0.942611
5855 CNOT7_6 5848 0.008198
5855 CNOT7_6 5849 0.008198
5855 CNOT7_6 5846 0.008198
5855 CNOT7_6 5847 0.008198
5855 CNOT7_6 5845 0.008198
5855 CNOT7_6 5852 0.008198
5855 CNOT7_6 5851 0.008198
5855 CNOT7_8 5850 0.961910
5855 CNOT7_8 5847 0.005441
5855 CNOT7_8 5846 0.005441
5855 CNOT7_8 5849 0.005441
5855 CNOT7_8 5848 0.005441
5855 CNOT7_8 5845 0.005441
5855 CNOT7_8 5852 0.005441
5855 CNOT7_8 5851 0.005441
5855 MEAS7 5855 0.853333
5855 MEAS7 5828 0.146667
5855 X6 5854 0.997614
5855 X6 5855 0.000795
5855 X6 5856 0.000795
5855 X6 5853 0.000795
5856 CNOT7_6 5851 0.942611
5856 CNOT7_6 5849 0.008198
5856 CNOT7_6 5848 0.008198
5856 CNOT7_6 5847 0.008198
5856 CNOT7_6 5846 0.008198
5856 CNOT7_6 5852 0.008198
5856 CNOT7_6 5845 0.008198
5856 CNOT7_6 5850 0.008198
5856 CNOT7_8 5851 0.961910
5856 CNOT7_8 5846 0.005441
5856 CNOT7_8 5847 0.005441
5856 CNOT7_8 5848 0.005441
5856 CNOT7_8 5849 0.005441
5856 CNOT7_8 5852 0.005441
5856 CNOT7_8 5845 0.005441
5856 CNOT7_8 5850 0.005441
5856 MEAS7 5856 0.853333
5856 MEAS7 5829 0.146667
5856 X6 5853 0.997614
5856 X6 5856 0.000795
5856 X6 5855 0.000795
5856 X6 5854 0.000795
ENDPOMDP
