BEGINPOMDP
INITIALSTATE: 4849
STATES: 4849,4850,4851,4852,4853,4854,4855,4856,4857,4858,4859,4860,4861,4862,4863,4864,4865,4866,4867,4868,4869,4870,4871,4872,4873,4874,4875,4876,4877,4878,4879,4880,4881,4882,4883,4884,4885,4886,4887,4888,4889,4890,4891,4892,4893,4894,4895,4896
TARGETV: 4850,4852,4854,4859,4860,4861,4862,4864,4868,4869,4885,4890,4891,4892,4895,4896
GAMMA: 4849:0,4850:0,4851:0,4852:0,4853:0,4854:0,4855:0,4856:0,4857:0,4858:0,4859:0,4860:0,4861:0,4862:1,4863:1,4864:1,4865:1,4866:0,4867:0,4868:0,4869:0,4870:1,4871:1,4872:0,4873:0,4874:1,4875:1,4876:0,4877:0,4878:1,4879:1,4880:0,4881:0,4882:1,4883:1,4884:0,4885:1,4886:1,4887:1,4888:1,4889:1,4890:1,4891:1,4892:1,4893:1,4894:1,4895:1,4896:1
BEGINACTIONS
CNOT12_7 Instruction.CNOT 7 12
CNOT12_13 Instruction.CNOT 13 12
MEAS12 Instruction.MEAS None 12
X7 Instruction.X None 7
ENDACTIONS
4849 INIT_ 4850 0.250000
4849 INIT_ 4851 0.250000
4849 INIT_ 4852 0.250000
4849 INIT_ 4853 0.250000
4849 CNOT12_7 4849 0.928270
4849 CNOT12_7 4876 0.023910
4849 CNOT12_7 4877 0.023910
4849 CNOT12_7 4884 0.023910
4849 CNOT12_13 4849 0.958954
4849 CNOT12_13 4880 0.013682
4849 CNOT12_13 4873 0.013682
4849 CNOT12_13 4884 0.013682
4849 MEAS12 4849 0.922000
4849 MEAS12 4870 0.078000
4849 X7 4877 0.985356
4849 X7 4849 0.014644
4850 CNOT12_7 4854 0.916315
4850 CNOT12_7 4855 0.011955
4850 CNOT12_7 4856 0.011955
4850 CNOT12_7 4857 0.011955
4850 CNOT12_7 4858 0.011955
4850 CNOT12_7 4859 0.011955
4850 CNOT12_7 4860 0.011955
4850 CNOT12_7 4861 0.011955
4850 CNOT12_13 4854 0.952113
4850 CNOT12_13 4858 0.006841
4850 CNOT12_13 4857 0.006841
4850 CNOT12_13 4856 0.006841
4850 CNOT12_13 4855 0.006841
4850 CNOT12_13 4859 0.006841
4850 CNOT12_13 4860 0.006841
4850 CNOT12_13 4861 0.006841
4850 MEAS12 4850 0.922000
4850 MEAS12 4862 0.078000
4850 X7 4851 0.978034
4850 X7 4850 0.007322
4850 X7 4852 0.007322
4850 X7 4853 0.007322
4851 CNOT12_7 4855 0.916315
4851 CNOT12_7 4854 0.011955
4851 CNOT12_7 4861 0.011955
4851 CNOT12_7 4859 0.011955
4851 CNOT12_7 4860 0.011955
4851 CNOT12_7 4857 0.011955
4851 CNOT12_7 4858 0.011955
4851 CNOT12_7 4856 0.011955
4851 CNOT12_13 4858 0.952113
4851 CNOT12_13 4854 0.006841
4851 CNOT12_13 4861 0.006841
4851 CNOT12_13 4859 0.006841
4851 CNOT12_13 4860 0.006841
4851 CNOT12_13 4856 0.006841
4851 CNOT12_13 4855 0.006841
4851 CNOT12_13 4857 0.006841
4851 MEAS12 4851 0.922000
4851 MEAS12 4863 0.078000
4851 X7 4850 0.978034
4851 X7 4851 0.007322
4851 X7 4853 0.007322
4851 X7 4852 0.007322
4852 CNOT12_7 4861 0.916315
4852 CNOT12_7 4856 0.011955
4852 CNOT12_7 4855 0.011955
4852 CNOT12_7 4858 0.011955
4852 CNOT12_7 4857 0.011955
4852 CNOT12_7 4860 0.011955
4852 CNOT12_7 4859 0.011955
4852 CNOT12_7 4854 0.011955
4852 CNOT12_13 4861 0.952113
4852 CNOT12_13 4857 0.006841
4852 CNOT12_13 4858 0.006841
4852 CNOT12_13 4855 0.006841
4852 CNOT12_13 4856 0.006841
4852 CNOT12_13 4860 0.006841
4852 CNOT12_13 4859 0.006841
4852 CNOT12_13 4854 0.006841
4852 MEAS12 4852 0.922000
4852 MEAS12 4864 0.078000
4852 X7 4853 0.978034
4852 X7 4852 0.007322
4852 X7 4850 0.007322
4852 X7 4851 0.007322
4853 CNOT12_7 4856 0.916315
4853 CNOT12_7 4861 0.011955
4853 CNOT12_7 4854 0.011955
4853 CNOT12_7 4860 0.011955
4853 CNOT12_7 4859 0.011955
4853 CNOT12_7 4858 0.011955
4853 CNOT12_7 4857 0.011955
4853 CNOT12_7 4855 0.011955
4853 CNOT12_13 4857 0.952113
4853 CNOT12_13 4861 0.006841
4853 CNOT12_13 4854 0.006841
4853 CNOT12_13 4860 0.006841
4853 CNOT12_13 4859 0.006841
4853 CNOT12_13 4855 0.006841
4853 CNOT12_13 4856 0.006841
4853 CNOT12_13 4858 0.006841
4853 MEAS12 4853 0.922000
4853 MEAS12 4865 0.078000
4853 X7 4852 0.978034
4853 X7 4853 0.007322
4853 X7 4851 0.007322
4853 X7 4850 0.007322
4854 CNOT12_7 4850 0.916315
4854 CNOT12_7 4866 0.011955
4854 CNOT12_7 4851 0.011955
4854 CNOT12_7 4867 0.011955
4854 CNOT12_7 4853 0.011955
4854 CNOT12_7 4868 0.011955
4854 CNOT12_7 4852 0.011955
4854 CNOT12_7 4869 0.011955
4854 CNOT12_13 4850 0.952113
4854 CNOT12_13 4866 0.006841
4854 CNOT12_13 4851 0.006841
4854 CNOT12_13 4867 0.006841
4854 CNOT12_13 4853 0.006841
4854 CNOT12_13 4868 0.006841
4854 CNOT12_13 4852 0.006841
4854 CNOT12_13 4869 0.006841
4854 MEAS12 4849 0.461000
4854 MEAS12 4870 0.039000
4854 MEAS12 4871 0.455000
4854 MEAS12 4872 0.045000
4854 X7 4858 0.978034
4854 X7 4854 0.007322
4854 X7 4861 0.007322
4854 X7 4857 0.007322
4855 CNOT12_7 4851 0.916315
4855 CNOT12_7 4869 0.011955
4855 CNOT12_7 4850 0.011955
4855 CNOT12_7 4868 0.011955
4855 CNOT12_7 4852 0.011955
4855 CNOT12_7 4867 0.011955
4855 CNOT12_7 4853 0.011955
4855 CNOT12_7 4866 0.011955
4855 CNOT12_13 4866 0.952113
4855 CNOT12_13 4850 0.006841
4855 CNOT12_13 4869 0.006841
4855 CNOT12_13 4852 0.006841
4855 CNOT12_13 4868 0.006841
4855 CNOT12_13 4853 0.006841
4855 CNOT12_13 4867 0.006841
4855 CNOT12_13 4851 0.006841
4855 MEAS12 4873 0.461000
4855 MEAS12 4874 0.039000
4855 MEAS12 4875 0.455000
4855 MEAS12 4876 0.045000
4855 X7 4860 0.978034
4855 X7 4855 0.007322
4855 X7 4856 0.007322
4855 X7 4859 0.007322
4856 CNOT12_7 4853 0.916315
4856 CNOT12_7 4868 0.011955
4856 CNOT12_7 4852 0.011955
4856 CNOT12_7 4869 0.011955
4856 CNOT12_7 4850 0.011955
4856 CNOT12_7 4866 0.011955
4856 CNOT12_7 4851 0.011955
4856 CNOT12_7 4867 0.011955
4856 CNOT12_13 4867 0.952113
4856 CNOT12_13 4852 0.006841
4856 CNOT12_13 4868 0.006841
4856 CNOT12_13 4850 0.006841
4856 CNOT12_13 4869 0.006841
4856 CNOT12_13 4851 0.006841
4856 CNOT12_13 4866 0.006841
4856 CNOT12_13 4853 0.006841
4856 MEAS12 4873 0.461000
4856 MEAS12 4874 0.039000
4856 MEAS12 4875 0.455000
4856 MEAS12 4876 0.045000
4856 X7 4859 0.978034
4856 X7 4856 0.007322
4856 X7 4855 0.007322
4856 X7 4860 0.007322
4857 CNOT12_7 4867 0.916315
4857 CNOT12_7 4852 0.011955
4857 CNOT12_7 4868 0.011955
4857 CNOT12_7 4850 0.011955
4857 CNOT12_7 4869 0.011955
4857 CNOT12_7 4851 0.011955
4857 CNOT12_7 4866 0.011955
4857 CNOT12_7 4853 0.011955
4857 CNOT12_13 4853 0.952113
4857 CNOT12_13 4868 0.006841
4857 CNOT12_13 4852 0.006841
4857 CNOT12_13 4869 0.006841
4857 CNOT12_13 4850 0.006841
4857 CNOT12_13 4866 0.006841
4857 CNOT12_13 4851 0.006841
4857 CNOT12_13 4867 0.006841
4857 MEAS12 4877 0.461000
4857 MEAS12 4878 0.039000
4857 MEAS12 4879 0.455000
4857 MEAS12 4880 0.045000
4857 X7 4861 0.978034
4857 X7 4857 0.007322
4857 X7 4858 0.007322
4857 X7 4854 0.007322
4858 CNOT12_7 4866 0.916315
4858 CNOT12_7 4850 0.011955
4858 CNOT12_7 4869 0.011955
4858 CNOT12_7 4852 0.011955
4858 CNOT12_7 4868 0.011955
4858 CNOT12_7 4853 0.011955
4858 CNOT12_7 4867 0.011955
4858 CNOT12_7 4851 0.011955
4858 CNOT12_13 4851 0.952113
4858 CNOT12_13 4869 0.006841
4858 CNOT12_13 4850 0.006841
4858 CNOT12_13 4868 0.006841
4858 CNOT12_13 4852 0.006841
4858 CNOT12_13 4867 0.006841
4858 CNOT12_13 4853 0.006841
4858 CNOT12_13 4866 0.006841
4858 MEAS12 4877 0.461000
4858 MEAS12 4878 0.039000
4858 MEAS12 4879 0.455000
4858 MEAS12 4880 0.045000
4858 X7 4854 0.978034
4858 X7 4858 0.007322
4858 X7 4857 0.007322
4858 X7 4861 0.007322
4859 CNOT12_7 4868 0.916315
4859 CNOT12_7 4853 0.011955
4859 CNOT12_7 4867 0.011955
4859 CNOT12_7 4851 0.011955
4859 CNOT12_7 4866 0.011955
4859 CNOT12_7 4850 0.011955
4859 CNOT12_7 4869 0.011955
4859 CNOT12_7 4852 0.011955
4859 CNOT12_13 4868 0.952113
4859 CNOT12_13 4853 0.006841
4859 CNOT12_13 4867 0.006841
4859 CNOT12_13 4851 0.006841
4859 CNOT12_13 4866 0.006841
4859 CNOT12_13 4850 0.006841
4859 CNOT12_13 4869 0.006841
4859 CNOT12_13 4852 0.006841
4859 MEAS12 4881 0.461000
4859 MEAS12 4882 0.039000
4859 MEAS12 4883 0.455000
4859 MEAS12 4884 0.045000
4859 X7 4856 0.978034
4859 X7 4859 0.007322
4859 X7 4860 0.007322
4859 X7 4855 0.007322
4860 CNOT12_7 4869 0.916315
4860 CNOT12_7 4851 0.011955
4860 CNOT12_7 4866 0.011955
4860 CNOT12_7 4853 0.011955
4860 CNOT12_7 4867 0.011955
4860 CNOT12_7 4852 0.011955
4860 CNOT12_7 4868 0.011955
4860 CNOT12_7 4850 0.011955
4860 CNOT12_13 4869 0.952113
4860 CNOT12_13 4851 0.006841
4860 CNOT12_13 4866 0.006841
4860 CNOT12_13 4853 0.006841
4860 CNOT12_13 4867 0.006841
4860 CNOT12_13 4852 0.006841
4860 CNOT12_13 4868 0.006841
4860 CNOT12_13 4850 0.006841
4860 MEAS12 4881 0.461000
4860 MEAS12 4882 0.039000
4860 MEAS12 4883 0.455000
4860 MEAS12 4884 0.045000
4860 X7 4855 0.978034
4860 X7 4860 0.007322
4860 X7 4859 0.007322
4860 X7 4856 0.007322
4861 CNOT12_7 4852 0.916315
4861 CNOT12_7 4867 0.011955
4861 CNOT12_7 4853 0.011955
4861 CNOT12_7 4866 0.011955
4861 CNOT12_7 4851 0.011955
4861 CNOT12_7 4869 0.011955
4861 CNOT12_7 4850 0.011955
4861 CNOT12_7 4868 0.011955
4861 CNOT12_13 4852 0.952113
4861 CNOT12_13 4867 0.006841
4861 CNOT12_13 4853 0.006841
4861 CNOT12_13 4866 0.006841
4861 CNOT12_13 4851 0.006841
4861 CNOT12_13 4869 0.006841
4861 CNOT12_13 4850 0.006841
4861 CNOT12_13 4868 0.006841
4861 MEAS12 4849 0.461000
4861 MEAS12 4870 0.039000
4861 MEAS12 4871 0.455000
4861 MEAS12 4872 0.045000
4861 X7 4857 0.978034
4861 X7 4861 0.007322
4861 X7 4854 0.007322
4861 X7 4858 0.007322
4862 CNOT12_7 4885 0.916315
4862 CNOT12_7 4886 0.011955
4862 CNOT12_7 4887 0.011955
4862 CNOT12_7 4888 0.011955
4862 CNOT12_7 4889 0.011955
4862 CNOT12_7 4890 0.011955
4862 CNOT12_7 4891 0.011955
4862 CNOT12_7 4892 0.011955
4862 CNOT12_13 4885 0.952113
4862 CNOT12_13 4889 0.006841
4862 CNOT12_13 4888 0.006841
4862 CNOT12_13 4887 0.006841
4862 CNOT12_13 4886 0.006841
4862 CNOT12_13 4890 0.006841
4862 CNOT12_13 4891 0.006841
4862 CNOT12_13 4892 0.006841
4862 MEAS12 4850 0.922000
4862 MEAS12 4862 0.078000
4862 X7 4863 0.978034
4862 X7 4862 0.007322
4862 X7 4864 0.007322
4862 X7 4865 0.007322
4863 CNOT12_7 4886 0.916315
4863 CNOT12_7 4885 0.011955
4863 CNOT12_7 4892 0.011955
4863 CNOT12_7 4890 0.011955
4863 CNOT12_7 4891 0.011955
4863 CNOT12_7 4888 0.011955
4863 CNOT12_7 4889 0.011955
4863 CNOT12_7 4887 0.011955
4863 CNOT12_13 4889 0.952113
4863 CNOT12_13 4885 0.006841
4863 CNOT12_13 4892 0.006841
4863 CNOT12_13 4890 0.006841
4863 CNOT12_13 4891 0.006841
4863 CNOT12_13 4887 0.006841
4863 CNOT12_13 4886 0.006841
4863 CNOT12_13 4888 0.006841
4863 MEAS12 4851 0.922000
4863 MEAS12 4863 0.078000
4863 X7 4862 0.978034
4863 X7 4863 0.007322
4863 X7 4865 0.007322
4863 X7 4864 0.007322
4864 CNOT12_7 4892 0.916315
4864 CNOT12_7 4887 0.011955
4864 CNOT12_7 4886 0.011955
4864 CNOT12_7 4889 0.011955
4864 CNOT12_7 4888 0.011955
4864 CNOT12_7 4891 0.011955
4864 CNOT12_7 4890 0.011955
4864 CNOT12_7 4885 0.011955
4864 CNOT12_13 4892 0.952113
4864 CNOT12_13 4888 0.006841
4864 CNOT12_13 4889 0.006841
4864 CNOT12_13 4886 0.006841
4864 CNOT12_13 4887 0.006841
4864 CNOT12_13 4891 0.006841
4864 CNOT12_13 4890 0.006841
4864 CNOT12_13 4885 0.006841
4864 MEAS12 4852 0.922000
4864 MEAS12 4864 0.078000
4864 X7 4865 0.978034
4864 X7 4864 0.007322
4864 X7 4862 0.007322
4864 X7 4863 0.007322
4865 CNOT12_7 4887 0.916315
4865 CNOT12_7 4892 0.011955
4865 CNOT12_7 4885 0.011955
4865 CNOT12_7 4891 0.011955
4865 CNOT12_7 4890 0.011955
4865 CNOT12_7 4889 0.011955
4865 CNOT12_7 4888 0.011955
4865 CNOT12_7 4886 0.011955
4865 CNOT12_13 4888 0.952113
4865 CNOT12_13 4892 0.006841
4865 CNOT12_13 4885 0.006841
4865 CNOT12_13 4891 0.006841
4865 CNOT12_13 4890 0.006841
4865 CNOT12_13 4886 0.006841
4865 CNOT12_13 4887 0.006841
4865 CNOT12_13 4889 0.006841
4865 MEAS12 4853 0.922000
4865 MEAS12 4865 0.078000
4865 X7 4864 0.978034
4865 X7 4865 0.007322
4865 X7 4863 0.007322
4865 X7 4862 0.007322
4866 CNOT12_7 4858 0.916315
4866 CNOT12_7 4860 0.011955
4866 CNOT12_7 4859 0.011955
4866 CNOT12_7 4861 0.011955
4866 CNOT12_7 4854 0.011955
4866 CNOT12_7 4856 0.011955
4866 CNOT12_7 4855 0.011955
4866 CNOT12_7 4857 0.011955
4866 CNOT12_13 4855 0.952113
4866 CNOT12_13 4860 0.006841
4866 CNOT12_13 4859 0.006841
4866 CNOT12_13 4861 0.006841
4866 CNOT12_13 4854 0.006841
4866 CNOT12_13 4857 0.006841
4866 CNOT12_13 4858 0.006841
4866 CNOT12_13 4856 0.006841
4866 MEAS12 4893 0.910000
4866 MEAS12 4866 0.090000
4866 X7 4869 0.978034
4866 X7 4866 0.007322
4866 X7 4867 0.007322
4866 X7 4868 0.007322
4867 CNOT12_7 4857 0.916315
4867 CNOT12_7 4859 0.011955
4867 CNOT12_7 4860 0.011955
4867 CNOT12_7 4854 0.011955
4867 CNOT12_7 4861 0.011955
4867 CNOT12_7 4855 0.011955
4867 CNOT12_7 4856 0.011955
4867 CNOT12_7 4858 0.011955
4867 CNOT12_13 4856 0.952113
4867 CNOT12_13 4859 0.006841
4867 CNOT12_13 4860 0.006841
4867 CNOT12_13 4854 0.006841
4867 CNOT12_13 4861 0.006841
4867 CNOT12_13 4858 0.006841
4867 CNOT12_13 4857 0.006841
4867 CNOT12_13 4855 0.006841
4867 MEAS12 4894 0.910000
4867 MEAS12 4867 0.090000
4867 X7 4868 0.978034
4867 X7 4867 0.007322
4867 X7 4866 0.007322
4867 X7 4869 0.007322
4868 CNOT12_7 4859 0.916315
4868 CNOT12_7 4857 0.011955
4868 CNOT12_7 4858 0.011955
4868 CNOT12_7 4855 0.011955
4868 CNOT12_7 4856 0.011955
4868 CNOT12_7 4854 0.011955
4868 CNOT12_7 4861 0.011955
4868 CNOT12_7 4860 0.011955
4868 CNOT12_13 4859 0.952113
4868 CNOT12_13 4856 0.006841
4868 CNOT12_13 4855 0.006841
4868 CNOT12_13 4858 0.006841
4868 CNOT12_13 4857 0.006841
4868 CNOT12_13 4854 0.006841
4868 CNOT12_13 4861 0.006841
4868 CNOT12_13 4860 0.006841
4868 MEAS12 4895 0.910000
4868 MEAS12 4868 0.090000
4868 X7 4867 0.978034
4868 X7 4868 0.007322
4868 X7 4869 0.007322
4868 X7 4866 0.007322
4869 CNOT12_7 4860 0.916315
4869 CNOT12_7 4858 0.011955
4869 CNOT12_7 4857 0.011955
4869 CNOT12_7 4856 0.011955
4869 CNOT12_7 4855 0.011955
4869 CNOT12_7 4861 0.011955
4869 CNOT12_7 4854 0.011955
4869 CNOT12_7 4859 0.011955
4869 CNOT12_13 4860 0.952113
4869 CNOT12_13 4855 0.006841
4869 CNOT12_13 4856 0.006841
4869 CNOT12_13 4857 0.006841
4869 CNOT12_13 4858 0.006841
4869 CNOT12_13 4861 0.006841
4869 CNOT12_13 4854 0.006841
4869 CNOT12_13 4859 0.006841
4869 MEAS12 4896 0.910000
4869 MEAS12 4869 0.090000
4869 X7 4866 0.978034
4869 X7 4869 0.007322
4869 X7 4868 0.007322
4869 X7 4867 0.007322
4870 CNOT12_7 4870 0.928270
4870 CNOT12_7 4875 0.023910
4870 CNOT12_7 4878 0.023910
4870 CNOT12_7 4883 0.023910
4870 CNOT12_13 4870 0.958954
4870 CNOT12_13 4879 0.013682
4870 CNOT12_13 4874 0.013682
4870 CNOT12_13 4883 0.013682
4870 MEAS12 4849 0.922000
4870 MEAS12 4870 0.078000
4870 X7 4878 0.985356
4870 X7 4870 0.014644
4871 CNOT12_7 4882 0.928270
4871 CNOT12_7 4879 0.023910
4871 CNOT12_7 4874 0.023910
4871 CNOT12_7 4871 0.023910
4871 CNOT12_13 4882 0.958954
4871 CNOT12_13 4875 0.013682
4871 CNOT12_13 4878 0.013682
4871 CNOT12_13 4871 0.013682
4871 MEAS12 4871 0.910000
4871 MEAS12 4872 0.090000
4871 X7 4879 0.985356
4871 X7 4871 0.014644
4872 CNOT12_7 4881 0.928270
4872 CNOT12_7 4880 0.023910
4872 CNOT12_7 4873 0.023910
4872 CNOT12_7 4872 0.023910
4872 CNOT12_13 4881 0.958954
4872 CNOT12_13 4876 0.013682
4872 CNOT12_13 4877 0.013682
4872 CNOT12_13 4872 0.013682
4872 MEAS12 4871 0.910000
4872 MEAS12 4872 0.090000
4872 X7 4880 0.985356
4872 X7 4872 0.014644
4873 CNOT12_7 4873 0.928270
4873 CNOT12_7 4872 0.023910
4873 CNOT12_7 4881 0.023910
4873 CNOT12_7 4880 0.023910
4873 CNOT12_13 4880 0.958954
4873 CNOT12_13 4849 0.013682
4873 CNOT12_13 4884 0.013682
4873 CNOT12_13 4873 0.013682
4873 MEAS12 4873 0.922000
4873 MEAS12 4874 0.078000
4873 X7 4881 0.985356
4873 X7 4873 0.014644
4874 CNOT12_7 4874 0.928270
4874 CNOT12_7 4871 0.023910
4874 CNOT12_7 4882 0.023910
4874 CNOT12_7 4879 0.023910
4874 CNOT12_13 4879 0.958954
4874 CNOT12_13 4870 0.013682
4874 CNOT12_13 4883 0.013682
4874 CNOT12_13 4874 0.013682
4874 MEAS12 4873 0.922000
4874 MEAS12 4874 0.078000
4874 X7 4882 0.985356
4874 X7 4874 0.014644
4875 CNOT12_7 4878 0.928270
4875 CNOT12_7 4883 0.023910
4875 CNOT12_7 4870 0.023910
4875 CNOT12_7 4875 0.023910
4875 CNOT12_13 4875 0.958954
4875 CNOT12_13 4882 0.013682
4875 CNOT12_13 4871 0.013682
4875 CNOT12_13 4878 0.013682
4875 MEAS12 4875 0.910000
4875 MEAS12 4876 0.090000
4875 X7 4883 0.985356
4875 X7 4875 0.014644
4876 CNOT12_7 4877 0.928270
4876 CNOT12_7 4884 0.023910
4876 CNOT12_7 4849 0.023910
4876 CNOT12_7 4876 0.023910
4876 CNOT12_13 4876 0.958954
4876 CNOT12_13 4881 0.013682
4876 CNOT12_13 4872 0.013682
4876 CNOT12_13 4877 0.013682
4876 MEAS12 4875 0.910000
4876 MEAS12 4876 0.090000
4876 X7 4884 0.985356
4876 X7 4876 0.014644
4877 CNOT12_7 4876 0.928270
4877 CNOT12_7 4849 0.023910
4877 CNOT12_7 4884 0.023910
4877 CNOT12_7 4877 0.023910
4877 CNOT12_13 4877 0.958954
4877 CNOT12_13 4872 0.013682
4877 CNOT12_13 4881 0.013682
4877 CNOT12_13 4876 0.013682
4877 MEAS12 4877 0.922000
4877 MEAS12 4878 0.078000
4877 X7 4849 0.985356
4877 X7 4877 0.014644
4878 CNOT12_7 4875 0.928270
4878 CNOT12_7 4870 0.023910
4878 CNOT12_7 4883 0.023910
4878 CNOT12_7 4878 0.023910
4878 CNOT12_13 4878 0.958954
4878 CNOT12_13 4871 0.013682
4878 CNOT12_13 4882 0.013682
4878 CNOT12_13 4875 0.013682
4878 MEAS12 4877 0.922000
4878 MEAS12 4878 0.078000
4878 X7 4870 0.985356
4878 X7 4878 0.014644
4879 CNOT12_7 4879 0.928270
4879 CNOT12_7 4882 0.023910
4879 CNOT12_7 4871 0.023910
4879 CNOT12_7 4874 0.023910
4879 CNOT12_13 4874 0.958954
4879 CNOT12_13 4883 0.013682
4879 CNOT12_13 4870 0.013682
4879 CNOT12_13 4879 0.013682
4879 MEAS12 4879 0.910000
4879 MEAS12 4880 0.090000
4879 X7 4871 0.985356
4879 X7 4879 0.014644
4880 CNOT12_7 4880 0.928270
4880 CNOT12_7 4881 0.023910
4880 CNOT12_7 4872 0.023910
4880 CNOT12_7 4873 0.023910
4880 CNOT12_13 4873 0.958954
4880 CNOT12_13 4884 0.013682
4880 CNOT12_13 4849 0.013682
4880 CNOT12_13 4880 0.013682
4880 MEAS12 4879 0.910000
4880 MEAS12 4880 0.090000
4880 X7 4872 0.985356
4880 X7 4880 0.014644
4881 CNOT12_7 4872 0.928270
4881 CNOT12_7 4873 0.023910
4881 CNOT12_7 4880 0.023910
4881 CNOT12_7 4881 0.023910
4881 CNOT12_13 4872 0.958954
4881 CNOT12_13 4877 0.013682
4881 CNOT12_13 4876 0.013682
4881 CNOT12_13 4881 0.013682
4881 MEAS12 4881 0.922000
4881 MEAS12 4882 0.078000
4881 X7 4873 0.985356
4881 X7 4881 0.014644
4882 CNOT12_7 4871 0.928270
4882 CNOT12_7 4874 0.023910
4882 CNOT12_7 4879 0.023910
4882 CNOT12_7 4882 0.023910
4882 CNOT12_13 4871 0.958954
4882 CNOT12_13 4878 0.013682
4882 CNOT12_13 4875 0.013682
4882 CNOT12_13 4882 0.013682
4882 MEAS12 4881 0.922000
4882 MEAS12 4882 0.078000
4882 X7 4874 0.985356
4882 X7 4882 0.014644
4883 CNOT12_7 4883 0.928270
4883 CNOT12_7 4878 0.023910
4883 CNOT12_7 4875 0.023910
4883 CNOT12_7 4870 0.023910
4883 CNOT12_13 4883 0.958954
4883 CNOT12_13 4874 0.013682
4883 CNOT12_13 4879 0.013682
4883 CNOT12_13 4870 0.013682
4883 MEAS12 4883 0.910000
4883 MEAS12 4884 0.090000
4883 X7 4875 0.985356
4883 X7 4883 0.014644
4884 CNOT12_7 4884 0.928270
4884 CNOT12_7 4877 0.023910
4884 CNOT12_7 4876 0.023910
4884 CNOT12_7 4849 0.023910
4884 CNOT12_13 4884 0.958954
4884 CNOT12_13 4873 0.013682
4884 CNOT12_13 4880 0.013682
4884 CNOT12_13 4849 0.013682
4884 MEAS12 4883 0.910000
4884 MEAS12 4884 0.090000
4884 X7 4876 0.985356
4884 X7 4884 0.014644
4885 CNOT12_7 4862 0.916315
4885 CNOT12_7 4893 0.011955
4885 CNOT12_7 4863 0.011955
4885 CNOT12_7 4894 0.011955
4885 CNOT12_7 4865 0.011955
4885 CNOT12_7 4895 0.011955
4885 CNOT12_7 4864 0.011955
4885 CNOT12_7 4896 0.011955
4885 CNOT12_13 4862 0.952113
4885 CNOT12_13 4893 0.006841
4885 CNOT12_13 4863 0.006841
4885 CNOT12_13 4894 0.006841
4885 CNOT12_13 4865 0.006841
4885 CNOT12_13 4895 0.006841
4885 CNOT12_13 4864 0.006841
4885 CNOT12_13 4896 0.006841
4885 MEAS12 4849 0.461000
4885 MEAS12 4870 0.039000
4885 MEAS12 4871 0.455000
4885 MEAS12 4872 0.045000
4885 X7 4889 0.978034
4885 X7 4885 0.007322
4885 X7 4892 0.007322
4885 X7 4888 0.007322
4886 CNOT12_7 4863 0.916315
4886 CNOT12_7 4896 0.011955
4886 CNOT12_7 4862 0.011955
4886 CNOT12_7 4895 0.011955
4886 CNOT12_7 4864 0.011955
4886 CNOT12_7 4894 0.011955
4886 CNOT12_7 4865 0.011955
4886 CNOT12_7 4893 0.011955
4886 CNOT12_13 4893 0.952113
4886 CNOT12_13 4862 0.006841
4886 CNOT12_13 4896 0.006841
4886 CNOT12_13 4864 0.006841
4886 CNOT12_13 4895 0.006841
4886 CNOT12_13 4865 0.006841
4886 CNOT12_13 4894 0.006841
4886 CNOT12_13 4863 0.006841
4886 MEAS12 4873 0.461000
4886 MEAS12 4874 0.039000
4886 MEAS12 4875 0.455000
4886 MEAS12 4876 0.045000
4886 X7 4891 0.978034
4886 X7 4886 0.007322
4886 X7 4887 0.007322
4886 X7 4890 0.007322
4887 CNOT12_7 4865 0.916315
4887 CNOT12_7 4895 0.011955
4887 CNOT12_7 4864 0.011955
4887 CNOT12_7 4896 0.011955
4887 CNOT12_7 4862 0.011955
4887 CNOT12_7 4893 0.011955
4887 CNOT12_7 4863 0.011955
4887 CNOT12_7 4894 0.011955
4887 CNOT12_13 4894 0.952113
4887 CNOT12_13 4864 0.006841
4887 CNOT12_13 4895 0.006841
4887 CNOT12_13 4862 0.006841
4887 CNOT12_13 4896 0.006841
4887 CNOT12_13 4863 0.006841
4887 CNOT12_13 4893 0.006841
4887 CNOT12_13 4865 0.006841
4887 MEAS12 4873 0.461000
4887 MEAS12 4874 0.039000
4887 MEAS12 4875 0.455000
4887 MEAS12 4876 0.045000
4887 X7 4890 0.978034
4887 X7 4887 0.007322
4887 X7 4886 0.007322
4887 X7 4891 0.007322
4888 CNOT12_7 4894 0.916315
4888 CNOT12_7 4864 0.011955
4888 CNOT12_7 4895 0.011955
4888 CNOT12_7 4862 0.011955
4888 CNOT12_7 4896 0.011955
4888 CNOT12_7 4863 0.011955
4888 CNOT12_7 4893 0.011955
4888 CNOT12_7 4865 0.011955
4888 CNOT12_13 4865 0.952113
4888 CNOT12_13 4895 0.006841
4888 CNOT12_13 4864 0.006841
4888 CNOT12_13 4896 0.006841
4888 CNOT12_13 4862 0.006841
4888 CNOT12_13 4893 0.006841
4888 CNOT12_13 4863 0.006841
4888 CNOT12_13 4894 0.006841
4888 MEAS12 4877 0.461000
4888 MEAS12 4878 0.039000
4888 MEAS12 4879 0.455000
4888 MEAS12 4880 0.045000
4888 X7 4892 0.978034
4888 X7 4888 0.007322
4888 X7 4889 0.007322
4888 X7 4885 0.007322
4889 CNOT12_7 4893 0.916315
4889 CNOT12_7 4862 0.011955
4889 CNOT12_7 4896 0.011955
4889 CNOT12_7 4864 0.011955
4889 CNOT12_7 4895 0.011955
4889 CNOT12_7 4865 0.011955
4889 CNOT12_7 4894 0.011955
4889 CNOT12_7 4863 0.011955
4889 CNOT12_13 4863 0.952113
4889 CNOT12_13 4896 0.006841
4889 CNOT12_13 4862 0.006841
4889 CNOT12_13 4895 0.006841
4889 CNOT12_13 4864 0.006841
4889 CNOT12_13 4894 0.006841
4889 CNOT12_13 4865 0.006841
4889 CNOT12_13 4893 0.006841
4889 MEAS12 4877 0.461000
4889 MEAS12 4878 0.039000
4889 MEAS12 4879 0.455000
4889 MEAS12 4880 0.045000
4889 X7 4885 0.978034
4889 X7 4889 0.007322
4889 X7 4888 0.007322
4889 X7 4892 0.007322
4890 CNOT12_7 4895 0.916315
4890 CNOT12_7 4865 0.011955
4890 CNOT12_7 4894 0.011955
4890 CNOT12_7 4863 0.011955
4890 CNOT12_7 4893 0.011955
4890 CNOT12_7 4862 0.011955
4890 CNOT12_7 4896 0.011955
4890 CNOT12_7 4864 0.011955
4890 CNOT12_13 4895 0.952113
4890 CNOT12_13 4865 0.006841
4890 CNOT12_13 4894 0.006841
4890 CNOT12_13 4863 0.006841
4890 CNOT12_13 4893 0.006841
4890 CNOT12_13 4862 0.006841
4890 CNOT12_13 4896 0.006841
4890 CNOT12_13 4864 0.006841
4890 MEAS12 4881 0.461000
4890 MEAS12 4882 0.039000
4890 MEAS12 4883 0.455000
4890 MEAS12 4884 0.045000
4890 X7 4887 0.978034
4890 X7 4890 0.007322
4890 X7 4891 0.007322
4890 X7 4886 0.007322
4891 CNOT12_7 4896 0.916315
4891 CNOT12_7 4863 0.011955
4891 CNOT12_7 4893 0.011955
4891 CNOT12_7 4865 0.011955
4891 CNOT12_7 4894 0.011955
4891 CNOT12_7 4864 0.011955
4891 CNOT12_7 4895 0.011955
4891 CNOT12_7 4862 0.011955
4891 CNOT12_13 4896 0.952113
4891 CNOT12_13 4863 0.006841
4891 CNOT12_13 4893 0.006841
4891 CNOT12_13 4865 0.006841
4891 CNOT12_13 4894 0.006841
4891 CNOT12_13 4864 0.006841
4891 CNOT12_13 4895 0.006841
4891 CNOT12_13 4862 0.006841
4891 MEAS12 4881 0.461000
4891 MEAS12 4882 0.039000
4891 MEAS12 4883 0.455000
4891 MEAS12 4884 0.045000
4891 X7 4886 0.978034
4891 X7 4891 0.007322
4891 X7 4890 0.007322
4891 X7 4887 0.007322
4892 CNOT12_7 4864 0.916315
4892 CNOT12_7 4894 0.011955
4892 CNOT12_7 4865 0.011955
4892 CNOT12_7 4893 0.011955
4892 CNOT12_7 4863 0.011955
4892 CNOT12_7 4896 0.011955
4892 CNOT12_7 4862 0.011955
4892 CNOT12_7 4895 0.011955
4892 CNOT12_13 4864 0.952113
4892 CNOT12_13 4894 0.006841
4892 CNOT12_13 4865 0.006841
4892 CNOT12_13 4893 0.006841
4892 CNOT12_13 4863 0.006841
4892 CNOT12_13 4896 0.006841
4892 CNOT12_13 4862 0.006841
4892 CNOT12_13 4895 0.006841
4892 MEAS12 4849 0.461000
4892 MEAS12 4870 0.039000
4892 MEAS12 4871 0.455000
4892 MEAS12 4872 0.045000
4892 X7 4888 0.978034
4892 X7 4892 0.007322
4892 X7 4885 0.007322
4892 X7 4889 0.007322
4893 CNOT12_7 4889 0.916315
4893 CNOT12_7 4891 0.011955
4893 CNOT12_7 4890 0.011955
4893 CNOT12_7 4892 0.011955
4893 CNOT12_7 4885 0.011955
4893 CNOT12_7 4887 0.011955
4893 CNOT12_7 4886 0.011955
4893 CNOT12_7 4888 0.011955
4893 CNOT12_13 4886 0.952113
4893 CNOT12_13 4891 0.006841
4893 CNOT12_13 4890 0.006841
4893 CNOT12_13 4892 0.006841
4893 CNOT12_13 4885 0.006841
4893 CNOT12_13 4888 0.006841
4893 CNOT12_13 4889 0.006841
4893 CNOT12_13 4887 0.006841
4893 MEAS12 4893 0.910000
4893 MEAS12 4866 0.090000
4893 X7 4896 0.978034
4893 X7 4893 0.007322
4893 X7 4894 0.007322
4893 X7 4895 0.007322
4894 CNOT12_7 4888 0.916315
4894 CNOT12_7 4890 0.011955
4894 CNOT12_7 4891 0.011955
4894 CNOT12_7 4885 0.011955
4894 CNOT12_7 4892 0.011955
4894 CNOT12_7 4886 0.011955
4894 CNOT12_7 4887 0.011955
4894 CNOT12_7 4889 0.011955
4894 CNOT12_13 4887 0.952113
4894 CNOT12_13 4890 0.006841
4894 CNOT12_13 4891 0.006841
4894 CNOT12_13 4885 0.006841
4894 CNOT12_13 4892 0.006841
4894 CNOT12_13 4889 0.006841
4894 CNOT12_13 4888 0.006841
4894 CNOT12_13 4886 0.006841
4894 MEAS12 4894 0.910000
4894 MEAS12 4867 0.090000
4894 X7 4895 0.978034
4894 X7 4894 0.007322
4894 X7 4893 0.007322
4894 X7 4896 0.007322
4895 CNOT12_7 4890 0.916315
4895 CNOT12_7 4888 0.011955
4895 CNOT12_7 4889 0.011955
4895 CNOT12_7 4886 0.011955
4895 CNOT12_7 4887 0.011955
4895 CNOT12_7 4885 0.011955
4895 CNOT12_7 4892 0.011955
4895 CNOT12_7 4891 0.011955
4895 CNOT12_13 4890 0.952113
4895 CNOT12_13 4887 0.006841
4895 CNOT12_13 4886 0.006841
4895 CNOT12_13 4889 0.006841
4895 CNOT12_13 4888 0.006841
4895 CNOT12_13 4885 0.006841
4895 CNOT12_13 4892 0.006841
4895 CNOT12_13 4891 0.006841
4895 MEAS12 4895 0.910000
4895 MEAS12 4868 0.090000
4895 X7 4894 0.978034
4895 X7 4895 0.007322
4895 X7 4896 0.007322
4895 X7 4893 0.007322
4896 CNOT12_7 4891 0.916315
4896 CNOT12_7 4889 0.011955
4896 CNOT12_7 4888 0.011955
4896 CNOT12_7 4887 0.011955
4896 CNOT12_7 4886 0.011955
4896 CNOT12_7 4892 0.011955
4896 CNOT12_7 4885 0.011955
4896 CNOT12_7 4890 0.011955
4896 CNOT12_13 4891 0.952113
4896 CNOT12_13 4886 0.006841
4896 CNOT12_13 4887 0.006841
4896 CNOT12_13 4888 0.006841
4896 CNOT12_13 4889 0.006841
4896 CNOT12_13 4892 0.006841
4896 CNOT12_13 4885 0.006841
4896 CNOT12_13 4890 0.006841
4896 MEAS12 4896 0.910000
4896 MEAS12 4869 0.090000
4896 X7 4893 0.978034
4896 X7 4896 0.007322
4896 X7 4895 0.007322
4896 X7 4894 0.007322
ENDPOMDP
