BEGINPOMDP
INITIALSTATE: 7537
STATES: 7537,7538,7539,7540,7541,7542,7543,7544,7545,7546,7547,7548,7549,7550,7551,7552,7553,7554,7555,7556,7557,7558,7559,7560,7561,7562,7563,7564,7565,7566,7567,7568,7569,7570,7571,7572,7573,7574,7575,7576,7577,7578,7579,7580,7581,7582,7583,7584
TARGETV: 7538,7540,7542,7547,7548,7549,7550,7552,7556,7557,7573,7578,7579,7580,7583,7584
GAMMA: 7537:0,7538:0,7539:0,7540:0,7541:0,7542:0,7543:0,7544:0,7545:0,7546:0,7547:0,7548:0,7549:0,7550:1,7551:1,7552:1,7553:1,7554:0,7555:0,7556:0,7557:0,7558:1,7559:1,7560:0,7561:0,7562:1,7563:1,7564:0,7565:0,7566:1,7567:1,7568:0,7569:0,7570:1,7571:1,7572:0,7573:1,7574:1,7575:1,7576:1,7577:1,7578:1,7579:1,7580:1,7581:1,7582:1,7583:1,7584:1
BEGINACTIONS
CNOT12_15 Instruction.CNOT 15 12
CNOT12_13 Instruction.CNOT 13 12
MEAS12 Instruction.MEAS None 12
X15 Instruction.X None 15
ENDACTIONS
7537 INIT_ 7538 0.250000
7537 INIT_ 7539 0.250000
7537 INIT_ 7540 0.250000
7537 INIT_ 7541 0.250000
7537 CNOT12_15 7537 0.979841
7537 CNOT12_15 7564 0.006720
7537 CNOT12_15 7565 0.006720
7537 CNOT12_15 7572 0.006720
7537 CNOT12_13 7537 0.966929
7537 CNOT12_13 7568 0.011024
7537 CNOT12_13 7561 0.011024
7537 CNOT12_13 7572 0.011024
7537 MEAS12 7537 0.965400
7537 MEAS12 7558 0.034600
7537 X15 7565 0.998879
7537 X15 7537 0.001121
7538 CNOT12_15 7542 0.976481
7538 CNOT12_15 7543 0.003360
7538 CNOT12_15 7544 0.003360
7538 CNOT12_15 7545 0.003360
7538 CNOT12_15 7546 0.003360
7538 CNOT12_15 7547 0.003360
7538 CNOT12_15 7548 0.003360
7538 CNOT12_15 7549 0.003360
7538 CNOT12_13 7542 0.961417
7538 CNOT12_13 7546 0.005512
7538 CNOT12_13 7545 0.005512
7538 CNOT12_13 7544 0.005512
7538 CNOT12_13 7543 0.005512
7538 CNOT12_13 7547 0.005512
7538 CNOT12_13 7548 0.005512
7538 CNOT12_13 7549 0.005512
7538 MEAS12 7538 0.965400
7538 MEAS12 7550 0.034600
7538 X15 7539 0.998319
7538 X15 7538 0.000560
7538 X15 7540 0.000560
7538 X15 7541 0.000560
7539 CNOT12_15 7543 0.976481
7539 CNOT12_15 7542 0.003360
7539 CNOT12_15 7549 0.003360
7539 CNOT12_15 7547 0.003360
7539 CNOT12_15 7548 0.003360
7539 CNOT12_15 7545 0.003360
7539 CNOT12_15 7546 0.003360
7539 CNOT12_15 7544 0.003360
7539 CNOT12_13 7546 0.961417
7539 CNOT12_13 7542 0.005512
7539 CNOT12_13 7549 0.005512
7539 CNOT12_13 7547 0.005512
7539 CNOT12_13 7548 0.005512
7539 CNOT12_13 7544 0.005512
7539 CNOT12_13 7543 0.005512
7539 CNOT12_13 7545 0.005512
7539 MEAS12 7539 0.965400
7539 MEAS12 7551 0.034600
7539 X15 7538 0.998319
7539 X15 7539 0.000560
7539 X15 7541 0.000560
7539 X15 7540 0.000560
7540 CNOT12_15 7549 0.976481
7540 CNOT12_15 7544 0.003360
7540 CNOT12_15 7543 0.003360
7540 CNOT12_15 7546 0.003360
7540 CNOT12_15 7545 0.003360
7540 CNOT12_15 7548 0.003360
7540 CNOT12_15 7547 0.003360
7540 CNOT12_15 7542 0.003360
7540 CNOT12_13 7549 0.961417
7540 CNOT12_13 7545 0.005512
7540 CNOT12_13 7546 0.005512
7540 CNOT12_13 7543 0.005512
7540 CNOT12_13 7544 0.005512
7540 CNOT12_13 7548 0.005512
7540 CNOT12_13 7547 0.005512
7540 CNOT12_13 7542 0.005512
7540 MEAS12 7540 0.965400
7540 MEAS12 7552 0.034600
7540 X15 7541 0.998319
7540 X15 7540 0.000560
7540 X15 7538 0.000560
7540 X15 7539 0.000560
7541 CNOT12_15 7544 0.976481
7541 CNOT12_15 7549 0.003360
7541 CNOT12_15 7542 0.003360
7541 CNOT12_15 7548 0.003360
7541 CNOT12_15 7547 0.003360
7541 CNOT12_15 7546 0.003360
7541 CNOT12_15 7545 0.003360
7541 CNOT12_15 7543 0.003360
7541 CNOT12_13 7545 0.961417
7541 CNOT12_13 7549 0.005512
7541 CNOT12_13 7542 0.005512
7541 CNOT12_13 7548 0.005512
7541 CNOT12_13 7547 0.005512
7541 CNOT12_13 7543 0.005512
7541 CNOT12_13 7544 0.005512
7541 CNOT12_13 7546 0.005512
7541 MEAS12 7541 0.965400
7541 MEAS12 7553 0.034600
7541 X15 7540 0.998319
7541 X15 7541 0.000560
7541 X15 7539 0.000560
7541 X15 7538 0.000560
7542 CNOT12_15 7538 0.976481
7542 CNOT12_15 7554 0.003360
7542 CNOT12_15 7539 0.003360
7542 CNOT12_15 7555 0.003360
7542 CNOT12_15 7541 0.003360
7542 CNOT12_15 7556 0.003360
7542 CNOT12_15 7540 0.003360
7542 CNOT12_15 7557 0.003360
7542 CNOT12_13 7538 0.961417
7542 CNOT12_13 7554 0.005512
7542 CNOT12_13 7539 0.005512
7542 CNOT12_13 7555 0.005512
7542 CNOT12_13 7541 0.005512
7542 CNOT12_13 7556 0.005512
7542 CNOT12_13 7540 0.005512
7542 CNOT12_13 7557 0.005512
7542 MEAS12 7537 0.482700
7542 MEAS12 7558 0.017300
7542 MEAS12 7559 0.438000
7542 MEAS12 7560 0.062000
7542 X15 7546 0.998319
7542 X15 7542 0.000560
7542 X15 7549 0.000560
7542 X15 7545 0.000560
7543 CNOT12_15 7539 0.976481
7543 CNOT12_15 7557 0.003360
7543 CNOT12_15 7538 0.003360
7543 CNOT12_15 7556 0.003360
7543 CNOT12_15 7540 0.003360
7543 CNOT12_15 7555 0.003360
7543 CNOT12_15 7541 0.003360
7543 CNOT12_15 7554 0.003360
7543 CNOT12_13 7554 0.961417
7543 CNOT12_13 7538 0.005512
7543 CNOT12_13 7557 0.005512
7543 CNOT12_13 7540 0.005512
7543 CNOT12_13 7556 0.005512
7543 CNOT12_13 7541 0.005512
7543 CNOT12_13 7555 0.005512
7543 CNOT12_13 7539 0.005512
7543 MEAS12 7561 0.482700
7543 MEAS12 7562 0.017300
7543 MEAS12 7563 0.438000
7543 MEAS12 7564 0.062000
7543 X15 7548 0.998319
7543 X15 7543 0.000560
7543 X15 7544 0.000560
7543 X15 7547 0.000560
7544 CNOT12_15 7541 0.976481
7544 CNOT12_15 7556 0.003360
7544 CNOT12_15 7540 0.003360
7544 CNOT12_15 7557 0.003360
7544 CNOT12_15 7538 0.003360
7544 CNOT12_15 7554 0.003360
7544 CNOT12_15 7539 0.003360
7544 CNOT12_15 7555 0.003360
7544 CNOT12_13 7555 0.961417
7544 CNOT12_13 7540 0.005512
7544 CNOT12_13 7556 0.005512
7544 CNOT12_13 7538 0.005512
7544 CNOT12_13 7557 0.005512
7544 CNOT12_13 7539 0.005512
7544 CNOT12_13 7554 0.005512
7544 CNOT12_13 7541 0.005512
7544 MEAS12 7561 0.482700
7544 MEAS12 7562 0.017300
7544 MEAS12 7563 0.438000
7544 MEAS12 7564 0.062000
7544 X15 7547 0.998319
7544 X15 7544 0.000560
7544 X15 7543 0.000560
7544 X15 7548 0.000560
7545 CNOT12_15 7555 0.976481
7545 CNOT12_15 7540 0.003360
7545 CNOT12_15 7556 0.003360
7545 CNOT12_15 7538 0.003360
7545 CNOT12_15 7557 0.003360
7545 CNOT12_15 7539 0.003360
7545 CNOT12_15 7554 0.003360
7545 CNOT12_15 7541 0.003360
7545 CNOT12_13 7541 0.961417
7545 CNOT12_13 7556 0.005512
7545 CNOT12_13 7540 0.005512
7545 CNOT12_13 7557 0.005512
7545 CNOT12_13 7538 0.005512
7545 CNOT12_13 7554 0.005512
7545 CNOT12_13 7539 0.005512
7545 CNOT12_13 7555 0.005512
7545 MEAS12 7565 0.482700
7545 MEAS12 7566 0.017300
7545 MEAS12 7567 0.438000
7545 MEAS12 7568 0.062000
7545 X15 7549 0.998319
7545 X15 7545 0.000560
7545 X15 7546 0.000560
7545 X15 7542 0.000560
7546 CNOT12_15 7554 0.976481
7546 CNOT12_15 7538 0.003360
7546 CNOT12_15 7557 0.003360
7546 CNOT12_15 7540 0.003360
7546 CNOT12_15 7556 0.003360
7546 CNOT12_15 7541 0.003360
7546 CNOT12_15 7555 0.003360
7546 CNOT12_15 7539 0.003360
7546 CNOT12_13 7539 0.961417
7546 CNOT12_13 7557 0.005512
7546 CNOT12_13 7538 0.005512
7546 CNOT12_13 7556 0.005512
7546 CNOT12_13 7540 0.005512
7546 CNOT12_13 7555 0.005512
7546 CNOT12_13 7541 0.005512
7546 CNOT12_13 7554 0.005512
7546 MEAS12 7565 0.482700
7546 MEAS12 7566 0.017300
7546 MEAS12 7567 0.438000
7546 MEAS12 7568 0.062000
7546 X15 7542 0.998319
7546 X15 7546 0.000560
7546 X15 7545 0.000560
7546 X15 7549 0.000560
7547 CNOT12_15 7556 0.976481
7547 CNOT12_15 7541 0.003360
7547 CNOT12_15 7555 0.003360
7547 CNOT12_15 7539 0.003360
7547 CNOT12_15 7554 0.003360
7547 CNOT12_15 7538 0.003360
7547 CNOT12_15 7557 0.003360
7547 CNOT12_15 7540 0.003360
7547 CNOT12_13 7556 0.961417
7547 CNOT12_13 7541 0.005512
7547 CNOT12_13 7555 0.005512
7547 CNOT12_13 7539 0.005512
7547 CNOT12_13 7554 0.005512
7547 CNOT12_13 7538 0.005512
7547 CNOT12_13 7557 0.005512
7547 CNOT12_13 7540 0.005512
7547 MEAS12 7569 0.482700
7547 MEAS12 7570 0.017300
7547 MEAS12 7571 0.438000
7547 MEAS12 7572 0.062000
7547 X15 7544 0.998319
7547 X15 7547 0.000560
7547 X15 7548 0.000560
7547 X15 7543 0.000560
7548 CNOT12_15 7557 0.976481
7548 CNOT12_15 7539 0.003360
7548 CNOT12_15 7554 0.003360
7548 CNOT12_15 7541 0.003360
7548 CNOT12_15 7555 0.003360
7548 CNOT12_15 7540 0.003360
7548 CNOT12_15 7556 0.003360
7548 CNOT12_15 7538 0.003360
7548 CNOT12_13 7557 0.961417
7548 CNOT12_13 7539 0.005512
7548 CNOT12_13 7554 0.005512
7548 CNOT12_13 7541 0.005512
7548 CNOT12_13 7555 0.005512
7548 CNOT12_13 7540 0.005512
7548 CNOT12_13 7556 0.005512
7548 CNOT12_13 7538 0.005512
7548 MEAS12 7569 0.482700
7548 MEAS12 7570 0.017300
7548 MEAS12 7571 0.438000
7548 MEAS12 7572 0.062000
7548 X15 7543 0.998319
7548 X15 7548 0.000560
7548 X15 7547 0.000560
7548 X15 7544 0.000560
7549 CNOT12_15 7540 0.976481
7549 CNOT12_15 7555 0.003360
7549 CNOT12_15 7541 0.003360
7549 CNOT12_15 7554 0.003360
7549 CNOT12_15 7539 0.003360
7549 CNOT12_15 7557 0.003360
7549 CNOT12_15 7538 0.003360
7549 CNOT12_15 7556 0.003360
7549 CNOT12_13 7540 0.961417
7549 CNOT12_13 7555 0.005512
7549 CNOT12_13 7541 0.005512
7549 CNOT12_13 7554 0.005512
7549 CNOT12_13 7539 0.005512
7549 CNOT12_13 7557 0.005512
7549 CNOT12_13 7538 0.005512
7549 CNOT12_13 7556 0.005512
7549 MEAS12 7537 0.482700
7549 MEAS12 7558 0.017300
7549 MEAS12 7559 0.438000
7549 MEAS12 7560 0.062000
7549 X15 7545 0.998319
7549 X15 7549 0.000560
7549 X15 7542 0.000560
7549 X15 7546 0.000560
7550 CNOT12_15 7573 0.976481
7550 CNOT12_15 7574 0.003360
7550 CNOT12_15 7575 0.003360
7550 CNOT12_15 7576 0.003360
7550 CNOT12_15 7577 0.003360
7550 CNOT12_15 7578 0.003360
7550 CNOT12_15 7579 0.003360
7550 CNOT12_15 7580 0.003360
7550 CNOT12_13 7573 0.961417
7550 CNOT12_13 7577 0.005512
7550 CNOT12_13 7576 0.005512
7550 CNOT12_13 7575 0.005512
7550 CNOT12_13 7574 0.005512
7550 CNOT12_13 7578 0.005512
7550 CNOT12_13 7579 0.005512
7550 CNOT12_13 7580 0.005512
7550 MEAS12 7538 0.965400
7550 MEAS12 7550 0.034600
7550 X15 7551 0.998319
7550 X15 7550 0.000560
7550 X15 7552 0.000560
7550 X15 7553 0.000560
7551 CNOT12_15 7574 0.976481
7551 CNOT12_15 7573 0.003360
7551 CNOT12_15 7580 0.003360
7551 CNOT12_15 7578 0.003360
7551 CNOT12_15 7579 0.003360
7551 CNOT12_15 7576 0.003360
7551 CNOT12_15 7577 0.003360
7551 CNOT12_15 7575 0.003360
7551 CNOT12_13 7577 0.961417
7551 CNOT12_13 7573 0.005512
7551 CNOT12_13 7580 0.005512
7551 CNOT12_13 7578 0.005512
7551 CNOT12_13 7579 0.005512
7551 CNOT12_13 7575 0.005512
7551 CNOT12_13 7574 0.005512
7551 CNOT12_13 7576 0.005512
7551 MEAS12 7539 0.965400
7551 MEAS12 7551 0.034600
7551 X15 7550 0.998319
7551 X15 7551 0.000560
7551 X15 7553 0.000560
7551 X15 7552 0.000560
7552 CNOT12_15 7580 0.976481
7552 CNOT12_15 7575 0.003360
7552 CNOT12_15 7574 0.003360
7552 CNOT12_15 7577 0.003360
7552 CNOT12_15 7576 0.003360
7552 CNOT12_15 7579 0.003360
7552 CNOT12_15 7578 0.003360
7552 CNOT12_15 7573 0.003360
7552 CNOT12_13 7580 0.961417
7552 CNOT12_13 7576 0.005512
7552 CNOT12_13 7577 0.005512
7552 CNOT12_13 7574 0.005512
7552 CNOT12_13 7575 0.005512
7552 CNOT12_13 7579 0.005512
7552 CNOT12_13 7578 0.005512
7552 CNOT12_13 7573 0.005512
7552 MEAS12 7540 0.965400
7552 MEAS12 7552 0.034600
7552 X15 7553 0.998319
7552 X15 7552 0.000560
7552 X15 7550 0.000560
7552 X15 7551 0.000560
7553 CNOT12_15 7575 0.976481
7553 CNOT12_15 7580 0.003360
7553 CNOT12_15 7573 0.003360
7553 CNOT12_15 7579 0.003360
7553 CNOT12_15 7578 0.003360
7553 CNOT12_15 7577 0.003360
7553 CNOT12_15 7576 0.003360
7553 CNOT12_15 7574 0.003360
7553 CNOT12_13 7576 0.961417
7553 CNOT12_13 7580 0.005512
7553 CNOT12_13 7573 0.005512
7553 CNOT12_13 7579 0.005512
7553 CNOT12_13 7578 0.005512
7553 CNOT12_13 7574 0.005512
7553 CNOT12_13 7575 0.005512
7553 CNOT12_13 7577 0.005512
7553 MEAS12 7541 0.965400
7553 MEAS12 7553 0.034600
7553 X15 7552 0.998319
7553 X15 7553 0.000560
7553 X15 7551 0.000560
7553 X15 7550 0.000560
7554 CNOT12_15 7546 0.976481
7554 CNOT12_15 7548 0.003360
7554 CNOT12_15 7547 0.003360
7554 CNOT12_15 7549 0.003360
7554 CNOT12_15 7542 0.003360
7554 CNOT12_15 7544 0.003360
7554 CNOT12_15 7543 0.003360
7554 CNOT12_15 7545 0.003360
7554 CNOT12_13 7543 0.961417
7554 CNOT12_13 7548 0.005512
7554 CNOT12_13 7547 0.005512
7554 CNOT12_13 7549 0.005512
7554 CNOT12_13 7542 0.005512
7554 CNOT12_13 7545 0.005512
7554 CNOT12_13 7546 0.005512
7554 CNOT12_13 7544 0.005512
7554 MEAS12 7581 0.876000
7554 MEAS12 7554 0.124000
7554 X15 7557 0.998319
7554 X15 7554 0.000560
7554 X15 7555 0.000560
7554 X15 7556 0.000560
7555 CNOT12_15 7545 0.976481
7555 CNOT12_15 7547 0.003360
7555 CNOT12_15 7548 0.003360
7555 CNOT12_15 7542 0.003360
7555 CNOT12_15 7549 0.003360
7555 CNOT12_15 7543 0.003360
7555 CNOT12_15 7544 0.003360
7555 CNOT12_15 7546 0.003360
7555 CNOT12_13 7544 0.961417
7555 CNOT12_13 7547 0.005512
7555 CNOT12_13 7548 0.005512
7555 CNOT12_13 7542 0.005512
7555 CNOT12_13 7549 0.005512
7555 CNOT12_13 7546 0.005512
7555 CNOT12_13 7545 0.005512
7555 CNOT12_13 7543 0.005512
7555 MEAS12 7582 0.876000
7555 MEAS12 7555 0.124000
7555 X15 7556 0.998319
7555 X15 7555 0.000560
7555 X15 7554 0.000560
7555 X15 7557 0.000560
7556 CNOT12_15 7547 0.976481
7556 CNOT12_15 7545 0.003360
7556 CNOT12_15 7546 0.003360
7556 CNOT12_15 7543 0.003360
7556 CNOT12_15 7544 0.003360
7556 CNOT12_15 7542 0.003360
7556 CNOT12_15 7549 0.003360
7556 CNOT12_15 7548 0.003360
7556 CNOT12_13 7547 0.961417
7556 CNOT12_13 7544 0.005512
7556 CNOT12_13 7543 0.005512
7556 CNOT12_13 7546 0.005512
7556 CNOT12_13 7545 0.005512
7556 CNOT12_13 7542 0.005512
7556 CNOT12_13 7549 0.005512
7556 CNOT12_13 7548 0.005512
7556 MEAS12 7583 0.876000
7556 MEAS12 7556 0.124000
7556 X15 7555 0.998319
7556 X15 7556 0.000560
7556 X15 7557 0.000560
7556 X15 7554 0.000560
7557 CNOT12_15 7548 0.976481
7557 CNOT12_15 7546 0.003360
7557 CNOT12_15 7545 0.003360
7557 CNOT12_15 7544 0.003360
7557 CNOT12_15 7543 0.003360
7557 CNOT12_15 7549 0.003360
7557 CNOT12_15 7542 0.003360
7557 CNOT12_15 7547 0.003360
7557 CNOT12_13 7548 0.961417
7557 CNOT12_13 7543 0.005512
7557 CNOT12_13 7544 0.005512
7557 CNOT12_13 7545 0.005512
7557 CNOT12_13 7546 0.005512
7557 CNOT12_13 7549 0.005512
7557 CNOT12_13 7542 0.005512
7557 CNOT12_13 7547 0.005512
7557 MEAS12 7584 0.876000
7557 MEAS12 7557 0.124000
7557 X15 7554 0.998319
7557 X15 7557 0.000560
7557 X15 7556 0.000560
7557 X15 7555 0.000560
7558 CNOT12_15 7558 0.979841
7558 CNOT12_15 7563 0.006720
7558 CNOT12_15 7566 0.006720
7558 CNOT12_15 7571 0.006720
7558 CNOT12_13 7558 0.966929
7558 CNOT12_13 7567 0.011024
7558 CNOT12_13 7562 0.011024
7558 CNOT12_13 7571 0.011024
7558 MEAS12 7537 0.965400
7558 MEAS12 7558 0.034600
7558 X15 7566 0.998879
7558 X15 7558 0.001121
7559 CNOT12_15 7570 0.979841
7559 CNOT12_15 7567 0.006720
7559 CNOT12_15 7562 0.006720
7559 CNOT12_15 7559 0.006720
7559 CNOT12_13 7570 0.966929
7559 CNOT12_13 7563 0.011024
7559 CNOT12_13 7566 0.011024
7559 CNOT12_13 7559 0.011024
7559 MEAS12 7559 0.876000
7559 MEAS12 7560 0.124000
7559 X15 7567 0.998879
7559 X15 7559 0.001121
7560 CNOT12_15 7569 0.979841
7560 CNOT12_15 7568 0.006720
7560 CNOT12_15 7561 0.006720
7560 CNOT12_15 7560 0.006720
7560 CNOT12_13 7569 0.966929
7560 CNOT12_13 7564 0.011024
7560 CNOT12_13 7565 0.011024
7560 CNOT12_13 7560 0.011024
7560 MEAS12 7559 0.876000
7560 MEAS12 7560 0.124000
7560 X15 7568 0.998879
7560 X15 7560 0.001121
7561 CNOT12_15 7561 0.979841
7561 CNOT12_15 7560 0.006720
7561 CNOT12_15 7569 0.006720
7561 CNOT12_15 7568 0.006720
7561 CNOT12_13 7568 0.966929
7561 CNOT12_13 7537 0.011024
7561 CNOT12_13 7572 0.011024
7561 CNOT12_13 7561 0.011024
7561 MEAS12 7561 0.965400
7561 MEAS12 7562 0.034600
7561 X15 7569 0.998879
7561 X15 7561 0.001121
7562 CNOT12_15 7562 0.979841
7562 CNOT12_15 7559 0.006720
7562 CNOT12_15 7570 0.006720
7562 CNOT12_15 7567 0.006720
7562 CNOT12_13 7567 0.966929
7562 CNOT12_13 7558 0.011024
7562 CNOT12_13 7571 0.011024
7562 CNOT12_13 7562 0.011024
7562 MEAS12 7561 0.965400
7562 MEAS12 7562 0.034600
7562 X15 7570 0.998879
7562 X15 7562 0.001121
7563 CNOT12_15 7566 0.979841
7563 CNOT12_15 7571 0.006720
7563 CNOT12_15 7558 0.006720
7563 CNOT12_15 7563 0.006720
7563 CNOT12_13 7563 0.966929
7563 CNOT12_13 7570 0.011024
7563 CNOT12_13 7559 0.011024
7563 CNOT12_13 7566 0.011024
7563 MEAS12 7563 0.876000
7563 MEAS12 7564 0.124000
7563 X15 7571 0.998879
7563 X15 7563 0.001121
7564 CNOT12_15 7565 0.979841
7564 CNOT12_15 7572 0.006720
7564 CNOT12_15 7537 0.006720
7564 CNOT12_15 7564 0.006720
7564 CNOT12_13 7564 0.966929
7564 CNOT12_13 7569 0.011024
7564 CNOT12_13 7560 0.011024
7564 CNOT12_13 7565 0.011024
7564 MEAS12 7563 0.876000
7564 MEAS12 7564 0.124000
7564 X15 7572 0.998879
7564 X15 7564 0.001121
7565 CNOT12_15 7564 0.979841
7565 CNOT12_15 7537 0.006720
7565 CNOT12_15 7572 0.006720
7565 CNOT12_15 7565 0.006720
7565 CNOT12_13 7565 0.966929
7565 CNOT12_13 7560 0.011024
7565 CNOT12_13 7569 0.011024
7565 CNOT12_13 7564 0.011024
7565 MEAS12 7565 0.965400
7565 MEAS12 7566 0.034600
7565 X15 7537 0.998879
7565 X15 7565 0.001121
7566 CNOT12_15 7563 0.979841
7566 CNOT12_15 7558 0.006720
7566 CNOT12_15 7571 0.006720
7566 CNOT12_15 7566 0.006720
7566 CNOT12_13 7566 0.966929
7566 CNOT12_13 7559 0.011024
7566 CNOT12_13 7570 0.011024
7566 CNOT12_13 7563 0.011024
7566 MEAS12 7565 0.965400
7566 MEAS12 7566 0.034600
7566 X15 7558 0.998879
7566 X15 7566 0.001121
7567 CNOT12_15 7567 0.979841
7567 CNOT12_15 7570 0.006720
7567 CNOT12_15 7559 0.006720
7567 CNOT12_15 7562 0.006720
7567 CNOT12_13 7562 0.966929
7567 CNOT12_13 7571 0.011024
7567 CNOT12_13 7558 0.011024
7567 CNOT12_13 7567 0.011024
7567 MEAS12 7567 0.876000
7567 MEAS12 7568 0.124000
7567 X15 7559 0.998879
7567 X15 7567 0.001121
7568 CNOT12_15 7568 0.979841
7568 CNOT12_15 7569 0.006720
7568 CNOT12_15 7560 0.006720
7568 CNOT12_15 7561 0.006720
7568 CNOT12_13 7561 0.966929
7568 CNOT12_13 7572 0.011024
7568 CNOT12_13 7537 0.011024
7568 CNOT12_13 7568 0.011024
7568 MEAS12 7567 0.876000
7568 MEAS12 7568 0.124000
7568 X15 7560 0.998879
7568 X15 7568 0.001121
7569 CNOT12_15 7560 0.979841
7569 CNOT12_15 7561 0.006720
7569 CNOT12_15 7568 0.006720
7569 CNOT12_15 7569 0.006720
7569 CNOT12_13 7560 0.966929
7569 CNOT12_13 7565 0.011024
7569 CNOT12_13 7564 0.011024
7569 CNOT12_13 7569 0.011024
7569 MEAS12 7569 0.965400
7569 MEAS12 7570 0.034600
7569 X15 7561 0.998879
7569 X15 7569 0.001121
7570 CNOT12_15 7559 0.979841
7570 CNOT12_15 7562 0.006720
7570 CNOT12_15 7567 0.006720
7570 CNOT12_15 7570 0.006720
7570 CNOT12_13 7559 0.966929
7570 CNOT12_13 7566 0.011024
7570 CNOT12_13 7563 0.011024
7570 CNOT12_13 7570 0.011024
7570 MEAS12 7569 0.965400
7570 MEAS12 7570 0.034600
7570 X15 7562 0.998879
7570 X15 7570 0.001121
7571 CNOT12_15 7571 0.979841
7571 CNOT12_15 7566 0.006720
7571 CNOT12_15 7563 0.006720
7571 CNOT12_15 7558 0.006720
7571 CNOT12_13 7571 0.966929
7571 CNOT12_13 7562 0.011024
7571 CNOT12_13 7567 0.011024
7571 CNOT12_13 7558 0.011024
7571 MEAS12 7571 0.876000
7571 MEAS12 7572 0.124000
7571 X15 7563 0.998879
7571 X15 7571 0.001121
7572 CNOT12_15 7572 0.979841
7572 CNOT12_15 7565 0.006720
7572 CNOT12_15 7564 0.006720
7572 CNOT12_15 7537 0.006720
7572 CNOT12_13 7572 0.966929
7572 CNOT12_13 7561 0.011024
7572 CNOT12_13 7568 0.011024
7572 CNOT12_13 7537 0.011024
7572 MEAS12 7571 0.876000
7572 MEAS12 7572 0.124000
7572 X15 7564 0.998879
7572 X15 7572 0.001121
7573 CNOT12_15 7550 0.976481
7573 CNOT12_15 7581 0.003360
7573 CNOT12_15 7551 0.003360
7573 CNOT12_15 7582 0.003360
7573 CNOT12_15 7553 0.003360
7573 CNOT12_15 7583 0.003360
7573 CNOT12_15 7552 0.003360
7573 CNOT12_15 7584 0.003360
7573 CNOT12_13 7550 0.961417
7573 CNOT12_13 7581 0.005512
7573 CNOT12_13 7551 0.005512
7573 CNOT12_13 7582 0.005512
7573 CNOT12_13 7553 0.005512
7573 CNOT12_13 7583 0.005512
7573 CNOT12_13 7552 0.005512
7573 CNOT12_13 7584 0.005512
7573 MEAS12 7537 0.482700
7573 MEAS12 7558 0.017300
7573 MEAS12 7559 0.438000
7573 MEAS12 7560 0.062000
7573 X15 7577 0.998319
7573 X15 7573 0.000560
7573 X15 7580 0.000560
7573 X15 7576 0.000560
7574 CNOT12_15 7551 0.976481
7574 CNOT12_15 7584 0.003360
7574 CNOT12_15 7550 0.003360
7574 CNOT12_15 7583 0.003360
7574 CNOT12_15 7552 0.003360
7574 CNOT12_15 7582 0.003360
7574 CNOT12_15 7553 0.003360
7574 CNOT12_15 7581 0.003360
7574 CNOT12_13 7581 0.961417
7574 CNOT12_13 7550 0.005512
7574 CNOT12_13 7584 0.005512
7574 CNOT12_13 7552 0.005512
7574 CNOT12_13 7583 0.005512
7574 CNOT12_13 7553 0.005512
7574 CNOT12_13 7582 0.005512
7574 CNOT12_13 7551 0.005512
7574 MEAS12 7561 0.482700
7574 MEAS12 7562 0.017300
7574 MEAS12 7563 0.438000
7574 MEAS12 7564 0.062000
7574 X15 7579 0.998319
7574 X15 7574 0.000560
7574 X15 7575 0.000560
7574 X15 7578 0.000560
7575 CNOT12_15 7553 0.976481
7575 CNOT12_15 7583 0.003360
7575 CNOT12_15 7552 0.003360
7575 CNOT12_15 7584 0.003360
7575 CNOT12_15 7550 0.003360
7575 CNOT12_15 7581 0.003360
7575 CNOT12_15 7551 0.003360
7575 CNOT12_15 7582 0.003360
7575 CNOT12_13 7582 0.961417
7575 CNOT12_13 7552 0.005512
7575 CNOT12_13 7583 0.005512
7575 CNOT12_13 7550 0.005512
7575 CNOT12_13 7584 0.005512
7575 CNOT12_13 7551 0.005512
7575 CNOT12_13 7581 0.005512
7575 CNOT12_13 7553 0.005512
7575 MEAS12 7561 0.482700
7575 MEAS12 7562 0.017300
7575 MEAS12 7563 0.438000
7575 MEAS12 7564 0.062000
7575 X15 7578 0.998319
7575 X15 7575 0.000560
7575 X15 7574 0.000560
7575 X15 7579 0.000560
7576 CNOT12_15 7582 0.976481
7576 CNOT12_15 7552 0.003360
7576 CNOT12_15 7583 0.003360
7576 CNOT12_15 7550 0.003360
7576 CNOT12_15 7584 0.003360
7576 CNOT12_15 7551 0.003360
7576 CNOT12_15 7581 0.003360
7576 CNOT12_15 7553 0.003360
7576 CNOT12_13 7553 0.961417
7576 CNOT12_13 7583 0.005512
7576 CNOT12_13 7552 0.005512
7576 CNOT12_13 7584 0.005512
7576 CNOT12_13 7550 0.005512
7576 CNOT12_13 7581 0.005512
7576 CNOT12_13 7551 0.005512
7576 CNOT12_13 7582 0.005512
7576 MEAS12 7565 0.482700
7576 MEAS12 7566 0.017300
7576 MEAS12 7567 0.438000
7576 MEAS12 7568 0.062000
7576 X15 7580 0.998319
7576 X15 7576 0.000560
7576 X15 7577 0.000560
7576 X15 7573 0.000560
7577 CNOT12_15 7581 0.976481
7577 CNOT12_15 7550 0.003360
7577 CNOT12_15 7584 0.003360
7577 CNOT12_15 7552 0.003360
7577 CNOT12_15 7583 0.003360
7577 CNOT12_15 7553 0.003360
7577 CNOT12_15 7582 0.003360
7577 CNOT12_15 7551 0.003360
7577 CNOT12_13 7551 0.961417
7577 CNOT12_13 7584 0.005512
7577 CNOT12_13 7550 0.005512
7577 CNOT12_13 7583 0.005512
7577 CNOT12_13 7552 0.005512
7577 CNOT12_13 7582 0.005512
7577 CNOT12_13 7553 0.005512
7577 CNOT12_13 7581 0.005512
7577 MEAS12 7565 0.482700
7577 MEAS12 7566 0.017300
7577 MEAS12 7567 0.438000
7577 MEAS12 7568 0.062000
7577 X15 7573 0.998319
7577 X15 7577 0.000560
7577 X15 7576 0.000560
7577 X15 7580 0.000560
7578 CNOT12_15 7583 0.976481
7578 CNOT12_15 7553 0.003360
7578 CNOT12_15 7582 0.003360
7578 CNOT12_15 7551 0.003360
7578 CNOT12_15 7581 0.003360
7578 CNOT12_15 7550 0.003360
7578 CNOT12_15 7584 0.003360
7578 CNOT12_15 7552 0.003360
7578 CNOT12_13 7583 0.961417
7578 CNOT12_13 7553 0.005512
7578 CNOT12_13 7582 0.005512
7578 CNOT12_13 7551 0.005512
7578 CNOT12_13 7581 0.005512
7578 CNOT12_13 7550 0.005512
7578 CNOT12_13 7584 0.005512
7578 CNOT12_13 7552 0.005512
7578 MEAS12 7569 0.482700
7578 MEAS12 7570 0.017300
7578 MEAS12 7571 0.438000
7578 MEAS12 7572 0.062000
7578 X15 7575 0.998319
7578 X15 7578 0.000560
7578 X15 7579 0.000560
7578 X15 7574 0.000560
7579 CNOT12_15 7584 0.976481
7579 CNOT12_15 7551 0.003360
7579 CNOT12_15 7581 0.003360
7579 CNOT12_15 7553 0.003360
7579 CNOT12_15 7582 0.003360
7579 CNOT12_15 7552 0.003360
7579 CNOT12_15 7583 0.003360
7579 CNOT12_15 7550 0.003360
7579 CNOT12_13 7584 0.961417
7579 CNOT12_13 7551 0.005512
7579 CNOT12_13 7581 0.005512
7579 CNOT12_13 7553 0.005512
7579 CNOT12_13 7582 0.005512
7579 CNOT12_13 7552 0.005512
7579 CNOT12_13 7583 0.005512
7579 CNOT12_13 7550 0.005512
7579 MEAS12 7569 0.482700
7579 MEAS12 7570 0.017300
7579 MEAS12 7571 0.438000
7579 MEAS12 7572 0.062000
7579 X15 7574 0.998319
7579 X15 7579 0.000560
7579 X15 7578 0.000560
7579 X15 7575 0.000560
7580 CNOT12_15 7552 0.976481
7580 CNOT12_15 7582 0.003360
7580 CNOT12_15 7553 0.003360
7580 CNOT12_15 7581 0.003360
7580 CNOT12_15 7551 0.003360
7580 CNOT12_15 7584 0.003360
7580 CNOT12_15 7550 0.003360
7580 CNOT12_15 7583 0.003360
7580 CNOT12_13 7552 0.961417
7580 CNOT12_13 7582 0.005512
7580 CNOT12_13 7553 0.005512
7580 CNOT12_13 7581 0.005512
7580 CNOT12_13 7551 0.005512
7580 CNOT12_13 7584 0.005512
7580 CNOT12_13 7550 0.005512
7580 CNOT12_13 7583 0.005512
7580 MEAS12 7537 0.482700
7580 MEAS12 7558 0.017300
7580 MEAS12 7559 0.438000
7580 MEAS12 7560 0.062000
7580 X15 7576 0.998319
7580 X15 7580 0.000560
7580 X15 7573 0.000560
7580 X15 7577 0.000560
7581 CNOT12_15 7577 0.976481
7581 CNOT12_15 7579 0.003360
7581 CNOT12_15 7578 0.003360
7581 CNOT12_15 7580 0.003360
7581 CNOT12_15 7573 0.003360
7581 CNOT12_15 7575 0.003360
7581 CNOT12_15 7574 0.003360
7581 CNOT12_15 7576 0.003360
7581 CNOT12_13 7574 0.961417
7581 CNOT12_13 7579 0.005512
7581 CNOT12_13 7578 0.005512
7581 CNOT12_13 7580 0.005512
7581 CNOT12_13 7573 0.005512
7581 CNOT12_13 7576 0.005512
7581 CNOT12_13 7577 0.005512
7581 CNOT12_13 7575 0.005512
7581 MEAS12 7581 0.876000
7581 MEAS12 7554 0.124000
7581 X15 7584 0.998319
7581 X15 7581 0.000560
7581 X15 7582 0.000560
7581 X15 7583 0.000560
7582 CNOT12_15 7576 0.976481
7582 CNOT12_15 7578 0.003360
7582 CNOT12_15 7579 0.003360
7582 CNOT12_15 7573 0.003360
7582 CNOT12_15 7580 0.003360
7582 CNOT12_15 7574 0.003360
7582 CNOT12_15 7575 0.003360
7582 CNOT12_15 7577 0.003360
7582 CNOT12_13 7575 0.961417
7582 CNOT12_13 7578 0.005512
7582 CNOT12_13 7579 0.005512
7582 CNOT12_13 7573 0.005512
7582 CNOT12_13 7580 0.005512
7582 CNOT12_13 7577 0.005512
7582 CNOT12_13 7576 0.005512
7582 CNOT12_13 7574 0.005512
7582 MEAS12 7582 0.876000
7582 MEAS12 7555 0.124000
7582 X15 7583 0.998319
7582 X15 7582 0.000560
7582 X15 7581 0.000560
7582 X15 7584 0.000560
7583 CNOT12_15 7578 0.976481
7583 CNOT12_15 7576 0.003360
7583 CNOT12_15 7577 0.003360
7583 CNOT12_15 7574 0.003360
7583 CNOT12_15 7575 0.003360
7583 CNOT12_15 7573 0.003360
7583 CNOT12_15 7580 0.003360
7583 CNOT12_15 7579 0.003360
7583 CNOT12_13 7578 0.961417
7583 CNOT12_13 7575 0.005512
7583 CNOT12_13 7574 0.005512
7583 CNOT12_13 7577 0.005512
7583 CNOT12_13 7576 0.005512
7583 CNOT12_13 7573 0.005512
7583 CNOT12_13 7580 0.005512
7583 CNOT12_13 7579 0.005512
7583 MEAS12 7583 0.876000
7583 MEAS12 7556 0.124000
7583 X15 7582 0.998319
7583 X15 7583 0.000560
7583 X15 7584 0.000560
7583 X15 7581 0.000560
7584 CNOT12_15 7579 0.976481
7584 CNOT12_15 7577 0.003360
7584 CNOT12_15 7576 0.003360
7584 CNOT12_15 7575 0.003360
7584 CNOT12_15 7574 0.003360
7584 CNOT12_15 7580 0.003360
7584 CNOT12_15 7573 0.003360
7584 CNOT12_15 7578 0.003360
7584 CNOT12_13 7579 0.961417
7584 CNOT12_13 7574 0.005512
7584 CNOT12_13 7575 0.005512
7584 CNOT12_13 7576 0.005512
7584 CNOT12_13 7577 0.005512
7584 CNOT12_13 7580 0.005512
7584 CNOT12_13 7573 0.005512
7584 CNOT12_13 7578 0.005512
7584 MEAS12 7584 0.876000
7584 MEAS12 7557 0.124000
7584 X15 7581 0.998319
7584 X15 7584 0.000560
7584 X15 7583 0.000560
7584 X15 7582 0.000560
ENDPOMDP
