BEGINPOMDP
INITIALSTATE: 8209
STATES: 8209,8210,8211,8212,8213,8214,8215,8216,8217,8218,8219,8220,8221,8222,8223,8224,8225,8226,8227,8228,8229,8230,8231,8232,8233,8234,8235,8236,8237,8238,8239,8240,8241,8242,8243,8244,8245,8246,8247,8248,8249,8250,8251,8252,8253,8254,8255,8256
TARGETV: 8210,8212,8214,8219,8220,8221,8222,8224,8228,8229,8245,8250,8251,8252,8255,8256
GAMMA: 8209:0,8210:0,8211:0,8212:0,8213:0,8214:0,8215:0,8216:0,8217:0,8218:0,8219:0,8220:0,8221:0,8222:1,8223:1,8224:1,8225:1,8226:0,8227:0,8228:0,8229:0,8230:1,8231:1,8232:0,8233:0,8234:1,8235:1,8236:0,8237:0,8238:1,8239:1,8240:0,8241:0,8242:1,8243:1,8244:0,8245:1,8246:1,8247:1,8248:1,8249:1,8250:1,8251:1,8252:1,8253:1,8254:1,8255:1,8256:1
BEGINACTIONS
CNOT18_17 Instruction.CNOT 17 18
CNOT18_21 Instruction.CNOT 21 18
MEAS18 Instruction.MEAS None 18
X17 Instruction.X None 17
ENDACTIONS
8209 INIT_ 8210 0.250000
8209 INIT_ 8211 0.250000
8209 INIT_ 8212 0.250000
8209 INIT_ 8213 0.250000
8209 CNOT18_17 8209 0.980182
8209 CNOT18_17 8236 0.006606
8209 CNOT18_17 8237 0.006606
8209 CNOT18_17 8244 0.006606
8209 CNOT18_21 8209 0.990663
8209 CNOT18_21 8240 0.003112
8209 CNOT18_21 8233 0.003112
8209 CNOT18_21 8244 0.003112
8209 MEAS18 8209 0.902200
8209 MEAS18 8230 0.097800
8209 X17 8237 0.999778
8209 X17 8209 0.000222
8210 CNOT18_17 8214 0.976879
8210 CNOT18_17 8215 0.003303
8210 CNOT18_17 8216 0.003303
8210 CNOT18_17 8217 0.003303
8210 CNOT18_17 8218 0.003303
8210 CNOT18_17 8219 0.003303
8210 CNOT18_17 8220 0.003303
8210 CNOT18_17 8221 0.003303
8210 CNOT18_21 8214 0.989107
8210 CNOT18_21 8218 0.001556
8210 CNOT18_21 8217 0.001556
8210 CNOT18_21 8216 0.001556
8210 CNOT18_21 8215 0.001556
8210 CNOT18_21 8219 0.001556
8210 CNOT18_21 8220 0.001556
8210 CNOT18_21 8221 0.001556
8210 MEAS18 8210 0.902200
8210 MEAS18 8222 0.097800
8210 X17 8211 0.999667
8210 X17 8210 0.000111
8210 X17 8212 0.000111
8210 X17 8213 0.000111
8211 CNOT18_17 8215 0.976879
8211 CNOT18_17 8214 0.003303
8211 CNOT18_17 8221 0.003303
8211 CNOT18_17 8219 0.003303
8211 CNOT18_17 8220 0.003303
8211 CNOT18_17 8217 0.003303
8211 CNOT18_17 8218 0.003303
8211 CNOT18_17 8216 0.003303
8211 CNOT18_21 8218 0.989107
8211 CNOT18_21 8214 0.001556
8211 CNOT18_21 8221 0.001556
8211 CNOT18_21 8219 0.001556
8211 CNOT18_21 8220 0.001556
8211 CNOT18_21 8216 0.001556
8211 CNOT18_21 8215 0.001556
8211 CNOT18_21 8217 0.001556
8211 MEAS18 8211 0.902200
8211 MEAS18 8223 0.097800
8211 X17 8210 0.999667
8211 X17 8211 0.000111
8211 X17 8213 0.000111
8211 X17 8212 0.000111
8212 CNOT18_17 8221 0.976879
8212 CNOT18_17 8216 0.003303
8212 CNOT18_17 8215 0.003303
8212 CNOT18_17 8218 0.003303
8212 CNOT18_17 8217 0.003303
8212 CNOT18_17 8220 0.003303
8212 CNOT18_17 8219 0.003303
8212 CNOT18_17 8214 0.003303
8212 CNOT18_21 8221 0.989107
8212 CNOT18_21 8217 0.001556
8212 CNOT18_21 8218 0.001556
8212 CNOT18_21 8215 0.001556
8212 CNOT18_21 8216 0.001556
8212 CNOT18_21 8220 0.001556
8212 CNOT18_21 8219 0.001556
8212 CNOT18_21 8214 0.001556
8212 MEAS18 8212 0.902200
8212 MEAS18 8224 0.097800
8212 X17 8213 0.999667
8212 X17 8212 0.000111
8212 X17 8210 0.000111
8212 X17 8211 0.000111
8213 CNOT18_17 8216 0.976879
8213 CNOT18_17 8221 0.003303
8213 CNOT18_17 8214 0.003303
8213 CNOT18_17 8220 0.003303
8213 CNOT18_17 8219 0.003303
8213 CNOT18_17 8218 0.003303
8213 CNOT18_17 8217 0.003303
8213 CNOT18_17 8215 0.003303
8213 CNOT18_21 8217 0.989107
8213 CNOT18_21 8221 0.001556
8213 CNOT18_21 8214 0.001556
8213 CNOT18_21 8220 0.001556
8213 CNOT18_21 8219 0.001556
8213 CNOT18_21 8215 0.001556
8213 CNOT18_21 8216 0.001556
8213 CNOT18_21 8218 0.001556
8213 MEAS18 8213 0.902200
8213 MEAS18 8225 0.097800
8213 X17 8212 0.999667
8213 X17 8213 0.000111
8213 X17 8211 0.000111
8213 X17 8210 0.000111
8214 CNOT18_17 8210 0.976879
8214 CNOT18_17 8226 0.003303
8214 CNOT18_17 8211 0.003303
8214 CNOT18_17 8227 0.003303
8214 CNOT18_17 8213 0.003303
8214 CNOT18_17 8228 0.003303
8214 CNOT18_17 8212 0.003303
8214 CNOT18_17 8229 0.003303
8214 CNOT18_21 8210 0.989107
8214 CNOT18_21 8226 0.001556
8214 CNOT18_21 8211 0.001556
8214 CNOT18_21 8227 0.001556
8214 CNOT18_21 8213 0.001556
8214 CNOT18_21 8228 0.001556
8214 CNOT18_21 8212 0.001556
8214 CNOT18_21 8229 0.001556
8214 MEAS18 8209 0.451100
8214 MEAS18 8230 0.048900
8214 MEAS18 8231 0.430500
8214 MEAS18 8232 0.069500
8214 X17 8218 0.999667
8214 X17 8214 0.000111
8214 X17 8221 0.000111
8214 X17 8217 0.000111
8215 CNOT18_17 8211 0.976879
8215 CNOT18_17 8229 0.003303
8215 CNOT18_17 8210 0.003303
8215 CNOT18_17 8228 0.003303
8215 CNOT18_17 8212 0.003303
8215 CNOT18_17 8227 0.003303
8215 CNOT18_17 8213 0.003303
8215 CNOT18_17 8226 0.003303
8215 CNOT18_21 8226 0.989107
8215 CNOT18_21 8210 0.001556
8215 CNOT18_21 8229 0.001556
8215 CNOT18_21 8212 0.001556
8215 CNOT18_21 8228 0.001556
8215 CNOT18_21 8213 0.001556
8215 CNOT18_21 8227 0.001556
8215 CNOT18_21 8211 0.001556
8215 MEAS18 8233 0.451100
8215 MEAS18 8234 0.048900
8215 MEAS18 8235 0.430500
8215 MEAS18 8236 0.069500
8215 X17 8220 0.999667
8215 X17 8215 0.000111
8215 X17 8216 0.000111
8215 X17 8219 0.000111
8216 CNOT18_17 8213 0.976879
8216 CNOT18_17 8228 0.003303
8216 CNOT18_17 8212 0.003303
8216 CNOT18_17 8229 0.003303
8216 CNOT18_17 8210 0.003303
8216 CNOT18_17 8226 0.003303
8216 CNOT18_17 8211 0.003303
8216 CNOT18_17 8227 0.003303
8216 CNOT18_21 8227 0.989107
8216 CNOT18_21 8212 0.001556
8216 CNOT18_21 8228 0.001556
8216 CNOT18_21 8210 0.001556
8216 CNOT18_21 8229 0.001556
8216 CNOT18_21 8211 0.001556
8216 CNOT18_21 8226 0.001556
8216 CNOT18_21 8213 0.001556
8216 MEAS18 8233 0.451100
8216 MEAS18 8234 0.048900
8216 MEAS18 8235 0.430500
8216 MEAS18 8236 0.069500
8216 X17 8219 0.999667
8216 X17 8216 0.000111
8216 X17 8215 0.000111
8216 X17 8220 0.000111
8217 CNOT18_17 8227 0.976879
8217 CNOT18_17 8212 0.003303
8217 CNOT18_17 8228 0.003303
8217 CNOT18_17 8210 0.003303
8217 CNOT18_17 8229 0.003303
8217 CNOT18_17 8211 0.003303
8217 CNOT18_17 8226 0.003303
8217 CNOT18_17 8213 0.003303
8217 CNOT18_21 8213 0.989107
8217 CNOT18_21 8228 0.001556
8217 CNOT18_21 8212 0.001556
8217 CNOT18_21 8229 0.001556
8217 CNOT18_21 8210 0.001556
8217 CNOT18_21 8226 0.001556
8217 CNOT18_21 8211 0.001556
8217 CNOT18_21 8227 0.001556
8217 MEAS18 8237 0.451100
8217 MEAS18 8238 0.048900
8217 MEAS18 8239 0.430500
8217 MEAS18 8240 0.069500
8217 X17 8221 0.999667
8217 X17 8217 0.000111
8217 X17 8218 0.000111
8217 X17 8214 0.000111
8218 CNOT18_17 8226 0.976879
8218 CNOT18_17 8210 0.003303
8218 CNOT18_17 8229 0.003303
8218 CNOT18_17 8212 0.003303
8218 CNOT18_17 8228 0.003303
8218 CNOT18_17 8213 0.003303
8218 CNOT18_17 8227 0.003303
8218 CNOT18_17 8211 0.003303
8218 CNOT18_21 8211 0.989107
8218 CNOT18_21 8229 0.001556
8218 CNOT18_21 8210 0.001556
8218 CNOT18_21 8228 0.001556
8218 CNOT18_21 8212 0.001556
8218 CNOT18_21 8227 0.001556
8218 CNOT18_21 8213 0.001556
8218 CNOT18_21 8226 0.001556
8218 MEAS18 8237 0.451100
8218 MEAS18 8238 0.048900
8218 MEAS18 8239 0.430500
8218 MEAS18 8240 0.069500
8218 X17 8214 0.999667
8218 X17 8218 0.000111
8218 X17 8217 0.000111
8218 X17 8221 0.000111
8219 CNOT18_17 8228 0.976879
8219 CNOT18_17 8213 0.003303
8219 CNOT18_17 8227 0.003303
8219 CNOT18_17 8211 0.003303
8219 CNOT18_17 8226 0.003303
8219 CNOT18_17 8210 0.003303
8219 CNOT18_17 8229 0.003303
8219 CNOT18_17 8212 0.003303
8219 CNOT18_21 8228 0.989107
8219 CNOT18_21 8213 0.001556
8219 CNOT18_21 8227 0.001556
8219 CNOT18_21 8211 0.001556
8219 CNOT18_21 8226 0.001556
8219 CNOT18_21 8210 0.001556
8219 CNOT18_21 8229 0.001556
8219 CNOT18_21 8212 0.001556
8219 MEAS18 8241 0.451100
8219 MEAS18 8242 0.048900
8219 MEAS18 8243 0.430500
8219 MEAS18 8244 0.069500
8219 X17 8216 0.999667
8219 X17 8219 0.000111
8219 X17 8220 0.000111
8219 X17 8215 0.000111
8220 CNOT18_17 8229 0.976879
8220 CNOT18_17 8211 0.003303
8220 CNOT18_17 8226 0.003303
8220 CNOT18_17 8213 0.003303
8220 CNOT18_17 8227 0.003303
8220 CNOT18_17 8212 0.003303
8220 CNOT18_17 8228 0.003303
8220 CNOT18_17 8210 0.003303
8220 CNOT18_21 8229 0.989107
8220 CNOT18_21 8211 0.001556
8220 CNOT18_21 8226 0.001556
8220 CNOT18_21 8213 0.001556
8220 CNOT18_21 8227 0.001556
8220 CNOT18_21 8212 0.001556
8220 CNOT18_21 8228 0.001556
8220 CNOT18_21 8210 0.001556
8220 MEAS18 8241 0.451100
8220 MEAS18 8242 0.048900
8220 MEAS18 8243 0.430500
8220 MEAS18 8244 0.069500
8220 X17 8215 0.999667
8220 X17 8220 0.000111
8220 X17 8219 0.000111
8220 X17 8216 0.000111
8221 CNOT18_17 8212 0.976879
8221 CNOT18_17 8227 0.003303
8221 CNOT18_17 8213 0.003303
8221 CNOT18_17 8226 0.003303
8221 CNOT18_17 8211 0.003303
8221 CNOT18_17 8229 0.003303
8221 CNOT18_17 8210 0.003303
8221 CNOT18_17 8228 0.003303
8221 CNOT18_21 8212 0.989107
8221 CNOT18_21 8227 0.001556
8221 CNOT18_21 8213 0.001556
8221 CNOT18_21 8226 0.001556
8221 CNOT18_21 8211 0.001556
8221 CNOT18_21 8229 0.001556
8221 CNOT18_21 8210 0.001556
8221 CNOT18_21 8228 0.001556
8221 MEAS18 8209 0.451100
8221 MEAS18 8230 0.048900
8221 MEAS18 8231 0.430500
8221 MEAS18 8232 0.069500
8221 X17 8217 0.999667
8221 X17 8221 0.000111
8221 X17 8214 0.000111
8221 X17 8218 0.000111
8222 CNOT18_17 8245 0.976879
8222 CNOT18_17 8246 0.003303
8222 CNOT18_17 8247 0.003303
8222 CNOT18_17 8248 0.003303
8222 CNOT18_17 8249 0.003303
8222 CNOT18_17 8250 0.003303
8222 CNOT18_17 8251 0.003303
8222 CNOT18_17 8252 0.003303
8222 CNOT18_21 8245 0.989107
8222 CNOT18_21 8249 0.001556
8222 CNOT18_21 8248 0.001556
8222 CNOT18_21 8247 0.001556
8222 CNOT18_21 8246 0.001556
8222 CNOT18_21 8250 0.001556
8222 CNOT18_21 8251 0.001556
8222 CNOT18_21 8252 0.001556
8222 MEAS18 8210 0.902200
8222 MEAS18 8222 0.097800
8222 X17 8223 0.999667
8222 X17 8222 0.000111
8222 X17 8224 0.000111
8222 X17 8225 0.000111
8223 CNOT18_17 8246 0.976879
8223 CNOT18_17 8245 0.003303
8223 CNOT18_17 8252 0.003303
8223 CNOT18_17 8250 0.003303
8223 CNOT18_17 8251 0.003303
8223 CNOT18_17 8248 0.003303
8223 CNOT18_17 8249 0.003303
8223 CNOT18_17 8247 0.003303
8223 CNOT18_21 8249 0.989107
8223 CNOT18_21 8245 0.001556
8223 CNOT18_21 8252 0.001556
8223 CNOT18_21 8250 0.001556
8223 CNOT18_21 8251 0.001556
8223 CNOT18_21 8247 0.001556
8223 CNOT18_21 8246 0.001556
8223 CNOT18_21 8248 0.001556
8223 MEAS18 8211 0.902200
8223 MEAS18 8223 0.097800
8223 X17 8222 0.999667
8223 X17 8223 0.000111
8223 X17 8225 0.000111
8223 X17 8224 0.000111
8224 CNOT18_17 8252 0.976879
8224 CNOT18_17 8247 0.003303
8224 CNOT18_17 8246 0.003303
8224 CNOT18_17 8249 0.003303
8224 CNOT18_17 8248 0.003303
8224 CNOT18_17 8251 0.003303
8224 CNOT18_17 8250 0.003303
8224 CNOT18_17 8245 0.003303
8224 CNOT18_21 8252 0.989107
8224 CNOT18_21 8248 0.001556
8224 CNOT18_21 8249 0.001556
8224 CNOT18_21 8246 0.001556
8224 CNOT18_21 8247 0.001556
8224 CNOT18_21 8251 0.001556
8224 CNOT18_21 8250 0.001556
8224 CNOT18_21 8245 0.001556
8224 MEAS18 8212 0.902200
8224 MEAS18 8224 0.097800
8224 X17 8225 0.999667
8224 X17 8224 0.000111
8224 X17 8222 0.000111
8224 X17 8223 0.000111
8225 CNOT18_17 8247 0.976879
8225 CNOT18_17 8252 0.003303
8225 CNOT18_17 8245 0.003303
8225 CNOT18_17 8251 0.003303
8225 CNOT18_17 8250 0.003303
8225 CNOT18_17 8249 0.003303
8225 CNOT18_17 8248 0.003303
8225 CNOT18_17 8246 0.003303
8225 CNOT18_21 8248 0.989107
8225 CNOT18_21 8252 0.001556
8225 CNOT18_21 8245 0.001556
8225 CNOT18_21 8251 0.001556
8225 CNOT18_21 8250 0.001556
8225 CNOT18_21 8246 0.001556
8225 CNOT18_21 8247 0.001556
8225 CNOT18_21 8249 0.001556
8225 MEAS18 8213 0.902200
8225 MEAS18 8225 0.097800
8225 X17 8224 0.999667
8225 X17 8225 0.000111
8225 X17 8223 0.000111
8225 X17 8222 0.000111
8226 CNOT18_17 8218 0.976879
8226 CNOT18_17 8220 0.003303
8226 CNOT18_17 8219 0.003303
8226 CNOT18_17 8221 0.003303
8226 CNOT18_17 8214 0.003303
8226 CNOT18_17 8216 0.003303
8226 CNOT18_17 8215 0.003303
8226 CNOT18_17 8217 0.003303
8226 CNOT18_21 8215 0.989107
8226 CNOT18_21 8220 0.001556
8226 CNOT18_21 8219 0.001556
8226 CNOT18_21 8221 0.001556
8226 CNOT18_21 8214 0.001556
8226 CNOT18_21 8217 0.001556
8226 CNOT18_21 8218 0.001556
8226 CNOT18_21 8216 0.001556
8226 MEAS18 8253 0.861000
8226 MEAS18 8226 0.139000
8226 X17 8229 0.999667
8226 X17 8226 0.000111
8226 X17 8227 0.000111
8226 X17 8228 0.000111
8227 CNOT18_17 8217 0.976879
8227 CNOT18_17 8219 0.003303
8227 CNOT18_17 8220 0.003303
8227 CNOT18_17 8214 0.003303
8227 CNOT18_17 8221 0.003303
8227 CNOT18_17 8215 0.003303
8227 CNOT18_17 8216 0.003303
8227 CNOT18_17 8218 0.003303
8227 CNOT18_21 8216 0.989107
8227 CNOT18_21 8219 0.001556
8227 CNOT18_21 8220 0.001556
8227 CNOT18_21 8214 0.001556
8227 CNOT18_21 8221 0.001556
8227 CNOT18_21 8218 0.001556
8227 CNOT18_21 8217 0.001556
8227 CNOT18_21 8215 0.001556
8227 MEAS18 8254 0.861000
8227 MEAS18 8227 0.139000
8227 X17 8228 0.999667
8227 X17 8227 0.000111
8227 X17 8226 0.000111
8227 X17 8229 0.000111
8228 CNOT18_17 8219 0.976879
8228 CNOT18_17 8217 0.003303
8228 CNOT18_17 8218 0.003303
8228 CNOT18_17 8215 0.003303
8228 CNOT18_17 8216 0.003303
8228 CNOT18_17 8214 0.003303
8228 CNOT18_17 8221 0.003303
8228 CNOT18_17 8220 0.003303
8228 CNOT18_21 8219 0.989107
8228 CNOT18_21 8216 0.001556
8228 CNOT18_21 8215 0.001556
8228 CNOT18_21 8218 0.001556
8228 CNOT18_21 8217 0.001556
8228 CNOT18_21 8214 0.001556
8228 CNOT18_21 8221 0.001556
8228 CNOT18_21 8220 0.001556
8228 MEAS18 8255 0.861000
8228 MEAS18 8228 0.139000
8228 X17 8227 0.999667
8228 X17 8228 0.000111
8228 X17 8229 0.000111
8228 X17 8226 0.000111
8229 CNOT18_17 8220 0.976879
8229 CNOT18_17 8218 0.003303
8229 CNOT18_17 8217 0.003303
8229 CNOT18_17 8216 0.003303
8229 CNOT18_17 8215 0.003303
8229 CNOT18_17 8221 0.003303
8229 CNOT18_17 8214 0.003303
8229 CNOT18_17 8219 0.003303
8229 CNOT18_21 8220 0.989107
8229 CNOT18_21 8215 0.001556
8229 CNOT18_21 8216 0.001556
8229 CNOT18_21 8217 0.001556
8229 CNOT18_21 8218 0.001556
8229 CNOT18_21 8221 0.001556
8229 CNOT18_21 8214 0.001556
8229 CNOT18_21 8219 0.001556
8229 MEAS18 8256 0.861000
8229 MEAS18 8229 0.139000
8229 X17 8226 0.999667
8229 X17 8229 0.000111
8229 X17 8228 0.000111
8229 X17 8227 0.000111
8230 CNOT18_17 8230 0.980182
8230 CNOT18_17 8235 0.006606
8230 CNOT18_17 8238 0.006606
8230 CNOT18_17 8243 0.006606
8230 CNOT18_21 8230 0.990663
8230 CNOT18_21 8239 0.003112
8230 CNOT18_21 8234 0.003112
8230 CNOT18_21 8243 0.003112
8230 MEAS18 8209 0.902200
8230 MEAS18 8230 0.097800
8230 X17 8238 0.999778
8230 X17 8230 0.000222
8231 CNOT18_17 8242 0.980182
8231 CNOT18_17 8239 0.006606
8231 CNOT18_17 8234 0.006606
8231 CNOT18_17 8231 0.006606
8231 CNOT18_21 8242 0.990663
8231 CNOT18_21 8235 0.003112
8231 CNOT18_21 8238 0.003112
8231 CNOT18_21 8231 0.003112
8231 MEAS18 8231 0.861000
8231 MEAS18 8232 0.139000
8231 X17 8239 0.999778
8231 X17 8231 0.000222
8232 CNOT18_17 8241 0.980182
8232 CNOT18_17 8240 0.006606
8232 CNOT18_17 8233 0.006606
8232 CNOT18_17 8232 0.006606
8232 CNOT18_21 8241 0.990663
8232 CNOT18_21 8236 0.003112
8232 CNOT18_21 8237 0.003112
8232 CNOT18_21 8232 0.003112
8232 MEAS18 8231 0.861000
8232 MEAS18 8232 0.139000
8232 X17 8240 0.999778
8232 X17 8232 0.000222
8233 CNOT18_17 8233 0.980182
8233 CNOT18_17 8232 0.006606
8233 CNOT18_17 8241 0.006606
8233 CNOT18_17 8240 0.006606
8233 CNOT18_21 8240 0.990663
8233 CNOT18_21 8209 0.003112
8233 CNOT18_21 8244 0.003112
8233 CNOT18_21 8233 0.003112
8233 MEAS18 8233 0.902200
8233 MEAS18 8234 0.097800
8233 X17 8241 0.999778
8233 X17 8233 0.000222
8234 CNOT18_17 8234 0.980182
8234 CNOT18_17 8231 0.006606
8234 CNOT18_17 8242 0.006606
8234 CNOT18_17 8239 0.006606
8234 CNOT18_21 8239 0.990663
8234 CNOT18_21 8230 0.003112
8234 CNOT18_21 8243 0.003112
8234 CNOT18_21 8234 0.003112
8234 MEAS18 8233 0.902200
8234 MEAS18 8234 0.097800
8234 X17 8242 0.999778
8234 X17 8234 0.000222
8235 CNOT18_17 8238 0.980182
8235 CNOT18_17 8243 0.006606
8235 CNOT18_17 8230 0.006606
8235 CNOT18_17 8235 0.006606
8235 CNOT18_21 8235 0.990663
8235 CNOT18_21 8242 0.003112
8235 CNOT18_21 8231 0.003112
8235 CNOT18_21 8238 0.003112
8235 MEAS18 8235 0.861000
8235 MEAS18 8236 0.139000
8235 X17 8243 0.999778
8235 X17 8235 0.000222
8236 CNOT18_17 8237 0.980182
8236 CNOT18_17 8244 0.006606
8236 CNOT18_17 8209 0.006606
8236 CNOT18_17 8236 0.006606
8236 CNOT18_21 8236 0.990663
8236 CNOT18_21 8241 0.003112
8236 CNOT18_21 8232 0.003112
8236 CNOT18_21 8237 0.003112
8236 MEAS18 8235 0.861000
8236 MEAS18 8236 0.139000
8236 X17 8244 0.999778
8236 X17 8236 0.000222
8237 CNOT18_17 8236 0.980182
8237 CNOT18_17 8209 0.006606
8237 CNOT18_17 8244 0.006606
8237 CNOT18_17 8237 0.006606
8237 CNOT18_21 8237 0.990663
8237 CNOT18_21 8232 0.003112
8237 CNOT18_21 8241 0.003112
8237 CNOT18_21 8236 0.003112
8237 MEAS18 8237 0.902200
8237 MEAS18 8238 0.097800
8237 X17 8209 0.999778
8237 X17 8237 0.000222
8238 CNOT18_17 8235 0.980182
8238 CNOT18_17 8230 0.006606
8238 CNOT18_17 8243 0.006606
8238 CNOT18_17 8238 0.006606
8238 CNOT18_21 8238 0.990663
8238 CNOT18_21 8231 0.003112
8238 CNOT18_21 8242 0.003112
8238 CNOT18_21 8235 0.003112
8238 MEAS18 8237 0.902200
8238 MEAS18 8238 0.097800
8238 X17 8230 0.999778
8238 X17 8238 0.000222
8239 CNOT18_17 8239 0.980182
8239 CNOT18_17 8242 0.006606
8239 CNOT18_17 8231 0.006606
8239 CNOT18_17 8234 0.006606
8239 CNOT18_21 8234 0.990663
8239 CNOT18_21 8243 0.003112
8239 CNOT18_21 8230 0.003112
8239 CNOT18_21 8239 0.003112
8239 MEAS18 8239 0.861000
8239 MEAS18 8240 0.139000
8239 X17 8231 0.999778
8239 X17 8239 0.000222
8240 CNOT18_17 8240 0.980182
8240 CNOT18_17 8241 0.006606
8240 CNOT18_17 8232 0.006606
8240 CNOT18_17 8233 0.006606
8240 CNOT18_21 8233 0.990663
8240 CNOT18_21 8244 0.003112
8240 CNOT18_21 8209 0.003112
8240 CNOT18_21 8240 0.003112
8240 MEAS18 8239 0.861000
8240 MEAS18 8240 0.139000
8240 X17 8232 0.999778
8240 X17 8240 0.000222
8241 CNOT18_17 8232 0.980182
8241 CNOT18_17 8233 0.006606
8241 CNOT18_17 8240 0.006606
8241 CNOT18_17 8241 0.006606
8241 CNOT18_21 8232 0.990663
8241 CNOT18_21 8237 0.003112
8241 CNOT18_21 8236 0.003112
8241 CNOT18_21 8241 0.003112
8241 MEAS18 8241 0.902200
8241 MEAS18 8242 0.097800
8241 X17 8233 0.999778
8241 X17 8241 0.000222
8242 CNOT18_17 8231 0.980182
8242 CNOT18_17 8234 0.006606
8242 CNOT18_17 8239 0.006606
8242 CNOT18_17 8242 0.006606
8242 CNOT18_21 8231 0.990663
8242 CNOT18_21 8238 0.003112
8242 CNOT18_21 8235 0.003112
8242 CNOT18_21 8242 0.003112
8242 MEAS18 8241 0.902200
8242 MEAS18 8242 0.097800
8242 X17 8234 0.999778
8242 X17 8242 0.000222
8243 CNOT18_17 8243 0.980182
8243 CNOT18_17 8238 0.006606
8243 CNOT18_17 8235 0.006606
8243 CNOT18_17 8230 0.006606
8243 CNOT18_21 8243 0.990663
8243 CNOT18_21 8234 0.003112
8243 CNOT18_21 8239 0.003112
8243 CNOT18_21 8230 0.003112
8243 MEAS18 8243 0.861000
8243 MEAS18 8244 0.139000
8243 X17 8235 0.999778
8243 X17 8243 0.000222
8244 CNOT18_17 8244 0.980182
8244 CNOT18_17 8237 0.006606
8244 CNOT18_17 8236 0.006606
8244 CNOT18_17 8209 0.006606
8244 CNOT18_21 8244 0.990663
8244 CNOT18_21 8233 0.003112
8244 CNOT18_21 8240 0.003112
8244 CNOT18_21 8209 0.003112
8244 MEAS18 8243 0.861000
8244 MEAS18 8244 0.139000
8244 X17 8236 0.999778
8244 X17 8244 0.000222
8245 CNOT18_17 8222 0.976879
8245 CNOT18_17 8253 0.003303
8245 CNOT18_17 8223 0.003303
8245 CNOT18_17 8254 0.003303
8245 CNOT18_17 8225 0.003303
8245 CNOT18_17 8255 0.003303
8245 CNOT18_17 8224 0.003303
8245 CNOT18_17 8256 0.003303
8245 CNOT18_21 8222 0.989107
8245 CNOT18_21 8253 0.001556
8245 CNOT18_21 8223 0.001556
8245 CNOT18_21 8254 0.001556
8245 CNOT18_21 8225 0.001556
8245 CNOT18_21 8255 0.001556
8245 CNOT18_21 8224 0.001556
8245 CNOT18_21 8256 0.001556
8245 MEAS18 8209 0.451100
8245 MEAS18 8230 0.048900
8245 MEAS18 8231 0.430500
8245 MEAS18 8232 0.069500
8245 X17 8249 0.999667
8245 X17 8245 0.000111
8245 X17 8252 0.000111
8245 X17 8248 0.000111
8246 CNOT18_17 8223 0.976879
8246 CNOT18_17 8256 0.003303
8246 CNOT18_17 8222 0.003303
8246 CNOT18_17 8255 0.003303
8246 CNOT18_17 8224 0.003303
8246 CNOT18_17 8254 0.003303
8246 CNOT18_17 8225 0.003303
8246 CNOT18_17 8253 0.003303
8246 CNOT18_21 8253 0.989107
8246 CNOT18_21 8222 0.001556
8246 CNOT18_21 8256 0.001556
8246 CNOT18_21 8224 0.001556
8246 CNOT18_21 8255 0.001556
8246 CNOT18_21 8225 0.001556
8246 CNOT18_21 8254 0.001556
8246 CNOT18_21 8223 0.001556
8246 MEAS18 8233 0.451100
8246 MEAS18 8234 0.048900
8246 MEAS18 8235 0.430500
8246 MEAS18 8236 0.069500
8246 X17 8251 0.999667
8246 X17 8246 0.000111
8246 X17 8247 0.000111
8246 X17 8250 0.000111
8247 CNOT18_17 8225 0.976879
8247 CNOT18_17 8255 0.003303
8247 CNOT18_17 8224 0.003303
8247 CNOT18_17 8256 0.003303
8247 CNOT18_17 8222 0.003303
8247 CNOT18_17 8253 0.003303
8247 CNOT18_17 8223 0.003303
8247 CNOT18_17 8254 0.003303
8247 CNOT18_21 8254 0.989107
8247 CNOT18_21 8224 0.001556
8247 CNOT18_21 8255 0.001556
8247 CNOT18_21 8222 0.001556
8247 CNOT18_21 8256 0.001556
8247 CNOT18_21 8223 0.001556
8247 CNOT18_21 8253 0.001556
8247 CNOT18_21 8225 0.001556
8247 MEAS18 8233 0.451100
8247 MEAS18 8234 0.048900
8247 MEAS18 8235 0.430500
8247 MEAS18 8236 0.069500
8247 X17 8250 0.999667
8247 X17 8247 0.000111
8247 X17 8246 0.000111
8247 X17 8251 0.000111
8248 CNOT18_17 8254 0.976879
8248 CNOT18_17 8224 0.003303
8248 CNOT18_17 8255 0.003303
8248 CNOT18_17 8222 0.003303
8248 CNOT18_17 8256 0.003303
8248 CNOT18_17 8223 0.003303
8248 CNOT18_17 8253 0.003303
8248 CNOT18_17 8225 0.003303
8248 CNOT18_21 8225 0.989107
8248 CNOT18_21 8255 0.001556
8248 CNOT18_21 8224 0.001556
8248 CNOT18_21 8256 0.001556
8248 CNOT18_21 8222 0.001556
8248 CNOT18_21 8253 0.001556
8248 CNOT18_21 8223 0.001556
8248 CNOT18_21 8254 0.001556
8248 MEAS18 8237 0.451100
8248 MEAS18 8238 0.048900
8248 MEAS18 8239 0.430500
8248 MEAS18 8240 0.069500
8248 X17 8252 0.999667
8248 X17 8248 0.000111
8248 X17 8249 0.000111
8248 X17 8245 0.000111
8249 CNOT18_17 8253 0.976879
8249 CNOT18_17 8222 0.003303
8249 CNOT18_17 8256 0.003303
8249 CNOT18_17 8224 0.003303
8249 CNOT18_17 8255 0.003303
8249 CNOT18_17 8225 0.003303
8249 CNOT18_17 8254 0.003303
8249 CNOT18_17 8223 0.003303
8249 CNOT18_21 8223 0.989107
8249 CNOT18_21 8256 0.001556
8249 CNOT18_21 8222 0.001556
8249 CNOT18_21 8255 0.001556
8249 CNOT18_21 8224 0.001556
8249 CNOT18_21 8254 0.001556
8249 CNOT18_21 8225 0.001556
8249 CNOT18_21 8253 0.001556
8249 MEAS18 8237 0.451100
8249 MEAS18 8238 0.048900
8249 MEAS18 8239 0.430500
8249 MEAS18 8240 0.069500
8249 X17 8245 0.999667
8249 X17 8249 0.000111
8249 X17 8248 0.000111
8249 X17 8252 0.000111
8250 CNOT18_17 8255 0.976879
8250 CNOT18_17 8225 0.003303
8250 CNOT18_17 8254 0.003303
8250 CNOT18_17 8223 0.003303
8250 CNOT18_17 8253 0.003303
8250 CNOT18_17 8222 0.003303
8250 CNOT18_17 8256 0.003303
8250 CNOT18_17 8224 0.003303
8250 CNOT18_21 8255 0.989107
8250 CNOT18_21 8225 0.001556
8250 CNOT18_21 8254 0.001556
8250 CNOT18_21 8223 0.001556
8250 CNOT18_21 8253 0.001556
8250 CNOT18_21 8222 0.001556
8250 CNOT18_21 8256 0.001556
8250 CNOT18_21 8224 0.001556
8250 MEAS18 8241 0.451100
8250 MEAS18 8242 0.048900
8250 MEAS18 8243 0.430500
8250 MEAS18 8244 0.069500
8250 X17 8247 0.999667
8250 X17 8250 0.000111
8250 X17 8251 0.000111
8250 X17 8246 0.000111
8251 CNOT18_17 8256 0.976879
8251 CNOT18_17 8223 0.003303
8251 CNOT18_17 8253 0.003303
8251 CNOT18_17 8225 0.003303
8251 CNOT18_17 8254 0.003303
8251 CNOT18_17 8224 0.003303
8251 CNOT18_17 8255 0.003303
8251 CNOT18_17 8222 0.003303
8251 CNOT18_21 8256 0.989107
8251 CNOT18_21 8223 0.001556
8251 CNOT18_21 8253 0.001556
8251 CNOT18_21 8225 0.001556
8251 CNOT18_21 8254 0.001556
8251 CNOT18_21 8224 0.001556
8251 CNOT18_21 8255 0.001556
8251 CNOT18_21 8222 0.001556
8251 MEAS18 8241 0.451100
8251 MEAS18 8242 0.048900
8251 MEAS18 8243 0.430500
8251 MEAS18 8244 0.069500
8251 X17 8246 0.999667
8251 X17 8251 0.000111
8251 X17 8250 0.000111
8251 X17 8247 0.000111
8252 CNOT18_17 8224 0.976879
8252 CNOT18_17 8254 0.003303
8252 CNOT18_17 8225 0.003303
8252 CNOT18_17 8253 0.003303
8252 CNOT18_17 8223 0.003303
8252 CNOT18_17 8256 0.003303
8252 CNOT18_17 8222 0.003303
8252 CNOT18_17 8255 0.003303
8252 CNOT18_21 8224 0.989107
8252 CNOT18_21 8254 0.001556
8252 CNOT18_21 8225 0.001556
8252 CNOT18_21 8253 0.001556
8252 CNOT18_21 8223 0.001556
8252 CNOT18_21 8256 0.001556
8252 CNOT18_21 8222 0.001556
8252 CNOT18_21 8255 0.001556
8252 MEAS18 8209 0.451100
8252 MEAS18 8230 0.048900
8252 MEAS18 8231 0.430500
8252 MEAS18 8232 0.069500
8252 X17 8248 0.999667
8252 X17 8252 0.000111
8252 X17 8245 0.000111
8252 X17 8249 0.000111
8253 CNOT18_17 8249 0.976879
8253 CNOT18_17 8251 0.003303
8253 CNOT18_17 8250 0.003303
8253 CNOT18_17 8252 0.003303
8253 CNOT18_17 8245 0.003303
8253 CNOT18_17 8247 0.003303
8253 CNOT18_17 8246 0.003303
8253 CNOT18_17 8248 0.003303
8253 CNOT18_21 8246 0.989107
8253 CNOT18_21 8251 0.001556
8253 CNOT18_21 8250 0.001556
8253 CNOT18_21 8252 0.001556
8253 CNOT18_21 8245 0.001556
8253 CNOT18_21 8248 0.001556
8253 CNOT18_21 8249 0.001556
8253 CNOT18_21 8247 0.001556
8253 MEAS18 8253 0.861000
8253 MEAS18 8226 0.139000
8253 X17 8256 0.999667
8253 X17 8253 0.000111
8253 X17 8254 0.000111
8253 X17 8255 0.000111
8254 CNOT18_17 8248 0.976879
8254 CNOT18_17 8250 0.003303
8254 CNOT18_17 8251 0.003303
8254 CNOT18_17 8245 0.003303
8254 CNOT18_17 8252 0.003303
8254 CNOT18_17 8246 0.003303
8254 CNOT18_17 8247 0.003303
8254 CNOT18_17 8249 0.003303
8254 CNOT18_21 8247 0.989107
8254 CNOT18_21 8250 0.001556
8254 CNOT18_21 8251 0.001556
8254 CNOT18_21 8245 0.001556
8254 CNOT18_21 8252 0.001556
8254 CNOT18_21 8249 0.001556
8254 CNOT18_21 8248 0.001556
8254 CNOT18_21 8246 0.001556
8254 MEAS18 8254 0.861000
8254 MEAS18 8227 0.139000
8254 X17 8255 0.999667
8254 X17 8254 0.000111
8254 X17 8253 0.000111
8254 X17 8256 0.000111
8255 CNOT18_17 8250 0.976879
8255 CNOT18_17 8248 0.003303
8255 CNOT18_17 8249 0.003303
8255 CNOT18_17 8246 0.003303
8255 CNOT18_17 8247 0.003303
8255 CNOT18_17 8245 0.003303
8255 CNOT18_17 8252 0.003303
8255 CNOT18_17 8251 0.003303
8255 CNOT18_21 8250 0.989107
8255 CNOT18_21 8247 0.001556
8255 CNOT18_21 8246 0.001556
8255 CNOT18_21 8249 0.001556
8255 CNOT18_21 8248 0.001556
8255 CNOT18_21 8245 0.001556
8255 CNOT18_21 8252 0.001556
8255 CNOT18_21 8251 0.001556
8255 MEAS18 8255 0.861000
8255 MEAS18 8228 0.139000
8255 X17 8254 0.999667
8255 X17 8255 0.000111
8255 X17 8256 0.000111
8255 X17 8253 0.000111
8256 CNOT18_17 8251 0.976879
8256 CNOT18_17 8249 0.003303
8256 CNOT18_17 8248 0.003303
8256 CNOT18_17 8247 0.003303
8256 CNOT18_17 8246 0.003303
8256 CNOT18_17 8252 0.003303
8256 CNOT18_17 8245 0.003303
8256 CNOT18_17 8250 0.003303
8256 CNOT18_21 8251 0.989107
8256 CNOT18_21 8246 0.001556
8256 CNOT18_21 8247 0.001556
8256 CNOT18_21 8248 0.001556
8256 CNOT18_21 8249 0.001556
8256 CNOT18_21 8252 0.001556
8256 CNOT18_21 8245 0.001556
8256 CNOT18_21 8250 0.001556
8256 MEAS18 8256 0.861000
8256 MEAS18 8229 0.139000
8256 X17 8253 0.999667
8256 X17 8256 0.000111
8256 X17 8255 0.000111
8256 X17 8254 0.000111
ENDPOMDP
