BEGINPOMDP
INITIALSTATE: 7441
STATES: 7441,7442,7443,7444,7445,7446,7447,7448,7449,7450,7451,7452,7453,7454,7455,7456,7457,7458,7459,7460,7461,7462,7463,7464,7465,7466,7467,7468,7469,7470,7471,7472,7473,7474,7475,7476,7477,7478,7479,7480,7481,7482,7483,7484,7485,7486,7487,7488
TARGETV: 7442,7444,7446,7451,7452,7453,7454,7456,7460,7461,7477,7482,7483,7484,7487,7488
GAMMA: 7441:0,7442:0,7443:0,7444:0,7445:0,7446:0,7447:0,7448:0,7449:0,7450:0,7451:0,7452:0,7453:0,7454:1,7455:1,7456:1,7457:1,7458:0,7459:0,7460:0,7461:0,7462:1,7463:1,7464:0,7465:0,7466:1,7467:1,7468:0,7469:0,7470:1,7471:1,7472:0,7473:0,7474:1,7475:1,7476:0,7477:1,7478:1,7479:1,7480:1,7481:1,7482:1,7483:1,7484:1,7485:1,7486:1,7487:1,7488:1
BEGINACTIONS
CNOT25_24 Instruction.CNOT 24 25
CNOT25_26 Instruction.CNOT 26 25
MEAS25 Instruction.MEAS None 25
X24 Instruction.X None 24
ENDACTIONS
7441 INIT_ 7442 0.250000
7441 INIT_ 7443 0.250000
7441 INIT_ 7444 0.250000
7441 INIT_ 7445 0.250000
7441 CNOT25_24 7441 0.994401
7441 CNOT25_24 7468 0.001866
7441 CNOT25_24 7469 0.001866
7441 CNOT25_24 7476 0.001866
7441 CNOT25_26 7441 0.993350
7441 CNOT25_26 7472 0.002217
7441 CNOT25_26 7465 0.002217
7441 CNOT25_26 7476 0.002217
7441 MEAS25 7441 0.997000
7441 MEAS25 7462 0.003000
7441 X24 7469 0.999835
7441 X24 7441 0.000165
7442 CNOT25_24 7446 0.993468
7442 CNOT25_24 7447 0.000933
7442 CNOT25_24 7448 0.000933
7442 CNOT25_24 7449 0.000933
7442 CNOT25_24 7450 0.000933
7442 CNOT25_24 7451 0.000933
7442 CNOT25_24 7452 0.000933
7442 CNOT25_24 7453 0.000933
7442 CNOT25_26 7446 0.992242
7442 CNOT25_26 7450 0.001108
7442 CNOT25_26 7449 0.001108
7442 CNOT25_26 7448 0.001108
7442 CNOT25_26 7447 0.001108
7442 CNOT25_26 7451 0.001108
7442 CNOT25_26 7452 0.001108
7442 CNOT25_26 7453 0.001108
7442 MEAS25 7442 0.997000
7442 MEAS25 7454 0.003000
7442 X24 7443 0.999752
7442 X24 7442 0.000083
7442 X24 7444 0.000083
7442 X24 7445 0.000083
7443 CNOT25_24 7447 0.993468
7443 CNOT25_24 7446 0.000933
7443 CNOT25_24 7453 0.000933
7443 CNOT25_24 7451 0.000933
7443 CNOT25_24 7452 0.000933
7443 CNOT25_24 7449 0.000933
7443 CNOT25_24 7450 0.000933
7443 CNOT25_24 7448 0.000933
7443 CNOT25_26 7450 0.992242
7443 CNOT25_26 7446 0.001108
7443 CNOT25_26 7453 0.001108
7443 CNOT25_26 7451 0.001108
7443 CNOT25_26 7452 0.001108
7443 CNOT25_26 7448 0.001108
7443 CNOT25_26 7447 0.001108
7443 CNOT25_26 7449 0.001108
7443 MEAS25 7443 0.997000
7443 MEAS25 7455 0.003000
7443 X24 7442 0.999752
7443 X24 7443 0.000083
7443 X24 7445 0.000083
7443 X24 7444 0.000083
7444 CNOT25_24 7453 0.993468
7444 CNOT25_24 7448 0.000933
7444 CNOT25_24 7447 0.000933
7444 CNOT25_24 7450 0.000933
7444 CNOT25_24 7449 0.000933
7444 CNOT25_24 7452 0.000933
7444 CNOT25_24 7451 0.000933
7444 CNOT25_24 7446 0.000933
7444 CNOT25_26 7453 0.992242
7444 CNOT25_26 7449 0.001108
7444 CNOT25_26 7450 0.001108
7444 CNOT25_26 7447 0.001108
7444 CNOT25_26 7448 0.001108
7444 CNOT25_26 7452 0.001108
7444 CNOT25_26 7451 0.001108
7444 CNOT25_26 7446 0.001108
7444 MEAS25 7444 0.997000
7444 MEAS25 7456 0.003000
7444 X24 7445 0.999752
7444 X24 7444 0.000083
7444 X24 7442 0.000083
7444 X24 7443 0.000083
7445 CNOT25_24 7448 0.993468
7445 CNOT25_24 7453 0.000933
7445 CNOT25_24 7446 0.000933
7445 CNOT25_24 7452 0.000933
7445 CNOT25_24 7451 0.000933
7445 CNOT25_24 7450 0.000933
7445 CNOT25_24 7449 0.000933
7445 CNOT25_24 7447 0.000933
7445 CNOT25_26 7449 0.992242
7445 CNOT25_26 7453 0.001108
7445 CNOT25_26 7446 0.001108
7445 CNOT25_26 7452 0.001108
7445 CNOT25_26 7451 0.001108
7445 CNOT25_26 7447 0.001108
7445 CNOT25_26 7448 0.001108
7445 CNOT25_26 7450 0.001108
7445 MEAS25 7445 0.997000
7445 MEAS25 7457 0.003000
7445 X24 7444 0.999752
7445 X24 7445 0.000083
7445 X24 7443 0.000083
7445 X24 7442 0.000083
7446 CNOT25_24 7442 0.993468
7446 CNOT25_24 7458 0.000933
7446 CNOT25_24 7443 0.000933
7446 CNOT25_24 7459 0.000933
7446 CNOT25_24 7445 0.000933
7446 CNOT25_24 7460 0.000933
7446 CNOT25_24 7444 0.000933
7446 CNOT25_24 7461 0.000933
7446 CNOT25_26 7442 0.992242
7446 CNOT25_26 7458 0.001108
7446 CNOT25_26 7443 0.001108
7446 CNOT25_26 7459 0.001108
7446 CNOT25_26 7445 0.001108
7446 CNOT25_26 7460 0.001108
7446 CNOT25_26 7444 0.001108
7446 CNOT25_26 7461 0.001108
7446 MEAS25 7441 0.498500
7446 MEAS25 7462 0.001500
7446 MEAS25 7463 0.496600
7446 MEAS25 7464 0.003400
7446 X24 7450 0.999752
7446 X24 7446 0.000083
7446 X24 7453 0.000083
7446 X24 7449 0.000083
7447 CNOT25_24 7443 0.993468
7447 CNOT25_24 7461 0.000933
7447 CNOT25_24 7442 0.000933
7447 CNOT25_24 7460 0.000933
7447 CNOT25_24 7444 0.000933
7447 CNOT25_24 7459 0.000933
7447 CNOT25_24 7445 0.000933
7447 CNOT25_24 7458 0.000933
7447 CNOT25_26 7458 0.992242
7447 CNOT25_26 7442 0.001108
7447 CNOT25_26 7461 0.001108
7447 CNOT25_26 7444 0.001108
7447 CNOT25_26 7460 0.001108
7447 CNOT25_26 7445 0.001108
7447 CNOT25_26 7459 0.001108
7447 CNOT25_26 7443 0.001108
7447 MEAS25 7465 0.498500
7447 MEAS25 7466 0.001500
7447 MEAS25 7467 0.496600
7447 MEAS25 7468 0.003400
7447 X24 7452 0.999752
7447 X24 7447 0.000083
7447 X24 7448 0.000083
7447 X24 7451 0.000083
7448 CNOT25_24 7445 0.993468
7448 CNOT25_24 7460 0.000933
7448 CNOT25_24 7444 0.000933
7448 CNOT25_24 7461 0.000933
7448 CNOT25_24 7442 0.000933
7448 CNOT25_24 7458 0.000933
7448 CNOT25_24 7443 0.000933
7448 CNOT25_24 7459 0.000933
7448 CNOT25_26 7459 0.992242
7448 CNOT25_26 7444 0.001108
7448 CNOT25_26 7460 0.001108
7448 CNOT25_26 7442 0.001108
7448 CNOT25_26 7461 0.001108
7448 CNOT25_26 7443 0.001108
7448 CNOT25_26 7458 0.001108
7448 CNOT25_26 7445 0.001108
7448 MEAS25 7465 0.498500
7448 MEAS25 7466 0.001500
7448 MEAS25 7467 0.496600
7448 MEAS25 7468 0.003400
7448 X24 7451 0.999752
7448 X24 7448 0.000083
7448 X24 7447 0.000083
7448 X24 7452 0.000083
7449 CNOT25_24 7459 0.993468
7449 CNOT25_24 7444 0.000933
7449 CNOT25_24 7460 0.000933
7449 CNOT25_24 7442 0.000933
7449 CNOT25_24 7461 0.000933
7449 CNOT25_24 7443 0.000933
7449 CNOT25_24 7458 0.000933
7449 CNOT25_24 7445 0.000933
7449 CNOT25_26 7445 0.992242
7449 CNOT25_26 7460 0.001108
7449 CNOT25_26 7444 0.001108
7449 CNOT25_26 7461 0.001108
7449 CNOT25_26 7442 0.001108
7449 CNOT25_26 7458 0.001108
7449 CNOT25_26 7443 0.001108
7449 CNOT25_26 7459 0.001108
7449 MEAS25 7469 0.498500
7449 MEAS25 7470 0.001500
7449 MEAS25 7471 0.496600
7449 MEAS25 7472 0.003400
7449 X24 7453 0.999752
7449 X24 7449 0.000083
7449 X24 7450 0.000083
7449 X24 7446 0.000083
7450 CNOT25_24 7458 0.993468
7450 CNOT25_24 7442 0.000933
7450 CNOT25_24 7461 0.000933
7450 CNOT25_24 7444 0.000933
7450 CNOT25_24 7460 0.000933
7450 CNOT25_24 7445 0.000933
7450 CNOT25_24 7459 0.000933
7450 CNOT25_24 7443 0.000933
7450 CNOT25_26 7443 0.992242
7450 CNOT25_26 7461 0.001108
7450 CNOT25_26 7442 0.001108
7450 CNOT25_26 7460 0.001108
7450 CNOT25_26 7444 0.001108
7450 CNOT25_26 7459 0.001108
7450 CNOT25_26 7445 0.001108
7450 CNOT25_26 7458 0.001108
7450 MEAS25 7469 0.498500
7450 MEAS25 7470 0.001500
7450 MEAS25 7471 0.496600
7450 MEAS25 7472 0.003400
7450 X24 7446 0.999752
7450 X24 7450 0.000083
7450 X24 7449 0.000083
7450 X24 7453 0.000083
7451 CNOT25_24 7460 0.993468
7451 CNOT25_24 7445 0.000933
7451 CNOT25_24 7459 0.000933
7451 CNOT25_24 7443 0.000933
7451 CNOT25_24 7458 0.000933
7451 CNOT25_24 7442 0.000933
7451 CNOT25_24 7461 0.000933
7451 CNOT25_24 7444 0.000933
7451 CNOT25_26 7460 0.992242
7451 CNOT25_26 7445 0.001108
7451 CNOT25_26 7459 0.001108
7451 CNOT25_26 7443 0.001108
7451 CNOT25_26 7458 0.001108
7451 CNOT25_26 7442 0.001108
7451 CNOT25_26 7461 0.001108
7451 CNOT25_26 7444 0.001108
7451 MEAS25 7473 0.498500
7451 MEAS25 7474 0.001500
7451 MEAS25 7475 0.496600
7451 MEAS25 7476 0.003400
7451 X24 7448 0.999752
7451 X24 7451 0.000083
7451 X24 7452 0.000083
7451 X24 7447 0.000083
7452 CNOT25_24 7461 0.993468
7452 CNOT25_24 7443 0.000933
7452 CNOT25_24 7458 0.000933
7452 CNOT25_24 7445 0.000933
7452 CNOT25_24 7459 0.000933
7452 CNOT25_24 7444 0.000933
7452 CNOT25_24 7460 0.000933
7452 CNOT25_24 7442 0.000933
7452 CNOT25_26 7461 0.992242
7452 CNOT25_26 7443 0.001108
7452 CNOT25_26 7458 0.001108
7452 CNOT25_26 7445 0.001108
7452 CNOT25_26 7459 0.001108
7452 CNOT25_26 7444 0.001108
7452 CNOT25_26 7460 0.001108
7452 CNOT25_26 7442 0.001108
7452 MEAS25 7473 0.498500
7452 MEAS25 7474 0.001500
7452 MEAS25 7475 0.496600
7452 MEAS25 7476 0.003400
7452 X24 7447 0.999752
7452 X24 7452 0.000083
7452 X24 7451 0.000083
7452 X24 7448 0.000083
7453 CNOT25_24 7444 0.993468
7453 CNOT25_24 7459 0.000933
7453 CNOT25_24 7445 0.000933
7453 CNOT25_24 7458 0.000933
7453 CNOT25_24 7443 0.000933
7453 CNOT25_24 7461 0.000933
7453 CNOT25_24 7442 0.000933
7453 CNOT25_24 7460 0.000933
7453 CNOT25_26 7444 0.992242
7453 CNOT25_26 7459 0.001108
7453 CNOT25_26 7445 0.001108
7453 CNOT25_26 7458 0.001108
7453 CNOT25_26 7443 0.001108
7453 CNOT25_26 7461 0.001108
7453 CNOT25_26 7442 0.001108
7453 CNOT25_26 7460 0.001108
7453 MEAS25 7441 0.498500
7453 MEAS25 7462 0.001500
7453 MEAS25 7463 0.496600
7453 MEAS25 7464 0.003400
7453 X24 7449 0.999752
7453 X24 7453 0.000083
7453 X24 7446 0.000083
7453 X24 7450 0.000083
7454 CNOT25_24 7477 0.993468
7454 CNOT25_24 7478 0.000933
7454 CNOT25_24 7479 0.000933
7454 CNOT25_24 7480 0.000933
7454 CNOT25_24 7481 0.000933
7454 CNOT25_24 7482 0.000933
7454 CNOT25_24 7483 0.000933
7454 CNOT25_24 7484 0.000933
7454 CNOT25_26 7477 0.992242
7454 CNOT25_26 7481 0.001108
7454 CNOT25_26 7480 0.001108
7454 CNOT25_26 7479 0.001108
7454 CNOT25_26 7478 0.001108
7454 CNOT25_26 7482 0.001108
7454 CNOT25_26 7483 0.001108
7454 CNOT25_26 7484 0.001108
7454 MEAS25 7442 0.997000
7454 MEAS25 7454 0.003000
7454 X24 7455 0.999752
7454 X24 7454 0.000083
7454 X24 7456 0.000083
7454 X24 7457 0.000083
7455 CNOT25_24 7478 0.993468
7455 CNOT25_24 7477 0.000933
7455 CNOT25_24 7484 0.000933
7455 CNOT25_24 7482 0.000933
7455 CNOT25_24 7483 0.000933
7455 CNOT25_24 7480 0.000933
7455 CNOT25_24 7481 0.000933
7455 CNOT25_24 7479 0.000933
7455 CNOT25_26 7481 0.992242
7455 CNOT25_26 7477 0.001108
7455 CNOT25_26 7484 0.001108
7455 CNOT25_26 7482 0.001108
7455 CNOT25_26 7483 0.001108
7455 CNOT25_26 7479 0.001108
7455 CNOT25_26 7478 0.001108
7455 CNOT25_26 7480 0.001108
7455 MEAS25 7443 0.997000
7455 MEAS25 7455 0.003000
7455 X24 7454 0.999752
7455 X24 7455 0.000083
7455 X24 7457 0.000083
7455 X24 7456 0.000083
7456 CNOT25_24 7484 0.993468
7456 CNOT25_24 7479 0.000933
7456 CNOT25_24 7478 0.000933
7456 CNOT25_24 7481 0.000933
7456 CNOT25_24 7480 0.000933
7456 CNOT25_24 7483 0.000933
7456 CNOT25_24 7482 0.000933
7456 CNOT25_24 7477 0.000933
7456 CNOT25_26 7484 0.992242
7456 CNOT25_26 7480 0.001108
7456 CNOT25_26 7481 0.001108
7456 CNOT25_26 7478 0.001108
7456 CNOT25_26 7479 0.001108
7456 CNOT25_26 7483 0.001108
7456 CNOT25_26 7482 0.001108
7456 CNOT25_26 7477 0.001108
7456 MEAS25 7444 0.997000
7456 MEAS25 7456 0.003000
7456 X24 7457 0.999752
7456 X24 7456 0.000083
7456 X24 7454 0.000083
7456 X24 7455 0.000083
7457 CNOT25_24 7479 0.993468
7457 CNOT25_24 7484 0.000933
7457 CNOT25_24 7477 0.000933
7457 CNOT25_24 7483 0.000933
7457 CNOT25_24 7482 0.000933
7457 CNOT25_24 7481 0.000933
7457 CNOT25_24 7480 0.000933
7457 CNOT25_24 7478 0.000933
7457 CNOT25_26 7480 0.992242
7457 CNOT25_26 7484 0.001108
7457 CNOT25_26 7477 0.001108
7457 CNOT25_26 7483 0.001108
7457 CNOT25_26 7482 0.001108
7457 CNOT25_26 7478 0.001108
7457 CNOT25_26 7479 0.001108
7457 CNOT25_26 7481 0.001108
7457 MEAS25 7445 0.997000
7457 MEAS25 7457 0.003000
7457 X24 7456 0.999752
7457 X24 7457 0.000083
7457 X24 7455 0.000083
7457 X24 7454 0.000083
7458 CNOT25_24 7450 0.993468
7458 CNOT25_24 7452 0.000933
7458 CNOT25_24 7451 0.000933
7458 CNOT25_24 7453 0.000933
7458 CNOT25_24 7446 0.000933
7458 CNOT25_24 7448 0.000933
7458 CNOT25_24 7447 0.000933
7458 CNOT25_24 7449 0.000933
7458 CNOT25_26 7447 0.992242
7458 CNOT25_26 7452 0.001108
7458 CNOT25_26 7451 0.001108
7458 CNOT25_26 7453 0.001108
7458 CNOT25_26 7446 0.001108
7458 CNOT25_26 7449 0.001108
7458 CNOT25_26 7450 0.001108
7458 CNOT25_26 7448 0.001108
7458 MEAS25 7485 0.993200
7458 MEAS25 7458 0.006800
7458 X24 7461 0.999752
7458 X24 7458 0.000083
7458 X24 7459 0.000083
7458 X24 7460 0.000083
7459 CNOT25_24 7449 0.993468
7459 CNOT25_24 7451 0.000933
7459 CNOT25_24 7452 0.000933
7459 CNOT25_24 7446 0.000933
7459 CNOT25_24 7453 0.000933
7459 CNOT25_24 7447 0.000933
7459 CNOT25_24 7448 0.000933
7459 CNOT25_24 7450 0.000933
7459 CNOT25_26 7448 0.992242
7459 CNOT25_26 7451 0.001108
7459 CNOT25_26 7452 0.001108
7459 CNOT25_26 7446 0.001108
7459 CNOT25_26 7453 0.001108
7459 CNOT25_26 7450 0.001108
7459 CNOT25_26 7449 0.001108
7459 CNOT25_26 7447 0.001108
7459 MEAS25 7486 0.993200
7459 MEAS25 7459 0.006800
7459 X24 7460 0.999752
7459 X24 7459 0.000083
7459 X24 7458 0.000083
7459 X24 7461 0.000083
7460 CNOT25_24 7451 0.993468
7460 CNOT25_24 7449 0.000933
7460 CNOT25_24 7450 0.000933
7460 CNOT25_24 7447 0.000933
7460 CNOT25_24 7448 0.000933
7460 CNOT25_24 7446 0.000933
7460 CNOT25_24 7453 0.000933
7460 CNOT25_24 7452 0.000933
7460 CNOT25_26 7451 0.992242
7460 CNOT25_26 7448 0.001108
7460 CNOT25_26 7447 0.001108
7460 CNOT25_26 7450 0.001108
7460 CNOT25_26 7449 0.001108
7460 CNOT25_26 7446 0.001108
7460 CNOT25_26 7453 0.001108
7460 CNOT25_26 7452 0.001108
7460 MEAS25 7487 0.993200
7460 MEAS25 7460 0.006800
7460 X24 7459 0.999752
7460 X24 7460 0.000083
7460 X24 7461 0.000083
7460 X24 7458 0.000083
7461 CNOT25_24 7452 0.993468
7461 CNOT25_24 7450 0.000933
7461 CNOT25_24 7449 0.000933
7461 CNOT25_24 7448 0.000933
7461 CNOT25_24 7447 0.000933
7461 CNOT25_24 7453 0.000933
7461 CNOT25_24 7446 0.000933
7461 CNOT25_24 7451 0.000933
7461 CNOT25_26 7452 0.992242
7461 CNOT25_26 7447 0.001108
7461 CNOT25_26 7448 0.001108
7461 CNOT25_26 7449 0.001108
7461 CNOT25_26 7450 0.001108
7461 CNOT25_26 7453 0.001108
7461 CNOT25_26 7446 0.001108
7461 CNOT25_26 7451 0.001108
7461 MEAS25 7488 0.993200
7461 MEAS25 7461 0.006800
7461 X24 7458 0.999752
7461 X24 7461 0.000083
7461 X24 7460 0.000083
7461 X24 7459 0.000083
7462 CNOT25_24 7462 0.994401
7462 CNOT25_24 7467 0.001866
7462 CNOT25_24 7470 0.001866
7462 CNOT25_24 7475 0.001866
7462 CNOT25_26 7462 0.993350
7462 CNOT25_26 7471 0.002217
7462 CNOT25_26 7466 0.002217
7462 CNOT25_26 7475 0.002217
7462 MEAS25 7441 0.997000
7462 MEAS25 7462 0.003000
7462 X24 7470 0.999835
7462 X24 7462 0.000165
7463 CNOT25_24 7474 0.994401
7463 CNOT25_24 7471 0.001866
7463 CNOT25_24 7466 0.001866
7463 CNOT25_24 7463 0.001866
7463 CNOT25_26 7474 0.993350
7463 CNOT25_26 7467 0.002217
7463 CNOT25_26 7470 0.002217
7463 CNOT25_26 7463 0.002217
7463 MEAS25 7463 0.993200
7463 MEAS25 7464 0.006800
7463 X24 7471 0.999835
7463 X24 7463 0.000165
7464 CNOT25_24 7473 0.994401
7464 CNOT25_24 7472 0.001866
7464 CNOT25_24 7465 0.001866
7464 CNOT25_24 7464 0.001866
7464 CNOT25_26 7473 0.993350
7464 CNOT25_26 7468 0.002217
7464 CNOT25_26 7469 0.002217
7464 CNOT25_26 7464 0.002217
7464 MEAS25 7463 0.993200
7464 MEAS25 7464 0.006800
7464 X24 7472 0.999835
7464 X24 7464 0.000165
7465 CNOT25_24 7465 0.994401
7465 CNOT25_24 7464 0.001866
7465 CNOT25_24 7473 0.001866
7465 CNOT25_24 7472 0.001866
7465 CNOT25_26 7472 0.993350
7465 CNOT25_26 7441 0.002217
7465 CNOT25_26 7476 0.002217
7465 CNOT25_26 7465 0.002217
7465 MEAS25 7465 0.997000
7465 MEAS25 7466 0.003000
7465 X24 7473 0.999835
7465 X24 7465 0.000165
7466 CNOT25_24 7466 0.994401
7466 CNOT25_24 7463 0.001866
7466 CNOT25_24 7474 0.001866
7466 CNOT25_24 7471 0.001866
7466 CNOT25_26 7471 0.993350
7466 CNOT25_26 7462 0.002217
7466 CNOT25_26 7475 0.002217
7466 CNOT25_26 7466 0.002217
7466 MEAS25 7465 0.997000
7466 MEAS25 7466 0.003000
7466 X24 7474 0.999835
7466 X24 7466 0.000165
7467 CNOT25_24 7470 0.994401
7467 CNOT25_24 7475 0.001866
7467 CNOT25_24 7462 0.001866
7467 CNOT25_24 7467 0.001866
7467 CNOT25_26 7467 0.993350
7467 CNOT25_26 7474 0.002217
7467 CNOT25_26 7463 0.002217
7467 CNOT25_26 7470 0.002217
7467 MEAS25 7467 0.993200
7467 MEAS25 7468 0.006800
7467 X24 7475 0.999835
7467 X24 7467 0.000165
7468 CNOT25_24 7469 0.994401
7468 CNOT25_24 7476 0.001866
7468 CNOT25_24 7441 0.001866
7468 CNOT25_24 7468 0.001866
7468 CNOT25_26 7468 0.993350
7468 CNOT25_26 7473 0.002217
7468 CNOT25_26 7464 0.002217
7468 CNOT25_26 7469 0.002217
7468 MEAS25 7467 0.993200
7468 MEAS25 7468 0.006800
7468 X24 7476 0.999835
7468 X24 7468 0.000165
7469 CNOT25_24 7468 0.994401
7469 CNOT25_24 7441 0.001866
7469 CNOT25_24 7476 0.001866
7469 CNOT25_24 7469 0.001866
7469 CNOT25_26 7469 0.993350
7469 CNOT25_26 7464 0.002217
7469 CNOT25_26 7473 0.002217
7469 CNOT25_26 7468 0.002217
7469 MEAS25 7469 0.997000
7469 MEAS25 7470 0.003000
7469 X24 7441 0.999835
7469 X24 7469 0.000165
7470 CNOT25_24 7467 0.994401
7470 CNOT25_24 7462 0.001866
7470 CNOT25_24 7475 0.001866
7470 CNOT25_24 7470 0.001866
7470 CNOT25_26 7470 0.993350
7470 CNOT25_26 7463 0.002217
7470 CNOT25_26 7474 0.002217
7470 CNOT25_26 7467 0.002217
7470 MEAS25 7469 0.997000
7470 MEAS25 7470 0.003000
7470 X24 7462 0.999835
7470 X24 7470 0.000165
7471 CNOT25_24 7471 0.994401
7471 CNOT25_24 7474 0.001866
7471 CNOT25_24 7463 0.001866
7471 CNOT25_24 7466 0.001866
7471 CNOT25_26 7466 0.993350
7471 CNOT25_26 7475 0.002217
7471 CNOT25_26 7462 0.002217
7471 CNOT25_26 7471 0.002217
7471 MEAS25 7471 0.993200
7471 MEAS25 7472 0.006800
7471 X24 7463 0.999835
7471 X24 7471 0.000165
7472 CNOT25_24 7472 0.994401
7472 CNOT25_24 7473 0.001866
7472 CNOT25_24 7464 0.001866
7472 CNOT25_24 7465 0.001866
7472 CNOT25_26 7465 0.993350
7472 CNOT25_26 7476 0.002217
7472 CNOT25_26 7441 0.002217
7472 CNOT25_26 7472 0.002217
7472 MEAS25 7471 0.993200
7472 MEAS25 7472 0.006800
7472 X24 7464 0.999835
7472 X24 7472 0.000165
7473 CNOT25_24 7464 0.994401
7473 CNOT25_24 7465 0.001866
7473 CNOT25_24 7472 0.001866
7473 CNOT25_24 7473 0.001866
7473 CNOT25_26 7464 0.993350
7473 CNOT25_26 7469 0.002217
7473 CNOT25_26 7468 0.002217
7473 CNOT25_26 7473 0.002217
7473 MEAS25 7473 0.997000
7473 MEAS25 7474 0.003000
7473 X24 7465 0.999835
7473 X24 7473 0.000165
7474 CNOT25_24 7463 0.994401
7474 CNOT25_24 7466 0.001866
7474 CNOT25_24 7471 0.001866
7474 CNOT25_24 7474 0.001866
7474 CNOT25_26 7463 0.993350
7474 CNOT25_26 7470 0.002217
7474 CNOT25_26 7467 0.002217
7474 CNOT25_26 7474 0.002217
7474 MEAS25 7473 0.997000
7474 MEAS25 7474 0.003000
7474 X24 7466 0.999835
7474 X24 7474 0.000165
7475 CNOT25_24 7475 0.994401
7475 CNOT25_24 7470 0.001866
7475 CNOT25_24 7467 0.001866
7475 CNOT25_24 7462 0.001866
7475 CNOT25_26 7475 0.993350
7475 CNOT25_26 7466 0.002217
7475 CNOT25_26 7471 0.002217
7475 CNOT25_26 7462 0.002217
7475 MEAS25 7475 0.993200
7475 MEAS25 7476 0.006800
7475 X24 7467 0.999835
7475 X24 7475 0.000165
7476 CNOT25_24 7476 0.994401
7476 CNOT25_24 7469 0.001866
7476 CNOT25_24 7468 0.001866
7476 CNOT25_24 7441 0.001866
7476 CNOT25_26 7476 0.993350
7476 CNOT25_26 7465 0.002217
7476 CNOT25_26 7472 0.002217
7476 CNOT25_26 7441 0.002217
7476 MEAS25 7475 0.993200
7476 MEAS25 7476 0.006800
7476 X24 7468 0.999835
7476 X24 7476 0.000165
7477 CNOT25_24 7454 0.993468
7477 CNOT25_24 7485 0.000933
7477 CNOT25_24 7455 0.000933
7477 CNOT25_24 7486 0.000933
7477 CNOT25_24 7457 0.000933
7477 CNOT25_24 7487 0.000933
7477 CNOT25_24 7456 0.000933
7477 CNOT25_24 7488 0.000933
7477 CNOT25_26 7454 0.992242
7477 CNOT25_26 7485 0.001108
7477 CNOT25_26 7455 0.001108
7477 CNOT25_26 7486 0.001108
7477 CNOT25_26 7457 0.001108
7477 CNOT25_26 7487 0.001108
7477 CNOT25_26 7456 0.001108
7477 CNOT25_26 7488 0.001108
7477 MEAS25 7441 0.498500
7477 MEAS25 7462 0.001500
7477 MEAS25 7463 0.496600
7477 MEAS25 7464 0.003400
7477 X24 7481 0.999752
7477 X24 7477 0.000083
7477 X24 7484 0.000083
7477 X24 7480 0.000083
7478 CNOT25_24 7455 0.993468
7478 CNOT25_24 7488 0.000933
7478 CNOT25_24 7454 0.000933
7478 CNOT25_24 7487 0.000933
7478 CNOT25_24 7456 0.000933
7478 CNOT25_24 7486 0.000933
7478 CNOT25_24 7457 0.000933
7478 CNOT25_24 7485 0.000933
7478 CNOT25_26 7485 0.992242
7478 CNOT25_26 7454 0.001108
7478 CNOT25_26 7488 0.001108
7478 CNOT25_26 7456 0.001108
7478 CNOT25_26 7487 0.001108
7478 CNOT25_26 7457 0.001108
7478 CNOT25_26 7486 0.001108
7478 CNOT25_26 7455 0.001108
7478 MEAS25 7465 0.498500
7478 MEAS25 7466 0.001500
7478 MEAS25 7467 0.496600
7478 MEAS25 7468 0.003400
7478 X24 7483 0.999752
7478 X24 7478 0.000083
7478 X24 7479 0.000083
7478 X24 7482 0.000083
7479 CNOT25_24 7457 0.993468
7479 CNOT25_24 7487 0.000933
7479 CNOT25_24 7456 0.000933
7479 CNOT25_24 7488 0.000933
7479 CNOT25_24 7454 0.000933
7479 CNOT25_24 7485 0.000933
7479 CNOT25_24 7455 0.000933
7479 CNOT25_24 7486 0.000933
7479 CNOT25_26 7486 0.992242
7479 CNOT25_26 7456 0.001108
7479 CNOT25_26 7487 0.001108
7479 CNOT25_26 7454 0.001108
7479 CNOT25_26 7488 0.001108
7479 CNOT25_26 7455 0.001108
7479 CNOT25_26 7485 0.001108
7479 CNOT25_26 7457 0.001108
7479 MEAS25 7465 0.498500
7479 MEAS25 7466 0.001500
7479 MEAS25 7467 0.496600
7479 MEAS25 7468 0.003400
7479 X24 7482 0.999752
7479 X24 7479 0.000083
7479 X24 7478 0.000083
7479 X24 7483 0.000083
7480 CNOT25_24 7486 0.993468
7480 CNOT25_24 7456 0.000933
7480 CNOT25_24 7487 0.000933
7480 CNOT25_24 7454 0.000933
7480 CNOT25_24 7488 0.000933
7480 CNOT25_24 7455 0.000933
7480 CNOT25_24 7485 0.000933
7480 CNOT25_24 7457 0.000933
7480 CNOT25_26 7457 0.992242
7480 CNOT25_26 7487 0.001108
7480 CNOT25_26 7456 0.001108
7480 CNOT25_26 7488 0.001108
7480 CNOT25_26 7454 0.001108
7480 CNOT25_26 7485 0.001108
7480 CNOT25_26 7455 0.001108
7480 CNOT25_26 7486 0.001108
7480 MEAS25 7469 0.498500
7480 MEAS25 7470 0.001500
7480 MEAS25 7471 0.496600
7480 MEAS25 7472 0.003400
7480 X24 7484 0.999752
7480 X24 7480 0.000083
7480 X24 7481 0.000083
7480 X24 7477 0.000083
7481 CNOT25_24 7485 0.993468
7481 CNOT25_24 7454 0.000933
7481 CNOT25_24 7488 0.000933
7481 CNOT25_24 7456 0.000933
7481 CNOT25_24 7487 0.000933
7481 CNOT25_24 7457 0.000933
7481 CNOT25_24 7486 0.000933
7481 CNOT25_24 7455 0.000933
7481 CNOT25_26 7455 0.992242
7481 CNOT25_26 7488 0.001108
7481 CNOT25_26 7454 0.001108
7481 CNOT25_26 7487 0.001108
7481 CNOT25_26 7456 0.001108
7481 CNOT25_26 7486 0.001108
7481 CNOT25_26 7457 0.001108
7481 CNOT25_26 7485 0.001108
7481 MEAS25 7469 0.498500
7481 MEAS25 7470 0.001500
7481 MEAS25 7471 0.496600
7481 MEAS25 7472 0.003400
7481 X24 7477 0.999752
7481 X24 7481 0.000083
7481 X24 7480 0.000083
7481 X24 7484 0.000083
7482 CNOT25_24 7487 0.993468
7482 CNOT25_24 7457 0.000933
7482 CNOT25_24 7486 0.000933
7482 CNOT25_24 7455 0.000933
7482 CNOT25_24 7485 0.000933
7482 CNOT25_24 7454 0.000933
7482 CNOT25_24 7488 0.000933
7482 CNOT25_24 7456 0.000933
7482 CNOT25_26 7487 0.992242
7482 CNOT25_26 7457 0.001108
7482 CNOT25_26 7486 0.001108
7482 CNOT25_26 7455 0.001108
7482 CNOT25_26 7485 0.001108
7482 CNOT25_26 7454 0.001108
7482 CNOT25_26 7488 0.001108
7482 CNOT25_26 7456 0.001108
7482 MEAS25 7473 0.498500
7482 MEAS25 7474 0.001500
7482 MEAS25 7475 0.496600
7482 MEAS25 7476 0.003400
7482 X24 7479 0.999752
7482 X24 7482 0.000083
7482 X24 7483 0.000083
7482 X24 7478 0.000083
7483 CNOT25_24 7488 0.993468
7483 CNOT25_24 7455 0.000933
7483 CNOT25_24 7485 0.000933
7483 CNOT25_24 7457 0.000933
7483 CNOT25_24 7486 0.000933
7483 CNOT25_24 7456 0.000933
7483 CNOT25_24 7487 0.000933
7483 CNOT25_24 7454 0.000933
7483 CNOT25_26 7488 0.992242
7483 CNOT25_26 7455 0.001108
7483 CNOT25_26 7485 0.001108
7483 CNOT25_26 7457 0.001108
7483 CNOT25_26 7486 0.001108
7483 CNOT25_26 7456 0.001108
7483 CNOT25_26 7487 0.001108
7483 CNOT25_26 7454 0.001108
7483 MEAS25 7473 0.498500
7483 MEAS25 7474 0.001500
7483 MEAS25 7475 0.496600
7483 MEAS25 7476 0.003400
7483 X24 7478 0.999752
7483 X24 7483 0.000083
7483 X24 7482 0.000083
7483 X24 7479 0.000083
7484 CNOT25_24 7456 0.993468
7484 CNOT25_24 7486 0.000933
7484 CNOT25_24 7457 0.000933
7484 CNOT25_24 7485 0.000933
7484 CNOT25_24 7455 0.000933
7484 CNOT25_24 7488 0.000933
7484 CNOT25_24 7454 0.000933
7484 CNOT25_24 7487 0.000933
7484 CNOT25_26 7456 0.992242
7484 CNOT25_26 7486 0.001108
7484 CNOT25_26 7457 0.001108
7484 CNOT25_26 7485 0.001108
7484 CNOT25_26 7455 0.001108
7484 CNOT25_26 7488 0.001108
7484 CNOT25_26 7454 0.001108
7484 CNOT25_26 7487 0.001108
7484 MEAS25 7441 0.498500
7484 MEAS25 7462 0.001500
7484 MEAS25 7463 0.496600
7484 MEAS25 7464 0.003400
7484 X24 7480 0.999752
7484 X24 7484 0.000083
7484 X24 7477 0.000083
7484 X24 7481 0.000083
7485 CNOT25_24 7481 0.993468
7485 CNOT25_24 7483 0.000933
7485 CNOT25_24 7482 0.000933
7485 CNOT25_24 7484 0.000933
7485 CNOT25_24 7477 0.000933
7485 CNOT25_24 7479 0.000933
7485 CNOT25_24 7478 0.000933
7485 CNOT25_24 7480 0.000933
7485 CNOT25_26 7478 0.992242
7485 CNOT25_26 7483 0.001108
7485 CNOT25_26 7482 0.001108
7485 CNOT25_26 7484 0.001108
7485 CNOT25_26 7477 0.001108
7485 CNOT25_26 7480 0.001108
7485 CNOT25_26 7481 0.001108
7485 CNOT25_26 7479 0.001108
7485 MEAS25 7485 0.993200
7485 MEAS25 7458 0.006800
7485 X24 7488 0.999752
7485 X24 7485 0.000083
7485 X24 7486 0.000083
7485 X24 7487 0.000083
7486 CNOT25_24 7480 0.993468
7486 CNOT25_24 7482 0.000933
7486 CNOT25_24 7483 0.000933
7486 CNOT25_24 7477 0.000933
7486 CNOT25_24 7484 0.000933
7486 CNOT25_24 7478 0.000933
7486 CNOT25_24 7479 0.000933
7486 CNOT25_24 7481 0.000933
7486 CNOT25_26 7479 0.992242
7486 CNOT25_26 7482 0.001108
7486 CNOT25_26 7483 0.001108
7486 CNOT25_26 7477 0.001108
7486 CNOT25_26 7484 0.001108
7486 CNOT25_26 7481 0.001108
7486 CNOT25_26 7480 0.001108
7486 CNOT25_26 7478 0.001108
7486 MEAS25 7486 0.993200
7486 MEAS25 7459 0.006800
7486 X24 7487 0.999752
7486 X24 7486 0.000083
7486 X24 7485 0.000083
7486 X24 7488 0.000083
7487 CNOT25_24 7482 0.993468
7487 CNOT25_24 7480 0.000933
7487 CNOT25_24 7481 0.000933
7487 CNOT25_24 7478 0.000933
7487 CNOT25_24 7479 0.000933
7487 CNOT25_24 7477 0.000933
7487 CNOT25_24 7484 0.000933
7487 CNOT25_24 7483 0.000933
7487 CNOT25_26 7482 0.992242
7487 CNOT25_26 7479 0.001108
7487 CNOT25_26 7478 0.001108
7487 CNOT25_26 7481 0.001108
7487 CNOT25_26 7480 0.001108
7487 CNOT25_26 7477 0.001108
7487 CNOT25_26 7484 0.001108
7487 CNOT25_26 7483 0.001108
7487 MEAS25 7487 0.993200
7487 MEAS25 7460 0.006800
7487 X24 7486 0.999752
7487 X24 7487 0.000083
7487 X24 7488 0.000083
7487 X24 7485 0.000083
7488 CNOT25_24 7483 0.993468
7488 CNOT25_24 7481 0.000933
7488 CNOT25_24 7480 0.000933
7488 CNOT25_24 7479 0.000933
7488 CNOT25_24 7478 0.000933
7488 CNOT25_24 7484 0.000933
7488 CNOT25_24 7477 0.000933
7488 CNOT25_24 7482 0.000933
7488 CNOT25_26 7483 0.992242
7488 CNOT25_26 7478 0.001108
7488 CNOT25_26 7479 0.001108
7488 CNOT25_26 7480 0.001108
7488 CNOT25_26 7481 0.001108
7488 CNOT25_26 7484 0.001108
7488 CNOT25_26 7477 0.001108
7488 CNOT25_26 7482 0.001108
7488 MEAS25 7488 0.993200
7488 MEAS25 7461 0.006800
7488 X24 7485 0.999752
7488 X24 7488 0.000083
7488 X24 7487 0.000083
7488 X24 7486 0.000083
ENDPOMDP
