BEGINPOMDP
INITIALSTATE: 5569
STATES: 5569,5570,5571,5572,5573,5574,5575,5576,5577,5578,5579,5580,5581,5582,5583,5584,5585,5586,5587,5588,5589,5590,5591,5592,5593,5594,5595,5596,5597,5598,5599,5600,5601,5602,5603,5604,5605,5606,5607,5608,5609,5610,5611,5612,5613,5614,5615,5616
TARGETV: 5570,5572,5574,5579,5580,5581,5582,5584,5588,5589,5605,5610,5611,5612,5615,5616
GAMMA: 5569:0,5570:0,5571:0,5572:0,5573:0,5574:0,5575:0,5576:0,5577:0,5578:0,5579:0,5580:0,5581:0,5582:1,5583:1,5584:1,5585:1,5586:0,5587:0,5588:0,5589:0,5590:1,5591:1,5592:0,5593:0,5594:1,5595:1,5596:0,5597:0,5598:1,5599:1,5600:0,5601:0,5602:1,5603:1,5604:0,5605:1,5606:1,5607:1,5608:1,5609:1,5610:1,5611:1,5612:1,5613:1,5614:1,5615:1,5616:1
BEGINACTIONS
CNOT13_12 Instruction.CNOT 12 13
CNOT13_14 Instruction.CNOT 14 13
MEAS13 Instruction.MEAS None 13
X12 Instruction.X None 12
ENDACTIONS
5569 INIT_ 5570 0.250000
5569 INIT_ 5571 0.250000
5569 INIT_ 5572 0.250000
5569 INIT_ 5573 0.250000
5569 CNOT13_12 5569 0.985572
5569 CNOT13_12 5596 0.004809
5569 CNOT13_12 5597 0.004809
5569 CNOT13_12 5604 0.004809
5569 CNOT13_14 5569 0.983356
5569 CNOT13_14 5600 0.005548
5569 CNOT13_14 5593 0.005548
5569 CNOT13_14 5604 0.005548
5569 MEAS13 5569 0.940600
5569 MEAS13 5590 0.059400
5569 X12 5597 0.999296
5569 X12 5569 0.000704
5570 CNOT13_12 5574 0.983167
5570 CNOT13_12 5575 0.002405
5570 CNOT13_12 5576 0.002405
5570 CNOT13_12 5577 0.002405
5570 CNOT13_12 5578 0.002405
5570 CNOT13_12 5579 0.002405
5570 CNOT13_12 5580 0.002405
5570 CNOT13_12 5581 0.002405
5570 CNOT13_14 5574 0.980582
5570 CNOT13_14 5578 0.002774
5570 CNOT13_14 5577 0.002774
5570 CNOT13_14 5576 0.002774
5570 CNOT13_14 5575 0.002774
5570 CNOT13_14 5579 0.002774
5570 CNOT13_14 5580 0.002774
5570 CNOT13_14 5581 0.002774
5570 MEAS13 5570 0.940600
5570 MEAS13 5582 0.059400
5570 X12 5571 0.998944
5570 X12 5570 0.000352
5570 X12 5572 0.000352
5570 X12 5573 0.000352
5571 CNOT13_12 5575 0.983167
5571 CNOT13_12 5574 0.002405
5571 CNOT13_12 5581 0.002405
5571 CNOT13_12 5579 0.002405
5571 CNOT13_12 5580 0.002405
5571 CNOT13_12 5577 0.002405
5571 CNOT13_12 5578 0.002405
5571 CNOT13_12 5576 0.002405
5571 CNOT13_14 5578 0.980582
5571 CNOT13_14 5574 0.002774
5571 CNOT13_14 5581 0.002774
5571 CNOT13_14 5579 0.002774
5571 CNOT13_14 5580 0.002774
5571 CNOT13_14 5576 0.002774
5571 CNOT13_14 5575 0.002774
5571 CNOT13_14 5577 0.002774
5571 MEAS13 5571 0.940600
5571 MEAS13 5583 0.059400
5571 X12 5570 0.998944
5571 X12 5571 0.000352
5571 X12 5573 0.000352
5571 X12 5572 0.000352
5572 CNOT13_12 5581 0.983167
5572 CNOT13_12 5576 0.002405
5572 CNOT13_12 5575 0.002405
5572 CNOT13_12 5578 0.002405
5572 CNOT13_12 5577 0.002405
5572 CNOT13_12 5580 0.002405
5572 CNOT13_12 5579 0.002405
5572 CNOT13_12 5574 0.002405
5572 CNOT13_14 5581 0.980582
5572 CNOT13_14 5577 0.002774
5572 CNOT13_14 5578 0.002774
5572 CNOT13_14 5575 0.002774
5572 CNOT13_14 5576 0.002774
5572 CNOT13_14 5580 0.002774
5572 CNOT13_14 5579 0.002774
5572 CNOT13_14 5574 0.002774
5572 MEAS13 5572 0.940600
5572 MEAS13 5584 0.059400
5572 X12 5573 0.998944
5572 X12 5572 0.000352
5572 X12 5570 0.000352
5572 X12 5571 0.000352
5573 CNOT13_12 5576 0.983167
5573 CNOT13_12 5581 0.002405
5573 CNOT13_12 5574 0.002405
5573 CNOT13_12 5580 0.002405
5573 CNOT13_12 5579 0.002405
5573 CNOT13_12 5578 0.002405
5573 CNOT13_12 5577 0.002405
5573 CNOT13_12 5575 0.002405
5573 CNOT13_14 5577 0.980582
5573 CNOT13_14 5581 0.002774
5573 CNOT13_14 5574 0.002774
5573 CNOT13_14 5580 0.002774
5573 CNOT13_14 5579 0.002774
5573 CNOT13_14 5575 0.002774
5573 CNOT13_14 5576 0.002774
5573 CNOT13_14 5578 0.002774
5573 MEAS13 5573 0.940600
5573 MEAS13 5585 0.059400
5573 X12 5572 0.998944
5573 X12 5573 0.000352
5573 X12 5571 0.000352
5573 X12 5570 0.000352
5574 CNOT13_12 5570 0.983167
5574 CNOT13_12 5586 0.002405
5574 CNOT13_12 5571 0.002405
5574 CNOT13_12 5587 0.002405
5574 CNOT13_12 5573 0.002405
5574 CNOT13_12 5588 0.002405
5574 CNOT13_12 5572 0.002405
5574 CNOT13_12 5589 0.002405
5574 CNOT13_14 5570 0.980582
5574 CNOT13_14 5586 0.002774
5574 CNOT13_14 5571 0.002774
5574 CNOT13_14 5587 0.002774
5574 CNOT13_14 5573 0.002774
5574 CNOT13_14 5588 0.002774
5574 CNOT13_14 5572 0.002774
5574 CNOT13_14 5589 0.002774
5574 MEAS13 5569 0.470300
5574 MEAS13 5590 0.029700
5574 MEAS13 5591 0.446800
5574 MEAS13 5592 0.053200
5574 X12 5578 0.998944
5574 X12 5574 0.000352
5574 X12 5581 0.000352
5574 X12 5577 0.000352
5575 CNOT13_12 5571 0.983167
5575 CNOT13_12 5589 0.002405
5575 CNOT13_12 5570 0.002405
5575 CNOT13_12 5588 0.002405
5575 CNOT13_12 5572 0.002405
5575 CNOT13_12 5587 0.002405
5575 CNOT13_12 5573 0.002405
5575 CNOT13_12 5586 0.002405
5575 CNOT13_14 5586 0.980582
5575 CNOT13_14 5570 0.002774
5575 CNOT13_14 5589 0.002774
5575 CNOT13_14 5572 0.002774
5575 CNOT13_14 5588 0.002774
5575 CNOT13_14 5573 0.002774
5575 CNOT13_14 5587 0.002774
5575 CNOT13_14 5571 0.002774
5575 MEAS13 5593 0.470300
5575 MEAS13 5594 0.029700
5575 MEAS13 5595 0.446800
5575 MEAS13 5596 0.053200
5575 X12 5580 0.998944
5575 X12 5575 0.000352
5575 X12 5576 0.000352
5575 X12 5579 0.000352
5576 CNOT13_12 5573 0.983167
5576 CNOT13_12 5588 0.002405
5576 CNOT13_12 5572 0.002405
5576 CNOT13_12 5589 0.002405
5576 CNOT13_12 5570 0.002405
5576 CNOT13_12 5586 0.002405
5576 CNOT13_12 5571 0.002405
5576 CNOT13_12 5587 0.002405
5576 CNOT13_14 5587 0.980582
5576 CNOT13_14 5572 0.002774
5576 CNOT13_14 5588 0.002774
5576 CNOT13_14 5570 0.002774
5576 CNOT13_14 5589 0.002774
5576 CNOT13_14 5571 0.002774
5576 CNOT13_14 5586 0.002774
5576 CNOT13_14 5573 0.002774
5576 MEAS13 5593 0.470300
5576 MEAS13 5594 0.029700
5576 MEAS13 5595 0.446800
5576 MEAS13 5596 0.053200
5576 X12 5579 0.998944
5576 X12 5576 0.000352
5576 X12 5575 0.000352
5576 X12 5580 0.000352
5577 CNOT13_12 5587 0.983167
5577 CNOT13_12 5572 0.002405
5577 CNOT13_12 5588 0.002405
5577 CNOT13_12 5570 0.002405
5577 CNOT13_12 5589 0.002405
5577 CNOT13_12 5571 0.002405
5577 CNOT13_12 5586 0.002405
5577 CNOT13_12 5573 0.002405
5577 CNOT13_14 5573 0.980582
5577 CNOT13_14 5588 0.002774
5577 CNOT13_14 5572 0.002774
5577 CNOT13_14 5589 0.002774
5577 CNOT13_14 5570 0.002774
5577 CNOT13_14 5586 0.002774
5577 CNOT13_14 5571 0.002774
5577 CNOT13_14 5587 0.002774
5577 MEAS13 5597 0.470300
5577 MEAS13 5598 0.029700
5577 MEAS13 5599 0.446800
5577 MEAS13 5600 0.053200
5577 X12 5581 0.998944
5577 X12 5577 0.000352
5577 X12 5578 0.000352
5577 X12 5574 0.000352
5578 CNOT13_12 5586 0.983167
5578 CNOT13_12 5570 0.002405
5578 CNOT13_12 5589 0.002405
5578 CNOT13_12 5572 0.002405
5578 CNOT13_12 5588 0.002405
5578 CNOT13_12 5573 0.002405
5578 CNOT13_12 5587 0.002405
5578 CNOT13_12 5571 0.002405
5578 CNOT13_14 5571 0.980582
5578 CNOT13_14 5589 0.002774
5578 CNOT13_14 5570 0.002774
5578 CNOT13_14 5588 0.002774
5578 CNOT13_14 5572 0.002774
5578 CNOT13_14 5587 0.002774
5578 CNOT13_14 5573 0.002774
5578 CNOT13_14 5586 0.002774
5578 MEAS13 5597 0.470300
5578 MEAS13 5598 0.029700
5578 MEAS13 5599 0.446800
5578 MEAS13 5600 0.053200
5578 X12 5574 0.998944
5578 X12 5578 0.000352
5578 X12 5577 0.000352
5578 X12 5581 0.000352
5579 CNOT13_12 5588 0.983167
5579 CNOT13_12 5573 0.002405
5579 CNOT13_12 5587 0.002405
5579 CNOT13_12 5571 0.002405
5579 CNOT13_12 5586 0.002405
5579 CNOT13_12 5570 0.002405
5579 CNOT13_12 5589 0.002405
5579 CNOT13_12 5572 0.002405
5579 CNOT13_14 5588 0.980582
5579 CNOT13_14 5573 0.002774
5579 CNOT13_14 5587 0.002774
5579 CNOT13_14 5571 0.002774
5579 CNOT13_14 5586 0.002774
5579 CNOT13_14 5570 0.002774
5579 CNOT13_14 5589 0.002774
5579 CNOT13_14 5572 0.002774
5579 MEAS13 5601 0.470300
5579 MEAS13 5602 0.029700
5579 MEAS13 5603 0.446800
5579 MEAS13 5604 0.053200
5579 X12 5576 0.998944
5579 X12 5579 0.000352
5579 X12 5580 0.000352
5579 X12 5575 0.000352
5580 CNOT13_12 5589 0.983167
5580 CNOT13_12 5571 0.002405
5580 CNOT13_12 5586 0.002405
5580 CNOT13_12 5573 0.002405
5580 CNOT13_12 5587 0.002405
5580 CNOT13_12 5572 0.002405
5580 CNOT13_12 5588 0.002405
5580 CNOT13_12 5570 0.002405
5580 CNOT13_14 5589 0.980582
5580 CNOT13_14 5571 0.002774
5580 CNOT13_14 5586 0.002774
5580 CNOT13_14 5573 0.002774
5580 CNOT13_14 5587 0.002774
5580 CNOT13_14 5572 0.002774
5580 CNOT13_14 5588 0.002774
5580 CNOT13_14 5570 0.002774
5580 MEAS13 5601 0.470300
5580 MEAS13 5602 0.029700
5580 MEAS13 5603 0.446800
5580 MEAS13 5604 0.053200
5580 X12 5575 0.998944
5580 X12 5580 0.000352
5580 X12 5579 0.000352
5580 X12 5576 0.000352
5581 CNOT13_12 5572 0.983167
5581 CNOT13_12 5587 0.002405
5581 CNOT13_12 5573 0.002405
5581 CNOT13_12 5586 0.002405
5581 CNOT13_12 5571 0.002405
5581 CNOT13_12 5589 0.002405
5581 CNOT13_12 5570 0.002405
5581 CNOT13_12 5588 0.002405
5581 CNOT13_14 5572 0.980582
5581 CNOT13_14 5587 0.002774
5581 CNOT13_14 5573 0.002774
5581 CNOT13_14 5586 0.002774
5581 CNOT13_14 5571 0.002774
5581 CNOT13_14 5589 0.002774
5581 CNOT13_14 5570 0.002774
5581 CNOT13_14 5588 0.002774
5581 MEAS13 5569 0.470300
5581 MEAS13 5590 0.029700
5581 MEAS13 5591 0.446800
5581 MEAS13 5592 0.053200
5581 X12 5577 0.998944
5581 X12 5581 0.000352
5581 X12 5574 0.000352
5581 X12 5578 0.000352
5582 CNOT13_12 5605 0.983167
5582 CNOT13_12 5606 0.002405
5582 CNOT13_12 5607 0.002405
5582 CNOT13_12 5608 0.002405
5582 CNOT13_12 5609 0.002405
5582 CNOT13_12 5610 0.002405
5582 CNOT13_12 5611 0.002405
5582 CNOT13_12 5612 0.002405
5582 CNOT13_14 5605 0.980582
5582 CNOT13_14 5609 0.002774
5582 CNOT13_14 5608 0.002774
5582 CNOT13_14 5607 0.002774
5582 CNOT13_14 5606 0.002774
5582 CNOT13_14 5610 0.002774
5582 CNOT13_14 5611 0.002774
5582 CNOT13_14 5612 0.002774
5582 MEAS13 5570 0.940600
5582 MEAS13 5582 0.059400
5582 X12 5583 0.998944
5582 X12 5582 0.000352
5582 X12 5584 0.000352
5582 X12 5585 0.000352
5583 CNOT13_12 5606 0.983167
5583 CNOT13_12 5605 0.002405
5583 CNOT13_12 5612 0.002405
5583 CNOT13_12 5610 0.002405
5583 CNOT13_12 5611 0.002405
5583 CNOT13_12 5608 0.002405
5583 CNOT13_12 5609 0.002405
5583 CNOT13_12 5607 0.002405
5583 CNOT13_14 5609 0.980582
5583 CNOT13_14 5605 0.002774
5583 CNOT13_14 5612 0.002774
5583 CNOT13_14 5610 0.002774
5583 CNOT13_14 5611 0.002774
5583 CNOT13_14 5607 0.002774
5583 CNOT13_14 5606 0.002774
5583 CNOT13_14 5608 0.002774
5583 MEAS13 5571 0.940600
5583 MEAS13 5583 0.059400
5583 X12 5582 0.998944
5583 X12 5583 0.000352
5583 X12 5585 0.000352
5583 X12 5584 0.000352
5584 CNOT13_12 5612 0.983167
5584 CNOT13_12 5607 0.002405
5584 CNOT13_12 5606 0.002405
5584 CNOT13_12 5609 0.002405
5584 CNOT13_12 5608 0.002405
5584 CNOT13_12 5611 0.002405
5584 CNOT13_12 5610 0.002405
5584 CNOT13_12 5605 0.002405
5584 CNOT13_14 5612 0.980582
5584 CNOT13_14 5608 0.002774
5584 CNOT13_14 5609 0.002774
5584 CNOT13_14 5606 0.002774
5584 CNOT13_14 5607 0.002774
5584 CNOT13_14 5611 0.002774
5584 CNOT13_14 5610 0.002774
5584 CNOT13_14 5605 0.002774
5584 MEAS13 5572 0.940600
5584 MEAS13 5584 0.059400
5584 X12 5585 0.998944
5584 X12 5584 0.000352
5584 X12 5582 0.000352
5584 X12 5583 0.000352
5585 CNOT13_12 5607 0.983167
5585 CNOT13_12 5612 0.002405
5585 CNOT13_12 5605 0.002405
5585 CNOT13_12 5611 0.002405
5585 CNOT13_12 5610 0.002405
5585 CNOT13_12 5609 0.002405
5585 CNOT13_12 5608 0.002405
5585 CNOT13_12 5606 0.002405
5585 CNOT13_14 5608 0.980582
5585 CNOT13_14 5612 0.002774
5585 CNOT13_14 5605 0.002774
5585 CNOT13_14 5611 0.002774
5585 CNOT13_14 5610 0.002774
5585 CNOT13_14 5606 0.002774
5585 CNOT13_14 5607 0.002774
5585 CNOT13_14 5609 0.002774
5585 MEAS13 5573 0.940600
5585 MEAS13 5585 0.059400
5585 X12 5584 0.998944
5585 X12 5585 0.000352
5585 X12 5583 0.000352
5585 X12 5582 0.000352
5586 CNOT13_12 5578 0.983167
5586 CNOT13_12 5580 0.002405
5586 CNOT13_12 5579 0.002405
5586 CNOT13_12 5581 0.002405
5586 CNOT13_12 5574 0.002405
5586 CNOT13_12 5576 0.002405
5586 CNOT13_12 5575 0.002405
5586 CNOT13_12 5577 0.002405
5586 CNOT13_14 5575 0.980582
5586 CNOT13_14 5580 0.002774
5586 CNOT13_14 5579 0.002774
5586 CNOT13_14 5581 0.002774
5586 CNOT13_14 5574 0.002774
5586 CNOT13_14 5577 0.002774
5586 CNOT13_14 5578 0.002774
5586 CNOT13_14 5576 0.002774
5586 MEAS13 5613 0.893600
5586 MEAS13 5586 0.106400
5586 X12 5589 0.998944
5586 X12 5586 0.000352
5586 X12 5587 0.000352
5586 X12 5588 0.000352
5587 CNOT13_12 5577 0.983167
5587 CNOT13_12 5579 0.002405
5587 CNOT13_12 5580 0.002405
5587 CNOT13_12 5574 0.002405
5587 CNOT13_12 5581 0.002405
5587 CNOT13_12 5575 0.002405
5587 CNOT13_12 5576 0.002405
5587 CNOT13_12 5578 0.002405
5587 CNOT13_14 5576 0.980582
5587 CNOT13_14 5579 0.002774
5587 CNOT13_14 5580 0.002774
5587 CNOT13_14 5574 0.002774
5587 CNOT13_14 5581 0.002774
5587 CNOT13_14 5578 0.002774
5587 CNOT13_14 5577 0.002774
5587 CNOT13_14 5575 0.002774
5587 MEAS13 5614 0.893600
5587 MEAS13 5587 0.106400
5587 X12 5588 0.998944
5587 X12 5587 0.000352
5587 X12 5586 0.000352
5587 X12 5589 0.000352
5588 CNOT13_12 5579 0.983167
5588 CNOT13_12 5577 0.002405
5588 CNOT13_12 5578 0.002405
5588 CNOT13_12 5575 0.002405
5588 CNOT13_12 5576 0.002405
5588 CNOT13_12 5574 0.002405
5588 CNOT13_12 5581 0.002405
5588 CNOT13_12 5580 0.002405
5588 CNOT13_14 5579 0.980582
5588 CNOT13_14 5576 0.002774
5588 CNOT13_14 5575 0.002774
5588 CNOT13_14 5578 0.002774
5588 CNOT13_14 5577 0.002774
5588 CNOT13_14 5574 0.002774
5588 CNOT13_14 5581 0.002774
5588 CNOT13_14 5580 0.002774
5588 MEAS13 5615 0.893600
5588 MEAS13 5588 0.106400
5588 X12 5587 0.998944
5588 X12 5588 0.000352
5588 X12 5589 0.000352
5588 X12 5586 0.000352
5589 CNOT13_12 5580 0.983167
5589 CNOT13_12 5578 0.002405
5589 CNOT13_12 5577 0.002405
5589 CNOT13_12 5576 0.002405
5589 CNOT13_12 5575 0.002405
5589 CNOT13_12 5581 0.002405
5589 CNOT13_12 5574 0.002405
5589 CNOT13_12 5579 0.002405
5589 CNOT13_14 5580 0.980582
5589 CNOT13_14 5575 0.002774
5589 CNOT13_14 5576 0.002774
5589 CNOT13_14 5577 0.002774
5589 CNOT13_14 5578 0.002774
5589 CNOT13_14 5581 0.002774
5589 CNOT13_14 5574 0.002774
5589 CNOT13_14 5579 0.002774
5589 MEAS13 5616 0.893600
5589 MEAS13 5589 0.106400
5589 X12 5586 0.998944
5589 X12 5589 0.000352
5589 X12 5588 0.000352
5589 X12 5587 0.000352
5590 CNOT13_12 5590 0.985572
5590 CNOT13_12 5595 0.004809
5590 CNOT13_12 5598 0.004809
5590 CNOT13_12 5603 0.004809
5590 CNOT13_14 5590 0.983356
5590 CNOT13_14 5599 0.005548
5590 CNOT13_14 5594 0.005548
5590 CNOT13_14 5603 0.005548
5590 MEAS13 5569 0.940600
5590 MEAS13 5590 0.059400
5590 X12 5598 0.999296
5590 X12 5590 0.000704
5591 CNOT13_12 5602 0.985572
5591 CNOT13_12 5599 0.004809
5591 CNOT13_12 5594 0.004809
5591 CNOT13_12 5591 0.004809
5591 CNOT13_14 5602 0.983356
5591 CNOT13_14 5595 0.005548
5591 CNOT13_14 5598 0.005548
5591 CNOT13_14 5591 0.005548
5591 MEAS13 5591 0.893600
5591 MEAS13 5592 0.106400
5591 X12 5599 0.999296
5591 X12 5591 0.000704
5592 CNOT13_12 5601 0.985572
5592 CNOT13_12 5600 0.004809
5592 CNOT13_12 5593 0.004809
5592 CNOT13_12 5592 0.004809
5592 CNOT13_14 5601 0.983356
5592 CNOT13_14 5596 0.005548
5592 CNOT13_14 5597 0.005548
5592 CNOT13_14 5592 0.005548
5592 MEAS13 5591 0.893600
5592 MEAS13 5592 0.106400
5592 X12 5600 0.999296
5592 X12 5592 0.000704
5593 CNOT13_12 5593 0.985572
5593 CNOT13_12 5592 0.004809
5593 CNOT13_12 5601 0.004809
5593 CNOT13_12 5600 0.004809
5593 CNOT13_14 5600 0.983356
5593 CNOT13_14 5569 0.005548
5593 CNOT13_14 5604 0.005548
5593 CNOT13_14 5593 0.005548
5593 MEAS13 5593 0.940600
5593 MEAS13 5594 0.059400
5593 X12 5601 0.999296
5593 X12 5593 0.000704
5594 CNOT13_12 5594 0.985572
5594 CNOT13_12 5591 0.004809
5594 CNOT13_12 5602 0.004809
5594 CNOT13_12 5599 0.004809
5594 CNOT13_14 5599 0.983356
5594 CNOT13_14 5590 0.005548
5594 CNOT13_14 5603 0.005548
5594 CNOT13_14 5594 0.005548
5594 MEAS13 5593 0.940600
5594 MEAS13 5594 0.059400
5594 X12 5602 0.999296
5594 X12 5594 0.000704
5595 CNOT13_12 5598 0.985572
5595 CNOT13_12 5603 0.004809
5595 CNOT13_12 5590 0.004809
5595 CNOT13_12 5595 0.004809
5595 CNOT13_14 5595 0.983356
5595 CNOT13_14 5602 0.005548
5595 CNOT13_14 5591 0.005548
5595 CNOT13_14 5598 0.005548
5595 MEAS13 5595 0.893600
5595 MEAS13 5596 0.106400
5595 X12 5603 0.999296
5595 X12 5595 0.000704
5596 CNOT13_12 5597 0.985572
5596 CNOT13_12 5604 0.004809
5596 CNOT13_12 5569 0.004809
5596 CNOT13_12 5596 0.004809
5596 CNOT13_14 5596 0.983356
5596 CNOT13_14 5601 0.005548
5596 CNOT13_14 5592 0.005548
5596 CNOT13_14 5597 0.005548
5596 MEAS13 5595 0.893600
5596 MEAS13 5596 0.106400
5596 X12 5604 0.999296
5596 X12 5596 0.000704
5597 CNOT13_12 5596 0.985572
5597 CNOT13_12 5569 0.004809
5597 CNOT13_12 5604 0.004809
5597 CNOT13_12 5597 0.004809
5597 CNOT13_14 5597 0.983356
5597 CNOT13_14 5592 0.005548
5597 CNOT13_14 5601 0.005548
5597 CNOT13_14 5596 0.005548
5597 MEAS13 5597 0.940600
5597 MEAS13 5598 0.059400
5597 X12 5569 0.999296
5597 X12 5597 0.000704
5598 CNOT13_12 5595 0.985572
5598 CNOT13_12 5590 0.004809
5598 CNOT13_12 5603 0.004809
5598 CNOT13_12 5598 0.004809
5598 CNOT13_14 5598 0.983356
5598 CNOT13_14 5591 0.005548
5598 CNOT13_14 5602 0.005548
5598 CNOT13_14 5595 0.005548
5598 MEAS13 5597 0.940600
5598 MEAS13 5598 0.059400
5598 X12 5590 0.999296
5598 X12 5598 0.000704
5599 CNOT13_12 5599 0.985572
5599 CNOT13_12 5602 0.004809
5599 CNOT13_12 5591 0.004809
5599 CNOT13_12 5594 0.004809
5599 CNOT13_14 5594 0.983356
5599 CNOT13_14 5603 0.005548
5599 CNOT13_14 5590 0.005548
5599 CNOT13_14 5599 0.005548
5599 MEAS13 5599 0.893600
5599 MEAS13 5600 0.106400
5599 X12 5591 0.999296
5599 X12 5599 0.000704
5600 CNOT13_12 5600 0.985572
5600 CNOT13_12 5601 0.004809
5600 CNOT13_12 5592 0.004809
5600 CNOT13_12 5593 0.004809
5600 CNOT13_14 5593 0.983356
5600 CNOT13_14 5604 0.005548
5600 CNOT13_14 5569 0.005548
5600 CNOT13_14 5600 0.005548
5600 MEAS13 5599 0.893600
5600 MEAS13 5600 0.106400
5600 X12 5592 0.999296
5600 X12 5600 0.000704
5601 CNOT13_12 5592 0.985572
5601 CNOT13_12 5593 0.004809
5601 CNOT13_12 5600 0.004809
5601 CNOT13_12 5601 0.004809
5601 CNOT13_14 5592 0.983356
5601 CNOT13_14 5597 0.005548
5601 CNOT13_14 5596 0.005548
5601 CNOT13_14 5601 0.005548
5601 MEAS13 5601 0.940600
5601 MEAS13 5602 0.059400
5601 X12 5593 0.999296
5601 X12 5601 0.000704
5602 CNOT13_12 5591 0.985572
5602 CNOT13_12 5594 0.004809
5602 CNOT13_12 5599 0.004809
5602 CNOT13_12 5602 0.004809
5602 CNOT13_14 5591 0.983356
5602 CNOT13_14 5598 0.005548
5602 CNOT13_14 5595 0.005548
5602 CNOT13_14 5602 0.005548
5602 MEAS13 5601 0.940600
5602 MEAS13 5602 0.059400
5602 X12 5594 0.999296
5602 X12 5602 0.000704
5603 CNOT13_12 5603 0.985572
5603 CNOT13_12 5598 0.004809
5603 CNOT13_12 5595 0.004809
5603 CNOT13_12 5590 0.004809
5603 CNOT13_14 5603 0.983356
5603 CNOT13_14 5594 0.005548
5603 CNOT13_14 5599 0.005548
5603 CNOT13_14 5590 0.005548
5603 MEAS13 5603 0.893600
5603 MEAS13 5604 0.106400
5603 X12 5595 0.999296
5603 X12 5603 0.000704
5604 CNOT13_12 5604 0.985572
5604 CNOT13_12 5597 0.004809
5604 CNOT13_12 5596 0.004809
5604 CNOT13_12 5569 0.004809
5604 CNOT13_14 5604 0.983356
5604 CNOT13_14 5593 0.005548
5604 CNOT13_14 5600 0.005548
5604 CNOT13_14 5569 0.005548
5604 MEAS13 5603 0.893600
5604 MEAS13 5604 0.106400
5604 X12 5596 0.999296
5604 X12 5604 0.000704
5605 CNOT13_12 5582 0.983167
5605 CNOT13_12 5613 0.002405
5605 CNOT13_12 5583 0.002405
5605 CNOT13_12 5614 0.002405
5605 CNOT13_12 5585 0.002405
5605 CNOT13_12 5615 0.002405
5605 CNOT13_12 5584 0.002405
5605 CNOT13_12 5616 0.002405
5605 CNOT13_14 5582 0.980582
5605 CNOT13_14 5613 0.002774
5605 CNOT13_14 5583 0.002774
5605 CNOT13_14 5614 0.002774
5605 CNOT13_14 5585 0.002774
5605 CNOT13_14 5615 0.002774
5605 CNOT13_14 5584 0.002774
5605 CNOT13_14 5616 0.002774
5605 MEAS13 5569 0.470300
5605 MEAS13 5590 0.029700
5605 MEAS13 5591 0.446800
5605 MEAS13 5592 0.053200
5605 X12 5609 0.998944
5605 X12 5605 0.000352
5605 X12 5612 0.000352
5605 X12 5608 0.000352
5606 CNOT13_12 5583 0.983167
5606 CNOT13_12 5616 0.002405
5606 CNOT13_12 5582 0.002405
5606 CNOT13_12 5615 0.002405
5606 CNOT13_12 5584 0.002405
5606 CNOT13_12 5614 0.002405
5606 CNOT13_12 5585 0.002405
5606 CNOT13_12 5613 0.002405
5606 CNOT13_14 5613 0.980582
5606 CNOT13_14 5582 0.002774
5606 CNOT13_14 5616 0.002774
5606 CNOT13_14 5584 0.002774
5606 CNOT13_14 5615 0.002774
5606 CNOT13_14 5585 0.002774
5606 CNOT13_14 5614 0.002774
5606 CNOT13_14 5583 0.002774
5606 MEAS13 5593 0.470300
5606 MEAS13 5594 0.029700
5606 MEAS13 5595 0.446800
5606 MEAS13 5596 0.053200
5606 X12 5611 0.998944
5606 X12 5606 0.000352
5606 X12 5607 0.000352
5606 X12 5610 0.000352
5607 CNOT13_12 5585 0.983167
5607 CNOT13_12 5615 0.002405
5607 CNOT13_12 5584 0.002405
5607 CNOT13_12 5616 0.002405
5607 CNOT13_12 5582 0.002405
5607 CNOT13_12 5613 0.002405
5607 CNOT13_12 5583 0.002405
5607 CNOT13_12 5614 0.002405
5607 CNOT13_14 5614 0.980582
5607 CNOT13_14 5584 0.002774
5607 CNOT13_14 5615 0.002774
5607 CNOT13_14 5582 0.002774
5607 CNOT13_14 5616 0.002774
5607 CNOT13_14 5583 0.002774
5607 CNOT13_14 5613 0.002774
5607 CNOT13_14 5585 0.002774
5607 MEAS13 5593 0.470300
5607 MEAS13 5594 0.029700
5607 MEAS13 5595 0.446800
5607 MEAS13 5596 0.053200
5607 X12 5610 0.998944
5607 X12 5607 0.000352
5607 X12 5606 0.000352
5607 X12 5611 0.000352
5608 CNOT13_12 5614 0.983167
5608 CNOT13_12 5584 0.002405
5608 CNOT13_12 5615 0.002405
5608 CNOT13_12 5582 0.002405
5608 CNOT13_12 5616 0.002405
5608 CNOT13_12 5583 0.002405
5608 CNOT13_12 5613 0.002405
5608 CNOT13_12 5585 0.002405
5608 CNOT13_14 5585 0.980582
5608 CNOT13_14 5615 0.002774
5608 CNOT13_14 5584 0.002774
5608 CNOT13_14 5616 0.002774
5608 CNOT13_14 5582 0.002774
5608 CNOT13_14 5613 0.002774
5608 CNOT13_14 5583 0.002774
5608 CNOT13_14 5614 0.002774
5608 MEAS13 5597 0.470300
5608 MEAS13 5598 0.029700
5608 MEAS13 5599 0.446800
5608 MEAS13 5600 0.053200
5608 X12 5612 0.998944
5608 X12 5608 0.000352
5608 X12 5609 0.000352
5608 X12 5605 0.000352
5609 CNOT13_12 5613 0.983167
5609 CNOT13_12 5582 0.002405
5609 CNOT13_12 5616 0.002405
5609 CNOT13_12 5584 0.002405
5609 CNOT13_12 5615 0.002405
5609 CNOT13_12 5585 0.002405
5609 CNOT13_12 5614 0.002405
5609 CNOT13_12 5583 0.002405
5609 CNOT13_14 5583 0.980582
5609 CNOT13_14 5616 0.002774
5609 CNOT13_14 5582 0.002774
5609 CNOT13_14 5615 0.002774
5609 CNOT13_14 5584 0.002774
5609 CNOT13_14 5614 0.002774
5609 CNOT13_14 5585 0.002774
5609 CNOT13_14 5613 0.002774
5609 MEAS13 5597 0.470300
5609 MEAS13 5598 0.029700
5609 MEAS13 5599 0.446800
5609 MEAS13 5600 0.053200
5609 X12 5605 0.998944
5609 X12 5609 0.000352
5609 X12 5608 0.000352
5609 X12 5612 0.000352
5610 CNOT13_12 5615 0.983167
5610 CNOT13_12 5585 0.002405
5610 CNOT13_12 5614 0.002405
5610 CNOT13_12 5583 0.002405
5610 CNOT13_12 5613 0.002405
5610 CNOT13_12 5582 0.002405
5610 CNOT13_12 5616 0.002405
5610 CNOT13_12 5584 0.002405
5610 CNOT13_14 5615 0.980582
5610 CNOT13_14 5585 0.002774
5610 CNOT13_14 5614 0.002774
5610 CNOT13_14 5583 0.002774
5610 CNOT13_14 5613 0.002774
5610 CNOT13_14 5582 0.002774
5610 CNOT13_14 5616 0.002774
5610 CNOT13_14 5584 0.002774
5610 MEAS13 5601 0.470300
5610 MEAS13 5602 0.029700
5610 MEAS13 5603 0.446800
5610 MEAS13 5604 0.053200
5610 X12 5607 0.998944
5610 X12 5610 0.000352
5610 X12 5611 0.000352
5610 X12 5606 0.000352
5611 CNOT13_12 5616 0.983167
5611 CNOT13_12 5583 0.002405
5611 CNOT13_12 5613 0.002405
5611 CNOT13_12 5585 0.002405
5611 CNOT13_12 5614 0.002405
5611 CNOT13_12 5584 0.002405
5611 CNOT13_12 5615 0.002405
5611 CNOT13_12 5582 0.002405
5611 CNOT13_14 5616 0.980582
5611 CNOT13_14 5583 0.002774
5611 CNOT13_14 5613 0.002774
5611 CNOT13_14 5585 0.002774
5611 CNOT13_14 5614 0.002774
5611 CNOT13_14 5584 0.002774
5611 CNOT13_14 5615 0.002774
5611 CNOT13_14 5582 0.002774
5611 MEAS13 5601 0.470300
5611 MEAS13 5602 0.029700
5611 MEAS13 5603 0.446800
5611 MEAS13 5604 0.053200
5611 X12 5606 0.998944
5611 X12 5611 0.000352
5611 X12 5610 0.000352
5611 X12 5607 0.000352
5612 CNOT13_12 5584 0.983167
5612 CNOT13_12 5614 0.002405
5612 CNOT13_12 5585 0.002405
5612 CNOT13_12 5613 0.002405
5612 CNOT13_12 5583 0.002405
5612 CNOT13_12 5616 0.002405
5612 CNOT13_12 5582 0.002405
5612 CNOT13_12 5615 0.002405
5612 CNOT13_14 5584 0.980582
5612 CNOT13_14 5614 0.002774
5612 CNOT13_14 5585 0.002774
5612 CNOT13_14 5613 0.002774
5612 CNOT13_14 5583 0.002774
5612 CNOT13_14 5616 0.002774
5612 CNOT13_14 5582 0.002774
5612 CNOT13_14 5615 0.002774
5612 MEAS13 5569 0.470300
5612 MEAS13 5590 0.029700
5612 MEAS13 5591 0.446800
5612 MEAS13 5592 0.053200
5612 X12 5608 0.998944
5612 X12 5612 0.000352
5612 X12 5605 0.000352
5612 X12 5609 0.000352
5613 CNOT13_12 5609 0.983167
5613 CNOT13_12 5611 0.002405
5613 CNOT13_12 5610 0.002405
5613 CNOT13_12 5612 0.002405
5613 CNOT13_12 5605 0.002405
5613 CNOT13_12 5607 0.002405
5613 CNOT13_12 5606 0.002405
5613 CNOT13_12 5608 0.002405
5613 CNOT13_14 5606 0.980582
5613 CNOT13_14 5611 0.002774
5613 CNOT13_14 5610 0.002774
5613 CNOT13_14 5612 0.002774
5613 CNOT13_14 5605 0.002774
5613 CNOT13_14 5608 0.002774
5613 CNOT13_14 5609 0.002774
5613 CNOT13_14 5607 0.002774
5613 MEAS13 5613 0.893600
5613 MEAS13 5586 0.106400
5613 X12 5616 0.998944
5613 X12 5613 0.000352
5613 X12 5614 0.000352
5613 X12 5615 0.000352
5614 CNOT13_12 5608 0.983167
5614 CNOT13_12 5610 0.002405
5614 CNOT13_12 5611 0.002405
5614 CNOT13_12 5605 0.002405
5614 CNOT13_12 5612 0.002405
5614 CNOT13_12 5606 0.002405
5614 CNOT13_12 5607 0.002405
5614 CNOT13_12 5609 0.002405
5614 CNOT13_14 5607 0.980582
5614 CNOT13_14 5610 0.002774
5614 CNOT13_14 5611 0.002774
5614 CNOT13_14 5605 0.002774
5614 CNOT13_14 5612 0.002774
5614 CNOT13_14 5609 0.002774
5614 CNOT13_14 5608 0.002774
5614 CNOT13_14 5606 0.002774
5614 MEAS13 5614 0.893600
5614 MEAS13 5587 0.106400
5614 X12 5615 0.998944
5614 X12 5614 0.000352
5614 X12 5613 0.000352
5614 X12 5616 0.000352
5615 CNOT13_12 5610 0.983167
5615 CNOT13_12 5608 0.002405
5615 CNOT13_12 5609 0.002405
5615 CNOT13_12 5606 0.002405
5615 CNOT13_12 5607 0.002405
5615 CNOT13_12 5605 0.002405
5615 CNOT13_12 5612 0.002405
5615 CNOT13_12 5611 0.002405
5615 CNOT13_14 5610 0.980582
5615 CNOT13_14 5607 0.002774
5615 CNOT13_14 5606 0.002774
5615 CNOT13_14 5609 0.002774
5615 CNOT13_14 5608 0.002774
5615 CNOT13_14 5605 0.002774
5615 CNOT13_14 5612 0.002774
5615 CNOT13_14 5611 0.002774
5615 MEAS13 5615 0.893600
5615 MEAS13 5588 0.106400
5615 X12 5614 0.998944
5615 X12 5615 0.000352
5615 X12 5616 0.000352
5615 X12 5613 0.000352
5616 CNOT13_12 5611 0.983167
5616 CNOT13_12 5609 0.002405
5616 CNOT13_12 5608 0.002405
5616 CNOT13_12 5607 0.002405
5616 CNOT13_12 5606 0.002405
5616 CNOT13_12 5612 0.002405
5616 CNOT13_12 5605 0.002405
5616 CNOT13_12 5610 0.002405
5616 CNOT13_14 5611 0.980582
5616 CNOT13_14 5606 0.002774
5616 CNOT13_14 5607 0.002774
5616 CNOT13_14 5608 0.002774
5616 CNOT13_14 5609 0.002774
5616 CNOT13_14 5612 0.002774
5616 CNOT13_14 5605 0.002774
5616 CNOT13_14 5610 0.002774
5616 MEAS13 5616 0.893600
5616 MEAS13 5589 0.106400
5616 X12 5613 0.998944
5616 X12 5616 0.000352
5616 X12 5615 0.000352
5616 X12 5614 0.000352
ENDPOMDP
