BEGINPOMDP
INITIALSTATE: 9361
STATES: 9361,9362,9363,9364,9365,9366,9367,9368,9369,9370,9371,9372,9373,9374,9375,9376,9377,9378,9379,9380,9381,9382,9383,9384,9385,9386,9387,9388,9389,9390,9391,9392,9393,9394,9395,9396,9397,9398,9399,9400,9401,9402,9403,9404,9405,9406,9407,9408
TARGETV: 9362,9364,9366,9371,9372,9373,9374,9376,9380,9381,9397,9402,9403,9404,9407,9408
GAMMA: 9361:0,9362:0,9363:0,9364:0,9365:0,9366:0,9367:0,9368:0,9369:0,9370:0,9371:0,9372:0,9373:0,9374:1,9375:1,9376:1,9377:1,9378:0,9379:0,9380:0,9381:0,9382:1,9383:1,9384:0,9385:0,9386:1,9387:1,9388:0,9389:0,9390:1,9391:1,9392:0,9393:0,9394:1,9395:1,9396:0,9397:1,9398:1,9399:1,9400:1,9401:1,9402:1,9403:1,9404:1,9405:1,9406:1,9407:1,9408:1
BEGINACTIONS
CNOT26_27 Instruction.CNOT 27 26
CNOT26_25 Instruction.CNOT 25 26
MEAS26 Instruction.MEAS None 26
X27 Instruction.X None 27
ENDACTIONS
9361 INIT_ 9362 0.250000
9361 INIT_ 9363 0.250000
9361 INIT_ 9364 0.250000
9361 INIT_ 9365 0.250000
9361 CNOT26_27 9361 0.200000
9361 CNOT26_27 9388 0.266667
9361 CNOT26_27 9389 0.266667
9361 CNOT26_27 9396 0.266667
9361 CNOT26_25 9361 0.962934
9361 CNOT26_25 9392 0.012355
9361 CNOT26_25 9385 0.012355
9361 CNOT26_25 9396 0.012355
9361 MEAS26 9361 0.810000
9361 MEAS26 9382 0.190000
9361 X27 9389 0.998672
9361 X27 9361 0.001328
9362 CNOT26_27 9366 0.066667
9362 CNOT26_27 9367 0.133333
9362 CNOT26_27 9368 0.133333
9362 CNOT26_27 9369 0.133333
9362 CNOT26_27 9370 0.133333
9362 CNOT26_27 9371 0.133333
9362 CNOT26_27 9372 0.133333
9362 CNOT26_27 9373 0.133333
9362 CNOT26_25 9366 0.956756
9362 CNOT26_25 9370 0.006178
9362 CNOT26_25 9369 0.006178
9362 CNOT26_25 9368 0.006178
9362 CNOT26_25 9367 0.006178
9362 CNOT26_25 9371 0.006178
9362 CNOT26_25 9372 0.006178
9362 CNOT26_25 9373 0.006178
9362 MEAS26 9362 0.810000
9362 MEAS26 9374 0.190000
9362 X27 9363 0.998008
9362 X27 9362 0.000664
9362 X27 9364 0.000664
9362 X27 9365 0.000664
9363 CNOT26_27 9367 0.066667
9363 CNOT26_27 9366 0.133333
9363 CNOT26_27 9373 0.133333
9363 CNOT26_27 9371 0.133333
9363 CNOT26_27 9372 0.133333
9363 CNOT26_27 9369 0.133333
9363 CNOT26_27 9370 0.133333
9363 CNOT26_27 9368 0.133333
9363 CNOT26_25 9370 0.956756
9363 CNOT26_25 9366 0.006178
9363 CNOT26_25 9373 0.006178
9363 CNOT26_25 9371 0.006178
9363 CNOT26_25 9372 0.006178
9363 CNOT26_25 9368 0.006178
9363 CNOT26_25 9367 0.006178
9363 CNOT26_25 9369 0.006178
9363 MEAS26 9363 0.810000
9363 MEAS26 9375 0.190000
9363 X27 9362 0.998008
9363 X27 9363 0.000664
9363 X27 9365 0.000664
9363 X27 9364 0.000664
9364 CNOT26_27 9373 0.066667
9364 CNOT26_27 9368 0.133333
9364 CNOT26_27 9367 0.133333
9364 CNOT26_27 9370 0.133333
9364 CNOT26_27 9369 0.133333
9364 CNOT26_27 9372 0.133333
9364 CNOT26_27 9371 0.133333
9364 CNOT26_27 9366 0.133333
9364 CNOT26_25 9373 0.956756
9364 CNOT26_25 9369 0.006178
9364 CNOT26_25 9370 0.006178
9364 CNOT26_25 9367 0.006178
9364 CNOT26_25 9368 0.006178
9364 CNOT26_25 9372 0.006178
9364 CNOT26_25 9371 0.006178
9364 CNOT26_25 9366 0.006178
9364 MEAS26 9364 0.810000
9364 MEAS26 9376 0.190000
9364 X27 9365 0.998008
9364 X27 9364 0.000664
9364 X27 9362 0.000664
9364 X27 9363 0.000664
9365 CNOT26_27 9368 0.066667
9365 CNOT26_27 9373 0.133333
9365 CNOT26_27 9366 0.133333
9365 CNOT26_27 9372 0.133333
9365 CNOT26_27 9371 0.133333
9365 CNOT26_27 9370 0.133333
9365 CNOT26_27 9369 0.133333
9365 CNOT26_27 9367 0.133333
9365 CNOT26_25 9369 0.956756
9365 CNOT26_25 9373 0.006178
9365 CNOT26_25 9366 0.006178
9365 CNOT26_25 9372 0.006178
9365 CNOT26_25 9371 0.006178
9365 CNOT26_25 9367 0.006178
9365 CNOT26_25 9368 0.006178
9365 CNOT26_25 9370 0.006178
9365 MEAS26 9365 0.810000
9365 MEAS26 9377 0.190000
9365 X27 9364 0.998008
9365 X27 9365 0.000664
9365 X27 9363 0.000664
9365 X27 9362 0.000664
9366 CNOT26_27 9362 0.066667
9366 CNOT26_27 9378 0.133333
9366 CNOT26_27 9363 0.133333
9366 CNOT26_27 9379 0.133333
9366 CNOT26_27 9365 0.133333
9366 CNOT26_27 9380 0.133333
9366 CNOT26_27 9364 0.133333
9366 CNOT26_27 9381 0.133333
9366 CNOT26_25 9362 0.956756
9366 CNOT26_25 9378 0.006178
9366 CNOT26_25 9363 0.006178
9366 CNOT26_25 9379 0.006178
9366 CNOT26_25 9365 0.006178
9366 CNOT26_25 9380 0.006178
9366 CNOT26_25 9364 0.006178
9366 CNOT26_25 9381 0.006178
9366 MEAS26 9361 0.405000
9366 MEAS26 9382 0.095000
9366 MEAS26 9383 0.205000
9366 MEAS26 9384 0.295000
9366 X27 9370 0.998008
9366 X27 9366 0.000664
9366 X27 9373 0.000664
9366 X27 9369 0.000664
9367 CNOT26_27 9363 0.066667
9367 CNOT26_27 9381 0.133333
9367 CNOT26_27 9362 0.133333
9367 CNOT26_27 9380 0.133333
9367 CNOT26_27 9364 0.133333
9367 CNOT26_27 9379 0.133333
9367 CNOT26_27 9365 0.133333
9367 CNOT26_27 9378 0.133333
9367 CNOT26_25 9378 0.956756
9367 CNOT26_25 9362 0.006178
9367 CNOT26_25 9381 0.006178
9367 CNOT26_25 9364 0.006178
9367 CNOT26_25 9380 0.006178
9367 CNOT26_25 9365 0.006178
9367 CNOT26_25 9379 0.006178
9367 CNOT26_25 9363 0.006178
9367 MEAS26 9385 0.405000
9367 MEAS26 9386 0.095000
9367 MEAS26 9387 0.205000
9367 MEAS26 9388 0.295000
9367 X27 9372 0.998008
9367 X27 9367 0.000664
9367 X27 9368 0.000664
9367 X27 9371 0.000664
9368 CNOT26_27 9365 0.066667
9368 CNOT26_27 9380 0.133333
9368 CNOT26_27 9364 0.133333
9368 CNOT26_27 9381 0.133333
9368 CNOT26_27 9362 0.133333
9368 CNOT26_27 9378 0.133333
9368 CNOT26_27 9363 0.133333
9368 CNOT26_27 9379 0.133333
9368 CNOT26_25 9379 0.956756
9368 CNOT26_25 9364 0.006178
9368 CNOT26_25 9380 0.006178
9368 CNOT26_25 9362 0.006178
9368 CNOT26_25 9381 0.006178
9368 CNOT26_25 9363 0.006178
9368 CNOT26_25 9378 0.006178
9368 CNOT26_25 9365 0.006178
9368 MEAS26 9385 0.405000
9368 MEAS26 9386 0.095000
9368 MEAS26 9387 0.205000
9368 MEAS26 9388 0.295000
9368 X27 9371 0.998008
9368 X27 9368 0.000664
9368 X27 9367 0.000664
9368 X27 9372 0.000664
9369 CNOT26_27 9379 0.066667
9369 CNOT26_27 9364 0.133333
9369 CNOT26_27 9380 0.133333
9369 CNOT26_27 9362 0.133333
9369 CNOT26_27 9381 0.133333
9369 CNOT26_27 9363 0.133333
9369 CNOT26_27 9378 0.133333
9369 CNOT26_27 9365 0.133333
9369 CNOT26_25 9365 0.956756
9369 CNOT26_25 9380 0.006178
9369 CNOT26_25 9364 0.006178
9369 CNOT26_25 9381 0.006178
9369 CNOT26_25 9362 0.006178
9369 CNOT26_25 9378 0.006178
9369 CNOT26_25 9363 0.006178
9369 CNOT26_25 9379 0.006178
9369 MEAS26 9389 0.405000
9369 MEAS26 9390 0.095000
9369 MEAS26 9391 0.205000
9369 MEAS26 9392 0.295000
9369 X27 9373 0.998008
9369 X27 9369 0.000664
9369 X27 9370 0.000664
9369 X27 9366 0.000664
9370 CNOT26_27 9378 0.066667
9370 CNOT26_27 9362 0.133333
9370 CNOT26_27 9381 0.133333
9370 CNOT26_27 9364 0.133333
9370 CNOT26_27 9380 0.133333
9370 CNOT26_27 9365 0.133333
9370 CNOT26_27 9379 0.133333
9370 CNOT26_27 9363 0.133333
9370 CNOT26_25 9363 0.956756
9370 CNOT26_25 9381 0.006178
9370 CNOT26_25 9362 0.006178
9370 CNOT26_25 9380 0.006178
9370 CNOT26_25 9364 0.006178
9370 CNOT26_25 9379 0.006178
9370 CNOT26_25 9365 0.006178
9370 CNOT26_25 9378 0.006178
9370 MEAS26 9389 0.405000
9370 MEAS26 9390 0.095000
9370 MEAS26 9391 0.205000
9370 MEAS26 9392 0.295000
9370 X27 9366 0.998008
9370 X27 9370 0.000664
9370 X27 9369 0.000664
9370 X27 9373 0.000664
9371 CNOT26_27 9380 0.066667
9371 CNOT26_27 9365 0.133333
9371 CNOT26_27 9379 0.133333
9371 CNOT26_27 9363 0.133333
9371 CNOT26_27 9378 0.133333
9371 CNOT26_27 9362 0.133333
9371 CNOT26_27 9381 0.133333
9371 CNOT26_27 9364 0.133333
9371 CNOT26_25 9380 0.956756
9371 CNOT26_25 9365 0.006178
9371 CNOT26_25 9379 0.006178
9371 CNOT26_25 9363 0.006178
9371 CNOT26_25 9378 0.006178
9371 CNOT26_25 9362 0.006178
9371 CNOT26_25 9381 0.006178
9371 CNOT26_25 9364 0.006178
9371 MEAS26 9393 0.405000
9371 MEAS26 9394 0.095000
9371 MEAS26 9395 0.205000
9371 MEAS26 9396 0.295000
9371 X27 9368 0.998008
9371 X27 9371 0.000664
9371 X27 9372 0.000664
9371 X27 9367 0.000664
9372 CNOT26_27 9381 0.066667
9372 CNOT26_27 9363 0.133333
9372 CNOT26_27 9378 0.133333
9372 CNOT26_27 9365 0.133333
9372 CNOT26_27 9379 0.133333
9372 CNOT26_27 9364 0.133333
9372 CNOT26_27 9380 0.133333
9372 CNOT26_27 9362 0.133333
9372 CNOT26_25 9381 0.956756
9372 CNOT26_25 9363 0.006178
9372 CNOT26_25 9378 0.006178
9372 CNOT26_25 9365 0.006178
9372 CNOT26_25 9379 0.006178
9372 CNOT26_25 9364 0.006178
9372 CNOT26_25 9380 0.006178
9372 CNOT26_25 9362 0.006178
9372 MEAS26 9393 0.405000
9372 MEAS26 9394 0.095000
9372 MEAS26 9395 0.205000
9372 MEAS26 9396 0.295000
9372 X27 9367 0.998008
9372 X27 9372 0.000664
9372 X27 9371 0.000664
9372 X27 9368 0.000664
9373 CNOT26_27 9364 0.066667
9373 CNOT26_27 9379 0.133333
9373 CNOT26_27 9365 0.133333
9373 CNOT26_27 9378 0.133333
9373 CNOT26_27 9363 0.133333
9373 CNOT26_27 9381 0.133333
9373 CNOT26_27 9362 0.133333
9373 CNOT26_27 9380 0.133333
9373 CNOT26_25 9364 0.956756
9373 CNOT26_25 9379 0.006178
9373 CNOT26_25 9365 0.006178
9373 CNOT26_25 9378 0.006178
9373 CNOT26_25 9363 0.006178
9373 CNOT26_25 9381 0.006178
9373 CNOT26_25 9362 0.006178
9373 CNOT26_25 9380 0.006178
9373 MEAS26 9361 0.405000
9373 MEAS26 9382 0.095000
9373 MEAS26 9383 0.205000
9373 MEAS26 9384 0.295000
9373 X27 9369 0.998008
9373 X27 9373 0.000664
9373 X27 9366 0.000664
9373 X27 9370 0.000664
9374 CNOT26_27 9397 0.066667
9374 CNOT26_27 9398 0.133333
9374 CNOT26_27 9399 0.133333
9374 CNOT26_27 9400 0.133333
9374 CNOT26_27 9401 0.133333
9374 CNOT26_27 9402 0.133333
9374 CNOT26_27 9403 0.133333
9374 CNOT26_27 9404 0.133333
9374 CNOT26_25 9397 0.956756
9374 CNOT26_25 9401 0.006178
9374 CNOT26_25 9400 0.006178
9374 CNOT26_25 9399 0.006178
9374 CNOT26_25 9398 0.006178
9374 CNOT26_25 9402 0.006178
9374 CNOT26_25 9403 0.006178
9374 CNOT26_25 9404 0.006178
9374 MEAS26 9362 0.810000
9374 MEAS26 9374 0.190000
9374 X27 9375 0.998008
9374 X27 9374 0.000664
9374 X27 9376 0.000664
9374 X27 9377 0.000664
9375 CNOT26_27 9398 0.066667
9375 CNOT26_27 9397 0.133333
9375 CNOT26_27 9404 0.133333
9375 CNOT26_27 9402 0.133333
9375 CNOT26_27 9403 0.133333
9375 CNOT26_27 9400 0.133333
9375 CNOT26_27 9401 0.133333
9375 CNOT26_27 9399 0.133333
9375 CNOT26_25 9401 0.956756
9375 CNOT26_25 9397 0.006178
9375 CNOT26_25 9404 0.006178
9375 CNOT26_25 9402 0.006178
9375 CNOT26_25 9403 0.006178
9375 CNOT26_25 9399 0.006178
9375 CNOT26_25 9398 0.006178
9375 CNOT26_25 9400 0.006178
9375 MEAS26 9363 0.810000
9375 MEAS26 9375 0.190000
9375 X27 9374 0.998008
9375 X27 9375 0.000664
9375 X27 9377 0.000664
9375 X27 9376 0.000664
9376 CNOT26_27 9404 0.066667
9376 CNOT26_27 9399 0.133333
9376 CNOT26_27 9398 0.133333
9376 CNOT26_27 9401 0.133333
9376 CNOT26_27 9400 0.133333
9376 CNOT26_27 9403 0.133333
9376 CNOT26_27 9402 0.133333
9376 CNOT26_27 9397 0.133333
9376 CNOT26_25 9404 0.956756
9376 CNOT26_25 9400 0.006178
9376 CNOT26_25 9401 0.006178
9376 CNOT26_25 9398 0.006178
9376 CNOT26_25 9399 0.006178
9376 CNOT26_25 9403 0.006178
9376 CNOT26_25 9402 0.006178
9376 CNOT26_25 9397 0.006178
9376 MEAS26 9364 0.810000
9376 MEAS26 9376 0.190000
9376 X27 9377 0.998008
9376 X27 9376 0.000664
9376 X27 9374 0.000664
9376 X27 9375 0.000664
9377 CNOT26_27 9399 0.066667
9377 CNOT26_27 9404 0.133333
9377 CNOT26_27 9397 0.133333
9377 CNOT26_27 9403 0.133333
9377 CNOT26_27 9402 0.133333
9377 CNOT26_27 9401 0.133333
9377 CNOT26_27 9400 0.133333
9377 CNOT26_27 9398 0.133333
9377 CNOT26_25 9400 0.956756
9377 CNOT26_25 9404 0.006178
9377 CNOT26_25 9397 0.006178
9377 CNOT26_25 9403 0.006178
9377 CNOT26_25 9402 0.006178
9377 CNOT26_25 9398 0.006178
9377 CNOT26_25 9399 0.006178
9377 CNOT26_25 9401 0.006178
9377 MEAS26 9365 0.810000
9377 MEAS26 9377 0.190000
9377 X27 9376 0.998008
9377 X27 9377 0.000664
9377 X27 9375 0.000664
9377 X27 9374 0.000664
9378 CNOT26_27 9370 0.066667
9378 CNOT26_27 9372 0.133333
9378 CNOT26_27 9371 0.133333
9378 CNOT26_27 9373 0.133333
9378 CNOT26_27 9366 0.133333
9378 CNOT26_27 9368 0.133333
9378 CNOT26_27 9367 0.133333
9378 CNOT26_27 9369 0.133333
9378 CNOT26_25 9367 0.956756
9378 CNOT26_25 9372 0.006178
9378 CNOT26_25 9371 0.006178
9378 CNOT26_25 9373 0.006178
9378 CNOT26_25 9366 0.006178
9378 CNOT26_25 9369 0.006178
9378 CNOT26_25 9370 0.006178
9378 CNOT26_25 9368 0.006178
9378 MEAS26 9405 0.410000
9378 MEAS26 9378 0.590000
9378 X27 9381 0.998008
9378 X27 9378 0.000664
9378 X27 9379 0.000664
9378 X27 9380 0.000664
9379 CNOT26_27 9369 0.066667
9379 CNOT26_27 9371 0.133333
9379 CNOT26_27 9372 0.133333
9379 CNOT26_27 9366 0.133333
9379 CNOT26_27 9373 0.133333
9379 CNOT26_27 9367 0.133333
9379 CNOT26_27 9368 0.133333
9379 CNOT26_27 9370 0.133333
9379 CNOT26_25 9368 0.956756
9379 CNOT26_25 9371 0.006178
9379 CNOT26_25 9372 0.006178
9379 CNOT26_25 9366 0.006178
9379 CNOT26_25 9373 0.006178
9379 CNOT26_25 9370 0.006178
9379 CNOT26_25 9369 0.006178
9379 CNOT26_25 9367 0.006178
9379 MEAS26 9406 0.410000
9379 MEAS26 9379 0.590000
9379 X27 9380 0.998008
9379 X27 9379 0.000664
9379 X27 9378 0.000664
9379 X27 9381 0.000664
9380 CNOT26_27 9371 0.066667
9380 CNOT26_27 9369 0.133333
9380 CNOT26_27 9370 0.133333
9380 CNOT26_27 9367 0.133333
9380 CNOT26_27 9368 0.133333
9380 CNOT26_27 9366 0.133333
9380 CNOT26_27 9373 0.133333
9380 CNOT26_27 9372 0.133333
9380 CNOT26_25 9371 0.956756
9380 CNOT26_25 9368 0.006178
9380 CNOT26_25 9367 0.006178
9380 CNOT26_25 9370 0.006178
9380 CNOT26_25 9369 0.006178
9380 CNOT26_25 9366 0.006178
9380 CNOT26_25 9373 0.006178
9380 CNOT26_25 9372 0.006178
9380 MEAS26 9407 0.410000
9380 MEAS26 9380 0.590000
9380 X27 9379 0.998008
9380 X27 9380 0.000664
9380 X27 9381 0.000664
9380 X27 9378 0.000664
9381 CNOT26_27 9372 0.066667
9381 CNOT26_27 9370 0.133333
9381 CNOT26_27 9369 0.133333
9381 CNOT26_27 9368 0.133333
9381 CNOT26_27 9367 0.133333
9381 CNOT26_27 9373 0.133333
9381 CNOT26_27 9366 0.133333
9381 CNOT26_27 9371 0.133333
9381 CNOT26_25 9372 0.956756
9381 CNOT26_25 9367 0.006178
9381 CNOT26_25 9368 0.006178
9381 CNOT26_25 9369 0.006178
9381 CNOT26_25 9370 0.006178
9381 CNOT26_25 9373 0.006178
9381 CNOT26_25 9366 0.006178
9381 CNOT26_25 9371 0.006178
9381 MEAS26 9408 0.410000
9381 MEAS26 9381 0.590000
9381 X27 9378 0.998008
9381 X27 9381 0.000664
9381 X27 9380 0.000664
9381 X27 9379 0.000664
9382 CNOT26_27 9382 0.200000
9382 CNOT26_27 9387 0.266667
9382 CNOT26_27 9390 0.266667
9382 CNOT26_27 9395 0.266667
9382 CNOT26_25 9382 0.962934
9382 CNOT26_25 9391 0.012355
9382 CNOT26_25 9386 0.012355
9382 CNOT26_25 9395 0.012355
9382 MEAS26 9361 0.810000
9382 MEAS26 9382 0.190000
9382 X27 9390 0.998672
9382 X27 9382 0.001328
9383 CNOT26_27 9394 0.200000
9383 CNOT26_27 9391 0.266667
9383 CNOT26_27 9386 0.266667
9383 CNOT26_27 9383 0.266667
9383 CNOT26_25 9394 0.962934
9383 CNOT26_25 9387 0.012355
9383 CNOT26_25 9390 0.012355
9383 CNOT26_25 9383 0.012355
9383 MEAS26 9383 0.410000
9383 MEAS26 9384 0.590000
9383 X27 9391 0.998672
9383 X27 9383 0.001328
9384 CNOT26_27 9393 0.200000
9384 CNOT26_27 9392 0.266667
9384 CNOT26_27 9385 0.266667
9384 CNOT26_27 9384 0.266667
9384 CNOT26_25 9393 0.962934
9384 CNOT26_25 9388 0.012355
9384 CNOT26_25 9389 0.012355
9384 CNOT26_25 9384 0.012355
9384 MEAS26 9383 0.410000
9384 MEAS26 9384 0.590000
9384 X27 9392 0.998672
9384 X27 9384 0.001328
9385 CNOT26_27 9385 0.200000
9385 CNOT26_27 9384 0.266667
9385 CNOT26_27 9393 0.266667
9385 CNOT26_27 9392 0.266667
9385 CNOT26_25 9392 0.962934
9385 CNOT26_25 9361 0.012355
9385 CNOT26_25 9396 0.012355
9385 CNOT26_25 9385 0.012355
9385 MEAS26 9385 0.810000
9385 MEAS26 9386 0.190000
9385 X27 9393 0.998672
9385 X27 9385 0.001328
9386 CNOT26_27 9386 0.200000
9386 CNOT26_27 9383 0.266667
9386 CNOT26_27 9394 0.266667
9386 CNOT26_27 9391 0.266667
9386 CNOT26_25 9391 0.962934
9386 CNOT26_25 9382 0.012355
9386 CNOT26_25 9395 0.012355
9386 CNOT26_25 9386 0.012355
9386 MEAS26 9385 0.810000
9386 MEAS26 9386 0.190000
9386 X27 9394 0.998672
9386 X27 9386 0.001328
9387 CNOT26_27 9390 0.200000
9387 CNOT26_27 9395 0.266667
9387 CNOT26_27 9382 0.266667
9387 CNOT26_27 9387 0.266667
9387 CNOT26_25 9387 0.962934
9387 CNOT26_25 9394 0.012355
9387 CNOT26_25 9383 0.012355
9387 CNOT26_25 9390 0.012355
9387 MEAS26 9387 0.410000
9387 MEAS26 9388 0.590000
9387 X27 9395 0.998672
9387 X27 9387 0.001328
9388 CNOT26_27 9389 0.200000
9388 CNOT26_27 9396 0.266667
9388 CNOT26_27 9361 0.266667
9388 CNOT26_27 9388 0.266667
9388 CNOT26_25 9388 0.962934
9388 CNOT26_25 9393 0.012355
9388 CNOT26_25 9384 0.012355
9388 CNOT26_25 9389 0.012355
9388 MEAS26 9387 0.410000
9388 MEAS26 9388 0.590000
9388 X27 9396 0.998672
9388 X27 9388 0.001328
9389 CNOT26_27 9388 0.200000
9389 CNOT26_27 9361 0.266667
9389 CNOT26_27 9396 0.266667
9389 CNOT26_27 9389 0.266667
9389 CNOT26_25 9389 0.962934
9389 CNOT26_25 9384 0.012355
9389 CNOT26_25 9393 0.012355
9389 CNOT26_25 9388 0.012355
9389 MEAS26 9389 0.810000
9389 MEAS26 9390 0.190000
9389 X27 9361 0.998672
9389 X27 9389 0.001328
9390 CNOT26_27 9387 0.200000
9390 CNOT26_27 9382 0.266667
9390 CNOT26_27 9395 0.266667
9390 CNOT26_27 9390 0.266667
9390 CNOT26_25 9390 0.962934
9390 CNOT26_25 9383 0.012355
9390 CNOT26_25 9394 0.012355
9390 CNOT26_25 9387 0.012355
9390 MEAS26 9389 0.810000
9390 MEAS26 9390 0.190000
9390 X27 9382 0.998672
9390 X27 9390 0.001328
9391 CNOT26_27 9391 0.200000
9391 CNOT26_27 9394 0.266667
9391 CNOT26_27 9383 0.266667
9391 CNOT26_27 9386 0.266667
9391 CNOT26_25 9386 0.962934
9391 CNOT26_25 9395 0.012355
9391 CNOT26_25 9382 0.012355
9391 CNOT26_25 9391 0.012355
9391 MEAS26 9391 0.410000
9391 MEAS26 9392 0.590000
9391 X27 9383 0.998672
9391 X27 9391 0.001328
9392 CNOT26_27 9392 0.200000
9392 CNOT26_27 9393 0.266667
9392 CNOT26_27 9384 0.266667
9392 CNOT26_27 9385 0.266667
9392 CNOT26_25 9385 0.962934
9392 CNOT26_25 9396 0.012355
9392 CNOT26_25 9361 0.012355
9392 CNOT26_25 9392 0.012355
9392 MEAS26 9391 0.410000
9392 MEAS26 9392 0.590000
9392 X27 9384 0.998672
9392 X27 9392 0.001328
9393 CNOT26_27 9384 0.200000
9393 CNOT26_27 9385 0.266667
9393 CNOT26_27 9392 0.266667
9393 CNOT26_27 9393 0.266667
9393 CNOT26_25 9384 0.962934
9393 CNOT26_25 9389 0.012355
9393 CNOT26_25 9388 0.012355
9393 CNOT26_25 9393 0.012355
9393 MEAS26 9393 0.810000
9393 MEAS26 9394 0.190000
9393 X27 9385 0.998672
9393 X27 9393 0.001328
9394 CNOT26_27 9383 0.200000
9394 CNOT26_27 9386 0.266667
9394 CNOT26_27 9391 0.266667
9394 CNOT26_27 9394 0.266667
9394 CNOT26_25 9383 0.962934
9394 CNOT26_25 9390 0.012355
9394 CNOT26_25 9387 0.012355
9394 CNOT26_25 9394 0.012355
9394 MEAS26 9393 0.810000
9394 MEAS26 9394 0.190000
9394 X27 9386 0.998672
9394 X27 9394 0.001328
9395 CNOT26_27 9395 0.200000
9395 CNOT26_27 9390 0.266667
9395 CNOT26_27 9387 0.266667
9395 CNOT26_27 9382 0.266667
9395 CNOT26_25 9395 0.962934
9395 CNOT26_25 9386 0.012355
9395 CNOT26_25 9391 0.012355
9395 CNOT26_25 9382 0.012355
9395 MEAS26 9395 0.410000
9395 MEAS26 9396 0.590000
9395 X27 9387 0.998672
9395 X27 9395 0.001328
9396 CNOT26_27 9396 0.200000
9396 CNOT26_27 9389 0.266667
9396 CNOT26_27 9388 0.266667
9396 CNOT26_27 9361 0.266667
9396 CNOT26_25 9396 0.962934
9396 CNOT26_25 9385 0.012355
9396 CNOT26_25 9392 0.012355
9396 CNOT26_25 9361 0.012355
9396 MEAS26 9395 0.410000
9396 MEAS26 9396 0.590000
9396 X27 9388 0.998672
9396 X27 9396 0.001328
9397 CNOT26_27 9374 0.066667
9397 CNOT26_27 9405 0.133333
9397 CNOT26_27 9375 0.133333
9397 CNOT26_27 9406 0.133333
9397 CNOT26_27 9377 0.133333
9397 CNOT26_27 9407 0.133333
9397 CNOT26_27 9376 0.133333
9397 CNOT26_27 9408 0.133333
9397 CNOT26_25 9374 0.956756
9397 CNOT26_25 9405 0.006178
9397 CNOT26_25 9375 0.006178
9397 CNOT26_25 9406 0.006178
9397 CNOT26_25 9377 0.006178
9397 CNOT26_25 9407 0.006178
9397 CNOT26_25 9376 0.006178
9397 CNOT26_25 9408 0.006178
9397 MEAS26 9361 0.405000
9397 MEAS26 9382 0.095000
9397 MEAS26 9383 0.205000
9397 MEAS26 9384 0.295000
9397 X27 9401 0.998008
9397 X27 9397 0.000664
9397 X27 9404 0.000664
9397 X27 9400 0.000664
9398 CNOT26_27 9375 0.066667
9398 CNOT26_27 9408 0.133333
9398 CNOT26_27 9374 0.133333
9398 CNOT26_27 9407 0.133333
9398 CNOT26_27 9376 0.133333
9398 CNOT26_27 9406 0.133333
9398 CNOT26_27 9377 0.133333
9398 CNOT26_27 9405 0.133333
9398 CNOT26_25 9405 0.956756
9398 CNOT26_25 9374 0.006178
9398 CNOT26_25 9408 0.006178
9398 CNOT26_25 9376 0.006178
9398 CNOT26_25 9407 0.006178
9398 CNOT26_25 9377 0.006178
9398 CNOT26_25 9406 0.006178
9398 CNOT26_25 9375 0.006178
9398 MEAS26 9385 0.405000
9398 MEAS26 9386 0.095000
9398 MEAS26 9387 0.205000
9398 MEAS26 9388 0.295000
9398 X27 9403 0.998008
9398 X27 9398 0.000664
9398 X27 9399 0.000664
9398 X27 9402 0.000664
9399 CNOT26_27 9377 0.066667
9399 CNOT26_27 9407 0.133333
9399 CNOT26_27 9376 0.133333
9399 CNOT26_27 9408 0.133333
9399 CNOT26_27 9374 0.133333
9399 CNOT26_27 9405 0.133333
9399 CNOT26_27 9375 0.133333
9399 CNOT26_27 9406 0.133333
9399 CNOT26_25 9406 0.956756
9399 CNOT26_25 9376 0.006178
9399 CNOT26_25 9407 0.006178
9399 CNOT26_25 9374 0.006178
9399 CNOT26_25 9408 0.006178
9399 CNOT26_25 9375 0.006178
9399 CNOT26_25 9405 0.006178
9399 CNOT26_25 9377 0.006178
9399 MEAS26 9385 0.405000
9399 MEAS26 9386 0.095000
9399 MEAS26 9387 0.205000
9399 MEAS26 9388 0.295000
9399 X27 9402 0.998008
9399 X27 9399 0.000664
9399 X27 9398 0.000664
9399 X27 9403 0.000664
9400 CNOT26_27 9406 0.066667
9400 CNOT26_27 9376 0.133333
9400 CNOT26_27 9407 0.133333
9400 CNOT26_27 9374 0.133333
9400 CNOT26_27 9408 0.133333
9400 CNOT26_27 9375 0.133333
9400 CNOT26_27 9405 0.133333
9400 CNOT26_27 9377 0.133333
9400 CNOT26_25 9377 0.956756
9400 CNOT26_25 9407 0.006178
9400 CNOT26_25 9376 0.006178
9400 CNOT26_25 9408 0.006178
9400 CNOT26_25 9374 0.006178
9400 CNOT26_25 9405 0.006178
9400 CNOT26_25 9375 0.006178
9400 CNOT26_25 9406 0.006178
9400 MEAS26 9389 0.405000
9400 MEAS26 9390 0.095000
9400 MEAS26 9391 0.205000
9400 MEAS26 9392 0.295000
9400 X27 9404 0.998008
9400 X27 9400 0.000664
9400 X27 9401 0.000664
9400 X27 9397 0.000664
9401 CNOT26_27 9405 0.066667
9401 CNOT26_27 9374 0.133333
9401 CNOT26_27 9408 0.133333
9401 CNOT26_27 9376 0.133333
9401 CNOT26_27 9407 0.133333
9401 CNOT26_27 9377 0.133333
9401 CNOT26_27 9406 0.133333
9401 CNOT26_27 9375 0.133333
9401 CNOT26_25 9375 0.956756
9401 CNOT26_25 9408 0.006178
9401 CNOT26_25 9374 0.006178
9401 CNOT26_25 9407 0.006178
9401 CNOT26_25 9376 0.006178
9401 CNOT26_25 9406 0.006178
9401 CNOT26_25 9377 0.006178
9401 CNOT26_25 9405 0.006178
9401 MEAS26 9389 0.405000
9401 MEAS26 9390 0.095000
9401 MEAS26 9391 0.205000
9401 MEAS26 9392 0.295000
9401 X27 9397 0.998008
9401 X27 9401 0.000664
9401 X27 9400 0.000664
9401 X27 9404 0.000664
9402 CNOT26_27 9407 0.066667
9402 CNOT26_27 9377 0.133333
9402 CNOT26_27 9406 0.133333
9402 CNOT26_27 9375 0.133333
9402 CNOT26_27 9405 0.133333
9402 CNOT26_27 9374 0.133333
9402 CNOT26_27 9408 0.133333
9402 CNOT26_27 9376 0.133333
9402 CNOT26_25 9407 0.956756
9402 CNOT26_25 9377 0.006178
9402 CNOT26_25 9406 0.006178
9402 CNOT26_25 9375 0.006178
9402 CNOT26_25 9405 0.006178
9402 CNOT26_25 9374 0.006178
9402 CNOT26_25 9408 0.006178
9402 CNOT26_25 9376 0.006178
9402 MEAS26 9393 0.405000
9402 MEAS26 9394 0.095000
9402 MEAS26 9395 0.205000
9402 MEAS26 9396 0.295000
9402 X27 9399 0.998008
9402 X27 9402 0.000664
9402 X27 9403 0.000664
9402 X27 9398 0.000664
9403 CNOT26_27 9408 0.066667
9403 CNOT26_27 9375 0.133333
9403 CNOT26_27 9405 0.133333
9403 CNOT26_27 9377 0.133333
9403 CNOT26_27 9406 0.133333
9403 CNOT26_27 9376 0.133333
9403 CNOT26_27 9407 0.133333
9403 CNOT26_27 9374 0.133333
9403 CNOT26_25 9408 0.956756
9403 CNOT26_25 9375 0.006178
9403 CNOT26_25 9405 0.006178
9403 CNOT26_25 9377 0.006178
9403 CNOT26_25 9406 0.006178
9403 CNOT26_25 9376 0.006178
9403 CNOT26_25 9407 0.006178
9403 CNOT26_25 9374 0.006178
9403 MEAS26 9393 0.405000
9403 MEAS26 9394 0.095000
9403 MEAS26 9395 0.205000
9403 MEAS26 9396 0.295000
9403 X27 9398 0.998008
9403 X27 9403 0.000664
9403 X27 9402 0.000664
9403 X27 9399 0.000664
9404 CNOT26_27 9376 0.066667
9404 CNOT26_27 9406 0.133333
9404 CNOT26_27 9377 0.133333
9404 CNOT26_27 9405 0.133333
9404 CNOT26_27 9375 0.133333
9404 CNOT26_27 9408 0.133333
9404 CNOT26_27 9374 0.133333
9404 CNOT26_27 9407 0.133333
9404 CNOT26_25 9376 0.956756
9404 CNOT26_25 9406 0.006178
9404 CNOT26_25 9377 0.006178
9404 CNOT26_25 9405 0.006178
9404 CNOT26_25 9375 0.006178
9404 CNOT26_25 9408 0.006178
9404 CNOT26_25 9374 0.006178
9404 CNOT26_25 9407 0.006178
9404 MEAS26 9361 0.405000
9404 MEAS26 9382 0.095000
9404 MEAS26 9383 0.205000
9404 MEAS26 9384 0.295000
9404 X27 9400 0.998008
9404 X27 9404 0.000664
9404 X27 9397 0.000664
9404 X27 9401 0.000664
9405 CNOT26_27 9401 0.066667
9405 CNOT26_27 9403 0.133333
9405 CNOT26_27 9402 0.133333
9405 CNOT26_27 9404 0.133333
9405 CNOT26_27 9397 0.133333
9405 CNOT26_27 9399 0.133333
9405 CNOT26_27 9398 0.133333
9405 CNOT26_27 9400 0.133333
9405 CNOT26_25 9398 0.956756
9405 CNOT26_25 9403 0.006178
9405 CNOT26_25 9402 0.006178
9405 CNOT26_25 9404 0.006178
9405 CNOT26_25 9397 0.006178
9405 CNOT26_25 9400 0.006178
9405 CNOT26_25 9401 0.006178
9405 CNOT26_25 9399 0.006178
9405 MEAS26 9405 0.410000
9405 MEAS26 9378 0.590000
9405 X27 9408 0.998008
9405 X27 9405 0.000664
9405 X27 9406 0.000664
9405 X27 9407 0.000664
9406 CNOT26_27 9400 0.066667
9406 CNOT26_27 9402 0.133333
9406 CNOT26_27 9403 0.133333
9406 CNOT26_27 9397 0.133333
9406 CNOT26_27 9404 0.133333
9406 CNOT26_27 9398 0.133333
9406 CNOT26_27 9399 0.133333
9406 CNOT26_27 9401 0.133333
9406 CNOT26_25 9399 0.956756
9406 CNOT26_25 9402 0.006178
9406 CNOT26_25 9403 0.006178
9406 CNOT26_25 9397 0.006178
9406 CNOT26_25 9404 0.006178
9406 CNOT26_25 9401 0.006178
9406 CNOT26_25 9400 0.006178
9406 CNOT26_25 9398 0.006178
9406 MEAS26 9406 0.410000
9406 MEAS26 9379 0.590000
9406 X27 9407 0.998008
9406 X27 9406 0.000664
9406 X27 9405 0.000664
9406 X27 9408 0.000664
9407 CNOT26_27 9402 0.066667
9407 CNOT26_27 9400 0.133333
9407 CNOT26_27 9401 0.133333
9407 CNOT26_27 9398 0.133333
9407 CNOT26_27 9399 0.133333
9407 CNOT26_27 9397 0.133333
9407 CNOT26_27 9404 0.133333
9407 CNOT26_27 9403 0.133333
9407 CNOT26_25 9402 0.956756
9407 CNOT26_25 9399 0.006178
9407 CNOT26_25 9398 0.006178
9407 CNOT26_25 9401 0.006178
9407 CNOT26_25 9400 0.006178
9407 CNOT26_25 9397 0.006178
9407 CNOT26_25 9404 0.006178
9407 CNOT26_25 9403 0.006178
9407 MEAS26 9407 0.410000
9407 MEAS26 9380 0.590000
9407 X27 9406 0.998008
9407 X27 9407 0.000664
9407 X27 9408 0.000664
9407 X27 9405 0.000664
9408 CNOT26_27 9403 0.066667
9408 CNOT26_27 9401 0.133333
9408 CNOT26_27 9400 0.133333
9408 CNOT26_27 9399 0.133333
9408 CNOT26_27 9398 0.133333
9408 CNOT26_27 9404 0.133333
9408 CNOT26_27 9397 0.133333
9408 CNOT26_27 9402 0.133333
9408 CNOT26_25 9403 0.956756
9408 CNOT26_25 9398 0.006178
9408 CNOT26_25 9399 0.006178
9408 CNOT26_25 9400 0.006178
9408 CNOT26_25 9401 0.006178
9408 CNOT26_25 9404 0.006178
9408 CNOT26_25 9397 0.006178
9408 CNOT26_25 9402 0.006178
9408 MEAS26 9408 0.410000
9408 MEAS26 9381 0.590000
9408 X27 9405 0.998008
9408 X27 9408 0.000664
9408 X27 9407 0.000664
9408 X27 9406 0.000664
ENDPOMDP
