BEGINPOMDP
INITIALSTATE: 5953
STATES: 5953,5954,5955,5956,5957,5958,5959,5960,5961,5962,5963,5964,5965,5966,5967,5968,5969,5970,5971,5972,5973,5974,5975,5976,5977,5978,5979,5980,5981,5982,5983,5984,5985,5986,5987,5988,5989,5990,5991,5992,5993,5994,5995,5996,5997,5998,5999,6000
TARGETV: 5954,5956,5958,5963,5964,5965,5966,5968,5972,5973,5989,5994,5995,5996,5999,6000
GAMMA: 5953:0,5954:0,5955:0,5956:0,5957:0,5958:0,5959:0,5960:0,5961:0,5962:0,5963:0,5964:0,5965:0,5966:1,5967:1,5968:1,5969:1,5970:0,5971:0,5972:0,5973:0,5974:1,5975:1,5976:0,5977:0,5978:1,5979:1,5980:0,5981:0,5982:1,5983:1,5984:0,5985:0,5986:1,5987:1,5988:0,5989:1,5990:1,5991:1,5992:1,5993:1,5994:1,5995:1,5996:1,5997:1,5998:1,5999:1,6000:1
BEGINACTIONS
CNOT10_5 Instruction.CNOT 5 10
CNOT10_11 Instruction.CNOT 11 10
MEAS10 Instruction.MEAS None 10
X5 Instruction.X None 5
ENDACTIONS
5953 INIT_ 5954 0.250000
5953 INIT_ 5955 0.250000
5953 INIT_ 5956 0.250000
5953 INIT_ 5957 0.250000
5953 CNOT10_5 5953 0.925198
5953 CNOT10_5 5980 0.024934
5953 CNOT10_5 5981 0.024934
5953 CNOT10_5 5988 0.024934
5953 CNOT10_11 5953 0.932818
5953 CNOT10_11 5984 0.022394
5953 CNOT10_11 5977 0.022394
5953 CNOT10_11 5988 0.022394
5953 MEAS10 5953 0.993333
5953 MEAS10 5974 0.006667
5953 X5 5981 0.999242
5953 X5 5953 0.000758
5954 CNOT10_5 5958 0.912731
5954 CNOT10_5 5959 0.012467
5954 CNOT10_5 5960 0.012467
5954 CNOT10_5 5961 0.012467
5954 CNOT10_5 5962 0.012467
5954 CNOT10_5 5963 0.012467
5954 CNOT10_5 5964 0.012467
5954 CNOT10_5 5965 0.012467
5954 CNOT10_11 5958 0.921620
5954 CNOT10_11 5962 0.011197
5954 CNOT10_11 5961 0.011197
5954 CNOT10_11 5960 0.011197
5954 CNOT10_11 5959 0.011197
5954 CNOT10_11 5963 0.011197
5954 CNOT10_11 5964 0.011197
5954 CNOT10_11 5965 0.011197
5954 MEAS10 5954 0.993333
5954 MEAS10 5966 0.006667
5954 X5 5955 0.998863
5954 X5 5954 0.000379
5954 X5 5956 0.000379
5954 X5 5957 0.000379
5955 CNOT10_5 5959 0.912731
5955 CNOT10_5 5958 0.012467
5955 CNOT10_5 5965 0.012467
5955 CNOT10_5 5963 0.012467
5955 CNOT10_5 5964 0.012467
5955 CNOT10_5 5961 0.012467
5955 CNOT10_5 5962 0.012467
5955 CNOT10_5 5960 0.012467
5955 CNOT10_11 5962 0.921620
5955 CNOT10_11 5958 0.011197
5955 CNOT10_11 5965 0.011197
5955 CNOT10_11 5963 0.011197
5955 CNOT10_11 5964 0.011197
5955 CNOT10_11 5960 0.011197
5955 CNOT10_11 5959 0.011197
5955 CNOT10_11 5961 0.011197
5955 MEAS10 5955 0.993333
5955 MEAS10 5967 0.006667
5955 X5 5954 0.998863
5955 X5 5955 0.000379
5955 X5 5957 0.000379
5955 X5 5956 0.000379
5956 CNOT10_5 5965 0.912731
5956 CNOT10_5 5960 0.012467
5956 CNOT10_5 5959 0.012467
5956 CNOT10_5 5962 0.012467
5956 CNOT10_5 5961 0.012467
5956 CNOT10_5 5964 0.012467
5956 CNOT10_5 5963 0.012467
5956 CNOT10_5 5958 0.012467
5956 CNOT10_11 5965 0.921620
5956 CNOT10_11 5961 0.011197
5956 CNOT10_11 5962 0.011197
5956 CNOT10_11 5959 0.011197
5956 CNOT10_11 5960 0.011197
5956 CNOT10_11 5964 0.011197
5956 CNOT10_11 5963 0.011197
5956 CNOT10_11 5958 0.011197
5956 MEAS10 5956 0.993333
5956 MEAS10 5968 0.006667
5956 X5 5957 0.998863
5956 X5 5956 0.000379
5956 X5 5954 0.000379
5956 X5 5955 0.000379
5957 CNOT10_5 5960 0.912731
5957 CNOT10_5 5965 0.012467
5957 CNOT10_5 5958 0.012467
5957 CNOT10_5 5964 0.012467
5957 CNOT10_5 5963 0.012467
5957 CNOT10_5 5962 0.012467
5957 CNOT10_5 5961 0.012467
5957 CNOT10_5 5959 0.012467
5957 CNOT10_11 5961 0.921620
5957 CNOT10_11 5965 0.011197
5957 CNOT10_11 5958 0.011197
5957 CNOT10_11 5964 0.011197
5957 CNOT10_11 5963 0.011197
5957 CNOT10_11 5959 0.011197
5957 CNOT10_11 5960 0.011197
5957 CNOT10_11 5962 0.011197
5957 MEAS10 5957 0.993333
5957 MEAS10 5969 0.006667
5957 X5 5956 0.998863
5957 X5 5957 0.000379
5957 X5 5955 0.000379
5957 X5 5954 0.000379
5958 CNOT10_5 5954 0.912731
5958 CNOT10_5 5970 0.012467
5958 CNOT10_5 5955 0.012467
5958 CNOT10_5 5971 0.012467
5958 CNOT10_5 5957 0.012467
5958 CNOT10_5 5972 0.012467
5958 CNOT10_5 5956 0.012467
5958 CNOT10_5 5973 0.012467
5958 CNOT10_11 5954 0.921620
5958 CNOT10_11 5970 0.011197
5958 CNOT10_11 5955 0.011197
5958 CNOT10_11 5971 0.011197
5958 CNOT10_11 5957 0.011197
5958 CNOT10_11 5972 0.011197
5958 CNOT10_11 5956 0.011197
5958 CNOT10_11 5973 0.011197
5958 MEAS10 5953 0.496667
5958 MEAS10 5974 0.003333
5958 MEAS10 5975 0.426667
5958 MEAS10 5976 0.073333
5958 X5 5962 0.998863
5958 X5 5958 0.000379
5958 X5 5965 0.000379
5958 X5 5961 0.000379
5959 CNOT10_5 5955 0.912731
5959 CNOT10_5 5973 0.012467
5959 CNOT10_5 5954 0.012467
5959 CNOT10_5 5972 0.012467
5959 CNOT10_5 5956 0.012467
5959 CNOT10_5 5971 0.012467
5959 CNOT10_5 5957 0.012467
5959 CNOT10_5 5970 0.012467
5959 CNOT10_11 5970 0.921620
5959 CNOT10_11 5954 0.011197
5959 CNOT10_11 5973 0.011197
5959 CNOT10_11 5956 0.011197
5959 CNOT10_11 5972 0.011197
5959 CNOT10_11 5957 0.011197
5959 CNOT10_11 5971 0.011197
5959 CNOT10_11 5955 0.011197
5959 MEAS10 5977 0.496667
5959 MEAS10 5978 0.003333
5959 MEAS10 5979 0.426667
5959 MEAS10 5980 0.073333
5959 X5 5964 0.998863
5959 X5 5959 0.000379
5959 X5 5960 0.000379
5959 X5 5963 0.000379
5960 CNOT10_5 5957 0.912731
5960 CNOT10_5 5972 0.012467
5960 CNOT10_5 5956 0.012467
5960 CNOT10_5 5973 0.012467
5960 CNOT10_5 5954 0.012467
5960 CNOT10_5 5970 0.012467
5960 CNOT10_5 5955 0.012467
5960 CNOT10_5 5971 0.012467
5960 CNOT10_11 5971 0.921620
5960 CNOT10_11 5956 0.011197
5960 CNOT10_11 5972 0.011197
5960 CNOT10_11 5954 0.011197
5960 CNOT10_11 5973 0.011197
5960 CNOT10_11 5955 0.011197
5960 CNOT10_11 5970 0.011197
5960 CNOT10_11 5957 0.011197
5960 MEAS10 5977 0.496667
5960 MEAS10 5978 0.003333
5960 MEAS10 5979 0.426667
5960 MEAS10 5980 0.073333
5960 X5 5963 0.998863
5960 X5 5960 0.000379
5960 X5 5959 0.000379
5960 X5 5964 0.000379
5961 CNOT10_5 5971 0.912731
5961 CNOT10_5 5956 0.012467
5961 CNOT10_5 5972 0.012467
5961 CNOT10_5 5954 0.012467
5961 CNOT10_5 5973 0.012467
5961 CNOT10_5 5955 0.012467
5961 CNOT10_5 5970 0.012467
5961 CNOT10_5 5957 0.012467
5961 CNOT10_11 5957 0.921620
5961 CNOT10_11 5972 0.011197
5961 CNOT10_11 5956 0.011197
5961 CNOT10_11 5973 0.011197
5961 CNOT10_11 5954 0.011197
5961 CNOT10_11 5970 0.011197
5961 CNOT10_11 5955 0.011197
5961 CNOT10_11 5971 0.011197
5961 MEAS10 5981 0.496667
5961 MEAS10 5982 0.003333
5961 MEAS10 5983 0.426667
5961 MEAS10 5984 0.073333
5961 X5 5965 0.998863
5961 X5 5961 0.000379
5961 X5 5962 0.000379
5961 X5 5958 0.000379
5962 CNOT10_5 5970 0.912731
5962 CNOT10_5 5954 0.012467
5962 CNOT10_5 5973 0.012467
5962 CNOT10_5 5956 0.012467
5962 CNOT10_5 5972 0.012467
5962 CNOT10_5 5957 0.012467
5962 CNOT10_5 5971 0.012467
5962 CNOT10_5 5955 0.012467
5962 CNOT10_11 5955 0.921620
5962 CNOT10_11 5973 0.011197
5962 CNOT10_11 5954 0.011197
5962 CNOT10_11 5972 0.011197
5962 CNOT10_11 5956 0.011197
5962 CNOT10_11 5971 0.011197
5962 CNOT10_11 5957 0.011197
5962 CNOT10_11 5970 0.011197
5962 MEAS10 5981 0.496667
5962 MEAS10 5982 0.003333
5962 MEAS10 5983 0.426667
5962 MEAS10 5984 0.073333
5962 X5 5958 0.998863
5962 X5 5962 0.000379
5962 X5 5961 0.000379
5962 X5 5965 0.000379
5963 CNOT10_5 5972 0.912731
5963 CNOT10_5 5957 0.012467
5963 CNOT10_5 5971 0.012467
5963 CNOT10_5 5955 0.012467
5963 CNOT10_5 5970 0.012467
5963 CNOT10_5 5954 0.012467
5963 CNOT10_5 5973 0.012467
5963 CNOT10_5 5956 0.012467
5963 CNOT10_11 5972 0.921620
5963 CNOT10_11 5957 0.011197
5963 CNOT10_11 5971 0.011197
5963 CNOT10_11 5955 0.011197
5963 CNOT10_11 5970 0.011197
5963 CNOT10_11 5954 0.011197
5963 CNOT10_11 5973 0.011197
5963 CNOT10_11 5956 0.011197
5963 MEAS10 5985 0.496667
5963 MEAS10 5986 0.003333
5963 MEAS10 5987 0.426667
5963 MEAS10 5988 0.073333
5963 X5 5960 0.998863
5963 X5 5963 0.000379
5963 X5 5964 0.000379
5963 X5 5959 0.000379
5964 CNOT10_5 5973 0.912731
5964 CNOT10_5 5955 0.012467
5964 CNOT10_5 5970 0.012467
5964 CNOT10_5 5957 0.012467
5964 CNOT10_5 5971 0.012467
5964 CNOT10_5 5956 0.012467
5964 CNOT10_5 5972 0.012467
5964 CNOT10_5 5954 0.012467
5964 CNOT10_11 5973 0.921620
5964 CNOT10_11 5955 0.011197
5964 CNOT10_11 5970 0.011197
5964 CNOT10_11 5957 0.011197
5964 CNOT10_11 5971 0.011197
5964 CNOT10_11 5956 0.011197
5964 CNOT10_11 5972 0.011197
5964 CNOT10_11 5954 0.011197
5964 MEAS10 5985 0.496667
5964 MEAS10 5986 0.003333
5964 MEAS10 5987 0.426667
5964 MEAS10 5988 0.073333
5964 X5 5959 0.998863
5964 X5 5964 0.000379
5964 X5 5963 0.000379
5964 X5 5960 0.000379
5965 CNOT10_5 5956 0.912731
5965 CNOT10_5 5971 0.012467
5965 CNOT10_5 5957 0.012467
5965 CNOT10_5 5970 0.012467
5965 CNOT10_5 5955 0.012467
5965 CNOT10_5 5973 0.012467
5965 CNOT10_5 5954 0.012467
5965 CNOT10_5 5972 0.012467
5965 CNOT10_11 5956 0.921620
5965 CNOT10_11 5971 0.011197
5965 CNOT10_11 5957 0.011197
5965 CNOT10_11 5970 0.011197
5965 CNOT10_11 5955 0.011197
5965 CNOT10_11 5973 0.011197
5965 CNOT10_11 5954 0.011197
5965 CNOT10_11 5972 0.011197
5965 MEAS10 5953 0.496667
5965 MEAS10 5974 0.003333
5965 MEAS10 5975 0.426667
5965 MEAS10 5976 0.073333
5965 X5 5961 0.998863
5965 X5 5965 0.000379
5965 X5 5958 0.000379
5965 X5 5962 0.000379
5966 CNOT10_5 5989 0.912731
5966 CNOT10_5 5990 0.012467
5966 CNOT10_5 5991 0.012467
5966 CNOT10_5 5992 0.012467
5966 CNOT10_5 5993 0.012467
5966 CNOT10_5 5994 0.012467
5966 CNOT10_5 5995 0.012467
5966 CNOT10_5 5996 0.012467
5966 CNOT10_11 5989 0.921620
5966 CNOT10_11 5993 0.011197
5966 CNOT10_11 5992 0.011197
5966 CNOT10_11 5991 0.011197
5966 CNOT10_11 5990 0.011197
5966 CNOT10_11 5994 0.011197
5966 CNOT10_11 5995 0.011197
5966 CNOT10_11 5996 0.011197
5966 MEAS10 5954 0.993333
5966 MEAS10 5966 0.006667
5966 X5 5967 0.998863
5966 X5 5966 0.000379
5966 X5 5968 0.000379
5966 X5 5969 0.000379
5967 CNOT10_5 5990 0.912731
5967 CNOT10_5 5989 0.012467
5967 CNOT10_5 5996 0.012467
5967 CNOT10_5 5994 0.012467
5967 CNOT10_5 5995 0.012467
5967 CNOT10_5 5992 0.012467
5967 CNOT10_5 5993 0.012467
5967 CNOT10_5 5991 0.012467
5967 CNOT10_11 5993 0.921620
5967 CNOT10_11 5989 0.011197
5967 CNOT10_11 5996 0.011197
5967 CNOT10_11 5994 0.011197
5967 CNOT10_11 5995 0.011197
5967 CNOT10_11 5991 0.011197
5967 CNOT10_11 5990 0.011197
5967 CNOT10_11 5992 0.011197
5967 MEAS10 5955 0.993333
5967 MEAS10 5967 0.006667
5967 X5 5966 0.998863
5967 X5 5967 0.000379
5967 X5 5969 0.000379
5967 X5 5968 0.000379
5968 CNOT10_5 5996 0.912731
5968 CNOT10_5 5991 0.012467
5968 CNOT10_5 5990 0.012467
5968 CNOT10_5 5993 0.012467
5968 CNOT10_5 5992 0.012467
5968 CNOT10_5 5995 0.012467
5968 CNOT10_5 5994 0.012467
5968 CNOT10_5 5989 0.012467
5968 CNOT10_11 5996 0.921620
5968 CNOT10_11 5992 0.011197
5968 CNOT10_11 5993 0.011197
5968 CNOT10_11 5990 0.011197
5968 CNOT10_11 5991 0.011197
5968 CNOT10_11 5995 0.011197
5968 CNOT10_11 5994 0.011197
5968 CNOT10_11 5989 0.011197
5968 MEAS10 5956 0.993333
5968 MEAS10 5968 0.006667
5968 X5 5969 0.998863
5968 X5 5968 0.000379
5968 X5 5966 0.000379
5968 X5 5967 0.000379
5969 CNOT10_5 5991 0.912731
5969 CNOT10_5 5996 0.012467
5969 CNOT10_5 5989 0.012467
5969 CNOT10_5 5995 0.012467
5969 CNOT10_5 5994 0.012467
5969 CNOT10_5 5993 0.012467
5969 CNOT10_5 5992 0.012467
5969 CNOT10_5 5990 0.012467
5969 CNOT10_11 5992 0.921620
5969 CNOT10_11 5996 0.011197
5969 CNOT10_11 5989 0.011197
5969 CNOT10_11 5995 0.011197
5969 CNOT10_11 5994 0.011197
5969 CNOT10_11 5990 0.011197
5969 CNOT10_11 5991 0.011197
5969 CNOT10_11 5993 0.011197
5969 MEAS10 5957 0.993333
5969 MEAS10 5969 0.006667
5969 X5 5968 0.998863
5969 X5 5969 0.000379
5969 X5 5967 0.000379
5969 X5 5966 0.000379
5970 CNOT10_5 5962 0.912731
5970 CNOT10_5 5964 0.012467
5970 CNOT10_5 5963 0.012467
5970 CNOT10_5 5965 0.012467
5970 CNOT10_5 5958 0.012467
5970 CNOT10_5 5960 0.012467
5970 CNOT10_5 5959 0.012467
5970 CNOT10_5 5961 0.012467
5970 CNOT10_11 5959 0.921620
5970 CNOT10_11 5964 0.011197
5970 CNOT10_11 5963 0.011197
5970 CNOT10_11 5965 0.011197
5970 CNOT10_11 5958 0.011197
5970 CNOT10_11 5961 0.011197
5970 CNOT10_11 5962 0.011197
5970 CNOT10_11 5960 0.011197
5970 MEAS10 5997 0.853333
5970 MEAS10 5970 0.146667
5970 X5 5973 0.998863
5970 X5 5970 0.000379
5970 X5 5971 0.000379
5970 X5 5972 0.000379
5971 CNOT10_5 5961 0.912731
5971 CNOT10_5 5963 0.012467
5971 CNOT10_5 5964 0.012467
5971 CNOT10_5 5958 0.012467
5971 CNOT10_5 5965 0.012467
5971 CNOT10_5 5959 0.012467
5971 CNOT10_5 5960 0.012467
5971 CNOT10_5 5962 0.012467
5971 CNOT10_11 5960 0.921620
5971 CNOT10_11 5963 0.011197
5971 CNOT10_11 5964 0.011197
5971 CNOT10_11 5958 0.011197
5971 CNOT10_11 5965 0.011197
5971 CNOT10_11 5962 0.011197
5971 CNOT10_11 5961 0.011197
5971 CNOT10_11 5959 0.011197
5971 MEAS10 5998 0.853333
5971 MEAS10 5971 0.146667
5971 X5 5972 0.998863
5971 X5 5971 0.000379
5971 X5 5970 0.000379
5971 X5 5973 0.000379
5972 CNOT10_5 5963 0.912731
5972 CNOT10_5 5961 0.012467
5972 CNOT10_5 5962 0.012467
5972 CNOT10_5 5959 0.012467
5972 CNOT10_5 5960 0.012467
5972 CNOT10_5 5958 0.012467
5972 CNOT10_5 5965 0.012467
5972 CNOT10_5 5964 0.012467
5972 CNOT10_11 5963 0.921620
5972 CNOT10_11 5960 0.011197
5972 CNOT10_11 5959 0.011197
5972 CNOT10_11 5962 0.011197
5972 CNOT10_11 5961 0.011197
5972 CNOT10_11 5958 0.011197
5972 CNOT10_11 5965 0.011197
5972 CNOT10_11 5964 0.011197
5972 MEAS10 5999 0.853333
5972 MEAS10 5972 0.146667
5972 X5 5971 0.998863
5972 X5 5972 0.000379
5972 X5 5973 0.000379
5972 X5 5970 0.000379
5973 CNOT10_5 5964 0.912731
5973 CNOT10_5 5962 0.012467
5973 CNOT10_5 5961 0.012467
5973 CNOT10_5 5960 0.012467
5973 CNOT10_5 5959 0.012467
5973 CNOT10_5 5965 0.012467
5973 CNOT10_5 5958 0.012467
5973 CNOT10_5 5963 0.012467
5973 CNOT10_11 5964 0.921620
5973 CNOT10_11 5959 0.011197
5973 CNOT10_11 5960 0.011197
5973 CNOT10_11 5961 0.011197
5973 CNOT10_11 5962 0.011197
5973 CNOT10_11 5965 0.011197
5973 CNOT10_11 5958 0.011197
5973 CNOT10_11 5963 0.011197
5973 MEAS10 6000 0.853333
5973 MEAS10 5973 0.146667
5973 X5 5970 0.998863
5973 X5 5973 0.000379
5973 X5 5972 0.000379
5973 X5 5971 0.000379
5974 CNOT10_5 5974 0.925198
5974 CNOT10_5 5979 0.024934
5974 CNOT10_5 5982 0.024934
5974 CNOT10_5 5987 0.024934
5974 CNOT10_11 5974 0.932818
5974 CNOT10_11 5983 0.022394
5974 CNOT10_11 5978 0.022394
5974 CNOT10_11 5987 0.022394
5974 MEAS10 5953 0.993333
5974 MEAS10 5974 0.006667
5974 X5 5982 0.999242
5974 X5 5974 0.000758
5975 CNOT10_5 5986 0.925198
5975 CNOT10_5 5983 0.024934
5975 CNOT10_5 5978 0.024934
5975 CNOT10_5 5975 0.024934
5975 CNOT10_11 5986 0.932818
5975 CNOT10_11 5979 0.022394
5975 CNOT10_11 5982 0.022394
5975 CNOT10_11 5975 0.022394
5975 MEAS10 5975 0.853333
5975 MEAS10 5976 0.146667
5975 X5 5983 0.999242
5975 X5 5975 0.000758
5976 CNOT10_5 5985 0.925198
5976 CNOT10_5 5984 0.024934
5976 CNOT10_5 5977 0.024934
5976 CNOT10_5 5976 0.024934
5976 CNOT10_11 5985 0.932818
5976 CNOT10_11 5980 0.022394
5976 CNOT10_11 5981 0.022394
5976 CNOT10_11 5976 0.022394
5976 MEAS10 5975 0.853333
5976 MEAS10 5976 0.146667
5976 X5 5984 0.999242
5976 X5 5976 0.000758
5977 CNOT10_5 5977 0.925198
5977 CNOT10_5 5976 0.024934
5977 CNOT10_5 5985 0.024934
5977 CNOT10_5 5984 0.024934
5977 CNOT10_11 5984 0.932818
5977 CNOT10_11 5953 0.022394
5977 CNOT10_11 5988 0.022394
5977 CNOT10_11 5977 0.022394
5977 MEAS10 5977 0.993333
5977 MEAS10 5978 0.006667
5977 X5 5985 0.999242
5977 X5 5977 0.000758
5978 CNOT10_5 5978 0.925198
5978 CNOT10_5 5975 0.024934
5978 CNOT10_5 5986 0.024934
5978 CNOT10_5 5983 0.024934
5978 CNOT10_11 5983 0.932818
5978 CNOT10_11 5974 0.022394
5978 CNOT10_11 5987 0.022394
5978 CNOT10_11 5978 0.022394
5978 MEAS10 5977 0.993333
5978 MEAS10 5978 0.006667
5978 X5 5986 0.999242
5978 X5 5978 0.000758
5979 CNOT10_5 5982 0.925198
5979 CNOT10_5 5987 0.024934
5979 CNOT10_5 5974 0.024934
5979 CNOT10_5 5979 0.024934
5979 CNOT10_11 5979 0.932818
5979 CNOT10_11 5986 0.022394
5979 CNOT10_11 5975 0.022394
5979 CNOT10_11 5982 0.022394
5979 MEAS10 5979 0.853333
5979 MEAS10 5980 0.146667
5979 X5 5987 0.999242
5979 X5 5979 0.000758
5980 CNOT10_5 5981 0.925198
5980 CNOT10_5 5988 0.024934
5980 CNOT10_5 5953 0.024934
5980 CNOT10_5 5980 0.024934
5980 CNOT10_11 5980 0.932818
5980 CNOT10_11 5985 0.022394
5980 CNOT10_11 5976 0.022394
5980 CNOT10_11 5981 0.022394
5980 MEAS10 5979 0.853333
5980 MEAS10 5980 0.146667
5980 X5 5988 0.999242
5980 X5 5980 0.000758
5981 CNOT10_5 5980 0.925198
5981 CNOT10_5 5953 0.024934
5981 CNOT10_5 5988 0.024934
5981 CNOT10_5 5981 0.024934
5981 CNOT10_11 5981 0.932818
5981 CNOT10_11 5976 0.022394
5981 CNOT10_11 5985 0.022394
5981 CNOT10_11 5980 0.022394
5981 MEAS10 5981 0.993333
5981 MEAS10 5982 0.006667
5981 X5 5953 0.999242
5981 X5 5981 0.000758
5982 CNOT10_5 5979 0.925198
5982 CNOT10_5 5974 0.024934
5982 CNOT10_5 5987 0.024934
5982 CNOT10_5 5982 0.024934
5982 CNOT10_11 5982 0.932818
5982 CNOT10_11 5975 0.022394
5982 CNOT10_11 5986 0.022394
5982 CNOT10_11 5979 0.022394
5982 MEAS10 5981 0.993333
5982 MEAS10 5982 0.006667
5982 X5 5974 0.999242
5982 X5 5982 0.000758
5983 CNOT10_5 5983 0.925198
5983 CNOT10_5 5986 0.024934
5983 CNOT10_5 5975 0.024934
5983 CNOT10_5 5978 0.024934
5983 CNOT10_11 5978 0.932818
5983 CNOT10_11 5987 0.022394
5983 CNOT10_11 5974 0.022394
5983 CNOT10_11 5983 0.022394
5983 MEAS10 5983 0.853333
5983 MEAS10 5984 0.146667
5983 X5 5975 0.999242
5983 X5 5983 0.000758
5984 CNOT10_5 5984 0.925198
5984 CNOT10_5 5985 0.024934
5984 CNOT10_5 5976 0.024934
5984 CNOT10_5 5977 0.024934
5984 CNOT10_11 5977 0.932818
5984 CNOT10_11 5988 0.022394
5984 CNOT10_11 5953 0.022394
5984 CNOT10_11 5984 0.022394
5984 MEAS10 5983 0.853333
5984 MEAS10 5984 0.146667
5984 X5 5976 0.999242
5984 X5 5984 0.000758
5985 CNOT10_5 5976 0.925198
5985 CNOT10_5 5977 0.024934
5985 CNOT10_5 5984 0.024934
5985 CNOT10_5 5985 0.024934
5985 CNOT10_11 5976 0.932818
5985 CNOT10_11 5981 0.022394
5985 CNOT10_11 5980 0.022394
5985 CNOT10_11 5985 0.022394
5985 MEAS10 5985 0.993333
5985 MEAS10 5986 0.006667
5985 X5 5977 0.999242
5985 X5 5985 0.000758
5986 CNOT10_5 5975 0.925198
5986 CNOT10_5 5978 0.024934
5986 CNOT10_5 5983 0.024934
5986 CNOT10_5 5986 0.024934
5986 CNOT10_11 5975 0.932818
5986 CNOT10_11 5982 0.022394
5986 CNOT10_11 5979 0.022394
5986 CNOT10_11 5986 0.022394
5986 MEAS10 5985 0.993333
5986 MEAS10 5986 0.006667
5986 X5 5978 0.999242
5986 X5 5986 0.000758
5987 CNOT10_5 5987 0.925198
5987 CNOT10_5 5982 0.024934
5987 CNOT10_5 5979 0.024934
5987 CNOT10_5 5974 0.024934
5987 CNOT10_11 5987 0.932818
5987 CNOT10_11 5978 0.022394
5987 CNOT10_11 5983 0.022394
5987 CNOT10_11 5974 0.022394
5987 MEAS10 5987 0.853333
5987 MEAS10 5988 0.146667
5987 X5 5979 0.999242
5987 X5 5987 0.000758
5988 CNOT10_5 5988 0.925198
5988 CNOT10_5 5981 0.024934
5988 CNOT10_5 5980 0.024934
5988 CNOT10_5 5953 0.024934
5988 CNOT10_11 5988 0.932818
5988 CNOT10_11 5977 0.022394
5988 CNOT10_11 5984 0.022394
5988 CNOT10_11 5953 0.022394
5988 MEAS10 5987 0.853333
5988 MEAS10 5988 0.146667
5988 X5 5980 0.999242
5988 X5 5988 0.000758
5989 CNOT10_5 5966 0.912731
5989 CNOT10_5 5997 0.012467
5989 CNOT10_5 5967 0.012467
5989 CNOT10_5 5998 0.012467
5989 CNOT10_5 5969 0.012467
5989 CNOT10_5 5999 0.012467
5989 CNOT10_5 5968 0.012467
5989 CNOT10_5 6000 0.012467
5989 CNOT10_11 5966 0.921620
5989 CNOT10_11 5997 0.011197
5989 CNOT10_11 5967 0.011197
5989 CNOT10_11 5998 0.011197
5989 CNOT10_11 5969 0.011197
5989 CNOT10_11 5999 0.011197
5989 CNOT10_11 5968 0.011197
5989 CNOT10_11 6000 0.011197
5989 MEAS10 5953 0.496667
5989 MEAS10 5974 0.003333
5989 MEAS10 5975 0.426667
5989 MEAS10 5976 0.073333
5989 X5 5993 0.998863
5989 X5 5989 0.000379
5989 X5 5996 0.000379
5989 X5 5992 0.000379
5990 CNOT10_5 5967 0.912731
5990 CNOT10_5 6000 0.012467
5990 CNOT10_5 5966 0.012467
5990 CNOT10_5 5999 0.012467
5990 CNOT10_5 5968 0.012467
5990 CNOT10_5 5998 0.012467
5990 CNOT10_5 5969 0.012467
5990 CNOT10_5 5997 0.012467
5990 CNOT10_11 5997 0.921620
5990 CNOT10_11 5966 0.011197
5990 CNOT10_11 6000 0.011197
5990 CNOT10_11 5968 0.011197
5990 CNOT10_11 5999 0.011197
5990 CNOT10_11 5969 0.011197
5990 CNOT10_11 5998 0.011197
5990 CNOT10_11 5967 0.011197
5990 MEAS10 5977 0.496667
5990 MEAS10 5978 0.003333
5990 MEAS10 5979 0.426667
5990 MEAS10 5980 0.073333
5990 X5 5995 0.998863
5990 X5 5990 0.000379
5990 X5 5991 0.000379
5990 X5 5994 0.000379
5991 CNOT10_5 5969 0.912731
5991 CNOT10_5 5999 0.012467
5991 CNOT10_5 5968 0.012467
5991 CNOT10_5 6000 0.012467
5991 CNOT10_5 5966 0.012467
5991 CNOT10_5 5997 0.012467
5991 CNOT10_5 5967 0.012467
5991 CNOT10_5 5998 0.012467
5991 CNOT10_11 5998 0.921620
5991 CNOT10_11 5968 0.011197
5991 CNOT10_11 5999 0.011197
5991 CNOT10_11 5966 0.011197
5991 CNOT10_11 6000 0.011197
5991 CNOT10_11 5967 0.011197
5991 CNOT10_11 5997 0.011197
5991 CNOT10_11 5969 0.011197
5991 MEAS10 5977 0.496667
5991 MEAS10 5978 0.003333
5991 MEAS10 5979 0.426667
5991 MEAS10 5980 0.073333
5991 X5 5994 0.998863
5991 X5 5991 0.000379
5991 X5 5990 0.000379
5991 X5 5995 0.000379
5992 CNOT10_5 5998 0.912731
5992 CNOT10_5 5968 0.012467
5992 CNOT10_5 5999 0.012467
5992 CNOT10_5 5966 0.012467
5992 CNOT10_5 6000 0.012467
5992 CNOT10_5 5967 0.012467
5992 CNOT10_5 5997 0.012467
5992 CNOT10_5 5969 0.012467
5992 CNOT10_11 5969 0.921620
5992 CNOT10_11 5999 0.011197
5992 CNOT10_11 5968 0.011197
5992 CNOT10_11 6000 0.011197
5992 CNOT10_11 5966 0.011197
5992 CNOT10_11 5997 0.011197
5992 CNOT10_11 5967 0.011197
5992 CNOT10_11 5998 0.011197
5992 MEAS10 5981 0.496667
5992 MEAS10 5982 0.003333
5992 MEAS10 5983 0.426667
5992 MEAS10 5984 0.073333
5992 X5 5996 0.998863
5992 X5 5992 0.000379
5992 X5 5993 0.000379
5992 X5 5989 0.000379
5993 CNOT10_5 5997 0.912731
5993 CNOT10_5 5966 0.012467
5993 CNOT10_5 6000 0.012467
5993 CNOT10_5 5968 0.012467
5993 CNOT10_5 5999 0.012467
5993 CNOT10_5 5969 0.012467
5993 CNOT10_5 5998 0.012467
5993 CNOT10_5 5967 0.012467
5993 CNOT10_11 5967 0.921620
5993 CNOT10_11 6000 0.011197
5993 CNOT10_11 5966 0.011197
5993 CNOT10_11 5999 0.011197
5993 CNOT10_11 5968 0.011197
5993 CNOT10_11 5998 0.011197
5993 CNOT10_11 5969 0.011197
5993 CNOT10_11 5997 0.011197
5993 MEAS10 5981 0.496667
5993 MEAS10 5982 0.003333
5993 MEAS10 5983 0.426667
5993 MEAS10 5984 0.073333
5993 X5 5989 0.998863
5993 X5 5993 0.000379
5993 X5 5992 0.000379
5993 X5 5996 0.000379
5994 CNOT10_5 5999 0.912731
5994 CNOT10_5 5969 0.012467
5994 CNOT10_5 5998 0.012467
5994 CNOT10_5 5967 0.012467
5994 CNOT10_5 5997 0.012467
5994 CNOT10_5 5966 0.012467
5994 CNOT10_5 6000 0.012467
5994 CNOT10_5 5968 0.012467
5994 CNOT10_11 5999 0.921620
5994 CNOT10_11 5969 0.011197
5994 CNOT10_11 5998 0.011197
5994 CNOT10_11 5967 0.011197
5994 CNOT10_11 5997 0.011197
5994 CNOT10_11 5966 0.011197
5994 CNOT10_11 6000 0.011197
5994 CNOT10_11 5968 0.011197
5994 MEAS10 5985 0.496667
5994 MEAS10 5986 0.003333
5994 MEAS10 5987 0.426667
5994 MEAS10 5988 0.073333
5994 X5 5991 0.998863
5994 X5 5994 0.000379
5994 X5 5995 0.000379
5994 X5 5990 0.000379
5995 CNOT10_5 6000 0.912731
5995 CNOT10_5 5967 0.012467
5995 CNOT10_5 5997 0.012467
5995 CNOT10_5 5969 0.012467
5995 CNOT10_5 5998 0.012467
5995 CNOT10_5 5968 0.012467
5995 CNOT10_5 5999 0.012467
5995 CNOT10_5 5966 0.012467
5995 CNOT10_11 6000 0.921620
5995 CNOT10_11 5967 0.011197
5995 CNOT10_11 5997 0.011197
5995 CNOT10_11 5969 0.011197
5995 CNOT10_11 5998 0.011197
5995 CNOT10_11 5968 0.011197
5995 CNOT10_11 5999 0.011197
5995 CNOT10_11 5966 0.011197
5995 MEAS10 5985 0.496667
5995 MEAS10 5986 0.003333
5995 MEAS10 5987 0.426667
5995 MEAS10 5988 0.073333
5995 X5 5990 0.998863
5995 X5 5995 0.000379
5995 X5 5994 0.000379
5995 X5 5991 0.000379
5996 CNOT10_5 5968 0.912731
5996 CNOT10_5 5998 0.012467
5996 CNOT10_5 5969 0.012467
5996 CNOT10_5 5997 0.012467
5996 CNOT10_5 5967 0.012467
5996 CNOT10_5 6000 0.012467
5996 CNOT10_5 5966 0.012467
5996 CNOT10_5 5999 0.012467
5996 CNOT10_11 5968 0.921620
5996 CNOT10_11 5998 0.011197
5996 CNOT10_11 5969 0.011197
5996 CNOT10_11 5997 0.011197
5996 CNOT10_11 5967 0.011197
5996 CNOT10_11 6000 0.011197
5996 CNOT10_11 5966 0.011197
5996 CNOT10_11 5999 0.011197
5996 MEAS10 5953 0.496667
5996 MEAS10 5974 0.003333
5996 MEAS10 5975 0.426667
5996 MEAS10 5976 0.073333
5996 X5 5992 0.998863
5996 X5 5996 0.000379
5996 X5 5989 0.000379
5996 X5 5993 0.000379
5997 CNOT10_5 5993 0.912731
5997 CNOT10_5 5995 0.012467
5997 CNOT10_5 5994 0.012467
5997 CNOT10_5 5996 0.012467
5997 CNOT10_5 5989 0.012467
5997 CNOT10_5 5991 0.012467
5997 CNOT10_5 5990 0.012467
5997 CNOT10_5 5992 0.012467
5997 CNOT10_11 5990 0.921620
5997 CNOT10_11 5995 0.011197
5997 CNOT10_11 5994 0.011197
5997 CNOT10_11 5996 0.011197
5997 CNOT10_11 5989 0.011197
5997 CNOT10_11 5992 0.011197
5997 CNOT10_11 5993 0.011197
5997 CNOT10_11 5991 0.011197
5997 MEAS10 5997 0.853333
5997 MEAS10 5970 0.146667
5997 X5 6000 0.998863
5997 X5 5997 0.000379
5997 X5 5998 0.000379
5997 X5 5999 0.000379
5998 CNOT10_5 5992 0.912731
5998 CNOT10_5 5994 0.012467
5998 CNOT10_5 5995 0.012467
5998 CNOT10_5 5989 0.012467
5998 CNOT10_5 5996 0.012467
5998 CNOT10_5 5990 0.012467
5998 CNOT10_5 5991 0.012467
5998 CNOT10_5 5993 0.012467
5998 CNOT10_11 5991 0.921620
5998 CNOT10_11 5994 0.011197
5998 CNOT10_11 5995 0.011197
5998 CNOT10_11 5989 0.011197
5998 CNOT10_11 5996 0.011197
5998 CNOT10_11 5993 0.011197
5998 CNOT10_11 5992 0.011197
5998 CNOT10_11 5990 0.011197
5998 MEAS10 5998 0.853333
5998 MEAS10 5971 0.146667
5998 X5 5999 0.998863
5998 X5 5998 0.000379
5998 X5 5997 0.000379
5998 X5 6000 0.000379
5999 CNOT10_5 5994 0.912731
5999 CNOT10_5 5992 0.012467
5999 CNOT10_5 5993 0.012467
5999 CNOT10_5 5990 0.012467
5999 CNOT10_5 5991 0.012467
5999 CNOT10_5 5989 0.012467
5999 CNOT10_5 5996 0.012467
5999 CNOT10_5 5995 0.012467
5999 CNOT10_11 5994 0.921620
5999 CNOT10_11 5991 0.011197
5999 CNOT10_11 5990 0.011197
5999 CNOT10_11 5993 0.011197
5999 CNOT10_11 5992 0.011197
5999 CNOT10_11 5989 0.011197
5999 CNOT10_11 5996 0.011197
5999 CNOT10_11 5995 0.011197
5999 MEAS10 5999 0.853333
5999 MEAS10 5972 0.146667
5999 X5 5998 0.998863
5999 X5 5999 0.000379
5999 X5 6000 0.000379
5999 X5 5997 0.000379
6000 CNOT10_5 5995 0.912731
6000 CNOT10_5 5993 0.012467
6000 CNOT10_5 5992 0.012467
6000 CNOT10_5 5991 0.012467
6000 CNOT10_5 5990 0.012467
6000 CNOT10_5 5996 0.012467
6000 CNOT10_5 5989 0.012467
6000 CNOT10_5 5994 0.012467
6000 CNOT10_11 5995 0.921620
6000 CNOT10_11 5990 0.011197
6000 CNOT10_11 5991 0.011197
6000 CNOT10_11 5992 0.011197
6000 CNOT10_11 5993 0.011197
6000 CNOT10_11 5996 0.011197
6000 CNOT10_11 5989 0.011197
6000 CNOT10_11 5994 0.011197
6000 MEAS10 6000 0.853333
6000 MEAS10 5973 0.146667
6000 X5 5997 0.998863
6000 X5 6000 0.000379
6000 X5 5999 0.000379
6000 X5 5998 0.000379
ENDPOMDP
