BEGINPOMDP
INITIALSTATE: 3745
STATES: 3745,3746,3747,3748,3749,3750,3751,3752,3753,3754,3755,3756,3757,3758,3759,3760,3761,3762,3763,3764,3765,3766,3767,3768,3769,3770,3771,3772,3773,3774,3775,3776,3777,3778,3779,3780,3781,3782,3783,3784,3785,3786,3787,3788,3789,3790,3791,3792
TARGETV: 3746,3748,3750,3755,3756,3757,3758,3760,3764,3765,3781,3786,3787,3788,3791,3792
GAMMA: 3745:0,3746:0,3747:0,3748:0,3749:0,3750:0,3751:0,3752:0,3753:0,3754:0,3755:0,3756:0,3757:0,3758:1,3759:1,3760:1,3761:1,3762:0,3763:0,3764:0,3765:0,3766:1,3767:1,3768:0,3769:0,3770:1,3771:1,3772:0,3773:0,3774:1,3775:1,3776:0,3777:0,3778:1,3779:1,3780:0,3781:1,3782:1,3783:1,3784:1,3785:1,3786:1,3787:1,3788:1,3789:1,3790:1,3791:1,3792:1
BEGINACTIONS
CNOT5_6 Instruction.CNOT 6 5
CNOT5_9 Instruction.CNOT 9 5
MEAS5 Instruction.MEAS None 5
X6 Instruction.X None 6
ENDACTIONS
3745 INIT_ 3746 0.250000
3745 INIT_ 3747 0.250000
3745 INIT_ 3748 0.250000
3745 INIT_ 3749 0.250000
3745 CNOT5_6 3745 0.948443
3745 CNOT5_6 3772 0.017186
3745 CNOT5_6 3773 0.017186
3745 CNOT5_6 3780 0.017186
3745 CNOT5_9 3745 0.964571
3745 CNOT5_9 3776 0.011810
3745 CNOT5_9 3769 0.011810
3745 CNOT5_9 3780 0.011810
3745 MEAS5 3745 0.980800
3745 MEAS5 3766 0.019200
3745 X6 3773 0.998341
3745 X6 3745 0.001659
3746 CNOT5_6 3750 0.939850
3746 CNOT5_6 3751 0.008593
3746 CNOT5_6 3752 0.008593
3746 CNOT5_6 3753 0.008593
3746 CNOT5_6 3754 0.008593
3746 CNOT5_6 3755 0.008593
3746 CNOT5_6 3756 0.008593
3746 CNOT5_6 3757 0.008593
3746 CNOT5_9 3750 0.958666
3746 CNOT5_9 3754 0.005905
3746 CNOT5_9 3753 0.005905
3746 CNOT5_9 3752 0.005905
3746 CNOT5_9 3751 0.005905
3746 CNOT5_9 3755 0.005905
3746 CNOT5_9 3756 0.005905
3746 CNOT5_9 3757 0.005905
3746 MEAS5 3746 0.980800
3746 MEAS5 3758 0.019200
3746 X6 3747 0.997511
3746 X6 3746 0.000830
3746 X6 3748 0.000830
3746 X6 3749 0.000830
3747 CNOT5_6 3751 0.939850
3747 CNOT5_6 3750 0.008593
3747 CNOT5_6 3757 0.008593
3747 CNOT5_6 3755 0.008593
3747 CNOT5_6 3756 0.008593
3747 CNOT5_6 3753 0.008593
3747 CNOT5_6 3754 0.008593
3747 CNOT5_6 3752 0.008593
3747 CNOT5_9 3754 0.958666
3747 CNOT5_9 3750 0.005905
3747 CNOT5_9 3757 0.005905
3747 CNOT5_9 3755 0.005905
3747 CNOT5_9 3756 0.005905
3747 CNOT5_9 3752 0.005905
3747 CNOT5_9 3751 0.005905
3747 CNOT5_9 3753 0.005905
3747 MEAS5 3747 0.980800
3747 MEAS5 3759 0.019200
3747 X6 3746 0.997511
3747 X6 3747 0.000830
3747 X6 3749 0.000830
3747 X6 3748 0.000830
3748 CNOT5_6 3757 0.939850
3748 CNOT5_6 3752 0.008593
3748 CNOT5_6 3751 0.008593
3748 CNOT5_6 3754 0.008593
3748 CNOT5_6 3753 0.008593
3748 CNOT5_6 3756 0.008593
3748 CNOT5_6 3755 0.008593
3748 CNOT5_6 3750 0.008593
3748 CNOT5_9 3757 0.958666
3748 CNOT5_9 3753 0.005905
3748 CNOT5_9 3754 0.005905
3748 CNOT5_9 3751 0.005905
3748 CNOT5_9 3752 0.005905
3748 CNOT5_9 3756 0.005905
3748 CNOT5_9 3755 0.005905
3748 CNOT5_9 3750 0.005905
3748 MEAS5 3748 0.980800
3748 MEAS5 3760 0.019200
3748 X6 3749 0.997511
3748 X6 3748 0.000830
3748 X6 3746 0.000830
3748 X6 3747 0.000830
3749 CNOT5_6 3752 0.939850
3749 CNOT5_6 3757 0.008593
3749 CNOT5_6 3750 0.008593
3749 CNOT5_6 3756 0.008593
3749 CNOT5_6 3755 0.008593
3749 CNOT5_6 3754 0.008593
3749 CNOT5_6 3753 0.008593
3749 CNOT5_6 3751 0.008593
3749 CNOT5_9 3753 0.958666
3749 CNOT5_9 3757 0.005905
3749 CNOT5_9 3750 0.005905
3749 CNOT5_9 3756 0.005905
3749 CNOT5_9 3755 0.005905
3749 CNOT5_9 3751 0.005905
3749 CNOT5_9 3752 0.005905
3749 CNOT5_9 3754 0.005905
3749 MEAS5 3749 0.980800
3749 MEAS5 3761 0.019200
3749 X6 3748 0.997511
3749 X6 3749 0.000830
3749 X6 3747 0.000830
3749 X6 3746 0.000830
3750 CNOT5_6 3746 0.939850
3750 CNOT5_6 3762 0.008593
3750 CNOT5_6 3747 0.008593
3750 CNOT5_6 3763 0.008593
3750 CNOT5_6 3749 0.008593
3750 CNOT5_6 3764 0.008593
3750 CNOT5_6 3748 0.008593
3750 CNOT5_6 3765 0.008593
3750 CNOT5_9 3746 0.958666
3750 CNOT5_9 3762 0.005905
3750 CNOT5_9 3747 0.005905
3750 CNOT5_9 3763 0.005905
3750 CNOT5_9 3749 0.005905
3750 CNOT5_9 3764 0.005905
3750 CNOT5_9 3748 0.005905
3750 CNOT5_9 3765 0.005905
3750 MEAS5 3745 0.490400
3750 MEAS5 3766 0.009600
3750 MEAS5 3767 0.451800
3750 MEAS5 3768 0.048200
3750 X6 3754 0.997511
3750 X6 3750 0.000830
3750 X6 3757 0.000830
3750 X6 3753 0.000830
3751 CNOT5_6 3747 0.939850
3751 CNOT5_6 3765 0.008593
3751 CNOT5_6 3746 0.008593
3751 CNOT5_6 3764 0.008593
3751 CNOT5_6 3748 0.008593
3751 CNOT5_6 3763 0.008593
3751 CNOT5_6 3749 0.008593
3751 CNOT5_6 3762 0.008593
3751 CNOT5_9 3762 0.958666
3751 CNOT5_9 3746 0.005905
3751 CNOT5_9 3765 0.005905
3751 CNOT5_9 3748 0.005905
3751 CNOT5_9 3764 0.005905
3751 CNOT5_9 3749 0.005905
3751 CNOT5_9 3763 0.005905
3751 CNOT5_9 3747 0.005905
3751 MEAS5 3769 0.490400
3751 MEAS5 3770 0.009600
3751 MEAS5 3771 0.451800
3751 MEAS5 3772 0.048200
3751 X6 3756 0.997511
3751 X6 3751 0.000830
3751 X6 3752 0.000830
3751 X6 3755 0.000830
3752 CNOT5_6 3749 0.939850
3752 CNOT5_6 3764 0.008593
3752 CNOT5_6 3748 0.008593
3752 CNOT5_6 3765 0.008593
3752 CNOT5_6 3746 0.008593
3752 CNOT5_6 3762 0.008593
3752 CNOT5_6 3747 0.008593
3752 CNOT5_6 3763 0.008593
3752 CNOT5_9 3763 0.958666
3752 CNOT5_9 3748 0.005905
3752 CNOT5_9 3764 0.005905
3752 CNOT5_9 3746 0.005905
3752 CNOT5_9 3765 0.005905
3752 CNOT5_9 3747 0.005905
3752 CNOT5_9 3762 0.005905
3752 CNOT5_9 3749 0.005905
3752 MEAS5 3769 0.490400
3752 MEAS5 3770 0.009600
3752 MEAS5 3771 0.451800
3752 MEAS5 3772 0.048200
3752 X6 3755 0.997511
3752 X6 3752 0.000830
3752 X6 3751 0.000830
3752 X6 3756 0.000830
3753 CNOT5_6 3763 0.939850
3753 CNOT5_6 3748 0.008593
3753 CNOT5_6 3764 0.008593
3753 CNOT5_6 3746 0.008593
3753 CNOT5_6 3765 0.008593
3753 CNOT5_6 3747 0.008593
3753 CNOT5_6 3762 0.008593
3753 CNOT5_6 3749 0.008593
3753 CNOT5_9 3749 0.958666
3753 CNOT5_9 3764 0.005905
3753 CNOT5_9 3748 0.005905
3753 CNOT5_9 3765 0.005905
3753 CNOT5_9 3746 0.005905
3753 CNOT5_9 3762 0.005905
3753 CNOT5_9 3747 0.005905
3753 CNOT5_9 3763 0.005905
3753 MEAS5 3773 0.490400
3753 MEAS5 3774 0.009600
3753 MEAS5 3775 0.451800
3753 MEAS5 3776 0.048200
3753 X6 3757 0.997511
3753 X6 3753 0.000830
3753 X6 3754 0.000830
3753 X6 3750 0.000830
3754 CNOT5_6 3762 0.939850
3754 CNOT5_6 3746 0.008593
3754 CNOT5_6 3765 0.008593
3754 CNOT5_6 3748 0.008593
3754 CNOT5_6 3764 0.008593
3754 CNOT5_6 3749 0.008593
3754 CNOT5_6 3763 0.008593
3754 CNOT5_6 3747 0.008593
3754 CNOT5_9 3747 0.958666
3754 CNOT5_9 3765 0.005905
3754 CNOT5_9 3746 0.005905
3754 CNOT5_9 3764 0.005905
3754 CNOT5_9 3748 0.005905
3754 CNOT5_9 3763 0.005905
3754 CNOT5_9 3749 0.005905
3754 CNOT5_9 3762 0.005905
3754 MEAS5 3773 0.490400
3754 MEAS5 3774 0.009600
3754 MEAS5 3775 0.451800
3754 MEAS5 3776 0.048200
3754 X6 3750 0.997511
3754 X6 3754 0.000830
3754 X6 3753 0.000830
3754 X6 3757 0.000830
3755 CNOT5_6 3764 0.939850
3755 CNOT5_6 3749 0.008593
3755 CNOT5_6 3763 0.008593
3755 CNOT5_6 3747 0.008593
3755 CNOT5_6 3762 0.008593
3755 CNOT5_6 3746 0.008593
3755 CNOT5_6 3765 0.008593
3755 CNOT5_6 3748 0.008593
3755 CNOT5_9 3764 0.958666
3755 CNOT5_9 3749 0.005905
3755 CNOT5_9 3763 0.005905
3755 CNOT5_9 3747 0.005905
3755 CNOT5_9 3762 0.005905
3755 CNOT5_9 3746 0.005905
3755 CNOT5_9 3765 0.005905
3755 CNOT5_9 3748 0.005905
3755 MEAS5 3777 0.490400
3755 MEAS5 3778 0.009600
3755 MEAS5 3779 0.451800
3755 MEAS5 3780 0.048200
3755 X6 3752 0.997511
3755 X6 3755 0.000830
3755 X6 3756 0.000830
3755 X6 3751 0.000830
3756 CNOT5_6 3765 0.939850
3756 CNOT5_6 3747 0.008593
3756 CNOT5_6 3762 0.008593
3756 CNOT5_6 3749 0.008593
3756 CNOT5_6 3763 0.008593
3756 CNOT5_6 3748 0.008593
3756 CNOT5_6 3764 0.008593
3756 CNOT5_6 3746 0.008593
3756 CNOT5_9 3765 0.958666
3756 CNOT5_9 3747 0.005905
3756 CNOT5_9 3762 0.005905
3756 CNOT5_9 3749 0.005905
3756 CNOT5_9 3763 0.005905
3756 CNOT5_9 3748 0.005905
3756 CNOT5_9 3764 0.005905
3756 CNOT5_9 3746 0.005905
3756 MEAS5 3777 0.490400
3756 MEAS5 3778 0.009600
3756 MEAS5 3779 0.451800
3756 MEAS5 3780 0.048200
3756 X6 3751 0.997511
3756 X6 3756 0.000830
3756 X6 3755 0.000830
3756 X6 3752 0.000830
3757 CNOT5_6 3748 0.939850
3757 CNOT5_6 3763 0.008593
3757 CNOT5_6 3749 0.008593
3757 CNOT5_6 3762 0.008593
3757 CNOT5_6 3747 0.008593
3757 CNOT5_6 3765 0.008593
3757 CNOT5_6 3746 0.008593
3757 CNOT5_6 3764 0.008593
3757 CNOT5_9 3748 0.958666
3757 CNOT5_9 3763 0.005905
3757 CNOT5_9 3749 0.005905
3757 CNOT5_9 3762 0.005905
3757 CNOT5_9 3747 0.005905
3757 CNOT5_9 3765 0.005905
3757 CNOT5_9 3746 0.005905
3757 CNOT5_9 3764 0.005905
3757 MEAS5 3745 0.490400
3757 MEAS5 3766 0.009600
3757 MEAS5 3767 0.451800
3757 MEAS5 3768 0.048200
3757 X6 3753 0.997511
3757 X6 3757 0.000830
3757 X6 3750 0.000830
3757 X6 3754 0.000830
3758 CNOT5_6 3781 0.939850
3758 CNOT5_6 3782 0.008593
3758 CNOT5_6 3783 0.008593
3758 CNOT5_6 3784 0.008593
3758 CNOT5_6 3785 0.008593
3758 CNOT5_6 3786 0.008593
3758 CNOT5_6 3787 0.008593
3758 CNOT5_6 3788 0.008593
3758 CNOT5_9 3781 0.958666
3758 CNOT5_9 3785 0.005905
3758 CNOT5_9 3784 0.005905
3758 CNOT5_9 3783 0.005905
3758 CNOT5_9 3782 0.005905
3758 CNOT5_9 3786 0.005905
3758 CNOT5_9 3787 0.005905
3758 CNOT5_9 3788 0.005905
3758 MEAS5 3746 0.980800
3758 MEAS5 3758 0.019200
3758 X6 3759 0.997511
3758 X6 3758 0.000830
3758 X6 3760 0.000830
3758 X6 3761 0.000830
3759 CNOT5_6 3782 0.939850
3759 CNOT5_6 3781 0.008593
3759 CNOT5_6 3788 0.008593
3759 CNOT5_6 3786 0.008593
3759 CNOT5_6 3787 0.008593
3759 CNOT5_6 3784 0.008593
3759 CNOT5_6 3785 0.008593
3759 CNOT5_6 3783 0.008593
3759 CNOT5_9 3785 0.958666
3759 CNOT5_9 3781 0.005905
3759 CNOT5_9 3788 0.005905
3759 CNOT5_9 3786 0.005905
3759 CNOT5_9 3787 0.005905
3759 CNOT5_9 3783 0.005905
3759 CNOT5_9 3782 0.005905
3759 CNOT5_9 3784 0.005905
3759 MEAS5 3747 0.980800
3759 MEAS5 3759 0.019200
3759 X6 3758 0.997511
3759 X6 3759 0.000830
3759 X6 3761 0.000830
3759 X6 3760 0.000830
3760 CNOT5_6 3788 0.939850
3760 CNOT5_6 3783 0.008593
3760 CNOT5_6 3782 0.008593
3760 CNOT5_6 3785 0.008593
3760 CNOT5_6 3784 0.008593
3760 CNOT5_6 3787 0.008593
3760 CNOT5_6 3786 0.008593
3760 CNOT5_6 3781 0.008593
3760 CNOT5_9 3788 0.958666
3760 CNOT5_9 3784 0.005905
3760 CNOT5_9 3785 0.005905
3760 CNOT5_9 3782 0.005905
3760 CNOT5_9 3783 0.005905
3760 CNOT5_9 3787 0.005905
3760 CNOT5_9 3786 0.005905
3760 CNOT5_9 3781 0.005905
3760 MEAS5 3748 0.980800
3760 MEAS5 3760 0.019200
3760 X6 3761 0.997511
3760 X6 3760 0.000830
3760 X6 3758 0.000830
3760 X6 3759 0.000830
3761 CNOT5_6 3783 0.939850
3761 CNOT5_6 3788 0.008593
3761 CNOT5_6 3781 0.008593
3761 CNOT5_6 3787 0.008593
3761 CNOT5_6 3786 0.008593
3761 CNOT5_6 3785 0.008593
3761 CNOT5_6 3784 0.008593
3761 CNOT5_6 3782 0.008593
3761 CNOT5_9 3784 0.958666
3761 CNOT5_9 3788 0.005905
3761 CNOT5_9 3781 0.005905
3761 CNOT5_9 3787 0.005905
3761 CNOT5_9 3786 0.005905
3761 CNOT5_9 3782 0.005905
3761 CNOT5_9 3783 0.005905
3761 CNOT5_9 3785 0.005905
3761 MEAS5 3749 0.980800
3761 MEAS5 3761 0.019200
3761 X6 3760 0.997511
3761 X6 3761 0.000830
3761 X6 3759 0.000830
3761 X6 3758 0.000830
3762 CNOT5_6 3754 0.939850
3762 CNOT5_6 3756 0.008593
3762 CNOT5_6 3755 0.008593
3762 CNOT5_6 3757 0.008593
3762 CNOT5_6 3750 0.008593
3762 CNOT5_6 3752 0.008593
3762 CNOT5_6 3751 0.008593
3762 CNOT5_6 3753 0.008593
3762 CNOT5_9 3751 0.958666
3762 CNOT5_9 3756 0.005905
3762 CNOT5_9 3755 0.005905
3762 CNOT5_9 3757 0.005905
3762 CNOT5_9 3750 0.005905
3762 CNOT5_9 3753 0.005905
3762 CNOT5_9 3754 0.005905
3762 CNOT5_9 3752 0.005905
3762 MEAS5 3789 0.903600
3762 MEAS5 3762 0.096400
3762 X6 3765 0.997511
3762 X6 3762 0.000830
3762 X6 3763 0.000830
3762 X6 3764 0.000830
3763 CNOT5_6 3753 0.939850
3763 CNOT5_6 3755 0.008593
3763 CNOT5_6 3756 0.008593
3763 CNOT5_6 3750 0.008593
3763 CNOT5_6 3757 0.008593
3763 CNOT5_6 3751 0.008593
3763 CNOT5_6 3752 0.008593
3763 CNOT5_6 3754 0.008593
3763 CNOT5_9 3752 0.958666
3763 CNOT5_9 3755 0.005905
3763 CNOT5_9 3756 0.005905
3763 CNOT5_9 3750 0.005905
3763 CNOT5_9 3757 0.005905
3763 CNOT5_9 3754 0.005905
3763 CNOT5_9 3753 0.005905
3763 CNOT5_9 3751 0.005905
3763 MEAS5 3790 0.903600
3763 MEAS5 3763 0.096400
3763 X6 3764 0.997511
3763 X6 3763 0.000830
3763 X6 3762 0.000830
3763 X6 3765 0.000830
3764 CNOT5_6 3755 0.939850
3764 CNOT5_6 3753 0.008593
3764 CNOT5_6 3754 0.008593
3764 CNOT5_6 3751 0.008593
3764 CNOT5_6 3752 0.008593
3764 CNOT5_6 3750 0.008593
3764 CNOT5_6 3757 0.008593
3764 CNOT5_6 3756 0.008593
3764 CNOT5_9 3755 0.958666
3764 CNOT5_9 3752 0.005905
3764 CNOT5_9 3751 0.005905
3764 CNOT5_9 3754 0.005905
3764 CNOT5_9 3753 0.005905
3764 CNOT5_9 3750 0.005905
3764 CNOT5_9 3757 0.005905
3764 CNOT5_9 3756 0.005905
3764 MEAS5 3791 0.903600
3764 MEAS5 3764 0.096400
3764 X6 3763 0.997511
3764 X6 3764 0.000830
3764 X6 3765 0.000830
3764 X6 3762 0.000830
3765 CNOT5_6 3756 0.939850
3765 CNOT5_6 3754 0.008593
3765 CNOT5_6 3753 0.008593
3765 CNOT5_6 3752 0.008593
3765 CNOT5_6 3751 0.008593
3765 CNOT5_6 3757 0.008593
3765 CNOT5_6 3750 0.008593
3765 CNOT5_6 3755 0.008593
3765 CNOT5_9 3756 0.958666
3765 CNOT5_9 3751 0.005905
3765 CNOT5_9 3752 0.005905
3765 CNOT5_9 3753 0.005905
3765 CNOT5_9 3754 0.005905
3765 CNOT5_9 3757 0.005905
3765 CNOT5_9 3750 0.005905
3765 CNOT5_9 3755 0.005905
3765 MEAS5 3792 0.903600
3765 MEAS5 3765 0.096400
3765 X6 3762 0.997511
3765 X6 3765 0.000830
3765 X6 3764 0.000830
3765 X6 3763 0.000830
3766 CNOT5_6 3766 0.948443
3766 CNOT5_6 3771 0.017186
3766 CNOT5_6 3774 0.017186
3766 CNOT5_6 3779 0.017186
3766 CNOT5_9 3766 0.964571
3766 CNOT5_9 3775 0.011810
3766 CNOT5_9 3770 0.011810
3766 CNOT5_9 3779 0.011810
3766 MEAS5 3745 0.980800
3766 MEAS5 3766 0.019200
3766 X6 3774 0.998341
3766 X6 3766 0.001659
3767 CNOT5_6 3778 0.948443
3767 CNOT5_6 3775 0.017186
3767 CNOT5_6 3770 0.017186
3767 CNOT5_6 3767 0.017186
3767 CNOT5_9 3778 0.964571
3767 CNOT5_9 3771 0.011810
3767 CNOT5_9 3774 0.011810
3767 CNOT5_9 3767 0.011810
3767 MEAS5 3767 0.903600
3767 MEAS5 3768 0.096400
3767 X6 3775 0.998341
3767 X6 3767 0.001659
3768 CNOT5_6 3777 0.948443
3768 CNOT5_6 3776 0.017186
3768 CNOT5_6 3769 0.017186
3768 CNOT5_6 3768 0.017186
3768 CNOT5_9 3777 0.964571
3768 CNOT5_9 3772 0.011810
3768 CNOT5_9 3773 0.011810
3768 CNOT5_9 3768 0.011810
3768 MEAS5 3767 0.903600
3768 MEAS5 3768 0.096400
3768 X6 3776 0.998341
3768 X6 3768 0.001659
3769 CNOT5_6 3769 0.948443
3769 CNOT5_6 3768 0.017186
3769 CNOT5_6 3777 0.017186
3769 CNOT5_6 3776 0.017186
3769 CNOT5_9 3776 0.964571
3769 CNOT5_9 3745 0.011810
3769 CNOT5_9 3780 0.011810
3769 CNOT5_9 3769 0.011810
3769 MEAS5 3769 0.980800
3769 MEAS5 3770 0.019200
3769 X6 3777 0.998341
3769 X6 3769 0.001659
3770 CNOT5_6 3770 0.948443
3770 CNOT5_6 3767 0.017186
3770 CNOT5_6 3778 0.017186
3770 CNOT5_6 3775 0.017186
3770 CNOT5_9 3775 0.964571
3770 CNOT5_9 3766 0.011810
3770 CNOT5_9 3779 0.011810
3770 CNOT5_9 3770 0.011810
3770 MEAS5 3769 0.980800
3770 MEAS5 3770 0.019200
3770 X6 3778 0.998341
3770 X6 3770 0.001659
3771 CNOT5_6 3774 0.948443
3771 CNOT5_6 3779 0.017186
3771 CNOT5_6 3766 0.017186
3771 CNOT5_6 3771 0.017186
3771 CNOT5_9 3771 0.964571
3771 CNOT5_9 3778 0.011810
3771 CNOT5_9 3767 0.011810
3771 CNOT5_9 3774 0.011810
3771 MEAS5 3771 0.903600
3771 MEAS5 3772 0.096400
3771 X6 3779 0.998341
3771 X6 3771 0.001659
3772 CNOT5_6 3773 0.948443
3772 CNOT5_6 3780 0.017186
3772 CNOT5_6 3745 0.017186
3772 CNOT5_6 3772 0.017186
3772 CNOT5_9 3772 0.964571
3772 CNOT5_9 3777 0.011810
3772 CNOT5_9 3768 0.011810
3772 CNOT5_9 3773 0.011810
3772 MEAS5 3771 0.903600
3772 MEAS5 3772 0.096400
3772 X6 3780 0.998341
3772 X6 3772 0.001659
3773 CNOT5_6 3772 0.948443
3773 CNOT5_6 3745 0.017186
3773 CNOT5_6 3780 0.017186
3773 CNOT5_6 3773 0.017186
3773 CNOT5_9 3773 0.964571
3773 CNOT5_9 3768 0.011810
3773 CNOT5_9 3777 0.011810
3773 CNOT5_9 3772 0.011810
3773 MEAS5 3773 0.980800
3773 MEAS5 3774 0.019200
3773 X6 3745 0.998341
3773 X6 3773 0.001659
3774 CNOT5_6 3771 0.948443
3774 CNOT5_6 3766 0.017186
3774 CNOT5_6 3779 0.017186
3774 CNOT5_6 3774 0.017186
3774 CNOT5_9 3774 0.964571
3774 CNOT5_9 3767 0.011810
3774 CNOT5_9 3778 0.011810
3774 CNOT5_9 3771 0.011810
3774 MEAS5 3773 0.980800
3774 MEAS5 3774 0.019200
3774 X6 3766 0.998341
3774 X6 3774 0.001659
3775 CNOT5_6 3775 0.948443
3775 CNOT5_6 3778 0.017186
3775 CNOT5_6 3767 0.017186
3775 CNOT5_6 3770 0.017186
3775 CNOT5_9 3770 0.964571
3775 CNOT5_9 3779 0.011810
3775 CNOT5_9 3766 0.011810
3775 CNOT5_9 3775 0.011810
3775 MEAS5 3775 0.903600
3775 MEAS5 3776 0.096400
3775 X6 3767 0.998341
3775 X6 3775 0.001659
3776 CNOT5_6 3776 0.948443
3776 CNOT5_6 3777 0.017186
3776 CNOT5_6 3768 0.017186
3776 CNOT5_6 3769 0.017186
3776 CNOT5_9 3769 0.964571
3776 CNOT5_9 3780 0.011810
3776 CNOT5_9 3745 0.011810
3776 CNOT5_9 3776 0.011810
3776 MEAS5 3775 0.903600
3776 MEAS5 3776 0.096400
3776 X6 3768 0.998341
3776 X6 3776 0.001659
3777 CNOT5_6 3768 0.948443
3777 CNOT5_6 3769 0.017186
3777 CNOT5_6 3776 0.017186
3777 CNOT5_6 3777 0.017186
3777 CNOT5_9 3768 0.964571
3777 CNOT5_9 3773 0.011810
3777 CNOT5_9 3772 0.011810
3777 CNOT5_9 3777 0.011810
3777 MEAS5 3777 0.980800
3777 MEAS5 3778 0.019200
3777 X6 3769 0.998341
3777 X6 3777 0.001659
3778 CNOT5_6 3767 0.948443
3778 CNOT5_6 3770 0.017186
3778 CNOT5_6 3775 0.017186
3778 CNOT5_6 3778 0.017186
3778 CNOT5_9 3767 0.964571
3778 CNOT5_9 3774 0.011810
3778 CNOT5_9 3771 0.011810
3778 CNOT5_9 3778 0.011810
3778 MEAS5 3777 0.980800
3778 MEAS5 3778 0.019200
3778 X6 3770 0.998341
3778 X6 3778 0.001659
3779 CNOT5_6 3779 0.948443
3779 CNOT5_6 3774 0.017186
3779 CNOT5_6 3771 0.017186
3779 CNOT5_6 3766 0.017186
3779 CNOT5_9 3779 0.964571
3779 CNOT5_9 3770 0.011810
3779 CNOT5_9 3775 0.011810
3779 CNOT5_9 3766 0.011810
3779 MEAS5 3779 0.903600
3779 MEAS5 3780 0.096400
3779 X6 3771 0.998341
3779 X6 3779 0.001659
3780 CNOT5_6 3780 0.948443
3780 CNOT5_6 3773 0.017186
3780 CNOT5_6 3772 0.017186
3780 CNOT5_6 3745 0.017186
3780 CNOT5_9 3780 0.964571
3780 CNOT5_9 3769 0.011810
3780 CNOT5_9 3776 0.011810
3780 CNOT5_9 3745 0.011810
3780 MEAS5 3779 0.903600
3780 MEAS5 3780 0.096400
3780 X6 3772 0.998341
3780 X6 3780 0.001659
3781 CNOT5_6 3758 0.939850
3781 CNOT5_6 3789 0.008593
3781 CNOT5_6 3759 0.008593
3781 CNOT5_6 3790 0.008593
3781 CNOT5_6 3761 0.008593
3781 CNOT5_6 3791 0.008593
3781 CNOT5_6 3760 0.008593
3781 CNOT5_6 3792 0.008593
3781 CNOT5_9 3758 0.958666
3781 CNOT5_9 3789 0.005905
3781 CNOT5_9 3759 0.005905
3781 CNOT5_9 3790 0.005905
3781 CNOT5_9 3761 0.005905
3781 CNOT5_9 3791 0.005905
3781 CNOT5_9 3760 0.005905
3781 CNOT5_9 3792 0.005905
3781 MEAS5 3745 0.490400
3781 MEAS5 3766 0.009600
3781 MEAS5 3767 0.451800
3781 MEAS5 3768 0.048200
3781 X6 3785 0.997511
3781 X6 3781 0.000830
3781 X6 3788 0.000830
3781 X6 3784 0.000830
3782 CNOT5_6 3759 0.939850
3782 CNOT5_6 3792 0.008593
3782 CNOT5_6 3758 0.008593
3782 CNOT5_6 3791 0.008593
3782 CNOT5_6 3760 0.008593
3782 CNOT5_6 3790 0.008593
3782 CNOT5_6 3761 0.008593
3782 CNOT5_6 3789 0.008593
3782 CNOT5_9 3789 0.958666
3782 CNOT5_9 3758 0.005905
3782 CNOT5_9 3792 0.005905
3782 CNOT5_9 3760 0.005905
3782 CNOT5_9 3791 0.005905
3782 CNOT5_9 3761 0.005905
3782 CNOT5_9 3790 0.005905
3782 CNOT5_9 3759 0.005905
3782 MEAS5 3769 0.490400
3782 MEAS5 3770 0.009600
3782 MEAS5 3771 0.451800
3782 MEAS5 3772 0.048200
3782 X6 3787 0.997511
3782 X6 3782 0.000830
3782 X6 3783 0.000830
3782 X6 3786 0.000830
3783 CNOT5_6 3761 0.939850
3783 CNOT5_6 3791 0.008593
3783 CNOT5_6 3760 0.008593
3783 CNOT5_6 3792 0.008593
3783 CNOT5_6 3758 0.008593
3783 CNOT5_6 3789 0.008593
3783 CNOT5_6 3759 0.008593
3783 CNOT5_6 3790 0.008593
3783 CNOT5_9 3790 0.958666
3783 CNOT5_9 3760 0.005905
3783 CNOT5_9 3791 0.005905
3783 CNOT5_9 3758 0.005905
3783 CNOT5_9 3792 0.005905
3783 CNOT5_9 3759 0.005905
3783 CNOT5_9 3789 0.005905
3783 CNOT5_9 3761 0.005905
3783 MEAS5 3769 0.490400
3783 MEAS5 3770 0.009600
3783 MEAS5 3771 0.451800
3783 MEAS5 3772 0.048200
3783 X6 3786 0.997511
3783 X6 3783 0.000830
3783 X6 3782 0.000830
3783 X6 3787 0.000830
3784 CNOT5_6 3790 0.939850
3784 CNOT5_6 3760 0.008593
3784 CNOT5_6 3791 0.008593
3784 CNOT5_6 3758 0.008593
3784 CNOT5_6 3792 0.008593
3784 CNOT5_6 3759 0.008593
3784 CNOT5_6 3789 0.008593
3784 CNOT5_6 3761 0.008593
3784 CNOT5_9 3761 0.958666
3784 CNOT5_9 3791 0.005905
3784 CNOT5_9 3760 0.005905
3784 CNOT5_9 3792 0.005905
3784 CNOT5_9 3758 0.005905
3784 CNOT5_9 3789 0.005905
3784 CNOT5_9 3759 0.005905
3784 CNOT5_9 3790 0.005905
3784 MEAS5 3773 0.490400
3784 MEAS5 3774 0.009600
3784 MEAS5 3775 0.451800
3784 MEAS5 3776 0.048200
3784 X6 3788 0.997511
3784 X6 3784 0.000830
3784 X6 3785 0.000830
3784 X6 3781 0.000830
3785 CNOT5_6 3789 0.939850
3785 CNOT5_6 3758 0.008593
3785 CNOT5_6 3792 0.008593
3785 CNOT5_6 3760 0.008593
3785 CNOT5_6 3791 0.008593
3785 CNOT5_6 3761 0.008593
3785 CNOT5_6 3790 0.008593
3785 CNOT5_6 3759 0.008593
3785 CNOT5_9 3759 0.958666
3785 CNOT5_9 3792 0.005905
3785 CNOT5_9 3758 0.005905
3785 CNOT5_9 3791 0.005905
3785 CNOT5_9 3760 0.005905
3785 CNOT5_9 3790 0.005905
3785 CNOT5_9 3761 0.005905
3785 CNOT5_9 3789 0.005905
3785 MEAS5 3773 0.490400
3785 MEAS5 3774 0.009600
3785 MEAS5 3775 0.451800
3785 MEAS5 3776 0.048200
3785 X6 3781 0.997511
3785 X6 3785 0.000830
3785 X6 3784 0.000830
3785 X6 3788 0.000830
3786 CNOT5_6 3791 0.939850
3786 CNOT5_6 3761 0.008593
3786 CNOT5_6 3790 0.008593
3786 CNOT5_6 3759 0.008593
3786 CNOT5_6 3789 0.008593
3786 CNOT5_6 3758 0.008593
3786 CNOT5_6 3792 0.008593
3786 CNOT5_6 3760 0.008593
3786 CNOT5_9 3791 0.958666
3786 CNOT5_9 3761 0.005905
3786 CNOT5_9 3790 0.005905
3786 CNOT5_9 3759 0.005905
3786 CNOT5_9 3789 0.005905
3786 CNOT5_9 3758 0.005905
3786 CNOT5_9 3792 0.005905
3786 CNOT5_9 3760 0.005905
3786 MEAS5 3777 0.490400
3786 MEAS5 3778 0.009600
3786 MEAS5 3779 0.451800
3786 MEAS5 3780 0.048200
3786 X6 3783 0.997511
3786 X6 3786 0.000830
3786 X6 3787 0.000830
3786 X6 3782 0.000830
3787 CNOT5_6 3792 0.939850
3787 CNOT5_6 3759 0.008593
3787 CNOT5_6 3789 0.008593
3787 CNOT5_6 3761 0.008593
3787 CNOT5_6 3790 0.008593
3787 CNOT5_6 3760 0.008593
3787 CNOT5_6 3791 0.008593
3787 CNOT5_6 3758 0.008593
3787 CNOT5_9 3792 0.958666
3787 CNOT5_9 3759 0.005905
3787 CNOT5_9 3789 0.005905
3787 CNOT5_9 3761 0.005905
3787 CNOT5_9 3790 0.005905
3787 CNOT5_9 3760 0.005905
3787 CNOT5_9 3791 0.005905
3787 CNOT5_9 3758 0.005905
3787 MEAS5 3777 0.490400
3787 MEAS5 3778 0.009600
3787 MEAS5 3779 0.451800
3787 MEAS5 3780 0.048200
3787 X6 3782 0.997511
3787 X6 3787 0.000830
3787 X6 3786 0.000830
3787 X6 3783 0.000830
3788 CNOT5_6 3760 0.939850
3788 CNOT5_6 3790 0.008593
3788 CNOT5_6 3761 0.008593
3788 CNOT5_6 3789 0.008593
3788 CNOT5_6 3759 0.008593
3788 CNOT5_6 3792 0.008593
3788 CNOT5_6 3758 0.008593
3788 CNOT5_6 3791 0.008593
3788 CNOT5_9 3760 0.958666
3788 CNOT5_9 3790 0.005905
3788 CNOT5_9 3761 0.005905
3788 CNOT5_9 3789 0.005905
3788 CNOT5_9 3759 0.005905
3788 CNOT5_9 3792 0.005905
3788 CNOT5_9 3758 0.005905
3788 CNOT5_9 3791 0.005905
3788 MEAS5 3745 0.490400
3788 MEAS5 3766 0.009600
3788 MEAS5 3767 0.451800
3788 MEAS5 3768 0.048200
3788 X6 3784 0.997511
3788 X6 3788 0.000830
3788 X6 3781 0.000830
3788 X6 3785 0.000830
3789 CNOT5_6 3785 0.939850
3789 CNOT5_6 3787 0.008593
3789 CNOT5_6 3786 0.008593
3789 CNOT5_6 3788 0.008593
3789 CNOT5_6 3781 0.008593
3789 CNOT5_6 3783 0.008593
3789 CNOT5_6 3782 0.008593
3789 CNOT5_6 3784 0.008593
3789 CNOT5_9 3782 0.958666
3789 CNOT5_9 3787 0.005905
3789 CNOT5_9 3786 0.005905
3789 CNOT5_9 3788 0.005905
3789 CNOT5_9 3781 0.005905
3789 CNOT5_9 3784 0.005905
3789 CNOT5_9 3785 0.005905
3789 CNOT5_9 3783 0.005905
3789 MEAS5 3789 0.903600
3789 MEAS5 3762 0.096400
3789 X6 3792 0.997511
3789 X6 3789 0.000830
3789 X6 3790 0.000830
3789 X6 3791 0.000830
3790 CNOT5_6 3784 0.939850
3790 CNOT5_6 3786 0.008593
3790 CNOT5_6 3787 0.008593
3790 CNOT5_6 3781 0.008593
3790 CNOT5_6 3788 0.008593
3790 CNOT5_6 3782 0.008593
3790 CNOT5_6 3783 0.008593
3790 CNOT5_6 3785 0.008593
3790 CNOT5_9 3783 0.958666
3790 CNOT5_9 3786 0.005905
3790 CNOT5_9 3787 0.005905
3790 CNOT5_9 3781 0.005905
3790 CNOT5_9 3788 0.005905
3790 CNOT5_9 3785 0.005905
3790 CNOT5_9 3784 0.005905
3790 CNOT5_9 3782 0.005905
3790 MEAS5 3790 0.903600
3790 MEAS5 3763 0.096400
3790 X6 3791 0.997511
3790 X6 3790 0.000830
3790 X6 3789 0.000830
3790 X6 3792 0.000830
3791 CNOT5_6 3786 0.939850
3791 CNOT5_6 3784 0.008593
3791 CNOT5_6 3785 0.008593
3791 CNOT5_6 3782 0.008593
3791 CNOT5_6 3783 0.008593
3791 CNOT5_6 3781 0.008593
3791 CNOT5_6 3788 0.008593
3791 CNOT5_6 3787 0.008593
3791 CNOT5_9 3786 0.958666
3791 CNOT5_9 3783 0.005905
3791 CNOT5_9 3782 0.005905
3791 CNOT5_9 3785 0.005905
3791 CNOT5_9 3784 0.005905
3791 CNOT5_9 3781 0.005905
3791 CNOT5_9 3788 0.005905
3791 CNOT5_9 3787 0.005905
3791 MEAS5 3791 0.903600
3791 MEAS5 3764 0.096400
3791 X6 3790 0.997511
3791 X6 3791 0.000830
3791 X6 3792 0.000830
3791 X6 3789 0.000830
3792 CNOT5_6 3787 0.939850
3792 CNOT5_6 3785 0.008593
3792 CNOT5_6 3784 0.008593
3792 CNOT5_6 3783 0.008593
3792 CNOT5_6 3782 0.008593
3792 CNOT5_6 3788 0.008593
3792 CNOT5_6 3781 0.008593
3792 CNOT5_6 3786 0.008593
3792 CNOT5_9 3787 0.958666
3792 CNOT5_9 3782 0.005905
3792 CNOT5_9 3783 0.005905
3792 CNOT5_9 3784 0.005905
3792 CNOT5_9 3785 0.005905
3792 CNOT5_9 3788 0.005905
3792 CNOT5_9 3781 0.005905
3792 CNOT5_9 3786 0.005905
3792 MEAS5 3792 0.903600
3792 MEAS5 3765 0.096400
3792 X6 3789 0.997511
3792 X6 3792 0.000830
3792 X6 3791 0.000830
3792 X6 3790 0.000830
ENDPOMDP
