BEGINPOMDP
INITIALSTATE: 9649
STATES: 9649,9650,9651,9652,9653,9654,9655,9656,9657,9658,9659,9660,9661,9662,9663,9664,9665,9666,9667,9668,9669,9670,9671,9672,9673,9674,9675,9676,9677,9678,9679,9680,9681,9682,9683,9684,9685,9686,9687,9688,9689,9690,9691,9692,9693,9694,9695,9696
TARGETV: 9650,9652,9654,9659,9660,9661,9662,9664,9668,9669,9685,9690,9691,9692,9695,9696
GAMMA: 9649:0,9650:0,9651:0,9652:0,9653:0,9654:0,9655:0,9656:0,9657:0,9658:0,9659:0,9660:0,9661:0,9662:1,9663:1,9664:1,9665:1,9666:0,9667:0,9668:0,9669:0,9670:1,9671:1,9672:0,9673:0,9674:1,9675:1,9676:0,9677:0,9678:1,9679:1,9680:0,9681:0,9682:1,9683:1,9684:0,9685:1,9686:1,9687:1,9688:1,9689:1,9690:1,9691:1,9692:1,9693:1,9694:1,9695:1,9696:1
BEGINACTIONS
CNOT43_44 Instruction.CNOT 44 43
CNOT43_42 Instruction.CNOT 42 43
MEAS43 Instruction.MEAS None 43
X44 Instruction.X None 44
ENDACTIONS
9649 INIT_ 9650 0.250000
9649 INIT_ 9651 0.250000
9649 INIT_ 9652 0.250000
9649 INIT_ 9653 0.250000
9649 CNOT43_44 9649 0.969816
9649 CNOT43_44 9676 0.010061
9649 CNOT43_44 9677 0.010061
9649 CNOT43_44 9684 0.010061
9649 CNOT43_42 9649 0.974762
9649 CNOT43_42 9680 0.008413
9649 CNOT43_42 9673 0.008413
9649 CNOT43_42 9684 0.008413
9649 MEAS43 9649 0.790000
9649 MEAS43 9670 0.210000
9649 X44 9677 0.997741
9649 X44 9649 0.002259
9650 CNOT43_44 9654 0.964786
9650 CNOT43_44 9655 0.005031
9650 CNOT43_44 9656 0.005031
9650 CNOT43_44 9657 0.005031
9650 CNOT43_44 9658 0.005031
9650 CNOT43_44 9659 0.005031
9650 CNOT43_44 9660 0.005031
9650 CNOT43_44 9661 0.005031
9650 CNOT43_42 9654 0.970556
9650 CNOT43_42 9658 0.004206
9650 CNOT43_42 9657 0.004206
9650 CNOT43_42 9656 0.004206
9650 CNOT43_42 9655 0.004206
9650 CNOT43_42 9659 0.004206
9650 CNOT43_42 9660 0.004206
9650 CNOT43_42 9661 0.004206
9650 MEAS43 9650 0.790000
9650 MEAS43 9662 0.210000
9650 X44 9651 0.996611
9650 X44 9650 0.001130
9650 X44 9652 0.001130
9650 X44 9653 0.001130
9651 CNOT43_44 9655 0.964786
9651 CNOT43_44 9654 0.005031
9651 CNOT43_44 9661 0.005031
9651 CNOT43_44 9659 0.005031
9651 CNOT43_44 9660 0.005031
9651 CNOT43_44 9657 0.005031
9651 CNOT43_44 9658 0.005031
9651 CNOT43_44 9656 0.005031
9651 CNOT43_42 9658 0.970556
9651 CNOT43_42 9654 0.004206
9651 CNOT43_42 9661 0.004206
9651 CNOT43_42 9659 0.004206
9651 CNOT43_42 9660 0.004206
9651 CNOT43_42 9656 0.004206
9651 CNOT43_42 9655 0.004206
9651 CNOT43_42 9657 0.004206
9651 MEAS43 9651 0.790000
9651 MEAS43 9663 0.210000
9651 X44 9650 0.996611
9651 X44 9651 0.001130
9651 X44 9653 0.001130
9651 X44 9652 0.001130
9652 CNOT43_44 9661 0.964786
9652 CNOT43_44 9656 0.005031
9652 CNOT43_44 9655 0.005031
9652 CNOT43_44 9658 0.005031
9652 CNOT43_44 9657 0.005031
9652 CNOT43_44 9660 0.005031
9652 CNOT43_44 9659 0.005031
9652 CNOT43_44 9654 0.005031
9652 CNOT43_42 9661 0.970556
9652 CNOT43_42 9657 0.004206
9652 CNOT43_42 9658 0.004206
9652 CNOT43_42 9655 0.004206
9652 CNOT43_42 9656 0.004206
9652 CNOT43_42 9660 0.004206
9652 CNOT43_42 9659 0.004206
9652 CNOT43_42 9654 0.004206
9652 MEAS43 9652 0.790000
9652 MEAS43 9664 0.210000
9652 X44 9653 0.996611
9652 X44 9652 0.001130
9652 X44 9650 0.001130
9652 X44 9651 0.001130
9653 CNOT43_44 9656 0.964786
9653 CNOT43_44 9661 0.005031
9653 CNOT43_44 9654 0.005031
9653 CNOT43_44 9660 0.005031
9653 CNOT43_44 9659 0.005031
9653 CNOT43_44 9658 0.005031
9653 CNOT43_44 9657 0.005031
9653 CNOT43_44 9655 0.005031
9653 CNOT43_42 9657 0.970556
9653 CNOT43_42 9661 0.004206
9653 CNOT43_42 9654 0.004206
9653 CNOT43_42 9660 0.004206
9653 CNOT43_42 9659 0.004206
9653 CNOT43_42 9655 0.004206
9653 CNOT43_42 9656 0.004206
9653 CNOT43_42 9658 0.004206
9653 MEAS43 9653 0.790000
9653 MEAS43 9665 0.210000
9653 X44 9652 0.996611
9653 X44 9653 0.001130
9653 X44 9651 0.001130
9653 X44 9650 0.001130
9654 CNOT43_44 9650 0.964786
9654 CNOT43_44 9666 0.005031
9654 CNOT43_44 9651 0.005031
9654 CNOT43_44 9667 0.005031
9654 CNOT43_44 9653 0.005031
9654 CNOT43_44 9668 0.005031
9654 CNOT43_44 9652 0.005031
9654 CNOT43_44 9669 0.005031
9654 CNOT43_42 9650 0.970556
9654 CNOT43_42 9666 0.004206
9654 CNOT43_42 9651 0.004206
9654 CNOT43_42 9667 0.004206
9654 CNOT43_42 9653 0.004206
9654 CNOT43_42 9668 0.004206
9654 CNOT43_42 9652 0.004206
9654 CNOT43_42 9669 0.004206
9654 MEAS43 9649 0.395000
9654 MEAS43 9670 0.105000
9654 MEAS43 9671 0.395625
9654 MEAS43 9672 0.104375
9654 X44 9658 0.996611
9654 X44 9654 0.001130
9654 X44 9661 0.001130
9654 X44 9657 0.001130
9655 CNOT43_44 9651 0.964786
9655 CNOT43_44 9669 0.005031
9655 CNOT43_44 9650 0.005031
9655 CNOT43_44 9668 0.005031
9655 CNOT43_44 9652 0.005031
9655 CNOT43_44 9667 0.005031
9655 CNOT43_44 9653 0.005031
9655 CNOT43_44 9666 0.005031
9655 CNOT43_42 9666 0.970556
9655 CNOT43_42 9650 0.004206
9655 CNOT43_42 9669 0.004206
9655 CNOT43_42 9652 0.004206
9655 CNOT43_42 9668 0.004206
9655 CNOT43_42 9653 0.004206
9655 CNOT43_42 9667 0.004206
9655 CNOT43_42 9651 0.004206
9655 MEAS43 9673 0.395000
9655 MEAS43 9674 0.105000
9655 MEAS43 9675 0.395625
9655 MEAS43 9676 0.104375
9655 X44 9660 0.996611
9655 X44 9655 0.001130
9655 X44 9656 0.001130
9655 X44 9659 0.001130
9656 CNOT43_44 9653 0.964786
9656 CNOT43_44 9668 0.005031
9656 CNOT43_44 9652 0.005031
9656 CNOT43_44 9669 0.005031
9656 CNOT43_44 9650 0.005031
9656 CNOT43_44 9666 0.005031
9656 CNOT43_44 9651 0.005031
9656 CNOT43_44 9667 0.005031
9656 CNOT43_42 9667 0.970556
9656 CNOT43_42 9652 0.004206
9656 CNOT43_42 9668 0.004206
9656 CNOT43_42 9650 0.004206
9656 CNOT43_42 9669 0.004206
9656 CNOT43_42 9651 0.004206
9656 CNOT43_42 9666 0.004206
9656 CNOT43_42 9653 0.004206
9656 MEAS43 9673 0.395000
9656 MEAS43 9674 0.105000
9656 MEAS43 9675 0.395625
9656 MEAS43 9676 0.104375
9656 X44 9659 0.996611
9656 X44 9656 0.001130
9656 X44 9655 0.001130
9656 X44 9660 0.001130
9657 CNOT43_44 9667 0.964786
9657 CNOT43_44 9652 0.005031
9657 CNOT43_44 9668 0.005031
9657 CNOT43_44 9650 0.005031
9657 CNOT43_44 9669 0.005031
9657 CNOT43_44 9651 0.005031
9657 CNOT43_44 9666 0.005031
9657 CNOT43_44 9653 0.005031
9657 CNOT43_42 9653 0.970556
9657 CNOT43_42 9668 0.004206
9657 CNOT43_42 9652 0.004206
9657 CNOT43_42 9669 0.004206
9657 CNOT43_42 9650 0.004206
9657 CNOT43_42 9666 0.004206
9657 CNOT43_42 9651 0.004206
9657 CNOT43_42 9667 0.004206
9657 MEAS43 9677 0.395000
9657 MEAS43 9678 0.105000
9657 MEAS43 9679 0.395625
9657 MEAS43 9680 0.104375
9657 X44 9661 0.996611
9657 X44 9657 0.001130
9657 X44 9658 0.001130
9657 X44 9654 0.001130
9658 CNOT43_44 9666 0.964786
9658 CNOT43_44 9650 0.005031
9658 CNOT43_44 9669 0.005031
9658 CNOT43_44 9652 0.005031
9658 CNOT43_44 9668 0.005031
9658 CNOT43_44 9653 0.005031
9658 CNOT43_44 9667 0.005031
9658 CNOT43_44 9651 0.005031
9658 CNOT43_42 9651 0.970556
9658 CNOT43_42 9669 0.004206
9658 CNOT43_42 9650 0.004206
9658 CNOT43_42 9668 0.004206
9658 CNOT43_42 9652 0.004206
9658 CNOT43_42 9667 0.004206
9658 CNOT43_42 9653 0.004206
9658 CNOT43_42 9666 0.004206
9658 MEAS43 9677 0.395000
9658 MEAS43 9678 0.105000
9658 MEAS43 9679 0.395625
9658 MEAS43 9680 0.104375
9658 X44 9654 0.996611
9658 X44 9658 0.001130
9658 X44 9657 0.001130
9658 X44 9661 0.001130
9659 CNOT43_44 9668 0.964786
9659 CNOT43_44 9653 0.005031
9659 CNOT43_44 9667 0.005031
9659 CNOT43_44 9651 0.005031
9659 CNOT43_44 9666 0.005031
9659 CNOT43_44 9650 0.005031
9659 CNOT43_44 9669 0.005031
9659 CNOT43_44 9652 0.005031
9659 CNOT43_42 9668 0.970556
9659 CNOT43_42 9653 0.004206
9659 CNOT43_42 9667 0.004206
9659 CNOT43_42 9651 0.004206
9659 CNOT43_42 9666 0.004206
9659 CNOT43_42 9650 0.004206
9659 CNOT43_42 9669 0.004206
9659 CNOT43_42 9652 0.004206
9659 MEAS43 9681 0.395000
9659 MEAS43 9682 0.105000
9659 MEAS43 9683 0.395625
9659 MEAS43 9684 0.104375
9659 X44 9656 0.996611
9659 X44 9659 0.001130
9659 X44 9660 0.001130
9659 X44 9655 0.001130
9660 CNOT43_44 9669 0.964786
9660 CNOT43_44 9651 0.005031
9660 CNOT43_44 9666 0.005031
9660 CNOT43_44 9653 0.005031
9660 CNOT43_44 9667 0.005031
9660 CNOT43_44 9652 0.005031
9660 CNOT43_44 9668 0.005031
9660 CNOT43_44 9650 0.005031
9660 CNOT43_42 9669 0.970556
9660 CNOT43_42 9651 0.004206
9660 CNOT43_42 9666 0.004206
9660 CNOT43_42 9653 0.004206
9660 CNOT43_42 9667 0.004206
9660 CNOT43_42 9652 0.004206
9660 CNOT43_42 9668 0.004206
9660 CNOT43_42 9650 0.004206
9660 MEAS43 9681 0.395000
9660 MEAS43 9682 0.105000
9660 MEAS43 9683 0.395625
9660 MEAS43 9684 0.104375
9660 X44 9655 0.996611
9660 X44 9660 0.001130
9660 X44 9659 0.001130
9660 X44 9656 0.001130
9661 CNOT43_44 9652 0.964786
9661 CNOT43_44 9667 0.005031
9661 CNOT43_44 9653 0.005031
9661 CNOT43_44 9666 0.005031
9661 CNOT43_44 9651 0.005031
9661 CNOT43_44 9669 0.005031
9661 CNOT43_44 9650 0.005031
9661 CNOT43_44 9668 0.005031
9661 CNOT43_42 9652 0.970556
9661 CNOT43_42 9667 0.004206
9661 CNOT43_42 9653 0.004206
9661 CNOT43_42 9666 0.004206
9661 CNOT43_42 9651 0.004206
9661 CNOT43_42 9669 0.004206
9661 CNOT43_42 9650 0.004206
9661 CNOT43_42 9668 0.004206
9661 MEAS43 9649 0.395000
9661 MEAS43 9670 0.105000
9661 MEAS43 9671 0.395625
9661 MEAS43 9672 0.104375
9661 X44 9657 0.996611
9661 X44 9661 0.001130
9661 X44 9654 0.001130
9661 X44 9658 0.001130
9662 CNOT43_44 9685 0.964786
9662 CNOT43_44 9686 0.005031
9662 CNOT43_44 9687 0.005031
9662 CNOT43_44 9688 0.005031
9662 CNOT43_44 9689 0.005031
9662 CNOT43_44 9690 0.005031
9662 CNOT43_44 9691 0.005031
9662 CNOT43_44 9692 0.005031
9662 CNOT43_42 9685 0.970556
9662 CNOT43_42 9689 0.004206
9662 CNOT43_42 9688 0.004206
9662 CNOT43_42 9687 0.004206
9662 CNOT43_42 9686 0.004206
9662 CNOT43_42 9690 0.004206
9662 CNOT43_42 9691 0.004206
9662 CNOT43_42 9692 0.004206
9662 MEAS43 9650 0.790000
9662 MEAS43 9662 0.210000
9662 X44 9663 0.996611
9662 X44 9662 0.001130
9662 X44 9664 0.001130
9662 X44 9665 0.001130
9663 CNOT43_44 9686 0.964786
9663 CNOT43_44 9685 0.005031
9663 CNOT43_44 9692 0.005031
9663 CNOT43_44 9690 0.005031
9663 CNOT43_44 9691 0.005031
9663 CNOT43_44 9688 0.005031
9663 CNOT43_44 9689 0.005031
9663 CNOT43_44 9687 0.005031
9663 CNOT43_42 9689 0.970556
9663 CNOT43_42 9685 0.004206
9663 CNOT43_42 9692 0.004206
9663 CNOT43_42 9690 0.004206
9663 CNOT43_42 9691 0.004206
9663 CNOT43_42 9687 0.004206
9663 CNOT43_42 9686 0.004206
9663 CNOT43_42 9688 0.004206
9663 MEAS43 9651 0.790000
9663 MEAS43 9663 0.210000
9663 X44 9662 0.996611
9663 X44 9663 0.001130
9663 X44 9665 0.001130
9663 X44 9664 0.001130
9664 CNOT43_44 9692 0.964786
9664 CNOT43_44 9687 0.005031
9664 CNOT43_44 9686 0.005031
9664 CNOT43_44 9689 0.005031
9664 CNOT43_44 9688 0.005031
9664 CNOT43_44 9691 0.005031
9664 CNOT43_44 9690 0.005031
9664 CNOT43_44 9685 0.005031
9664 CNOT43_42 9692 0.970556
9664 CNOT43_42 9688 0.004206
9664 CNOT43_42 9689 0.004206
9664 CNOT43_42 9686 0.004206
9664 CNOT43_42 9687 0.004206
9664 CNOT43_42 9691 0.004206
9664 CNOT43_42 9690 0.004206
9664 CNOT43_42 9685 0.004206
9664 MEAS43 9652 0.790000
9664 MEAS43 9664 0.210000
9664 X44 9665 0.996611
9664 X44 9664 0.001130
9664 X44 9662 0.001130
9664 X44 9663 0.001130
9665 CNOT43_44 9687 0.964786
9665 CNOT43_44 9692 0.005031
9665 CNOT43_44 9685 0.005031
9665 CNOT43_44 9691 0.005031
9665 CNOT43_44 9690 0.005031
9665 CNOT43_44 9689 0.005031
9665 CNOT43_44 9688 0.005031
9665 CNOT43_44 9686 0.005031
9665 CNOT43_42 9688 0.970556
9665 CNOT43_42 9692 0.004206
9665 CNOT43_42 9685 0.004206
9665 CNOT43_42 9691 0.004206
9665 CNOT43_42 9690 0.004206
9665 CNOT43_42 9686 0.004206
9665 CNOT43_42 9687 0.004206
9665 CNOT43_42 9689 0.004206
9665 MEAS43 9653 0.790000
9665 MEAS43 9665 0.210000
9665 X44 9664 0.996611
9665 X44 9665 0.001130
9665 X44 9663 0.001130
9665 X44 9662 0.001130
9666 CNOT43_44 9658 0.964786
9666 CNOT43_44 9660 0.005031
9666 CNOT43_44 9659 0.005031
9666 CNOT43_44 9661 0.005031
9666 CNOT43_44 9654 0.005031
9666 CNOT43_44 9656 0.005031
9666 CNOT43_44 9655 0.005031
9666 CNOT43_44 9657 0.005031
9666 CNOT43_42 9655 0.970556
9666 CNOT43_42 9660 0.004206
9666 CNOT43_42 9659 0.004206
9666 CNOT43_42 9661 0.004206
9666 CNOT43_42 9654 0.004206
9666 CNOT43_42 9657 0.004206
9666 CNOT43_42 9658 0.004206
9666 CNOT43_42 9656 0.004206
9666 MEAS43 9693 0.791250
9666 MEAS43 9666 0.208750
9666 X44 9669 0.996611
9666 X44 9666 0.001130
9666 X44 9667 0.001130
9666 X44 9668 0.001130
9667 CNOT43_44 9657 0.964786
9667 CNOT43_44 9659 0.005031
9667 CNOT43_44 9660 0.005031
9667 CNOT43_44 9654 0.005031
9667 CNOT43_44 9661 0.005031
9667 CNOT43_44 9655 0.005031
9667 CNOT43_44 9656 0.005031
9667 CNOT43_44 9658 0.005031
9667 CNOT43_42 9656 0.970556
9667 CNOT43_42 9659 0.004206
9667 CNOT43_42 9660 0.004206
9667 CNOT43_42 9654 0.004206
9667 CNOT43_42 9661 0.004206
9667 CNOT43_42 9658 0.004206
9667 CNOT43_42 9657 0.004206
9667 CNOT43_42 9655 0.004206
9667 MEAS43 9694 0.791250
9667 MEAS43 9667 0.208750
9667 X44 9668 0.996611
9667 X44 9667 0.001130
9667 X44 9666 0.001130
9667 X44 9669 0.001130
9668 CNOT43_44 9659 0.964786
9668 CNOT43_44 9657 0.005031
9668 CNOT43_44 9658 0.005031
9668 CNOT43_44 9655 0.005031
9668 CNOT43_44 9656 0.005031
9668 CNOT43_44 9654 0.005031
9668 CNOT43_44 9661 0.005031
9668 CNOT43_44 9660 0.005031
9668 CNOT43_42 9659 0.970556
9668 CNOT43_42 9656 0.004206
9668 CNOT43_42 9655 0.004206
9668 CNOT43_42 9658 0.004206
9668 CNOT43_42 9657 0.004206
9668 CNOT43_42 9654 0.004206
9668 CNOT43_42 9661 0.004206
9668 CNOT43_42 9660 0.004206
9668 MEAS43 9695 0.791250
9668 MEAS43 9668 0.208750
9668 X44 9667 0.996611
9668 X44 9668 0.001130
9668 X44 9669 0.001130
9668 X44 9666 0.001130
9669 CNOT43_44 9660 0.964786
9669 CNOT43_44 9658 0.005031
9669 CNOT43_44 9657 0.005031
9669 CNOT43_44 9656 0.005031
9669 CNOT43_44 9655 0.005031
9669 CNOT43_44 9661 0.005031
9669 CNOT43_44 9654 0.005031
9669 CNOT43_44 9659 0.005031
9669 CNOT43_42 9660 0.970556
9669 CNOT43_42 9655 0.004206
9669 CNOT43_42 9656 0.004206
9669 CNOT43_42 9657 0.004206
9669 CNOT43_42 9658 0.004206
9669 CNOT43_42 9661 0.004206
9669 CNOT43_42 9654 0.004206
9669 CNOT43_42 9659 0.004206
9669 MEAS43 9696 0.791250
9669 MEAS43 9669 0.208750
9669 X44 9666 0.996611
9669 X44 9669 0.001130
9669 X44 9668 0.001130
9669 X44 9667 0.001130
9670 CNOT43_44 9670 0.969816
9670 CNOT43_44 9675 0.010061
9670 CNOT43_44 9678 0.010061
9670 CNOT43_44 9683 0.010061
9670 CNOT43_42 9670 0.974762
9670 CNOT43_42 9679 0.008413
9670 CNOT43_42 9674 0.008413
9670 CNOT43_42 9683 0.008413
9670 MEAS43 9649 0.790000
9670 MEAS43 9670 0.210000
9670 X44 9678 0.997741
9670 X44 9670 0.002259
9671 CNOT43_44 9682 0.969816
9671 CNOT43_44 9679 0.010061
9671 CNOT43_44 9674 0.010061
9671 CNOT43_44 9671 0.010061
9671 CNOT43_42 9682 0.974762
9671 CNOT43_42 9675 0.008413
9671 CNOT43_42 9678 0.008413
9671 CNOT43_42 9671 0.008413
9671 MEAS43 9671 0.791250
9671 MEAS43 9672 0.208750
9671 X44 9679 0.997741
9671 X44 9671 0.002259
9672 CNOT43_44 9681 0.969816
9672 CNOT43_44 9680 0.010061
9672 CNOT43_44 9673 0.010061
9672 CNOT43_44 9672 0.010061
9672 CNOT43_42 9681 0.974762
9672 CNOT43_42 9676 0.008413
9672 CNOT43_42 9677 0.008413
9672 CNOT43_42 9672 0.008413
9672 MEAS43 9671 0.791250
9672 MEAS43 9672 0.208750
9672 X44 9680 0.997741
9672 X44 9672 0.002259
9673 CNOT43_44 9673 0.969816
9673 CNOT43_44 9672 0.010061
9673 CNOT43_44 9681 0.010061
9673 CNOT43_44 9680 0.010061
9673 CNOT43_42 9680 0.974762
9673 CNOT43_42 9649 0.008413
9673 CNOT43_42 9684 0.008413
9673 CNOT43_42 9673 0.008413
9673 MEAS43 9673 0.790000
9673 MEAS43 9674 0.210000
9673 X44 9681 0.997741
9673 X44 9673 0.002259
9674 CNOT43_44 9674 0.969816
9674 CNOT43_44 9671 0.010061
9674 CNOT43_44 9682 0.010061
9674 CNOT43_44 9679 0.010061
9674 CNOT43_42 9679 0.974762
9674 CNOT43_42 9670 0.008413
9674 CNOT43_42 9683 0.008413
9674 CNOT43_42 9674 0.008413
9674 MEAS43 9673 0.790000
9674 MEAS43 9674 0.210000
9674 X44 9682 0.997741
9674 X44 9674 0.002259
9675 CNOT43_44 9678 0.969816
9675 CNOT43_44 9683 0.010061
9675 CNOT43_44 9670 0.010061
9675 CNOT43_44 9675 0.010061
9675 CNOT43_42 9675 0.974762
9675 CNOT43_42 9682 0.008413
9675 CNOT43_42 9671 0.008413
9675 CNOT43_42 9678 0.008413
9675 MEAS43 9675 0.791250
9675 MEAS43 9676 0.208750
9675 X44 9683 0.997741
9675 X44 9675 0.002259
9676 CNOT43_44 9677 0.969816
9676 CNOT43_44 9684 0.010061
9676 CNOT43_44 9649 0.010061
9676 CNOT43_44 9676 0.010061
9676 CNOT43_42 9676 0.974762
9676 CNOT43_42 9681 0.008413
9676 CNOT43_42 9672 0.008413
9676 CNOT43_42 9677 0.008413
9676 MEAS43 9675 0.791250
9676 MEAS43 9676 0.208750
9676 X44 9684 0.997741
9676 X44 9676 0.002259
9677 CNOT43_44 9676 0.969816
9677 CNOT43_44 9649 0.010061
9677 CNOT43_44 9684 0.010061
9677 CNOT43_44 9677 0.010061
9677 CNOT43_42 9677 0.974762
9677 CNOT43_42 9672 0.008413
9677 CNOT43_42 9681 0.008413
9677 CNOT43_42 9676 0.008413
9677 MEAS43 9677 0.790000
9677 MEAS43 9678 0.210000
9677 X44 9649 0.997741
9677 X44 9677 0.002259
9678 CNOT43_44 9675 0.969816
9678 CNOT43_44 9670 0.010061
9678 CNOT43_44 9683 0.010061
9678 CNOT43_44 9678 0.010061
9678 CNOT43_42 9678 0.974762
9678 CNOT43_42 9671 0.008413
9678 CNOT43_42 9682 0.008413
9678 CNOT43_42 9675 0.008413
9678 MEAS43 9677 0.790000
9678 MEAS43 9678 0.210000
9678 X44 9670 0.997741
9678 X44 9678 0.002259
9679 CNOT43_44 9679 0.969816
9679 CNOT43_44 9682 0.010061
9679 CNOT43_44 9671 0.010061
9679 CNOT43_44 9674 0.010061
9679 CNOT43_42 9674 0.974762
9679 CNOT43_42 9683 0.008413
9679 CNOT43_42 9670 0.008413
9679 CNOT43_42 9679 0.008413
9679 MEAS43 9679 0.791250
9679 MEAS43 9680 0.208750
9679 X44 9671 0.997741
9679 X44 9679 0.002259
9680 CNOT43_44 9680 0.969816
9680 CNOT43_44 9681 0.010061
9680 CNOT43_44 9672 0.010061
9680 CNOT43_44 9673 0.010061
9680 CNOT43_42 9673 0.974762
9680 CNOT43_42 9684 0.008413
9680 CNOT43_42 9649 0.008413
9680 CNOT43_42 9680 0.008413
9680 MEAS43 9679 0.791250
9680 MEAS43 9680 0.208750
9680 X44 9672 0.997741
9680 X44 9680 0.002259
9681 CNOT43_44 9672 0.969816
9681 CNOT43_44 9673 0.010061
9681 CNOT43_44 9680 0.010061
9681 CNOT43_44 9681 0.010061
9681 CNOT43_42 9672 0.974762
9681 CNOT43_42 9677 0.008413
9681 CNOT43_42 9676 0.008413
9681 CNOT43_42 9681 0.008413
9681 MEAS43 9681 0.790000
9681 MEAS43 9682 0.210000
9681 X44 9673 0.997741
9681 X44 9681 0.002259
9682 CNOT43_44 9671 0.969816
9682 CNOT43_44 9674 0.010061
9682 CNOT43_44 9679 0.010061
9682 CNOT43_44 9682 0.010061
9682 CNOT43_42 9671 0.974762
9682 CNOT43_42 9678 0.008413
9682 CNOT43_42 9675 0.008413
9682 CNOT43_42 9682 0.008413
9682 MEAS43 9681 0.790000
9682 MEAS43 9682 0.210000
9682 X44 9674 0.997741
9682 X44 9682 0.002259
9683 CNOT43_44 9683 0.969816
9683 CNOT43_44 9678 0.010061
9683 CNOT43_44 9675 0.010061
9683 CNOT43_44 9670 0.010061
9683 CNOT43_42 9683 0.974762
9683 CNOT43_42 9674 0.008413
9683 CNOT43_42 9679 0.008413
9683 CNOT43_42 9670 0.008413
9683 MEAS43 9683 0.791250
9683 MEAS43 9684 0.208750
9683 X44 9675 0.997741
9683 X44 9683 0.002259
9684 CNOT43_44 9684 0.969816
9684 CNOT43_44 9677 0.010061
9684 CNOT43_44 9676 0.010061
9684 CNOT43_44 9649 0.010061
9684 CNOT43_42 9684 0.974762
9684 CNOT43_42 9673 0.008413
9684 CNOT43_42 9680 0.008413
9684 CNOT43_42 9649 0.008413
9684 MEAS43 9683 0.791250
9684 MEAS43 9684 0.208750
9684 X44 9676 0.997741
9684 X44 9684 0.002259
9685 CNOT43_44 9662 0.964786
9685 CNOT43_44 9693 0.005031
9685 CNOT43_44 9663 0.005031
9685 CNOT43_44 9694 0.005031
9685 CNOT43_44 9665 0.005031
9685 CNOT43_44 9695 0.005031
9685 CNOT43_44 9664 0.005031
9685 CNOT43_44 9696 0.005031
9685 CNOT43_42 9662 0.970556
9685 CNOT43_42 9693 0.004206
9685 CNOT43_42 9663 0.004206
9685 CNOT43_42 9694 0.004206
9685 CNOT43_42 9665 0.004206
9685 CNOT43_42 9695 0.004206
9685 CNOT43_42 9664 0.004206
9685 CNOT43_42 9696 0.004206
9685 MEAS43 9649 0.395000
9685 MEAS43 9670 0.105000
9685 MEAS43 9671 0.395625
9685 MEAS43 9672 0.104375
9685 X44 9689 0.996611
9685 X44 9685 0.001130
9685 X44 9692 0.001130
9685 X44 9688 0.001130
9686 CNOT43_44 9663 0.964786
9686 CNOT43_44 9696 0.005031
9686 CNOT43_44 9662 0.005031
9686 CNOT43_44 9695 0.005031
9686 CNOT43_44 9664 0.005031
9686 CNOT43_44 9694 0.005031
9686 CNOT43_44 9665 0.005031
9686 CNOT43_44 9693 0.005031
9686 CNOT43_42 9693 0.970556
9686 CNOT43_42 9662 0.004206
9686 CNOT43_42 9696 0.004206
9686 CNOT43_42 9664 0.004206
9686 CNOT43_42 9695 0.004206
9686 CNOT43_42 9665 0.004206
9686 CNOT43_42 9694 0.004206
9686 CNOT43_42 9663 0.004206
9686 MEAS43 9673 0.395000
9686 MEAS43 9674 0.105000
9686 MEAS43 9675 0.395625
9686 MEAS43 9676 0.104375
9686 X44 9691 0.996611
9686 X44 9686 0.001130
9686 X44 9687 0.001130
9686 X44 9690 0.001130
9687 CNOT43_44 9665 0.964786
9687 CNOT43_44 9695 0.005031
9687 CNOT43_44 9664 0.005031
9687 CNOT43_44 9696 0.005031
9687 CNOT43_44 9662 0.005031
9687 CNOT43_44 9693 0.005031
9687 CNOT43_44 9663 0.005031
9687 CNOT43_44 9694 0.005031
9687 CNOT43_42 9694 0.970556
9687 CNOT43_42 9664 0.004206
9687 CNOT43_42 9695 0.004206
9687 CNOT43_42 9662 0.004206
9687 CNOT43_42 9696 0.004206
9687 CNOT43_42 9663 0.004206
9687 CNOT43_42 9693 0.004206
9687 CNOT43_42 9665 0.004206
9687 MEAS43 9673 0.395000
9687 MEAS43 9674 0.105000
9687 MEAS43 9675 0.395625
9687 MEAS43 9676 0.104375
9687 X44 9690 0.996611
9687 X44 9687 0.001130
9687 X44 9686 0.001130
9687 X44 9691 0.001130
9688 CNOT43_44 9694 0.964786
9688 CNOT43_44 9664 0.005031
9688 CNOT43_44 9695 0.005031
9688 CNOT43_44 9662 0.005031
9688 CNOT43_44 9696 0.005031
9688 CNOT43_44 9663 0.005031
9688 CNOT43_44 9693 0.005031
9688 CNOT43_44 9665 0.005031
9688 CNOT43_42 9665 0.970556
9688 CNOT43_42 9695 0.004206
9688 CNOT43_42 9664 0.004206
9688 CNOT43_42 9696 0.004206
9688 CNOT43_42 9662 0.004206
9688 CNOT43_42 9693 0.004206
9688 CNOT43_42 9663 0.004206
9688 CNOT43_42 9694 0.004206
9688 MEAS43 9677 0.395000
9688 MEAS43 9678 0.105000
9688 MEAS43 9679 0.395625
9688 MEAS43 9680 0.104375
9688 X44 9692 0.996611
9688 X44 9688 0.001130
9688 X44 9689 0.001130
9688 X44 9685 0.001130
9689 CNOT43_44 9693 0.964786
9689 CNOT43_44 9662 0.005031
9689 CNOT43_44 9696 0.005031
9689 CNOT43_44 9664 0.005031
9689 CNOT43_44 9695 0.005031
9689 CNOT43_44 9665 0.005031
9689 CNOT43_44 9694 0.005031
9689 CNOT43_44 9663 0.005031
9689 CNOT43_42 9663 0.970556
9689 CNOT43_42 9696 0.004206
9689 CNOT43_42 9662 0.004206
9689 CNOT43_42 9695 0.004206
9689 CNOT43_42 9664 0.004206
9689 CNOT43_42 9694 0.004206
9689 CNOT43_42 9665 0.004206
9689 CNOT43_42 9693 0.004206
9689 MEAS43 9677 0.395000
9689 MEAS43 9678 0.105000
9689 MEAS43 9679 0.395625
9689 MEAS43 9680 0.104375
9689 X44 9685 0.996611
9689 X44 9689 0.001130
9689 X44 9688 0.001130
9689 X44 9692 0.001130
9690 CNOT43_44 9695 0.964786
9690 CNOT43_44 9665 0.005031
9690 CNOT43_44 9694 0.005031
9690 CNOT43_44 9663 0.005031
9690 CNOT43_44 9693 0.005031
9690 CNOT43_44 9662 0.005031
9690 CNOT43_44 9696 0.005031
9690 CNOT43_44 9664 0.005031
9690 CNOT43_42 9695 0.970556
9690 CNOT43_42 9665 0.004206
9690 CNOT43_42 9694 0.004206
9690 CNOT43_42 9663 0.004206
9690 CNOT43_42 9693 0.004206
9690 CNOT43_42 9662 0.004206
9690 CNOT43_42 9696 0.004206
9690 CNOT43_42 9664 0.004206
9690 MEAS43 9681 0.395000
9690 MEAS43 9682 0.105000
9690 MEAS43 9683 0.395625
9690 MEAS43 9684 0.104375
9690 X44 9687 0.996611
9690 X44 9690 0.001130
9690 X44 9691 0.001130
9690 X44 9686 0.001130
9691 CNOT43_44 9696 0.964786
9691 CNOT43_44 9663 0.005031
9691 CNOT43_44 9693 0.005031
9691 CNOT43_44 9665 0.005031
9691 CNOT43_44 9694 0.005031
9691 CNOT43_44 9664 0.005031
9691 CNOT43_44 9695 0.005031
9691 CNOT43_44 9662 0.005031
9691 CNOT43_42 9696 0.970556
9691 CNOT43_42 9663 0.004206
9691 CNOT43_42 9693 0.004206
9691 CNOT43_42 9665 0.004206
9691 CNOT43_42 9694 0.004206
9691 CNOT43_42 9664 0.004206
9691 CNOT43_42 9695 0.004206
9691 CNOT43_42 9662 0.004206
9691 MEAS43 9681 0.395000
9691 MEAS43 9682 0.105000
9691 MEAS43 9683 0.395625
9691 MEAS43 9684 0.104375
9691 X44 9686 0.996611
9691 X44 9691 0.001130
9691 X44 9690 0.001130
9691 X44 9687 0.001130
9692 CNOT43_44 9664 0.964786
9692 CNOT43_44 9694 0.005031
9692 CNOT43_44 9665 0.005031
9692 CNOT43_44 9693 0.005031
9692 CNOT43_44 9663 0.005031
9692 CNOT43_44 9696 0.005031
9692 CNOT43_44 9662 0.005031
9692 CNOT43_44 9695 0.005031
9692 CNOT43_42 9664 0.970556
9692 CNOT43_42 9694 0.004206
9692 CNOT43_42 9665 0.004206
9692 CNOT43_42 9693 0.004206
9692 CNOT43_42 9663 0.004206
9692 CNOT43_42 9696 0.004206
9692 CNOT43_42 9662 0.004206
9692 CNOT43_42 9695 0.004206
9692 MEAS43 9649 0.395000
9692 MEAS43 9670 0.105000
9692 MEAS43 9671 0.395625
9692 MEAS43 9672 0.104375
9692 X44 9688 0.996611
9692 X44 9692 0.001130
9692 X44 9685 0.001130
9692 X44 9689 0.001130
9693 CNOT43_44 9689 0.964786
9693 CNOT43_44 9691 0.005031
9693 CNOT43_44 9690 0.005031
9693 CNOT43_44 9692 0.005031
9693 CNOT43_44 9685 0.005031
9693 CNOT43_44 9687 0.005031
9693 CNOT43_44 9686 0.005031
9693 CNOT43_44 9688 0.005031
9693 CNOT43_42 9686 0.970556
9693 CNOT43_42 9691 0.004206
9693 CNOT43_42 9690 0.004206
9693 CNOT43_42 9692 0.004206
9693 CNOT43_42 9685 0.004206
9693 CNOT43_42 9688 0.004206
9693 CNOT43_42 9689 0.004206
9693 CNOT43_42 9687 0.004206
9693 MEAS43 9693 0.791250
9693 MEAS43 9666 0.208750
9693 X44 9696 0.996611
9693 X44 9693 0.001130
9693 X44 9694 0.001130
9693 X44 9695 0.001130
9694 CNOT43_44 9688 0.964786
9694 CNOT43_44 9690 0.005031
9694 CNOT43_44 9691 0.005031
9694 CNOT43_44 9685 0.005031
9694 CNOT43_44 9692 0.005031
9694 CNOT43_44 9686 0.005031
9694 CNOT43_44 9687 0.005031
9694 CNOT43_44 9689 0.005031
9694 CNOT43_42 9687 0.970556
9694 CNOT43_42 9690 0.004206
9694 CNOT43_42 9691 0.004206
9694 CNOT43_42 9685 0.004206
9694 CNOT43_42 9692 0.004206
9694 CNOT43_42 9689 0.004206
9694 CNOT43_42 9688 0.004206
9694 CNOT43_42 9686 0.004206
9694 MEAS43 9694 0.791250
9694 MEAS43 9667 0.208750
9694 X44 9695 0.996611
9694 X44 9694 0.001130
9694 X44 9693 0.001130
9694 X44 9696 0.001130
9695 CNOT43_44 9690 0.964786
9695 CNOT43_44 9688 0.005031
9695 CNOT43_44 9689 0.005031
9695 CNOT43_44 9686 0.005031
9695 CNOT43_44 9687 0.005031
9695 CNOT43_44 9685 0.005031
9695 CNOT43_44 9692 0.005031
9695 CNOT43_44 9691 0.005031
9695 CNOT43_42 9690 0.970556
9695 CNOT43_42 9687 0.004206
9695 CNOT43_42 9686 0.004206
9695 CNOT43_42 9689 0.004206
9695 CNOT43_42 9688 0.004206
9695 CNOT43_42 9685 0.004206
9695 CNOT43_42 9692 0.004206
9695 CNOT43_42 9691 0.004206
9695 MEAS43 9695 0.791250
9695 MEAS43 9668 0.208750
9695 X44 9694 0.996611
9695 X44 9695 0.001130
9695 X44 9696 0.001130
9695 X44 9693 0.001130
9696 CNOT43_44 9691 0.964786
9696 CNOT43_44 9689 0.005031
9696 CNOT43_44 9688 0.005031
9696 CNOT43_44 9687 0.005031
9696 CNOT43_44 9686 0.005031
9696 CNOT43_44 9692 0.005031
9696 CNOT43_44 9685 0.005031
9696 CNOT43_44 9690 0.005031
9696 CNOT43_42 9691 0.970556
9696 CNOT43_42 9686 0.004206
9696 CNOT43_42 9687 0.004206
9696 CNOT43_42 9688 0.004206
9696 CNOT43_42 9689 0.004206
9696 CNOT43_42 9692 0.004206
9696 CNOT43_42 9685 0.004206
9696 CNOT43_42 9690 0.004206
9696 MEAS43 9696 0.791250
9696 MEAS43 9669 0.208750
9696 X44 9693 0.996611
9696 X44 9696 0.001130
9696 X44 9695 0.001130
9696 X44 9694 0.001130
ENDPOMDP
