BEGINPOMDP
INITIALSTATE: 3265
STATES: 3265,3266,3267,3268,3269,3270,3271,3272,3273,3274,3275,3276,3277,3278,3279,3280,3281,3282,3283,3284,3285,3286,3287,3288,3289,3290,3291,3292,3293,3294,3295,3296,3297,3298,3299,3300,3301,3302,3303,3304,3305,3306,3307,3308,3309,3310,3311,3312
TARGETV: 3266,3268,3270,3275,3276,3277,3278,3280,3284,3285,3301,3306,3307,3308,3311,3312
GAMMA: 3265:0,3266:0,3267:0,3268:0,3269:0,3270:0,3271:0,3272:0,3273:0,3274:0,3275:0,3276:0,3277:0,3278:1,3279:1,3280:1,3281:1,3282:0,3283:0,3284:0,3285:0,3286:1,3287:1,3288:0,3289:0,3290:1,3291:1,3292:0,3293:0,3294:1,3295:1,3296:0,3297:0,3298:1,3299:1,3300:0,3301:1,3302:1,3303:1,3304:1,3305:1,3306:1,3307:1,3308:1,3309:1,3310:1,3311:1,3312:1
BEGINACTIONS
CNOT1_2 Instruction.CNOT 2 1
CNOT1_0 Instruction.CNOT 0 1
MEAS1 Instruction.MEAS None 1
X2 Instruction.X None 2
ENDACTIONS
3265 INIT_ 3266 0.250000
3265 INIT_ 3267 0.250000
3265 INIT_ 3268 0.250000
3265 INIT_ 3269 0.250000
3265 CNOT1_2 3265 0.993929
3265 CNOT1_2 3292 0.002024
3265 CNOT1_2 3293 0.002024
3265 CNOT1_2 3300 0.002024
3265 CNOT1_0 3265 0.992228
3265 CNOT1_0 3296 0.002591
3265 CNOT1_0 3289 0.002591
3265 CNOT1_0 3300 0.002591
3265 MEAS1 3265 0.987200
3265 MEAS1 3286 0.012800
3265 X2 3293 0.999780
3265 X2 3265 0.000220
3266 CNOT1_2 3270 0.992917
3266 CNOT1_2 3271 0.001012
3266 CNOT1_2 3272 0.001012
3266 CNOT1_2 3273 0.001012
3266 CNOT1_2 3274 0.001012
3266 CNOT1_2 3275 0.001012
3266 CNOT1_2 3276 0.001012
3266 CNOT1_2 3277 0.001012
3266 CNOT1_0 3270 0.990933
3266 CNOT1_0 3274 0.001295
3266 CNOT1_0 3273 0.001295
3266 CNOT1_0 3272 0.001295
3266 CNOT1_0 3271 0.001295
3266 CNOT1_0 3275 0.001295
3266 CNOT1_0 3276 0.001295
3266 CNOT1_0 3277 0.001295
3266 MEAS1 3266 0.987200
3266 MEAS1 3278 0.012800
3266 X2 3267 0.999670
3266 X2 3266 0.000110
3266 X2 3268 0.000110
3266 X2 3269 0.000110
3267 CNOT1_2 3271 0.992917
3267 CNOT1_2 3270 0.001012
3267 CNOT1_2 3277 0.001012
3267 CNOT1_2 3275 0.001012
3267 CNOT1_2 3276 0.001012
3267 CNOT1_2 3273 0.001012
3267 CNOT1_2 3274 0.001012
3267 CNOT1_2 3272 0.001012
3267 CNOT1_0 3274 0.990933
3267 CNOT1_0 3270 0.001295
3267 CNOT1_0 3277 0.001295
3267 CNOT1_0 3275 0.001295
3267 CNOT1_0 3276 0.001295
3267 CNOT1_0 3272 0.001295
3267 CNOT1_0 3271 0.001295
3267 CNOT1_0 3273 0.001295
3267 MEAS1 3267 0.987200
3267 MEAS1 3279 0.012800
3267 X2 3266 0.999670
3267 X2 3267 0.000110
3267 X2 3269 0.000110
3267 X2 3268 0.000110
3268 CNOT1_2 3277 0.992917
3268 CNOT1_2 3272 0.001012
3268 CNOT1_2 3271 0.001012
3268 CNOT1_2 3274 0.001012
3268 CNOT1_2 3273 0.001012
3268 CNOT1_2 3276 0.001012
3268 CNOT1_2 3275 0.001012
3268 CNOT1_2 3270 0.001012
3268 CNOT1_0 3277 0.990933
3268 CNOT1_0 3273 0.001295
3268 CNOT1_0 3274 0.001295
3268 CNOT1_0 3271 0.001295
3268 CNOT1_0 3272 0.001295
3268 CNOT1_0 3276 0.001295
3268 CNOT1_0 3275 0.001295
3268 CNOT1_0 3270 0.001295
3268 MEAS1 3268 0.987200
3268 MEAS1 3280 0.012800
3268 X2 3269 0.999670
3268 X2 3268 0.000110
3268 X2 3266 0.000110
3268 X2 3267 0.000110
3269 CNOT1_2 3272 0.992917
3269 CNOT1_2 3277 0.001012
3269 CNOT1_2 3270 0.001012
3269 CNOT1_2 3276 0.001012
3269 CNOT1_2 3275 0.001012
3269 CNOT1_2 3274 0.001012
3269 CNOT1_2 3273 0.001012
3269 CNOT1_2 3271 0.001012
3269 CNOT1_0 3273 0.990933
3269 CNOT1_0 3277 0.001295
3269 CNOT1_0 3270 0.001295
3269 CNOT1_0 3276 0.001295
3269 CNOT1_0 3275 0.001295
3269 CNOT1_0 3271 0.001295
3269 CNOT1_0 3272 0.001295
3269 CNOT1_0 3274 0.001295
3269 MEAS1 3269 0.987200
3269 MEAS1 3281 0.012800
3269 X2 3268 0.999670
3269 X2 3269 0.000110
3269 X2 3267 0.000110
3269 X2 3266 0.000110
3270 CNOT1_2 3266 0.992917
3270 CNOT1_2 3282 0.001012
3270 CNOT1_2 3267 0.001012
3270 CNOT1_2 3283 0.001012
3270 CNOT1_2 3269 0.001012
3270 CNOT1_2 3284 0.001012
3270 CNOT1_2 3268 0.001012
3270 CNOT1_2 3285 0.001012
3270 CNOT1_0 3266 0.990933
3270 CNOT1_0 3282 0.001295
3270 CNOT1_0 3267 0.001295
3270 CNOT1_0 3283 0.001295
3270 CNOT1_0 3269 0.001295
3270 CNOT1_0 3284 0.001295
3270 CNOT1_0 3268 0.001295
3270 CNOT1_0 3285 0.001295
3270 MEAS1 3265 0.493600
3270 MEAS1 3286 0.006400
3270 MEAS1 3287 0.479000
3270 MEAS1 3288 0.021000
3270 X2 3274 0.999670
3270 X2 3270 0.000110
3270 X2 3277 0.000110
3270 X2 3273 0.000110
3271 CNOT1_2 3267 0.992917
3271 CNOT1_2 3285 0.001012
3271 CNOT1_2 3266 0.001012
3271 CNOT1_2 3284 0.001012
3271 CNOT1_2 3268 0.001012
3271 CNOT1_2 3283 0.001012
3271 CNOT1_2 3269 0.001012
3271 CNOT1_2 3282 0.001012
3271 CNOT1_0 3282 0.990933
3271 CNOT1_0 3266 0.001295
3271 CNOT1_0 3285 0.001295
3271 CNOT1_0 3268 0.001295
3271 CNOT1_0 3284 0.001295
3271 CNOT1_0 3269 0.001295
3271 CNOT1_0 3283 0.001295
3271 CNOT1_0 3267 0.001295
3271 MEAS1 3289 0.493600
3271 MEAS1 3290 0.006400
3271 MEAS1 3291 0.479000
3271 MEAS1 3292 0.021000
3271 X2 3276 0.999670
3271 X2 3271 0.000110
3271 X2 3272 0.000110
3271 X2 3275 0.000110
3272 CNOT1_2 3269 0.992917
3272 CNOT1_2 3284 0.001012
3272 CNOT1_2 3268 0.001012
3272 CNOT1_2 3285 0.001012
3272 CNOT1_2 3266 0.001012
3272 CNOT1_2 3282 0.001012
3272 CNOT1_2 3267 0.001012
3272 CNOT1_2 3283 0.001012
3272 CNOT1_0 3283 0.990933
3272 CNOT1_0 3268 0.001295
3272 CNOT1_0 3284 0.001295
3272 CNOT1_0 3266 0.001295
3272 CNOT1_0 3285 0.001295
3272 CNOT1_0 3267 0.001295
3272 CNOT1_0 3282 0.001295
3272 CNOT1_0 3269 0.001295
3272 MEAS1 3289 0.493600
3272 MEAS1 3290 0.006400
3272 MEAS1 3291 0.479000
3272 MEAS1 3292 0.021000
3272 X2 3275 0.999670
3272 X2 3272 0.000110
3272 X2 3271 0.000110
3272 X2 3276 0.000110
3273 CNOT1_2 3283 0.992917
3273 CNOT1_2 3268 0.001012
3273 CNOT1_2 3284 0.001012
3273 CNOT1_2 3266 0.001012
3273 CNOT1_2 3285 0.001012
3273 CNOT1_2 3267 0.001012
3273 CNOT1_2 3282 0.001012
3273 CNOT1_2 3269 0.001012
3273 CNOT1_0 3269 0.990933
3273 CNOT1_0 3284 0.001295
3273 CNOT1_0 3268 0.001295
3273 CNOT1_0 3285 0.001295
3273 CNOT1_0 3266 0.001295
3273 CNOT1_0 3282 0.001295
3273 CNOT1_0 3267 0.001295
3273 CNOT1_0 3283 0.001295
3273 MEAS1 3293 0.493600
3273 MEAS1 3294 0.006400
3273 MEAS1 3295 0.479000
3273 MEAS1 3296 0.021000
3273 X2 3277 0.999670
3273 X2 3273 0.000110
3273 X2 3274 0.000110
3273 X2 3270 0.000110
3274 CNOT1_2 3282 0.992917
3274 CNOT1_2 3266 0.001012
3274 CNOT1_2 3285 0.001012
3274 CNOT1_2 3268 0.001012
3274 CNOT1_2 3284 0.001012
3274 CNOT1_2 3269 0.001012
3274 CNOT1_2 3283 0.001012
3274 CNOT1_2 3267 0.001012
3274 CNOT1_0 3267 0.990933
3274 CNOT1_0 3285 0.001295
3274 CNOT1_0 3266 0.001295
3274 CNOT1_0 3284 0.001295
3274 CNOT1_0 3268 0.001295
3274 CNOT1_0 3283 0.001295
3274 CNOT1_0 3269 0.001295
3274 CNOT1_0 3282 0.001295
3274 MEAS1 3293 0.493600
3274 MEAS1 3294 0.006400
3274 MEAS1 3295 0.479000
3274 MEAS1 3296 0.021000
3274 X2 3270 0.999670
3274 X2 3274 0.000110
3274 X2 3273 0.000110
3274 X2 3277 0.000110
3275 CNOT1_2 3284 0.992917
3275 CNOT1_2 3269 0.001012
3275 CNOT1_2 3283 0.001012
3275 CNOT1_2 3267 0.001012
3275 CNOT1_2 3282 0.001012
3275 CNOT1_2 3266 0.001012
3275 CNOT1_2 3285 0.001012
3275 CNOT1_2 3268 0.001012
3275 CNOT1_0 3284 0.990933
3275 CNOT1_0 3269 0.001295
3275 CNOT1_0 3283 0.001295
3275 CNOT1_0 3267 0.001295
3275 CNOT1_0 3282 0.001295
3275 CNOT1_0 3266 0.001295
3275 CNOT1_0 3285 0.001295
3275 CNOT1_0 3268 0.001295
3275 MEAS1 3297 0.493600
3275 MEAS1 3298 0.006400
3275 MEAS1 3299 0.479000
3275 MEAS1 3300 0.021000
3275 X2 3272 0.999670
3275 X2 3275 0.000110
3275 X2 3276 0.000110
3275 X2 3271 0.000110
3276 CNOT1_2 3285 0.992917
3276 CNOT1_2 3267 0.001012
3276 CNOT1_2 3282 0.001012
3276 CNOT1_2 3269 0.001012
3276 CNOT1_2 3283 0.001012
3276 CNOT1_2 3268 0.001012
3276 CNOT1_2 3284 0.001012
3276 CNOT1_2 3266 0.001012
3276 CNOT1_0 3285 0.990933
3276 CNOT1_0 3267 0.001295
3276 CNOT1_0 3282 0.001295
3276 CNOT1_0 3269 0.001295
3276 CNOT1_0 3283 0.001295
3276 CNOT1_0 3268 0.001295
3276 CNOT1_0 3284 0.001295
3276 CNOT1_0 3266 0.001295
3276 MEAS1 3297 0.493600
3276 MEAS1 3298 0.006400
3276 MEAS1 3299 0.479000
3276 MEAS1 3300 0.021000
3276 X2 3271 0.999670
3276 X2 3276 0.000110
3276 X2 3275 0.000110
3276 X2 3272 0.000110
3277 CNOT1_2 3268 0.992917
3277 CNOT1_2 3283 0.001012
3277 CNOT1_2 3269 0.001012
3277 CNOT1_2 3282 0.001012
3277 CNOT1_2 3267 0.001012
3277 CNOT1_2 3285 0.001012
3277 CNOT1_2 3266 0.001012
3277 CNOT1_2 3284 0.001012
3277 CNOT1_0 3268 0.990933
3277 CNOT1_0 3283 0.001295
3277 CNOT1_0 3269 0.001295
3277 CNOT1_0 3282 0.001295
3277 CNOT1_0 3267 0.001295
3277 CNOT1_0 3285 0.001295
3277 CNOT1_0 3266 0.001295
3277 CNOT1_0 3284 0.001295
3277 MEAS1 3265 0.493600
3277 MEAS1 3286 0.006400
3277 MEAS1 3287 0.479000
3277 MEAS1 3288 0.021000
3277 X2 3273 0.999670
3277 X2 3277 0.000110
3277 X2 3270 0.000110
3277 X2 3274 0.000110
3278 CNOT1_2 3301 0.992917
3278 CNOT1_2 3302 0.001012
3278 CNOT1_2 3303 0.001012
3278 CNOT1_2 3304 0.001012
3278 CNOT1_2 3305 0.001012
3278 CNOT1_2 3306 0.001012
3278 CNOT1_2 3307 0.001012
3278 CNOT1_2 3308 0.001012
3278 CNOT1_0 3301 0.990933
3278 CNOT1_0 3305 0.001295
3278 CNOT1_0 3304 0.001295
3278 CNOT1_0 3303 0.001295
3278 CNOT1_0 3302 0.001295
3278 CNOT1_0 3306 0.001295
3278 CNOT1_0 3307 0.001295
3278 CNOT1_0 3308 0.001295
3278 MEAS1 3266 0.987200
3278 MEAS1 3278 0.012800
3278 X2 3279 0.999670
3278 X2 3278 0.000110
3278 X2 3280 0.000110
3278 X2 3281 0.000110
3279 CNOT1_2 3302 0.992917
3279 CNOT1_2 3301 0.001012
3279 CNOT1_2 3308 0.001012
3279 CNOT1_2 3306 0.001012
3279 CNOT1_2 3307 0.001012
3279 CNOT1_2 3304 0.001012
3279 CNOT1_2 3305 0.001012
3279 CNOT1_2 3303 0.001012
3279 CNOT1_0 3305 0.990933
3279 CNOT1_0 3301 0.001295
3279 CNOT1_0 3308 0.001295
3279 CNOT1_0 3306 0.001295
3279 CNOT1_0 3307 0.001295
3279 CNOT1_0 3303 0.001295
3279 CNOT1_0 3302 0.001295
3279 CNOT1_0 3304 0.001295
3279 MEAS1 3267 0.987200
3279 MEAS1 3279 0.012800
3279 X2 3278 0.999670
3279 X2 3279 0.000110
3279 X2 3281 0.000110
3279 X2 3280 0.000110
3280 CNOT1_2 3308 0.992917
3280 CNOT1_2 3303 0.001012
3280 CNOT1_2 3302 0.001012
3280 CNOT1_2 3305 0.001012
3280 CNOT1_2 3304 0.001012
3280 CNOT1_2 3307 0.001012
3280 CNOT1_2 3306 0.001012
3280 CNOT1_2 3301 0.001012
3280 CNOT1_0 3308 0.990933
3280 CNOT1_0 3304 0.001295
3280 CNOT1_0 3305 0.001295
3280 CNOT1_0 3302 0.001295
3280 CNOT1_0 3303 0.001295
3280 CNOT1_0 3307 0.001295
3280 CNOT1_0 3306 0.001295
3280 CNOT1_0 3301 0.001295
3280 MEAS1 3268 0.987200
3280 MEAS1 3280 0.012800
3280 X2 3281 0.999670
3280 X2 3280 0.000110
3280 X2 3278 0.000110
3280 X2 3279 0.000110
3281 CNOT1_2 3303 0.992917
3281 CNOT1_2 3308 0.001012
3281 CNOT1_2 3301 0.001012
3281 CNOT1_2 3307 0.001012
3281 CNOT1_2 3306 0.001012
3281 CNOT1_2 3305 0.001012
3281 CNOT1_2 3304 0.001012
3281 CNOT1_2 3302 0.001012
3281 CNOT1_0 3304 0.990933
3281 CNOT1_0 3308 0.001295
3281 CNOT1_0 3301 0.001295
3281 CNOT1_0 3307 0.001295
3281 CNOT1_0 3306 0.001295
3281 CNOT1_0 3302 0.001295
3281 CNOT1_0 3303 0.001295
3281 CNOT1_0 3305 0.001295
3281 MEAS1 3269 0.987200
3281 MEAS1 3281 0.012800
3281 X2 3280 0.999670
3281 X2 3281 0.000110
3281 X2 3279 0.000110
3281 X2 3278 0.000110
3282 CNOT1_2 3274 0.992917
3282 CNOT1_2 3276 0.001012
3282 CNOT1_2 3275 0.001012
3282 CNOT1_2 3277 0.001012
3282 CNOT1_2 3270 0.001012
3282 CNOT1_2 3272 0.001012
3282 CNOT1_2 3271 0.001012
3282 CNOT1_2 3273 0.001012
3282 CNOT1_0 3271 0.990933
3282 CNOT1_0 3276 0.001295
3282 CNOT1_0 3275 0.001295
3282 CNOT1_0 3277 0.001295
3282 CNOT1_0 3270 0.001295
3282 CNOT1_0 3273 0.001295
3282 CNOT1_0 3274 0.001295
3282 CNOT1_0 3272 0.001295
3282 MEAS1 3309 0.958000
3282 MEAS1 3282 0.042000
3282 X2 3285 0.999670
3282 X2 3282 0.000110
3282 X2 3283 0.000110
3282 X2 3284 0.000110
3283 CNOT1_2 3273 0.992917
3283 CNOT1_2 3275 0.001012
3283 CNOT1_2 3276 0.001012
3283 CNOT1_2 3270 0.001012
3283 CNOT1_2 3277 0.001012
3283 CNOT1_2 3271 0.001012
3283 CNOT1_2 3272 0.001012
3283 CNOT1_2 3274 0.001012
3283 CNOT1_0 3272 0.990933
3283 CNOT1_0 3275 0.001295
3283 CNOT1_0 3276 0.001295
3283 CNOT1_0 3270 0.001295
3283 CNOT1_0 3277 0.001295
3283 CNOT1_0 3274 0.001295
3283 CNOT1_0 3273 0.001295
3283 CNOT1_0 3271 0.001295
3283 MEAS1 3310 0.958000
3283 MEAS1 3283 0.042000
3283 X2 3284 0.999670
3283 X2 3283 0.000110
3283 X2 3282 0.000110
3283 X2 3285 0.000110
3284 CNOT1_2 3275 0.992917
3284 CNOT1_2 3273 0.001012
3284 CNOT1_2 3274 0.001012
3284 CNOT1_2 3271 0.001012
3284 CNOT1_2 3272 0.001012
3284 CNOT1_2 3270 0.001012
3284 CNOT1_2 3277 0.001012
3284 CNOT1_2 3276 0.001012
3284 CNOT1_0 3275 0.990933
3284 CNOT1_0 3272 0.001295
3284 CNOT1_0 3271 0.001295
3284 CNOT1_0 3274 0.001295
3284 CNOT1_0 3273 0.001295
3284 CNOT1_0 3270 0.001295
3284 CNOT1_0 3277 0.001295
3284 CNOT1_0 3276 0.001295
3284 MEAS1 3311 0.958000
3284 MEAS1 3284 0.042000
3284 X2 3283 0.999670
3284 X2 3284 0.000110
3284 X2 3285 0.000110
3284 X2 3282 0.000110
3285 CNOT1_2 3276 0.992917
3285 CNOT1_2 3274 0.001012
3285 CNOT1_2 3273 0.001012
3285 CNOT1_2 3272 0.001012
3285 CNOT1_2 3271 0.001012
3285 CNOT1_2 3277 0.001012
3285 CNOT1_2 3270 0.001012
3285 CNOT1_2 3275 0.001012
3285 CNOT1_0 3276 0.990933
3285 CNOT1_0 3271 0.001295
3285 CNOT1_0 3272 0.001295
3285 CNOT1_0 3273 0.001295
3285 CNOT1_0 3274 0.001295
3285 CNOT1_0 3277 0.001295
3285 CNOT1_0 3270 0.001295
3285 CNOT1_0 3275 0.001295
3285 MEAS1 3312 0.958000
3285 MEAS1 3285 0.042000
3285 X2 3282 0.999670
3285 X2 3285 0.000110
3285 X2 3284 0.000110
3285 X2 3283 0.000110
3286 CNOT1_2 3286 0.993929
3286 CNOT1_2 3291 0.002024
3286 CNOT1_2 3294 0.002024
3286 CNOT1_2 3299 0.002024
3286 CNOT1_0 3286 0.992228
3286 CNOT1_0 3295 0.002591
3286 CNOT1_0 3290 0.002591
3286 CNOT1_0 3299 0.002591
3286 MEAS1 3265 0.987200
3286 MEAS1 3286 0.012800
3286 X2 3294 0.999780
3286 X2 3286 0.000220
3287 CNOT1_2 3298 0.993929
3287 CNOT1_2 3295 0.002024
3287 CNOT1_2 3290 0.002024
3287 CNOT1_2 3287 0.002024
3287 CNOT1_0 3298 0.992228
3287 CNOT1_0 3291 0.002591
3287 CNOT1_0 3294 0.002591
3287 CNOT1_0 3287 0.002591
3287 MEAS1 3287 0.958000
3287 MEAS1 3288 0.042000
3287 X2 3295 0.999780
3287 X2 3287 0.000220
3288 CNOT1_2 3297 0.993929
3288 CNOT1_2 3296 0.002024
3288 CNOT1_2 3289 0.002024
3288 CNOT1_2 3288 0.002024
3288 CNOT1_0 3297 0.992228
3288 CNOT1_0 3292 0.002591
3288 CNOT1_0 3293 0.002591
3288 CNOT1_0 3288 0.002591
3288 MEAS1 3287 0.958000
3288 MEAS1 3288 0.042000
3288 X2 3296 0.999780
3288 X2 3288 0.000220
3289 CNOT1_2 3289 0.993929
3289 CNOT1_2 3288 0.002024
3289 CNOT1_2 3297 0.002024
3289 CNOT1_2 3296 0.002024
3289 CNOT1_0 3296 0.992228
3289 CNOT1_0 3265 0.002591
3289 CNOT1_0 3300 0.002591
3289 CNOT1_0 3289 0.002591
3289 MEAS1 3289 0.987200
3289 MEAS1 3290 0.012800
3289 X2 3297 0.999780
3289 X2 3289 0.000220
3290 CNOT1_2 3290 0.993929
3290 CNOT1_2 3287 0.002024
3290 CNOT1_2 3298 0.002024
3290 CNOT1_2 3295 0.002024
3290 CNOT1_0 3295 0.992228
3290 CNOT1_0 3286 0.002591
3290 CNOT1_0 3299 0.002591
3290 CNOT1_0 3290 0.002591
3290 MEAS1 3289 0.987200
3290 MEAS1 3290 0.012800
3290 X2 3298 0.999780
3290 X2 3290 0.000220
3291 CNOT1_2 3294 0.993929
3291 CNOT1_2 3299 0.002024
3291 CNOT1_2 3286 0.002024
3291 CNOT1_2 3291 0.002024
3291 CNOT1_0 3291 0.992228
3291 CNOT1_0 3298 0.002591
3291 CNOT1_0 3287 0.002591
3291 CNOT1_0 3294 0.002591
3291 MEAS1 3291 0.958000
3291 MEAS1 3292 0.042000
3291 X2 3299 0.999780
3291 X2 3291 0.000220
3292 CNOT1_2 3293 0.993929
3292 CNOT1_2 3300 0.002024
3292 CNOT1_2 3265 0.002024
3292 CNOT1_2 3292 0.002024
3292 CNOT1_0 3292 0.992228
3292 CNOT1_0 3297 0.002591
3292 CNOT1_0 3288 0.002591
3292 CNOT1_0 3293 0.002591
3292 MEAS1 3291 0.958000
3292 MEAS1 3292 0.042000
3292 X2 3300 0.999780
3292 X2 3292 0.000220
3293 CNOT1_2 3292 0.993929
3293 CNOT1_2 3265 0.002024
3293 CNOT1_2 3300 0.002024
3293 CNOT1_2 3293 0.002024
3293 CNOT1_0 3293 0.992228
3293 CNOT1_0 3288 0.002591
3293 CNOT1_0 3297 0.002591
3293 CNOT1_0 3292 0.002591
3293 MEAS1 3293 0.987200
3293 MEAS1 3294 0.012800
3293 X2 3265 0.999780
3293 X2 3293 0.000220
3294 CNOT1_2 3291 0.993929
3294 CNOT1_2 3286 0.002024
3294 CNOT1_2 3299 0.002024
3294 CNOT1_2 3294 0.002024
3294 CNOT1_0 3294 0.992228
3294 CNOT1_0 3287 0.002591
3294 CNOT1_0 3298 0.002591
3294 CNOT1_0 3291 0.002591
3294 MEAS1 3293 0.987200
3294 MEAS1 3294 0.012800
3294 X2 3286 0.999780
3294 X2 3294 0.000220
3295 CNOT1_2 3295 0.993929
3295 CNOT1_2 3298 0.002024
3295 CNOT1_2 3287 0.002024
3295 CNOT1_2 3290 0.002024
3295 CNOT1_0 3290 0.992228
3295 CNOT1_0 3299 0.002591
3295 CNOT1_0 3286 0.002591
3295 CNOT1_0 3295 0.002591
3295 MEAS1 3295 0.958000
3295 MEAS1 3296 0.042000
3295 X2 3287 0.999780
3295 X2 3295 0.000220
3296 CNOT1_2 3296 0.993929
3296 CNOT1_2 3297 0.002024
3296 CNOT1_2 3288 0.002024
3296 CNOT1_2 3289 0.002024
3296 CNOT1_0 3289 0.992228
3296 CNOT1_0 3300 0.002591
3296 CNOT1_0 3265 0.002591
3296 CNOT1_0 3296 0.002591
3296 MEAS1 3295 0.958000
3296 MEAS1 3296 0.042000
3296 X2 3288 0.999780
3296 X2 3296 0.000220
3297 CNOT1_2 3288 0.993929
3297 CNOT1_2 3289 0.002024
3297 CNOT1_2 3296 0.002024
3297 CNOT1_2 3297 0.002024
3297 CNOT1_0 3288 0.992228
3297 CNOT1_0 3293 0.002591
3297 CNOT1_0 3292 0.002591
3297 CNOT1_0 3297 0.002591
3297 MEAS1 3297 0.987200
3297 MEAS1 3298 0.012800
3297 X2 3289 0.999780
3297 X2 3297 0.000220
3298 CNOT1_2 3287 0.993929
3298 CNOT1_2 3290 0.002024
3298 CNOT1_2 3295 0.002024
3298 CNOT1_2 3298 0.002024
3298 CNOT1_0 3287 0.992228
3298 CNOT1_0 3294 0.002591
3298 CNOT1_0 3291 0.002591
3298 CNOT1_0 3298 0.002591
3298 MEAS1 3297 0.987200
3298 MEAS1 3298 0.012800
3298 X2 3290 0.999780
3298 X2 3298 0.000220
3299 CNOT1_2 3299 0.993929
3299 CNOT1_2 3294 0.002024
3299 CNOT1_2 3291 0.002024
3299 CNOT1_2 3286 0.002024
3299 CNOT1_0 3299 0.992228
3299 CNOT1_0 3290 0.002591
3299 CNOT1_0 3295 0.002591
3299 CNOT1_0 3286 0.002591
3299 MEAS1 3299 0.958000
3299 MEAS1 3300 0.042000
3299 X2 3291 0.999780
3299 X2 3299 0.000220
3300 CNOT1_2 3300 0.993929
3300 CNOT1_2 3293 0.002024
3300 CNOT1_2 3292 0.002024
3300 CNOT1_2 3265 0.002024
3300 CNOT1_0 3300 0.992228
3300 CNOT1_0 3289 0.002591
3300 CNOT1_0 3296 0.002591
3300 CNOT1_0 3265 0.002591
3300 MEAS1 3299 0.958000
3300 MEAS1 3300 0.042000
3300 X2 3292 0.999780
3300 X2 3300 0.000220
3301 CNOT1_2 3278 0.992917
3301 CNOT1_2 3309 0.001012
3301 CNOT1_2 3279 0.001012
3301 CNOT1_2 3310 0.001012
3301 CNOT1_2 3281 0.001012
3301 CNOT1_2 3311 0.001012
3301 CNOT1_2 3280 0.001012
3301 CNOT1_2 3312 0.001012
3301 CNOT1_0 3278 0.990933
3301 CNOT1_0 3309 0.001295
3301 CNOT1_0 3279 0.001295
3301 CNOT1_0 3310 0.001295
3301 CNOT1_0 3281 0.001295
3301 CNOT1_0 3311 0.001295
3301 CNOT1_0 3280 0.001295
3301 CNOT1_0 3312 0.001295
3301 MEAS1 3265 0.493600
3301 MEAS1 3286 0.006400
3301 MEAS1 3287 0.479000
3301 MEAS1 3288 0.021000
3301 X2 3305 0.999670
3301 X2 3301 0.000110
3301 X2 3308 0.000110
3301 X2 3304 0.000110
3302 CNOT1_2 3279 0.992917
3302 CNOT1_2 3312 0.001012
3302 CNOT1_2 3278 0.001012
3302 CNOT1_2 3311 0.001012
3302 CNOT1_2 3280 0.001012
3302 CNOT1_2 3310 0.001012
3302 CNOT1_2 3281 0.001012
3302 CNOT1_2 3309 0.001012
3302 CNOT1_0 3309 0.990933
3302 CNOT1_0 3278 0.001295
3302 CNOT1_0 3312 0.001295
3302 CNOT1_0 3280 0.001295
3302 CNOT1_0 3311 0.001295
3302 CNOT1_0 3281 0.001295
3302 CNOT1_0 3310 0.001295
3302 CNOT1_0 3279 0.001295
3302 MEAS1 3289 0.493600
3302 MEAS1 3290 0.006400
3302 MEAS1 3291 0.479000
3302 MEAS1 3292 0.021000
3302 X2 3307 0.999670
3302 X2 3302 0.000110
3302 X2 3303 0.000110
3302 X2 3306 0.000110
3303 CNOT1_2 3281 0.992917
3303 CNOT1_2 3311 0.001012
3303 CNOT1_2 3280 0.001012
3303 CNOT1_2 3312 0.001012
3303 CNOT1_2 3278 0.001012
3303 CNOT1_2 3309 0.001012
3303 CNOT1_2 3279 0.001012
3303 CNOT1_2 3310 0.001012
3303 CNOT1_0 3310 0.990933
3303 CNOT1_0 3280 0.001295
3303 CNOT1_0 3311 0.001295
3303 CNOT1_0 3278 0.001295
3303 CNOT1_0 3312 0.001295
3303 CNOT1_0 3279 0.001295
3303 CNOT1_0 3309 0.001295
3303 CNOT1_0 3281 0.001295
3303 MEAS1 3289 0.493600
3303 MEAS1 3290 0.006400
3303 MEAS1 3291 0.479000
3303 MEAS1 3292 0.021000
3303 X2 3306 0.999670
3303 X2 3303 0.000110
3303 X2 3302 0.000110
3303 X2 3307 0.000110
3304 CNOT1_2 3310 0.992917
3304 CNOT1_2 3280 0.001012
3304 CNOT1_2 3311 0.001012
3304 CNOT1_2 3278 0.001012
3304 CNOT1_2 3312 0.001012
3304 CNOT1_2 3279 0.001012
3304 CNOT1_2 3309 0.001012
3304 CNOT1_2 3281 0.001012
3304 CNOT1_0 3281 0.990933
3304 CNOT1_0 3311 0.001295
3304 CNOT1_0 3280 0.001295
3304 CNOT1_0 3312 0.001295
3304 CNOT1_0 3278 0.001295
3304 CNOT1_0 3309 0.001295
3304 CNOT1_0 3279 0.001295
3304 CNOT1_0 3310 0.001295
3304 MEAS1 3293 0.493600
3304 MEAS1 3294 0.006400
3304 MEAS1 3295 0.479000
3304 MEAS1 3296 0.021000
3304 X2 3308 0.999670
3304 X2 3304 0.000110
3304 X2 3305 0.000110
3304 X2 3301 0.000110
3305 CNOT1_2 3309 0.992917
3305 CNOT1_2 3278 0.001012
3305 CNOT1_2 3312 0.001012
3305 CNOT1_2 3280 0.001012
3305 CNOT1_2 3311 0.001012
3305 CNOT1_2 3281 0.001012
3305 CNOT1_2 3310 0.001012
3305 CNOT1_2 3279 0.001012
3305 CNOT1_0 3279 0.990933
3305 CNOT1_0 3312 0.001295
3305 CNOT1_0 3278 0.001295
3305 CNOT1_0 3311 0.001295
3305 CNOT1_0 3280 0.001295
3305 CNOT1_0 3310 0.001295
3305 CNOT1_0 3281 0.001295
3305 CNOT1_0 3309 0.001295
3305 MEAS1 3293 0.493600
3305 MEAS1 3294 0.006400
3305 MEAS1 3295 0.479000
3305 MEAS1 3296 0.021000
3305 X2 3301 0.999670
3305 X2 3305 0.000110
3305 X2 3304 0.000110
3305 X2 3308 0.000110
3306 CNOT1_2 3311 0.992917
3306 CNOT1_2 3281 0.001012
3306 CNOT1_2 3310 0.001012
3306 CNOT1_2 3279 0.001012
3306 CNOT1_2 3309 0.001012
3306 CNOT1_2 3278 0.001012
3306 CNOT1_2 3312 0.001012
3306 CNOT1_2 3280 0.001012
3306 CNOT1_0 3311 0.990933
3306 CNOT1_0 3281 0.001295
3306 CNOT1_0 3310 0.001295
3306 CNOT1_0 3279 0.001295
3306 CNOT1_0 3309 0.001295
3306 CNOT1_0 3278 0.001295
3306 CNOT1_0 3312 0.001295
3306 CNOT1_0 3280 0.001295
3306 MEAS1 3297 0.493600
3306 MEAS1 3298 0.006400
3306 MEAS1 3299 0.479000
3306 MEAS1 3300 0.021000
3306 X2 3303 0.999670
3306 X2 3306 0.000110
3306 X2 3307 0.000110
3306 X2 3302 0.000110
3307 CNOT1_2 3312 0.992917
3307 CNOT1_2 3279 0.001012
3307 CNOT1_2 3309 0.001012
3307 CNOT1_2 3281 0.001012
3307 CNOT1_2 3310 0.001012
3307 CNOT1_2 3280 0.001012
3307 CNOT1_2 3311 0.001012
3307 CNOT1_2 3278 0.001012
3307 CNOT1_0 3312 0.990933
3307 CNOT1_0 3279 0.001295
3307 CNOT1_0 3309 0.001295
3307 CNOT1_0 3281 0.001295
3307 CNOT1_0 3310 0.001295
3307 CNOT1_0 3280 0.001295
3307 CNOT1_0 3311 0.001295
3307 CNOT1_0 3278 0.001295
3307 MEAS1 3297 0.493600
3307 MEAS1 3298 0.006400
3307 MEAS1 3299 0.479000
3307 MEAS1 3300 0.021000
3307 X2 3302 0.999670
3307 X2 3307 0.000110
3307 X2 3306 0.000110
3307 X2 3303 0.000110
3308 CNOT1_2 3280 0.992917
3308 CNOT1_2 3310 0.001012
3308 CNOT1_2 3281 0.001012
3308 CNOT1_2 3309 0.001012
3308 CNOT1_2 3279 0.001012
3308 CNOT1_2 3312 0.001012
3308 CNOT1_2 3278 0.001012
3308 CNOT1_2 3311 0.001012
3308 CNOT1_0 3280 0.990933
3308 CNOT1_0 3310 0.001295
3308 CNOT1_0 3281 0.001295
3308 CNOT1_0 3309 0.001295
3308 CNOT1_0 3279 0.001295
3308 CNOT1_0 3312 0.001295
3308 CNOT1_0 3278 0.001295
3308 CNOT1_0 3311 0.001295
3308 MEAS1 3265 0.493600
3308 MEAS1 3286 0.006400
3308 MEAS1 3287 0.479000
3308 MEAS1 3288 0.021000
3308 X2 3304 0.999670
3308 X2 3308 0.000110
3308 X2 3301 0.000110
3308 X2 3305 0.000110
3309 CNOT1_2 3305 0.992917
3309 CNOT1_2 3307 0.001012
3309 CNOT1_2 3306 0.001012
3309 CNOT1_2 3308 0.001012
3309 CNOT1_2 3301 0.001012
3309 CNOT1_2 3303 0.001012
3309 CNOT1_2 3302 0.001012
3309 CNOT1_2 3304 0.001012
3309 CNOT1_0 3302 0.990933
3309 CNOT1_0 3307 0.001295
3309 CNOT1_0 3306 0.001295
3309 CNOT1_0 3308 0.001295
3309 CNOT1_0 3301 0.001295
3309 CNOT1_0 3304 0.001295
3309 CNOT1_0 3305 0.001295
3309 CNOT1_0 3303 0.001295
3309 MEAS1 3309 0.958000
3309 MEAS1 3282 0.042000
3309 X2 3312 0.999670
3309 X2 3309 0.000110
3309 X2 3310 0.000110
3309 X2 3311 0.000110
3310 CNOT1_2 3304 0.992917
3310 CNOT1_2 3306 0.001012
3310 CNOT1_2 3307 0.001012
3310 CNOT1_2 3301 0.001012
3310 CNOT1_2 3308 0.001012
3310 CNOT1_2 3302 0.001012
3310 CNOT1_2 3303 0.001012
3310 CNOT1_2 3305 0.001012
3310 CNOT1_0 3303 0.990933
3310 CNOT1_0 3306 0.001295
3310 CNOT1_0 3307 0.001295
3310 CNOT1_0 3301 0.001295
3310 CNOT1_0 3308 0.001295
3310 CNOT1_0 3305 0.001295
3310 CNOT1_0 3304 0.001295
3310 CNOT1_0 3302 0.001295
3310 MEAS1 3310 0.958000
3310 MEAS1 3283 0.042000
3310 X2 3311 0.999670
3310 X2 3310 0.000110
3310 X2 3309 0.000110
3310 X2 3312 0.000110
3311 CNOT1_2 3306 0.992917
3311 CNOT1_2 3304 0.001012
3311 CNOT1_2 3305 0.001012
3311 CNOT1_2 3302 0.001012
3311 CNOT1_2 3303 0.001012
3311 CNOT1_2 3301 0.001012
3311 CNOT1_2 3308 0.001012
3311 CNOT1_2 3307 0.001012
3311 CNOT1_0 3306 0.990933
3311 CNOT1_0 3303 0.001295
3311 CNOT1_0 3302 0.001295
3311 CNOT1_0 3305 0.001295
3311 CNOT1_0 3304 0.001295
3311 CNOT1_0 3301 0.001295
3311 CNOT1_0 3308 0.001295
3311 CNOT1_0 3307 0.001295
3311 MEAS1 3311 0.958000
3311 MEAS1 3284 0.042000
3311 X2 3310 0.999670
3311 X2 3311 0.000110
3311 X2 3312 0.000110
3311 X2 3309 0.000110
3312 CNOT1_2 3307 0.992917
3312 CNOT1_2 3305 0.001012
3312 CNOT1_2 3304 0.001012
3312 CNOT1_2 3303 0.001012
3312 CNOT1_2 3302 0.001012
3312 CNOT1_2 3308 0.001012
3312 CNOT1_2 3301 0.001012
3312 CNOT1_2 3306 0.001012
3312 CNOT1_0 3307 0.990933
3312 CNOT1_0 3302 0.001295
3312 CNOT1_0 3303 0.001295
3312 CNOT1_0 3304 0.001295
3312 CNOT1_0 3305 0.001295
3312 CNOT1_0 3308 0.001295
3312 CNOT1_0 3301 0.001295
3312 CNOT1_0 3306 0.001295
3312 MEAS1 3312 0.958000
3312 MEAS1 3285 0.042000
3312 X2 3309 0.999670
3312 X2 3312 0.000110
3312 X2 3311 0.000110
3312 X2 3310 0.000110
ENDPOMDP
