BEGINPOMDP
INITIALSTATE: 3025
STATES: 3025,3026,3027,3028,3029,3030,3031,3032,3033,3034,3035,3036,3037,3038,3039,3040,3041,3042,3043,3044,3045,3046,3047,3048,3049,3050,3051,3052,3053,3054,3055,3056,3057,3058,3059,3060,3061,3062,3063,3064,3065,3066,3067,3068,3069,3070,3071,3072
TARGETV: 3026,3028,3030,3035,3036,3037,3038,3040,3044,3045,3061,3066,3067,3068,3071,3072
GAMMA: 3025:0,3026:0,3027:0,3028:0,3029:0,3030:0,3031:0,3032:0,3033:0,3034:0,3035:0,3036:0,3037:0,3038:1,3039:1,3040:1,3041:1,3042:0,3043:0,3044:0,3045:0,3046:1,3047:1,3048:0,3049:0,3050:1,3051:1,3052:0,3053:0,3054:1,3055:1,3056:0,3057:0,3058:1,3059:1,3060:0,3061:1,3062:1,3063:1,3064:1,3065:1,3066:1,3067:1,3068:1,3069:1,3070:1,3071:1,3072:1
BEGINACTIONS
CNOT1_3 Instruction.CNOT 3 1
CNOT1_2 Instruction.CNOT 2 1
MEAS1 Instruction.MEAS None 1
X3 Instruction.X None 3
ENDACTIONS
3025 INIT_ 3026 0.250000
3025 INIT_ 3027 0.250000
3025 INIT_ 3028 0.250000
3025 INIT_ 3029 0.250000
3025 CNOT1_3 3025 0.994514
3025 CNOT1_3 3052 0.001829
3025 CNOT1_3 3053 0.001829
3025 CNOT1_3 3060 0.001829
3025 CNOT1_2 3025 0.994433
3025 CNOT1_2 3056 0.001856
3025 CNOT1_2 3049 0.001856
3025 CNOT1_2 3060 0.001856
3025 MEAS1 3025 0.991800
3025 MEAS1 3046 0.008200
3025 X3 3053 0.999841
3025 X3 3025 0.000159
3026 CNOT1_3 3030 0.993600
3026 CNOT1_3 3031 0.000914
3026 CNOT1_3 3032 0.000914
3026 CNOT1_3 3033 0.000914
3026 CNOT1_3 3034 0.000914
3026 CNOT1_3 3035 0.000914
3026 CNOT1_3 3036 0.000914
3026 CNOT1_3 3037 0.000914
3026 CNOT1_2 3030 0.993505
3026 CNOT1_2 3034 0.000928
3026 CNOT1_2 3033 0.000928
3026 CNOT1_2 3032 0.000928
3026 CNOT1_2 3031 0.000928
3026 CNOT1_2 3035 0.000928
3026 CNOT1_2 3036 0.000928
3026 CNOT1_2 3037 0.000928
3026 MEAS1 3026 0.991800
3026 MEAS1 3038 0.008200
3026 X3 3027 0.999762
3026 X3 3026 0.000079
3026 X3 3028 0.000079
3026 X3 3029 0.000079
3027 CNOT1_3 3031 0.993600
3027 CNOT1_3 3030 0.000914
3027 CNOT1_3 3037 0.000914
3027 CNOT1_3 3035 0.000914
3027 CNOT1_3 3036 0.000914
3027 CNOT1_3 3033 0.000914
3027 CNOT1_3 3034 0.000914
3027 CNOT1_3 3032 0.000914
3027 CNOT1_2 3034 0.993505
3027 CNOT1_2 3030 0.000928
3027 CNOT1_2 3037 0.000928
3027 CNOT1_2 3035 0.000928
3027 CNOT1_2 3036 0.000928
3027 CNOT1_2 3032 0.000928
3027 CNOT1_2 3031 0.000928
3027 CNOT1_2 3033 0.000928
3027 MEAS1 3027 0.991800
3027 MEAS1 3039 0.008200
3027 X3 3026 0.999762
3027 X3 3027 0.000079
3027 X3 3029 0.000079
3027 X3 3028 0.000079
3028 CNOT1_3 3037 0.993600
3028 CNOT1_3 3032 0.000914
3028 CNOT1_3 3031 0.000914
3028 CNOT1_3 3034 0.000914
3028 CNOT1_3 3033 0.000914
3028 CNOT1_3 3036 0.000914
3028 CNOT1_3 3035 0.000914
3028 CNOT1_3 3030 0.000914
3028 CNOT1_2 3037 0.993505
3028 CNOT1_2 3033 0.000928
3028 CNOT1_2 3034 0.000928
3028 CNOT1_2 3031 0.000928
3028 CNOT1_2 3032 0.000928
3028 CNOT1_2 3036 0.000928
3028 CNOT1_2 3035 0.000928
3028 CNOT1_2 3030 0.000928
3028 MEAS1 3028 0.991800
3028 MEAS1 3040 0.008200
3028 X3 3029 0.999762
3028 X3 3028 0.000079
3028 X3 3026 0.000079
3028 X3 3027 0.000079
3029 CNOT1_3 3032 0.993600
3029 CNOT1_3 3037 0.000914
3029 CNOT1_3 3030 0.000914
3029 CNOT1_3 3036 0.000914
3029 CNOT1_3 3035 0.000914
3029 CNOT1_3 3034 0.000914
3029 CNOT1_3 3033 0.000914
3029 CNOT1_3 3031 0.000914
3029 CNOT1_2 3033 0.993505
3029 CNOT1_2 3037 0.000928
3029 CNOT1_2 3030 0.000928
3029 CNOT1_2 3036 0.000928
3029 CNOT1_2 3035 0.000928
3029 CNOT1_2 3031 0.000928
3029 CNOT1_2 3032 0.000928
3029 CNOT1_2 3034 0.000928
3029 MEAS1 3029 0.991800
3029 MEAS1 3041 0.008200
3029 X3 3028 0.999762
3029 X3 3029 0.000079
3029 X3 3027 0.000079
3029 X3 3026 0.000079
3030 CNOT1_3 3026 0.993600
3030 CNOT1_3 3042 0.000914
3030 CNOT1_3 3027 0.000914
3030 CNOT1_3 3043 0.000914
3030 CNOT1_3 3029 0.000914
3030 CNOT1_3 3044 0.000914
3030 CNOT1_3 3028 0.000914
3030 CNOT1_3 3045 0.000914
3030 CNOT1_2 3026 0.993505
3030 CNOT1_2 3042 0.000928
3030 CNOT1_2 3027 0.000928
3030 CNOT1_2 3043 0.000928
3030 CNOT1_2 3029 0.000928
3030 CNOT1_2 3044 0.000928
3030 CNOT1_2 3028 0.000928
3030 CNOT1_2 3045 0.000928
3030 MEAS1 3025 0.495900
3030 MEAS1 3046 0.004100
3030 MEAS1 3047 0.495200
3030 MEAS1 3048 0.004800
3030 X3 3034 0.999762
3030 X3 3030 0.000079
3030 X3 3037 0.000079
3030 X3 3033 0.000079
3031 CNOT1_3 3027 0.993600
3031 CNOT1_3 3045 0.000914
3031 CNOT1_3 3026 0.000914
3031 CNOT1_3 3044 0.000914
3031 CNOT1_3 3028 0.000914
3031 CNOT1_3 3043 0.000914
3031 CNOT1_3 3029 0.000914
3031 CNOT1_3 3042 0.000914
3031 CNOT1_2 3042 0.993505
3031 CNOT1_2 3026 0.000928
3031 CNOT1_2 3045 0.000928
3031 CNOT1_2 3028 0.000928
3031 CNOT1_2 3044 0.000928
3031 CNOT1_2 3029 0.000928
3031 CNOT1_2 3043 0.000928
3031 CNOT1_2 3027 0.000928
3031 MEAS1 3049 0.495900
3031 MEAS1 3050 0.004100
3031 MEAS1 3051 0.495200
3031 MEAS1 3052 0.004800
3031 X3 3036 0.999762
3031 X3 3031 0.000079
3031 X3 3032 0.000079
3031 X3 3035 0.000079
3032 CNOT1_3 3029 0.993600
3032 CNOT1_3 3044 0.000914
3032 CNOT1_3 3028 0.000914
3032 CNOT1_3 3045 0.000914
3032 CNOT1_3 3026 0.000914
3032 CNOT1_3 3042 0.000914
3032 CNOT1_3 3027 0.000914
3032 CNOT1_3 3043 0.000914
3032 CNOT1_2 3043 0.993505
3032 CNOT1_2 3028 0.000928
3032 CNOT1_2 3044 0.000928
3032 CNOT1_2 3026 0.000928
3032 CNOT1_2 3045 0.000928
3032 CNOT1_2 3027 0.000928
3032 CNOT1_2 3042 0.000928
3032 CNOT1_2 3029 0.000928
3032 MEAS1 3049 0.495900
3032 MEAS1 3050 0.004100
3032 MEAS1 3051 0.495200
3032 MEAS1 3052 0.004800
3032 X3 3035 0.999762
3032 X3 3032 0.000079
3032 X3 3031 0.000079
3032 X3 3036 0.000079
3033 CNOT1_3 3043 0.993600
3033 CNOT1_3 3028 0.000914
3033 CNOT1_3 3044 0.000914
3033 CNOT1_3 3026 0.000914
3033 CNOT1_3 3045 0.000914
3033 CNOT1_3 3027 0.000914
3033 CNOT1_3 3042 0.000914
3033 CNOT1_3 3029 0.000914
3033 CNOT1_2 3029 0.993505
3033 CNOT1_2 3044 0.000928
3033 CNOT1_2 3028 0.000928
3033 CNOT1_2 3045 0.000928
3033 CNOT1_2 3026 0.000928
3033 CNOT1_2 3042 0.000928
3033 CNOT1_2 3027 0.000928
3033 CNOT1_2 3043 0.000928
3033 MEAS1 3053 0.495900
3033 MEAS1 3054 0.004100
3033 MEAS1 3055 0.495200
3033 MEAS1 3056 0.004800
3033 X3 3037 0.999762
3033 X3 3033 0.000079
3033 X3 3034 0.000079
3033 X3 3030 0.000079
3034 CNOT1_3 3042 0.993600
3034 CNOT1_3 3026 0.000914
3034 CNOT1_3 3045 0.000914
3034 CNOT1_3 3028 0.000914
3034 CNOT1_3 3044 0.000914
3034 CNOT1_3 3029 0.000914
3034 CNOT1_3 3043 0.000914
3034 CNOT1_3 3027 0.000914
3034 CNOT1_2 3027 0.993505
3034 CNOT1_2 3045 0.000928
3034 CNOT1_2 3026 0.000928
3034 CNOT1_2 3044 0.000928
3034 CNOT1_2 3028 0.000928
3034 CNOT1_2 3043 0.000928
3034 CNOT1_2 3029 0.000928
3034 CNOT1_2 3042 0.000928
3034 MEAS1 3053 0.495900
3034 MEAS1 3054 0.004100
3034 MEAS1 3055 0.495200
3034 MEAS1 3056 0.004800
3034 X3 3030 0.999762
3034 X3 3034 0.000079
3034 X3 3033 0.000079
3034 X3 3037 0.000079
3035 CNOT1_3 3044 0.993600
3035 CNOT1_3 3029 0.000914
3035 CNOT1_3 3043 0.000914
3035 CNOT1_3 3027 0.000914
3035 CNOT1_3 3042 0.000914
3035 CNOT1_3 3026 0.000914
3035 CNOT1_3 3045 0.000914
3035 CNOT1_3 3028 0.000914
3035 CNOT1_2 3044 0.993505
3035 CNOT1_2 3029 0.000928
3035 CNOT1_2 3043 0.000928
3035 CNOT1_2 3027 0.000928
3035 CNOT1_2 3042 0.000928
3035 CNOT1_2 3026 0.000928
3035 CNOT1_2 3045 0.000928
3035 CNOT1_2 3028 0.000928
3035 MEAS1 3057 0.495900
3035 MEAS1 3058 0.004100
3035 MEAS1 3059 0.495200
3035 MEAS1 3060 0.004800
3035 X3 3032 0.999762
3035 X3 3035 0.000079
3035 X3 3036 0.000079
3035 X3 3031 0.000079
3036 CNOT1_3 3045 0.993600
3036 CNOT1_3 3027 0.000914
3036 CNOT1_3 3042 0.000914
3036 CNOT1_3 3029 0.000914
3036 CNOT1_3 3043 0.000914
3036 CNOT1_3 3028 0.000914
3036 CNOT1_3 3044 0.000914
3036 CNOT1_3 3026 0.000914
3036 CNOT1_2 3045 0.993505
3036 CNOT1_2 3027 0.000928
3036 CNOT1_2 3042 0.000928
3036 CNOT1_2 3029 0.000928
3036 CNOT1_2 3043 0.000928
3036 CNOT1_2 3028 0.000928
3036 CNOT1_2 3044 0.000928
3036 CNOT1_2 3026 0.000928
3036 MEAS1 3057 0.495900
3036 MEAS1 3058 0.004100
3036 MEAS1 3059 0.495200
3036 MEAS1 3060 0.004800
3036 X3 3031 0.999762
3036 X3 3036 0.000079
3036 X3 3035 0.000079
3036 X3 3032 0.000079
3037 CNOT1_3 3028 0.993600
3037 CNOT1_3 3043 0.000914
3037 CNOT1_3 3029 0.000914
3037 CNOT1_3 3042 0.000914
3037 CNOT1_3 3027 0.000914
3037 CNOT1_3 3045 0.000914
3037 CNOT1_3 3026 0.000914
3037 CNOT1_3 3044 0.000914
3037 CNOT1_2 3028 0.993505
3037 CNOT1_2 3043 0.000928
3037 CNOT1_2 3029 0.000928
3037 CNOT1_2 3042 0.000928
3037 CNOT1_2 3027 0.000928
3037 CNOT1_2 3045 0.000928
3037 CNOT1_2 3026 0.000928
3037 CNOT1_2 3044 0.000928
3037 MEAS1 3025 0.495900
3037 MEAS1 3046 0.004100
3037 MEAS1 3047 0.495200
3037 MEAS1 3048 0.004800
3037 X3 3033 0.999762
3037 X3 3037 0.000079
3037 X3 3030 0.000079
3037 X3 3034 0.000079
3038 CNOT1_3 3061 0.993600
3038 CNOT1_3 3062 0.000914
3038 CNOT1_3 3063 0.000914
3038 CNOT1_3 3064 0.000914
3038 CNOT1_3 3065 0.000914
3038 CNOT1_3 3066 0.000914
3038 CNOT1_3 3067 0.000914
3038 CNOT1_3 3068 0.000914
3038 CNOT1_2 3061 0.993505
3038 CNOT1_2 3065 0.000928
3038 CNOT1_2 3064 0.000928
3038 CNOT1_2 3063 0.000928
3038 CNOT1_2 3062 0.000928
3038 CNOT1_2 3066 0.000928
3038 CNOT1_2 3067 0.000928
3038 CNOT1_2 3068 0.000928
3038 MEAS1 3026 0.991800
3038 MEAS1 3038 0.008200
3038 X3 3039 0.999762
3038 X3 3038 0.000079
3038 X3 3040 0.000079
3038 X3 3041 0.000079
3039 CNOT1_3 3062 0.993600
3039 CNOT1_3 3061 0.000914
3039 CNOT1_3 3068 0.000914
3039 CNOT1_3 3066 0.000914
3039 CNOT1_3 3067 0.000914
3039 CNOT1_3 3064 0.000914
3039 CNOT1_3 3065 0.000914
3039 CNOT1_3 3063 0.000914
3039 CNOT1_2 3065 0.993505
3039 CNOT1_2 3061 0.000928
3039 CNOT1_2 3068 0.000928
3039 CNOT1_2 3066 0.000928
3039 CNOT1_2 3067 0.000928
3039 CNOT1_2 3063 0.000928
3039 CNOT1_2 3062 0.000928
3039 CNOT1_2 3064 0.000928
3039 MEAS1 3027 0.991800
3039 MEAS1 3039 0.008200
3039 X3 3038 0.999762
3039 X3 3039 0.000079
3039 X3 3041 0.000079
3039 X3 3040 0.000079
3040 CNOT1_3 3068 0.993600
3040 CNOT1_3 3063 0.000914
3040 CNOT1_3 3062 0.000914
3040 CNOT1_3 3065 0.000914
3040 CNOT1_3 3064 0.000914
3040 CNOT1_3 3067 0.000914
3040 CNOT1_3 3066 0.000914
3040 CNOT1_3 3061 0.000914
3040 CNOT1_2 3068 0.993505
3040 CNOT1_2 3064 0.000928
3040 CNOT1_2 3065 0.000928
3040 CNOT1_2 3062 0.000928
3040 CNOT1_2 3063 0.000928
3040 CNOT1_2 3067 0.000928
3040 CNOT1_2 3066 0.000928
3040 CNOT1_2 3061 0.000928
3040 MEAS1 3028 0.991800
3040 MEAS1 3040 0.008200
3040 X3 3041 0.999762
3040 X3 3040 0.000079
3040 X3 3038 0.000079
3040 X3 3039 0.000079
3041 CNOT1_3 3063 0.993600
3041 CNOT1_3 3068 0.000914
3041 CNOT1_3 3061 0.000914
3041 CNOT1_3 3067 0.000914
3041 CNOT1_3 3066 0.000914
3041 CNOT1_3 3065 0.000914
3041 CNOT1_3 3064 0.000914
3041 CNOT1_3 3062 0.000914
3041 CNOT1_2 3064 0.993505
3041 CNOT1_2 3068 0.000928
3041 CNOT1_2 3061 0.000928
3041 CNOT1_2 3067 0.000928
3041 CNOT1_2 3066 0.000928
3041 CNOT1_2 3062 0.000928
3041 CNOT1_2 3063 0.000928
3041 CNOT1_2 3065 0.000928
3041 MEAS1 3029 0.991800
3041 MEAS1 3041 0.008200
3041 X3 3040 0.999762
3041 X3 3041 0.000079
3041 X3 3039 0.000079
3041 X3 3038 0.000079
3042 CNOT1_3 3034 0.993600
3042 CNOT1_3 3036 0.000914
3042 CNOT1_3 3035 0.000914
3042 CNOT1_3 3037 0.000914
3042 CNOT1_3 3030 0.000914
3042 CNOT1_3 3032 0.000914
3042 CNOT1_3 3031 0.000914
3042 CNOT1_3 3033 0.000914
3042 CNOT1_2 3031 0.993505
3042 CNOT1_2 3036 0.000928
3042 CNOT1_2 3035 0.000928
3042 CNOT1_2 3037 0.000928
3042 CNOT1_2 3030 0.000928
3042 CNOT1_2 3033 0.000928
3042 CNOT1_2 3034 0.000928
3042 CNOT1_2 3032 0.000928
3042 MEAS1 3069 0.990400
3042 MEAS1 3042 0.009600
3042 X3 3045 0.999762
3042 X3 3042 0.000079
3042 X3 3043 0.000079
3042 X3 3044 0.000079
3043 CNOT1_3 3033 0.993600
3043 CNOT1_3 3035 0.000914
3043 CNOT1_3 3036 0.000914
3043 CNOT1_3 3030 0.000914
3043 CNOT1_3 3037 0.000914
3043 CNOT1_3 3031 0.000914
3043 CNOT1_3 3032 0.000914
3043 CNOT1_3 3034 0.000914
3043 CNOT1_2 3032 0.993505
3043 CNOT1_2 3035 0.000928
3043 CNOT1_2 3036 0.000928
3043 CNOT1_2 3030 0.000928
3043 CNOT1_2 3037 0.000928
3043 CNOT1_2 3034 0.000928
3043 CNOT1_2 3033 0.000928
3043 CNOT1_2 3031 0.000928
3043 MEAS1 3070 0.990400
3043 MEAS1 3043 0.009600
3043 X3 3044 0.999762
3043 X3 3043 0.000079
3043 X3 3042 0.000079
3043 X3 3045 0.000079
3044 CNOT1_3 3035 0.993600
3044 CNOT1_3 3033 0.000914
3044 CNOT1_3 3034 0.000914
3044 CNOT1_3 3031 0.000914
3044 CNOT1_3 3032 0.000914
3044 CNOT1_3 3030 0.000914
3044 CNOT1_3 3037 0.000914
3044 CNOT1_3 3036 0.000914
3044 CNOT1_2 3035 0.993505
3044 CNOT1_2 3032 0.000928
3044 CNOT1_2 3031 0.000928
3044 CNOT1_2 3034 0.000928
3044 CNOT1_2 3033 0.000928
3044 CNOT1_2 3030 0.000928
3044 CNOT1_2 3037 0.000928
3044 CNOT1_2 3036 0.000928
3044 MEAS1 3071 0.990400
3044 MEAS1 3044 0.009600
3044 X3 3043 0.999762
3044 X3 3044 0.000079
3044 X3 3045 0.000079
3044 X3 3042 0.000079
3045 CNOT1_3 3036 0.993600
3045 CNOT1_3 3034 0.000914
3045 CNOT1_3 3033 0.000914
3045 CNOT1_3 3032 0.000914
3045 CNOT1_3 3031 0.000914
3045 CNOT1_3 3037 0.000914
3045 CNOT1_3 3030 0.000914
3045 CNOT1_3 3035 0.000914
3045 CNOT1_2 3036 0.993505
3045 CNOT1_2 3031 0.000928
3045 CNOT1_2 3032 0.000928
3045 CNOT1_2 3033 0.000928
3045 CNOT1_2 3034 0.000928
3045 CNOT1_2 3037 0.000928
3045 CNOT1_2 3030 0.000928
3045 CNOT1_2 3035 0.000928
3045 MEAS1 3072 0.990400
3045 MEAS1 3045 0.009600
3045 X3 3042 0.999762
3045 X3 3045 0.000079
3045 X3 3044 0.000079
3045 X3 3043 0.000079
3046 CNOT1_3 3046 0.994514
3046 CNOT1_3 3051 0.001829
3046 CNOT1_3 3054 0.001829
3046 CNOT1_3 3059 0.001829
3046 CNOT1_2 3046 0.994433
3046 CNOT1_2 3055 0.001856
3046 CNOT1_2 3050 0.001856
3046 CNOT1_2 3059 0.001856
3046 MEAS1 3025 0.991800
3046 MEAS1 3046 0.008200
3046 X3 3054 0.999841
3046 X3 3046 0.000159
3047 CNOT1_3 3058 0.994514
3047 CNOT1_3 3055 0.001829
3047 CNOT1_3 3050 0.001829
3047 CNOT1_3 3047 0.001829
3047 CNOT1_2 3058 0.994433
3047 CNOT1_2 3051 0.001856
3047 CNOT1_2 3054 0.001856
3047 CNOT1_2 3047 0.001856
3047 MEAS1 3047 0.990400
3047 MEAS1 3048 0.009600
3047 X3 3055 0.999841
3047 X3 3047 0.000159
3048 CNOT1_3 3057 0.994514
3048 CNOT1_3 3056 0.001829
3048 CNOT1_3 3049 0.001829
3048 CNOT1_3 3048 0.001829
3048 CNOT1_2 3057 0.994433
3048 CNOT1_2 3052 0.001856
3048 CNOT1_2 3053 0.001856
3048 CNOT1_2 3048 0.001856
3048 MEAS1 3047 0.990400
3048 MEAS1 3048 0.009600
3048 X3 3056 0.999841
3048 X3 3048 0.000159
3049 CNOT1_3 3049 0.994514
3049 CNOT1_3 3048 0.001829
3049 CNOT1_3 3057 0.001829
3049 CNOT1_3 3056 0.001829
3049 CNOT1_2 3056 0.994433
3049 CNOT1_2 3025 0.001856
3049 CNOT1_2 3060 0.001856
3049 CNOT1_2 3049 0.001856
3049 MEAS1 3049 0.991800
3049 MEAS1 3050 0.008200
3049 X3 3057 0.999841
3049 X3 3049 0.000159
3050 CNOT1_3 3050 0.994514
3050 CNOT1_3 3047 0.001829
3050 CNOT1_3 3058 0.001829
3050 CNOT1_3 3055 0.001829
3050 CNOT1_2 3055 0.994433
3050 CNOT1_2 3046 0.001856
3050 CNOT1_2 3059 0.001856
3050 CNOT1_2 3050 0.001856
3050 MEAS1 3049 0.991800
3050 MEAS1 3050 0.008200
3050 X3 3058 0.999841
3050 X3 3050 0.000159
3051 CNOT1_3 3054 0.994514
3051 CNOT1_3 3059 0.001829
3051 CNOT1_3 3046 0.001829
3051 CNOT1_3 3051 0.001829
3051 CNOT1_2 3051 0.994433
3051 CNOT1_2 3058 0.001856
3051 CNOT1_2 3047 0.001856
3051 CNOT1_2 3054 0.001856
3051 MEAS1 3051 0.990400
3051 MEAS1 3052 0.009600
3051 X3 3059 0.999841
3051 X3 3051 0.000159
3052 CNOT1_3 3053 0.994514
3052 CNOT1_3 3060 0.001829
3052 CNOT1_3 3025 0.001829
3052 CNOT1_3 3052 0.001829
3052 CNOT1_2 3052 0.994433
3052 CNOT1_2 3057 0.001856
3052 CNOT1_2 3048 0.001856
3052 CNOT1_2 3053 0.001856
3052 MEAS1 3051 0.990400
3052 MEAS1 3052 0.009600
3052 X3 3060 0.999841
3052 X3 3052 0.000159
3053 CNOT1_3 3052 0.994514
3053 CNOT1_3 3025 0.001829
3053 CNOT1_3 3060 0.001829
3053 CNOT1_3 3053 0.001829
3053 CNOT1_2 3053 0.994433
3053 CNOT1_2 3048 0.001856
3053 CNOT1_2 3057 0.001856
3053 CNOT1_2 3052 0.001856
3053 MEAS1 3053 0.991800
3053 MEAS1 3054 0.008200
3053 X3 3025 0.999841
3053 X3 3053 0.000159
3054 CNOT1_3 3051 0.994514
3054 CNOT1_3 3046 0.001829
3054 CNOT1_3 3059 0.001829
3054 CNOT1_3 3054 0.001829
3054 CNOT1_2 3054 0.994433
3054 CNOT1_2 3047 0.001856
3054 CNOT1_2 3058 0.001856
3054 CNOT1_2 3051 0.001856
3054 MEAS1 3053 0.991800
3054 MEAS1 3054 0.008200
3054 X3 3046 0.999841
3054 X3 3054 0.000159
3055 CNOT1_3 3055 0.994514
3055 CNOT1_3 3058 0.001829
3055 CNOT1_3 3047 0.001829
3055 CNOT1_3 3050 0.001829
3055 CNOT1_2 3050 0.994433
3055 CNOT1_2 3059 0.001856
3055 CNOT1_2 3046 0.001856
3055 CNOT1_2 3055 0.001856
3055 MEAS1 3055 0.990400
3055 MEAS1 3056 0.009600
3055 X3 3047 0.999841
3055 X3 3055 0.000159
3056 CNOT1_3 3056 0.994514
3056 CNOT1_3 3057 0.001829
3056 CNOT1_3 3048 0.001829
3056 CNOT1_3 3049 0.001829
3056 CNOT1_2 3049 0.994433
3056 CNOT1_2 3060 0.001856
3056 CNOT1_2 3025 0.001856
3056 CNOT1_2 3056 0.001856
3056 MEAS1 3055 0.990400
3056 MEAS1 3056 0.009600
3056 X3 3048 0.999841
3056 X3 3056 0.000159
3057 CNOT1_3 3048 0.994514
3057 CNOT1_3 3049 0.001829
3057 CNOT1_3 3056 0.001829
3057 CNOT1_3 3057 0.001829
3057 CNOT1_2 3048 0.994433
3057 CNOT1_2 3053 0.001856
3057 CNOT1_2 3052 0.001856
3057 CNOT1_2 3057 0.001856
3057 MEAS1 3057 0.991800
3057 MEAS1 3058 0.008200
3057 X3 3049 0.999841
3057 X3 3057 0.000159
3058 CNOT1_3 3047 0.994514
3058 CNOT1_3 3050 0.001829
3058 CNOT1_3 3055 0.001829
3058 CNOT1_3 3058 0.001829
3058 CNOT1_2 3047 0.994433
3058 CNOT1_2 3054 0.001856
3058 CNOT1_2 3051 0.001856
3058 CNOT1_2 3058 0.001856
3058 MEAS1 3057 0.991800
3058 MEAS1 3058 0.008200
3058 X3 3050 0.999841
3058 X3 3058 0.000159
3059 CNOT1_3 3059 0.994514
3059 CNOT1_3 3054 0.001829
3059 CNOT1_3 3051 0.001829
3059 CNOT1_3 3046 0.001829
3059 CNOT1_2 3059 0.994433
3059 CNOT1_2 3050 0.001856
3059 CNOT1_2 3055 0.001856
3059 CNOT1_2 3046 0.001856
3059 MEAS1 3059 0.990400
3059 MEAS1 3060 0.009600
3059 X3 3051 0.999841
3059 X3 3059 0.000159
3060 CNOT1_3 3060 0.994514
3060 CNOT1_3 3053 0.001829
3060 CNOT1_3 3052 0.001829
3060 CNOT1_3 3025 0.001829
3060 CNOT1_2 3060 0.994433
3060 CNOT1_2 3049 0.001856
3060 CNOT1_2 3056 0.001856
3060 CNOT1_2 3025 0.001856
3060 MEAS1 3059 0.990400
3060 MEAS1 3060 0.009600
3060 X3 3052 0.999841
3060 X3 3060 0.000159
3061 CNOT1_3 3038 0.993600
3061 CNOT1_3 3069 0.000914
3061 CNOT1_3 3039 0.000914
3061 CNOT1_3 3070 0.000914
3061 CNOT1_3 3041 0.000914
3061 CNOT1_3 3071 0.000914
3061 CNOT1_3 3040 0.000914
3061 CNOT1_3 3072 0.000914
3061 CNOT1_2 3038 0.993505
3061 CNOT1_2 3069 0.000928
3061 CNOT1_2 3039 0.000928
3061 CNOT1_2 3070 0.000928
3061 CNOT1_2 3041 0.000928
3061 CNOT1_2 3071 0.000928
3061 CNOT1_2 3040 0.000928
3061 CNOT1_2 3072 0.000928
3061 MEAS1 3025 0.495900
3061 MEAS1 3046 0.004100
3061 MEAS1 3047 0.495200
3061 MEAS1 3048 0.004800
3061 X3 3065 0.999762
3061 X3 3061 0.000079
3061 X3 3068 0.000079
3061 X3 3064 0.000079
3062 CNOT1_3 3039 0.993600
3062 CNOT1_3 3072 0.000914
3062 CNOT1_3 3038 0.000914
3062 CNOT1_3 3071 0.000914
3062 CNOT1_3 3040 0.000914
3062 CNOT1_3 3070 0.000914
3062 CNOT1_3 3041 0.000914
3062 CNOT1_3 3069 0.000914
3062 CNOT1_2 3069 0.993505
3062 CNOT1_2 3038 0.000928
3062 CNOT1_2 3072 0.000928
3062 CNOT1_2 3040 0.000928
3062 CNOT1_2 3071 0.000928
3062 CNOT1_2 3041 0.000928
3062 CNOT1_2 3070 0.000928
3062 CNOT1_2 3039 0.000928
3062 MEAS1 3049 0.495900
3062 MEAS1 3050 0.004100
3062 MEAS1 3051 0.495200
3062 MEAS1 3052 0.004800
3062 X3 3067 0.999762
3062 X3 3062 0.000079
3062 X3 3063 0.000079
3062 X3 3066 0.000079
3063 CNOT1_3 3041 0.993600
3063 CNOT1_3 3071 0.000914
3063 CNOT1_3 3040 0.000914
3063 CNOT1_3 3072 0.000914
3063 CNOT1_3 3038 0.000914
3063 CNOT1_3 3069 0.000914
3063 CNOT1_3 3039 0.000914
3063 CNOT1_3 3070 0.000914
3063 CNOT1_2 3070 0.993505
3063 CNOT1_2 3040 0.000928
3063 CNOT1_2 3071 0.000928
3063 CNOT1_2 3038 0.000928
3063 CNOT1_2 3072 0.000928
3063 CNOT1_2 3039 0.000928
3063 CNOT1_2 3069 0.000928
3063 CNOT1_2 3041 0.000928
3063 MEAS1 3049 0.495900
3063 MEAS1 3050 0.004100
3063 MEAS1 3051 0.495200
3063 MEAS1 3052 0.004800
3063 X3 3066 0.999762
3063 X3 3063 0.000079
3063 X3 3062 0.000079
3063 X3 3067 0.000079
3064 CNOT1_3 3070 0.993600
3064 CNOT1_3 3040 0.000914
3064 CNOT1_3 3071 0.000914
3064 CNOT1_3 3038 0.000914
3064 CNOT1_3 3072 0.000914
3064 CNOT1_3 3039 0.000914
3064 CNOT1_3 3069 0.000914
3064 CNOT1_3 3041 0.000914
3064 CNOT1_2 3041 0.993505
3064 CNOT1_2 3071 0.000928
3064 CNOT1_2 3040 0.000928
3064 CNOT1_2 3072 0.000928
3064 CNOT1_2 3038 0.000928
3064 CNOT1_2 3069 0.000928
3064 CNOT1_2 3039 0.000928
3064 CNOT1_2 3070 0.000928
3064 MEAS1 3053 0.495900
3064 MEAS1 3054 0.004100
3064 MEAS1 3055 0.495200
3064 MEAS1 3056 0.004800
3064 X3 3068 0.999762
3064 X3 3064 0.000079
3064 X3 3065 0.000079
3064 X3 3061 0.000079
3065 CNOT1_3 3069 0.993600
3065 CNOT1_3 3038 0.000914
3065 CNOT1_3 3072 0.000914
3065 CNOT1_3 3040 0.000914
3065 CNOT1_3 3071 0.000914
3065 CNOT1_3 3041 0.000914
3065 CNOT1_3 3070 0.000914
3065 CNOT1_3 3039 0.000914
3065 CNOT1_2 3039 0.993505
3065 CNOT1_2 3072 0.000928
3065 CNOT1_2 3038 0.000928
3065 CNOT1_2 3071 0.000928
3065 CNOT1_2 3040 0.000928
3065 CNOT1_2 3070 0.000928
3065 CNOT1_2 3041 0.000928
3065 CNOT1_2 3069 0.000928
3065 MEAS1 3053 0.495900
3065 MEAS1 3054 0.004100
3065 MEAS1 3055 0.495200
3065 MEAS1 3056 0.004800
3065 X3 3061 0.999762
3065 X3 3065 0.000079
3065 X3 3064 0.000079
3065 X3 3068 0.000079
3066 CNOT1_3 3071 0.993600
3066 CNOT1_3 3041 0.000914
3066 CNOT1_3 3070 0.000914
3066 CNOT1_3 3039 0.000914
3066 CNOT1_3 3069 0.000914
3066 CNOT1_3 3038 0.000914
3066 CNOT1_3 3072 0.000914
3066 CNOT1_3 3040 0.000914
3066 CNOT1_2 3071 0.993505
3066 CNOT1_2 3041 0.000928
3066 CNOT1_2 3070 0.000928
3066 CNOT1_2 3039 0.000928
3066 CNOT1_2 3069 0.000928
3066 CNOT1_2 3038 0.000928
3066 CNOT1_2 3072 0.000928
3066 CNOT1_2 3040 0.000928
3066 MEAS1 3057 0.495900
3066 MEAS1 3058 0.004100
3066 MEAS1 3059 0.495200
3066 MEAS1 3060 0.004800
3066 X3 3063 0.999762
3066 X3 3066 0.000079
3066 X3 3067 0.000079
3066 X3 3062 0.000079
3067 CNOT1_3 3072 0.993600
3067 CNOT1_3 3039 0.000914
3067 CNOT1_3 3069 0.000914
3067 CNOT1_3 3041 0.000914
3067 CNOT1_3 3070 0.000914
3067 CNOT1_3 3040 0.000914
3067 CNOT1_3 3071 0.000914
3067 CNOT1_3 3038 0.000914
3067 CNOT1_2 3072 0.993505
3067 CNOT1_2 3039 0.000928
3067 CNOT1_2 3069 0.000928
3067 CNOT1_2 3041 0.000928
3067 CNOT1_2 3070 0.000928
3067 CNOT1_2 3040 0.000928
3067 CNOT1_2 3071 0.000928
3067 CNOT1_2 3038 0.000928
3067 MEAS1 3057 0.495900
3067 MEAS1 3058 0.004100
3067 MEAS1 3059 0.495200
3067 MEAS1 3060 0.004800
3067 X3 3062 0.999762
3067 X3 3067 0.000079
3067 X3 3066 0.000079
3067 X3 3063 0.000079
3068 CNOT1_3 3040 0.993600
3068 CNOT1_3 3070 0.000914
3068 CNOT1_3 3041 0.000914
3068 CNOT1_3 3069 0.000914
3068 CNOT1_3 3039 0.000914
3068 CNOT1_3 3072 0.000914
3068 CNOT1_3 3038 0.000914
3068 CNOT1_3 3071 0.000914
3068 CNOT1_2 3040 0.993505
3068 CNOT1_2 3070 0.000928
3068 CNOT1_2 3041 0.000928
3068 CNOT1_2 3069 0.000928
3068 CNOT1_2 3039 0.000928
3068 CNOT1_2 3072 0.000928
3068 CNOT1_2 3038 0.000928
3068 CNOT1_2 3071 0.000928
3068 MEAS1 3025 0.495900
3068 MEAS1 3046 0.004100
3068 MEAS1 3047 0.495200
3068 MEAS1 3048 0.004800
3068 X3 3064 0.999762
3068 X3 3068 0.000079
3068 X3 3061 0.000079
3068 X3 3065 0.000079
3069 CNOT1_3 3065 0.993600
3069 CNOT1_3 3067 0.000914
3069 CNOT1_3 3066 0.000914
3069 CNOT1_3 3068 0.000914
3069 CNOT1_3 3061 0.000914
3069 CNOT1_3 3063 0.000914
3069 CNOT1_3 3062 0.000914
3069 CNOT1_3 3064 0.000914
3069 CNOT1_2 3062 0.993505
3069 CNOT1_2 3067 0.000928
3069 CNOT1_2 3066 0.000928
3069 CNOT1_2 3068 0.000928
3069 CNOT1_2 3061 0.000928
3069 CNOT1_2 3064 0.000928
3069 CNOT1_2 3065 0.000928
3069 CNOT1_2 3063 0.000928
3069 MEAS1 3069 0.990400
3069 MEAS1 3042 0.009600
3069 X3 3072 0.999762
3069 X3 3069 0.000079
3069 X3 3070 0.000079
3069 X3 3071 0.000079
3070 CNOT1_3 3064 0.993600
3070 CNOT1_3 3066 0.000914
3070 CNOT1_3 3067 0.000914
3070 CNOT1_3 3061 0.000914
3070 CNOT1_3 3068 0.000914
3070 CNOT1_3 3062 0.000914
3070 CNOT1_3 3063 0.000914
3070 CNOT1_3 3065 0.000914
3070 CNOT1_2 3063 0.993505
3070 CNOT1_2 3066 0.000928
3070 CNOT1_2 3067 0.000928
3070 CNOT1_2 3061 0.000928
3070 CNOT1_2 3068 0.000928
3070 CNOT1_2 3065 0.000928
3070 CNOT1_2 3064 0.000928
3070 CNOT1_2 3062 0.000928
3070 MEAS1 3070 0.990400
3070 MEAS1 3043 0.009600
3070 X3 3071 0.999762
3070 X3 3070 0.000079
3070 X3 3069 0.000079
3070 X3 3072 0.000079
3071 CNOT1_3 3066 0.993600
3071 CNOT1_3 3064 0.000914
3071 CNOT1_3 3065 0.000914
3071 CNOT1_3 3062 0.000914
3071 CNOT1_3 3063 0.000914
3071 CNOT1_3 3061 0.000914
3071 CNOT1_3 3068 0.000914
3071 CNOT1_3 3067 0.000914
3071 CNOT1_2 3066 0.993505
3071 CNOT1_2 3063 0.000928
3071 CNOT1_2 3062 0.000928
3071 CNOT1_2 3065 0.000928
3071 CNOT1_2 3064 0.000928
3071 CNOT1_2 3061 0.000928
3071 CNOT1_2 3068 0.000928
3071 CNOT1_2 3067 0.000928
3071 MEAS1 3071 0.990400
3071 MEAS1 3044 0.009600
3071 X3 3070 0.999762
3071 X3 3071 0.000079
3071 X3 3072 0.000079
3071 X3 3069 0.000079
3072 CNOT1_3 3067 0.993600
3072 CNOT1_3 3065 0.000914
3072 CNOT1_3 3064 0.000914
3072 CNOT1_3 3063 0.000914
3072 CNOT1_3 3062 0.000914
3072 CNOT1_3 3068 0.000914
3072 CNOT1_3 3061 0.000914
3072 CNOT1_3 3066 0.000914
3072 CNOT1_2 3067 0.993505
3072 CNOT1_2 3062 0.000928
3072 CNOT1_2 3063 0.000928
3072 CNOT1_2 3064 0.000928
3072 CNOT1_2 3065 0.000928
3072 CNOT1_2 3068 0.000928
3072 CNOT1_2 3061 0.000928
3072 CNOT1_2 3066 0.000928
3072 MEAS1 3072 0.990400
3072 MEAS1 3045 0.009600
3072 X3 3069 0.999762
3072 X3 3072 0.000079
3072 X3 3071 0.000079
3072 X3 3070 0.000079
ENDPOMDP
