BEGINPOMDP
INITIALSTATE: 10129
STATES: 10129,10130,10131,10132,10133,10134,10135,10136,10137,10138,10139,10140,10141,10142,10143,10144,10145,10146,10147,10148,10149,10150,10151,10152,10153,10154,10155,10156,10157,10158,10159,10160,10161,10162,10163,10164,10165,10166,10167,10168,10169,10170,10171,10172,10173,10174,10175,10176
TARGETV: 10130,10132,10134,10139,10140,10141,10142,10144,10148,10149,10165,10170,10171,10172,10175,10176
GAMMA: 10129:0,10130:0,10131:0,10132:0,10133:0,10134:0,10135:0,10136:0,10137:0,10138:0,10139:0,10140:0,10141:0,10142:1,10143:1,10144:1,10145:1,10146:0,10147:0,10148:0,10149:0,10150:1,10151:1,10152:0,10153:0,10154:1,10155:1,10156:0,10157:0,10158:1,10159:1,10160:0,10161:0,10162:1,10163:1,10164:0,10165:1,10166:1,10167:1,10168:1,10169:1,10170:1,10171:1,10172:1,10173:1,10174:1,10175:1,10176:1
BEGINACTIONS
CNOT13_10 Instruction.CNOT 10 13
CNOT13_14 Instruction.CNOT 14 13
MEAS13 Instruction.MEAS None 13
X10 Instruction.X None 10
ENDACTIONS
10129 INIT_ 10130 0.250000
10129 INIT_ 10131 0.250000
10129 INIT_ 10132 0.250000
10129 INIT_ 10133 0.250000
10129 CNOT13_10 10129 0.200000
10129 CNOT13_10 10156 0.266667
10129 CNOT13_10 10157 0.266667
10129 CNOT13_10 10164 0.266667
10129 CNOT13_14 10129 0.969208
10129 CNOT13_14 10160 0.010264
10129 CNOT13_14 10153 0.010264
10129 CNOT13_14 10164 0.010264
10129 MEAS13 10129 0.945600
10129 MEAS13 10150 0.054400
10129 X10 10157 0.999737
10129 X10 10129 0.000263
10130 CNOT13_10 10134 0.066667
10130 CNOT13_10 10135 0.133333
10130 CNOT13_10 10136 0.133333
10130 CNOT13_10 10137 0.133333
10130 CNOT13_10 10138 0.133333
10130 CNOT13_10 10139 0.133333
10130 CNOT13_10 10140 0.133333
10130 CNOT13_10 10141 0.133333
10130 CNOT13_14 10134 0.964077
10130 CNOT13_14 10138 0.005132
10130 CNOT13_14 10137 0.005132
10130 CNOT13_14 10136 0.005132
10130 CNOT13_14 10135 0.005132
10130 CNOT13_14 10139 0.005132
10130 CNOT13_14 10140 0.005132
10130 CNOT13_14 10141 0.005132
10130 MEAS13 10130 0.945600
10130 MEAS13 10142 0.054400
10130 X10 10131 0.999606
10130 X10 10130 0.000131
10130 X10 10132 0.000131
10130 X10 10133 0.000131
10131 CNOT13_10 10135 0.066667
10131 CNOT13_10 10134 0.133333
10131 CNOT13_10 10141 0.133333
10131 CNOT13_10 10139 0.133333
10131 CNOT13_10 10140 0.133333
10131 CNOT13_10 10137 0.133333
10131 CNOT13_10 10138 0.133333
10131 CNOT13_10 10136 0.133333
10131 CNOT13_14 10138 0.964077
10131 CNOT13_14 10134 0.005132
10131 CNOT13_14 10141 0.005132
10131 CNOT13_14 10139 0.005132
10131 CNOT13_14 10140 0.005132
10131 CNOT13_14 10136 0.005132
10131 CNOT13_14 10135 0.005132
10131 CNOT13_14 10137 0.005132
10131 MEAS13 10131 0.945600
10131 MEAS13 10143 0.054400
10131 X10 10130 0.999606
10131 X10 10131 0.000131
10131 X10 10133 0.000131
10131 X10 10132 0.000131
10132 CNOT13_10 10141 0.066667
10132 CNOT13_10 10136 0.133333
10132 CNOT13_10 10135 0.133333
10132 CNOT13_10 10138 0.133333
10132 CNOT13_10 10137 0.133333
10132 CNOT13_10 10140 0.133333
10132 CNOT13_10 10139 0.133333
10132 CNOT13_10 10134 0.133333
10132 CNOT13_14 10141 0.964077
10132 CNOT13_14 10137 0.005132
10132 CNOT13_14 10138 0.005132
10132 CNOT13_14 10135 0.005132
10132 CNOT13_14 10136 0.005132
10132 CNOT13_14 10140 0.005132
10132 CNOT13_14 10139 0.005132
10132 CNOT13_14 10134 0.005132
10132 MEAS13 10132 0.945600
10132 MEAS13 10144 0.054400
10132 X10 10133 0.999606
10132 X10 10132 0.000131
10132 X10 10130 0.000131
10132 X10 10131 0.000131
10133 CNOT13_10 10136 0.066667
10133 CNOT13_10 10141 0.133333
10133 CNOT13_10 10134 0.133333
10133 CNOT13_10 10140 0.133333
10133 CNOT13_10 10139 0.133333
10133 CNOT13_10 10138 0.133333
10133 CNOT13_10 10137 0.133333
10133 CNOT13_10 10135 0.133333
10133 CNOT13_14 10137 0.964077
10133 CNOT13_14 10141 0.005132
10133 CNOT13_14 10134 0.005132
10133 CNOT13_14 10140 0.005132
10133 CNOT13_14 10139 0.005132
10133 CNOT13_14 10135 0.005132
10133 CNOT13_14 10136 0.005132
10133 CNOT13_14 10138 0.005132
10133 MEAS13 10133 0.945600
10133 MEAS13 10145 0.054400
10133 X10 10132 0.999606
10133 X10 10133 0.000131
10133 X10 10131 0.000131
10133 X10 10130 0.000131
10134 CNOT13_10 10130 0.066667
10134 CNOT13_10 10146 0.133333
10134 CNOT13_10 10131 0.133333
10134 CNOT13_10 10147 0.133333
10134 CNOT13_10 10133 0.133333
10134 CNOT13_10 10148 0.133333
10134 CNOT13_10 10132 0.133333
10134 CNOT13_10 10149 0.133333
10134 CNOT13_14 10130 0.964077
10134 CNOT13_14 10146 0.005132
10134 CNOT13_14 10131 0.005132
10134 CNOT13_14 10147 0.005132
10134 CNOT13_14 10133 0.005132
10134 CNOT13_14 10148 0.005132
10134 CNOT13_14 10132 0.005132
10134 CNOT13_14 10149 0.005132
10134 MEAS13 10129 0.472800
10134 MEAS13 10150 0.027200
10134 MEAS13 10151 0.472700
10134 MEAS13 10152 0.027300
10134 X10 10138 0.999606
10134 X10 10134 0.000131
10134 X10 10141 0.000131
10134 X10 10137 0.000131
10135 CNOT13_10 10131 0.066667
10135 CNOT13_10 10149 0.133333
10135 CNOT13_10 10130 0.133333
10135 CNOT13_10 10148 0.133333
10135 CNOT13_10 10132 0.133333
10135 CNOT13_10 10147 0.133333
10135 CNOT13_10 10133 0.133333
10135 CNOT13_10 10146 0.133333
10135 CNOT13_14 10146 0.964077
10135 CNOT13_14 10130 0.005132
10135 CNOT13_14 10149 0.005132
10135 CNOT13_14 10132 0.005132
10135 CNOT13_14 10148 0.005132
10135 CNOT13_14 10133 0.005132
10135 CNOT13_14 10147 0.005132
10135 CNOT13_14 10131 0.005132
10135 MEAS13 10153 0.472800
10135 MEAS13 10154 0.027200
10135 MEAS13 10155 0.472700
10135 MEAS13 10156 0.027300
10135 X10 10140 0.999606
10135 X10 10135 0.000131
10135 X10 10136 0.000131
10135 X10 10139 0.000131
10136 CNOT13_10 10133 0.066667
10136 CNOT13_10 10148 0.133333
10136 CNOT13_10 10132 0.133333
10136 CNOT13_10 10149 0.133333
10136 CNOT13_10 10130 0.133333
10136 CNOT13_10 10146 0.133333
10136 CNOT13_10 10131 0.133333
10136 CNOT13_10 10147 0.133333
10136 CNOT13_14 10147 0.964077
10136 CNOT13_14 10132 0.005132
10136 CNOT13_14 10148 0.005132
10136 CNOT13_14 10130 0.005132
10136 CNOT13_14 10149 0.005132
10136 CNOT13_14 10131 0.005132
10136 CNOT13_14 10146 0.005132
10136 CNOT13_14 10133 0.005132
10136 MEAS13 10153 0.472800
10136 MEAS13 10154 0.027200
10136 MEAS13 10155 0.472700
10136 MEAS13 10156 0.027300
10136 X10 10139 0.999606
10136 X10 10136 0.000131
10136 X10 10135 0.000131
10136 X10 10140 0.000131
10137 CNOT13_10 10147 0.066667
10137 CNOT13_10 10132 0.133333
10137 CNOT13_10 10148 0.133333
10137 CNOT13_10 10130 0.133333
10137 CNOT13_10 10149 0.133333
10137 CNOT13_10 10131 0.133333
10137 CNOT13_10 10146 0.133333
10137 CNOT13_10 10133 0.133333
10137 CNOT13_14 10133 0.964077
10137 CNOT13_14 10148 0.005132
10137 CNOT13_14 10132 0.005132
10137 CNOT13_14 10149 0.005132
10137 CNOT13_14 10130 0.005132
10137 CNOT13_14 10146 0.005132
10137 CNOT13_14 10131 0.005132
10137 CNOT13_14 10147 0.005132
10137 MEAS13 10157 0.472800
10137 MEAS13 10158 0.027200
10137 MEAS13 10159 0.472700
10137 MEAS13 10160 0.027300
10137 X10 10141 0.999606
10137 X10 10137 0.000131
10137 X10 10138 0.000131
10137 X10 10134 0.000131
10138 CNOT13_10 10146 0.066667
10138 CNOT13_10 10130 0.133333
10138 CNOT13_10 10149 0.133333
10138 CNOT13_10 10132 0.133333
10138 CNOT13_10 10148 0.133333
10138 CNOT13_10 10133 0.133333
10138 CNOT13_10 10147 0.133333
10138 CNOT13_10 10131 0.133333
10138 CNOT13_14 10131 0.964077
10138 CNOT13_14 10149 0.005132
10138 CNOT13_14 10130 0.005132
10138 CNOT13_14 10148 0.005132
10138 CNOT13_14 10132 0.005132
10138 CNOT13_14 10147 0.005132
10138 CNOT13_14 10133 0.005132
10138 CNOT13_14 10146 0.005132
10138 MEAS13 10157 0.472800
10138 MEAS13 10158 0.027200
10138 MEAS13 10159 0.472700
10138 MEAS13 10160 0.027300
10138 X10 10134 0.999606
10138 X10 10138 0.000131
10138 X10 10137 0.000131
10138 X10 10141 0.000131
10139 CNOT13_10 10148 0.066667
10139 CNOT13_10 10133 0.133333
10139 CNOT13_10 10147 0.133333
10139 CNOT13_10 10131 0.133333
10139 CNOT13_10 10146 0.133333
10139 CNOT13_10 10130 0.133333
10139 CNOT13_10 10149 0.133333
10139 CNOT13_10 10132 0.133333
10139 CNOT13_14 10148 0.964077
10139 CNOT13_14 10133 0.005132
10139 CNOT13_14 10147 0.005132
10139 CNOT13_14 10131 0.005132
10139 CNOT13_14 10146 0.005132
10139 CNOT13_14 10130 0.005132
10139 CNOT13_14 10149 0.005132
10139 CNOT13_14 10132 0.005132
10139 MEAS13 10161 0.472800
10139 MEAS13 10162 0.027200
10139 MEAS13 10163 0.472700
10139 MEAS13 10164 0.027300
10139 X10 10136 0.999606
10139 X10 10139 0.000131
10139 X10 10140 0.000131
10139 X10 10135 0.000131
10140 CNOT13_10 10149 0.066667
10140 CNOT13_10 10131 0.133333
10140 CNOT13_10 10146 0.133333
10140 CNOT13_10 10133 0.133333
10140 CNOT13_10 10147 0.133333
10140 CNOT13_10 10132 0.133333
10140 CNOT13_10 10148 0.133333
10140 CNOT13_10 10130 0.133333
10140 CNOT13_14 10149 0.964077
10140 CNOT13_14 10131 0.005132
10140 CNOT13_14 10146 0.005132
10140 CNOT13_14 10133 0.005132
10140 CNOT13_14 10147 0.005132
10140 CNOT13_14 10132 0.005132
10140 CNOT13_14 10148 0.005132
10140 CNOT13_14 10130 0.005132
10140 MEAS13 10161 0.472800
10140 MEAS13 10162 0.027200
10140 MEAS13 10163 0.472700
10140 MEAS13 10164 0.027300
10140 X10 10135 0.999606
10140 X10 10140 0.000131
10140 X10 10139 0.000131
10140 X10 10136 0.000131
10141 CNOT13_10 10132 0.066667
10141 CNOT13_10 10147 0.133333
10141 CNOT13_10 10133 0.133333
10141 CNOT13_10 10146 0.133333
10141 CNOT13_10 10131 0.133333
10141 CNOT13_10 10149 0.133333
10141 CNOT13_10 10130 0.133333
10141 CNOT13_10 10148 0.133333
10141 CNOT13_14 10132 0.964077
10141 CNOT13_14 10147 0.005132
10141 CNOT13_14 10133 0.005132
10141 CNOT13_14 10146 0.005132
10141 CNOT13_14 10131 0.005132
10141 CNOT13_14 10149 0.005132
10141 CNOT13_14 10130 0.005132
10141 CNOT13_14 10148 0.005132
10141 MEAS13 10129 0.472800
10141 MEAS13 10150 0.027200
10141 MEAS13 10151 0.472700
10141 MEAS13 10152 0.027300
10141 X10 10137 0.999606
10141 X10 10141 0.000131
10141 X10 10134 0.000131
10141 X10 10138 0.000131
10142 CNOT13_10 10165 0.066667
10142 CNOT13_10 10166 0.133333
10142 CNOT13_10 10167 0.133333
10142 CNOT13_10 10168 0.133333
10142 CNOT13_10 10169 0.133333
10142 CNOT13_10 10170 0.133333
10142 CNOT13_10 10171 0.133333
10142 CNOT13_10 10172 0.133333
10142 CNOT13_14 10165 0.964077
10142 CNOT13_14 10169 0.005132
10142 CNOT13_14 10168 0.005132
10142 CNOT13_14 10167 0.005132
10142 CNOT13_14 10166 0.005132
10142 CNOT13_14 10170 0.005132
10142 CNOT13_14 10171 0.005132
10142 CNOT13_14 10172 0.005132
10142 MEAS13 10130 0.945600
10142 MEAS13 10142 0.054400
10142 X10 10143 0.999606
10142 X10 10142 0.000131
10142 X10 10144 0.000131
10142 X10 10145 0.000131
10143 CNOT13_10 10166 0.066667
10143 CNOT13_10 10165 0.133333
10143 CNOT13_10 10172 0.133333
10143 CNOT13_10 10170 0.133333
10143 CNOT13_10 10171 0.133333
10143 CNOT13_10 10168 0.133333
10143 CNOT13_10 10169 0.133333
10143 CNOT13_10 10167 0.133333
10143 CNOT13_14 10169 0.964077
10143 CNOT13_14 10165 0.005132
10143 CNOT13_14 10172 0.005132
10143 CNOT13_14 10170 0.005132
10143 CNOT13_14 10171 0.005132
10143 CNOT13_14 10167 0.005132
10143 CNOT13_14 10166 0.005132
10143 CNOT13_14 10168 0.005132
10143 MEAS13 10131 0.945600
10143 MEAS13 10143 0.054400
10143 X10 10142 0.999606
10143 X10 10143 0.000131
10143 X10 10145 0.000131
10143 X10 10144 0.000131
10144 CNOT13_10 10172 0.066667
10144 CNOT13_10 10167 0.133333
10144 CNOT13_10 10166 0.133333
10144 CNOT13_10 10169 0.133333
10144 CNOT13_10 10168 0.133333
10144 CNOT13_10 10171 0.133333
10144 CNOT13_10 10170 0.133333
10144 CNOT13_10 10165 0.133333
10144 CNOT13_14 10172 0.964077
10144 CNOT13_14 10168 0.005132
10144 CNOT13_14 10169 0.005132
10144 CNOT13_14 10166 0.005132
10144 CNOT13_14 10167 0.005132
10144 CNOT13_14 10171 0.005132
10144 CNOT13_14 10170 0.005132
10144 CNOT13_14 10165 0.005132
10144 MEAS13 10132 0.945600
10144 MEAS13 10144 0.054400
10144 X10 10145 0.999606
10144 X10 10144 0.000131
10144 X10 10142 0.000131
10144 X10 10143 0.000131
10145 CNOT13_10 10167 0.066667
10145 CNOT13_10 10172 0.133333
10145 CNOT13_10 10165 0.133333
10145 CNOT13_10 10171 0.133333
10145 CNOT13_10 10170 0.133333
10145 CNOT13_10 10169 0.133333
10145 CNOT13_10 10168 0.133333
10145 CNOT13_10 10166 0.133333
10145 CNOT13_14 10168 0.964077
10145 CNOT13_14 10172 0.005132
10145 CNOT13_14 10165 0.005132
10145 CNOT13_14 10171 0.005132
10145 CNOT13_14 10170 0.005132
10145 CNOT13_14 10166 0.005132
10145 CNOT13_14 10167 0.005132
10145 CNOT13_14 10169 0.005132
10145 MEAS13 10133 0.945600
10145 MEAS13 10145 0.054400
10145 X10 10144 0.999606
10145 X10 10145 0.000131
10145 X10 10143 0.000131
10145 X10 10142 0.000131
10146 CNOT13_10 10138 0.066667
10146 CNOT13_10 10140 0.133333
10146 CNOT13_10 10139 0.133333
10146 CNOT13_10 10141 0.133333
10146 CNOT13_10 10134 0.133333
10146 CNOT13_10 10136 0.133333
10146 CNOT13_10 10135 0.133333
10146 CNOT13_10 10137 0.133333
10146 CNOT13_14 10135 0.964077
10146 CNOT13_14 10140 0.005132
10146 CNOT13_14 10139 0.005132
10146 CNOT13_14 10141 0.005132
10146 CNOT13_14 10134 0.005132
10146 CNOT13_14 10137 0.005132
10146 CNOT13_14 10138 0.005132
10146 CNOT13_14 10136 0.005132
10146 MEAS13 10173 0.945400
10146 MEAS13 10146 0.054600
10146 X10 10149 0.999606
10146 X10 10146 0.000131
10146 X10 10147 0.000131
10146 X10 10148 0.000131
10147 CNOT13_10 10137 0.066667
10147 CNOT13_10 10139 0.133333
10147 CNOT13_10 10140 0.133333
10147 CNOT13_10 10134 0.133333
10147 CNOT13_10 10141 0.133333
10147 CNOT13_10 10135 0.133333
10147 CNOT13_10 10136 0.133333
10147 CNOT13_10 10138 0.133333
10147 CNOT13_14 10136 0.964077
10147 CNOT13_14 10139 0.005132
10147 CNOT13_14 10140 0.005132
10147 CNOT13_14 10134 0.005132
10147 CNOT13_14 10141 0.005132
10147 CNOT13_14 10138 0.005132
10147 CNOT13_14 10137 0.005132
10147 CNOT13_14 10135 0.005132
10147 MEAS13 10174 0.945400
10147 MEAS13 10147 0.054600
10147 X10 10148 0.999606
10147 X10 10147 0.000131
10147 X10 10146 0.000131
10147 X10 10149 0.000131
10148 CNOT13_10 10139 0.066667
10148 CNOT13_10 10137 0.133333
10148 CNOT13_10 10138 0.133333
10148 CNOT13_10 10135 0.133333
10148 CNOT13_10 10136 0.133333
10148 CNOT13_10 10134 0.133333
10148 CNOT13_10 10141 0.133333
10148 CNOT13_10 10140 0.133333
10148 CNOT13_14 10139 0.964077
10148 CNOT13_14 10136 0.005132
10148 CNOT13_14 10135 0.005132
10148 CNOT13_14 10138 0.005132
10148 CNOT13_14 10137 0.005132
10148 CNOT13_14 10134 0.005132
10148 CNOT13_14 10141 0.005132
10148 CNOT13_14 10140 0.005132
10148 MEAS13 10175 0.945400
10148 MEAS13 10148 0.054600
10148 X10 10147 0.999606
10148 X10 10148 0.000131
10148 X10 10149 0.000131
10148 X10 10146 0.000131
10149 CNOT13_10 10140 0.066667
10149 CNOT13_10 10138 0.133333
10149 CNOT13_10 10137 0.133333
10149 CNOT13_10 10136 0.133333
10149 CNOT13_10 10135 0.133333
10149 CNOT13_10 10141 0.133333
10149 CNOT13_10 10134 0.133333
10149 CNOT13_10 10139 0.133333
10149 CNOT13_14 10140 0.964077
10149 CNOT13_14 10135 0.005132
10149 CNOT13_14 10136 0.005132
10149 CNOT13_14 10137 0.005132
10149 CNOT13_14 10138 0.005132
10149 CNOT13_14 10141 0.005132
10149 CNOT13_14 10134 0.005132
10149 CNOT13_14 10139 0.005132
10149 MEAS13 10176 0.945400
10149 MEAS13 10149 0.054600
10149 X10 10146 0.999606
10149 X10 10149 0.000131
10149 X10 10148 0.000131
10149 X10 10147 0.000131
10150 CNOT13_10 10150 0.200000
10150 CNOT13_10 10155 0.266667
10150 CNOT13_10 10158 0.266667
10150 CNOT13_10 10163 0.266667
10150 CNOT13_14 10150 0.969208
10150 CNOT13_14 10159 0.010264
10150 CNOT13_14 10154 0.010264
10150 CNOT13_14 10163 0.010264
10150 MEAS13 10129 0.945600
10150 MEAS13 10150 0.054400
10150 X10 10158 0.999737
10150 X10 10150 0.000263
10151 CNOT13_10 10162 0.200000
10151 CNOT13_10 10159 0.266667
10151 CNOT13_10 10154 0.266667
10151 CNOT13_10 10151 0.266667
10151 CNOT13_14 10162 0.969208
10151 CNOT13_14 10155 0.010264
10151 CNOT13_14 10158 0.010264
10151 CNOT13_14 10151 0.010264
10151 MEAS13 10151 0.945400
10151 MEAS13 10152 0.054600
10151 X10 10159 0.999737
10151 X10 10151 0.000263
10152 CNOT13_10 10161 0.200000
10152 CNOT13_10 10160 0.266667
10152 CNOT13_10 10153 0.266667
10152 CNOT13_10 10152 0.266667
10152 CNOT13_14 10161 0.969208
10152 CNOT13_14 10156 0.010264
10152 CNOT13_14 10157 0.010264
10152 CNOT13_14 10152 0.010264
10152 MEAS13 10151 0.945400
10152 MEAS13 10152 0.054600
10152 X10 10160 0.999737
10152 X10 10152 0.000263
10153 CNOT13_10 10153 0.200000
10153 CNOT13_10 10152 0.266667
10153 CNOT13_10 10161 0.266667
10153 CNOT13_10 10160 0.266667
10153 CNOT13_14 10160 0.969208
10153 CNOT13_14 10129 0.010264
10153 CNOT13_14 10164 0.010264
10153 CNOT13_14 10153 0.010264
10153 MEAS13 10153 0.945600
10153 MEAS13 10154 0.054400
10153 X10 10161 0.999737
10153 X10 10153 0.000263
10154 CNOT13_10 10154 0.200000
10154 CNOT13_10 10151 0.266667
10154 CNOT13_10 10162 0.266667
10154 CNOT13_10 10159 0.266667
10154 CNOT13_14 10159 0.969208
10154 CNOT13_14 10150 0.010264
10154 CNOT13_14 10163 0.010264
10154 CNOT13_14 10154 0.010264
10154 MEAS13 10153 0.945600
10154 MEAS13 10154 0.054400
10154 X10 10162 0.999737
10154 X10 10154 0.000263
10155 CNOT13_10 10158 0.200000
10155 CNOT13_10 10163 0.266667
10155 CNOT13_10 10150 0.266667
10155 CNOT13_10 10155 0.266667
10155 CNOT13_14 10155 0.969208
10155 CNOT13_14 10162 0.010264
10155 CNOT13_14 10151 0.010264
10155 CNOT13_14 10158 0.010264
10155 MEAS13 10155 0.945400
10155 MEAS13 10156 0.054600
10155 X10 10163 0.999737
10155 X10 10155 0.000263
10156 CNOT13_10 10157 0.200000
10156 CNOT13_10 10164 0.266667
10156 CNOT13_10 10129 0.266667
10156 CNOT13_10 10156 0.266667
10156 CNOT13_14 10156 0.969208
10156 CNOT13_14 10161 0.010264
10156 CNOT13_14 10152 0.010264
10156 CNOT13_14 10157 0.010264
10156 MEAS13 10155 0.945400
10156 MEAS13 10156 0.054600
10156 X10 10164 0.999737
10156 X10 10156 0.000263
10157 CNOT13_10 10156 0.200000
10157 CNOT13_10 10129 0.266667
10157 CNOT13_10 10164 0.266667
10157 CNOT13_10 10157 0.266667
10157 CNOT13_14 10157 0.969208
10157 CNOT13_14 10152 0.010264
10157 CNOT13_14 10161 0.010264
10157 CNOT13_14 10156 0.010264
10157 MEAS13 10157 0.945600
10157 MEAS13 10158 0.054400
10157 X10 10129 0.999737
10157 X10 10157 0.000263
10158 CNOT13_10 10155 0.200000
10158 CNOT13_10 10150 0.266667
10158 CNOT13_10 10163 0.266667
10158 CNOT13_10 10158 0.266667
10158 CNOT13_14 10158 0.969208
10158 CNOT13_14 10151 0.010264
10158 CNOT13_14 10162 0.010264
10158 CNOT13_14 10155 0.010264
10158 MEAS13 10157 0.945600
10158 MEAS13 10158 0.054400
10158 X10 10150 0.999737
10158 X10 10158 0.000263
10159 CNOT13_10 10159 0.200000
10159 CNOT13_10 10162 0.266667
10159 CNOT13_10 10151 0.266667
10159 CNOT13_10 10154 0.266667
10159 CNOT13_14 10154 0.969208
10159 CNOT13_14 10163 0.010264
10159 CNOT13_14 10150 0.010264
10159 CNOT13_14 10159 0.010264
10159 MEAS13 10159 0.945400
10159 MEAS13 10160 0.054600
10159 X10 10151 0.999737
10159 X10 10159 0.000263
10160 CNOT13_10 10160 0.200000
10160 CNOT13_10 10161 0.266667
10160 CNOT13_10 10152 0.266667
10160 CNOT13_10 10153 0.266667
10160 CNOT13_14 10153 0.969208
10160 CNOT13_14 10164 0.010264
10160 CNOT13_14 10129 0.010264
10160 CNOT13_14 10160 0.010264
10160 MEAS13 10159 0.945400
10160 MEAS13 10160 0.054600
10160 X10 10152 0.999737
10160 X10 10160 0.000263
10161 CNOT13_10 10152 0.200000
10161 CNOT13_10 10153 0.266667
10161 CNOT13_10 10160 0.266667
10161 CNOT13_10 10161 0.266667
10161 CNOT13_14 10152 0.969208
10161 CNOT13_14 10157 0.010264
10161 CNOT13_14 10156 0.010264
10161 CNOT13_14 10161 0.010264
10161 MEAS13 10161 0.945600
10161 MEAS13 10162 0.054400
10161 X10 10153 0.999737
10161 X10 10161 0.000263
10162 CNOT13_10 10151 0.200000
10162 CNOT13_10 10154 0.266667
10162 CNOT13_10 10159 0.266667
10162 CNOT13_10 10162 0.266667
10162 CNOT13_14 10151 0.969208
10162 CNOT13_14 10158 0.010264
10162 CNOT13_14 10155 0.010264
10162 CNOT13_14 10162 0.010264
10162 MEAS13 10161 0.945600
10162 MEAS13 10162 0.054400
10162 X10 10154 0.999737
10162 X10 10162 0.000263
10163 CNOT13_10 10163 0.200000
10163 CNOT13_10 10158 0.266667
10163 CNOT13_10 10155 0.266667
10163 CNOT13_10 10150 0.266667
10163 CNOT13_14 10163 0.969208
10163 CNOT13_14 10154 0.010264
10163 CNOT13_14 10159 0.010264
10163 CNOT13_14 10150 0.010264
10163 MEAS13 10163 0.945400
10163 MEAS13 10164 0.054600
10163 X10 10155 0.999737
10163 X10 10163 0.000263
10164 CNOT13_10 10164 0.200000
10164 CNOT13_10 10157 0.266667
10164 CNOT13_10 10156 0.266667
10164 CNOT13_10 10129 0.266667
10164 CNOT13_14 10164 0.969208
10164 CNOT13_14 10153 0.010264
10164 CNOT13_14 10160 0.010264
10164 CNOT13_14 10129 0.010264
10164 MEAS13 10163 0.945400
10164 MEAS13 10164 0.054600
10164 X10 10156 0.999737
10164 X10 10164 0.000263
10165 CNOT13_10 10142 0.066667
10165 CNOT13_10 10173 0.133333
10165 CNOT13_10 10143 0.133333
10165 CNOT13_10 10174 0.133333
10165 CNOT13_10 10145 0.133333
10165 CNOT13_10 10175 0.133333
10165 CNOT13_10 10144 0.133333
10165 CNOT13_10 10176 0.133333
10165 CNOT13_14 10142 0.964077
10165 CNOT13_14 10173 0.005132
10165 CNOT13_14 10143 0.005132
10165 CNOT13_14 10174 0.005132
10165 CNOT13_14 10145 0.005132
10165 CNOT13_14 10175 0.005132
10165 CNOT13_14 10144 0.005132
10165 CNOT13_14 10176 0.005132
10165 MEAS13 10129 0.472800
10165 MEAS13 10150 0.027200
10165 MEAS13 10151 0.472700
10165 MEAS13 10152 0.027300
10165 X10 10169 0.999606
10165 X10 10165 0.000131
10165 X10 10172 0.000131
10165 X10 10168 0.000131
10166 CNOT13_10 10143 0.066667
10166 CNOT13_10 10176 0.133333
10166 CNOT13_10 10142 0.133333
10166 CNOT13_10 10175 0.133333
10166 CNOT13_10 10144 0.133333
10166 CNOT13_10 10174 0.133333
10166 CNOT13_10 10145 0.133333
10166 CNOT13_10 10173 0.133333
10166 CNOT13_14 10173 0.964077
10166 CNOT13_14 10142 0.005132
10166 CNOT13_14 10176 0.005132
10166 CNOT13_14 10144 0.005132
10166 CNOT13_14 10175 0.005132
10166 CNOT13_14 10145 0.005132
10166 CNOT13_14 10174 0.005132
10166 CNOT13_14 10143 0.005132
10166 MEAS13 10153 0.472800
10166 MEAS13 10154 0.027200
10166 MEAS13 10155 0.472700
10166 MEAS13 10156 0.027300
10166 X10 10171 0.999606
10166 X10 10166 0.000131
10166 X10 10167 0.000131
10166 X10 10170 0.000131
10167 CNOT13_10 10145 0.066667
10167 CNOT13_10 10175 0.133333
10167 CNOT13_10 10144 0.133333
10167 CNOT13_10 10176 0.133333
10167 CNOT13_10 10142 0.133333
10167 CNOT13_10 10173 0.133333
10167 CNOT13_10 10143 0.133333
10167 CNOT13_10 10174 0.133333
10167 CNOT13_14 10174 0.964077
10167 CNOT13_14 10144 0.005132
10167 CNOT13_14 10175 0.005132
10167 CNOT13_14 10142 0.005132
10167 CNOT13_14 10176 0.005132
10167 CNOT13_14 10143 0.005132
10167 CNOT13_14 10173 0.005132
10167 CNOT13_14 10145 0.005132
10167 MEAS13 10153 0.472800
10167 MEAS13 10154 0.027200
10167 MEAS13 10155 0.472700
10167 MEAS13 10156 0.027300
10167 X10 10170 0.999606
10167 X10 10167 0.000131
10167 X10 10166 0.000131
10167 X10 10171 0.000131
10168 CNOT13_10 10174 0.066667
10168 CNOT13_10 10144 0.133333
10168 CNOT13_10 10175 0.133333
10168 CNOT13_10 10142 0.133333
10168 CNOT13_10 10176 0.133333
10168 CNOT13_10 10143 0.133333
10168 CNOT13_10 10173 0.133333
10168 CNOT13_10 10145 0.133333
10168 CNOT13_14 10145 0.964077
10168 CNOT13_14 10175 0.005132
10168 CNOT13_14 10144 0.005132
10168 CNOT13_14 10176 0.005132
10168 CNOT13_14 10142 0.005132
10168 CNOT13_14 10173 0.005132
10168 CNOT13_14 10143 0.005132
10168 CNOT13_14 10174 0.005132
10168 MEAS13 10157 0.472800
10168 MEAS13 10158 0.027200
10168 MEAS13 10159 0.472700
10168 MEAS13 10160 0.027300
10168 X10 10172 0.999606
10168 X10 10168 0.000131
10168 X10 10169 0.000131
10168 X10 10165 0.000131
10169 CNOT13_10 10173 0.066667
10169 CNOT13_10 10142 0.133333
10169 CNOT13_10 10176 0.133333
10169 CNOT13_10 10144 0.133333
10169 CNOT13_10 10175 0.133333
10169 CNOT13_10 10145 0.133333
10169 CNOT13_10 10174 0.133333
10169 CNOT13_10 10143 0.133333
10169 CNOT13_14 10143 0.964077
10169 CNOT13_14 10176 0.005132
10169 CNOT13_14 10142 0.005132
10169 CNOT13_14 10175 0.005132
10169 CNOT13_14 10144 0.005132
10169 CNOT13_14 10174 0.005132
10169 CNOT13_14 10145 0.005132
10169 CNOT13_14 10173 0.005132
10169 MEAS13 10157 0.472800
10169 MEAS13 10158 0.027200
10169 MEAS13 10159 0.472700
10169 MEAS13 10160 0.027300
10169 X10 10165 0.999606
10169 X10 10169 0.000131
10169 X10 10168 0.000131
10169 X10 10172 0.000131
10170 CNOT13_10 10175 0.066667
10170 CNOT13_10 10145 0.133333
10170 CNOT13_10 10174 0.133333
10170 CNOT13_10 10143 0.133333
10170 CNOT13_10 10173 0.133333
10170 CNOT13_10 10142 0.133333
10170 CNOT13_10 10176 0.133333
10170 CNOT13_10 10144 0.133333
10170 CNOT13_14 10175 0.964077
10170 CNOT13_14 10145 0.005132
10170 CNOT13_14 10174 0.005132
10170 CNOT13_14 10143 0.005132
10170 CNOT13_14 10173 0.005132
10170 CNOT13_14 10142 0.005132
10170 CNOT13_14 10176 0.005132
10170 CNOT13_14 10144 0.005132
10170 MEAS13 10161 0.472800
10170 MEAS13 10162 0.027200
10170 MEAS13 10163 0.472700
10170 MEAS13 10164 0.027300
10170 X10 10167 0.999606
10170 X10 10170 0.000131
10170 X10 10171 0.000131
10170 X10 10166 0.000131
10171 CNOT13_10 10176 0.066667
10171 CNOT13_10 10143 0.133333
10171 CNOT13_10 10173 0.133333
10171 CNOT13_10 10145 0.133333
10171 CNOT13_10 10174 0.133333
10171 CNOT13_10 10144 0.133333
10171 CNOT13_10 10175 0.133333
10171 CNOT13_10 10142 0.133333
10171 CNOT13_14 10176 0.964077
10171 CNOT13_14 10143 0.005132
10171 CNOT13_14 10173 0.005132
10171 CNOT13_14 10145 0.005132
10171 CNOT13_14 10174 0.005132
10171 CNOT13_14 10144 0.005132
10171 CNOT13_14 10175 0.005132
10171 CNOT13_14 10142 0.005132
10171 MEAS13 10161 0.472800
10171 MEAS13 10162 0.027200
10171 MEAS13 10163 0.472700
10171 MEAS13 10164 0.027300
10171 X10 10166 0.999606
10171 X10 10171 0.000131
10171 X10 10170 0.000131
10171 X10 10167 0.000131
10172 CNOT13_10 10144 0.066667
10172 CNOT13_10 10174 0.133333
10172 CNOT13_10 10145 0.133333
10172 CNOT13_10 10173 0.133333
10172 CNOT13_10 10143 0.133333
10172 CNOT13_10 10176 0.133333
10172 CNOT13_10 10142 0.133333
10172 CNOT13_10 10175 0.133333
10172 CNOT13_14 10144 0.964077
10172 CNOT13_14 10174 0.005132
10172 CNOT13_14 10145 0.005132
10172 CNOT13_14 10173 0.005132
10172 CNOT13_14 10143 0.005132
10172 CNOT13_14 10176 0.005132
10172 CNOT13_14 10142 0.005132
10172 CNOT13_14 10175 0.005132
10172 MEAS13 10129 0.472800
10172 MEAS13 10150 0.027200
10172 MEAS13 10151 0.472700
10172 MEAS13 10152 0.027300
10172 X10 10168 0.999606
10172 X10 10172 0.000131
10172 X10 10165 0.000131
10172 X10 10169 0.000131
10173 CNOT13_10 10169 0.066667
10173 CNOT13_10 10171 0.133333
10173 CNOT13_10 10170 0.133333
10173 CNOT13_10 10172 0.133333
10173 CNOT13_10 10165 0.133333
10173 CNOT13_10 10167 0.133333
10173 CNOT13_10 10166 0.133333
10173 CNOT13_10 10168 0.133333
10173 CNOT13_14 10166 0.964077
10173 CNOT13_14 10171 0.005132
10173 CNOT13_14 10170 0.005132
10173 CNOT13_14 10172 0.005132
10173 CNOT13_14 10165 0.005132
10173 CNOT13_14 10168 0.005132
10173 CNOT13_14 10169 0.005132
10173 CNOT13_14 10167 0.005132
10173 MEAS13 10173 0.945400
10173 MEAS13 10146 0.054600
10173 X10 10176 0.999606
10173 X10 10173 0.000131
10173 X10 10174 0.000131
10173 X10 10175 0.000131
10174 CNOT13_10 10168 0.066667
10174 CNOT13_10 10170 0.133333
10174 CNOT13_10 10171 0.133333
10174 CNOT13_10 10165 0.133333
10174 CNOT13_10 10172 0.133333
10174 CNOT13_10 10166 0.133333
10174 CNOT13_10 10167 0.133333
10174 CNOT13_10 10169 0.133333
10174 CNOT13_14 10167 0.964077
10174 CNOT13_14 10170 0.005132
10174 CNOT13_14 10171 0.005132
10174 CNOT13_14 10165 0.005132
10174 CNOT13_14 10172 0.005132
10174 CNOT13_14 10169 0.005132
10174 CNOT13_14 10168 0.005132
10174 CNOT13_14 10166 0.005132
10174 MEAS13 10174 0.945400
10174 MEAS13 10147 0.054600
10174 X10 10175 0.999606
10174 X10 10174 0.000131
10174 X10 10173 0.000131
10174 X10 10176 0.000131
10175 CNOT13_10 10170 0.066667
10175 CNOT13_10 10168 0.133333
10175 CNOT13_10 10169 0.133333
10175 CNOT13_10 10166 0.133333
10175 CNOT13_10 10167 0.133333
10175 CNOT13_10 10165 0.133333
10175 CNOT13_10 10172 0.133333
10175 CNOT13_10 10171 0.133333
10175 CNOT13_14 10170 0.964077
10175 CNOT13_14 10167 0.005132
10175 CNOT13_14 10166 0.005132
10175 CNOT13_14 10169 0.005132
10175 CNOT13_14 10168 0.005132
10175 CNOT13_14 10165 0.005132
10175 CNOT13_14 10172 0.005132
10175 CNOT13_14 10171 0.005132
10175 MEAS13 10175 0.945400
10175 MEAS13 10148 0.054600
10175 X10 10174 0.999606
10175 X10 10175 0.000131
10175 X10 10176 0.000131
10175 X10 10173 0.000131
10176 CNOT13_10 10171 0.066667
10176 CNOT13_10 10169 0.133333
10176 CNOT13_10 10168 0.133333
10176 CNOT13_10 10167 0.133333
10176 CNOT13_10 10166 0.133333
10176 CNOT13_10 10172 0.133333
10176 CNOT13_10 10165 0.133333
10176 CNOT13_10 10170 0.133333
10176 CNOT13_14 10171 0.964077
10176 CNOT13_14 10166 0.005132
10176 CNOT13_14 10167 0.005132
10176 CNOT13_14 10168 0.005132
10176 CNOT13_14 10169 0.005132
10176 CNOT13_14 10172 0.005132
10176 CNOT13_14 10165 0.005132
10176 CNOT13_14 10170 0.005132
10176 MEAS13 10176 0.945400
10176 MEAS13 10149 0.054600
10176 X10 10173 0.999606
10176 X10 10176 0.000131
10176 X10 10175 0.000131
10176 X10 10174 0.000131
ENDPOMDP
