BEGINPOMDP
INITIALSTATE: 7297
STATES: 7297,7298,7299,7300,7301,7302,7303,7304,7305,7306,7307,7308,7309,7310,7311,7312,7313,7314,7315,7316,7317,7318,7319,7320,7321,7322,7323,7324,7325,7326,7327,7328,7329,7330,7331,7332,7333,7334,7335,7336,7337,7338,7339,7340,7341,7342,7343,7344
TARGETV: 7298,7300,7302,7307,7308,7309,7310,7312,7316,7317,7333,7338,7339,7340,7343,7344
GAMMA: 7297:0,7298:0,7299:0,7300:0,7301:0,7302:0,7303:0,7304:0,7305:0,7306:0,7307:0,7308:0,7309:0,7310:1,7311:1,7312:1,7313:1,7314:0,7315:0,7316:0,7317:0,7318:1,7319:1,7320:0,7321:0,7322:1,7323:1,7324:0,7325:0,7326:1,7327:1,7328:0,7329:0,7330:1,7331:1,7332:0,7333:1,7334:1,7335:1,7336:1,7337:1,7338:1,7339:1,7340:1,7341:1,7342:1,7343:1,7344:1
BEGINACTIONS
CNOT21_18 Instruction.CNOT 18 21
CNOT21_23 Instruction.CNOT 23 21
MEAS21 Instruction.MEAS None 21
X18 Instruction.X None 18
ENDACTIONS
7297 INIT_ 7298 0.250000
7297 INIT_ 7299 0.250000
7297 INIT_ 7300 0.250000
7297 INIT_ 7301 0.250000
7297 CNOT21_18 7297 0.991227
7297 CNOT21_18 7324 0.002924
7297 CNOT21_18 7325 0.002924
7297 CNOT21_18 7332 0.002924
7297 CNOT21_23 7297 0.994613
7297 CNOT21_23 7328 0.001796
7297 CNOT21_23 7321 0.001796
7297 CNOT21_23 7332 0.001796
7297 MEAS21 7297 0.993200
7297 MEAS21 7318 0.006800
7297 X18 7325 0.999802
7297 X18 7297 0.000198
7298 CNOT21_18 7302 0.989764
7298 CNOT21_18 7303 0.001462
7298 CNOT21_18 7304 0.001462
7298 CNOT21_18 7305 0.001462
7298 CNOT21_18 7306 0.001462
7298 CNOT21_18 7307 0.001462
7298 CNOT21_18 7308 0.001462
7298 CNOT21_18 7309 0.001462
7298 CNOT21_23 7302 0.993715
7298 CNOT21_23 7306 0.000898
7298 CNOT21_23 7305 0.000898
7298 CNOT21_23 7304 0.000898
7298 CNOT21_23 7303 0.000898
7298 CNOT21_23 7307 0.000898
7298 CNOT21_23 7308 0.000898
7298 CNOT21_23 7309 0.000898
7298 MEAS21 7298 0.993200
7298 MEAS21 7310 0.006800
7298 X18 7299 0.999703
7298 X18 7298 0.000099
7298 X18 7300 0.000099
7298 X18 7301 0.000099
7299 CNOT21_18 7303 0.989764
7299 CNOT21_18 7302 0.001462
7299 CNOT21_18 7309 0.001462
7299 CNOT21_18 7307 0.001462
7299 CNOT21_18 7308 0.001462
7299 CNOT21_18 7305 0.001462
7299 CNOT21_18 7306 0.001462
7299 CNOT21_18 7304 0.001462
7299 CNOT21_23 7306 0.993715
7299 CNOT21_23 7302 0.000898
7299 CNOT21_23 7309 0.000898
7299 CNOT21_23 7307 0.000898
7299 CNOT21_23 7308 0.000898
7299 CNOT21_23 7304 0.000898
7299 CNOT21_23 7303 0.000898
7299 CNOT21_23 7305 0.000898
7299 MEAS21 7299 0.993200
7299 MEAS21 7311 0.006800
7299 X18 7298 0.999703
7299 X18 7299 0.000099
7299 X18 7301 0.000099
7299 X18 7300 0.000099
7300 CNOT21_18 7309 0.989764
7300 CNOT21_18 7304 0.001462
7300 CNOT21_18 7303 0.001462
7300 CNOT21_18 7306 0.001462
7300 CNOT21_18 7305 0.001462
7300 CNOT21_18 7308 0.001462
7300 CNOT21_18 7307 0.001462
7300 CNOT21_18 7302 0.001462
7300 CNOT21_23 7309 0.993715
7300 CNOT21_23 7305 0.000898
7300 CNOT21_23 7306 0.000898
7300 CNOT21_23 7303 0.000898
7300 CNOT21_23 7304 0.000898
7300 CNOT21_23 7308 0.000898
7300 CNOT21_23 7307 0.000898
7300 CNOT21_23 7302 0.000898
7300 MEAS21 7300 0.993200
7300 MEAS21 7312 0.006800
7300 X18 7301 0.999703
7300 X18 7300 0.000099
7300 X18 7298 0.000099
7300 X18 7299 0.000099
7301 CNOT21_18 7304 0.989764
7301 CNOT21_18 7309 0.001462
7301 CNOT21_18 7302 0.001462
7301 CNOT21_18 7308 0.001462
7301 CNOT21_18 7307 0.001462
7301 CNOT21_18 7306 0.001462
7301 CNOT21_18 7305 0.001462
7301 CNOT21_18 7303 0.001462
7301 CNOT21_23 7305 0.993715
7301 CNOT21_23 7309 0.000898
7301 CNOT21_23 7302 0.000898
7301 CNOT21_23 7308 0.000898
7301 CNOT21_23 7307 0.000898
7301 CNOT21_23 7303 0.000898
7301 CNOT21_23 7304 0.000898
7301 CNOT21_23 7306 0.000898
7301 MEAS21 7301 0.993200
7301 MEAS21 7313 0.006800
7301 X18 7300 0.999703
7301 X18 7301 0.000099
7301 X18 7299 0.000099
7301 X18 7298 0.000099
7302 CNOT21_18 7298 0.989764
7302 CNOT21_18 7314 0.001462
7302 CNOT21_18 7299 0.001462
7302 CNOT21_18 7315 0.001462
7302 CNOT21_18 7301 0.001462
7302 CNOT21_18 7316 0.001462
7302 CNOT21_18 7300 0.001462
7302 CNOT21_18 7317 0.001462
7302 CNOT21_23 7298 0.993715
7302 CNOT21_23 7314 0.000898
7302 CNOT21_23 7299 0.000898
7302 CNOT21_23 7315 0.000898
7302 CNOT21_23 7301 0.000898
7302 CNOT21_23 7316 0.000898
7302 CNOT21_23 7300 0.000898
7302 CNOT21_23 7317 0.000898
7302 MEAS21 7297 0.496600
7302 MEAS21 7318 0.003400
7302 MEAS21 7319 0.496600
7302 MEAS21 7320 0.003400
7302 X18 7306 0.999703
7302 X18 7302 0.000099
7302 X18 7309 0.000099
7302 X18 7305 0.000099
7303 CNOT21_18 7299 0.989764
7303 CNOT21_18 7317 0.001462
7303 CNOT21_18 7298 0.001462
7303 CNOT21_18 7316 0.001462
7303 CNOT21_18 7300 0.001462
7303 CNOT21_18 7315 0.001462
7303 CNOT21_18 7301 0.001462
7303 CNOT21_18 7314 0.001462
7303 CNOT21_23 7314 0.993715
7303 CNOT21_23 7298 0.000898
7303 CNOT21_23 7317 0.000898
7303 CNOT21_23 7300 0.000898
7303 CNOT21_23 7316 0.000898
7303 CNOT21_23 7301 0.000898
7303 CNOT21_23 7315 0.000898
7303 CNOT21_23 7299 0.000898
7303 MEAS21 7321 0.496600
7303 MEAS21 7322 0.003400
7303 MEAS21 7323 0.496600
7303 MEAS21 7324 0.003400
7303 X18 7308 0.999703
7303 X18 7303 0.000099
7303 X18 7304 0.000099
7303 X18 7307 0.000099
7304 CNOT21_18 7301 0.989764
7304 CNOT21_18 7316 0.001462
7304 CNOT21_18 7300 0.001462
7304 CNOT21_18 7317 0.001462
7304 CNOT21_18 7298 0.001462
7304 CNOT21_18 7314 0.001462
7304 CNOT21_18 7299 0.001462
7304 CNOT21_18 7315 0.001462
7304 CNOT21_23 7315 0.993715
7304 CNOT21_23 7300 0.000898
7304 CNOT21_23 7316 0.000898
7304 CNOT21_23 7298 0.000898
7304 CNOT21_23 7317 0.000898
7304 CNOT21_23 7299 0.000898
7304 CNOT21_23 7314 0.000898
7304 CNOT21_23 7301 0.000898
7304 MEAS21 7321 0.496600
7304 MEAS21 7322 0.003400
7304 MEAS21 7323 0.496600
7304 MEAS21 7324 0.003400
7304 X18 7307 0.999703
7304 X18 7304 0.000099
7304 X18 7303 0.000099
7304 X18 7308 0.000099
7305 CNOT21_18 7315 0.989764
7305 CNOT21_18 7300 0.001462
7305 CNOT21_18 7316 0.001462
7305 CNOT21_18 7298 0.001462
7305 CNOT21_18 7317 0.001462
7305 CNOT21_18 7299 0.001462
7305 CNOT21_18 7314 0.001462
7305 CNOT21_18 7301 0.001462
7305 CNOT21_23 7301 0.993715
7305 CNOT21_23 7316 0.000898
7305 CNOT21_23 7300 0.000898
7305 CNOT21_23 7317 0.000898
7305 CNOT21_23 7298 0.000898
7305 CNOT21_23 7314 0.000898
7305 CNOT21_23 7299 0.000898
7305 CNOT21_23 7315 0.000898
7305 MEAS21 7325 0.496600
7305 MEAS21 7326 0.003400
7305 MEAS21 7327 0.496600
7305 MEAS21 7328 0.003400
7305 X18 7309 0.999703
7305 X18 7305 0.000099
7305 X18 7306 0.000099
7305 X18 7302 0.000099
7306 CNOT21_18 7314 0.989764
7306 CNOT21_18 7298 0.001462
7306 CNOT21_18 7317 0.001462
7306 CNOT21_18 7300 0.001462
7306 CNOT21_18 7316 0.001462
7306 CNOT21_18 7301 0.001462
7306 CNOT21_18 7315 0.001462
7306 CNOT21_18 7299 0.001462
7306 CNOT21_23 7299 0.993715
7306 CNOT21_23 7317 0.000898
7306 CNOT21_23 7298 0.000898
7306 CNOT21_23 7316 0.000898
7306 CNOT21_23 7300 0.000898
7306 CNOT21_23 7315 0.000898
7306 CNOT21_23 7301 0.000898
7306 CNOT21_23 7314 0.000898
7306 MEAS21 7325 0.496600
7306 MEAS21 7326 0.003400
7306 MEAS21 7327 0.496600
7306 MEAS21 7328 0.003400
7306 X18 7302 0.999703
7306 X18 7306 0.000099
7306 X18 7305 0.000099
7306 X18 7309 0.000099
7307 CNOT21_18 7316 0.989764
7307 CNOT21_18 7301 0.001462
7307 CNOT21_18 7315 0.001462
7307 CNOT21_18 7299 0.001462
7307 CNOT21_18 7314 0.001462
7307 CNOT21_18 7298 0.001462
7307 CNOT21_18 7317 0.001462
7307 CNOT21_18 7300 0.001462
7307 CNOT21_23 7316 0.993715
7307 CNOT21_23 7301 0.000898
7307 CNOT21_23 7315 0.000898
7307 CNOT21_23 7299 0.000898
7307 CNOT21_23 7314 0.000898
7307 CNOT21_23 7298 0.000898
7307 CNOT21_23 7317 0.000898
7307 CNOT21_23 7300 0.000898
7307 MEAS21 7329 0.496600
7307 MEAS21 7330 0.003400
7307 MEAS21 7331 0.496600
7307 MEAS21 7332 0.003400
7307 X18 7304 0.999703
7307 X18 7307 0.000099
7307 X18 7308 0.000099
7307 X18 7303 0.000099
7308 CNOT21_18 7317 0.989764
7308 CNOT21_18 7299 0.001462
7308 CNOT21_18 7314 0.001462
7308 CNOT21_18 7301 0.001462
7308 CNOT21_18 7315 0.001462
7308 CNOT21_18 7300 0.001462
7308 CNOT21_18 7316 0.001462
7308 CNOT21_18 7298 0.001462
7308 CNOT21_23 7317 0.993715
7308 CNOT21_23 7299 0.000898
7308 CNOT21_23 7314 0.000898
7308 CNOT21_23 7301 0.000898
7308 CNOT21_23 7315 0.000898
7308 CNOT21_23 7300 0.000898
7308 CNOT21_23 7316 0.000898
7308 CNOT21_23 7298 0.000898
7308 MEAS21 7329 0.496600
7308 MEAS21 7330 0.003400
7308 MEAS21 7331 0.496600
7308 MEAS21 7332 0.003400
7308 X18 7303 0.999703
7308 X18 7308 0.000099
7308 X18 7307 0.000099
7308 X18 7304 0.000099
7309 CNOT21_18 7300 0.989764
7309 CNOT21_18 7315 0.001462
7309 CNOT21_18 7301 0.001462
7309 CNOT21_18 7314 0.001462
7309 CNOT21_18 7299 0.001462
7309 CNOT21_18 7317 0.001462
7309 CNOT21_18 7298 0.001462
7309 CNOT21_18 7316 0.001462
7309 CNOT21_23 7300 0.993715
7309 CNOT21_23 7315 0.000898
7309 CNOT21_23 7301 0.000898
7309 CNOT21_23 7314 0.000898
7309 CNOT21_23 7299 0.000898
7309 CNOT21_23 7317 0.000898
7309 CNOT21_23 7298 0.000898
7309 CNOT21_23 7316 0.000898
7309 MEAS21 7297 0.496600
7309 MEAS21 7318 0.003400
7309 MEAS21 7319 0.496600
7309 MEAS21 7320 0.003400
7309 X18 7305 0.999703
7309 X18 7309 0.000099
7309 X18 7302 0.000099
7309 X18 7306 0.000099
7310 CNOT21_18 7333 0.989764
7310 CNOT21_18 7334 0.001462
7310 CNOT21_18 7335 0.001462
7310 CNOT21_18 7336 0.001462
7310 CNOT21_18 7337 0.001462
7310 CNOT21_18 7338 0.001462
7310 CNOT21_18 7339 0.001462
7310 CNOT21_18 7340 0.001462
7310 CNOT21_23 7333 0.993715
7310 CNOT21_23 7337 0.000898
7310 CNOT21_23 7336 0.000898
7310 CNOT21_23 7335 0.000898
7310 CNOT21_23 7334 0.000898
7310 CNOT21_23 7338 0.000898
7310 CNOT21_23 7339 0.000898
7310 CNOT21_23 7340 0.000898
7310 MEAS21 7298 0.993200
7310 MEAS21 7310 0.006800
7310 X18 7311 0.999703
7310 X18 7310 0.000099
7310 X18 7312 0.000099
7310 X18 7313 0.000099
7311 CNOT21_18 7334 0.989764
7311 CNOT21_18 7333 0.001462
7311 CNOT21_18 7340 0.001462
7311 CNOT21_18 7338 0.001462
7311 CNOT21_18 7339 0.001462
7311 CNOT21_18 7336 0.001462
7311 CNOT21_18 7337 0.001462
7311 CNOT21_18 7335 0.001462
7311 CNOT21_23 7337 0.993715
7311 CNOT21_23 7333 0.000898
7311 CNOT21_23 7340 0.000898
7311 CNOT21_23 7338 0.000898
7311 CNOT21_23 7339 0.000898
7311 CNOT21_23 7335 0.000898
7311 CNOT21_23 7334 0.000898
7311 CNOT21_23 7336 0.000898
7311 MEAS21 7299 0.993200
7311 MEAS21 7311 0.006800
7311 X18 7310 0.999703
7311 X18 7311 0.000099
7311 X18 7313 0.000099
7311 X18 7312 0.000099
7312 CNOT21_18 7340 0.989764
7312 CNOT21_18 7335 0.001462
7312 CNOT21_18 7334 0.001462
7312 CNOT21_18 7337 0.001462
7312 CNOT21_18 7336 0.001462
7312 CNOT21_18 7339 0.001462
7312 CNOT21_18 7338 0.001462
7312 CNOT21_18 7333 0.001462
7312 CNOT21_23 7340 0.993715
7312 CNOT21_23 7336 0.000898
7312 CNOT21_23 7337 0.000898
7312 CNOT21_23 7334 0.000898
7312 CNOT21_23 7335 0.000898
7312 CNOT21_23 7339 0.000898
7312 CNOT21_23 7338 0.000898
7312 CNOT21_23 7333 0.000898
7312 MEAS21 7300 0.993200
7312 MEAS21 7312 0.006800
7312 X18 7313 0.999703
7312 X18 7312 0.000099
7312 X18 7310 0.000099
7312 X18 7311 0.000099
7313 CNOT21_18 7335 0.989764
7313 CNOT21_18 7340 0.001462
7313 CNOT21_18 7333 0.001462
7313 CNOT21_18 7339 0.001462
7313 CNOT21_18 7338 0.001462
7313 CNOT21_18 7337 0.001462
7313 CNOT21_18 7336 0.001462
7313 CNOT21_18 7334 0.001462
7313 CNOT21_23 7336 0.993715
7313 CNOT21_23 7340 0.000898
7313 CNOT21_23 7333 0.000898
7313 CNOT21_23 7339 0.000898
7313 CNOT21_23 7338 0.000898
7313 CNOT21_23 7334 0.000898
7313 CNOT21_23 7335 0.000898
7313 CNOT21_23 7337 0.000898
7313 MEAS21 7301 0.993200
7313 MEAS21 7313 0.006800
7313 X18 7312 0.999703
7313 X18 7313 0.000099
7313 X18 7311 0.000099
7313 X18 7310 0.000099
7314 CNOT21_18 7306 0.989764
7314 CNOT21_18 7308 0.001462
7314 CNOT21_18 7307 0.001462
7314 CNOT21_18 7309 0.001462
7314 CNOT21_18 7302 0.001462
7314 CNOT21_18 7304 0.001462
7314 CNOT21_18 7303 0.001462
7314 CNOT21_18 7305 0.001462
7314 CNOT21_23 7303 0.993715
7314 CNOT21_23 7308 0.000898
7314 CNOT21_23 7307 0.000898
7314 CNOT21_23 7309 0.000898
7314 CNOT21_23 7302 0.000898
7314 CNOT21_23 7305 0.000898
7314 CNOT21_23 7306 0.000898
7314 CNOT21_23 7304 0.000898
7314 MEAS21 7341 0.993200
7314 MEAS21 7314 0.006800
7314 X18 7317 0.999703
7314 X18 7314 0.000099
7314 X18 7315 0.000099
7314 X18 7316 0.000099
7315 CNOT21_18 7305 0.989764
7315 CNOT21_18 7307 0.001462
7315 CNOT21_18 7308 0.001462
7315 CNOT21_18 7302 0.001462
7315 CNOT21_18 7309 0.001462
7315 CNOT21_18 7303 0.001462
7315 CNOT21_18 7304 0.001462
7315 CNOT21_18 7306 0.001462
7315 CNOT21_23 7304 0.993715
7315 CNOT21_23 7307 0.000898
7315 CNOT21_23 7308 0.000898
7315 CNOT21_23 7302 0.000898
7315 CNOT21_23 7309 0.000898
7315 CNOT21_23 7306 0.000898
7315 CNOT21_23 7305 0.000898
7315 CNOT21_23 7303 0.000898
7315 MEAS21 7342 0.993200
7315 MEAS21 7315 0.006800
7315 X18 7316 0.999703
7315 X18 7315 0.000099
7315 X18 7314 0.000099
7315 X18 7317 0.000099
7316 CNOT21_18 7307 0.989764
7316 CNOT21_18 7305 0.001462
7316 CNOT21_18 7306 0.001462
7316 CNOT21_18 7303 0.001462
7316 CNOT21_18 7304 0.001462
7316 CNOT21_18 7302 0.001462
7316 CNOT21_18 7309 0.001462
7316 CNOT21_18 7308 0.001462
7316 CNOT21_23 7307 0.993715
7316 CNOT21_23 7304 0.000898
7316 CNOT21_23 7303 0.000898
7316 CNOT21_23 7306 0.000898
7316 CNOT21_23 7305 0.000898
7316 CNOT21_23 7302 0.000898
7316 CNOT21_23 7309 0.000898
7316 CNOT21_23 7308 0.000898
7316 MEAS21 7343 0.993200
7316 MEAS21 7316 0.006800
7316 X18 7315 0.999703
7316 X18 7316 0.000099
7316 X18 7317 0.000099
7316 X18 7314 0.000099
7317 CNOT21_18 7308 0.989764
7317 CNOT21_18 7306 0.001462
7317 CNOT21_18 7305 0.001462
7317 CNOT21_18 7304 0.001462
7317 CNOT21_18 7303 0.001462
7317 CNOT21_18 7309 0.001462
7317 CNOT21_18 7302 0.001462
7317 CNOT21_18 7307 0.001462
7317 CNOT21_23 7308 0.993715
7317 CNOT21_23 7303 0.000898
7317 CNOT21_23 7304 0.000898
7317 CNOT21_23 7305 0.000898
7317 CNOT21_23 7306 0.000898
7317 CNOT21_23 7309 0.000898
7317 CNOT21_23 7302 0.000898
7317 CNOT21_23 7307 0.000898
7317 MEAS21 7344 0.993200
7317 MEAS21 7317 0.006800
7317 X18 7314 0.999703
7317 X18 7317 0.000099
7317 X18 7316 0.000099
7317 X18 7315 0.000099
7318 CNOT21_18 7318 0.991227
7318 CNOT21_18 7323 0.002924
7318 CNOT21_18 7326 0.002924
7318 CNOT21_18 7331 0.002924
7318 CNOT21_23 7318 0.994613
7318 CNOT21_23 7327 0.001796
7318 CNOT21_23 7322 0.001796
7318 CNOT21_23 7331 0.001796
7318 MEAS21 7297 0.993200
7318 MEAS21 7318 0.006800
7318 X18 7326 0.999802
7318 X18 7318 0.000198
7319 CNOT21_18 7330 0.991227
7319 CNOT21_18 7327 0.002924
7319 CNOT21_18 7322 0.002924
7319 CNOT21_18 7319 0.002924
7319 CNOT21_23 7330 0.994613
7319 CNOT21_23 7323 0.001796
7319 CNOT21_23 7326 0.001796
7319 CNOT21_23 7319 0.001796
7319 MEAS21 7319 0.993200
7319 MEAS21 7320 0.006800
7319 X18 7327 0.999802
7319 X18 7319 0.000198
7320 CNOT21_18 7329 0.991227
7320 CNOT21_18 7328 0.002924
7320 CNOT21_18 7321 0.002924
7320 CNOT21_18 7320 0.002924
7320 CNOT21_23 7329 0.994613
7320 CNOT21_23 7324 0.001796
7320 CNOT21_23 7325 0.001796
7320 CNOT21_23 7320 0.001796
7320 MEAS21 7319 0.993200
7320 MEAS21 7320 0.006800
7320 X18 7328 0.999802
7320 X18 7320 0.000198
7321 CNOT21_18 7321 0.991227
7321 CNOT21_18 7320 0.002924
7321 CNOT21_18 7329 0.002924
7321 CNOT21_18 7328 0.002924
7321 CNOT21_23 7328 0.994613
7321 CNOT21_23 7297 0.001796
7321 CNOT21_23 7332 0.001796
7321 CNOT21_23 7321 0.001796
7321 MEAS21 7321 0.993200
7321 MEAS21 7322 0.006800
7321 X18 7329 0.999802
7321 X18 7321 0.000198
7322 CNOT21_18 7322 0.991227
7322 CNOT21_18 7319 0.002924
7322 CNOT21_18 7330 0.002924
7322 CNOT21_18 7327 0.002924
7322 CNOT21_23 7327 0.994613
7322 CNOT21_23 7318 0.001796
7322 CNOT21_23 7331 0.001796
7322 CNOT21_23 7322 0.001796
7322 MEAS21 7321 0.993200
7322 MEAS21 7322 0.006800
7322 X18 7330 0.999802
7322 X18 7322 0.000198
7323 CNOT21_18 7326 0.991227
7323 CNOT21_18 7331 0.002924
7323 CNOT21_18 7318 0.002924
7323 CNOT21_18 7323 0.002924
7323 CNOT21_23 7323 0.994613
7323 CNOT21_23 7330 0.001796
7323 CNOT21_23 7319 0.001796
7323 CNOT21_23 7326 0.001796
7323 MEAS21 7323 0.993200
7323 MEAS21 7324 0.006800
7323 X18 7331 0.999802
7323 X18 7323 0.000198
7324 CNOT21_18 7325 0.991227
7324 CNOT21_18 7332 0.002924
7324 CNOT21_18 7297 0.002924
7324 CNOT21_18 7324 0.002924
7324 CNOT21_23 7324 0.994613
7324 CNOT21_23 7329 0.001796
7324 CNOT21_23 7320 0.001796
7324 CNOT21_23 7325 0.001796
7324 MEAS21 7323 0.993200
7324 MEAS21 7324 0.006800
7324 X18 7332 0.999802
7324 X18 7324 0.000198
7325 CNOT21_18 7324 0.991227
7325 CNOT21_18 7297 0.002924
7325 CNOT21_18 7332 0.002924
7325 CNOT21_18 7325 0.002924
7325 CNOT21_23 7325 0.994613
7325 CNOT21_23 7320 0.001796
7325 CNOT21_23 7329 0.001796
7325 CNOT21_23 7324 0.001796
7325 MEAS21 7325 0.993200
7325 MEAS21 7326 0.006800
7325 X18 7297 0.999802
7325 X18 7325 0.000198
7326 CNOT21_18 7323 0.991227
7326 CNOT21_18 7318 0.002924
7326 CNOT21_18 7331 0.002924
7326 CNOT21_18 7326 0.002924
7326 CNOT21_23 7326 0.994613
7326 CNOT21_23 7319 0.001796
7326 CNOT21_23 7330 0.001796
7326 CNOT21_23 7323 0.001796
7326 MEAS21 7325 0.993200
7326 MEAS21 7326 0.006800
7326 X18 7318 0.999802
7326 X18 7326 0.000198
7327 CNOT21_18 7327 0.991227
7327 CNOT21_18 7330 0.002924
7327 CNOT21_18 7319 0.002924
7327 CNOT21_18 7322 0.002924
7327 CNOT21_23 7322 0.994613
7327 CNOT21_23 7331 0.001796
7327 CNOT21_23 7318 0.001796
7327 CNOT21_23 7327 0.001796
7327 MEAS21 7327 0.993200
7327 MEAS21 7328 0.006800
7327 X18 7319 0.999802
7327 X18 7327 0.000198
7328 CNOT21_18 7328 0.991227
7328 CNOT21_18 7329 0.002924
7328 CNOT21_18 7320 0.002924
7328 CNOT21_18 7321 0.002924
7328 CNOT21_23 7321 0.994613
7328 CNOT21_23 7332 0.001796
7328 CNOT21_23 7297 0.001796
7328 CNOT21_23 7328 0.001796
7328 MEAS21 7327 0.993200
7328 MEAS21 7328 0.006800
7328 X18 7320 0.999802
7328 X18 7328 0.000198
7329 CNOT21_18 7320 0.991227
7329 CNOT21_18 7321 0.002924
7329 CNOT21_18 7328 0.002924
7329 CNOT21_18 7329 0.002924
7329 CNOT21_23 7320 0.994613
7329 CNOT21_23 7325 0.001796
7329 CNOT21_23 7324 0.001796
7329 CNOT21_23 7329 0.001796
7329 MEAS21 7329 0.993200
7329 MEAS21 7330 0.006800
7329 X18 7321 0.999802
7329 X18 7329 0.000198
7330 CNOT21_18 7319 0.991227
7330 CNOT21_18 7322 0.002924
7330 CNOT21_18 7327 0.002924
7330 CNOT21_18 7330 0.002924
7330 CNOT21_23 7319 0.994613
7330 CNOT21_23 7326 0.001796
7330 CNOT21_23 7323 0.001796
7330 CNOT21_23 7330 0.001796
7330 MEAS21 7329 0.993200
7330 MEAS21 7330 0.006800
7330 X18 7322 0.999802
7330 X18 7330 0.000198
7331 CNOT21_18 7331 0.991227
7331 CNOT21_18 7326 0.002924
7331 CNOT21_18 7323 0.002924
7331 CNOT21_18 7318 0.002924
7331 CNOT21_23 7331 0.994613
7331 CNOT21_23 7322 0.001796
7331 CNOT21_23 7327 0.001796
7331 CNOT21_23 7318 0.001796
7331 MEAS21 7331 0.993200
7331 MEAS21 7332 0.006800
7331 X18 7323 0.999802
7331 X18 7331 0.000198
7332 CNOT21_18 7332 0.991227
7332 CNOT21_18 7325 0.002924
7332 CNOT21_18 7324 0.002924
7332 CNOT21_18 7297 0.002924
7332 CNOT21_23 7332 0.994613
7332 CNOT21_23 7321 0.001796
7332 CNOT21_23 7328 0.001796
7332 CNOT21_23 7297 0.001796
7332 MEAS21 7331 0.993200
7332 MEAS21 7332 0.006800
7332 X18 7324 0.999802
7332 X18 7332 0.000198
7333 CNOT21_18 7310 0.989764
7333 CNOT21_18 7341 0.001462
7333 CNOT21_18 7311 0.001462
7333 CNOT21_18 7342 0.001462
7333 CNOT21_18 7313 0.001462
7333 CNOT21_18 7343 0.001462
7333 CNOT21_18 7312 0.001462
7333 CNOT21_18 7344 0.001462
7333 CNOT21_23 7310 0.993715
7333 CNOT21_23 7341 0.000898
7333 CNOT21_23 7311 0.000898
7333 CNOT21_23 7342 0.000898
7333 CNOT21_23 7313 0.000898
7333 CNOT21_23 7343 0.000898
7333 CNOT21_23 7312 0.000898
7333 CNOT21_23 7344 0.000898
7333 MEAS21 7297 0.496600
7333 MEAS21 7318 0.003400
7333 MEAS21 7319 0.496600
7333 MEAS21 7320 0.003400
7333 X18 7337 0.999703
7333 X18 7333 0.000099
7333 X18 7340 0.000099
7333 X18 7336 0.000099
7334 CNOT21_18 7311 0.989764
7334 CNOT21_18 7344 0.001462
7334 CNOT21_18 7310 0.001462
7334 CNOT21_18 7343 0.001462
7334 CNOT21_18 7312 0.001462
7334 CNOT21_18 7342 0.001462
7334 CNOT21_18 7313 0.001462
7334 CNOT21_18 7341 0.001462
7334 CNOT21_23 7341 0.993715
7334 CNOT21_23 7310 0.000898
7334 CNOT21_23 7344 0.000898
7334 CNOT21_23 7312 0.000898
7334 CNOT21_23 7343 0.000898
7334 CNOT21_23 7313 0.000898
7334 CNOT21_23 7342 0.000898
7334 CNOT21_23 7311 0.000898
7334 MEAS21 7321 0.496600
7334 MEAS21 7322 0.003400
7334 MEAS21 7323 0.496600
7334 MEAS21 7324 0.003400
7334 X18 7339 0.999703
7334 X18 7334 0.000099
7334 X18 7335 0.000099
7334 X18 7338 0.000099
7335 CNOT21_18 7313 0.989764
7335 CNOT21_18 7343 0.001462
7335 CNOT21_18 7312 0.001462
7335 CNOT21_18 7344 0.001462
7335 CNOT21_18 7310 0.001462
7335 CNOT21_18 7341 0.001462
7335 CNOT21_18 7311 0.001462
7335 CNOT21_18 7342 0.001462
7335 CNOT21_23 7342 0.993715
7335 CNOT21_23 7312 0.000898
7335 CNOT21_23 7343 0.000898
7335 CNOT21_23 7310 0.000898
7335 CNOT21_23 7344 0.000898
7335 CNOT21_23 7311 0.000898
7335 CNOT21_23 7341 0.000898
7335 CNOT21_23 7313 0.000898
7335 MEAS21 7321 0.496600
7335 MEAS21 7322 0.003400
7335 MEAS21 7323 0.496600
7335 MEAS21 7324 0.003400
7335 X18 7338 0.999703
7335 X18 7335 0.000099
7335 X18 7334 0.000099
7335 X18 7339 0.000099
7336 CNOT21_18 7342 0.989764
7336 CNOT21_18 7312 0.001462
7336 CNOT21_18 7343 0.001462
7336 CNOT21_18 7310 0.001462
7336 CNOT21_18 7344 0.001462
7336 CNOT21_18 7311 0.001462
7336 CNOT21_18 7341 0.001462
7336 CNOT21_18 7313 0.001462
7336 CNOT21_23 7313 0.993715
7336 CNOT21_23 7343 0.000898
7336 CNOT21_23 7312 0.000898
7336 CNOT21_23 7344 0.000898
7336 CNOT21_23 7310 0.000898
7336 CNOT21_23 7341 0.000898
7336 CNOT21_23 7311 0.000898
7336 CNOT21_23 7342 0.000898
7336 MEAS21 7325 0.496600
7336 MEAS21 7326 0.003400
7336 MEAS21 7327 0.496600
7336 MEAS21 7328 0.003400
7336 X18 7340 0.999703
7336 X18 7336 0.000099
7336 X18 7337 0.000099
7336 X18 7333 0.000099
7337 CNOT21_18 7341 0.989764
7337 CNOT21_18 7310 0.001462
7337 CNOT21_18 7344 0.001462
7337 CNOT21_18 7312 0.001462
7337 CNOT21_18 7343 0.001462
7337 CNOT21_18 7313 0.001462
7337 CNOT21_18 7342 0.001462
7337 CNOT21_18 7311 0.001462
7337 CNOT21_23 7311 0.993715
7337 CNOT21_23 7344 0.000898
7337 CNOT21_23 7310 0.000898
7337 CNOT21_23 7343 0.000898
7337 CNOT21_23 7312 0.000898
7337 CNOT21_23 7342 0.000898
7337 CNOT21_23 7313 0.000898
7337 CNOT21_23 7341 0.000898
7337 MEAS21 7325 0.496600
7337 MEAS21 7326 0.003400
7337 MEAS21 7327 0.496600
7337 MEAS21 7328 0.003400
7337 X18 7333 0.999703
7337 X18 7337 0.000099
7337 X18 7336 0.000099
7337 X18 7340 0.000099
7338 CNOT21_18 7343 0.989764
7338 CNOT21_18 7313 0.001462
7338 CNOT21_18 7342 0.001462
7338 CNOT21_18 7311 0.001462
7338 CNOT21_18 7341 0.001462
7338 CNOT21_18 7310 0.001462
7338 CNOT21_18 7344 0.001462
7338 CNOT21_18 7312 0.001462
7338 CNOT21_23 7343 0.993715
7338 CNOT21_23 7313 0.000898
7338 CNOT21_23 7342 0.000898
7338 CNOT21_23 7311 0.000898
7338 CNOT21_23 7341 0.000898
7338 CNOT21_23 7310 0.000898
7338 CNOT21_23 7344 0.000898
7338 CNOT21_23 7312 0.000898
7338 MEAS21 7329 0.496600
7338 MEAS21 7330 0.003400
7338 MEAS21 7331 0.496600
7338 MEAS21 7332 0.003400
7338 X18 7335 0.999703
7338 X18 7338 0.000099
7338 X18 7339 0.000099
7338 X18 7334 0.000099
7339 CNOT21_18 7344 0.989764
7339 CNOT21_18 7311 0.001462
7339 CNOT21_18 7341 0.001462
7339 CNOT21_18 7313 0.001462
7339 CNOT21_18 7342 0.001462
7339 CNOT21_18 7312 0.001462
7339 CNOT21_18 7343 0.001462
7339 CNOT21_18 7310 0.001462
7339 CNOT21_23 7344 0.993715
7339 CNOT21_23 7311 0.000898
7339 CNOT21_23 7341 0.000898
7339 CNOT21_23 7313 0.000898
7339 CNOT21_23 7342 0.000898
7339 CNOT21_23 7312 0.000898
7339 CNOT21_23 7343 0.000898
7339 CNOT21_23 7310 0.000898
7339 MEAS21 7329 0.496600
7339 MEAS21 7330 0.003400
7339 MEAS21 7331 0.496600
7339 MEAS21 7332 0.003400
7339 X18 7334 0.999703
7339 X18 7339 0.000099
7339 X18 7338 0.000099
7339 X18 7335 0.000099
7340 CNOT21_18 7312 0.989764
7340 CNOT21_18 7342 0.001462
7340 CNOT21_18 7313 0.001462
7340 CNOT21_18 7341 0.001462
7340 CNOT21_18 7311 0.001462
7340 CNOT21_18 7344 0.001462
7340 CNOT21_18 7310 0.001462
7340 CNOT21_18 7343 0.001462
7340 CNOT21_23 7312 0.993715
7340 CNOT21_23 7342 0.000898
7340 CNOT21_23 7313 0.000898
7340 CNOT21_23 7341 0.000898
7340 CNOT21_23 7311 0.000898
7340 CNOT21_23 7344 0.000898
7340 CNOT21_23 7310 0.000898
7340 CNOT21_23 7343 0.000898
7340 MEAS21 7297 0.496600
7340 MEAS21 7318 0.003400
7340 MEAS21 7319 0.496600
7340 MEAS21 7320 0.003400
7340 X18 7336 0.999703
7340 X18 7340 0.000099
7340 X18 7333 0.000099
7340 X18 7337 0.000099
7341 CNOT21_18 7337 0.989764
7341 CNOT21_18 7339 0.001462
7341 CNOT21_18 7338 0.001462
7341 CNOT21_18 7340 0.001462
7341 CNOT21_18 7333 0.001462
7341 CNOT21_18 7335 0.001462
7341 CNOT21_18 7334 0.001462
7341 CNOT21_18 7336 0.001462
7341 CNOT21_23 7334 0.993715
7341 CNOT21_23 7339 0.000898
7341 CNOT21_23 7338 0.000898
7341 CNOT21_23 7340 0.000898
7341 CNOT21_23 7333 0.000898
7341 CNOT21_23 7336 0.000898
7341 CNOT21_23 7337 0.000898
7341 CNOT21_23 7335 0.000898
7341 MEAS21 7341 0.993200
7341 MEAS21 7314 0.006800
7341 X18 7344 0.999703
7341 X18 7341 0.000099
7341 X18 7342 0.000099
7341 X18 7343 0.000099
7342 CNOT21_18 7336 0.989764
7342 CNOT21_18 7338 0.001462
7342 CNOT21_18 7339 0.001462
7342 CNOT21_18 7333 0.001462
7342 CNOT21_18 7340 0.001462
7342 CNOT21_18 7334 0.001462
7342 CNOT21_18 7335 0.001462
7342 CNOT21_18 7337 0.001462
7342 CNOT21_23 7335 0.993715
7342 CNOT21_23 7338 0.000898
7342 CNOT21_23 7339 0.000898
7342 CNOT21_23 7333 0.000898
7342 CNOT21_23 7340 0.000898
7342 CNOT21_23 7337 0.000898
7342 CNOT21_23 7336 0.000898
7342 CNOT21_23 7334 0.000898
7342 MEAS21 7342 0.993200
7342 MEAS21 7315 0.006800
7342 X18 7343 0.999703
7342 X18 7342 0.000099
7342 X18 7341 0.000099
7342 X18 7344 0.000099
7343 CNOT21_18 7338 0.989764
7343 CNOT21_18 7336 0.001462
7343 CNOT21_18 7337 0.001462
7343 CNOT21_18 7334 0.001462
7343 CNOT21_18 7335 0.001462
7343 CNOT21_18 7333 0.001462
7343 CNOT21_18 7340 0.001462
7343 CNOT21_18 7339 0.001462
7343 CNOT21_23 7338 0.993715
7343 CNOT21_23 7335 0.000898
7343 CNOT21_23 7334 0.000898
7343 CNOT21_23 7337 0.000898
7343 CNOT21_23 7336 0.000898
7343 CNOT21_23 7333 0.000898
7343 CNOT21_23 7340 0.000898
7343 CNOT21_23 7339 0.000898
7343 MEAS21 7343 0.993200
7343 MEAS21 7316 0.006800
7343 X18 7342 0.999703
7343 X18 7343 0.000099
7343 X18 7344 0.000099
7343 X18 7341 0.000099
7344 CNOT21_18 7339 0.989764
7344 CNOT21_18 7337 0.001462
7344 CNOT21_18 7336 0.001462
7344 CNOT21_18 7335 0.001462
7344 CNOT21_18 7334 0.001462
7344 CNOT21_18 7340 0.001462
7344 CNOT21_18 7333 0.001462
7344 CNOT21_18 7338 0.001462
7344 CNOT21_23 7339 0.993715
7344 CNOT21_23 7334 0.000898
7344 CNOT21_23 7335 0.000898
7344 CNOT21_23 7336 0.000898
7344 CNOT21_23 7337 0.000898
7344 CNOT21_23 7340 0.000898
7344 CNOT21_23 7333 0.000898
7344 CNOT21_23 7338 0.000898
7344 MEAS21 7344 0.993200
7344 MEAS21 7317 0.006800
7344 X18 7341 0.999703
7344 X18 7344 0.000099
7344 X18 7343 0.000099
7344 X18 7342 0.000099
ENDPOMDP
