BEGINPOMDP
INITIALSTATE: 1537
STATES: 1537,1538,1539,1540,1541,1542,1543,1544,1545,1546,1547,1548,1549,1550,1551,1552,1553,1554,1555,1556,1557,1558,1559,1560,1561,1562,1563,1564,1565,1566,1567,1568,1569,1570,1571,1572,1573,1574,1575,1576,1577,1578,1579,1580,1581,1582,1583,1584
TARGETV: 1538,1540,1542,1547,1548,1549,1550,1552,1556,1557,1573,1578,1579,1580,1583,1584
GAMMA: 1537:0,1538:0,1539:0,1540:0,1541:0,1542:0,1543:0,1544:0,1545:0,1546:0,1547:0,1548:0,1549:0,1550:1,1551:1,1552:1,1553:1,1554:0,1555:0,1556:0,1557:0,1558:1,1559:1,1560:0,1561:0,1562:1,1563:1,1564:0,1565:0,1566:1,1567:1,1568:0,1569:0,1570:1,1571:1,1572:0,1573:1,1574:1,1575:1,1576:1,1577:1,1578:1,1579:1,1580:1,1581:1,1582:1,1583:1,1584:1
BEGINACTIONS
CNOT1_2 Instruction.CNOT 2 1
CNOT1_3 Instruction.CNOT 3 1
MEAS1 Instruction.MEAS None 1
X2 Instruction.X None 2
ENDACTIONS
1537 INIT_ 1538 0.250000
1537 INIT_ 1539 0.250000
1537 INIT_ 1540 0.250000
1537 INIT_ 1541 0.250000
1537 CNOT1_2 1537 0.972264
1537 CNOT1_2 1564 0.009245
1537 CNOT1_2 1565 0.009245
1537 CNOT1_2 1572 0.009245
1537 CNOT1_3 1537 0.982433
1537 CNOT1_3 1568 0.005856
1537 CNOT1_3 1561 0.005856
1537 CNOT1_3 1572 0.005856
1537 MEAS1 1537 0.988400
1537 MEAS1 1558 0.011600
1537 X2 1565 0.998146
1537 X2 1537 0.001854
1538 CNOT1_2 1542 0.967641
1538 CNOT1_2 1543 0.004623
1538 CNOT1_2 1544 0.004623
1538 CNOT1_2 1545 0.004623
1538 CNOT1_2 1546 0.004623
1538 CNOT1_2 1547 0.004623
1538 CNOT1_2 1548 0.004623
1538 CNOT1_2 1549 0.004623
1538 CNOT1_3 1542 0.979506
1538 CNOT1_3 1546 0.002928
1538 CNOT1_3 1545 0.002928
1538 CNOT1_3 1544 0.002928
1538 CNOT1_3 1543 0.002928
1538 CNOT1_3 1547 0.002928
1538 CNOT1_3 1548 0.002928
1538 CNOT1_3 1549 0.002928
1538 MEAS1 1538 0.988400
1538 MEAS1 1550 0.011600
1538 X2 1539 0.997219
1538 X2 1538 0.000927
1538 X2 1540 0.000927
1538 X2 1541 0.000927
1539 CNOT1_2 1543 0.967641
1539 CNOT1_2 1542 0.004623
1539 CNOT1_2 1549 0.004623
1539 CNOT1_2 1547 0.004623
1539 CNOT1_2 1548 0.004623
1539 CNOT1_2 1545 0.004623
1539 CNOT1_2 1546 0.004623
1539 CNOT1_2 1544 0.004623
1539 CNOT1_3 1546 0.979506
1539 CNOT1_3 1542 0.002928
1539 CNOT1_3 1549 0.002928
1539 CNOT1_3 1547 0.002928
1539 CNOT1_3 1548 0.002928
1539 CNOT1_3 1544 0.002928
1539 CNOT1_3 1543 0.002928
1539 CNOT1_3 1545 0.002928
1539 MEAS1 1539 0.988400
1539 MEAS1 1551 0.011600
1539 X2 1538 0.997219
1539 X2 1539 0.000927
1539 X2 1541 0.000927
1539 X2 1540 0.000927
1540 CNOT1_2 1549 0.967641
1540 CNOT1_2 1544 0.004623
1540 CNOT1_2 1543 0.004623
1540 CNOT1_2 1546 0.004623
1540 CNOT1_2 1545 0.004623
1540 CNOT1_2 1548 0.004623
1540 CNOT1_2 1547 0.004623
1540 CNOT1_2 1542 0.004623
1540 CNOT1_3 1549 0.979506
1540 CNOT1_3 1545 0.002928
1540 CNOT1_3 1546 0.002928
1540 CNOT1_3 1543 0.002928
1540 CNOT1_3 1544 0.002928
1540 CNOT1_3 1548 0.002928
1540 CNOT1_3 1547 0.002928
1540 CNOT1_3 1542 0.002928
1540 MEAS1 1540 0.988400
1540 MEAS1 1552 0.011600
1540 X2 1541 0.997219
1540 X2 1540 0.000927
1540 X2 1538 0.000927
1540 X2 1539 0.000927
1541 CNOT1_2 1544 0.967641
1541 CNOT1_2 1549 0.004623
1541 CNOT1_2 1542 0.004623
1541 CNOT1_2 1548 0.004623
1541 CNOT1_2 1547 0.004623
1541 CNOT1_2 1546 0.004623
1541 CNOT1_2 1545 0.004623
1541 CNOT1_2 1543 0.004623
1541 CNOT1_3 1545 0.979506
1541 CNOT1_3 1549 0.002928
1541 CNOT1_3 1542 0.002928
1541 CNOT1_3 1548 0.002928
1541 CNOT1_3 1547 0.002928
1541 CNOT1_3 1543 0.002928
1541 CNOT1_3 1544 0.002928
1541 CNOT1_3 1546 0.002928
1541 MEAS1 1541 0.988400
1541 MEAS1 1553 0.011600
1541 X2 1540 0.997219
1541 X2 1541 0.000927
1541 X2 1539 0.000927
1541 X2 1538 0.000927
1542 CNOT1_2 1538 0.967641
1542 CNOT1_2 1554 0.004623
1542 CNOT1_2 1539 0.004623
1542 CNOT1_2 1555 0.004623
1542 CNOT1_2 1541 0.004623
1542 CNOT1_2 1556 0.004623
1542 CNOT1_2 1540 0.004623
1542 CNOT1_2 1557 0.004623
1542 CNOT1_3 1538 0.979506
1542 CNOT1_3 1554 0.002928
1542 CNOT1_3 1539 0.002928
1542 CNOT1_3 1555 0.002928
1542 CNOT1_3 1541 0.002928
1542 CNOT1_3 1556 0.002928
1542 CNOT1_3 1540 0.002928
1542 CNOT1_3 1557 0.002928
1542 MEAS1 1537 0.494200
1542 MEAS1 1558 0.005800
1542 MEAS1 1559 0.475100
1542 MEAS1 1560 0.024900
1542 X2 1546 0.997219
1542 X2 1542 0.000927
1542 X2 1549 0.000927
1542 X2 1545 0.000927
1543 CNOT1_2 1539 0.967641
1543 CNOT1_2 1557 0.004623
1543 CNOT1_2 1538 0.004623
1543 CNOT1_2 1556 0.004623
1543 CNOT1_2 1540 0.004623
1543 CNOT1_2 1555 0.004623
1543 CNOT1_2 1541 0.004623
1543 CNOT1_2 1554 0.004623
1543 CNOT1_3 1554 0.979506
1543 CNOT1_3 1538 0.002928
1543 CNOT1_3 1557 0.002928
1543 CNOT1_3 1540 0.002928
1543 CNOT1_3 1556 0.002928
1543 CNOT1_3 1541 0.002928
1543 CNOT1_3 1555 0.002928
1543 CNOT1_3 1539 0.002928
1543 MEAS1 1561 0.494200
1543 MEAS1 1562 0.005800
1543 MEAS1 1563 0.475100
1543 MEAS1 1564 0.024900
1543 X2 1548 0.997219
1543 X2 1543 0.000927
1543 X2 1544 0.000927
1543 X2 1547 0.000927
1544 CNOT1_2 1541 0.967641
1544 CNOT1_2 1556 0.004623
1544 CNOT1_2 1540 0.004623
1544 CNOT1_2 1557 0.004623
1544 CNOT1_2 1538 0.004623
1544 CNOT1_2 1554 0.004623
1544 CNOT1_2 1539 0.004623
1544 CNOT1_2 1555 0.004623
1544 CNOT1_3 1555 0.979506
1544 CNOT1_3 1540 0.002928
1544 CNOT1_3 1556 0.002928
1544 CNOT1_3 1538 0.002928
1544 CNOT1_3 1557 0.002928
1544 CNOT1_3 1539 0.002928
1544 CNOT1_3 1554 0.002928
1544 CNOT1_3 1541 0.002928
1544 MEAS1 1561 0.494200
1544 MEAS1 1562 0.005800
1544 MEAS1 1563 0.475100
1544 MEAS1 1564 0.024900
1544 X2 1547 0.997219
1544 X2 1544 0.000927
1544 X2 1543 0.000927
1544 X2 1548 0.000927
1545 CNOT1_2 1555 0.967641
1545 CNOT1_2 1540 0.004623
1545 CNOT1_2 1556 0.004623
1545 CNOT1_2 1538 0.004623
1545 CNOT1_2 1557 0.004623
1545 CNOT1_2 1539 0.004623
1545 CNOT1_2 1554 0.004623
1545 CNOT1_2 1541 0.004623
1545 CNOT1_3 1541 0.979506
1545 CNOT1_3 1556 0.002928
1545 CNOT1_3 1540 0.002928
1545 CNOT1_3 1557 0.002928
1545 CNOT1_3 1538 0.002928
1545 CNOT1_3 1554 0.002928
1545 CNOT1_3 1539 0.002928
1545 CNOT1_3 1555 0.002928
1545 MEAS1 1565 0.494200
1545 MEAS1 1566 0.005800
1545 MEAS1 1567 0.475100
1545 MEAS1 1568 0.024900
1545 X2 1549 0.997219
1545 X2 1545 0.000927
1545 X2 1546 0.000927
1545 X2 1542 0.000927
1546 CNOT1_2 1554 0.967641
1546 CNOT1_2 1538 0.004623
1546 CNOT1_2 1557 0.004623
1546 CNOT1_2 1540 0.004623
1546 CNOT1_2 1556 0.004623
1546 CNOT1_2 1541 0.004623
1546 CNOT1_2 1555 0.004623
1546 CNOT1_2 1539 0.004623
1546 CNOT1_3 1539 0.979506
1546 CNOT1_3 1557 0.002928
1546 CNOT1_3 1538 0.002928
1546 CNOT1_3 1556 0.002928
1546 CNOT1_3 1540 0.002928
1546 CNOT1_3 1555 0.002928
1546 CNOT1_3 1541 0.002928
1546 CNOT1_3 1554 0.002928
1546 MEAS1 1565 0.494200
1546 MEAS1 1566 0.005800
1546 MEAS1 1567 0.475100
1546 MEAS1 1568 0.024900
1546 X2 1542 0.997219
1546 X2 1546 0.000927
1546 X2 1545 0.000927
1546 X2 1549 0.000927
1547 CNOT1_2 1556 0.967641
1547 CNOT1_2 1541 0.004623
1547 CNOT1_2 1555 0.004623
1547 CNOT1_2 1539 0.004623
1547 CNOT1_2 1554 0.004623
1547 CNOT1_2 1538 0.004623
1547 CNOT1_2 1557 0.004623
1547 CNOT1_2 1540 0.004623
1547 CNOT1_3 1556 0.979506
1547 CNOT1_3 1541 0.002928
1547 CNOT1_3 1555 0.002928
1547 CNOT1_3 1539 0.002928
1547 CNOT1_3 1554 0.002928
1547 CNOT1_3 1538 0.002928
1547 CNOT1_3 1557 0.002928
1547 CNOT1_3 1540 0.002928
1547 MEAS1 1569 0.494200
1547 MEAS1 1570 0.005800
1547 MEAS1 1571 0.475100
1547 MEAS1 1572 0.024900
1547 X2 1544 0.997219
1547 X2 1547 0.000927
1547 X2 1548 0.000927
1547 X2 1543 0.000927
1548 CNOT1_2 1557 0.967641
1548 CNOT1_2 1539 0.004623
1548 CNOT1_2 1554 0.004623
1548 CNOT1_2 1541 0.004623
1548 CNOT1_2 1555 0.004623
1548 CNOT1_2 1540 0.004623
1548 CNOT1_2 1556 0.004623
1548 CNOT1_2 1538 0.004623
1548 CNOT1_3 1557 0.979506
1548 CNOT1_3 1539 0.002928
1548 CNOT1_3 1554 0.002928
1548 CNOT1_3 1541 0.002928
1548 CNOT1_3 1555 0.002928
1548 CNOT1_3 1540 0.002928
1548 CNOT1_3 1556 0.002928
1548 CNOT1_3 1538 0.002928
1548 MEAS1 1569 0.494200
1548 MEAS1 1570 0.005800
1548 MEAS1 1571 0.475100
1548 MEAS1 1572 0.024900
1548 X2 1543 0.997219
1548 X2 1548 0.000927
1548 X2 1547 0.000927
1548 X2 1544 0.000927
1549 CNOT1_2 1540 0.967641
1549 CNOT1_2 1555 0.004623
1549 CNOT1_2 1541 0.004623
1549 CNOT1_2 1554 0.004623
1549 CNOT1_2 1539 0.004623
1549 CNOT1_2 1557 0.004623
1549 CNOT1_2 1538 0.004623
1549 CNOT1_2 1556 0.004623
1549 CNOT1_3 1540 0.979506
1549 CNOT1_3 1555 0.002928
1549 CNOT1_3 1541 0.002928
1549 CNOT1_3 1554 0.002928
1549 CNOT1_3 1539 0.002928
1549 CNOT1_3 1557 0.002928
1549 CNOT1_3 1538 0.002928
1549 CNOT1_3 1556 0.002928
1549 MEAS1 1537 0.494200
1549 MEAS1 1558 0.005800
1549 MEAS1 1559 0.475100
1549 MEAS1 1560 0.024900
1549 X2 1545 0.997219
1549 X2 1549 0.000927
1549 X2 1542 0.000927
1549 X2 1546 0.000927
1550 CNOT1_2 1573 0.967641
1550 CNOT1_2 1574 0.004623
1550 CNOT1_2 1575 0.004623
1550 CNOT1_2 1576 0.004623
1550 CNOT1_2 1577 0.004623
1550 CNOT1_2 1578 0.004623
1550 CNOT1_2 1579 0.004623
1550 CNOT1_2 1580 0.004623
1550 CNOT1_3 1573 0.979506
1550 CNOT1_3 1577 0.002928
1550 CNOT1_3 1576 0.002928
1550 CNOT1_3 1575 0.002928
1550 CNOT1_3 1574 0.002928
1550 CNOT1_3 1578 0.002928
1550 CNOT1_3 1579 0.002928
1550 CNOT1_3 1580 0.002928
1550 MEAS1 1538 0.988400
1550 MEAS1 1550 0.011600
1550 X2 1551 0.997219
1550 X2 1550 0.000927
1550 X2 1552 0.000927
1550 X2 1553 0.000927
1551 CNOT1_2 1574 0.967641
1551 CNOT1_2 1573 0.004623
1551 CNOT1_2 1580 0.004623
1551 CNOT1_2 1578 0.004623
1551 CNOT1_2 1579 0.004623
1551 CNOT1_2 1576 0.004623
1551 CNOT1_2 1577 0.004623
1551 CNOT1_2 1575 0.004623
1551 CNOT1_3 1577 0.979506
1551 CNOT1_3 1573 0.002928
1551 CNOT1_3 1580 0.002928
1551 CNOT1_3 1578 0.002928
1551 CNOT1_3 1579 0.002928
1551 CNOT1_3 1575 0.002928
1551 CNOT1_3 1574 0.002928
1551 CNOT1_3 1576 0.002928
1551 MEAS1 1539 0.988400
1551 MEAS1 1551 0.011600
1551 X2 1550 0.997219
1551 X2 1551 0.000927
1551 X2 1553 0.000927
1551 X2 1552 0.000927
1552 CNOT1_2 1580 0.967641
1552 CNOT1_2 1575 0.004623
1552 CNOT1_2 1574 0.004623
1552 CNOT1_2 1577 0.004623
1552 CNOT1_2 1576 0.004623
1552 CNOT1_2 1579 0.004623
1552 CNOT1_2 1578 0.004623
1552 CNOT1_2 1573 0.004623
1552 CNOT1_3 1580 0.979506
1552 CNOT1_3 1576 0.002928
1552 CNOT1_3 1577 0.002928
1552 CNOT1_3 1574 0.002928
1552 CNOT1_3 1575 0.002928
1552 CNOT1_3 1579 0.002928
1552 CNOT1_3 1578 0.002928
1552 CNOT1_3 1573 0.002928
1552 MEAS1 1540 0.988400
1552 MEAS1 1552 0.011600
1552 X2 1553 0.997219
1552 X2 1552 0.000927
1552 X2 1550 0.000927
1552 X2 1551 0.000927
1553 CNOT1_2 1575 0.967641
1553 CNOT1_2 1580 0.004623
1553 CNOT1_2 1573 0.004623
1553 CNOT1_2 1579 0.004623
1553 CNOT1_2 1578 0.004623
1553 CNOT1_2 1577 0.004623
1553 CNOT1_2 1576 0.004623
1553 CNOT1_2 1574 0.004623
1553 CNOT1_3 1576 0.979506
1553 CNOT1_3 1580 0.002928
1553 CNOT1_3 1573 0.002928
1553 CNOT1_3 1579 0.002928
1553 CNOT1_3 1578 0.002928
1553 CNOT1_3 1574 0.002928
1553 CNOT1_3 1575 0.002928
1553 CNOT1_3 1577 0.002928
1553 MEAS1 1541 0.988400
1553 MEAS1 1553 0.011600
1553 X2 1552 0.997219
1553 X2 1553 0.000927
1553 X2 1551 0.000927
1553 X2 1550 0.000927
1554 CNOT1_2 1546 0.967641
1554 CNOT1_2 1548 0.004623
1554 CNOT1_2 1547 0.004623
1554 CNOT1_2 1549 0.004623
1554 CNOT1_2 1542 0.004623
1554 CNOT1_2 1544 0.004623
1554 CNOT1_2 1543 0.004623
1554 CNOT1_2 1545 0.004623
1554 CNOT1_3 1543 0.979506
1554 CNOT1_3 1548 0.002928
1554 CNOT1_3 1547 0.002928
1554 CNOT1_3 1549 0.002928
1554 CNOT1_3 1542 0.002928
1554 CNOT1_3 1545 0.002928
1554 CNOT1_3 1546 0.002928
1554 CNOT1_3 1544 0.002928
1554 MEAS1 1581 0.950200
1554 MEAS1 1554 0.049800
1554 X2 1557 0.997219
1554 X2 1554 0.000927
1554 X2 1555 0.000927
1554 X2 1556 0.000927
1555 CNOT1_2 1545 0.967641
1555 CNOT1_2 1547 0.004623
1555 CNOT1_2 1548 0.004623
1555 CNOT1_2 1542 0.004623
1555 CNOT1_2 1549 0.004623
1555 CNOT1_2 1543 0.004623
1555 CNOT1_2 1544 0.004623
1555 CNOT1_2 1546 0.004623
1555 CNOT1_3 1544 0.979506
1555 CNOT1_3 1547 0.002928
1555 CNOT1_3 1548 0.002928
1555 CNOT1_3 1542 0.002928
1555 CNOT1_3 1549 0.002928
1555 CNOT1_3 1546 0.002928
1555 CNOT1_3 1545 0.002928
1555 CNOT1_3 1543 0.002928
1555 MEAS1 1582 0.950200
1555 MEAS1 1555 0.049800
1555 X2 1556 0.997219
1555 X2 1555 0.000927
1555 X2 1554 0.000927
1555 X2 1557 0.000927
1556 CNOT1_2 1547 0.967641
1556 CNOT1_2 1545 0.004623
1556 CNOT1_2 1546 0.004623
1556 CNOT1_2 1543 0.004623
1556 CNOT1_2 1544 0.004623
1556 CNOT1_2 1542 0.004623
1556 CNOT1_2 1549 0.004623
1556 CNOT1_2 1548 0.004623
1556 CNOT1_3 1547 0.979506
1556 CNOT1_3 1544 0.002928
1556 CNOT1_3 1543 0.002928
1556 CNOT1_3 1546 0.002928
1556 CNOT1_3 1545 0.002928
1556 CNOT1_3 1542 0.002928
1556 CNOT1_3 1549 0.002928
1556 CNOT1_3 1548 0.002928
1556 MEAS1 1583 0.950200
1556 MEAS1 1556 0.049800
1556 X2 1555 0.997219
1556 X2 1556 0.000927
1556 X2 1557 0.000927
1556 X2 1554 0.000927
1557 CNOT1_2 1548 0.967641
1557 CNOT1_2 1546 0.004623
1557 CNOT1_2 1545 0.004623
1557 CNOT1_2 1544 0.004623
1557 CNOT1_2 1543 0.004623
1557 CNOT1_2 1549 0.004623
1557 CNOT1_2 1542 0.004623
1557 CNOT1_2 1547 0.004623
1557 CNOT1_3 1548 0.979506
1557 CNOT1_3 1543 0.002928
1557 CNOT1_3 1544 0.002928
1557 CNOT1_3 1545 0.002928
1557 CNOT1_3 1546 0.002928
1557 CNOT1_3 1549 0.002928
1557 CNOT1_3 1542 0.002928
1557 CNOT1_3 1547 0.002928
1557 MEAS1 1584 0.950200
1557 MEAS1 1557 0.049800
1557 X2 1554 0.997219
1557 X2 1557 0.000927
1557 X2 1556 0.000927
1557 X2 1555 0.000927
1558 CNOT1_2 1558 0.972264
1558 CNOT1_2 1563 0.009245
1558 CNOT1_2 1566 0.009245
1558 CNOT1_2 1571 0.009245
1558 CNOT1_3 1558 0.982433
1558 CNOT1_3 1567 0.005856
1558 CNOT1_3 1562 0.005856
1558 CNOT1_3 1571 0.005856
1558 MEAS1 1537 0.988400
1558 MEAS1 1558 0.011600
1558 X2 1566 0.998146
1558 X2 1558 0.001854
1559 CNOT1_2 1570 0.972264
1559 CNOT1_2 1567 0.009245
1559 CNOT1_2 1562 0.009245
1559 CNOT1_2 1559 0.009245
1559 CNOT1_3 1570 0.982433
1559 CNOT1_3 1563 0.005856
1559 CNOT1_3 1566 0.005856
1559 CNOT1_3 1559 0.005856
1559 MEAS1 1559 0.950200
1559 MEAS1 1560 0.049800
1559 X2 1567 0.998146
1559 X2 1559 0.001854
1560 CNOT1_2 1569 0.972264
1560 CNOT1_2 1568 0.009245
1560 CNOT1_2 1561 0.009245
1560 CNOT1_2 1560 0.009245
1560 CNOT1_3 1569 0.982433
1560 CNOT1_3 1564 0.005856
1560 CNOT1_3 1565 0.005856
1560 CNOT1_3 1560 0.005856
1560 MEAS1 1559 0.950200
1560 MEAS1 1560 0.049800
1560 X2 1568 0.998146
1560 X2 1560 0.001854
1561 CNOT1_2 1561 0.972264
1561 CNOT1_2 1560 0.009245
1561 CNOT1_2 1569 0.009245
1561 CNOT1_2 1568 0.009245
1561 CNOT1_3 1568 0.982433
1561 CNOT1_3 1537 0.005856
1561 CNOT1_3 1572 0.005856
1561 CNOT1_3 1561 0.005856
1561 MEAS1 1561 0.988400
1561 MEAS1 1562 0.011600
1561 X2 1569 0.998146
1561 X2 1561 0.001854
1562 CNOT1_2 1562 0.972264
1562 CNOT1_2 1559 0.009245
1562 CNOT1_2 1570 0.009245
1562 CNOT1_2 1567 0.009245
1562 CNOT1_3 1567 0.982433
1562 CNOT1_3 1558 0.005856
1562 CNOT1_3 1571 0.005856
1562 CNOT1_3 1562 0.005856
1562 MEAS1 1561 0.988400
1562 MEAS1 1562 0.011600
1562 X2 1570 0.998146
1562 X2 1562 0.001854
1563 CNOT1_2 1566 0.972264
1563 CNOT1_2 1571 0.009245
1563 CNOT1_2 1558 0.009245
1563 CNOT1_2 1563 0.009245
1563 CNOT1_3 1563 0.982433
1563 CNOT1_3 1570 0.005856
1563 CNOT1_3 1559 0.005856
1563 CNOT1_3 1566 0.005856
1563 MEAS1 1563 0.950200
1563 MEAS1 1564 0.049800
1563 X2 1571 0.998146
1563 X2 1563 0.001854
1564 CNOT1_2 1565 0.972264
1564 CNOT1_2 1572 0.009245
1564 CNOT1_2 1537 0.009245
1564 CNOT1_2 1564 0.009245
1564 CNOT1_3 1564 0.982433
1564 CNOT1_3 1569 0.005856
1564 CNOT1_3 1560 0.005856
1564 CNOT1_3 1565 0.005856
1564 MEAS1 1563 0.950200
1564 MEAS1 1564 0.049800
1564 X2 1572 0.998146
1564 X2 1564 0.001854
1565 CNOT1_2 1564 0.972264
1565 CNOT1_2 1537 0.009245
1565 CNOT1_2 1572 0.009245
1565 CNOT1_2 1565 0.009245
1565 CNOT1_3 1565 0.982433
1565 CNOT1_3 1560 0.005856
1565 CNOT1_3 1569 0.005856
1565 CNOT1_3 1564 0.005856
1565 MEAS1 1565 0.988400
1565 MEAS1 1566 0.011600
1565 X2 1537 0.998146
1565 X2 1565 0.001854
1566 CNOT1_2 1563 0.972264
1566 CNOT1_2 1558 0.009245
1566 CNOT1_2 1571 0.009245
1566 CNOT1_2 1566 0.009245
1566 CNOT1_3 1566 0.982433
1566 CNOT1_3 1559 0.005856
1566 CNOT1_3 1570 0.005856
1566 CNOT1_3 1563 0.005856
1566 MEAS1 1565 0.988400
1566 MEAS1 1566 0.011600
1566 X2 1558 0.998146
1566 X2 1566 0.001854
1567 CNOT1_2 1567 0.972264
1567 CNOT1_2 1570 0.009245
1567 CNOT1_2 1559 0.009245
1567 CNOT1_2 1562 0.009245
1567 CNOT1_3 1562 0.982433
1567 CNOT1_3 1571 0.005856
1567 CNOT1_3 1558 0.005856
1567 CNOT1_3 1567 0.005856
1567 MEAS1 1567 0.950200
1567 MEAS1 1568 0.049800
1567 X2 1559 0.998146
1567 X2 1567 0.001854
1568 CNOT1_2 1568 0.972264
1568 CNOT1_2 1569 0.009245
1568 CNOT1_2 1560 0.009245
1568 CNOT1_2 1561 0.009245
1568 CNOT1_3 1561 0.982433
1568 CNOT1_3 1572 0.005856
1568 CNOT1_3 1537 0.005856
1568 CNOT1_3 1568 0.005856
1568 MEAS1 1567 0.950200
1568 MEAS1 1568 0.049800
1568 X2 1560 0.998146
1568 X2 1568 0.001854
1569 CNOT1_2 1560 0.972264
1569 CNOT1_2 1561 0.009245
1569 CNOT1_2 1568 0.009245
1569 CNOT1_2 1569 0.009245
1569 CNOT1_3 1560 0.982433
1569 CNOT1_3 1565 0.005856
1569 CNOT1_3 1564 0.005856
1569 CNOT1_3 1569 0.005856
1569 MEAS1 1569 0.988400
1569 MEAS1 1570 0.011600
1569 X2 1561 0.998146
1569 X2 1569 0.001854
1570 CNOT1_2 1559 0.972264
1570 CNOT1_2 1562 0.009245
1570 CNOT1_2 1567 0.009245
1570 CNOT1_2 1570 0.009245
1570 CNOT1_3 1559 0.982433
1570 CNOT1_3 1566 0.005856
1570 CNOT1_3 1563 0.005856
1570 CNOT1_3 1570 0.005856
1570 MEAS1 1569 0.988400
1570 MEAS1 1570 0.011600
1570 X2 1562 0.998146
1570 X2 1570 0.001854
1571 CNOT1_2 1571 0.972264
1571 CNOT1_2 1566 0.009245
1571 CNOT1_2 1563 0.009245
1571 CNOT1_2 1558 0.009245
1571 CNOT1_3 1571 0.982433
1571 CNOT1_3 1562 0.005856
1571 CNOT1_3 1567 0.005856
1571 CNOT1_3 1558 0.005856
1571 MEAS1 1571 0.950200
1571 MEAS1 1572 0.049800
1571 X2 1563 0.998146
1571 X2 1571 0.001854
1572 CNOT1_2 1572 0.972264
1572 CNOT1_2 1565 0.009245
1572 CNOT1_2 1564 0.009245
1572 CNOT1_2 1537 0.009245
1572 CNOT1_3 1572 0.982433
1572 CNOT1_3 1561 0.005856
1572 CNOT1_3 1568 0.005856
1572 CNOT1_3 1537 0.005856
1572 MEAS1 1571 0.950200
1572 MEAS1 1572 0.049800
1572 X2 1564 0.998146
1572 X2 1572 0.001854
1573 CNOT1_2 1550 0.967641
1573 CNOT1_2 1581 0.004623
1573 CNOT1_2 1551 0.004623
1573 CNOT1_2 1582 0.004623
1573 CNOT1_2 1553 0.004623
1573 CNOT1_2 1583 0.004623
1573 CNOT1_2 1552 0.004623
1573 CNOT1_2 1584 0.004623
1573 CNOT1_3 1550 0.979506
1573 CNOT1_3 1581 0.002928
1573 CNOT1_3 1551 0.002928
1573 CNOT1_3 1582 0.002928
1573 CNOT1_3 1553 0.002928
1573 CNOT1_3 1583 0.002928
1573 CNOT1_3 1552 0.002928
1573 CNOT1_3 1584 0.002928
1573 MEAS1 1537 0.494200
1573 MEAS1 1558 0.005800
1573 MEAS1 1559 0.475100
1573 MEAS1 1560 0.024900
1573 X2 1577 0.997219
1573 X2 1573 0.000927
1573 X2 1580 0.000927
1573 X2 1576 0.000927
1574 CNOT1_2 1551 0.967641
1574 CNOT1_2 1584 0.004623
1574 CNOT1_2 1550 0.004623
1574 CNOT1_2 1583 0.004623
1574 CNOT1_2 1552 0.004623
1574 CNOT1_2 1582 0.004623
1574 CNOT1_2 1553 0.004623
1574 CNOT1_2 1581 0.004623
1574 CNOT1_3 1581 0.979506
1574 CNOT1_3 1550 0.002928
1574 CNOT1_3 1584 0.002928
1574 CNOT1_3 1552 0.002928
1574 CNOT1_3 1583 0.002928
1574 CNOT1_3 1553 0.002928
1574 CNOT1_3 1582 0.002928
1574 CNOT1_3 1551 0.002928
1574 MEAS1 1561 0.494200
1574 MEAS1 1562 0.005800
1574 MEAS1 1563 0.475100
1574 MEAS1 1564 0.024900
1574 X2 1579 0.997219
1574 X2 1574 0.000927
1574 X2 1575 0.000927
1574 X2 1578 0.000927
1575 CNOT1_2 1553 0.967641
1575 CNOT1_2 1583 0.004623
1575 CNOT1_2 1552 0.004623
1575 CNOT1_2 1584 0.004623
1575 CNOT1_2 1550 0.004623
1575 CNOT1_2 1581 0.004623
1575 CNOT1_2 1551 0.004623
1575 CNOT1_2 1582 0.004623
1575 CNOT1_3 1582 0.979506
1575 CNOT1_3 1552 0.002928
1575 CNOT1_3 1583 0.002928
1575 CNOT1_3 1550 0.002928
1575 CNOT1_3 1584 0.002928
1575 CNOT1_3 1551 0.002928
1575 CNOT1_3 1581 0.002928
1575 CNOT1_3 1553 0.002928
1575 MEAS1 1561 0.494200
1575 MEAS1 1562 0.005800
1575 MEAS1 1563 0.475100
1575 MEAS1 1564 0.024900
1575 X2 1578 0.997219
1575 X2 1575 0.000927
1575 X2 1574 0.000927
1575 X2 1579 0.000927
1576 CNOT1_2 1582 0.967641
1576 CNOT1_2 1552 0.004623
1576 CNOT1_2 1583 0.004623
1576 CNOT1_2 1550 0.004623
1576 CNOT1_2 1584 0.004623
1576 CNOT1_2 1551 0.004623
1576 CNOT1_2 1581 0.004623
1576 CNOT1_2 1553 0.004623
1576 CNOT1_3 1553 0.979506
1576 CNOT1_3 1583 0.002928
1576 CNOT1_3 1552 0.002928
1576 CNOT1_3 1584 0.002928
1576 CNOT1_3 1550 0.002928
1576 CNOT1_3 1581 0.002928
1576 CNOT1_3 1551 0.002928
1576 CNOT1_3 1582 0.002928
1576 MEAS1 1565 0.494200
1576 MEAS1 1566 0.005800
1576 MEAS1 1567 0.475100
1576 MEAS1 1568 0.024900
1576 X2 1580 0.997219
1576 X2 1576 0.000927
1576 X2 1577 0.000927
1576 X2 1573 0.000927
1577 CNOT1_2 1581 0.967641
1577 CNOT1_2 1550 0.004623
1577 CNOT1_2 1584 0.004623
1577 CNOT1_2 1552 0.004623
1577 CNOT1_2 1583 0.004623
1577 CNOT1_2 1553 0.004623
1577 CNOT1_2 1582 0.004623
1577 CNOT1_2 1551 0.004623
1577 CNOT1_3 1551 0.979506
1577 CNOT1_3 1584 0.002928
1577 CNOT1_3 1550 0.002928
1577 CNOT1_3 1583 0.002928
1577 CNOT1_3 1552 0.002928
1577 CNOT1_3 1582 0.002928
1577 CNOT1_3 1553 0.002928
1577 CNOT1_3 1581 0.002928
1577 MEAS1 1565 0.494200
1577 MEAS1 1566 0.005800
1577 MEAS1 1567 0.475100
1577 MEAS1 1568 0.024900
1577 X2 1573 0.997219
1577 X2 1577 0.000927
1577 X2 1576 0.000927
1577 X2 1580 0.000927
1578 CNOT1_2 1583 0.967641
1578 CNOT1_2 1553 0.004623
1578 CNOT1_2 1582 0.004623
1578 CNOT1_2 1551 0.004623
1578 CNOT1_2 1581 0.004623
1578 CNOT1_2 1550 0.004623
1578 CNOT1_2 1584 0.004623
1578 CNOT1_2 1552 0.004623
1578 CNOT1_3 1583 0.979506
1578 CNOT1_3 1553 0.002928
1578 CNOT1_3 1582 0.002928
1578 CNOT1_3 1551 0.002928
1578 CNOT1_3 1581 0.002928
1578 CNOT1_3 1550 0.002928
1578 CNOT1_3 1584 0.002928
1578 CNOT1_3 1552 0.002928
1578 MEAS1 1569 0.494200
1578 MEAS1 1570 0.005800
1578 MEAS1 1571 0.475100
1578 MEAS1 1572 0.024900
1578 X2 1575 0.997219
1578 X2 1578 0.000927
1578 X2 1579 0.000927
1578 X2 1574 0.000927
1579 CNOT1_2 1584 0.967641
1579 CNOT1_2 1551 0.004623
1579 CNOT1_2 1581 0.004623
1579 CNOT1_2 1553 0.004623
1579 CNOT1_2 1582 0.004623
1579 CNOT1_2 1552 0.004623
1579 CNOT1_2 1583 0.004623
1579 CNOT1_2 1550 0.004623
1579 CNOT1_3 1584 0.979506
1579 CNOT1_3 1551 0.002928
1579 CNOT1_3 1581 0.002928
1579 CNOT1_3 1553 0.002928
1579 CNOT1_3 1582 0.002928
1579 CNOT1_3 1552 0.002928
1579 CNOT1_3 1583 0.002928
1579 CNOT1_3 1550 0.002928
1579 MEAS1 1569 0.494200
1579 MEAS1 1570 0.005800
1579 MEAS1 1571 0.475100
1579 MEAS1 1572 0.024900
1579 X2 1574 0.997219
1579 X2 1579 0.000927
1579 X2 1578 0.000927
1579 X2 1575 0.000927
1580 CNOT1_2 1552 0.967641
1580 CNOT1_2 1582 0.004623
1580 CNOT1_2 1553 0.004623
1580 CNOT1_2 1581 0.004623
1580 CNOT1_2 1551 0.004623
1580 CNOT1_2 1584 0.004623
1580 CNOT1_2 1550 0.004623
1580 CNOT1_2 1583 0.004623
1580 CNOT1_3 1552 0.979506
1580 CNOT1_3 1582 0.002928
1580 CNOT1_3 1553 0.002928
1580 CNOT1_3 1581 0.002928
1580 CNOT1_3 1551 0.002928
1580 CNOT1_3 1584 0.002928
1580 CNOT1_3 1550 0.002928
1580 CNOT1_3 1583 0.002928
1580 MEAS1 1537 0.494200
1580 MEAS1 1558 0.005800
1580 MEAS1 1559 0.475100
1580 MEAS1 1560 0.024900
1580 X2 1576 0.997219
1580 X2 1580 0.000927
1580 X2 1573 0.000927
1580 X2 1577 0.000927
1581 CNOT1_2 1577 0.967641
1581 CNOT1_2 1579 0.004623
1581 CNOT1_2 1578 0.004623
1581 CNOT1_2 1580 0.004623
1581 CNOT1_2 1573 0.004623
1581 CNOT1_2 1575 0.004623
1581 CNOT1_2 1574 0.004623
1581 CNOT1_2 1576 0.004623
1581 CNOT1_3 1574 0.979506
1581 CNOT1_3 1579 0.002928
1581 CNOT1_3 1578 0.002928
1581 CNOT1_3 1580 0.002928
1581 CNOT1_3 1573 0.002928
1581 CNOT1_3 1576 0.002928
1581 CNOT1_3 1577 0.002928
1581 CNOT1_3 1575 0.002928
1581 MEAS1 1581 0.950200
1581 MEAS1 1554 0.049800
1581 X2 1584 0.997219
1581 X2 1581 0.000927
1581 X2 1582 0.000927
1581 X2 1583 0.000927
1582 CNOT1_2 1576 0.967641
1582 CNOT1_2 1578 0.004623
1582 CNOT1_2 1579 0.004623
1582 CNOT1_2 1573 0.004623
1582 CNOT1_2 1580 0.004623
1582 CNOT1_2 1574 0.004623
1582 CNOT1_2 1575 0.004623
1582 CNOT1_2 1577 0.004623
1582 CNOT1_3 1575 0.979506
1582 CNOT1_3 1578 0.002928
1582 CNOT1_3 1579 0.002928
1582 CNOT1_3 1573 0.002928
1582 CNOT1_3 1580 0.002928
1582 CNOT1_3 1577 0.002928
1582 CNOT1_3 1576 0.002928
1582 CNOT1_3 1574 0.002928
1582 MEAS1 1582 0.950200
1582 MEAS1 1555 0.049800
1582 X2 1583 0.997219
1582 X2 1582 0.000927
1582 X2 1581 0.000927
1582 X2 1584 0.000927
1583 CNOT1_2 1578 0.967641
1583 CNOT1_2 1576 0.004623
1583 CNOT1_2 1577 0.004623
1583 CNOT1_2 1574 0.004623
1583 CNOT1_2 1575 0.004623
1583 CNOT1_2 1573 0.004623
1583 CNOT1_2 1580 0.004623
1583 CNOT1_2 1579 0.004623
1583 CNOT1_3 1578 0.979506
1583 CNOT1_3 1575 0.002928
1583 CNOT1_3 1574 0.002928
1583 CNOT1_3 1577 0.002928
1583 CNOT1_3 1576 0.002928
1583 CNOT1_3 1573 0.002928
1583 CNOT1_3 1580 0.002928
1583 CNOT1_3 1579 0.002928
1583 MEAS1 1583 0.950200
1583 MEAS1 1556 0.049800
1583 X2 1582 0.997219
1583 X2 1583 0.000927
1583 X2 1584 0.000927
1583 X2 1581 0.000927
1584 CNOT1_2 1579 0.967641
1584 CNOT1_2 1577 0.004623
1584 CNOT1_2 1576 0.004623
1584 CNOT1_2 1575 0.004623
1584 CNOT1_2 1574 0.004623
1584 CNOT1_2 1580 0.004623
1584 CNOT1_2 1573 0.004623
1584 CNOT1_2 1578 0.004623
1584 CNOT1_3 1579 0.979506
1584 CNOT1_3 1574 0.002928
1584 CNOT1_3 1575 0.002928
1584 CNOT1_3 1576 0.002928
1584 CNOT1_3 1577 0.002928
1584 CNOT1_3 1580 0.002928
1584 CNOT1_3 1573 0.002928
1584 CNOT1_3 1578 0.002928
1584 MEAS1 1584 0.950200
1584 MEAS1 1557 0.049800
1584 X2 1581 0.997219
1584 X2 1584 0.000927
1584 X2 1583 0.000927
1584 X2 1582 0.000927
ENDPOMDP
