BEGINPOMDP
INITIALSTATE: 6913
STATES: 6913,6914,6915,6916,6917,6918,6919,6920,6921,6922,6923,6924,6925,6926,6927,6928,6929,6930,6931,6932,6933,6934,6935,6936,6937,6938,6939,6940,6941,6942,6943,6944,6945,6946,6947,6948,6949,6950,6951,6952,6953,6954,6955,6956,6957,6958,6959,6960
TARGETV: 6914,6916,6918,6923,6924,6925,6926,6928,6932,6933,6949,6954,6955,6956,6959,6960
GAMMA: 6913:0,6914:0,6915:0,6916:0,6917:0,6918:0,6919:0,6920:0,6921:0,6922:0,6923:0,6924:0,6925:0,6926:1,6927:1,6928:1,6929:1,6930:0,6931:0,6932:0,6933:0,6934:1,6935:1,6936:0,6937:0,6938:1,6939:1,6940:0,6941:0,6942:1,6943:1,6944:0,6945:0,6946:1,6947:1,6948:0,6949:1,6950:1,6951:1,6952:1,6953:1,6954:1,6955:1,6956:1,6957:1,6958:1,6959:1,6960:1
BEGINACTIONS
CNOT15_18 Instruction.CNOT 18 15
CNOT15_12 Instruction.CNOT 12 15
MEAS15 Instruction.MEAS None 15
X18 Instruction.X None 18
ENDACTIONS
6913 INIT_ 6914 0.250000
6913 INIT_ 6915 0.250000
6913 INIT_ 6916 0.250000
6913 INIT_ 6917 0.250000
6913 CNOT15_18 6913 0.975959
6913 CNOT15_18 6940 0.008014
6913 CNOT15_18 6941 0.008014
6913 CNOT15_18 6948 0.008014
6913 CNOT15_12 6913 0.987100
6913 CNOT15_12 6944 0.004300
6913 CNOT15_12 6937 0.004300
6913 CNOT15_12 6948 0.004300
6913 MEAS15 6913 0.812600
6913 MEAS15 6934 0.187400
6913 X18 6941 0.999508
6913 X18 6913 0.000492
6914 CNOT15_18 6918 0.971952
6914 CNOT15_18 6919 0.004007
6914 CNOT15_18 6920 0.004007
6914 CNOT15_18 6921 0.004007
6914 CNOT15_18 6922 0.004007
6914 CNOT15_18 6923 0.004007
6914 CNOT15_18 6924 0.004007
6914 CNOT15_18 6925 0.004007
6914 CNOT15_12 6918 0.984950
6914 CNOT15_12 6922 0.002150
6914 CNOT15_12 6921 0.002150
6914 CNOT15_12 6920 0.002150
6914 CNOT15_12 6919 0.002150
6914 CNOT15_12 6923 0.002150
6914 CNOT15_12 6924 0.002150
6914 CNOT15_12 6925 0.002150
6914 MEAS15 6914 0.812600
6914 MEAS15 6926 0.187400
6914 X18 6915 0.999261
6914 X18 6914 0.000246
6914 X18 6916 0.000246
6914 X18 6917 0.000246
6915 CNOT15_18 6919 0.971952
6915 CNOT15_18 6918 0.004007
6915 CNOT15_18 6925 0.004007
6915 CNOT15_18 6923 0.004007
6915 CNOT15_18 6924 0.004007
6915 CNOT15_18 6921 0.004007
6915 CNOT15_18 6922 0.004007
6915 CNOT15_18 6920 0.004007
6915 CNOT15_12 6922 0.984950
6915 CNOT15_12 6918 0.002150
6915 CNOT15_12 6925 0.002150
6915 CNOT15_12 6923 0.002150
6915 CNOT15_12 6924 0.002150
6915 CNOT15_12 6920 0.002150
6915 CNOT15_12 6919 0.002150
6915 CNOT15_12 6921 0.002150
6915 MEAS15 6915 0.812600
6915 MEAS15 6927 0.187400
6915 X18 6914 0.999261
6915 X18 6915 0.000246
6915 X18 6917 0.000246
6915 X18 6916 0.000246
6916 CNOT15_18 6925 0.971952
6916 CNOT15_18 6920 0.004007
6916 CNOT15_18 6919 0.004007
6916 CNOT15_18 6922 0.004007
6916 CNOT15_18 6921 0.004007
6916 CNOT15_18 6924 0.004007
6916 CNOT15_18 6923 0.004007
6916 CNOT15_18 6918 0.004007
6916 CNOT15_12 6925 0.984950
6916 CNOT15_12 6921 0.002150
6916 CNOT15_12 6922 0.002150
6916 CNOT15_12 6919 0.002150
6916 CNOT15_12 6920 0.002150
6916 CNOT15_12 6924 0.002150
6916 CNOT15_12 6923 0.002150
6916 CNOT15_12 6918 0.002150
6916 MEAS15 6916 0.812600
6916 MEAS15 6928 0.187400
6916 X18 6917 0.999261
6916 X18 6916 0.000246
6916 X18 6914 0.000246
6916 X18 6915 0.000246
6917 CNOT15_18 6920 0.971952
6917 CNOT15_18 6925 0.004007
6917 CNOT15_18 6918 0.004007
6917 CNOT15_18 6924 0.004007
6917 CNOT15_18 6923 0.004007
6917 CNOT15_18 6922 0.004007
6917 CNOT15_18 6921 0.004007
6917 CNOT15_18 6919 0.004007
6917 CNOT15_12 6921 0.984950
6917 CNOT15_12 6925 0.002150
6917 CNOT15_12 6918 0.002150
6917 CNOT15_12 6924 0.002150
6917 CNOT15_12 6923 0.002150
6917 CNOT15_12 6919 0.002150
6917 CNOT15_12 6920 0.002150
6917 CNOT15_12 6922 0.002150
6917 MEAS15 6917 0.812600
6917 MEAS15 6929 0.187400
6917 X18 6916 0.999261
6917 X18 6917 0.000246
6917 X18 6915 0.000246
6917 X18 6914 0.000246
6918 CNOT15_18 6914 0.971952
6918 CNOT15_18 6930 0.004007
6918 CNOT15_18 6915 0.004007
6918 CNOT15_18 6931 0.004007
6918 CNOT15_18 6917 0.004007
6918 CNOT15_18 6932 0.004007
6918 CNOT15_18 6916 0.004007
6918 CNOT15_18 6933 0.004007
6918 CNOT15_12 6914 0.984950
6918 CNOT15_12 6930 0.002150
6918 CNOT15_12 6915 0.002150
6918 CNOT15_12 6931 0.002150
6918 CNOT15_12 6917 0.002150
6918 CNOT15_12 6932 0.002150
6918 CNOT15_12 6916 0.002150
6918 CNOT15_12 6933 0.002150
6918 MEAS15 6913 0.406300
6918 MEAS15 6934 0.093700
6918 MEAS15 6935 0.490800
6918 MEAS15 6936 0.009200
6918 X18 6922 0.999261
6918 X18 6918 0.000246
6918 X18 6925 0.000246
6918 X18 6921 0.000246
6919 CNOT15_18 6915 0.971952
6919 CNOT15_18 6933 0.004007
6919 CNOT15_18 6914 0.004007
6919 CNOT15_18 6932 0.004007
6919 CNOT15_18 6916 0.004007
6919 CNOT15_18 6931 0.004007
6919 CNOT15_18 6917 0.004007
6919 CNOT15_18 6930 0.004007
6919 CNOT15_12 6930 0.984950
6919 CNOT15_12 6914 0.002150
6919 CNOT15_12 6933 0.002150
6919 CNOT15_12 6916 0.002150
6919 CNOT15_12 6932 0.002150
6919 CNOT15_12 6917 0.002150
6919 CNOT15_12 6931 0.002150
6919 CNOT15_12 6915 0.002150
6919 MEAS15 6937 0.406300
6919 MEAS15 6938 0.093700
6919 MEAS15 6939 0.490800
6919 MEAS15 6940 0.009200
6919 X18 6924 0.999261
6919 X18 6919 0.000246
6919 X18 6920 0.000246
6919 X18 6923 0.000246
6920 CNOT15_18 6917 0.971952
6920 CNOT15_18 6932 0.004007
6920 CNOT15_18 6916 0.004007
6920 CNOT15_18 6933 0.004007
6920 CNOT15_18 6914 0.004007
6920 CNOT15_18 6930 0.004007
6920 CNOT15_18 6915 0.004007
6920 CNOT15_18 6931 0.004007
6920 CNOT15_12 6931 0.984950
6920 CNOT15_12 6916 0.002150
6920 CNOT15_12 6932 0.002150
6920 CNOT15_12 6914 0.002150
6920 CNOT15_12 6933 0.002150
6920 CNOT15_12 6915 0.002150
6920 CNOT15_12 6930 0.002150
6920 CNOT15_12 6917 0.002150
6920 MEAS15 6937 0.406300
6920 MEAS15 6938 0.093700
6920 MEAS15 6939 0.490800
6920 MEAS15 6940 0.009200
6920 X18 6923 0.999261
6920 X18 6920 0.000246
6920 X18 6919 0.000246
6920 X18 6924 0.000246
6921 CNOT15_18 6931 0.971952
6921 CNOT15_18 6916 0.004007
6921 CNOT15_18 6932 0.004007
6921 CNOT15_18 6914 0.004007
6921 CNOT15_18 6933 0.004007
6921 CNOT15_18 6915 0.004007
6921 CNOT15_18 6930 0.004007
6921 CNOT15_18 6917 0.004007
6921 CNOT15_12 6917 0.984950
6921 CNOT15_12 6932 0.002150
6921 CNOT15_12 6916 0.002150
6921 CNOT15_12 6933 0.002150
6921 CNOT15_12 6914 0.002150
6921 CNOT15_12 6930 0.002150
6921 CNOT15_12 6915 0.002150
6921 CNOT15_12 6931 0.002150
6921 MEAS15 6941 0.406300
6921 MEAS15 6942 0.093700
6921 MEAS15 6943 0.490800
6921 MEAS15 6944 0.009200
6921 X18 6925 0.999261
6921 X18 6921 0.000246
6921 X18 6922 0.000246
6921 X18 6918 0.000246
6922 CNOT15_18 6930 0.971952
6922 CNOT15_18 6914 0.004007
6922 CNOT15_18 6933 0.004007
6922 CNOT15_18 6916 0.004007
6922 CNOT15_18 6932 0.004007
6922 CNOT15_18 6917 0.004007
6922 CNOT15_18 6931 0.004007
6922 CNOT15_18 6915 0.004007
6922 CNOT15_12 6915 0.984950
6922 CNOT15_12 6933 0.002150
6922 CNOT15_12 6914 0.002150
6922 CNOT15_12 6932 0.002150
6922 CNOT15_12 6916 0.002150
6922 CNOT15_12 6931 0.002150
6922 CNOT15_12 6917 0.002150
6922 CNOT15_12 6930 0.002150
6922 MEAS15 6941 0.406300
6922 MEAS15 6942 0.093700
6922 MEAS15 6943 0.490800
6922 MEAS15 6944 0.009200
6922 X18 6918 0.999261
6922 X18 6922 0.000246
6922 X18 6921 0.000246
6922 X18 6925 0.000246
6923 CNOT15_18 6932 0.971952
6923 CNOT15_18 6917 0.004007
6923 CNOT15_18 6931 0.004007
6923 CNOT15_18 6915 0.004007
6923 CNOT15_18 6930 0.004007
6923 CNOT15_18 6914 0.004007
6923 CNOT15_18 6933 0.004007
6923 CNOT15_18 6916 0.004007
6923 CNOT15_12 6932 0.984950
6923 CNOT15_12 6917 0.002150
6923 CNOT15_12 6931 0.002150
6923 CNOT15_12 6915 0.002150
6923 CNOT15_12 6930 0.002150
6923 CNOT15_12 6914 0.002150
6923 CNOT15_12 6933 0.002150
6923 CNOT15_12 6916 0.002150
6923 MEAS15 6945 0.406300
6923 MEAS15 6946 0.093700
6923 MEAS15 6947 0.490800
6923 MEAS15 6948 0.009200
6923 X18 6920 0.999261
6923 X18 6923 0.000246
6923 X18 6924 0.000246
6923 X18 6919 0.000246
6924 CNOT15_18 6933 0.971952
6924 CNOT15_18 6915 0.004007
6924 CNOT15_18 6930 0.004007
6924 CNOT15_18 6917 0.004007
6924 CNOT15_18 6931 0.004007
6924 CNOT15_18 6916 0.004007
6924 CNOT15_18 6932 0.004007
6924 CNOT15_18 6914 0.004007
6924 CNOT15_12 6933 0.984950
6924 CNOT15_12 6915 0.002150
6924 CNOT15_12 6930 0.002150
6924 CNOT15_12 6917 0.002150
6924 CNOT15_12 6931 0.002150
6924 CNOT15_12 6916 0.002150
6924 CNOT15_12 6932 0.002150
6924 CNOT15_12 6914 0.002150
6924 MEAS15 6945 0.406300
6924 MEAS15 6946 0.093700
6924 MEAS15 6947 0.490800
6924 MEAS15 6948 0.009200
6924 X18 6919 0.999261
6924 X18 6924 0.000246
6924 X18 6923 0.000246
6924 X18 6920 0.000246
6925 CNOT15_18 6916 0.971952
6925 CNOT15_18 6931 0.004007
6925 CNOT15_18 6917 0.004007
6925 CNOT15_18 6930 0.004007
6925 CNOT15_18 6915 0.004007
6925 CNOT15_18 6933 0.004007
6925 CNOT15_18 6914 0.004007
6925 CNOT15_18 6932 0.004007
6925 CNOT15_12 6916 0.984950
6925 CNOT15_12 6931 0.002150
6925 CNOT15_12 6917 0.002150
6925 CNOT15_12 6930 0.002150
6925 CNOT15_12 6915 0.002150
6925 CNOT15_12 6933 0.002150
6925 CNOT15_12 6914 0.002150
6925 CNOT15_12 6932 0.002150
6925 MEAS15 6913 0.406300
6925 MEAS15 6934 0.093700
6925 MEAS15 6935 0.490800
6925 MEAS15 6936 0.009200
6925 X18 6921 0.999261
6925 X18 6925 0.000246
6925 X18 6918 0.000246
6925 X18 6922 0.000246
6926 CNOT15_18 6949 0.971952
6926 CNOT15_18 6950 0.004007
6926 CNOT15_18 6951 0.004007
6926 CNOT15_18 6952 0.004007
6926 CNOT15_18 6953 0.004007
6926 CNOT15_18 6954 0.004007
6926 CNOT15_18 6955 0.004007
6926 CNOT15_18 6956 0.004007
6926 CNOT15_12 6949 0.984950
6926 CNOT15_12 6953 0.002150
6926 CNOT15_12 6952 0.002150
6926 CNOT15_12 6951 0.002150
6926 CNOT15_12 6950 0.002150
6926 CNOT15_12 6954 0.002150
6926 CNOT15_12 6955 0.002150
6926 CNOT15_12 6956 0.002150
6926 MEAS15 6914 0.812600
6926 MEAS15 6926 0.187400
6926 X18 6927 0.999261
6926 X18 6926 0.000246
6926 X18 6928 0.000246
6926 X18 6929 0.000246
6927 CNOT15_18 6950 0.971952
6927 CNOT15_18 6949 0.004007
6927 CNOT15_18 6956 0.004007
6927 CNOT15_18 6954 0.004007
6927 CNOT15_18 6955 0.004007
6927 CNOT15_18 6952 0.004007
6927 CNOT15_18 6953 0.004007
6927 CNOT15_18 6951 0.004007
6927 CNOT15_12 6953 0.984950
6927 CNOT15_12 6949 0.002150
6927 CNOT15_12 6956 0.002150
6927 CNOT15_12 6954 0.002150
6927 CNOT15_12 6955 0.002150
6927 CNOT15_12 6951 0.002150
6927 CNOT15_12 6950 0.002150
6927 CNOT15_12 6952 0.002150
6927 MEAS15 6915 0.812600
6927 MEAS15 6927 0.187400
6927 X18 6926 0.999261
6927 X18 6927 0.000246
6927 X18 6929 0.000246
6927 X18 6928 0.000246
6928 CNOT15_18 6956 0.971952
6928 CNOT15_18 6951 0.004007
6928 CNOT15_18 6950 0.004007
6928 CNOT15_18 6953 0.004007
6928 CNOT15_18 6952 0.004007
6928 CNOT15_18 6955 0.004007
6928 CNOT15_18 6954 0.004007
6928 CNOT15_18 6949 0.004007
6928 CNOT15_12 6956 0.984950
6928 CNOT15_12 6952 0.002150
6928 CNOT15_12 6953 0.002150
6928 CNOT15_12 6950 0.002150
6928 CNOT15_12 6951 0.002150
6928 CNOT15_12 6955 0.002150
6928 CNOT15_12 6954 0.002150
6928 CNOT15_12 6949 0.002150
6928 MEAS15 6916 0.812600
6928 MEAS15 6928 0.187400
6928 X18 6929 0.999261
6928 X18 6928 0.000246
6928 X18 6926 0.000246
6928 X18 6927 0.000246
6929 CNOT15_18 6951 0.971952
6929 CNOT15_18 6956 0.004007
6929 CNOT15_18 6949 0.004007
6929 CNOT15_18 6955 0.004007
6929 CNOT15_18 6954 0.004007
6929 CNOT15_18 6953 0.004007
6929 CNOT15_18 6952 0.004007
6929 CNOT15_18 6950 0.004007
6929 CNOT15_12 6952 0.984950
6929 CNOT15_12 6956 0.002150
6929 CNOT15_12 6949 0.002150
6929 CNOT15_12 6955 0.002150
6929 CNOT15_12 6954 0.002150
6929 CNOT15_12 6950 0.002150
6929 CNOT15_12 6951 0.002150
6929 CNOT15_12 6953 0.002150
6929 MEAS15 6917 0.812600
6929 MEAS15 6929 0.187400
6929 X18 6928 0.999261
6929 X18 6929 0.000246
6929 X18 6927 0.000246
6929 X18 6926 0.000246
6930 CNOT15_18 6922 0.971952
6930 CNOT15_18 6924 0.004007
6930 CNOT15_18 6923 0.004007
6930 CNOT15_18 6925 0.004007
6930 CNOT15_18 6918 0.004007
6930 CNOT15_18 6920 0.004007
6930 CNOT15_18 6919 0.004007
6930 CNOT15_18 6921 0.004007
6930 CNOT15_12 6919 0.984950
6930 CNOT15_12 6924 0.002150
6930 CNOT15_12 6923 0.002150
6930 CNOT15_12 6925 0.002150
6930 CNOT15_12 6918 0.002150
6930 CNOT15_12 6921 0.002150
6930 CNOT15_12 6922 0.002150
6930 CNOT15_12 6920 0.002150
6930 MEAS15 6957 0.981600
6930 MEAS15 6930 0.018400
6930 X18 6933 0.999261
6930 X18 6930 0.000246
6930 X18 6931 0.000246
6930 X18 6932 0.000246
6931 CNOT15_18 6921 0.971952
6931 CNOT15_18 6923 0.004007
6931 CNOT15_18 6924 0.004007
6931 CNOT15_18 6918 0.004007
6931 CNOT15_18 6925 0.004007
6931 CNOT15_18 6919 0.004007
6931 CNOT15_18 6920 0.004007
6931 CNOT15_18 6922 0.004007
6931 CNOT15_12 6920 0.984950
6931 CNOT15_12 6923 0.002150
6931 CNOT15_12 6924 0.002150
6931 CNOT15_12 6918 0.002150
6931 CNOT15_12 6925 0.002150
6931 CNOT15_12 6922 0.002150
6931 CNOT15_12 6921 0.002150
6931 CNOT15_12 6919 0.002150
6931 MEAS15 6958 0.981600
6931 MEAS15 6931 0.018400
6931 X18 6932 0.999261
6931 X18 6931 0.000246
6931 X18 6930 0.000246
6931 X18 6933 0.000246
6932 CNOT15_18 6923 0.971952
6932 CNOT15_18 6921 0.004007
6932 CNOT15_18 6922 0.004007
6932 CNOT15_18 6919 0.004007
6932 CNOT15_18 6920 0.004007
6932 CNOT15_18 6918 0.004007
6932 CNOT15_18 6925 0.004007
6932 CNOT15_18 6924 0.004007
6932 CNOT15_12 6923 0.984950
6932 CNOT15_12 6920 0.002150
6932 CNOT15_12 6919 0.002150
6932 CNOT15_12 6922 0.002150
6932 CNOT15_12 6921 0.002150
6932 CNOT15_12 6918 0.002150
6932 CNOT15_12 6925 0.002150
6932 CNOT15_12 6924 0.002150
6932 MEAS15 6959 0.981600
6932 MEAS15 6932 0.018400
6932 X18 6931 0.999261
6932 X18 6932 0.000246
6932 X18 6933 0.000246
6932 X18 6930 0.000246
6933 CNOT15_18 6924 0.971952
6933 CNOT15_18 6922 0.004007
6933 CNOT15_18 6921 0.004007
6933 CNOT15_18 6920 0.004007
6933 CNOT15_18 6919 0.004007
6933 CNOT15_18 6925 0.004007
6933 CNOT15_18 6918 0.004007
6933 CNOT15_18 6923 0.004007
6933 CNOT15_12 6924 0.984950
6933 CNOT15_12 6919 0.002150
6933 CNOT15_12 6920 0.002150
6933 CNOT15_12 6921 0.002150
6933 CNOT15_12 6922 0.002150
6933 CNOT15_12 6925 0.002150
6933 CNOT15_12 6918 0.002150
6933 CNOT15_12 6923 0.002150
6933 MEAS15 6960 0.981600
6933 MEAS15 6933 0.018400
6933 X18 6930 0.999261
6933 X18 6933 0.000246
6933 X18 6932 0.000246
6933 X18 6931 0.000246
6934 CNOT15_18 6934 0.975959
6934 CNOT15_18 6939 0.008014
6934 CNOT15_18 6942 0.008014
6934 CNOT15_18 6947 0.008014
6934 CNOT15_12 6934 0.987100
6934 CNOT15_12 6943 0.004300
6934 CNOT15_12 6938 0.004300
6934 CNOT15_12 6947 0.004300
6934 MEAS15 6913 0.812600
6934 MEAS15 6934 0.187400
6934 X18 6942 0.999508
6934 X18 6934 0.000492
6935 CNOT15_18 6946 0.975959
6935 CNOT15_18 6943 0.008014
6935 CNOT15_18 6938 0.008014
6935 CNOT15_18 6935 0.008014
6935 CNOT15_12 6946 0.987100
6935 CNOT15_12 6939 0.004300
6935 CNOT15_12 6942 0.004300
6935 CNOT15_12 6935 0.004300
6935 MEAS15 6935 0.981600
6935 MEAS15 6936 0.018400
6935 X18 6943 0.999508
6935 X18 6935 0.000492
6936 CNOT15_18 6945 0.975959
6936 CNOT15_18 6944 0.008014
6936 CNOT15_18 6937 0.008014
6936 CNOT15_18 6936 0.008014
6936 CNOT15_12 6945 0.987100
6936 CNOT15_12 6940 0.004300
6936 CNOT15_12 6941 0.004300
6936 CNOT15_12 6936 0.004300
6936 MEAS15 6935 0.981600
6936 MEAS15 6936 0.018400
6936 X18 6944 0.999508
6936 X18 6936 0.000492
6937 CNOT15_18 6937 0.975959
6937 CNOT15_18 6936 0.008014
6937 CNOT15_18 6945 0.008014
6937 CNOT15_18 6944 0.008014
6937 CNOT15_12 6944 0.987100
6937 CNOT15_12 6913 0.004300
6937 CNOT15_12 6948 0.004300
6937 CNOT15_12 6937 0.004300
6937 MEAS15 6937 0.812600
6937 MEAS15 6938 0.187400
6937 X18 6945 0.999508
6937 X18 6937 0.000492
6938 CNOT15_18 6938 0.975959
6938 CNOT15_18 6935 0.008014
6938 CNOT15_18 6946 0.008014
6938 CNOT15_18 6943 0.008014
6938 CNOT15_12 6943 0.987100
6938 CNOT15_12 6934 0.004300
6938 CNOT15_12 6947 0.004300
6938 CNOT15_12 6938 0.004300
6938 MEAS15 6937 0.812600
6938 MEAS15 6938 0.187400
6938 X18 6946 0.999508
6938 X18 6938 0.000492
6939 CNOT15_18 6942 0.975959
6939 CNOT15_18 6947 0.008014
6939 CNOT15_18 6934 0.008014
6939 CNOT15_18 6939 0.008014
6939 CNOT15_12 6939 0.987100
6939 CNOT15_12 6946 0.004300
6939 CNOT15_12 6935 0.004300
6939 CNOT15_12 6942 0.004300
6939 MEAS15 6939 0.981600
6939 MEAS15 6940 0.018400
6939 X18 6947 0.999508
6939 X18 6939 0.000492
6940 CNOT15_18 6941 0.975959
6940 CNOT15_18 6948 0.008014
6940 CNOT15_18 6913 0.008014
6940 CNOT15_18 6940 0.008014
6940 CNOT15_12 6940 0.987100
6940 CNOT15_12 6945 0.004300
6940 CNOT15_12 6936 0.004300
6940 CNOT15_12 6941 0.004300
6940 MEAS15 6939 0.981600
6940 MEAS15 6940 0.018400
6940 X18 6948 0.999508
6940 X18 6940 0.000492
6941 CNOT15_18 6940 0.975959
6941 CNOT15_18 6913 0.008014
6941 CNOT15_18 6948 0.008014
6941 CNOT15_18 6941 0.008014
6941 CNOT15_12 6941 0.987100
6941 CNOT15_12 6936 0.004300
6941 CNOT15_12 6945 0.004300
6941 CNOT15_12 6940 0.004300
6941 MEAS15 6941 0.812600
6941 MEAS15 6942 0.187400
6941 X18 6913 0.999508
6941 X18 6941 0.000492
6942 CNOT15_18 6939 0.975959
6942 CNOT15_18 6934 0.008014
6942 CNOT15_18 6947 0.008014
6942 CNOT15_18 6942 0.008014
6942 CNOT15_12 6942 0.987100
6942 CNOT15_12 6935 0.004300
6942 CNOT15_12 6946 0.004300
6942 CNOT15_12 6939 0.004300
6942 MEAS15 6941 0.812600
6942 MEAS15 6942 0.187400
6942 X18 6934 0.999508
6942 X18 6942 0.000492
6943 CNOT15_18 6943 0.975959
6943 CNOT15_18 6946 0.008014
6943 CNOT15_18 6935 0.008014
6943 CNOT15_18 6938 0.008014
6943 CNOT15_12 6938 0.987100
6943 CNOT15_12 6947 0.004300
6943 CNOT15_12 6934 0.004300
6943 CNOT15_12 6943 0.004300
6943 MEAS15 6943 0.981600
6943 MEAS15 6944 0.018400
6943 X18 6935 0.999508
6943 X18 6943 0.000492
6944 CNOT15_18 6944 0.975959
6944 CNOT15_18 6945 0.008014
6944 CNOT15_18 6936 0.008014
6944 CNOT15_18 6937 0.008014
6944 CNOT15_12 6937 0.987100
6944 CNOT15_12 6948 0.004300
6944 CNOT15_12 6913 0.004300
6944 CNOT15_12 6944 0.004300
6944 MEAS15 6943 0.981600
6944 MEAS15 6944 0.018400
6944 X18 6936 0.999508
6944 X18 6944 0.000492
6945 CNOT15_18 6936 0.975959
6945 CNOT15_18 6937 0.008014
6945 CNOT15_18 6944 0.008014
6945 CNOT15_18 6945 0.008014
6945 CNOT15_12 6936 0.987100
6945 CNOT15_12 6941 0.004300
6945 CNOT15_12 6940 0.004300
6945 CNOT15_12 6945 0.004300
6945 MEAS15 6945 0.812600
6945 MEAS15 6946 0.187400
6945 X18 6937 0.999508
6945 X18 6945 0.000492
6946 CNOT15_18 6935 0.975959
6946 CNOT15_18 6938 0.008014
6946 CNOT15_18 6943 0.008014
6946 CNOT15_18 6946 0.008014
6946 CNOT15_12 6935 0.987100
6946 CNOT15_12 6942 0.004300
6946 CNOT15_12 6939 0.004300
6946 CNOT15_12 6946 0.004300
6946 MEAS15 6945 0.812600
6946 MEAS15 6946 0.187400
6946 X18 6938 0.999508
6946 X18 6946 0.000492
6947 CNOT15_18 6947 0.975959
6947 CNOT15_18 6942 0.008014
6947 CNOT15_18 6939 0.008014
6947 CNOT15_18 6934 0.008014
6947 CNOT15_12 6947 0.987100
6947 CNOT15_12 6938 0.004300
6947 CNOT15_12 6943 0.004300
6947 CNOT15_12 6934 0.004300
6947 MEAS15 6947 0.981600
6947 MEAS15 6948 0.018400
6947 X18 6939 0.999508
6947 X18 6947 0.000492
6948 CNOT15_18 6948 0.975959
6948 CNOT15_18 6941 0.008014
6948 CNOT15_18 6940 0.008014
6948 CNOT15_18 6913 0.008014
6948 CNOT15_12 6948 0.987100
6948 CNOT15_12 6937 0.004300
6948 CNOT15_12 6944 0.004300
6948 CNOT15_12 6913 0.004300
6948 MEAS15 6947 0.981600
6948 MEAS15 6948 0.018400
6948 X18 6940 0.999508
6948 X18 6948 0.000492
6949 CNOT15_18 6926 0.971952
6949 CNOT15_18 6957 0.004007
6949 CNOT15_18 6927 0.004007
6949 CNOT15_18 6958 0.004007
6949 CNOT15_18 6929 0.004007
6949 CNOT15_18 6959 0.004007
6949 CNOT15_18 6928 0.004007
6949 CNOT15_18 6960 0.004007
6949 CNOT15_12 6926 0.984950
6949 CNOT15_12 6957 0.002150
6949 CNOT15_12 6927 0.002150
6949 CNOT15_12 6958 0.002150
6949 CNOT15_12 6929 0.002150
6949 CNOT15_12 6959 0.002150
6949 CNOT15_12 6928 0.002150
6949 CNOT15_12 6960 0.002150
6949 MEAS15 6913 0.406300
6949 MEAS15 6934 0.093700
6949 MEAS15 6935 0.490800
6949 MEAS15 6936 0.009200
6949 X18 6953 0.999261
6949 X18 6949 0.000246
6949 X18 6956 0.000246
6949 X18 6952 0.000246
6950 CNOT15_18 6927 0.971952
6950 CNOT15_18 6960 0.004007
6950 CNOT15_18 6926 0.004007
6950 CNOT15_18 6959 0.004007
6950 CNOT15_18 6928 0.004007
6950 CNOT15_18 6958 0.004007
6950 CNOT15_18 6929 0.004007
6950 CNOT15_18 6957 0.004007
6950 CNOT15_12 6957 0.984950
6950 CNOT15_12 6926 0.002150
6950 CNOT15_12 6960 0.002150
6950 CNOT15_12 6928 0.002150
6950 CNOT15_12 6959 0.002150
6950 CNOT15_12 6929 0.002150
6950 CNOT15_12 6958 0.002150
6950 CNOT15_12 6927 0.002150
6950 MEAS15 6937 0.406300
6950 MEAS15 6938 0.093700
6950 MEAS15 6939 0.490800
6950 MEAS15 6940 0.009200
6950 X18 6955 0.999261
6950 X18 6950 0.000246
6950 X18 6951 0.000246
6950 X18 6954 0.000246
6951 CNOT15_18 6929 0.971952
6951 CNOT15_18 6959 0.004007
6951 CNOT15_18 6928 0.004007
6951 CNOT15_18 6960 0.004007
6951 CNOT15_18 6926 0.004007
6951 CNOT15_18 6957 0.004007
6951 CNOT15_18 6927 0.004007
6951 CNOT15_18 6958 0.004007
6951 CNOT15_12 6958 0.984950
6951 CNOT15_12 6928 0.002150
6951 CNOT15_12 6959 0.002150
6951 CNOT15_12 6926 0.002150
6951 CNOT15_12 6960 0.002150
6951 CNOT15_12 6927 0.002150
6951 CNOT15_12 6957 0.002150
6951 CNOT15_12 6929 0.002150
6951 MEAS15 6937 0.406300
6951 MEAS15 6938 0.093700
6951 MEAS15 6939 0.490800
6951 MEAS15 6940 0.009200
6951 X18 6954 0.999261
6951 X18 6951 0.000246
6951 X18 6950 0.000246
6951 X18 6955 0.000246
6952 CNOT15_18 6958 0.971952
6952 CNOT15_18 6928 0.004007
6952 CNOT15_18 6959 0.004007
6952 CNOT15_18 6926 0.004007
6952 CNOT15_18 6960 0.004007
6952 CNOT15_18 6927 0.004007
6952 CNOT15_18 6957 0.004007
6952 CNOT15_18 6929 0.004007
6952 CNOT15_12 6929 0.984950
6952 CNOT15_12 6959 0.002150
6952 CNOT15_12 6928 0.002150
6952 CNOT15_12 6960 0.002150
6952 CNOT15_12 6926 0.002150
6952 CNOT15_12 6957 0.002150
6952 CNOT15_12 6927 0.002150
6952 CNOT15_12 6958 0.002150
6952 MEAS15 6941 0.406300
6952 MEAS15 6942 0.093700
6952 MEAS15 6943 0.490800
6952 MEAS15 6944 0.009200
6952 X18 6956 0.999261
6952 X18 6952 0.000246
6952 X18 6953 0.000246
6952 X18 6949 0.000246
6953 CNOT15_18 6957 0.971952
6953 CNOT15_18 6926 0.004007
6953 CNOT15_18 6960 0.004007
6953 CNOT15_18 6928 0.004007
6953 CNOT15_18 6959 0.004007
6953 CNOT15_18 6929 0.004007
6953 CNOT15_18 6958 0.004007
6953 CNOT15_18 6927 0.004007
6953 CNOT15_12 6927 0.984950
6953 CNOT15_12 6960 0.002150
6953 CNOT15_12 6926 0.002150
6953 CNOT15_12 6959 0.002150
6953 CNOT15_12 6928 0.002150
6953 CNOT15_12 6958 0.002150
6953 CNOT15_12 6929 0.002150
6953 CNOT15_12 6957 0.002150
6953 MEAS15 6941 0.406300
6953 MEAS15 6942 0.093700
6953 MEAS15 6943 0.490800
6953 MEAS15 6944 0.009200
6953 X18 6949 0.999261
6953 X18 6953 0.000246
6953 X18 6952 0.000246
6953 X18 6956 0.000246
6954 CNOT15_18 6959 0.971952
6954 CNOT15_18 6929 0.004007
6954 CNOT15_18 6958 0.004007
6954 CNOT15_18 6927 0.004007
6954 CNOT15_18 6957 0.004007
6954 CNOT15_18 6926 0.004007
6954 CNOT15_18 6960 0.004007
6954 CNOT15_18 6928 0.004007
6954 CNOT15_12 6959 0.984950
6954 CNOT15_12 6929 0.002150
6954 CNOT15_12 6958 0.002150
6954 CNOT15_12 6927 0.002150
6954 CNOT15_12 6957 0.002150
6954 CNOT15_12 6926 0.002150
6954 CNOT15_12 6960 0.002150
6954 CNOT15_12 6928 0.002150
6954 MEAS15 6945 0.406300
6954 MEAS15 6946 0.093700
6954 MEAS15 6947 0.490800
6954 MEAS15 6948 0.009200
6954 X18 6951 0.999261
6954 X18 6954 0.000246
6954 X18 6955 0.000246
6954 X18 6950 0.000246
6955 CNOT15_18 6960 0.971952
6955 CNOT15_18 6927 0.004007
6955 CNOT15_18 6957 0.004007
6955 CNOT15_18 6929 0.004007
6955 CNOT15_18 6958 0.004007
6955 CNOT15_18 6928 0.004007
6955 CNOT15_18 6959 0.004007
6955 CNOT15_18 6926 0.004007
6955 CNOT15_12 6960 0.984950
6955 CNOT15_12 6927 0.002150
6955 CNOT15_12 6957 0.002150
6955 CNOT15_12 6929 0.002150
6955 CNOT15_12 6958 0.002150
6955 CNOT15_12 6928 0.002150
6955 CNOT15_12 6959 0.002150
6955 CNOT15_12 6926 0.002150
6955 MEAS15 6945 0.406300
6955 MEAS15 6946 0.093700
6955 MEAS15 6947 0.490800
6955 MEAS15 6948 0.009200
6955 X18 6950 0.999261
6955 X18 6955 0.000246
6955 X18 6954 0.000246
6955 X18 6951 0.000246
6956 CNOT15_18 6928 0.971952
6956 CNOT15_18 6958 0.004007
6956 CNOT15_18 6929 0.004007
6956 CNOT15_18 6957 0.004007
6956 CNOT15_18 6927 0.004007
6956 CNOT15_18 6960 0.004007
6956 CNOT15_18 6926 0.004007
6956 CNOT15_18 6959 0.004007
6956 CNOT15_12 6928 0.984950
6956 CNOT15_12 6958 0.002150
6956 CNOT15_12 6929 0.002150
6956 CNOT15_12 6957 0.002150
6956 CNOT15_12 6927 0.002150
6956 CNOT15_12 6960 0.002150
6956 CNOT15_12 6926 0.002150
6956 CNOT15_12 6959 0.002150
6956 MEAS15 6913 0.406300
6956 MEAS15 6934 0.093700
6956 MEAS15 6935 0.490800
6956 MEAS15 6936 0.009200
6956 X18 6952 0.999261
6956 X18 6956 0.000246
6956 X18 6949 0.000246
6956 X18 6953 0.000246
6957 CNOT15_18 6953 0.971952
6957 CNOT15_18 6955 0.004007
6957 CNOT15_18 6954 0.004007
6957 CNOT15_18 6956 0.004007
6957 CNOT15_18 6949 0.004007
6957 CNOT15_18 6951 0.004007
6957 CNOT15_18 6950 0.004007
6957 CNOT15_18 6952 0.004007
6957 CNOT15_12 6950 0.984950
6957 CNOT15_12 6955 0.002150
6957 CNOT15_12 6954 0.002150
6957 CNOT15_12 6956 0.002150
6957 CNOT15_12 6949 0.002150
6957 CNOT15_12 6952 0.002150
6957 CNOT15_12 6953 0.002150
6957 CNOT15_12 6951 0.002150
6957 MEAS15 6957 0.981600
6957 MEAS15 6930 0.018400
6957 X18 6960 0.999261
6957 X18 6957 0.000246
6957 X18 6958 0.000246
6957 X18 6959 0.000246
6958 CNOT15_18 6952 0.971952
6958 CNOT15_18 6954 0.004007
6958 CNOT15_18 6955 0.004007
6958 CNOT15_18 6949 0.004007
6958 CNOT15_18 6956 0.004007
6958 CNOT15_18 6950 0.004007
6958 CNOT15_18 6951 0.004007
6958 CNOT15_18 6953 0.004007
6958 CNOT15_12 6951 0.984950
6958 CNOT15_12 6954 0.002150
6958 CNOT15_12 6955 0.002150
6958 CNOT15_12 6949 0.002150
6958 CNOT15_12 6956 0.002150
6958 CNOT15_12 6953 0.002150
6958 CNOT15_12 6952 0.002150
6958 CNOT15_12 6950 0.002150
6958 MEAS15 6958 0.981600
6958 MEAS15 6931 0.018400
6958 X18 6959 0.999261
6958 X18 6958 0.000246
6958 X18 6957 0.000246
6958 X18 6960 0.000246
6959 CNOT15_18 6954 0.971952
6959 CNOT15_18 6952 0.004007
6959 CNOT15_18 6953 0.004007
6959 CNOT15_18 6950 0.004007
6959 CNOT15_18 6951 0.004007
6959 CNOT15_18 6949 0.004007
6959 CNOT15_18 6956 0.004007
6959 CNOT15_18 6955 0.004007
6959 CNOT15_12 6954 0.984950
6959 CNOT15_12 6951 0.002150
6959 CNOT15_12 6950 0.002150
6959 CNOT15_12 6953 0.002150
6959 CNOT15_12 6952 0.002150
6959 CNOT15_12 6949 0.002150
6959 CNOT15_12 6956 0.002150
6959 CNOT15_12 6955 0.002150
6959 MEAS15 6959 0.981600
6959 MEAS15 6932 0.018400
6959 X18 6958 0.999261
6959 X18 6959 0.000246
6959 X18 6960 0.000246
6959 X18 6957 0.000246
6960 CNOT15_18 6955 0.971952
6960 CNOT15_18 6953 0.004007
6960 CNOT15_18 6952 0.004007
6960 CNOT15_18 6951 0.004007
6960 CNOT15_18 6950 0.004007
6960 CNOT15_18 6956 0.004007
6960 CNOT15_18 6949 0.004007
6960 CNOT15_18 6954 0.004007
6960 CNOT15_12 6955 0.984950
6960 CNOT15_12 6950 0.002150
6960 CNOT15_12 6951 0.002150
6960 CNOT15_12 6952 0.002150
6960 CNOT15_12 6953 0.002150
6960 CNOT15_12 6956 0.002150
6960 CNOT15_12 6949 0.002150
6960 CNOT15_12 6954 0.002150
6960 MEAS15 6960 0.981600
6960 MEAS15 6933 0.018400
6960 X18 6957 0.999261
6960 X18 6960 0.000246
6960 X18 6959 0.000246
6960 X18 6958 0.000246
ENDPOMDP
