BEGINPOMDP
INITIALSTATE: 3841
STATES: 3841,3842,3843,3844,3845,3846,3847,3848,3849,3850,3851,3852,3853,3854,3855,3856,3857,3858,3859,3860,3861,3862,3863,3864,3865,3866,3867,3868,3869,3870,3871,3872,3873,3874,3875,3876,3877,3878,3879,3880,3881,3882,3883,3884,3885,3886,3887,3888
TARGETV: 3842,3844,3846,3851,3852,3853,3854,3856,3860,3861,3877,3882,3883,3884,3887,3888
GAMMA: 3841:0,3842:0,3843:0,3844:0,3845:0,3846:0,3847:0,3848:0,3849:0,3850:0,3851:0,3852:0,3853:0,3854:1,3855:1,3856:1,3857:1,3858:0,3859:0,3860:0,3861:0,3862:1,3863:1,3864:0,3865:0,3866:1,3867:1,3868:0,3869:0,3870:1,3871:1,3872:0,3873:0,3874:1,3875:1,3876:0,3877:1,3878:1,3879:1,3880:1,3881:1,3882:1,3883:1,3884:1,3885:1,3886:1,3887:1,3888:1
BEGINACTIONS
CNOT6_5 Instruction.CNOT 5 6
CNOT6_8 Instruction.CNOT 8 6
MEAS6 Instruction.MEAS None 6
X5 Instruction.X None 5
ENDACTIONS
3841 INIT_ 3842 0.250000
3841 INIT_ 3843 0.250000
3841 INIT_ 3844 0.250000
3841 INIT_ 3845 0.250000
3841 CNOT6_5 3841 0.948443
3841 CNOT6_5 3868 0.017186
3841 CNOT6_5 3869 0.017186
3841 CNOT6_5 3876 0.017186
3841 CNOT6_8 3841 0.969394
3841 CNOT6_8 3872 0.010202
3841 CNOT6_8 3865 0.010202
3841 CNOT6_8 3876 0.010202
3841 MEAS6 3841 0.697000
3841 MEAS6 3862 0.303000
3841 X5 3869 0.997212
3841 X5 3841 0.002788
3842 CNOT6_5 3846 0.939850
3842 CNOT6_5 3847 0.008593
3842 CNOT6_5 3848 0.008593
3842 CNOT6_5 3849 0.008593
3842 CNOT6_5 3850 0.008593
3842 CNOT6_5 3851 0.008593
3842 CNOT6_5 3852 0.008593
3842 CNOT6_5 3853 0.008593
3842 CNOT6_8 3846 0.964293
3842 CNOT6_8 3850 0.005101
3842 CNOT6_8 3849 0.005101
3842 CNOT6_8 3848 0.005101
3842 CNOT6_8 3847 0.005101
3842 CNOT6_8 3851 0.005101
3842 CNOT6_8 3852 0.005101
3842 CNOT6_8 3853 0.005101
3842 MEAS6 3842 0.697000
3842 MEAS6 3854 0.303000
3842 X5 3843 0.995818
3842 X5 3842 0.001394
3842 X5 3844 0.001394
3842 X5 3845 0.001394
3843 CNOT6_5 3847 0.939850
3843 CNOT6_5 3846 0.008593
3843 CNOT6_5 3853 0.008593
3843 CNOT6_5 3851 0.008593
3843 CNOT6_5 3852 0.008593
3843 CNOT6_5 3849 0.008593
3843 CNOT6_5 3850 0.008593
3843 CNOT6_5 3848 0.008593
3843 CNOT6_8 3850 0.964293
3843 CNOT6_8 3846 0.005101
3843 CNOT6_8 3853 0.005101
3843 CNOT6_8 3851 0.005101
3843 CNOT6_8 3852 0.005101
3843 CNOT6_8 3848 0.005101
3843 CNOT6_8 3847 0.005101
3843 CNOT6_8 3849 0.005101
3843 MEAS6 3843 0.697000
3843 MEAS6 3855 0.303000
3843 X5 3842 0.995818
3843 X5 3843 0.001394
3843 X5 3845 0.001394
3843 X5 3844 0.001394
3844 CNOT6_5 3853 0.939850
3844 CNOT6_5 3848 0.008593
3844 CNOT6_5 3847 0.008593
3844 CNOT6_5 3850 0.008593
3844 CNOT6_5 3849 0.008593
3844 CNOT6_5 3852 0.008593
3844 CNOT6_5 3851 0.008593
3844 CNOT6_5 3846 0.008593
3844 CNOT6_8 3853 0.964293
3844 CNOT6_8 3849 0.005101
3844 CNOT6_8 3850 0.005101
3844 CNOT6_8 3847 0.005101
3844 CNOT6_8 3848 0.005101
3844 CNOT6_8 3852 0.005101
3844 CNOT6_8 3851 0.005101
3844 CNOT6_8 3846 0.005101
3844 MEAS6 3844 0.697000
3844 MEAS6 3856 0.303000
3844 X5 3845 0.995818
3844 X5 3844 0.001394
3844 X5 3842 0.001394
3844 X5 3843 0.001394
3845 CNOT6_5 3848 0.939850
3845 CNOT6_5 3853 0.008593
3845 CNOT6_5 3846 0.008593
3845 CNOT6_5 3852 0.008593
3845 CNOT6_5 3851 0.008593
3845 CNOT6_5 3850 0.008593
3845 CNOT6_5 3849 0.008593
3845 CNOT6_5 3847 0.008593
3845 CNOT6_8 3849 0.964293
3845 CNOT6_8 3853 0.005101
3845 CNOT6_8 3846 0.005101
3845 CNOT6_8 3852 0.005101
3845 CNOT6_8 3851 0.005101
3845 CNOT6_8 3847 0.005101
3845 CNOT6_8 3848 0.005101
3845 CNOT6_8 3850 0.005101
3845 MEAS6 3845 0.697000
3845 MEAS6 3857 0.303000
3845 X5 3844 0.995818
3845 X5 3845 0.001394
3845 X5 3843 0.001394
3845 X5 3842 0.001394
3846 CNOT6_5 3842 0.939850
3846 CNOT6_5 3858 0.008593
3846 CNOT6_5 3843 0.008593
3846 CNOT6_5 3859 0.008593
3846 CNOT6_5 3845 0.008593
3846 CNOT6_5 3860 0.008593
3846 CNOT6_5 3844 0.008593
3846 CNOT6_5 3861 0.008593
3846 CNOT6_8 3842 0.964293
3846 CNOT6_8 3858 0.005101
3846 CNOT6_8 3843 0.005101
3846 CNOT6_8 3859 0.005101
3846 CNOT6_8 3845 0.005101
3846 CNOT6_8 3860 0.005101
3846 CNOT6_8 3844 0.005101
3846 CNOT6_8 3861 0.005101
3846 MEAS6 3841 0.348500
3846 MEAS6 3862 0.151500
3846 MEAS6 3863 0.464900
3846 MEAS6 3864 0.035100
3846 X5 3850 0.995818
3846 X5 3846 0.001394
3846 X5 3853 0.001394
3846 X5 3849 0.001394
3847 CNOT6_5 3843 0.939850
3847 CNOT6_5 3861 0.008593
3847 CNOT6_5 3842 0.008593
3847 CNOT6_5 3860 0.008593
3847 CNOT6_5 3844 0.008593
3847 CNOT6_5 3859 0.008593
3847 CNOT6_5 3845 0.008593
3847 CNOT6_5 3858 0.008593
3847 CNOT6_8 3858 0.964293
3847 CNOT6_8 3842 0.005101
3847 CNOT6_8 3861 0.005101
3847 CNOT6_8 3844 0.005101
3847 CNOT6_8 3860 0.005101
3847 CNOT6_8 3845 0.005101
3847 CNOT6_8 3859 0.005101
3847 CNOT6_8 3843 0.005101
3847 MEAS6 3865 0.348500
3847 MEAS6 3866 0.151500
3847 MEAS6 3867 0.464900
3847 MEAS6 3868 0.035100
3847 X5 3852 0.995818
3847 X5 3847 0.001394
3847 X5 3848 0.001394
3847 X5 3851 0.001394
3848 CNOT6_5 3845 0.939850
3848 CNOT6_5 3860 0.008593
3848 CNOT6_5 3844 0.008593
3848 CNOT6_5 3861 0.008593
3848 CNOT6_5 3842 0.008593
3848 CNOT6_5 3858 0.008593
3848 CNOT6_5 3843 0.008593
3848 CNOT6_5 3859 0.008593
3848 CNOT6_8 3859 0.964293
3848 CNOT6_8 3844 0.005101
3848 CNOT6_8 3860 0.005101
3848 CNOT6_8 3842 0.005101
3848 CNOT6_8 3861 0.005101
3848 CNOT6_8 3843 0.005101
3848 CNOT6_8 3858 0.005101
3848 CNOT6_8 3845 0.005101
3848 MEAS6 3865 0.348500
3848 MEAS6 3866 0.151500
3848 MEAS6 3867 0.464900
3848 MEAS6 3868 0.035100
3848 X5 3851 0.995818
3848 X5 3848 0.001394
3848 X5 3847 0.001394
3848 X5 3852 0.001394
3849 CNOT6_5 3859 0.939850
3849 CNOT6_5 3844 0.008593
3849 CNOT6_5 3860 0.008593
3849 CNOT6_5 3842 0.008593
3849 CNOT6_5 3861 0.008593
3849 CNOT6_5 3843 0.008593
3849 CNOT6_5 3858 0.008593
3849 CNOT6_5 3845 0.008593
3849 CNOT6_8 3845 0.964293
3849 CNOT6_8 3860 0.005101
3849 CNOT6_8 3844 0.005101
3849 CNOT6_8 3861 0.005101
3849 CNOT6_8 3842 0.005101
3849 CNOT6_8 3858 0.005101
3849 CNOT6_8 3843 0.005101
3849 CNOT6_8 3859 0.005101
3849 MEAS6 3869 0.348500
3849 MEAS6 3870 0.151500
3849 MEAS6 3871 0.464900
3849 MEAS6 3872 0.035100
3849 X5 3853 0.995818
3849 X5 3849 0.001394
3849 X5 3850 0.001394
3849 X5 3846 0.001394
3850 CNOT6_5 3858 0.939850
3850 CNOT6_5 3842 0.008593
3850 CNOT6_5 3861 0.008593
3850 CNOT6_5 3844 0.008593
3850 CNOT6_5 3860 0.008593
3850 CNOT6_5 3845 0.008593
3850 CNOT6_5 3859 0.008593
3850 CNOT6_5 3843 0.008593
3850 CNOT6_8 3843 0.964293
3850 CNOT6_8 3861 0.005101
3850 CNOT6_8 3842 0.005101
3850 CNOT6_8 3860 0.005101
3850 CNOT6_8 3844 0.005101
3850 CNOT6_8 3859 0.005101
3850 CNOT6_8 3845 0.005101
3850 CNOT6_8 3858 0.005101
3850 MEAS6 3869 0.348500
3850 MEAS6 3870 0.151500
3850 MEAS6 3871 0.464900
3850 MEAS6 3872 0.035100
3850 X5 3846 0.995818
3850 X5 3850 0.001394
3850 X5 3849 0.001394
3850 X5 3853 0.001394
3851 CNOT6_5 3860 0.939850
3851 CNOT6_5 3845 0.008593
3851 CNOT6_5 3859 0.008593
3851 CNOT6_5 3843 0.008593
3851 CNOT6_5 3858 0.008593
3851 CNOT6_5 3842 0.008593
3851 CNOT6_5 3861 0.008593
3851 CNOT6_5 3844 0.008593
3851 CNOT6_8 3860 0.964293
3851 CNOT6_8 3845 0.005101
3851 CNOT6_8 3859 0.005101
3851 CNOT6_8 3843 0.005101
3851 CNOT6_8 3858 0.005101
3851 CNOT6_8 3842 0.005101
3851 CNOT6_8 3861 0.005101
3851 CNOT6_8 3844 0.005101
3851 MEAS6 3873 0.348500
3851 MEAS6 3874 0.151500
3851 MEAS6 3875 0.464900
3851 MEAS6 3876 0.035100
3851 X5 3848 0.995818
3851 X5 3851 0.001394
3851 X5 3852 0.001394
3851 X5 3847 0.001394
3852 CNOT6_5 3861 0.939850
3852 CNOT6_5 3843 0.008593
3852 CNOT6_5 3858 0.008593
3852 CNOT6_5 3845 0.008593
3852 CNOT6_5 3859 0.008593
3852 CNOT6_5 3844 0.008593
3852 CNOT6_5 3860 0.008593
3852 CNOT6_5 3842 0.008593
3852 CNOT6_8 3861 0.964293
3852 CNOT6_8 3843 0.005101
3852 CNOT6_8 3858 0.005101
3852 CNOT6_8 3845 0.005101
3852 CNOT6_8 3859 0.005101
3852 CNOT6_8 3844 0.005101
3852 CNOT6_8 3860 0.005101
3852 CNOT6_8 3842 0.005101
3852 MEAS6 3873 0.348500
3852 MEAS6 3874 0.151500
3852 MEAS6 3875 0.464900
3852 MEAS6 3876 0.035100
3852 X5 3847 0.995818
3852 X5 3852 0.001394
3852 X5 3851 0.001394
3852 X5 3848 0.001394
3853 CNOT6_5 3844 0.939850
3853 CNOT6_5 3859 0.008593
3853 CNOT6_5 3845 0.008593
3853 CNOT6_5 3858 0.008593
3853 CNOT6_5 3843 0.008593
3853 CNOT6_5 3861 0.008593
3853 CNOT6_5 3842 0.008593
3853 CNOT6_5 3860 0.008593
3853 CNOT6_8 3844 0.964293
3853 CNOT6_8 3859 0.005101
3853 CNOT6_8 3845 0.005101
3853 CNOT6_8 3858 0.005101
3853 CNOT6_8 3843 0.005101
3853 CNOT6_8 3861 0.005101
3853 CNOT6_8 3842 0.005101
3853 CNOT6_8 3860 0.005101
3853 MEAS6 3841 0.348500
3853 MEAS6 3862 0.151500
3853 MEAS6 3863 0.464900
3853 MEAS6 3864 0.035100
3853 X5 3849 0.995818
3853 X5 3853 0.001394
3853 X5 3846 0.001394
3853 X5 3850 0.001394
3854 CNOT6_5 3877 0.939850
3854 CNOT6_5 3878 0.008593
3854 CNOT6_5 3879 0.008593
3854 CNOT6_5 3880 0.008593
3854 CNOT6_5 3881 0.008593
3854 CNOT6_5 3882 0.008593
3854 CNOT6_5 3883 0.008593
3854 CNOT6_5 3884 0.008593
3854 CNOT6_8 3877 0.964293
3854 CNOT6_8 3881 0.005101
3854 CNOT6_8 3880 0.005101
3854 CNOT6_8 3879 0.005101
3854 CNOT6_8 3878 0.005101
3854 CNOT6_8 3882 0.005101
3854 CNOT6_8 3883 0.005101
3854 CNOT6_8 3884 0.005101
3854 MEAS6 3842 0.697000
3854 MEAS6 3854 0.303000
3854 X5 3855 0.995818
3854 X5 3854 0.001394
3854 X5 3856 0.001394
3854 X5 3857 0.001394
3855 CNOT6_5 3878 0.939850
3855 CNOT6_5 3877 0.008593
3855 CNOT6_5 3884 0.008593
3855 CNOT6_5 3882 0.008593
3855 CNOT6_5 3883 0.008593
3855 CNOT6_5 3880 0.008593
3855 CNOT6_5 3881 0.008593
3855 CNOT6_5 3879 0.008593
3855 CNOT6_8 3881 0.964293
3855 CNOT6_8 3877 0.005101
3855 CNOT6_8 3884 0.005101
3855 CNOT6_8 3882 0.005101
3855 CNOT6_8 3883 0.005101
3855 CNOT6_8 3879 0.005101
3855 CNOT6_8 3878 0.005101
3855 CNOT6_8 3880 0.005101
3855 MEAS6 3843 0.697000
3855 MEAS6 3855 0.303000
3855 X5 3854 0.995818
3855 X5 3855 0.001394
3855 X5 3857 0.001394
3855 X5 3856 0.001394
3856 CNOT6_5 3884 0.939850
3856 CNOT6_5 3879 0.008593
3856 CNOT6_5 3878 0.008593
3856 CNOT6_5 3881 0.008593
3856 CNOT6_5 3880 0.008593
3856 CNOT6_5 3883 0.008593
3856 CNOT6_5 3882 0.008593
3856 CNOT6_5 3877 0.008593
3856 CNOT6_8 3884 0.964293
3856 CNOT6_8 3880 0.005101
3856 CNOT6_8 3881 0.005101
3856 CNOT6_8 3878 0.005101
3856 CNOT6_8 3879 0.005101
3856 CNOT6_8 3883 0.005101
3856 CNOT6_8 3882 0.005101
3856 CNOT6_8 3877 0.005101
3856 MEAS6 3844 0.697000
3856 MEAS6 3856 0.303000
3856 X5 3857 0.995818
3856 X5 3856 0.001394
3856 X5 3854 0.001394
3856 X5 3855 0.001394
3857 CNOT6_5 3879 0.939850
3857 CNOT6_5 3884 0.008593
3857 CNOT6_5 3877 0.008593
3857 CNOT6_5 3883 0.008593
3857 CNOT6_5 3882 0.008593
3857 CNOT6_5 3881 0.008593
3857 CNOT6_5 3880 0.008593
3857 CNOT6_5 3878 0.008593
3857 CNOT6_8 3880 0.964293
3857 CNOT6_8 3884 0.005101
3857 CNOT6_8 3877 0.005101
3857 CNOT6_8 3883 0.005101
3857 CNOT6_8 3882 0.005101
3857 CNOT6_8 3878 0.005101
3857 CNOT6_8 3879 0.005101
3857 CNOT6_8 3881 0.005101
3857 MEAS6 3845 0.697000
3857 MEAS6 3857 0.303000
3857 X5 3856 0.995818
3857 X5 3857 0.001394
3857 X5 3855 0.001394
3857 X5 3854 0.001394
3858 CNOT6_5 3850 0.939850
3858 CNOT6_5 3852 0.008593
3858 CNOT6_5 3851 0.008593
3858 CNOT6_5 3853 0.008593
3858 CNOT6_5 3846 0.008593
3858 CNOT6_5 3848 0.008593
3858 CNOT6_5 3847 0.008593
3858 CNOT6_5 3849 0.008593
3858 CNOT6_8 3847 0.964293
3858 CNOT6_8 3852 0.005101
3858 CNOT6_8 3851 0.005101
3858 CNOT6_8 3853 0.005101
3858 CNOT6_8 3846 0.005101
3858 CNOT6_8 3849 0.005101
3858 CNOT6_8 3850 0.005101
3858 CNOT6_8 3848 0.005101
3858 MEAS6 3885 0.929800
3858 MEAS6 3858 0.070200
3858 X5 3861 0.995818
3858 X5 3858 0.001394
3858 X5 3859 0.001394
3858 X5 3860 0.001394
3859 CNOT6_5 3849 0.939850
3859 CNOT6_5 3851 0.008593
3859 CNOT6_5 3852 0.008593
3859 CNOT6_5 3846 0.008593
3859 CNOT6_5 3853 0.008593
3859 CNOT6_5 3847 0.008593
3859 CNOT6_5 3848 0.008593
3859 CNOT6_5 3850 0.008593
3859 CNOT6_8 3848 0.964293
3859 CNOT6_8 3851 0.005101
3859 CNOT6_8 3852 0.005101
3859 CNOT6_8 3846 0.005101
3859 CNOT6_8 3853 0.005101
3859 CNOT6_8 3850 0.005101
3859 CNOT6_8 3849 0.005101
3859 CNOT6_8 3847 0.005101
3859 MEAS6 3886 0.929800
3859 MEAS6 3859 0.070200
3859 X5 3860 0.995818
3859 X5 3859 0.001394
3859 X5 3858 0.001394
3859 X5 3861 0.001394
3860 CNOT6_5 3851 0.939850
3860 CNOT6_5 3849 0.008593
3860 CNOT6_5 3850 0.008593
3860 CNOT6_5 3847 0.008593
3860 CNOT6_5 3848 0.008593
3860 CNOT6_5 3846 0.008593
3860 CNOT6_5 3853 0.008593
3860 CNOT6_5 3852 0.008593
3860 CNOT6_8 3851 0.964293
3860 CNOT6_8 3848 0.005101
3860 CNOT6_8 3847 0.005101
3860 CNOT6_8 3850 0.005101
3860 CNOT6_8 3849 0.005101
3860 CNOT6_8 3846 0.005101
3860 CNOT6_8 3853 0.005101
3860 CNOT6_8 3852 0.005101
3860 MEAS6 3887 0.929800
3860 MEAS6 3860 0.070200
3860 X5 3859 0.995818
3860 X5 3860 0.001394
3860 X5 3861 0.001394
3860 X5 3858 0.001394
3861 CNOT6_5 3852 0.939850
3861 CNOT6_5 3850 0.008593
3861 CNOT6_5 3849 0.008593
3861 CNOT6_5 3848 0.008593
3861 CNOT6_5 3847 0.008593
3861 CNOT6_5 3853 0.008593
3861 CNOT6_5 3846 0.008593
3861 CNOT6_5 3851 0.008593
3861 CNOT6_8 3852 0.964293
3861 CNOT6_8 3847 0.005101
3861 CNOT6_8 3848 0.005101
3861 CNOT6_8 3849 0.005101
3861 CNOT6_8 3850 0.005101
3861 CNOT6_8 3853 0.005101
3861 CNOT6_8 3846 0.005101
3861 CNOT6_8 3851 0.005101
3861 MEAS6 3888 0.929800
3861 MEAS6 3861 0.070200
3861 X5 3858 0.995818
3861 X5 3861 0.001394
3861 X5 3860 0.001394
3861 X5 3859 0.001394
3862 CNOT6_5 3862 0.948443
3862 CNOT6_5 3867 0.017186
3862 CNOT6_5 3870 0.017186
3862 CNOT6_5 3875 0.017186
3862 CNOT6_8 3862 0.969394
3862 CNOT6_8 3871 0.010202
3862 CNOT6_8 3866 0.010202
3862 CNOT6_8 3875 0.010202
3862 MEAS6 3841 0.697000
3862 MEAS6 3862 0.303000
3862 X5 3870 0.997212
3862 X5 3862 0.002788
3863 CNOT6_5 3874 0.948443
3863 CNOT6_5 3871 0.017186
3863 CNOT6_5 3866 0.017186
3863 CNOT6_5 3863 0.017186
3863 CNOT6_8 3874 0.969394
3863 CNOT6_8 3867 0.010202
3863 CNOT6_8 3870 0.010202
3863 CNOT6_8 3863 0.010202
3863 MEAS6 3863 0.929800
3863 MEAS6 3864 0.070200
3863 X5 3871 0.997212
3863 X5 3863 0.002788
3864 CNOT6_5 3873 0.948443
3864 CNOT6_5 3872 0.017186
3864 CNOT6_5 3865 0.017186
3864 CNOT6_5 3864 0.017186
3864 CNOT6_8 3873 0.969394
3864 CNOT6_8 3868 0.010202
3864 CNOT6_8 3869 0.010202
3864 CNOT6_8 3864 0.010202
3864 MEAS6 3863 0.929800
3864 MEAS6 3864 0.070200
3864 X5 3872 0.997212
3864 X5 3864 0.002788
3865 CNOT6_5 3865 0.948443
3865 CNOT6_5 3864 0.017186
3865 CNOT6_5 3873 0.017186
3865 CNOT6_5 3872 0.017186
3865 CNOT6_8 3872 0.969394
3865 CNOT6_8 3841 0.010202
3865 CNOT6_8 3876 0.010202
3865 CNOT6_8 3865 0.010202
3865 MEAS6 3865 0.697000
3865 MEAS6 3866 0.303000
3865 X5 3873 0.997212
3865 X5 3865 0.002788
3866 CNOT6_5 3866 0.948443
3866 CNOT6_5 3863 0.017186
3866 CNOT6_5 3874 0.017186
3866 CNOT6_5 3871 0.017186
3866 CNOT6_8 3871 0.969394
3866 CNOT6_8 3862 0.010202
3866 CNOT6_8 3875 0.010202
3866 CNOT6_8 3866 0.010202
3866 MEAS6 3865 0.697000
3866 MEAS6 3866 0.303000
3866 X5 3874 0.997212
3866 X5 3866 0.002788
3867 CNOT6_5 3870 0.948443
3867 CNOT6_5 3875 0.017186
3867 CNOT6_5 3862 0.017186
3867 CNOT6_5 3867 0.017186
3867 CNOT6_8 3867 0.969394
3867 CNOT6_8 3874 0.010202
3867 CNOT6_8 3863 0.010202
3867 CNOT6_8 3870 0.010202
3867 MEAS6 3867 0.929800
3867 MEAS6 3868 0.070200
3867 X5 3875 0.997212
3867 X5 3867 0.002788
3868 CNOT6_5 3869 0.948443
3868 CNOT6_5 3876 0.017186
3868 CNOT6_5 3841 0.017186
3868 CNOT6_5 3868 0.017186
3868 CNOT6_8 3868 0.969394
3868 CNOT6_8 3873 0.010202
3868 CNOT6_8 3864 0.010202
3868 CNOT6_8 3869 0.010202
3868 MEAS6 3867 0.929800
3868 MEAS6 3868 0.070200
3868 X5 3876 0.997212
3868 X5 3868 0.002788
3869 CNOT6_5 3868 0.948443
3869 CNOT6_5 3841 0.017186
3869 CNOT6_5 3876 0.017186
3869 CNOT6_5 3869 0.017186
3869 CNOT6_8 3869 0.969394
3869 CNOT6_8 3864 0.010202
3869 CNOT6_8 3873 0.010202
3869 CNOT6_8 3868 0.010202
3869 MEAS6 3869 0.697000
3869 MEAS6 3870 0.303000
3869 X5 3841 0.997212
3869 X5 3869 0.002788
3870 CNOT6_5 3867 0.948443
3870 CNOT6_5 3862 0.017186
3870 CNOT6_5 3875 0.017186
3870 CNOT6_5 3870 0.017186
3870 CNOT6_8 3870 0.969394
3870 CNOT6_8 3863 0.010202
3870 CNOT6_8 3874 0.010202
3870 CNOT6_8 3867 0.010202
3870 MEAS6 3869 0.697000
3870 MEAS6 3870 0.303000
3870 X5 3862 0.997212
3870 X5 3870 0.002788
3871 CNOT6_5 3871 0.948443
3871 CNOT6_5 3874 0.017186
3871 CNOT6_5 3863 0.017186
3871 CNOT6_5 3866 0.017186
3871 CNOT6_8 3866 0.969394
3871 CNOT6_8 3875 0.010202
3871 CNOT6_8 3862 0.010202
3871 CNOT6_8 3871 0.010202
3871 MEAS6 3871 0.929800
3871 MEAS6 3872 0.070200
3871 X5 3863 0.997212
3871 X5 3871 0.002788
3872 CNOT6_5 3872 0.948443
3872 CNOT6_5 3873 0.017186
3872 CNOT6_5 3864 0.017186
3872 CNOT6_5 3865 0.017186
3872 CNOT6_8 3865 0.969394
3872 CNOT6_8 3876 0.010202
3872 CNOT6_8 3841 0.010202
3872 CNOT6_8 3872 0.010202
3872 MEAS6 3871 0.929800
3872 MEAS6 3872 0.070200
3872 X5 3864 0.997212
3872 X5 3872 0.002788
3873 CNOT6_5 3864 0.948443
3873 CNOT6_5 3865 0.017186
3873 CNOT6_5 3872 0.017186
3873 CNOT6_5 3873 0.017186
3873 CNOT6_8 3864 0.969394
3873 CNOT6_8 3869 0.010202
3873 CNOT6_8 3868 0.010202
3873 CNOT6_8 3873 0.010202
3873 MEAS6 3873 0.697000
3873 MEAS6 3874 0.303000
3873 X5 3865 0.997212
3873 X5 3873 0.002788
3874 CNOT6_5 3863 0.948443
3874 CNOT6_5 3866 0.017186
3874 CNOT6_5 3871 0.017186
3874 CNOT6_5 3874 0.017186
3874 CNOT6_8 3863 0.969394
3874 CNOT6_8 3870 0.010202
3874 CNOT6_8 3867 0.010202
3874 CNOT6_8 3874 0.010202
3874 MEAS6 3873 0.697000
3874 MEAS6 3874 0.303000
3874 X5 3866 0.997212
3874 X5 3874 0.002788
3875 CNOT6_5 3875 0.948443
3875 CNOT6_5 3870 0.017186
3875 CNOT6_5 3867 0.017186
3875 CNOT6_5 3862 0.017186
3875 CNOT6_8 3875 0.969394
3875 CNOT6_8 3866 0.010202
3875 CNOT6_8 3871 0.010202
3875 CNOT6_8 3862 0.010202
3875 MEAS6 3875 0.929800
3875 MEAS6 3876 0.070200
3875 X5 3867 0.997212
3875 X5 3875 0.002788
3876 CNOT6_5 3876 0.948443
3876 CNOT6_5 3869 0.017186
3876 CNOT6_5 3868 0.017186
3876 CNOT6_5 3841 0.017186
3876 CNOT6_8 3876 0.969394
3876 CNOT6_8 3865 0.010202
3876 CNOT6_8 3872 0.010202
3876 CNOT6_8 3841 0.010202
3876 MEAS6 3875 0.929800
3876 MEAS6 3876 0.070200
3876 X5 3868 0.997212
3876 X5 3876 0.002788
3877 CNOT6_5 3854 0.939850
3877 CNOT6_5 3885 0.008593
3877 CNOT6_5 3855 0.008593
3877 CNOT6_5 3886 0.008593
3877 CNOT6_5 3857 0.008593
3877 CNOT6_5 3887 0.008593
3877 CNOT6_5 3856 0.008593
3877 CNOT6_5 3888 0.008593
3877 CNOT6_8 3854 0.964293
3877 CNOT6_8 3885 0.005101
3877 CNOT6_8 3855 0.005101
3877 CNOT6_8 3886 0.005101
3877 CNOT6_8 3857 0.005101
3877 CNOT6_8 3887 0.005101
3877 CNOT6_8 3856 0.005101
3877 CNOT6_8 3888 0.005101
3877 MEAS6 3841 0.348500
3877 MEAS6 3862 0.151500
3877 MEAS6 3863 0.464900
3877 MEAS6 3864 0.035100
3877 X5 3881 0.995818
3877 X5 3877 0.001394
3877 X5 3884 0.001394
3877 X5 3880 0.001394
3878 CNOT6_5 3855 0.939850
3878 CNOT6_5 3888 0.008593
3878 CNOT6_5 3854 0.008593
3878 CNOT6_5 3887 0.008593
3878 CNOT6_5 3856 0.008593
3878 CNOT6_5 3886 0.008593
3878 CNOT6_5 3857 0.008593
3878 CNOT6_5 3885 0.008593
3878 CNOT6_8 3885 0.964293
3878 CNOT6_8 3854 0.005101
3878 CNOT6_8 3888 0.005101
3878 CNOT6_8 3856 0.005101
3878 CNOT6_8 3887 0.005101
3878 CNOT6_8 3857 0.005101
3878 CNOT6_8 3886 0.005101
3878 CNOT6_8 3855 0.005101
3878 MEAS6 3865 0.348500
3878 MEAS6 3866 0.151500
3878 MEAS6 3867 0.464900
3878 MEAS6 3868 0.035100
3878 X5 3883 0.995818
3878 X5 3878 0.001394
3878 X5 3879 0.001394
3878 X5 3882 0.001394
3879 CNOT6_5 3857 0.939850
3879 CNOT6_5 3887 0.008593
3879 CNOT6_5 3856 0.008593
3879 CNOT6_5 3888 0.008593
3879 CNOT6_5 3854 0.008593
3879 CNOT6_5 3885 0.008593
3879 CNOT6_5 3855 0.008593
3879 CNOT6_5 3886 0.008593
3879 CNOT6_8 3886 0.964293
3879 CNOT6_8 3856 0.005101
3879 CNOT6_8 3887 0.005101
3879 CNOT6_8 3854 0.005101
3879 CNOT6_8 3888 0.005101
3879 CNOT6_8 3855 0.005101
3879 CNOT6_8 3885 0.005101
3879 CNOT6_8 3857 0.005101
3879 MEAS6 3865 0.348500
3879 MEAS6 3866 0.151500
3879 MEAS6 3867 0.464900
3879 MEAS6 3868 0.035100
3879 X5 3882 0.995818
3879 X5 3879 0.001394
3879 X5 3878 0.001394
3879 X5 3883 0.001394
3880 CNOT6_5 3886 0.939850
3880 CNOT6_5 3856 0.008593
3880 CNOT6_5 3887 0.008593
3880 CNOT6_5 3854 0.008593
3880 CNOT6_5 3888 0.008593
3880 CNOT6_5 3855 0.008593
3880 CNOT6_5 3885 0.008593
3880 CNOT6_5 3857 0.008593
3880 CNOT6_8 3857 0.964293
3880 CNOT6_8 3887 0.005101
3880 CNOT6_8 3856 0.005101
3880 CNOT6_8 3888 0.005101
3880 CNOT6_8 3854 0.005101
3880 CNOT6_8 3885 0.005101
3880 CNOT6_8 3855 0.005101
3880 CNOT6_8 3886 0.005101
3880 MEAS6 3869 0.348500
3880 MEAS6 3870 0.151500
3880 MEAS6 3871 0.464900
3880 MEAS6 3872 0.035100
3880 X5 3884 0.995818
3880 X5 3880 0.001394
3880 X5 3881 0.001394
3880 X5 3877 0.001394
3881 CNOT6_5 3885 0.939850
3881 CNOT6_5 3854 0.008593
3881 CNOT6_5 3888 0.008593
3881 CNOT6_5 3856 0.008593
3881 CNOT6_5 3887 0.008593
3881 CNOT6_5 3857 0.008593
3881 CNOT6_5 3886 0.008593
3881 CNOT6_5 3855 0.008593
3881 CNOT6_8 3855 0.964293
3881 CNOT6_8 3888 0.005101
3881 CNOT6_8 3854 0.005101
3881 CNOT6_8 3887 0.005101
3881 CNOT6_8 3856 0.005101
3881 CNOT6_8 3886 0.005101
3881 CNOT6_8 3857 0.005101
3881 CNOT6_8 3885 0.005101
3881 MEAS6 3869 0.348500
3881 MEAS6 3870 0.151500
3881 MEAS6 3871 0.464900
3881 MEAS6 3872 0.035100
3881 X5 3877 0.995818
3881 X5 3881 0.001394
3881 X5 3880 0.001394
3881 X5 3884 0.001394
3882 CNOT6_5 3887 0.939850
3882 CNOT6_5 3857 0.008593
3882 CNOT6_5 3886 0.008593
3882 CNOT6_5 3855 0.008593
3882 CNOT6_5 3885 0.008593
3882 CNOT6_5 3854 0.008593
3882 CNOT6_5 3888 0.008593
3882 CNOT6_5 3856 0.008593
3882 CNOT6_8 3887 0.964293
3882 CNOT6_8 3857 0.005101
3882 CNOT6_8 3886 0.005101
3882 CNOT6_8 3855 0.005101
3882 CNOT6_8 3885 0.005101
3882 CNOT6_8 3854 0.005101
3882 CNOT6_8 3888 0.005101
3882 CNOT6_8 3856 0.005101
3882 MEAS6 3873 0.348500
3882 MEAS6 3874 0.151500
3882 MEAS6 3875 0.464900
3882 MEAS6 3876 0.035100
3882 X5 3879 0.995818
3882 X5 3882 0.001394
3882 X5 3883 0.001394
3882 X5 3878 0.001394
3883 CNOT6_5 3888 0.939850
3883 CNOT6_5 3855 0.008593
3883 CNOT6_5 3885 0.008593
3883 CNOT6_5 3857 0.008593
3883 CNOT6_5 3886 0.008593
3883 CNOT6_5 3856 0.008593
3883 CNOT6_5 3887 0.008593
3883 CNOT6_5 3854 0.008593
3883 CNOT6_8 3888 0.964293
3883 CNOT6_8 3855 0.005101
3883 CNOT6_8 3885 0.005101
3883 CNOT6_8 3857 0.005101
3883 CNOT6_8 3886 0.005101
3883 CNOT6_8 3856 0.005101
3883 CNOT6_8 3887 0.005101
3883 CNOT6_8 3854 0.005101
3883 MEAS6 3873 0.348500
3883 MEAS6 3874 0.151500
3883 MEAS6 3875 0.464900
3883 MEAS6 3876 0.035100
3883 X5 3878 0.995818
3883 X5 3883 0.001394
3883 X5 3882 0.001394
3883 X5 3879 0.001394
3884 CNOT6_5 3856 0.939850
3884 CNOT6_5 3886 0.008593
3884 CNOT6_5 3857 0.008593
3884 CNOT6_5 3885 0.008593
3884 CNOT6_5 3855 0.008593
3884 CNOT6_5 3888 0.008593
3884 CNOT6_5 3854 0.008593
3884 CNOT6_5 3887 0.008593
3884 CNOT6_8 3856 0.964293
3884 CNOT6_8 3886 0.005101
3884 CNOT6_8 3857 0.005101
3884 CNOT6_8 3885 0.005101
3884 CNOT6_8 3855 0.005101
3884 CNOT6_8 3888 0.005101
3884 CNOT6_8 3854 0.005101
3884 CNOT6_8 3887 0.005101
3884 MEAS6 3841 0.348500
3884 MEAS6 3862 0.151500
3884 MEAS6 3863 0.464900
3884 MEAS6 3864 0.035100
3884 X5 3880 0.995818
3884 X5 3884 0.001394
3884 X5 3877 0.001394
3884 X5 3881 0.001394
3885 CNOT6_5 3881 0.939850
3885 CNOT6_5 3883 0.008593
3885 CNOT6_5 3882 0.008593
3885 CNOT6_5 3884 0.008593
3885 CNOT6_5 3877 0.008593
3885 CNOT6_5 3879 0.008593
3885 CNOT6_5 3878 0.008593
3885 CNOT6_5 3880 0.008593
3885 CNOT6_8 3878 0.964293
3885 CNOT6_8 3883 0.005101
3885 CNOT6_8 3882 0.005101
3885 CNOT6_8 3884 0.005101
3885 CNOT6_8 3877 0.005101
3885 CNOT6_8 3880 0.005101
3885 CNOT6_8 3881 0.005101
3885 CNOT6_8 3879 0.005101
3885 MEAS6 3885 0.929800
3885 MEAS6 3858 0.070200
3885 X5 3888 0.995818
3885 X5 3885 0.001394
3885 X5 3886 0.001394
3885 X5 3887 0.001394
3886 CNOT6_5 3880 0.939850
3886 CNOT6_5 3882 0.008593
3886 CNOT6_5 3883 0.008593
3886 CNOT6_5 3877 0.008593
3886 CNOT6_5 3884 0.008593
3886 CNOT6_5 3878 0.008593
3886 CNOT6_5 3879 0.008593
3886 CNOT6_5 3881 0.008593
3886 CNOT6_8 3879 0.964293
3886 CNOT6_8 3882 0.005101
3886 CNOT6_8 3883 0.005101
3886 CNOT6_8 3877 0.005101
3886 CNOT6_8 3884 0.005101
3886 CNOT6_8 3881 0.005101
3886 CNOT6_8 3880 0.005101
3886 CNOT6_8 3878 0.005101
3886 MEAS6 3886 0.929800
3886 MEAS6 3859 0.070200
3886 X5 3887 0.995818
3886 X5 3886 0.001394
3886 X5 3885 0.001394
3886 X5 3888 0.001394
3887 CNOT6_5 3882 0.939850
3887 CNOT6_5 3880 0.008593
3887 CNOT6_5 3881 0.008593
3887 CNOT6_5 3878 0.008593
3887 CNOT6_5 3879 0.008593
3887 CNOT6_5 3877 0.008593
3887 CNOT6_5 3884 0.008593
3887 CNOT6_5 3883 0.008593
3887 CNOT6_8 3882 0.964293
3887 CNOT6_8 3879 0.005101
3887 CNOT6_8 3878 0.005101
3887 CNOT6_8 3881 0.005101
3887 CNOT6_8 3880 0.005101
3887 CNOT6_8 3877 0.005101
3887 CNOT6_8 3884 0.005101
3887 CNOT6_8 3883 0.005101
3887 MEAS6 3887 0.929800
3887 MEAS6 3860 0.070200
3887 X5 3886 0.995818
3887 X5 3887 0.001394
3887 X5 3888 0.001394
3887 X5 3885 0.001394
3888 CNOT6_5 3883 0.939850
3888 CNOT6_5 3881 0.008593
3888 CNOT6_5 3880 0.008593
3888 CNOT6_5 3879 0.008593
3888 CNOT6_5 3878 0.008593
3888 CNOT6_5 3884 0.008593
3888 CNOT6_5 3877 0.008593
3888 CNOT6_5 3882 0.008593
3888 CNOT6_8 3883 0.964293
3888 CNOT6_8 3878 0.005101
3888 CNOT6_8 3879 0.005101
3888 CNOT6_8 3880 0.005101
3888 CNOT6_8 3881 0.005101
3888 CNOT6_8 3884 0.005101
3888 CNOT6_8 3877 0.005101
3888 CNOT6_8 3882 0.005101
3888 MEAS6 3888 0.929800
3888 MEAS6 3861 0.070200
3888 X5 3885 0.995818
3888 X5 3888 0.001394
3888 X5 3887 0.001394
3888 X5 3886 0.001394
ENDPOMDP
