BEGINPOMDP
INITIALSTATE: 2245131
STATES: 2265830,2255479,2245131,2245132,2245133,2245134,2245135,2276174,2245138,2255476,2255477,2255478,2296855,2296856,2296857,2296858,2255486
REWARDS: 2265830:0.0,2255479:0.0,2245131:0.0,2245132:1.0,2245133:1.0,2245134:0.0,2245135:0.0,2276174:0.0,2245138:1.0,2255476:1.0,2255477:1.0,2255478:0.0,2296855:1.0,2296856:1.0,2296857:0.0,2296858:0.0,2255486:1.0
GAMMA: 2265830:1,2255479:0,2245131:0,2245132:0,2245133:0,2245134:0,2245135:0,2276174:1,2245138:1,2255476:0,2255477:0,2255478:0,2296855:1,2296856:1,2296857:1,2296858:1,2255486:1
BEGINACTIONS
P2
Z0
H
X2
ENDACTIONS
2245131 INIT_ 2245132 0.250000
2245131 INIT_ 2245133 0.250000
2245131 INIT_ 2245134 0.250000
2245131 INIT_ 2245135 0.250000
2245132 P2 2245132 0.995800
2245132 P2 2245138 0.004200
2245132 Z0 2245134 0.999373
2245132 Z0 2245135 0.000209
2245132 Z0 2245133 0.000209
2245132 Z0 2245132 0.000209
2245132 H 2245132 0.982516
2245132 H 2255476 0.002721
2245132 H 2245133 0.002461
2245132 H 2255477 0.002461
2245132 H 2245135 0.002461
2245132 H 2255478 0.002461
2245132 H 2245134 0.002461
2245132 H 2255479 0.002461
2245132 X2 2255476 0.999867
2245132 X2 2245132 0.000133
2245133 P2 2245133 0.995800
2245133 P2 2255486 0.004200
2245133 Z0 2245135 0.999373
2245133 Z0 2245134 0.000209
2245133 Z0 2245132 0.000209
2245133 Z0 2245133 0.000209
2245133 H 2245133 0.982516
2245133 H 2255477 0.002721
2245133 H 2245132 0.002461
2245133 H 2255476 0.002461
2245133 H 2245134 0.002461
2245133 H 2255479 0.002461
2245133 H 2245135 0.002461
2245133 H 2255478 0.002461
2245133 X2 2255477 0.999867
2245133 X2 2245133 0.000133
2245134 P2 2245134 0.995800
2245134 P2 2265830 0.004200
2245134 Z0 2245132 0.999373
2245134 Z0 2245133 0.000209
2245134 Z0 2245135 0.000209
2245134 Z0 2245134 0.000209
2245134 H 2255479 0.982516
2245134 H 2245134 0.002721
2245134 H 2255478 0.002461
2245134 H 2245135 0.002461
2245134 H 2255477 0.002461
2245134 H 2245133 0.002461
2245134 H 2255476 0.002461
2245134 H 2245132 0.002461
2245134 X2 2255479 0.999867
2245134 X2 2245134 0.000133
2245135 P2 2245135 0.995800
2245135 P2 2276174 0.004200
2245135 Z0 2245133 0.999373
2245135 Z0 2245132 0.000209
2245135 Z0 2245134 0.000209
2245135 Z0 2245135 0.000209
2245135 H 2255478 0.982516
2245135 H 2245135 0.002721
2245135 H 2255479 0.002461
2245135 H 2245134 0.002461
2245135 H 2255476 0.002461
2245135 H 2245132 0.002461
2245135 H 2255477 0.002461
2245135 H 2245133 0.002461
2245135 X2 2255478 0.999867
2245135 X2 2245135 0.000133
2245138 P2 2245132 0.995800
2245138 P2 2245138 0.004200
2245138 Z0 2265830 0.999373
2245138 Z0 2276174 0.000209
2245138 Z0 2255486 0.000209
2245138 Z0 2245138 0.000209
2245138 H 2245138 0.982516
2245138 H 2296855 0.002721
2245138 H 2255486 0.002461
2245138 H 2296856 0.002461
2245138 H 2276174 0.002461
2245138 H 2296857 0.002461
2245138 H 2265830 0.002461
2245138 H 2296858 0.002461
2245138 X2 2296855 0.999867
2245138 X2 2245138 0.000133
2255476 P2 2296855 0.991600
2255476 P2 2255476 0.008400
2255476 Z0 2255479 0.999373
2255476 Z0 2255478 0.000209
2255476 Z0 2255477 0.000209
2255476 Z0 2255476 0.000209
2255476 H 2255476 0.982516
2255476 H 2245132 0.002721
2255476 H 2255477 0.002461
2255476 H 2245133 0.002461
2255476 H 2255478 0.002461
2255476 H 2245135 0.002461
2255476 H 2255479 0.002461
2255476 H 2245134 0.002461
2255476 X2 2245132 0.999867
2255476 X2 2255476 0.000133
2255477 P2 2296856 0.991600
2255477 P2 2255477 0.008400
2255477 Z0 2255478 0.999373
2255477 Z0 2255479 0.000209
2255477 Z0 2255476 0.000209
2255477 Z0 2255477 0.000209
2255477 H 2255477 0.982516
2255477 H 2245133 0.002721
2255477 H 2255476 0.002461
2255477 H 2245132 0.002461
2255477 H 2255479 0.002461
2255477 H 2245134 0.002461
2255477 H 2255478 0.002461
2255477 H 2245135 0.002461
2255477 X2 2245133 0.999867
2255477 X2 2255477 0.000133
2255478 P2 2296857 0.991600
2255478 P2 2255478 0.008400
2255478 Z0 2255477 0.999373
2255478 Z0 2255476 0.000209
2255478 Z0 2255479 0.000209
2255478 Z0 2255478 0.000209
2255478 H 2245135 0.982516
2255478 H 2255478 0.002721
2255478 H 2245134 0.002461
2255478 H 2255479 0.002461
2255478 H 2245132 0.002461
2255478 H 2255476 0.002461
2255478 H 2245133 0.002461
2255478 H 2255477 0.002461
2255478 X2 2245135 0.999867
2255478 X2 2255478 0.000133
2255479 P2 2296858 0.991600
2255479 P2 2255479 0.008400
2255479 Z0 2255476 0.999373
2255479 Z0 2255477 0.000209
2255479 Z0 2255478 0.000209
2255479 Z0 2255479 0.000209
2255479 H 2245134 0.982516
2255479 H 2255479 0.002721
2255479 H 2245135 0.002461
2255479 H 2255478 0.002461
2255479 H 2245133 0.002461
2255479 H 2255477 0.002461
2255479 H 2245132 0.002461
2255479 H 2255476 0.002461
2255479 X2 2245134 0.999867
2255479 X2 2255479 0.000133
2255486 P2 2245133 0.995800
2255486 P2 2255486 0.004200
2255486 Z0 2276174 0.999373
2255486 Z0 2265830 0.000209
2255486 Z0 2245138 0.000209
2255486 Z0 2255486 0.000209
2255486 H 2255486 0.982516
2255486 H 2296856 0.002721
2255486 H 2245138 0.002461
2255486 H 2296855 0.002461
2255486 H 2265830 0.002461
2255486 H 2296858 0.002461
2255486 H 2276174 0.002461
2255486 H 2296857 0.002461
2255486 X2 2296856 0.999867
2255486 X2 2255486 0.000133
2265830 P2 2245134 0.995800
2265830 P2 2265830 0.004200
2265830 Z0 2245138 0.999373
2265830 Z0 2255486 0.000209
2265830 Z0 2276174 0.000209
2265830 Z0 2265830 0.000209
2265830 H 2296858 0.982516
2265830 H 2265830 0.002721
2265830 H 2296857 0.002461
2265830 H 2276174 0.002461
2265830 H 2296856 0.002461
2265830 H 2255486 0.002461
2265830 H 2296855 0.002461
2265830 H 2245138 0.002461
2265830 X2 2296858 0.999867
2265830 X2 2265830 0.000133
2276174 P2 2245135 0.995800
2276174 P2 2276174 0.004200
2276174 Z0 2255486 0.999373
2276174 Z0 2245138 0.000209
2276174 Z0 2265830 0.000209
2276174 Z0 2276174 0.000209
2276174 H 2296857 0.982516
2276174 H 2276174 0.002721
2276174 H 2296858 0.002461
2276174 H 2265830 0.002461
2276174 H 2296855 0.002461
2276174 H 2245138 0.002461
2276174 H 2296856 0.002461
2276174 H 2255486 0.002461
2276174 X2 2296857 0.999867
2276174 X2 2276174 0.000133
2296855 P2 2296855 0.991600
2296855 P2 2255476 0.008400
2296855 Z0 2296858 0.999373
2296855 Z0 2296857 0.000209
2296855 Z0 2296856 0.000209
2296855 Z0 2296855 0.000209
2296855 H 2296855 0.982516
2296855 H 2245138 0.002721
2296855 H 2296856 0.002461
2296855 H 2255486 0.002461
2296855 H 2296857 0.002461
2296855 H 2276174 0.002461
2296855 H 2296858 0.002461
2296855 H 2265830 0.002461
2296855 X2 2245138 0.999867
2296855 X2 2296855 0.000133
2296856 P2 2296856 0.991600
2296856 P2 2255477 0.008400
2296856 Z0 2296857 0.999373
2296856 Z0 2296858 0.000209
2296856 Z0 2296855 0.000209
2296856 Z0 2296856 0.000209
2296856 H 2296856 0.982516
2296856 H 2255486 0.002721
2296856 H 2296855 0.002461
2296856 H 2245138 0.002461
2296856 H 2296858 0.002461
2296856 H 2265830 0.002461
2296856 H 2296857 0.002461
2296856 H 2276174 0.002461
2296856 X2 2255486 0.999867
2296856 X2 2296856 0.000133
2296857 P2 2296857 0.991600
2296857 P2 2255478 0.008400
2296857 Z0 2296856 0.999373
2296857 Z0 2296855 0.000209
2296857 Z0 2296858 0.000209
2296857 Z0 2296857 0.000209
2296857 H 2276174 0.982516
2296857 H 2296857 0.002721
2296857 H 2265830 0.002461
2296857 H 2296858 0.002461
2296857 H 2245138 0.002461
2296857 H 2296855 0.002461
2296857 H 2255486 0.002461
2296857 H 2296856 0.002461
2296857 X2 2276174 0.999867
2296857 X2 2296857 0.000133
2296858 P2 2296858 0.991600
2296858 P2 2255479 0.008400
2296858 Z0 2296855 0.999373
2296858 Z0 2296856 0.000209
2296858 Z0 2296857 0.000209
2296858 Z0 2296858 0.000209
2296858 H 2265830 0.982516
2296858 H 2296858 0.002721
2296858 H 2276174 0.002461
2296858 H 2296857 0.002461
2296858 H 2255486 0.002461
2296858 H 2296856 0.002461
2296858 H 2245138 0.002461
2296858 H 2296855 0.002461
2296858 X2 2265830 0.999867
2296858 X2 2296858 0.000133
ENDPOMDP
