BEGINPOMDP
INITIALSTATE: 5710496
STATES: 5710496,5710497,5710498,5710499,5710500,5741539,5710503,5720841,5720842,5720843,5762220,5762221,5720844,5762222,5762223,5720851,5731195
REWARDS: 5710496:0.0,5710497:1.0,5710498:1.0,5710499:0.0,5710500:0.0,5741539:0.0,5710503:1.0,5720841:1.0,5720842:1.0,5720843:0.0,5762220:1.0,5762221:1.0,5720844:0.0,5762222:0.0,5762223:0.0,5720851:1.0,5731195:0.0
GAMMA: 5710496:0,5710497:0,5710498:0,5710499:0,5710500:0,5741539:1,5710503:1,5720841:0,5720842:0,5720843:0,5762220:1,5762221:1,5720844:0,5762222:1,5762223:1,5720851:1,5731195:1
BEGINACTIONS
P2
Z0
H
X2
ENDACTIONS
5710496 INIT_ 5710497 0.250000
5710496 INIT_ 5710498 0.250000
5710496 INIT_ 5710499 0.250000
5710496 INIT_ 5710500 0.250000
5710497 P2 5710497 0.901800
5710497 P2 5710503 0.098200
5710497 Z0 5710499 0.999330
5710497 Z0 5710500 0.000223
5710497 Z0 5710498 0.000223
5710497 Z0 5710497 0.000223
5710497 H 5710497 0.979391
5710497 H 5720841 0.003326
5710497 H 5710498 0.002880
5710497 H 5720842 0.002880
5710497 H 5710500 0.002880
5710497 H 5720843 0.002880
5710497 H 5710499 0.002880
5710497 H 5720844 0.002880
5710497 X2 5720841 0.999772
5710497 X2 5710497 0.000228
5710498 P2 5710498 0.901800
5710498 P2 5720851 0.098200
5710498 Z0 5710500 0.999330
5710498 Z0 5710499 0.000223
5710498 Z0 5710497 0.000223
5710498 Z0 5710498 0.000223
5710498 H 5710498 0.979391
5710498 H 5720842 0.003326
5710498 H 5710497 0.002880
5710498 H 5720841 0.002880
5710498 H 5710499 0.002880
5710498 H 5720844 0.002880
5710498 H 5710500 0.002880
5710498 H 5720843 0.002880
5710498 X2 5720842 0.999772
5710498 X2 5710498 0.000228
5710499 P2 5710499 0.901800
5710499 P2 5731195 0.098200
5710499 Z0 5710497 0.999330
5710499 Z0 5710498 0.000223
5710499 Z0 5710500 0.000223
5710499 Z0 5710499 0.000223
5710499 H 5720844 0.979391
5710499 H 5710499 0.003326
5710499 H 5720843 0.002880
5710499 H 5710500 0.002880
5710499 H 5720842 0.002880
5710499 H 5710498 0.002880
5710499 H 5720841 0.002880
5710499 H 5710497 0.002880
5710499 X2 5720844 0.999772
5710499 X2 5710499 0.000228
5710500 P2 5710500 0.901800
5710500 P2 5741539 0.098200
5710500 Z0 5710498 0.999330
5710500 Z0 5710497 0.000223
5710500 Z0 5710499 0.000223
5710500 Z0 5710500 0.000223
5710500 H 5720843 0.979391
5710500 H 5710500 0.003326
5710500 H 5720844 0.002880
5710500 H 5710499 0.002880
5710500 H 5720841 0.002880
5710500 H 5710497 0.002880
5710500 H 5720842 0.002880
5710500 H 5710498 0.002880
5710500 X2 5720843 0.999772
5710500 X2 5710500 0.000228
5710503 P2 5710497 0.901800
5710503 P2 5710503 0.098200
5710503 Z0 5731195 0.999330
5710503 Z0 5741539 0.000223
5710503 Z0 5720851 0.000223
5710503 Z0 5710503 0.000223
5710503 H 5710503 0.979391
5710503 H 5762220 0.003326
5710503 H 5720851 0.002880
5710503 H 5762221 0.002880
5710503 H 5741539 0.002880
5710503 H 5762222 0.002880
5710503 H 5731195 0.002880
5710503 H 5762223 0.002880
5710503 X2 5762220 0.999772
5710503 X2 5710503 0.000228
5720841 P2 5762220 0.904800
5720841 P2 5720841 0.095200
5720841 Z0 5720844 0.999330
5720841 Z0 5720843 0.000223
5720841 Z0 5720842 0.000223
5720841 Z0 5720841 0.000223
5720841 H 5720841 0.979391
5720841 H 5710497 0.003326
5720841 H 5720842 0.002880
5720841 H 5710498 0.002880
5720841 H 5720843 0.002880
5720841 H 5710500 0.002880
5720841 H 5720844 0.002880
5720841 H 5710499 0.002880
5720841 X2 5710497 0.999772
5720841 X2 5720841 0.000228
5720842 P2 5762221 0.904800
5720842 P2 5720842 0.095200
5720842 Z0 5720843 0.999330
5720842 Z0 5720844 0.000223
5720842 Z0 5720841 0.000223
5720842 Z0 5720842 0.000223
5720842 H 5720842 0.979391
5720842 H 5710498 0.003326
5720842 H 5720841 0.002880
5720842 H 5710497 0.002880
5720842 H 5720844 0.002880
5720842 H 5710499 0.002880
5720842 H 5720843 0.002880
5720842 H 5710500 0.002880
5720842 X2 5710498 0.999772
5720842 X2 5720842 0.000228
5720843 P2 5762222 0.904800
5720843 P2 5720843 0.095200
5720843 Z0 5720842 0.999330
5720843 Z0 5720841 0.000223
5720843 Z0 5720844 0.000223
5720843 Z0 5720843 0.000223
5720843 H 5710500 0.979391
5720843 H 5720843 0.003326
5720843 H 5710499 0.002880
5720843 H 5720844 0.002880
5720843 H 5710497 0.002880
5720843 H 5720841 0.002880
5720843 H 5710498 0.002880
5720843 H 5720842 0.002880
5720843 X2 5710500 0.999772
5720843 X2 5720843 0.000228
5720844 P2 5762223 0.904800
5720844 P2 5720844 0.095200
5720844 Z0 5720841 0.999330
5720844 Z0 5720842 0.000223
5720844 Z0 5720843 0.000223
5720844 Z0 5720844 0.000223
5720844 H 5710499 0.979391
5720844 H 5720844 0.003326
5720844 H 5710500 0.002880
5720844 H 5720843 0.002880
5720844 H 5710498 0.002880
5720844 H 5720842 0.002880
5720844 H 5710497 0.002880
5720844 H 5720841 0.002880
5720844 X2 5710499 0.999772
5720844 X2 5720844 0.000228
5720851 P2 5710498 0.901800
5720851 P2 5720851 0.098200
5720851 Z0 5741539 0.999330
5720851 Z0 5731195 0.000223
5720851 Z0 5710503 0.000223
5720851 Z0 5720851 0.000223
5720851 H 5720851 0.979391
5720851 H 5762221 0.003326
5720851 H 5710503 0.002880
5720851 H 5762220 0.002880
5720851 H 5731195 0.002880
5720851 H 5762223 0.002880
5720851 H 5741539 0.002880
5720851 H 5762222 0.002880
5720851 X2 5762221 0.999772
5720851 X2 5720851 0.000228
5731195 P2 5710499 0.901800
5731195 P2 5731195 0.098200
5731195 Z0 5710503 0.999330
5731195 Z0 5720851 0.000223
5731195 Z0 5741539 0.000223
5731195 Z0 5731195 0.000223
5731195 H 5762223 0.979391
5731195 H 5731195 0.003326
5731195 H 5762222 0.002880
5731195 H 5741539 0.002880
5731195 H 5762221 0.002880
5731195 H 5720851 0.002880
5731195 H 5762220 0.002880
5731195 H 5710503 0.002880
5731195 X2 5762223 0.999772
5731195 X2 5731195 0.000228
5741539 P2 5710500 0.901800
5741539 P2 5741539 0.098200
5741539 Z0 5720851 0.999330
5741539 Z0 5710503 0.000223
5741539 Z0 5731195 0.000223
5741539 Z0 5741539 0.000223
5741539 H 5762222 0.979391
5741539 H 5741539 0.003326
5741539 H 5762223 0.002880
5741539 H 5731195 0.002880
5741539 H 5762220 0.002880
5741539 H 5710503 0.002880
5741539 H 5762221 0.002880
5741539 H 5720851 0.002880
5741539 X2 5762222 0.999772
5741539 X2 5741539 0.000228
5762220 P2 5762220 0.904800
5762220 P2 5720841 0.095200
5762220 Z0 5762223 0.999330
5762220 Z0 5762222 0.000223
5762220 Z0 5762221 0.000223
5762220 Z0 5762220 0.000223
5762220 H 5762220 0.979391
5762220 H 5710503 0.003326
5762220 H 5762221 0.002880
5762220 H 5720851 0.002880
5762220 H 5762222 0.002880
5762220 H 5741539 0.002880
5762220 H 5762223 0.002880
5762220 H 5731195 0.002880
5762220 X2 5710503 0.999772
5762220 X2 5762220 0.000228
5762221 P2 5762221 0.904800
5762221 P2 5720842 0.095200
5762221 Z0 5762222 0.999330
5762221 Z0 5762223 0.000223
5762221 Z0 5762220 0.000223
5762221 Z0 5762221 0.000223
5762221 H 5762221 0.979391
5762221 H 5720851 0.003326
5762221 H 5762220 0.002880
5762221 H 5710503 0.002880
5762221 H 5762223 0.002880
5762221 H 5731195 0.002880
5762221 H 5762222 0.002880
5762221 H 5741539 0.002880
5762221 X2 5720851 0.999772
5762221 X2 5762221 0.000228
5762222 P2 5762222 0.904800
5762222 P2 5720843 0.095200
5762222 Z0 5762221 0.999330
5762222 Z0 5762220 0.000223
5762222 Z0 5762223 0.000223
5762222 Z0 5762222 0.000223
5762222 H 5741539 0.979391
5762222 H 5762222 0.003326
5762222 H 5731195 0.002880
5762222 H 5762223 0.002880
5762222 H 5710503 0.002880
5762222 H 5762220 0.002880
5762222 H 5720851 0.002880
5762222 H 5762221 0.002880
5762222 X2 5741539 0.999772
5762222 X2 5762222 0.000228
5762223 P2 5762223 0.904800
5762223 P2 5720844 0.095200
5762223 Z0 5762220 0.999330
5762223 Z0 5762221 0.000223
5762223 Z0 5762222 0.000223
5762223 Z0 5762223 0.000223
5762223 H 5731195 0.979391
5762223 H 5762223 0.003326
5762223 H 5741539 0.002880
5762223 H 5762222 0.002880
5762223 H 5720851 0.002880
5762223 H 5762221 0.002880
5762223 H 5710503 0.002880
5762223 H 5762220 0.002880
5762223 X2 5731195 0.999772
5762223 X2 5762223 0.000228
ENDPOMDP
