BEGINPOMDP
INITIALSTATE: 5876001
STATES: 5876001,5876002,5876003,5876004,5876005,5907044,5876008,5886346,5886347,5886348,5927725,5927726,5886349,5927727,5927728,5886356,5896700
REWARDS: 5876001:0.0,5876002:1.0,5876003:1.0,5876004:0.0,5876005:0.0,5907044:0.0,5876008:1.0,5886346:1.0,5886347:1.0,5886348:0.0,5927725:1.0,5927726:1.0,5886349:0.0,5927727:0.0,5927728:0.0,5886356:1.0,5896700:0.0
GAMMA: 5876001:0,5876002:0,5876003:0,5876004:0,5876005:0,5907044:1,5876008:1,5886346:0,5886347:0,5886348:0,5927725:1,5927726:1,5886349:0,5927727:1,5927728:1,5886356:1,5896700:1
BEGINACTIONS
P2
Z0
H
X2
ENDACTIONS
5876001 INIT_ 5876002 0.250000
5876001 INIT_ 5876003 0.250000
5876001 INIT_ 5876004 0.250000
5876001 INIT_ 5876005 0.250000
5876002 P2 5876002 0.995200
5876002 P2 5876008 0.004800
5876002 Z0 5876004 0.998909
5876002 Z0 5876005 0.000364
5876002 Z0 5876003 0.000364
5876002 Z0 5876002 0.000364
5876002 H 5876002 0.968459
5876002 H 5886346 0.005399
5876002 H 5876003 0.004357
5876002 H 5886347 0.004357
5876002 H 5876005 0.004357
5876002 H 5886348 0.004357
5876002 H 5876004 0.004357
5876002 H 5886349 0.004357
5876002 X2 5886346 0.999460
5876002 X2 5876002 0.000540
5876003 P2 5876003 0.995200
5876003 P2 5886356 0.004800
5876003 Z0 5876005 0.998909
5876003 Z0 5876004 0.000364
5876003 Z0 5876002 0.000364
5876003 Z0 5876003 0.000364
5876003 H 5876003 0.968459
5876003 H 5886347 0.005399
5876003 H 5876002 0.004357
5876003 H 5886346 0.004357
5876003 H 5876004 0.004357
5876003 H 5886349 0.004357
5876003 H 5876005 0.004357
5876003 H 5886348 0.004357
5876003 X2 5886347 0.999460
5876003 X2 5876003 0.000540
5876004 P2 5876004 0.995200
5876004 P2 5896700 0.004800
5876004 Z0 5876002 0.998909
5876004 Z0 5876003 0.000364
5876004 Z0 5876005 0.000364
5876004 Z0 5876004 0.000364
5876004 H 5886349 0.968459
5876004 H 5876004 0.005399
5876004 H 5886348 0.004357
5876004 H 5876005 0.004357
5876004 H 5886347 0.004357
5876004 H 5876003 0.004357
5876004 H 5886346 0.004357
5876004 H 5876002 0.004357
5876004 X2 5886349 0.999460
5876004 X2 5876004 0.000540
5876005 P2 5876005 0.995200
5876005 P2 5907044 0.004800
5876005 Z0 5876003 0.998909
5876005 Z0 5876002 0.000364
5876005 Z0 5876004 0.000364
5876005 Z0 5876005 0.000364
5876005 H 5886348 0.968459
5876005 H 5876005 0.005399
5876005 H 5886349 0.004357
5876005 H 5876004 0.004357
5876005 H 5886346 0.004357
5876005 H 5876002 0.004357
5876005 H 5886347 0.004357
5876005 H 5876003 0.004357
5876005 X2 5886348 0.999460
5876005 X2 5876005 0.000540
5876008 P2 5876002 0.995200
5876008 P2 5876008 0.004800
5876008 Z0 5896700 0.998909
5876008 Z0 5907044 0.000364
5876008 Z0 5886356 0.000364
5876008 Z0 5876008 0.000364
5876008 H 5876008 0.968459
5876008 H 5927725 0.005399
5876008 H 5886356 0.004357
5876008 H 5927726 0.004357
5876008 H 5907044 0.004357
5876008 H 5927727 0.004357
5876008 H 5896700 0.004357
5876008 H 5927728 0.004357
5876008 X2 5927725 0.999460
5876008 X2 5876008 0.000540
5886346 P2 5927725 0.986400
5886346 P2 5886346 0.013600
5886346 Z0 5886349 0.998909
5886346 Z0 5886348 0.000364
5886346 Z0 5886347 0.000364
5886346 Z0 5886346 0.000364
5886346 H 5886346 0.968459
5886346 H 5876002 0.005399
5886346 H 5886347 0.004357
5886346 H 5876003 0.004357
5886346 H 5886348 0.004357
5886346 H 5876005 0.004357
5886346 H 5886349 0.004357
5886346 H 5876004 0.004357
5886346 X2 5876002 0.999460
5886346 X2 5886346 0.000540
5886347 P2 5927726 0.986400
5886347 P2 5886347 0.013600
5886347 Z0 5886348 0.998909
5886347 Z0 5886349 0.000364
5886347 Z0 5886346 0.000364
5886347 Z0 5886347 0.000364
5886347 H 5886347 0.968459
5886347 H 5876003 0.005399
5886347 H 5886346 0.004357
5886347 H 5876002 0.004357
5886347 H 5886349 0.004357
5886347 H 5876004 0.004357
5886347 H 5886348 0.004357
5886347 H 5876005 0.004357
5886347 X2 5876003 0.999460
5886347 X2 5886347 0.000540
5886348 P2 5927727 0.986400
5886348 P2 5886348 0.013600
5886348 Z0 5886347 0.998909
5886348 Z0 5886346 0.000364
5886348 Z0 5886349 0.000364
5886348 Z0 5886348 0.000364
5886348 H 5876005 0.968459
5886348 H 5886348 0.005399
5886348 H 5876004 0.004357
5886348 H 5886349 0.004357
5886348 H 5876002 0.004357
5886348 H 5886346 0.004357
5886348 H 5876003 0.004357
5886348 H 5886347 0.004357
5886348 X2 5876005 0.999460
5886348 X2 5886348 0.000540
5886349 P2 5927728 0.986400
5886349 P2 5886349 0.013600
5886349 Z0 5886346 0.998909
5886349 Z0 5886347 0.000364
5886349 Z0 5886348 0.000364
5886349 Z0 5886349 0.000364
5886349 H 5876004 0.968459
5886349 H 5886349 0.005399
5886349 H 5876005 0.004357
5886349 H 5886348 0.004357
5886349 H 5876003 0.004357
5886349 H 5886347 0.004357
5886349 H 5876002 0.004357
5886349 H 5886346 0.004357
5886349 X2 5876004 0.999460
5886349 X2 5886349 0.000540
5886356 P2 5876003 0.995200
5886356 P2 5886356 0.004800
5886356 Z0 5907044 0.998909
5886356 Z0 5896700 0.000364
5886356 Z0 5876008 0.000364
5886356 Z0 5886356 0.000364
5886356 H 5886356 0.968459
5886356 H 5927726 0.005399
5886356 H 5876008 0.004357
5886356 H 5927725 0.004357
5886356 H 5896700 0.004357
5886356 H 5927728 0.004357
5886356 H 5907044 0.004357
5886356 H 5927727 0.004357
5886356 X2 5927726 0.999460
5886356 X2 5886356 0.000540
5896700 P2 5876004 0.995200
5896700 P2 5896700 0.004800
5896700 Z0 5876008 0.998909
5896700 Z0 5886356 0.000364
5896700 Z0 5907044 0.000364
5896700 Z0 5896700 0.000364
5896700 H 5927728 0.968459
5896700 H 5896700 0.005399
5896700 H 5927727 0.004357
5896700 H 5907044 0.004357
5896700 H 5927726 0.004357
5896700 H 5886356 0.004357
5896700 H 5927725 0.004357
5896700 H 5876008 0.004357
5896700 X2 5927728 0.999460
5896700 X2 5896700 0.000540
5907044 P2 5876005 0.995200
5907044 P2 5907044 0.004800
5907044 Z0 5886356 0.998909
5907044 Z0 5876008 0.000364
5907044 Z0 5896700 0.000364
5907044 Z0 5907044 0.000364
5907044 H 5927727 0.968459
5907044 H 5907044 0.005399
5907044 H 5927728 0.004357
5907044 H 5896700 0.004357
5907044 H 5927725 0.004357
5907044 H 5876008 0.004357
5907044 H 5927726 0.004357
5907044 H 5886356 0.004357
5907044 X2 5927727 0.999460
5907044 X2 5907044 0.000540
5927725 P2 5927725 0.986400
5927725 P2 5886346 0.013600
5927725 Z0 5927728 0.998909
5927725 Z0 5927727 0.000364
5927725 Z0 5927726 0.000364
5927725 Z0 5927725 0.000364
5927725 H 5927725 0.968459
5927725 H 5876008 0.005399
5927725 H 5927726 0.004357
5927725 H 5886356 0.004357
5927725 H 5927727 0.004357
5927725 H 5907044 0.004357
5927725 H 5927728 0.004357
5927725 H 5896700 0.004357
5927725 X2 5876008 0.999460
5927725 X2 5927725 0.000540
5927726 P2 5927726 0.986400
5927726 P2 5886347 0.013600
5927726 Z0 5927727 0.998909
5927726 Z0 5927728 0.000364
5927726 Z0 5927725 0.000364
5927726 Z0 5927726 0.000364
5927726 H 5927726 0.968459
5927726 H 5886356 0.005399
5927726 H 5927725 0.004357
5927726 H 5876008 0.004357
5927726 H 5927728 0.004357
5927726 H 5896700 0.004357
5927726 H 5927727 0.004357
5927726 H 5907044 0.004357
5927726 X2 5886356 0.999460
5927726 X2 5927726 0.000540
5927727 P2 5927727 0.986400
5927727 P2 5886348 0.013600
5927727 Z0 5927726 0.998909
5927727 Z0 5927725 0.000364
5927727 Z0 5927728 0.000364
5927727 Z0 5927727 0.000364
5927727 H 5907044 0.968459
5927727 H 5927727 0.005399
5927727 H 5896700 0.004357
5927727 H 5927728 0.004357
5927727 H 5876008 0.004357
5927727 H 5927725 0.004357
5927727 H 5886356 0.004357
5927727 H 5927726 0.004357
5927727 X2 5907044 0.999460
5927727 X2 5927727 0.000540
5927728 P2 5927728 0.986400
5927728 P2 5886349 0.013600
5927728 Z0 5927725 0.998909
5927728 Z0 5927726 0.000364
5927728 Z0 5927727 0.000364
5927728 Z0 5927728 0.000364
5927728 H 5896700 0.968459
5927728 H 5927728 0.005399
5927728 H 5907044 0.004357
5927728 H 5927727 0.004357
5927728 H 5886356 0.004357
5927728 H 5927726 0.004357
5927728 H 5876008 0.004357
5927728 H 5927725 0.004357
5927728 X2 5896700 0.999460
5927728 X2 5927728 0.000540
ENDPOMDP
