BEGINPOMDP
INITIALSTATE: 2907151
STATES: 2917506,2927850,2917499,2907151,2907152,2907153,2907154,2907155,2938194,2907158,2917496,2917497,2917498,2958875,2958876,2958877,2958878
REWARDS: 2917506:1.0,2927850:0.0,2917499:0.0,2907151:0.0,2907152:1.0,2907153:1.0,2907154:0.0,2907155:0.0,2938194:0.0,2907158:1.0,2917496:1.0,2917497:1.0,2917498:0.0,2958875:1.0,2958876:1.0,2958877:0.0,2958878:0.0
GAMMA: 2917506:1,2927850:1,2917499:0,2907151:0,2907152:0,2907153:0,2907154:0,2907155:0,2938194:1,2907158:1,2917496:0,2917497:0,2917498:0,2958875:1,2958876:1,2958877:1,2958878:1
BEGINACTIONS
P2
Z0
H
X2
ENDACTIONS
2907151 INIT_ 2907152 0.250000
2907151 INIT_ 2907153 0.250000
2907151 INIT_ 2907154 0.250000
2907151 INIT_ 2907155 0.250000
2907152 P2 2907152 0.899200
2907152 P2 2907158 0.100800
2907152 Z0 2907154 0.999333
2907152 Z0 2907155 0.000222
2907152 Z0 2907153 0.000222
2907152 Z0 2907152 0.000222
2907152 H 2907152 0.983434
2907152 H 2917496 0.002576
2907152 H 2907153 0.002332
2907152 H 2917497 0.002332
2907152 H 2907155 0.002332
2907152 H 2917498 0.002332
2907152 H 2907154 0.002332
2907152 H 2917499 0.002332
2907152 X2 2917496 0.999875
2907152 X2 2907152 0.000125
2907153 P2 2907153 0.899200
2907153 P2 2917506 0.100800
2907153 Z0 2907155 0.999333
2907153 Z0 2907154 0.000222
2907153 Z0 2907152 0.000222
2907153 Z0 2907153 0.000222
2907153 H 2907153 0.983434
2907153 H 2917497 0.002576
2907153 H 2907152 0.002332
2907153 H 2917496 0.002332
2907153 H 2907154 0.002332
2907153 H 2917499 0.002332
2907153 H 2907155 0.002332
2907153 H 2917498 0.002332
2907153 X2 2917497 0.999875
2907153 X2 2907153 0.000125
2907154 P2 2907154 0.899200
2907154 P2 2927850 0.100800
2907154 Z0 2907152 0.999333
2907154 Z0 2907153 0.000222
2907154 Z0 2907155 0.000222
2907154 Z0 2907154 0.000222
2907154 H 2917499 0.983434
2907154 H 2907154 0.002576
2907154 H 2917498 0.002332
2907154 H 2907155 0.002332
2907154 H 2917497 0.002332
2907154 H 2907153 0.002332
2907154 H 2917496 0.002332
2907154 H 2907152 0.002332
2907154 X2 2917499 0.999875
2907154 X2 2907154 0.000125
2907155 P2 2907155 0.899200
2907155 P2 2938194 0.100800
2907155 Z0 2907153 0.999333
2907155 Z0 2907152 0.000222
2907155 Z0 2907154 0.000222
2907155 Z0 2907155 0.000222
2907155 H 2917498 0.983434
2907155 H 2907155 0.002576
2907155 H 2917499 0.002332
2907155 H 2907154 0.002332
2907155 H 2917496 0.002332
2907155 H 2907152 0.002332
2907155 H 2917497 0.002332
2907155 H 2907153 0.002332
2907155 X2 2917498 0.999875
2907155 X2 2907155 0.000125
2907158 P2 2907152 0.899200
2907158 P2 2907158 0.100800
2907158 Z0 2927850 0.999333
2907158 Z0 2938194 0.000222
2907158 Z0 2917506 0.000222
2907158 Z0 2907158 0.000222
2907158 H 2907158 0.983434
2907158 H 2958875 0.002576
2907158 H 2917506 0.002332
2907158 H 2958876 0.002332
2907158 H 2938194 0.002332
2907158 H 2958877 0.002332
2907158 H 2927850 0.002332
2907158 H 2958878 0.002332
2907158 X2 2958875 0.999875
2907158 X2 2907158 0.000125
2917496 P2 2958875 0.888000
2917496 P2 2917496 0.112000
2917496 Z0 2917499 0.999333
2917496 Z0 2917498 0.000222
2917496 Z0 2917497 0.000222
2917496 Z0 2917496 0.000222
2917496 H 2917496 0.983434
2917496 H 2907152 0.002576
2917496 H 2917497 0.002332
2917496 H 2907153 0.002332
2917496 H 2917498 0.002332
2917496 H 2907155 0.002332
2917496 H 2917499 0.002332
2917496 H 2907154 0.002332
2917496 X2 2907152 0.999875
2917496 X2 2917496 0.000125
2917497 P2 2958876 0.888000
2917497 P2 2917497 0.112000
2917497 Z0 2917498 0.999333
2917497 Z0 2917499 0.000222
2917497 Z0 2917496 0.000222
2917497 Z0 2917497 0.000222
2917497 H 2917497 0.983434
2917497 H 2907153 0.002576
2917497 H 2917496 0.002332
2917497 H 2907152 0.002332
2917497 H 2917499 0.002332
2917497 H 2907154 0.002332
2917497 H 2917498 0.002332
2917497 H 2907155 0.002332
2917497 X2 2907153 0.999875
2917497 X2 2917497 0.000125
2917498 P2 2958877 0.888000
2917498 P2 2917498 0.112000
2917498 Z0 2917497 0.999333
2917498 Z0 2917496 0.000222
2917498 Z0 2917499 0.000222
2917498 Z0 2917498 0.000222
2917498 H 2907155 0.983434
2917498 H 2917498 0.002576
2917498 H 2907154 0.002332
2917498 H 2917499 0.002332
2917498 H 2907152 0.002332
2917498 H 2917496 0.002332
2917498 H 2907153 0.002332
2917498 H 2917497 0.002332
2917498 X2 2907155 0.999875
2917498 X2 2917498 0.000125
2917499 P2 2958878 0.888000
2917499 P2 2917499 0.112000
2917499 Z0 2917496 0.999333
2917499 Z0 2917497 0.000222
2917499 Z0 2917498 0.000222
2917499 Z0 2917499 0.000222
2917499 H 2907154 0.983434
2917499 H 2917499 0.002576
2917499 H 2907155 0.002332
2917499 H 2917498 0.002332
2917499 H 2907153 0.002332
2917499 H 2917497 0.002332
2917499 H 2907152 0.002332
2917499 H 2917496 0.002332
2917499 X2 2907154 0.999875
2917499 X2 2917499 0.000125
2917506 P2 2907153 0.899200
2917506 P2 2917506 0.100800
2917506 Z0 2938194 0.999333
2917506 Z0 2927850 0.000222
2917506 Z0 2907158 0.000222
2917506 Z0 2917506 0.000222
2917506 H 2917506 0.983434
2917506 H 2958876 0.002576
2917506 H 2907158 0.002332
2917506 H 2958875 0.002332
2917506 H 2927850 0.002332
2917506 H 2958878 0.002332
2917506 H 2938194 0.002332
2917506 H 2958877 0.002332
2917506 X2 2958876 0.999875
2917506 X2 2917506 0.000125
2927850 P2 2907154 0.899200
2927850 P2 2927850 0.100800
2927850 Z0 2907158 0.999333
2927850 Z0 2917506 0.000222
2927850 Z0 2938194 0.000222
2927850 Z0 2927850 0.000222
2927850 H 2958878 0.983434
2927850 H 2927850 0.002576
2927850 H 2958877 0.002332
2927850 H 2938194 0.002332
2927850 H 2958876 0.002332
2927850 H 2917506 0.002332
2927850 H 2958875 0.002332
2927850 H 2907158 0.002332
2927850 X2 2958878 0.999875
2927850 X2 2927850 0.000125
2938194 P2 2907155 0.899200
2938194 P2 2938194 0.100800
2938194 Z0 2917506 0.999333
2938194 Z0 2907158 0.000222
2938194 Z0 2927850 0.000222
2938194 Z0 2938194 0.000222
2938194 H 2958877 0.983434
2938194 H 2938194 0.002576
2938194 H 2958878 0.002332
2938194 H 2927850 0.002332
2938194 H 2958875 0.002332
2938194 H 2907158 0.002332
2938194 H 2958876 0.002332
2938194 H 2917506 0.002332
2938194 X2 2958877 0.999875
2938194 X2 2938194 0.000125
2958875 P2 2958875 0.888000
2958875 P2 2917496 0.112000
2958875 Z0 2958878 0.999333
2958875 Z0 2958877 0.000222
2958875 Z0 2958876 0.000222
2958875 Z0 2958875 0.000222
2958875 H 2958875 0.983434
2958875 H 2907158 0.002576
2958875 H 2958876 0.002332
2958875 H 2917506 0.002332
2958875 H 2958877 0.002332
2958875 H 2938194 0.002332
2958875 H 2958878 0.002332
2958875 H 2927850 0.002332
2958875 X2 2907158 0.999875
2958875 X2 2958875 0.000125
2958876 P2 2958876 0.888000
2958876 P2 2917497 0.112000
2958876 Z0 2958877 0.999333
2958876 Z0 2958878 0.000222
2958876 Z0 2958875 0.000222
2958876 Z0 2958876 0.000222
2958876 H 2958876 0.983434
2958876 H 2917506 0.002576
2958876 H 2958875 0.002332
2958876 H 2907158 0.002332
2958876 H 2958878 0.002332
2958876 H 2927850 0.002332
2958876 H 2958877 0.002332
2958876 H 2938194 0.002332
2958876 X2 2917506 0.999875
2958876 X2 2958876 0.000125
2958877 P2 2958877 0.888000
2958877 P2 2917498 0.112000
2958877 Z0 2958876 0.999333
2958877 Z0 2958875 0.000222
2958877 Z0 2958878 0.000222
2958877 Z0 2958877 0.000222
2958877 H 2938194 0.983434
2958877 H 2958877 0.002576
2958877 H 2927850 0.002332
2958877 H 2958878 0.002332
2958877 H 2907158 0.002332
2958877 H 2958875 0.002332
2958877 H 2917506 0.002332
2958877 H 2958876 0.002332
2958877 X2 2938194 0.999875
2958877 X2 2958877 0.000125
2958878 P2 2958878 0.888000
2958878 P2 2917499 0.112000
2958878 Z0 2958875 0.999333
2958878 Z0 2958876 0.000222
2958878 Z0 2958877 0.000222
2958878 Z0 2958878 0.000222
2958878 H 2927850 0.983434
2958878 H 2958878 0.002576
2958878 H 2938194 0.002332
2958878 H 2958877 0.002332
2958878 H 2917506 0.002332
2958878 H 2958876 0.002332
2958878 H 2907158 0.002332
2958878 H 2958875 0.002332
2958878 X2 2927850 0.999875
2958878 X2 2958878 0.000125
ENDPOMDP
