BEGINPOMDP
INITIALSTATE: 6703526
STATES: 6724225,6703526,6703527,6703528,6703529,6703530,6734569,6703533,6713871,6713872,6713873,6755250,6755251,6713874,6755252,6755253,6713881
REWARDS: 6724225:0.0,6703526:0.0,6703527:1.0,6703528:1.0,6703529:0.0,6703530:0.0,6734569:0.0,6703533:1.0,6713871:1.0,6713872:1.0,6713873:0.0,6755250:1.0,6755251:1.0,6713874:0.0,6755252:0.0,6755253:0.0,6713881:1.0
GAMMA: 6724225:1,6703526:0,6703527:0,6703528:0,6703529:0,6703530:0,6734569:1,6703533:1,6713871:0,6713872:0,6713873:0,6755250:1,6755251:1,6713874:0,6755252:1,6755253:1,6713881:1
BEGINACTIONS
P2
Z0
H
X2
ENDACTIONS
6703526 INIT_ 6703527 0.250000
6703526 INIT_ 6703528 0.250000
6703526 INIT_ 6703529 0.250000
6703526 INIT_ 6703530 0.250000
6703527 P2 6703527 0.994000
6703527 P2 6703533 0.006000
6703527 Z0 6703529 0.997520
6703527 Z0 6703530 0.000827
6703527 Z0 6703528 0.000827
6703527 Z0 6703527 0.000827
6703527 H 6703527 0.936789
6703527 H 6713871 0.009450
6703527 H 6703528 0.008960
6703527 H 6713872 0.008960
6703527 H 6703530 0.008960
6703527 H 6713873 0.008960
6703527 H 6703529 0.008960
6703527 H 6713874 0.008960
6703527 X2 6713871 0.999736
6703527 X2 6703527 0.000264
6703528 P2 6703528 0.994000
6703528 P2 6713881 0.006000
6703528 Z0 6703530 0.997520
6703528 Z0 6703529 0.000827
6703528 Z0 6703527 0.000827
6703528 Z0 6703528 0.000827
6703528 H 6703528 0.936789
6703528 H 6713872 0.009450
6703528 H 6703527 0.008960
6703528 H 6713871 0.008960
6703528 H 6703529 0.008960
6703528 H 6713874 0.008960
6703528 H 6703530 0.008960
6703528 H 6713873 0.008960
6703528 X2 6713872 0.999736
6703528 X2 6703528 0.000264
6703529 P2 6703529 0.994000
6703529 P2 6724225 0.006000
6703529 Z0 6703527 0.997520
6703529 Z0 6703528 0.000827
6703529 Z0 6703530 0.000827
6703529 Z0 6703529 0.000827
6703529 H 6713874 0.936789
6703529 H 6703529 0.009450
6703529 H 6713873 0.008960
6703529 H 6703530 0.008960
6703529 H 6713872 0.008960
6703529 H 6703528 0.008960
6703529 H 6713871 0.008960
6703529 H 6703527 0.008960
6703529 X2 6713874 0.999736
6703529 X2 6703529 0.000264
6703530 P2 6703530 0.994000
6703530 P2 6734569 0.006000
6703530 Z0 6703528 0.997520
6703530 Z0 6703527 0.000827
6703530 Z0 6703529 0.000827
6703530 Z0 6703530 0.000827
6703530 H 6713873 0.936789
6703530 H 6703530 0.009450
6703530 H 6713874 0.008960
6703530 H 6703529 0.008960
6703530 H 6713871 0.008960
6703530 H 6703527 0.008960
6703530 H 6713872 0.008960
6703530 H 6703528 0.008960
6703530 X2 6713873 0.999736
6703530 X2 6703530 0.000264
6703533 P2 6703527 0.994000
6703533 P2 6703533 0.006000
6703533 Z0 6724225 0.997520
6703533 Z0 6734569 0.000827
6703533 Z0 6713881 0.000827
6703533 Z0 6703533 0.000827
6703533 H 6703533 0.936789
6703533 H 6755250 0.009450
6703533 H 6713881 0.008960
6703533 H 6755251 0.008960
6703533 H 6734569 0.008960
6703533 H 6755252 0.008960
6703533 H 6724225 0.008960
6703533 H 6755253 0.008960
6703533 X2 6755250 0.999736
6703533 X2 6703533 0.000264
6713871 P2 6755250 0.990400
6713871 P2 6713871 0.009600
6713871 Z0 6713874 0.997520
6713871 Z0 6713873 0.000827
6713871 Z0 6713872 0.000827
6713871 Z0 6713871 0.000827
6713871 H 6713871 0.936789
6713871 H 6703527 0.009450
6713871 H 6713872 0.008960
6713871 H 6703528 0.008960
6713871 H 6713873 0.008960
6713871 H 6703530 0.008960
6713871 H 6713874 0.008960
6713871 H 6703529 0.008960
6713871 X2 6703527 0.999736
6713871 X2 6713871 0.000264
6713872 P2 6755251 0.990400
6713872 P2 6713872 0.009600
6713872 Z0 6713873 0.997520
6713872 Z0 6713874 0.000827
6713872 Z0 6713871 0.000827
6713872 Z0 6713872 0.000827
6713872 H 6713872 0.936789
6713872 H 6703528 0.009450
6713872 H 6713871 0.008960
6713872 H 6703527 0.008960
6713872 H 6713874 0.008960
6713872 H 6703529 0.008960
6713872 H 6713873 0.008960
6713872 H 6703530 0.008960
6713872 X2 6703528 0.999736
6713872 X2 6713872 0.000264
6713873 P2 6755252 0.990400
6713873 P2 6713873 0.009600
6713873 Z0 6713872 0.997520
6713873 Z0 6713871 0.000827
6713873 Z0 6713874 0.000827
6713873 Z0 6713873 0.000827
6713873 H 6703530 0.936789
6713873 H 6713873 0.009450
6713873 H 6703529 0.008960
6713873 H 6713874 0.008960
6713873 H 6703527 0.008960
6713873 H 6713871 0.008960
6713873 H 6703528 0.008960
6713873 H 6713872 0.008960
6713873 X2 6703530 0.999736
6713873 X2 6713873 0.000264
6713874 P2 6755253 0.990400
6713874 P2 6713874 0.009600
6713874 Z0 6713871 0.997520
6713874 Z0 6713872 0.000827
6713874 Z0 6713873 0.000827
6713874 Z0 6713874 0.000827
6713874 H 6703529 0.936789
6713874 H 6713874 0.009450
6713874 H 6703530 0.008960
6713874 H 6713873 0.008960
6713874 H 6703528 0.008960
6713874 H 6713872 0.008960
6713874 H 6703527 0.008960
6713874 H 6713871 0.008960
6713874 X2 6703529 0.999736
6713874 X2 6713874 0.000264
6713881 P2 6703528 0.994000
6713881 P2 6713881 0.006000
6713881 Z0 6734569 0.997520
6713881 Z0 6724225 0.000827
6713881 Z0 6703533 0.000827
6713881 Z0 6713881 0.000827
6713881 H 6713881 0.936789
6713881 H 6755251 0.009450
6713881 H 6703533 0.008960
6713881 H 6755250 0.008960
6713881 H 6724225 0.008960
6713881 H 6755253 0.008960
6713881 H 6734569 0.008960
6713881 H 6755252 0.008960
6713881 X2 6755251 0.999736
6713881 X2 6713881 0.000264
6724225 P2 6703529 0.994000
6724225 P2 6724225 0.006000
6724225 Z0 6703533 0.997520
6724225 Z0 6713881 0.000827
6724225 Z0 6734569 0.000827
6724225 Z0 6724225 0.000827
6724225 H 6755253 0.936789
6724225 H 6724225 0.009450
6724225 H 6755252 0.008960
6724225 H 6734569 0.008960
6724225 H 6755251 0.008960
6724225 H 6713881 0.008960
6724225 H 6755250 0.008960
6724225 H 6703533 0.008960
6724225 X2 6755253 0.999736
6724225 X2 6724225 0.000264
6734569 P2 6703530 0.994000
6734569 P2 6734569 0.006000
6734569 Z0 6713881 0.997520
6734569 Z0 6703533 0.000827
6734569 Z0 6724225 0.000827
6734569 Z0 6734569 0.000827
6734569 H 6755252 0.936789
6734569 H 6734569 0.009450
6734569 H 6755253 0.008960
6734569 H 6724225 0.008960
6734569 H 6755250 0.008960
6734569 H 6703533 0.008960
6734569 H 6755251 0.008960
6734569 H 6713881 0.008960
6734569 X2 6755252 0.999736
6734569 X2 6734569 0.000264
6755250 P2 6755250 0.990400
6755250 P2 6713871 0.009600
6755250 Z0 6755253 0.997520
6755250 Z0 6755252 0.000827
6755250 Z0 6755251 0.000827
6755250 Z0 6755250 0.000827
6755250 H 6755250 0.936789
6755250 H 6703533 0.009450
6755250 H 6755251 0.008960
6755250 H 6713881 0.008960
6755250 H 6755252 0.008960
6755250 H 6734569 0.008960
6755250 H 6755253 0.008960
6755250 H 6724225 0.008960
6755250 X2 6703533 0.999736
6755250 X2 6755250 0.000264
6755251 P2 6755251 0.990400
6755251 P2 6713872 0.009600
6755251 Z0 6755252 0.997520
6755251 Z0 6755253 0.000827
6755251 Z0 6755250 0.000827
6755251 Z0 6755251 0.000827
6755251 H 6755251 0.936789
6755251 H 6713881 0.009450
6755251 H 6755250 0.008960
6755251 H 6703533 0.008960
6755251 H 6755253 0.008960
6755251 H 6724225 0.008960
6755251 H 6755252 0.008960
6755251 H 6734569 0.008960
6755251 X2 6713881 0.999736
6755251 X2 6755251 0.000264
6755252 P2 6755252 0.990400
6755252 P2 6713873 0.009600
6755252 Z0 6755251 0.997520
6755252 Z0 6755250 0.000827
6755252 Z0 6755253 0.000827
6755252 Z0 6755252 0.000827
6755252 H 6734569 0.936789
6755252 H 6755252 0.009450
6755252 H 6724225 0.008960
6755252 H 6755253 0.008960
6755252 H 6703533 0.008960
6755252 H 6755250 0.008960
6755252 H 6713881 0.008960
6755252 H 6755251 0.008960
6755252 X2 6734569 0.999736
6755252 X2 6755252 0.000264
6755253 P2 6755253 0.990400
6755253 P2 6713874 0.009600
6755253 Z0 6755250 0.997520
6755253 Z0 6755251 0.000827
6755253 Z0 6755252 0.000827
6755253 Z0 6755253 0.000827
6755253 H 6724225 0.936789
6755253 H 6755253 0.009450
6755253 H 6734569 0.008960
6755253 H 6755252 0.008960
6755253 H 6713881 0.008960
6755253 H 6755251 0.008960
6755253 H 6703533 0.008960
6755253 H 6755250 0.008960
6755253 X2 6724225 0.999736
6755253 X2 6755253 0.000264
ENDPOMDP
