BEGINPOMDP
INITIALSTATE: 4231191
STATES: 4241536,4241537,4241538,4282915,4282916,4241539,4282917,4282918,4241546,4262234,4251890,4231191,4231192,4231193,4231194,4231195,4231198
REWARDS: 4241536:1.0,4241537:1.0,4241538:0.0,4282915:1.0,4282916:1.0,4241539:0.0,4282917:0.0,4282918:0.0,4241546:1.0,4262234:0.0,4251890:0.0,4231191:0.0,4231192:1.0,4231193:1.0,4231194:0.0,4231195:0.0,4231198:1.0
GAMMA: 4241536:0,4241537:0,4241538:0,4282915:1,4282916:1,4241539:0,4282917:1,4282918:1,4241546:1,4262234:1,4251890:1,4231191:0,4231192:0,4231193:0,4231194:0,4231195:0,4231198:1
BEGINACTIONS
P2
Z0
H
X2
ENDACTIONS
4231191 INIT_ 4231192 0.250000
4231191 INIT_ 4231193 0.250000
4231191 INIT_ 4231194 0.250000
4231191 INIT_ 4231195 0.250000
4231192 P2 4231192 0.963600
4231192 P2 4231198 0.036400
4231192 Z0 4231194 0.999478
4231192 Z0 4231195 0.000174
4231192 Z0 4231193 0.000174
4231192 Z0 4231192 0.000174
4231192 H 4231192 0.886574
4231192 H 4241536 0.019045
4231192 H 4231193 0.015730
4231192 H 4241537 0.015730
4231192 H 4231195 0.015730
4231192 H 4241538 0.015730
4231192 H 4231194 0.015730
4231192 H 4241539 0.015730
4231192 X2 4241536 0.998101
4231192 X2 4231192 0.001899
4231193 P2 4231193 0.963600
4231193 P2 4241546 0.036400
4231193 Z0 4231195 0.999478
4231193 Z0 4231194 0.000174
4231193 Z0 4231192 0.000174
4231193 Z0 4231193 0.000174
4231193 H 4231193 0.886574
4231193 H 4241537 0.019045
4231193 H 4231192 0.015730
4231193 H 4241536 0.015730
4231193 H 4231194 0.015730
4231193 H 4241539 0.015730
4231193 H 4231195 0.015730
4231193 H 4241538 0.015730
4231193 X2 4241537 0.998101
4231193 X2 4231193 0.001899
4231194 P2 4231194 0.963600
4231194 P2 4251890 0.036400
4231194 Z0 4231192 0.999478
4231194 Z0 4231193 0.000174
4231194 Z0 4231195 0.000174
4231194 Z0 4231194 0.000174
4231194 H 4241539 0.886574
4231194 H 4231194 0.019045
4231194 H 4241538 0.015730
4231194 H 4231195 0.015730
4231194 H 4241537 0.015730
4231194 H 4231193 0.015730
4231194 H 4241536 0.015730
4231194 H 4231192 0.015730
4231194 X2 4241539 0.998101
4231194 X2 4231194 0.001899
4231195 P2 4231195 0.963600
4231195 P2 4262234 0.036400
4231195 Z0 4231193 0.999478
4231195 Z0 4231192 0.000174
4231195 Z0 4231194 0.000174
4231195 Z0 4231195 0.000174
4231195 H 4241538 0.886574
4231195 H 4231195 0.019045
4231195 H 4241539 0.015730
4231195 H 4231194 0.015730
4231195 H 4241536 0.015730
4231195 H 4231192 0.015730
4231195 H 4241537 0.015730
4231195 H 4231193 0.015730
4231195 X2 4241538 0.998101
4231195 X2 4231195 0.001899
4231198 P2 4231192 0.963600
4231198 P2 4231198 0.036400
4231198 Z0 4251890 0.999478
4231198 Z0 4262234 0.000174
4231198 Z0 4241546 0.000174
4231198 Z0 4231198 0.000174
4231198 H 4231198 0.886574
4231198 H 4282915 0.019045
4231198 H 4241546 0.015730
4231198 H 4282916 0.015730
4231198 H 4262234 0.015730
4231198 H 4282917 0.015730
4231198 H 4251890 0.015730
4231198 H 4282918 0.015730
4231198 X2 4282915 0.998101
4231198 X2 4231198 0.001899
4241536 P2 4282915 0.943800
4241536 P2 4241536 0.056200
4241536 Z0 4241539 0.999478
4241536 Z0 4241538 0.000174
4241536 Z0 4241537 0.000174
4241536 Z0 4241536 0.000174
4241536 H 4241536 0.886574
4241536 H 4231192 0.019045
4241536 H 4241537 0.015730
4241536 H 4231193 0.015730
4241536 H 4241538 0.015730
4241536 H 4231195 0.015730
4241536 H 4241539 0.015730
4241536 H 4231194 0.015730
4241536 X2 4231192 0.998101
4241536 X2 4241536 0.001899
4241537 P2 4282916 0.943800
4241537 P2 4241537 0.056200
4241537 Z0 4241538 0.999478
4241537 Z0 4241539 0.000174
4241537 Z0 4241536 0.000174
4241537 Z0 4241537 0.000174
4241537 H 4241537 0.886574
4241537 H 4231193 0.019045
4241537 H 4241536 0.015730
4241537 H 4231192 0.015730
4241537 H 4241539 0.015730
4241537 H 4231194 0.015730
4241537 H 4241538 0.015730
4241537 H 4231195 0.015730
4241537 X2 4231193 0.998101
4241537 X2 4241537 0.001899
4241538 P2 4282917 0.943800
4241538 P2 4241538 0.056200
4241538 Z0 4241537 0.999478
4241538 Z0 4241536 0.000174
4241538 Z0 4241539 0.000174
4241538 Z0 4241538 0.000174
4241538 H 4231195 0.886574
4241538 H 4241538 0.019045
4241538 H 4231194 0.015730
4241538 H 4241539 0.015730
4241538 H 4231192 0.015730
4241538 H 4241536 0.015730
4241538 H 4231193 0.015730
4241538 H 4241537 0.015730
4241538 X2 4231195 0.998101
4241538 X2 4241538 0.001899
4241539 P2 4282918 0.943800
4241539 P2 4241539 0.056200
4241539 Z0 4241536 0.999478
4241539 Z0 4241537 0.000174
4241539 Z0 4241538 0.000174
4241539 Z0 4241539 0.000174
4241539 H 4231194 0.886574
4241539 H 4241539 0.019045
4241539 H 4231195 0.015730
4241539 H 4241538 0.015730
4241539 H 4231193 0.015730
4241539 H 4241537 0.015730
4241539 H 4231192 0.015730
4241539 H 4241536 0.015730
4241539 X2 4231194 0.998101
4241539 X2 4241539 0.001899
4241546 P2 4231193 0.963600
4241546 P2 4241546 0.036400
4241546 Z0 4262234 0.999478
4241546 Z0 4251890 0.000174
4241546 Z0 4231198 0.000174
4241546 Z0 4241546 0.000174
4241546 H 4241546 0.886574
4241546 H 4282916 0.019045
4241546 H 4231198 0.015730
4241546 H 4282915 0.015730
4241546 H 4251890 0.015730
4241546 H 4282918 0.015730
4241546 H 4262234 0.015730
4241546 H 4282917 0.015730
4241546 X2 4282916 0.998101
4241546 X2 4241546 0.001899
4251890 P2 4231194 0.963600
4251890 P2 4251890 0.036400
4251890 Z0 4231198 0.999478
4251890 Z0 4241546 0.000174
4251890 Z0 4262234 0.000174
4251890 Z0 4251890 0.000174
4251890 H 4282918 0.886574
4251890 H 4251890 0.019045
4251890 H 4282917 0.015730
4251890 H 4262234 0.015730
4251890 H 4282916 0.015730
4251890 H 4241546 0.015730
4251890 H 4282915 0.015730
4251890 H 4231198 0.015730
4251890 X2 4282918 0.998101
4251890 X2 4251890 0.001899
4262234 P2 4231195 0.963600
4262234 P2 4262234 0.036400
4262234 Z0 4241546 0.999478
4262234 Z0 4231198 0.000174
4262234 Z0 4251890 0.000174
4262234 Z0 4262234 0.000174
4262234 H 4282917 0.886574
4262234 H 4262234 0.019045
4262234 H 4282918 0.015730
4262234 H 4251890 0.015730
4262234 H 4282915 0.015730
4262234 H 4231198 0.015730
4262234 H 4282916 0.015730
4262234 H 4241546 0.015730
4262234 X2 4282917 0.998101
4262234 X2 4262234 0.001899
4282915 P2 4282915 0.943800
4282915 P2 4241536 0.056200
4282915 Z0 4282918 0.999478
4282915 Z0 4282917 0.000174
4282915 Z0 4282916 0.000174
4282915 Z0 4282915 0.000174
4282915 H 4282915 0.886574
4282915 H 4231198 0.019045
4282915 H 4282916 0.015730
4282915 H 4241546 0.015730
4282915 H 4282917 0.015730
4282915 H 4262234 0.015730
4282915 H 4282918 0.015730
4282915 H 4251890 0.015730
4282915 X2 4231198 0.998101
4282915 X2 4282915 0.001899
4282916 P2 4282916 0.943800
4282916 P2 4241537 0.056200
4282916 Z0 4282917 0.999478
4282916 Z0 4282918 0.000174
4282916 Z0 4282915 0.000174
4282916 Z0 4282916 0.000174
4282916 H 4282916 0.886574
4282916 H 4241546 0.019045
4282916 H 4282915 0.015730
4282916 H 4231198 0.015730
4282916 H 4282918 0.015730
4282916 H 4251890 0.015730
4282916 H 4282917 0.015730
4282916 H 4262234 0.015730
4282916 X2 4241546 0.998101
4282916 X2 4282916 0.001899
4282917 P2 4282917 0.943800
4282917 P2 4241538 0.056200
4282917 Z0 4282916 0.999478
4282917 Z0 4282915 0.000174
4282917 Z0 4282918 0.000174
4282917 Z0 4282917 0.000174
4282917 H 4262234 0.886574
4282917 H 4282917 0.019045
4282917 H 4251890 0.015730
4282917 H 4282918 0.015730
4282917 H 4231198 0.015730
4282917 H 4282915 0.015730
4282917 H 4241546 0.015730
4282917 H 4282916 0.015730
4282917 X2 4262234 0.998101
4282917 X2 4282917 0.001899
4282918 P2 4282918 0.943800
4282918 P2 4241539 0.056200
4282918 Z0 4282915 0.999478
4282918 Z0 4282916 0.000174
4282918 Z0 4282917 0.000174
4282918 Z0 4282918 0.000174
4282918 H 4251890 0.886574
4282918 H 4282918 0.019045
4282918 H 4262234 0.015730
4282918 H 4282917 0.015730
4282918 H 4241546 0.015730
4282918 H 4282916 0.015730
4282918 H 4231198 0.015730
4282918 H 4282915 0.015730
4282918 X2 4251890 0.998101
4282918 X2 4282918 0.001899
ENDPOMDP
