BEGINPOMDP
INITIALSTATE: 5544991
STATES: 5544992,5544993,5544994,5544995,5576034,5544998,5555336,5555337,5555338,5596715,5596716,5555339,5596717,5596718,5555346,5565690,5544991
REWARDS: 5544992:1.0,5544993:1.0,5544994:0.0,5544995:0.0,5576034:0.0,5544998:1.0,5555336:1.0,5555337:1.0,5555338:0.0,5596715:1.0,5596716:1.0,5555339:0.0,5596717:0.0,5596718:0.0,5555346:1.0,5565690:0.0,5544991:0.0
GAMMA: 5544992:0,5544993:0,5544994:0,5544995:0,5576034:1,5544998:1,5555336:0,5555337:0,5555338:0,5596715:1,5596716:1,5555339:0,5596717:1,5596718:1,5555346:1,5565690:1,5544991:0
BEGINACTIONS
P2
Z0
H
X2
ENDACTIONS
5544991 INIT_ 5544992 0.250000
5544991 INIT_ 5544993 0.250000
5544991 INIT_ 5544994 0.250000
5544991 INIT_ 5544995 0.250000
5544992 P2 5544992 0.997000
5544992 P2 5544998 0.003000
5544992 Z0 5544994 0.999335
5544992 Z0 5544995 0.000222
5544992 Z0 5544993 0.000222
5544992 Z0 5544992 0.000222
5544992 H 5544992 0.983021
5544992 H 5555336 0.002696
5544992 H 5544993 0.002380
5544992 H 5555337 0.002380
5544992 H 5544995 0.002380
5544992 H 5555338 0.002380
5544992 H 5544994 0.002380
5544992 H 5555339 0.002380
5544992 X2 5555336 0.999839
5544992 X2 5544992 0.000161
5544993 P2 5544993 0.997000
5544993 P2 5555346 0.003000
5544993 Z0 5544995 0.999335
5544993 Z0 5544994 0.000222
5544993 Z0 5544992 0.000222
5544993 Z0 5544993 0.000222
5544993 H 5544993 0.983021
5544993 H 5555337 0.002696
5544993 H 5544992 0.002380
5544993 H 5555336 0.002380
5544993 H 5544994 0.002380
5544993 H 5555339 0.002380
5544993 H 5544995 0.002380
5544993 H 5555338 0.002380
5544993 X2 5555337 0.999839
5544993 X2 5544993 0.000161
5544994 P2 5544994 0.997000
5544994 P2 5565690 0.003000
5544994 Z0 5544992 0.999335
5544994 Z0 5544993 0.000222
5544994 Z0 5544995 0.000222
5544994 Z0 5544994 0.000222
5544994 H 5555339 0.983021
5544994 H 5544994 0.002696
5544994 H 5555338 0.002380
5544994 H 5544995 0.002380
5544994 H 5555337 0.002380
5544994 H 5544993 0.002380
5544994 H 5555336 0.002380
5544994 H 5544992 0.002380
5544994 X2 5555339 0.999839
5544994 X2 5544994 0.000161
5544995 P2 5544995 0.997000
5544995 P2 5576034 0.003000
5544995 Z0 5544993 0.999335
5544995 Z0 5544992 0.000222
5544995 Z0 5544994 0.000222
5544995 Z0 5544995 0.000222
5544995 H 5555338 0.983021
5544995 H 5544995 0.002696
5544995 H 5555339 0.002380
5544995 H 5544994 0.002380
5544995 H 5555336 0.002380
5544995 H 5544992 0.002380
5544995 H 5555337 0.002380
5544995 H 5544993 0.002380
5544995 X2 5555338 0.999839
5544995 X2 5544995 0.000161
5544998 P2 5544992 0.997000
5544998 P2 5544998 0.003000
5544998 Z0 5565690 0.999335
5544998 Z0 5576034 0.000222
5544998 Z0 5555346 0.000222
5544998 Z0 5544998 0.000222
5544998 H 5544998 0.983021
5544998 H 5596715 0.002696
5544998 H 5555346 0.002380
5544998 H 5596716 0.002380
5544998 H 5576034 0.002380
5544998 H 5596717 0.002380
5544998 H 5565690 0.002380
5544998 H 5596718 0.002380
5544998 X2 5596715 0.999839
5544998 X2 5544998 0.000161
5555336 P2 5596715 0.988800
5555336 P2 5555336 0.011200
5555336 Z0 5555339 0.999335
5555336 Z0 5555338 0.000222
5555336 Z0 5555337 0.000222
5555336 Z0 5555336 0.000222
5555336 H 5555336 0.983021
5555336 H 5544992 0.002696
5555336 H 5555337 0.002380
5555336 H 5544993 0.002380
5555336 H 5555338 0.002380
5555336 H 5544995 0.002380
5555336 H 5555339 0.002380
5555336 H 5544994 0.002380
5555336 X2 5544992 0.999839
5555336 X2 5555336 0.000161
5555337 P2 5596716 0.988800
5555337 P2 5555337 0.011200
5555337 Z0 5555338 0.999335
5555337 Z0 5555339 0.000222
5555337 Z0 5555336 0.000222
5555337 Z0 5555337 0.000222
5555337 H 5555337 0.983021
5555337 H 5544993 0.002696
5555337 H 5555336 0.002380
5555337 H 5544992 0.002380
5555337 H 5555339 0.002380
5555337 H 5544994 0.002380
5555337 H 5555338 0.002380
5555337 H 5544995 0.002380
5555337 X2 5544993 0.999839
5555337 X2 5555337 0.000161
5555338 P2 5596717 0.988800
5555338 P2 5555338 0.011200
5555338 Z0 5555337 0.999335
5555338 Z0 5555336 0.000222
5555338 Z0 5555339 0.000222
5555338 Z0 5555338 0.000222
5555338 H 5544995 0.983021
5555338 H 5555338 0.002696
5555338 H 5544994 0.002380
5555338 H 5555339 0.002380
5555338 H 5544992 0.002380
5555338 H 5555336 0.002380
5555338 H 5544993 0.002380
5555338 H 5555337 0.002380
5555338 X2 5544995 0.999839
5555338 X2 5555338 0.000161
5555339 P2 5596718 0.988800
5555339 P2 5555339 0.011200
5555339 Z0 5555336 0.999335
5555339 Z0 5555337 0.000222
5555339 Z0 5555338 0.000222
5555339 Z0 5555339 0.000222
5555339 H 5544994 0.983021
5555339 H 5555339 0.002696
5555339 H 5544995 0.002380
5555339 H 5555338 0.002380
5555339 H 5544993 0.002380
5555339 H 5555337 0.002380
5555339 H 5544992 0.002380
5555339 H 5555336 0.002380
5555339 X2 5544994 0.999839
5555339 X2 5555339 0.000161
5555346 P2 5544993 0.997000
5555346 P2 5555346 0.003000
5555346 Z0 5576034 0.999335
5555346 Z0 5565690 0.000222
5555346 Z0 5544998 0.000222
5555346 Z0 5555346 0.000222
5555346 H 5555346 0.983021
5555346 H 5596716 0.002696
5555346 H 5544998 0.002380
5555346 H 5596715 0.002380
5555346 H 5565690 0.002380
5555346 H 5596718 0.002380
5555346 H 5576034 0.002380
5555346 H 5596717 0.002380
5555346 X2 5596716 0.999839
5555346 X2 5555346 0.000161
5565690 P2 5544994 0.997000
5565690 P2 5565690 0.003000
5565690 Z0 5544998 0.999335
5565690 Z0 5555346 0.000222
5565690 Z0 5576034 0.000222
5565690 Z0 5565690 0.000222
5565690 H 5596718 0.983021
5565690 H 5565690 0.002696
5565690 H 5596717 0.002380
5565690 H 5576034 0.002380
5565690 H 5596716 0.002380
5565690 H 5555346 0.002380
5565690 H 5596715 0.002380
5565690 H 5544998 0.002380
5565690 X2 5596718 0.999839
5565690 X2 5565690 0.000161
5576034 P2 5544995 0.997000
5576034 P2 5576034 0.003000
5576034 Z0 5555346 0.999335
5576034 Z0 5544998 0.000222
5576034 Z0 5565690 0.000222
5576034 Z0 5576034 0.000222
5576034 H 5596717 0.983021
5576034 H 5576034 0.002696
5576034 H 5596718 0.002380
5576034 H 5565690 0.002380
5576034 H 5596715 0.002380
5576034 H 5544998 0.002380
5576034 H 5596716 0.002380
5576034 H 5555346 0.002380
5576034 X2 5596717 0.999839
5576034 X2 5576034 0.000161
5596715 P2 5596715 0.988800
5596715 P2 5555336 0.011200
5596715 Z0 5596718 0.999335
5596715 Z0 5596717 0.000222
5596715 Z0 5596716 0.000222
5596715 Z0 5596715 0.000222
5596715 H 5596715 0.983021
5596715 H 5544998 0.002696
5596715 H 5596716 0.002380
5596715 H 5555346 0.002380
5596715 H 5596717 0.002380
5596715 H 5576034 0.002380
5596715 H 5596718 0.002380
5596715 H 5565690 0.002380
5596715 X2 5544998 0.999839
5596715 X2 5596715 0.000161
5596716 P2 5596716 0.988800
5596716 P2 5555337 0.011200
5596716 Z0 5596717 0.999335
5596716 Z0 5596718 0.000222
5596716 Z0 5596715 0.000222
5596716 Z0 5596716 0.000222
5596716 H 5596716 0.983021
5596716 H 5555346 0.002696
5596716 H 5596715 0.002380
5596716 H 5544998 0.002380
5596716 H 5596718 0.002380
5596716 H 5565690 0.002380
5596716 H 5596717 0.002380
5596716 H 5576034 0.002380
5596716 X2 5555346 0.999839
5596716 X2 5596716 0.000161
5596717 P2 5596717 0.988800
5596717 P2 5555338 0.011200
5596717 Z0 5596716 0.999335
5596717 Z0 5596715 0.000222
5596717 Z0 5596718 0.000222
5596717 Z0 5596717 0.000222
5596717 H 5576034 0.983021
5596717 H 5596717 0.002696
5596717 H 5565690 0.002380
5596717 H 5596718 0.002380
5596717 H 5544998 0.002380
5596717 H 5596715 0.002380
5596717 H 5555346 0.002380
5596717 H 5596716 0.002380
5596717 X2 5576034 0.999839
5596717 X2 5596717 0.000161
5596718 P2 5596718 0.988800
5596718 P2 5555339 0.011200
5596718 Z0 5596715 0.999335
5596718 Z0 5596716 0.000222
5596718 Z0 5596717 0.000222
5596718 Z0 5596718 0.000222
5596718 H 5565690 0.983021
5596718 H 5596718 0.002696
5596718 H 5576034 0.002380
5596718 H 5596717 0.002380
5596718 H 5555346 0.002380
5596718 H 5596716 0.002380
5596718 H 5544998 0.002380
5596718 H 5596715 0.002380
5596718 X2 5565690 0.999839
5596718 X2 5596718 0.000161
ENDPOMDP
