BEGINPOMDP
INITIALSTATE: 6207011
STATES: 6207011,6207012,6207013,6207014,6207015,6238054,6207018,6217356,6217357,6217358,6258735,6258736,6217359,6258737,6258738,6217366,6227710
REWARDS: 6207011:0.0,6207012:1.0,6207013:1.0,6207014:0.0,6207015:0.0,6238054:0.0,6207018:1.0,6217356:1.0,6217357:1.0,6217358:0.0,6258735:1.0,6258736:1.0,6217359:0.0,6258737:0.0,6258738:0.0,6217366:1.0,6227710:0.0
GAMMA: 6207011:0,6207012:0,6207013:0,6207014:0,6207015:0,6238054:1,6207018:1,6217356:0,6217357:0,6217358:0,6258735:1,6258736:1,6217359:0,6258737:1,6258738:1,6217366:1,6227710:1
BEGINACTIONS
P2
Z0
H
X2
ENDACTIONS
6207011 INIT_ 6207012 0.250000
6207011 INIT_ 6207013 0.250000
6207011 INIT_ 6207014 0.250000
6207011 INIT_ 6207015 0.250000
6207012 P2 6207012 0.812600
6207012 P2 6207018 0.187400
6207012 Z0 6207014 0.998523
6207012 Z0 6207015 0.000492
6207012 Z0 6207013 0.000492
6207012 Z0 6207012 0.000492
6207012 H 6207012 0.956537
6207012 H 6217356 0.006935
6207012 H 6207013 0.006088
6207012 H 6217357 0.006088
6207012 H 6207015 0.006088
6207012 H 6217358 0.006088
6207012 H 6207014 0.006088
6207012 H 6217359 0.006088
6207012 X2 6217356 0.999555
6207012 X2 6207012 0.000445
6207013 P2 6207013 0.812600
6207013 P2 6217366 0.187400
6207013 Z0 6207015 0.998523
6207013 Z0 6207014 0.000492
6207013 Z0 6207012 0.000492
6207013 Z0 6207013 0.000492
6207013 H 6207013 0.956537
6207013 H 6217357 0.006935
6207013 H 6207012 0.006088
6207013 H 6217356 0.006088
6207013 H 6207014 0.006088
6207013 H 6217359 0.006088
6207013 H 6207015 0.006088
6207013 H 6217358 0.006088
6207013 X2 6217357 0.999555
6207013 X2 6207013 0.000445
6207014 P2 6207014 0.812600
6207014 P2 6227710 0.187400
6207014 Z0 6207012 0.998523
6207014 Z0 6207013 0.000492
6207014 Z0 6207015 0.000492
6207014 Z0 6207014 0.000492
6207014 H 6217359 0.956537
6207014 H 6207014 0.006935
6207014 H 6217358 0.006088
6207014 H 6207015 0.006088
6207014 H 6217357 0.006088
6207014 H 6207013 0.006088
6207014 H 6217356 0.006088
6207014 H 6207012 0.006088
6207014 X2 6217359 0.999555
6207014 X2 6207014 0.000445
6207015 P2 6207015 0.812600
6207015 P2 6238054 0.187400
6207015 Z0 6207013 0.998523
6207015 Z0 6207012 0.000492
6207015 Z0 6207014 0.000492
6207015 Z0 6207015 0.000492
6207015 H 6217358 0.956537
6207015 H 6207015 0.006935
6207015 H 6217359 0.006088
6207015 H 6207014 0.006088
6207015 H 6217356 0.006088
6207015 H 6207012 0.006088
6207015 H 6217357 0.006088
6207015 H 6207013 0.006088
6207015 X2 6217358 0.999555
6207015 X2 6207015 0.000445
6207018 P2 6207012 0.812600
6207018 P2 6207018 0.187400
6207018 Z0 6227710 0.998523
6207018 Z0 6238054 0.000492
6207018 Z0 6217366 0.000492
6207018 Z0 6207018 0.000492
6207018 H 6207018 0.956537
6207018 H 6258735 0.006935
6207018 H 6217366 0.006088
6207018 H 6258736 0.006088
6207018 H 6238054 0.006088
6207018 H 6258737 0.006088
6207018 H 6227710 0.006088
6207018 H 6258738 0.006088
6207018 X2 6258735 0.999555
6207018 X2 6207018 0.000445
6217356 P2 6258735 0.981600
6217356 P2 6217356 0.018400
6217356 Z0 6217359 0.998523
6217356 Z0 6217358 0.000492
6217356 Z0 6217357 0.000492
6217356 Z0 6217356 0.000492
6217356 H 6217356 0.956537
6217356 H 6207012 0.006935
6217356 H 6217357 0.006088
6217356 H 6207013 0.006088
6217356 H 6217358 0.006088
6217356 H 6207015 0.006088
6217356 H 6217359 0.006088
6217356 H 6207014 0.006088
6217356 X2 6207012 0.999555
6217356 X2 6217356 0.000445
6217357 P2 6258736 0.981600
6217357 P2 6217357 0.018400
6217357 Z0 6217358 0.998523
6217357 Z0 6217359 0.000492
6217357 Z0 6217356 0.000492
6217357 Z0 6217357 0.000492
6217357 H 6217357 0.956537
6217357 H 6207013 0.006935
6217357 H 6217356 0.006088
6217357 H 6207012 0.006088
6217357 H 6217359 0.006088
6217357 H 6207014 0.006088
6217357 H 6217358 0.006088
6217357 H 6207015 0.006088
6217357 X2 6207013 0.999555
6217357 X2 6217357 0.000445
6217358 P2 6258737 0.981600
6217358 P2 6217358 0.018400
6217358 Z0 6217357 0.998523
6217358 Z0 6217356 0.000492
6217358 Z0 6217359 0.000492
6217358 Z0 6217358 0.000492
6217358 H 6207015 0.956537
6217358 H 6217358 0.006935
6217358 H 6207014 0.006088
6217358 H 6217359 0.006088
6217358 H 6207012 0.006088
6217358 H 6217356 0.006088
6217358 H 6207013 0.006088
6217358 H 6217357 0.006088
6217358 X2 6207015 0.999555
6217358 X2 6217358 0.000445
6217359 P2 6258738 0.981600
6217359 P2 6217359 0.018400
6217359 Z0 6217356 0.998523
6217359 Z0 6217357 0.000492
6217359 Z0 6217358 0.000492
6217359 Z0 6217359 0.000492
6217359 H 6207014 0.956537
6217359 H 6217359 0.006935
6217359 H 6207015 0.006088
6217359 H 6217358 0.006088
6217359 H 6207013 0.006088
6217359 H 6217357 0.006088
6217359 H 6207012 0.006088
6217359 H 6217356 0.006088
6217359 X2 6207014 0.999555
6217359 X2 6217359 0.000445
6217366 P2 6207013 0.812600
6217366 P2 6217366 0.187400
6217366 Z0 6238054 0.998523
6217366 Z0 6227710 0.000492
6217366 Z0 6207018 0.000492
6217366 Z0 6217366 0.000492
6217366 H 6217366 0.956537
6217366 H 6258736 0.006935
6217366 H 6207018 0.006088
6217366 H 6258735 0.006088
6217366 H 6227710 0.006088
6217366 H 6258738 0.006088
6217366 H 6238054 0.006088
6217366 H 6258737 0.006088
6217366 X2 6258736 0.999555
6217366 X2 6217366 0.000445
6227710 P2 6207014 0.812600
6227710 P2 6227710 0.187400
6227710 Z0 6207018 0.998523
6227710 Z0 6217366 0.000492
6227710 Z0 6238054 0.000492
6227710 Z0 6227710 0.000492
6227710 H 6258738 0.956537
6227710 H 6227710 0.006935
6227710 H 6258737 0.006088
6227710 H 6238054 0.006088
6227710 H 6258736 0.006088
6227710 H 6217366 0.006088
6227710 H 6258735 0.006088
6227710 H 6207018 0.006088
6227710 X2 6258738 0.999555
6227710 X2 6227710 0.000445
6238054 P2 6207015 0.812600
6238054 P2 6238054 0.187400
6238054 Z0 6217366 0.998523
6238054 Z0 6207018 0.000492
6238054 Z0 6227710 0.000492
6238054 Z0 6238054 0.000492
6238054 H 6258737 0.956537
6238054 H 6238054 0.006935
6238054 H 6258738 0.006088
6238054 H 6227710 0.006088
6238054 H 6258735 0.006088
6238054 H 6207018 0.006088
6238054 H 6258736 0.006088
6238054 H 6217366 0.006088
6238054 X2 6258737 0.999555
6238054 X2 6238054 0.000445
6258735 P2 6258735 0.981600
6258735 P2 6217356 0.018400
6258735 Z0 6258738 0.998523
6258735 Z0 6258737 0.000492
6258735 Z0 6258736 0.000492
6258735 Z0 6258735 0.000492
6258735 H 6258735 0.956537
6258735 H 6207018 0.006935
6258735 H 6258736 0.006088
6258735 H 6217366 0.006088
6258735 H 6258737 0.006088
6258735 H 6238054 0.006088
6258735 H 6258738 0.006088
6258735 H 6227710 0.006088
6258735 X2 6207018 0.999555
6258735 X2 6258735 0.000445
6258736 P2 6258736 0.981600
6258736 P2 6217357 0.018400
6258736 Z0 6258737 0.998523
6258736 Z0 6258738 0.000492
6258736 Z0 6258735 0.000492
6258736 Z0 6258736 0.000492
6258736 H 6258736 0.956537
6258736 H 6217366 0.006935
6258736 H 6258735 0.006088
6258736 H 6207018 0.006088
6258736 H 6258738 0.006088
6258736 H 6227710 0.006088
6258736 H 6258737 0.006088
6258736 H 6238054 0.006088
6258736 X2 6217366 0.999555
6258736 X2 6258736 0.000445
6258737 P2 6258737 0.981600
6258737 P2 6217358 0.018400
6258737 Z0 6258736 0.998523
6258737 Z0 6258735 0.000492
6258737 Z0 6258738 0.000492
6258737 Z0 6258737 0.000492
6258737 H 6238054 0.956537
6258737 H 6258737 0.006935
6258737 H 6227710 0.006088
6258737 H 6258738 0.006088
6258737 H 6207018 0.006088
6258737 H 6258735 0.006088
6258737 H 6217366 0.006088
6258737 H 6258736 0.006088
6258737 X2 6238054 0.999555
6258737 X2 6258737 0.000445
6258738 P2 6258738 0.981600
6258738 P2 6217359 0.018400
6258738 Z0 6258735 0.998523
6258738 Z0 6258736 0.000492
6258738 Z0 6258737 0.000492
6258738 Z0 6258738 0.000492
6258738 H 6227710 0.956537
6258738 H 6258738 0.006935
6258738 H 6238054 0.006088
6258738 H 6258737 0.006088
6258738 H 6217366 0.006088
6258738 H 6258736 0.006088
6258738 H 6207018 0.006088
6258738 H 6258735 0.006088
6258738 X2 6227710 0.999555
6258738 X2 6258738 0.000445
ENDPOMDP
