BEGINPOMDP
INITIALSTATE: 225281
STATES: 225281,225282,225283,225284,225285,225302,225303,225304,225305,225306,225307,225308,225309,225328,225367,225406,225445,225466,225467,225468,225469,225758,225759,225760,225761,225762,225763,225764,225765,225936,225975,226014,226053
TARGETV: 225282,225284,225328,225406,225466,225469,225936,226053
GAMMA: 225281:0,225282:0,225283:0,225284:0,225285:0,225302:0,225303:0,225304:0,225305:0,225306:0,225307:0,225308:0,225309:0,225328:1,225367:1,225406:1,225445:1,225466:0,225467:0,225468:0,225469:0,225758:1,225759:1,225760:1,225761:1,225762:1,225763:1,225764:1,225765:1,225936:1,225975:1,226014:1,226053:1
BEGINACTIONS
CX02
CX12
P2
X0
ENDACTIONS
225281 INIT_ 225282 0.250000
225281 INIT_ 225283 0.250000
225281 INIT_ 225284 0.250000
225281 INIT_ 225285 0.250000
225282 CX02 225302 0.986823
225282 CX02 225303 0.001882
225282 CX02 225304 0.001882
225282 CX02 225305 0.001882
225282 CX02 225306 0.001882
225282 CX02 225307 0.001882
225282 CX02 225308 0.001882
225282 CX02 225309 0.001882
225282 CX12 225302 0.989547
225282 CX12 225303 0.001493
225282 CX12 225304 0.001493
225282 CX12 225305 0.001493
225282 CX12 225307 0.001493
225282 CX12 225306 0.001493
225282 CX12 225309 0.001493
225282 CX12 225308 0.001493
225282 P2 225282 0.994800
225282 P2 225328 0.005200
225282 X0 225283 0.999332
225282 X0 225282 0.000223
225282 X0 225284 0.000223
225282 X0 225285 0.000223
225283 CX02 225307 0.986823
225283 CX02 225306 0.001882
225283 CX02 225309 0.001882
225283 CX02 225308 0.001882
225283 CX02 225303 0.001882
225283 CX02 225302 0.001882
225283 CX02 225305 0.001882
225283 CX02 225304 0.001882
225283 CX12 225306 0.989547
225283 CX12 225307 0.001493
225283 CX12 225308 0.001493
225283 CX12 225309 0.001493
225283 CX12 225303 0.001493
225283 CX12 225302 0.001493
225283 CX12 225305 0.001493
225283 CX12 225304 0.001493
225283 P2 225283 0.994800
225283 P2 225367 0.005200
225283 X0 225282 0.999332
225283 X0 225283 0.000223
225283 X0 225285 0.000223
225283 X0 225284 0.000223
225284 CX02 225305 0.986823
225284 CX02 225304 0.001882
225284 CX02 225303 0.001882
225284 CX02 225302 0.001882
225284 CX02 225309 0.001882
225284 CX02 225308 0.001882
225284 CX02 225307 0.001882
225284 CX02 225306 0.001882
225284 CX12 225305 0.989547
225284 CX12 225304 0.001493
225284 CX12 225303 0.001493
225284 CX12 225302 0.001493
225284 CX12 225308 0.001493
225284 CX12 225309 0.001493
225284 CX12 225306 0.001493
225284 CX12 225307 0.001493
225284 P2 225284 0.994800
225284 P2 225406 0.005200
225284 X0 225285 0.999332
225284 X0 225284 0.000223
225284 X0 225282 0.000223
225284 X0 225283 0.000223
225285 CX02 225308 0.986823
225285 CX02 225309 0.001882
225285 CX02 225306 0.001882
225285 CX02 225307 0.001882
225285 CX02 225304 0.001882
225285 CX02 225305 0.001882
225285 CX02 225302 0.001882
225285 CX02 225303 0.001882
225285 CX12 225309 0.989547
225285 CX12 225308 0.001493
225285 CX12 225307 0.001493
225285 CX12 225306 0.001493
225285 CX12 225304 0.001493
225285 CX12 225305 0.001493
225285 CX12 225302 0.001493
225285 CX12 225303 0.001493
225285 P2 225285 0.994800
225285 P2 225445 0.005200
225285 X0 225284 0.999332
225285 X0 225285 0.000223
225285 X0 225283 0.000223
225285 X0 225282 0.000223
225302 CX02 225282 0.986823
225302 CX02 225466 0.001882
225302 CX02 225283 0.001882
225302 CX02 225467 0.001882
225302 CX02 225285 0.001882
225302 CX02 225468 0.001882
225302 CX02 225284 0.001882
225302 CX02 225469 0.001882
225302 CX12 225282 0.989547
225302 CX12 225466 0.001493
225302 CX12 225283 0.001493
225302 CX12 225467 0.001493
225302 CX12 225285 0.001493
225302 CX12 225468 0.001493
225302 CX12 225284 0.001493
225302 CX12 225469 0.001493
225302 X0 225306 0.999332
225302 X0 225302 0.000223
225302 X0 225305 0.000223
225302 X0 225309 0.000223
225303 CX02 225466 0.986823
225303 CX02 225282 0.001882
225303 CX02 225467 0.001882
225303 CX02 225283 0.001882
225303 CX02 225468 0.001882
225303 CX02 225285 0.001882
225303 CX02 225469 0.001882
225303 CX02 225284 0.001882
225303 CX12 225466 0.989547
225303 CX12 225282 0.001493
225303 CX12 225467 0.001493
225303 CX12 225283 0.001493
225303 CX12 225468 0.001493
225303 CX12 225285 0.001493
225303 CX12 225469 0.001493
225303 CX12 225284 0.001493
225303 X0 225307 0.999332
225303 X0 225303 0.000223
225303 X0 225304 0.000223
225303 X0 225308 0.000223
225304 CX02 225469 0.986823
225304 CX02 225284 0.001882
225304 CX02 225468 0.001882
225304 CX02 225285 0.001882
225304 CX02 225467 0.001882
225304 CX02 225283 0.001882
225304 CX02 225466 0.001882
225304 CX02 225282 0.001882
225304 CX12 225469 0.989547
225304 CX12 225284 0.001493
225304 CX12 225468 0.001493
225304 CX12 225285 0.001493
225304 CX12 225467 0.001493
225304 CX12 225283 0.001493
225304 CX12 225466 0.001493
225304 CX12 225282 0.001493
225304 X0 225308 0.999332
225304 X0 225304 0.000223
225304 X0 225303 0.000223
225304 X0 225307 0.000223
225305 CX02 225284 0.986823
225305 CX02 225469 0.001882
225305 CX02 225285 0.001882
225305 CX02 225468 0.001882
225305 CX02 225283 0.001882
225305 CX02 225467 0.001882
225305 CX02 225282 0.001882
225305 CX02 225466 0.001882
225305 CX12 225284 0.989547
225305 CX12 225469 0.001493
225305 CX12 225285 0.001493
225305 CX12 225468 0.001493
225305 CX12 225283 0.001493
225305 CX12 225467 0.001493
225305 CX12 225282 0.001493
225305 CX12 225466 0.001493
225305 X0 225309 0.999332
225305 X0 225305 0.000223
225305 X0 225302 0.000223
225305 X0 225306 0.000223
225306 CX02 225467 0.986823
225306 CX02 225283 0.001882
225306 CX02 225466 0.001882
225306 CX02 225282 0.001882
225306 CX02 225469 0.001882
225306 CX02 225284 0.001882
225306 CX02 225468 0.001882
225306 CX02 225285 0.001882
225306 CX12 225283 0.989547
225306 CX12 225467 0.001493
225306 CX12 225282 0.001493
225306 CX12 225466 0.001493
225306 CX12 225284 0.001493
225306 CX12 225469 0.001493
225306 CX12 225285 0.001493
225306 CX12 225468 0.001493
225306 X0 225302 0.999332
225306 X0 225306 0.000223
225306 X0 225309 0.000223
225306 X0 225305 0.000223
225307 CX02 225283 0.986823
225307 CX02 225467 0.001882
225307 CX02 225282 0.001882
225307 CX02 225466 0.001882
225307 CX02 225284 0.001882
225307 CX02 225469 0.001882
225307 CX02 225285 0.001882
225307 CX02 225468 0.001882
225307 CX12 225467 0.989547
225307 CX12 225283 0.001493
225307 CX12 225466 0.001493
225307 CX12 225282 0.001493
225307 CX12 225469 0.001493
225307 CX12 225284 0.001493
225307 CX12 225468 0.001493
225307 CX12 225285 0.001493
225307 X0 225303 0.999332
225307 X0 225307 0.000223
225307 X0 225308 0.000223
225307 X0 225304 0.000223
225308 CX02 225285 0.986823
225308 CX02 225468 0.001882
225308 CX02 225284 0.001882
225308 CX02 225469 0.001882
225308 CX02 225282 0.001882
225308 CX02 225466 0.001882
225308 CX02 225283 0.001882
225308 CX02 225467 0.001882
225308 CX12 225468 0.989547
225308 CX12 225285 0.001493
225308 CX12 225469 0.001493
225308 CX12 225284 0.001493
225308 CX12 225466 0.001493
225308 CX12 225282 0.001493
225308 CX12 225467 0.001493
225308 CX12 225283 0.001493
225308 X0 225304 0.999332
225308 X0 225308 0.000223
225308 X0 225307 0.000223
225308 X0 225303 0.000223
225309 CX02 225468 0.986823
225309 CX02 225285 0.001882
225309 CX02 225469 0.001882
225309 CX02 225284 0.001882
225309 CX02 225466 0.001882
225309 CX02 225282 0.001882
225309 CX02 225467 0.001882
225309 CX02 225283 0.001882
225309 CX12 225285 0.989547
225309 CX12 225468 0.001493
225309 CX12 225284 0.001493
225309 CX12 225469 0.001493
225309 CX12 225282 0.001493
225309 CX12 225466 0.001493
225309 CX12 225283 0.001493
225309 CX12 225467 0.001493
225309 X0 225305 0.999332
225309 X0 225309 0.000223
225309 X0 225306 0.000223
225309 X0 225302 0.000223
225328 CX02 225758 0.986823
225328 CX02 225759 0.001882
225328 CX02 225760 0.001882
225328 CX02 225761 0.001882
225328 CX02 225762 0.001882
225328 CX02 225763 0.001882
225328 CX02 225764 0.001882
225328 CX02 225765 0.001882
225328 CX12 225758 0.989547
225328 CX12 225759 0.001493
225328 CX12 225760 0.001493
225328 CX12 225761 0.001493
225328 CX12 225763 0.001493
225328 CX12 225762 0.001493
225328 CX12 225765 0.001493
225328 CX12 225764 0.001493
225328 P2 225282 0.994800
225328 P2 225328 0.005200
225328 X0 225367 0.999332
225328 X0 225328 0.000223
225328 X0 225406 0.000223
225328 X0 225445 0.000223
225367 CX02 225763 0.986823
225367 CX02 225762 0.001882
225367 CX02 225765 0.001882
225367 CX02 225764 0.001882
225367 CX02 225759 0.001882
225367 CX02 225758 0.001882
225367 CX02 225761 0.001882
225367 CX02 225760 0.001882
225367 CX12 225762 0.989547
225367 CX12 225763 0.001493
225367 CX12 225764 0.001493
225367 CX12 225765 0.001493
225367 CX12 225759 0.001493
225367 CX12 225758 0.001493
225367 CX12 225761 0.001493
225367 CX12 225760 0.001493
225367 P2 225283 0.994800
225367 P2 225367 0.005200
225367 X0 225328 0.999332
225367 X0 225367 0.000223
225367 X0 225445 0.000223
225367 X0 225406 0.000223
225406 CX02 225761 0.986823
225406 CX02 225760 0.001882
225406 CX02 225759 0.001882
225406 CX02 225758 0.001882
225406 CX02 225765 0.001882
225406 CX02 225764 0.001882
225406 CX02 225763 0.001882
225406 CX02 225762 0.001882
225406 CX12 225761 0.989547
225406 CX12 225760 0.001493
225406 CX12 225759 0.001493
225406 CX12 225758 0.001493
225406 CX12 225764 0.001493
225406 CX12 225765 0.001493
225406 CX12 225762 0.001493
225406 CX12 225763 0.001493
225406 P2 225284 0.994800
225406 P2 225406 0.005200
225406 X0 225445 0.999332
225406 X0 225406 0.000223
225406 X0 225328 0.000223
225406 X0 225367 0.000223
225445 CX02 225764 0.986823
225445 CX02 225765 0.001882
225445 CX02 225762 0.001882
225445 CX02 225763 0.001882
225445 CX02 225760 0.001882
225445 CX02 225761 0.001882
225445 CX02 225758 0.001882
225445 CX02 225759 0.001882
225445 CX12 225765 0.989547
225445 CX12 225764 0.001493
225445 CX12 225763 0.001493
225445 CX12 225762 0.001493
225445 CX12 225760 0.001493
225445 CX12 225761 0.001493
225445 CX12 225758 0.001493
225445 CX12 225759 0.001493
225445 P2 225285 0.994800
225445 P2 225445 0.005200
225445 X0 225406 0.999332
225445 X0 225445 0.000223
225445 X0 225367 0.000223
225445 X0 225328 0.000223
225466 CX02 225303 0.986823
225466 CX02 225302 0.001882
225466 CX02 225305 0.001882
225466 CX02 225304 0.001882
225466 CX02 225307 0.001882
225466 CX02 225306 0.001882
225466 CX02 225309 0.001882
225466 CX02 225308 0.001882
225466 CX12 225303 0.989547
225466 CX12 225302 0.001493
225466 CX12 225305 0.001493
225466 CX12 225304 0.001493
225466 CX12 225306 0.001493
225466 CX12 225307 0.001493
225466 CX12 225308 0.001493
225466 CX12 225309 0.001493
225466 P2 225936 0.973200
225466 P2 225466 0.026800
225466 X0 225467 0.999332
225466 X0 225466 0.000223
225466 X0 225469 0.000223
225466 X0 225468 0.000223
225467 CX02 225306 0.986823
225467 CX02 225307 0.001882
225467 CX02 225308 0.001882
225467 CX02 225309 0.001882
225467 CX02 225302 0.001882
225467 CX02 225303 0.001882
225467 CX02 225304 0.001882
225467 CX02 225305 0.001882
225467 CX12 225307 0.989547
225467 CX12 225306 0.001493
225467 CX12 225309 0.001493
225467 CX12 225308 0.001493
225467 CX12 225302 0.001493
225467 CX12 225303 0.001493
225467 CX12 225304 0.001493
225467 CX12 225305 0.001493
225467 P2 225975 0.973200
225467 P2 225467 0.026800
225467 X0 225466 0.999332
225467 X0 225467 0.000223
225467 X0 225468 0.000223
225467 X0 225469 0.000223
225468 CX02 225309 0.986823
225468 CX02 225308 0.001882
225468 CX02 225307 0.001882
225468 CX02 225306 0.001882
225468 CX02 225305 0.001882
225468 CX02 225304 0.001882
225468 CX02 225303 0.001882
225468 CX02 225302 0.001882
225468 CX12 225308 0.989547
225468 CX12 225309 0.001493
225468 CX12 225306 0.001493
225468 CX12 225307 0.001493
225468 CX12 225305 0.001493
225468 CX12 225304 0.001493
225468 CX12 225303 0.001493
225468 CX12 225302 0.001493
225468 P2 226014 0.973200
225468 P2 225468 0.026800
225468 X0 225469 0.999332
225468 X0 225468 0.000223
225468 X0 225467 0.000223
225468 X0 225466 0.000223
225469 CX02 225304 0.986823
225469 CX02 225305 0.001882
225469 CX02 225302 0.001882
225469 CX02 225303 0.001882
225469 CX02 225308 0.001882
225469 CX02 225309 0.001882
225469 CX02 225306 0.001882
225469 CX02 225307 0.001882
225469 CX12 225304 0.989547
225469 CX12 225305 0.001493
225469 CX12 225302 0.001493
225469 CX12 225303 0.001493
225469 CX12 225309 0.001493
225469 CX12 225308 0.001493
225469 CX12 225307 0.001493
225469 CX12 225306 0.001493
225469 P2 226053 0.973200
225469 P2 225469 0.026800
225469 X0 225468 0.999332
225469 X0 225469 0.000223
225469 X0 225466 0.000223
225469 X0 225467 0.000223
225758 CX02 225328 0.986823
225758 CX02 225936 0.001882
225758 CX02 225367 0.001882
225758 CX02 225975 0.001882
225758 CX02 225445 0.001882
225758 CX02 226014 0.001882
225758 CX02 225406 0.001882
225758 CX02 226053 0.001882
225758 CX12 225328 0.989547
225758 CX12 225936 0.001493
225758 CX12 225367 0.001493
225758 CX12 225975 0.001493
225758 CX12 225445 0.001493
225758 CX12 226014 0.001493
225758 CX12 225406 0.001493
225758 CX12 226053 0.001493
225758 X0 225762 0.999332
225758 X0 225758 0.000223
225758 X0 225761 0.000223
225758 X0 225765 0.000223
225759 CX02 225936 0.986823
225759 CX02 225328 0.001882
225759 CX02 225975 0.001882
225759 CX02 225367 0.001882
225759 CX02 226014 0.001882
225759 CX02 225445 0.001882
225759 CX02 226053 0.001882
225759 CX02 225406 0.001882
225759 CX12 225936 0.989547
225759 CX12 225328 0.001493
225759 CX12 225975 0.001493
225759 CX12 225367 0.001493
225759 CX12 226014 0.001493
225759 CX12 225445 0.001493
225759 CX12 226053 0.001493
225759 CX12 225406 0.001493
225759 X0 225763 0.999332
225759 X0 225759 0.000223
225759 X0 225760 0.000223
225759 X0 225764 0.000223
225760 CX02 226053 0.986823
225760 CX02 225406 0.001882
225760 CX02 226014 0.001882
225760 CX02 225445 0.001882
225760 CX02 225975 0.001882
225760 CX02 225367 0.001882
225760 CX02 225936 0.001882
225760 CX02 225328 0.001882
225760 CX12 226053 0.989547
225760 CX12 225406 0.001493
225760 CX12 226014 0.001493
225760 CX12 225445 0.001493
225760 CX12 225975 0.001493
225760 CX12 225367 0.001493
225760 CX12 225936 0.001493
225760 CX12 225328 0.001493
225760 X0 225764 0.999332
225760 X0 225760 0.000223
225760 X0 225759 0.000223
225760 X0 225763 0.000223
225761 CX02 225406 0.986823
225761 CX02 226053 0.001882
225761 CX02 225445 0.001882
225761 CX02 226014 0.001882
225761 CX02 225367 0.001882
225761 CX02 225975 0.001882
225761 CX02 225328 0.001882
225761 CX02 225936 0.001882
225761 CX12 225406 0.989547
225761 CX12 226053 0.001493
225761 CX12 225445 0.001493
225761 CX12 226014 0.001493
225761 CX12 225367 0.001493
225761 CX12 225975 0.001493
225761 CX12 225328 0.001493
225761 CX12 225936 0.001493
225761 X0 225765 0.999332
225761 X0 225761 0.000223
225761 X0 225758 0.000223
225761 X0 225762 0.000223
225762 CX02 225975 0.986823
225762 CX02 225367 0.001882
225762 CX02 225936 0.001882
225762 CX02 225328 0.001882
225762 CX02 226053 0.001882
225762 CX02 225406 0.001882
225762 CX02 226014 0.001882
225762 CX02 225445 0.001882
225762 CX12 225367 0.989547
225762 CX12 225975 0.001493
225762 CX12 225328 0.001493
225762 CX12 225936 0.001493
225762 CX12 225406 0.001493
225762 CX12 226053 0.001493
225762 CX12 225445 0.001493
225762 CX12 226014 0.001493
225762 X0 225758 0.999332
225762 X0 225762 0.000223
225762 X0 225765 0.000223
225762 X0 225761 0.000223
225763 CX02 225367 0.986823
225763 CX02 225975 0.001882
225763 CX02 225328 0.001882
225763 CX02 225936 0.001882
225763 CX02 225406 0.001882
225763 CX02 226053 0.001882
225763 CX02 225445 0.001882
225763 CX02 226014 0.001882
225763 CX12 225975 0.989547
225763 CX12 225367 0.001493
225763 CX12 225936 0.001493
225763 CX12 225328 0.001493
225763 CX12 226053 0.001493
225763 CX12 225406 0.001493
225763 CX12 226014 0.001493
225763 CX12 225445 0.001493
225763 X0 225759 0.999332
225763 X0 225763 0.000223
225763 X0 225764 0.000223
225763 X0 225760 0.000223
225764 CX02 225445 0.986823
225764 CX02 226014 0.001882
225764 CX02 225406 0.001882
225764 CX02 226053 0.001882
225764 CX02 225328 0.001882
225764 CX02 225936 0.001882
225764 CX02 225367 0.001882
225764 CX02 225975 0.001882
225764 CX12 226014 0.989547
225764 CX12 225445 0.001493
225764 CX12 226053 0.001493
225764 CX12 225406 0.001493
225764 CX12 225936 0.001493
225764 CX12 225328 0.001493
225764 CX12 225975 0.001493
225764 CX12 225367 0.001493
225764 X0 225760 0.999332
225764 X0 225764 0.000223
225764 X0 225763 0.000223
225764 X0 225759 0.000223
225765 CX02 226014 0.986823
225765 CX02 225445 0.001882
225765 CX02 226053 0.001882
225765 CX02 225406 0.001882
225765 CX02 225936 0.001882
225765 CX02 225328 0.001882
225765 CX02 225975 0.001882
225765 CX02 225367 0.001882
225765 CX12 225445 0.989547
225765 CX12 226014 0.001493
225765 CX12 225406 0.001493
225765 CX12 226053 0.001493
225765 CX12 225328 0.001493
225765 CX12 225936 0.001493
225765 CX12 225367 0.001493
225765 CX12 225975 0.001493
225765 X0 225761 0.999332
225765 X0 225765 0.000223
225765 X0 225762 0.000223
225765 X0 225758 0.000223
225936 CX02 225759 0.986823
225936 CX02 225758 0.001882
225936 CX02 225761 0.001882
225936 CX02 225760 0.001882
225936 CX02 225763 0.001882
225936 CX02 225762 0.001882
225936 CX02 225765 0.001882
225936 CX02 225764 0.001882
225936 CX12 225759 0.989547
225936 CX12 225758 0.001493
225936 CX12 225761 0.001493
225936 CX12 225760 0.001493
225936 CX12 225762 0.001493
225936 CX12 225763 0.001493
225936 CX12 225764 0.001493
225936 CX12 225765 0.001493
225936 P2 225936 0.973200
225936 P2 225466 0.026800
225936 X0 225975 0.999332
225936 X0 225936 0.000223
225936 X0 226053 0.000223
225936 X0 226014 0.000223
225975 CX02 225762 0.986823
225975 CX02 225763 0.001882
225975 CX02 225764 0.001882
225975 CX02 225765 0.001882
225975 CX02 225758 0.001882
225975 CX02 225759 0.001882
225975 CX02 225760 0.001882
225975 CX02 225761 0.001882
225975 CX12 225763 0.989547
225975 CX12 225762 0.001493
225975 CX12 225765 0.001493
225975 CX12 225764 0.001493
225975 CX12 225758 0.001493
225975 CX12 225759 0.001493
225975 CX12 225760 0.001493
225975 CX12 225761 0.001493
225975 P2 225975 0.973200
225975 P2 225467 0.026800
225975 X0 225936 0.999332
225975 X0 225975 0.000223
225975 X0 226014 0.000223
225975 X0 226053 0.000223
226014 CX02 225765 0.986823
226014 CX02 225764 0.001882
226014 CX02 225763 0.001882
226014 CX02 225762 0.001882
226014 CX02 225761 0.001882
226014 CX02 225760 0.001882
226014 CX02 225759 0.001882
226014 CX02 225758 0.001882
226014 CX12 225764 0.989547
226014 CX12 225765 0.001493
226014 CX12 225762 0.001493
226014 CX12 225763 0.001493
226014 CX12 225761 0.001493
226014 CX12 225760 0.001493
226014 CX12 225759 0.001493
226014 CX12 225758 0.001493
226014 P2 226014 0.973200
226014 P2 225468 0.026800
226014 X0 226053 0.999332
226014 X0 226014 0.000223
226014 X0 225975 0.000223
226014 X0 225936 0.000223
226053 CX02 225760 0.986823
226053 CX02 225761 0.001882
226053 CX02 225758 0.001882
226053 CX02 225759 0.001882
226053 CX02 225764 0.001882
226053 CX02 225765 0.001882
226053 CX02 225762 0.001882
226053 CX02 225763 0.001882
226053 CX12 225760 0.989547
226053 CX12 225761 0.001493
226053 CX12 225758 0.001493
226053 CX12 225759 0.001493
226053 CX12 225765 0.001493
226053 CX12 225764 0.001493
226053 CX12 225763 0.001493
226053 CX12 225762 0.001493
226053 P2 226053 0.973200
226053 P2 225469 0.026800
226053 X0 226014 0.999332
226053 X0 226053 0.000223
226053 X0 225936 0.000223
226053 X0 225975 0.000223
ENDPOMDP
