BEGINPOMDP
INITIALSTATE: 233736
STATES: 233736,233737,233738,233739,233740,233757,233758,233759,233760,233761,233762,233763,233764,233783,233822,233861,233900,233921,233922,233923,233924,234213,234214,234215,234216,234217,234218,234219,234220,234391,234430,234469,234508
TARGETV: 233737,233739,233783,233861,233921,233924,234391,234508
GAMMA: 233736:0,233737:0,233738:0,233739:0,233740:0,233757:0,233758:0,233759:0,233760:0,233761:0,233762:0,233763:0,233764:0,233783:1,233822:1,233861:1,233900:1,233921:0,233922:0,233923:0,233924:0,234213:1,234214:1,234215:1,234216:1,234217:1,234218:1,234219:1,234220:1,234391:1,234430:1,234469:1,234508:1
BEGINACTIONS
CX02
CX12
P2
X0
ENDACTIONS
233736 INIT_ 233737 0.250000
233736 INIT_ 233738 0.250000
233736 INIT_ 233739 0.250000
233736 INIT_ 233740 0.250000
233737 CX02 233757 0.960442
233737 CX02 233758 0.005651
233737 CX02 233759 0.005651
233737 CX02 233760 0.005651
233737 CX02 233761 0.005651
233737 CX02 233762 0.005651
233737 CX02 233763 0.005651
233737 CX02 233764 0.005651
233737 CX12 233757 0.964077
233737 CX12 233758 0.005132
233737 CX12 233759 0.005132
233737 CX12 233760 0.005132
233737 CX12 233762 0.005132
233737 CX12 233761 0.005132
233737 CX12 233764 0.005132
233737 CX12 233763 0.005132
233737 P2 233737 0.840800
233737 P2 233783 0.159200
233737 X0 233738 0.999067
233737 X0 233737 0.000311
233737 X0 233739 0.000311
233737 X0 233740 0.000311
233738 CX02 233762 0.960442
233738 CX02 233761 0.005651
233738 CX02 233764 0.005651
233738 CX02 233763 0.005651
233738 CX02 233758 0.005651
233738 CX02 233757 0.005651
233738 CX02 233760 0.005651
233738 CX02 233759 0.005651
233738 CX12 233761 0.964077
233738 CX12 233762 0.005132
233738 CX12 233763 0.005132
233738 CX12 233764 0.005132
233738 CX12 233758 0.005132
233738 CX12 233757 0.005132
233738 CX12 233760 0.005132
233738 CX12 233759 0.005132
233738 P2 233738 0.840800
233738 P2 233822 0.159200
233738 X0 233737 0.999067
233738 X0 233738 0.000311
233738 X0 233740 0.000311
233738 X0 233739 0.000311
233739 CX02 233760 0.960442
233739 CX02 233759 0.005651
233739 CX02 233758 0.005651
233739 CX02 233757 0.005651
233739 CX02 233764 0.005651
233739 CX02 233763 0.005651
233739 CX02 233762 0.005651
233739 CX02 233761 0.005651
233739 CX12 233760 0.964077
233739 CX12 233759 0.005132
233739 CX12 233758 0.005132
233739 CX12 233757 0.005132
233739 CX12 233763 0.005132
233739 CX12 233764 0.005132
233739 CX12 233761 0.005132
233739 CX12 233762 0.005132
233739 P2 233739 0.840800
233739 P2 233861 0.159200
233739 X0 233740 0.999067
233739 X0 233739 0.000311
233739 X0 233737 0.000311
233739 X0 233738 0.000311
233740 CX02 233763 0.960442
233740 CX02 233764 0.005651
233740 CX02 233761 0.005651
233740 CX02 233762 0.005651
233740 CX02 233759 0.005651
233740 CX02 233760 0.005651
233740 CX02 233757 0.005651
233740 CX02 233758 0.005651
233740 CX12 233764 0.964077
233740 CX12 233763 0.005132
233740 CX12 233762 0.005132
233740 CX12 233761 0.005132
233740 CX12 233759 0.005132
233740 CX12 233760 0.005132
233740 CX12 233757 0.005132
233740 CX12 233758 0.005132
233740 P2 233740 0.840800
233740 P2 233900 0.159200
233740 X0 233739 0.999067
233740 X0 233740 0.000311
233740 X0 233738 0.000311
233740 X0 233737 0.000311
233757 CX02 233737 0.960442
233757 CX02 233921 0.005651
233757 CX02 233738 0.005651
233757 CX02 233922 0.005651
233757 CX02 233740 0.005651
233757 CX02 233923 0.005651
233757 CX02 233739 0.005651
233757 CX02 233924 0.005651
233757 CX12 233737 0.964077
233757 CX12 233921 0.005132
233757 CX12 233738 0.005132
233757 CX12 233922 0.005132
233757 CX12 233740 0.005132
233757 CX12 233923 0.005132
233757 CX12 233739 0.005132
233757 CX12 233924 0.005132
233757 X0 233761 0.999067
233757 X0 233757 0.000311
233757 X0 233760 0.000311
233757 X0 233764 0.000311
233758 CX02 233921 0.960442
233758 CX02 233737 0.005651
233758 CX02 233922 0.005651
233758 CX02 233738 0.005651
233758 CX02 233923 0.005651
233758 CX02 233740 0.005651
233758 CX02 233924 0.005651
233758 CX02 233739 0.005651
233758 CX12 233921 0.964077
233758 CX12 233737 0.005132
233758 CX12 233922 0.005132
233758 CX12 233738 0.005132
233758 CX12 233923 0.005132
233758 CX12 233740 0.005132
233758 CX12 233924 0.005132
233758 CX12 233739 0.005132
233758 X0 233762 0.999067
233758 X0 233758 0.000311
233758 X0 233759 0.000311
233758 X0 233763 0.000311
233759 CX02 233924 0.960442
233759 CX02 233739 0.005651
233759 CX02 233923 0.005651
233759 CX02 233740 0.005651
233759 CX02 233922 0.005651
233759 CX02 233738 0.005651
233759 CX02 233921 0.005651
233759 CX02 233737 0.005651
233759 CX12 233924 0.964077
233759 CX12 233739 0.005132
233759 CX12 233923 0.005132
233759 CX12 233740 0.005132
233759 CX12 233922 0.005132
233759 CX12 233738 0.005132
233759 CX12 233921 0.005132
233759 CX12 233737 0.005132
233759 X0 233763 0.999067
233759 X0 233759 0.000311
233759 X0 233758 0.000311
233759 X0 233762 0.000311
233760 CX02 233739 0.960442
233760 CX02 233924 0.005651
233760 CX02 233740 0.005651
233760 CX02 233923 0.005651
233760 CX02 233738 0.005651
233760 CX02 233922 0.005651
233760 CX02 233737 0.005651
233760 CX02 233921 0.005651
233760 CX12 233739 0.964077
233760 CX12 233924 0.005132
233760 CX12 233740 0.005132
233760 CX12 233923 0.005132
233760 CX12 233738 0.005132
233760 CX12 233922 0.005132
233760 CX12 233737 0.005132
233760 CX12 233921 0.005132
233760 X0 233764 0.999067
233760 X0 233760 0.000311
233760 X0 233757 0.000311
233760 X0 233761 0.000311
233761 CX02 233922 0.960442
233761 CX02 233738 0.005651
233761 CX02 233921 0.005651
233761 CX02 233737 0.005651
233761 CX02 233924 0.005651
233761 CX02 233739 0.005651
233761 CX02 233923 0.005651
233761 CX02 233740 0.005651
233761 CX12 233738 0.964077
233761 CX12 233922 0.005132
233761 CX12 233737 0.005132
233761 CX12 233921 0.005132
233761 CX12 233739 0.005132
233761 CX12 233924 0.005132
233761 CX12 233740 0.005132
233761 CX12 233923 0.005132
233761 X0 233757 0.999067
233761 X0 233761 0.000311
233761 X0 233764 0.000311
233761 X0 233760 0.000311
233762 CX02 233738 0.960442
233762 CX02 233922 0.005651
233762 CX02 233737 0.005651
233762 CX02 233921 0.005651
233762 CX02 233739 0.005651
233762 CX02 233924 0.005651
233762 CX02 233740 0.005651
233762 CX02 233923 0.005651
233762 CX12 233922 0.964077
233762 CX12 233738 0.005132
233762 CX12 233921 0.005132
233762 CX12 233737 0.005132
233762 CX12 233924 0.005132
233762 CX12 233739 0.005132
233762 CX12 233923 0.005132
233762 CX12 233740 0.005132
233762 X0 233758 0.999067
233762 X0 233762 0.000311
233762 X0 233763 0.000311
233762 X0 233759 0.000311
233763 CX02 233740 0.960442
233763 CX02 233923 0.005651
233763 CX02 233739 0.005651
233763 CX02 233924 0.005651
233763 CX02 233737 0.005651
233763 CX02 233921 0.005651
233763 CX02 233738 0.005651
233763 CX02 233922 0.005651
233763 CX12 233923 0.964077
233763 CX12 233740 0.005132
233763 CX12 233924 0.005132
233763 CX12 233739 0.005132
233763 CX12 233921 0.005132
233763 CX12 233737 0.005132
233763 CX12 233922 0.005132
233763 CX12 233738 0.005132
233763 X0 233759 0.999067
233763 X0 233763 0.000311
233763 X0 233762 0.000311
233763 X0 233758 0.000311
233764 CX02 233923 0.960442
233764 CX02 233740 0.005651
233764 CX02 233924 0.005651
233764 CX02 233739 0.005651
233764 CX02 233921 0.005651
233764 CX02 233737 0.005651
233764 CX02 233922 0.005651
233764 CX02 233738 0.005651
233764 CX12 233740 0.964077
233764 CX12 233923 0.005132
233764 CX12 233739 0.005132
233764 CX12 233924 0.005132
233764 CX12 233737 0.005132
233764 CX12 233921 0.005132
233764 CX12 233738 0.005132
233764 CX12 233922 0.005132
233764 X0 233760 0.999067
233764 X0 233764 0.000311
233764 X0 233761 0.000311
233764 X0 233757 0.000311
233783 CX02 234213 0.960442
233783 CX02 234214 0.005651
233783 CX02 234215 0.005651
233783 CX02 234216 0.005651
233783 CX02 234217 0.005651
233783 CX02 234218 0.005651
233783 CX02 234219 0.005651
233783 CX02 234220 0.005651
233783 CX12 234213 0.964077
233783 CX12 234214 0.005132
233783 CX12 234215 0.005132
233783 CX12 234216 0.005132
233783 CX12 234218 0.005132
233783 CX12 234217 0.005132
233783 CX12 234220 0.005132
233783 CX12 234219 0.005132
233783 P2 233737 0.840800
233783 P2 233783 0.159200
233783 X0 233822 0.999067
233783 X0 233783 0.000311
233783 X0 233861 0.000311
233783 X0 233900 0.000311
233822 CX02 234218 0.960442
233822 CX02 234217 0.005651
233822 CX02 234220 0.005651
233822 CX02 234219 0.005651
233822 CX02 234214 0.005651
233822 CX02 234213 0.005651
233822 CX02 234216 0.005651
233822 CX02 234215 0.005651
233822 CX12 234217 0.964077
233822 CX12 234218 0.005132
233822 CX12 234219 0.005132
233822 CX12 234220 0.005132
233822 CX12 234214 0.005132
233822 CX12 234213 0.005132
233822 CX12 234216 0.005132
233822 CX12 234215 0.005132
233822 P2 233738 0.840800
233822 P2 233822 0.159200
233822 X0 233783 0.999067
233822 X0 233822 0.000311
233822 X0 233900 0.000311
233822 X0 233861 0.000311
233861 CX02 234216 0.960442
233861 CX02 234215 0.005651
233861 CX02 234214 0.005651
233861 CX02 234213 0.005651
233861 CX02 234220 0.005651
233861 CX02 234219 0.005651
233861 CX02 234218 0.005651
233861 CX02 234217 0.005651
233861 CX12 234216 0.964077
233861 CX12 234215 0.005132
233861 CX12 234214 0.005132
233861 CX12 234213 0.005132
233861 CX12 234219 0.005132
233861 CX12 234220 0.005132
233861 CX12 234217 0.005132
233861 CX12 234218 0.005132
233861 P2 233739 0.840800
233861 P2 233861 0.159200
233861 X0 233900 0.999067
233861 X0 233861 0.000311
233861 X0 233783 0.000311
233861 X0 233822 0.000311
233900 CX02 234219 0.960442
233900 CX02 234220 0.005651
233900 CX02 234217 0.005651
233900 CX02 234218 0.005651
233900 CX02 234215 0.005651
233900 CX02 234216 0.005651
233900 CX02 234213 0.005651
233900 CX02 234214 0.005651
233900 CX12 234220 0.964077
233900 CX12 234219 0.005132
233900 CX12 234218 0.005132
233900 CX12 234217 0.005132
233900 CX12 234215 0.005132
233900 CX12 234216 0.005132
233900 CX12 234213 0.005132
233900 CX12 234214 0.005132
233900 P2 233740 0.840800
233900 P2 233900 0.159200
233900 X0 233861 0.999067
233900 X0 233900 0.000311
233900 X0 233822 0.000311
233900 X0 233783 0.000311
233921 CX02 233758 0.960442
233921 CX02 233757 0.005651
233921 CX02 233760 0.005651
233921 CX02 233759 0.005651
233921 CX02 233762 0.005651
233921 CX02 233761 0.005651
233921 CX02 233764 0.005651
233921 CX02 233763 0.005651
233921 CX12 233758 0.964077
233921 CX12 233757 0.005132
233921 CX12 233760 0.005132
233921 CX12 233759 0.005132
233921 CX12 233761 0.005132
233921 CX12 233762 0.005132
233921 CX12 233763 0.005132
233921 CX12 233764 0.005132
233921 P2 234391 0.815000
233921 P2 233921 0.185000
233921 X0 233922 0.999067
233921 X0 233921 0.000311
233921 X0 233924 0.000311
233921 X0 233923 0.000311
233922 CX02 233761 0.960442
233922 CX02 233762 0.005651
233922 CX02 233763 0.005651
233922 CX02 233764 0.005651
233922 CX02 233757 0.005651
233922 CX02 233758 0.005651
233922 CX02 233759 0.005651
233922 CX02 233760 0.005651
233922 CX12 233762 0.964077
233922 CX12 233761 0.005132
233922 CX12 233764 0.005132
233922 CX12 233763 0.005132
233922 CX12 233757 0.005132
233922 CX12 233758 0.005132
233922 CX12 233759 0.005132
233922 CX12 233760 0.005132
233922 P2 234430 0.815000
233922 P2 233922 0.185000
233922 X0 233921 0.999067
233922 X0 233922 0.000311
233922 X0 233923 0.000311
233922 X0 233924 0.000311
233923 CX02 233764 0.960442
233923 CX02 233763 0.005651
233923 CX02 233762 0.005651
233923 CX02 233761 0.005651
233923 CX02 233760 0.005651
233923 CX02 233759 0.005651
233923 CX02 233758 0.005651
233923 CX02 233757 0.005651
233923 CX12 233763 0.964077
233923 CX12 233764 0.005132
233923 CX12 233761 0.005132
233923 CX12 233762 0.005132
233923 CX12 233760 0.005132
233923 CX12 233759 0.005132
233923 CX12 233758 0.005132
233923 CX12 233757 0.005132
233923 P2 234469 0.815000
233923 P2 233923 0.185000
233923 X0 233924 0.999067
233923 X0 233923 0.000311
233923 X0 233922 0.000311
233923 X0 233921 0.000311
233924 CX02 233759 0.960442
233924 CX02 233760 0.005651
233924 CX02 233757 0.005651
233924 CX02 233758 0.005651
233924 CX02 233763 0.005651
233924 CX02 233764 0.005651
233924 CX02 233761 0.005651
233924 CX02 233762 0.005651
233924 CX12 233759 0.964077
233924 CX12 233760 0.005132
233924 CX12 233757 0.005132
233924 CX12 233758 0.005132
233924 CX12 233764 0.005132
233924 CX12 233763 0.005132
233924 CX12 233762 0.005132
233924 CX12 233761 0.005132
233924 P2 234508 0.815000
233924 P2 233924 0.185000
233924 X0 233923 0.999067
233924 X0 233924 0.000311
233924 X0 233921 0.000311
233924 X0 233922 0.000311
234213 CX02 233783 0.960442
234213 CX02 234391 0.005651
234213 CX02 233822 0.005651
234213 CX02 234430 0.005651
234213 CX02 233900 0.005651
234213 CX02 234469 0.005651
234213 CX02 233861 0.005651
234213 CX02 234508 0.005651
234213 CX12 233783 0.964077
234213 CX12 234391 0.005132
234213 CX12 233822 0.005132
234213 CX12 234430 0.005132
234213 CX12 233900 0.005132
234213 CX12 234469 0.005132
234213 CX12 233861 0.005132
234213 CX12 234508 0.005132
234213 X0 234217 0.999067
234213 X0 234213 0.000311
234213 X0 234216 0.000311
234213 X0 234220 0.000311
234214 CX02 234391 0.960442
234214 CX02 233783 0.005651
234214 CX02 234430 0.005651
234214 CX02 233822 0.005651
234214 CX02 234469 0.005651
234214 CX02 233900 0.005651
234214 CX02 234508 0.005651
234214 CX02 233861 0.005651
234214 CX12 234391 0.964077
234214 CX12 233783 0.005132
234214 CX12 234430 0.005132
234214 CX12 233822 0.005132
234214 CX12 234469 0.005132
234214 CX12 233900 0.005132
234214 CX12 234508 0.005132
234214 CX12 233861 0.005132
234214 X0 234218 0.999067
234214 X0 234214 0.000311
234214 X0 234215 0.000311
234214 X0 234219 0.000311
234215 CX02 234508 0.960442
234215 CX02 233861 0.005651
234215 CX02 234469 0.005651
234215 CX02 233900 0.005651
234215 CX02 234430 0.005651
234215 CX02 233822 0.005651
234215 CX02 234391 0.005651
234215 CX02 233783 0.005651
234215 CX12 234508 0.964077
234215 CX12 233861 0.005132
234215 CX12 234469 0.005132
234215 CX12 233900 0.005132
234215 CX12 234430 0.005132
234215 CX12 233822 0.005132
234215 CX12 234391 0.005132
234215 CX12 233783 0.005132
234215 X0 234219 0.999067
234215 X0 234215 0.000311
234215 X0 234214 0.000311
234215 X0 234218 0.000311
234216 CX02 233861 0.960442
234216 CX02 234508 0.005651
234216 CX02 233900 0.005651
234216 CX02 234469 0.005651
234216 CX02 233822 0.005651
234216 CX02 234430 0.005651
234216 CX02 233783 0.005651
234216 CX02 234391 0.005651
234216 CX12 233861 0.964077
234216 CX12 234508 0.005132
234216 CX12 233900 0.005132
234216 CX12 234469 0.005132
234216 CX12 233822 0.005132
234216 CX12 234430 0.005132
234216 CX12 233783 0.005132
234216 CX12 234391 0.005132
234216 X0 234220 0.999067
234216 X0 234216 0.000311
234216 X0 234213 0.000311
234216 X0 234217 0.000311
234217 CX02 234430 0.960442
234217 CX02 233822 0.005651
234217 CX02 234391 0.005651
234217 CX02 233783 0.005651
234217 CX02 234508 0.005651
234217 CX02 233861 0.005651
234217 CX02 234469 0.005651
234217 CX02 233900 0.005651
234217 CX12 233822 0.964077
234217 CX12 234430 0.005132
234217 CX12 233783 0.005132
234217 CX12 234391 0.005132
234217 CX12 233861 0.005132
234217 CX12 234508 0.005132
234217 CX12 233900 0.005132
234217 CX12 234469 0.005132
234217 X0 234213 0.999067
234217 X0 234217 0.000311
234217 X0 234220 0.000311
234217 X0 234216 0.000311
234218 CX02 233822 0.960442
234218 CX02 234430 0.005651
234218 CX02 233783 0.005651
234218 CX02 234391 0.005651
234218 CX02 233861 0.005651
234218 CX02 234508 0.005651
234218 CX02 233900 0.005651
234218 CX02 234469 0.005651
234218 CX12 234430 0.964077
234218 CX12 233822 0.005132
234218 CX12 234391 0.005132
234218 CX12 233783 0.005132
234218 CX12 234508 0.005132
234218 CX12 233861 0.005132
234218 CX12 234469 0.005132
234218 CX12 233900 0.005132
234218 X0 234214 0.999067
234218 X0 234218 0.000311
234218 X0 234219 0.000311
234218 X0 234215 0.000311
234219 CX02 233900 0.960442
234219 CX02 234469 0.005651
234219 CX02 233861 0.005651
234219 CX02 234508 0.005651
234219 CX02 233783 0.005651
234219 CX02 234391 0.005651
234219 CX02 233822 0.005651
234219 CX02 234430 0.005651
234219 CX12 234469 0.964077
234219 CX12 233900 0.005132
234219 CX12 234508 0.005132
234219 CX12 233861 0.005132
234219 CX12 234391 0.005132
234219 CX12 233783 0.005132
234219 CX12 234430 0.005132
234219 CX12 233822 0.005132
234219 X0 234215 0.999067
234219 X0 234219 0.000311
234219 X0 234218 0.000311
234219 X0 234214 0.000311
234220 CX02 234469 0.960442
234220 CX02 233900 0.005651
234220 CX02 234508 0.005651
234220 CX02 233861 0.005651
234220 CX02 234391 0.005651
234220 CX02 233783 0.005651
234220 CX02 234430 0.005651
234220 CX02 233822 0.005651
234220 CX12 233900 0.964077
234220 CX12 234469 0.005132
234220 CX12 233861 0.005132
234220 CX12 234508 0.005132
234220 CX12 233783 0.005132
234220 CX12 234391 0.005132
234220 CX12 233822 0.005132
234220 CX12 234430 0.005132
234220 X0 234216 0.999067
234220 X0 234220 0.000311
234220 X0 234217 0.000311
234220 X0 234213 0.000311
234391 CX02 234214 0.960442
234391 CX02 234213 0.005651
234391 CX02 234216 0.005651
234391 CX02 234215 0.005651
234391 CX02 234218 0.005651
234391 CX02 234217 0.005651
234391 CX02 234220 0.005651
234391 CX02 234219 0.005651
234391 CX12 234214 0.964077
234391 CX12 234213 0.005132
234391 CX12 234216 0.005132
234391 CX12 234215 0.005132
234391 CX12 234217 0.005132
234391 CX12 234218 0.005132
234391 CX12 234219 0.005132
234391 CX12 234220 0.005132
234391 P2 234391 0.815000
234391 P2 233921 0.185000
234391 X0 234430 0.999067
234391 X0 234391 0.000311
234391 X0 234508 0.000311
234391 X0 234469 0.000311
234430 CX02 234217 0.960442
234430 CX02 234218 0.005651
234430 CX02 234219 0.005651
234430 CX02 234220 0.005651
234430 CX02 234213 0.005651
234430 CX02 234214 0.005651
234430 CX02 234215 0.005651
234430 CX02 234216 0.005651
234430 CX12 234218 0.964077
234430 CX12 234217 0.005132
234430 CX12 234220 0.005132
234430 CX12 234219 0.005132
234430 CX12 234213 0.005132
234430 CX12 234214 0.005132
234430 CX12 234215 0.005132
234430 CX12 234216 0.005132
234430 P2 234430 0.815000
234430 P2 233922 0.185000
234430 X0 234391 0.999067
234430 X0 234430 0.000311
234430 X0 234469 0.000311
234430 X0 234508 0.000311
234469 CX02 234220 0.960442
234469 CX02 234219 0.005651
234469 CX02 234218 0.005651
234469 CX02 234217 0.005651
234469 CX02 234216 0.005651
234469 CX02 234215 0.005651
234469 CX02 234214 0.005651
234469 CX02 234213 0.005651
234469 CX12 234219 0.964077
234469 CX12 234220 0.005132
234469 CX12 234217 0.005132
234469 CX12 234218 0.005132
234469 CX12 234216 0.005132
234469 CX12 234215 0.005132
234469 CX12 234214 0.005132
234469 CX12 234213 0.005132
234469 P2 234469 0.815000
234469 P2 233923 0.185000
234469 X0 234508 0.999067
234469 X0 234469 0.000311
234469 X0 234430 0.000311
234469 X0 234391 0.000311
234508 CX02 234215 0.960442
234508 CX02 234216 0.005651
234508 CX02 234213 0.005651
234508 CX02 234214 0.005651
234508 CX02 234219 0.005651
234508 CX02 234220 0.005651
234508 CX02 234217 0.005651
234508 CX02 234218 0.005651
234508 CX12 234215 0.964077
234508 CX12 234216 0.005132
234508 CX12 234213 0.005132
234508 CX12 234214 0.005132
234508 CX12 234220 0.005132
234508 CX12 234219 0.005132
234508 CX12 234218 0.005132
234508 CX12 234217 0.005132
234508 P2 234508 0.815000
234508 P2 233924 0.185000
234508 X0 234469 0.999067
234508 X0 234508 0.000311
234508 X0 234391 0.000311
234508 X0 234430 0.000311
ENDPOMDP
