BEGINPOMDP
INITIALSTATE: 24341
STATES: 24466,24341,24342,24343,24344,25113,24345,24996,24362,24363,24364,24365,24366,24367,24368,24369,24505,24388,25035,24526,24527,24528,24529,24427,24818,24819,24820,24821,24822,24823,24824,24825,25074
TARGETV: 24466,24342,24344,25113,24996,24388,24526,24529
GAMMA: 24466:1,24341:0,24342:0,24343:0,24344:0,25113:1,24345:0,24996:1,24362:0,24363:0,24364:0,24365:0,24366:0,24367:0,24368:0,24369:0,24505:1,24388:1,25035:1,24526:0,24527:0,24528:0,24529:0,24427:1,24818:1,24819:1,24820:1,24821:1,24822:1,24823:1,24824:1,24825:1,25074:1
BEGINACTIONS
CX02
CX12
P2
X0
ENDACTIONS
24341 INIT_ 24342 0.250000
24341 INIT_ 24343 0.250000
24341 INIT_ 24344 0.250000
24341 INIT_ 24345 0.250000
24342 CX02 24362 0.984541
24342 CX02 24363 0.002208
24342 CX02 24364 0.002208
24342 CX02 24365 0.002208
24342 CX02 24366 0.002208
24342 CX02 24367 0.002208
24342 CX02 24368 0.002208
24342 CX02 24369 0.002208
24342 CX12 24362 0.990053
24342 CX12 24363 0.001421
24342 CX12 24364 0.001421
24342 CX12 24365 0.001421
24342 CX12 24367 0.001421
24342 CX12 24366 0.001421
24342 CX12 24369 0.001421
24342 CX12 24368 0.001421
24342 P2 24342 0.980000
24342 P2 24388 0.020000
24342 X0 24343 0.998724
24342 X0 24342 0.000425
24342 X0 24344 0.000425
24342 X0 24345 0.000425
24343 CX02 24367 0.984541
24343 CX02 24366 0.002208
24343 CX02 24369 0.002208
24343 CX02 24368 0.002208
24343 CX02 24363 0.002208
24343 CX02 24362 0.002208
24343 CX02 24365 0.002208
24343 CX02 24364 0.002208
24343 CX12 24366 0.990053
24343 CX12 24367 0.001421
24343 CX12 24368 0.001421
24343 CX12 24369 0.001421
24343 CX12 24363 0.001421
24343 CX12 24362 0.001421
24343 CX12 24365 0.001421
24343 CX12 24364 0.001421
24343 P2 24343 0.980000
24343 P2 24427 0.020000
24343 X0 24342 0.998724
24343 X0 24343 0.000425
24343 X0 24345 0.000425
24343 X0 24344 0.000425
24344 CX02 24365 0.984541
24344 CX02 24364 0.002208
24344 CX02 24363 0.002208
24344 CX02 24362 0.002208
24344 CX02 24369 0.002208
24344 CX02 24368 0.002208
24344 CX02 24367 0.002208
24344 CX02 24366 0.002208
24344 CX12 24365 0.990053
24344 CX12 24364 0.001421
24344 CX12 24363 0.001421
24344 CX12 24362 0.001421
24344 CX12 24368 0.001421
24344 CX12 24369 0.001421
24344 CX12 24366 0.001421
24344 CX12 24367 0.001421
24344 P2 24344 0.980000
24344 P2 24466 0.020000
24344 X0 24345 0.998724
24344 X0 24344 0.000425
24344 X0 24342 0.000425
24344 X0 24343 0.000425
24345 CX02 24368 0.984541
24345 CX02 24369 0.002208
24345 CX02 24366 0.002208
24345 CX02 24367 0.002208
24345 CX02 24364 0.002208
24345 CX02 24365 0.002208
24345 CX02 24362 0.002208
24345 CX02 24363 0.002208
24345 CX12 24369 0.990053
24345 CX12 24368 0.001421
24345 CX12 24367 0.001421
24345 CX12 24366 0.001421
24345 CX12 24364 0.001421
24345 CX12 24365 0.001421
24345 CX12 24362 0.001421
24345 CX12 24363 0.001421
24345 P2 24345 0.980000
24345 P2 24505 0.020000
24345 X0 24344 0.998724
24345 X0 24345 0.000425
24345 X0 24343 0.000425
24345 X0 24342 0.000425
24362 CX02 24342 0.984541
24362 CX02 24526 0.002208
24362 CX02 24343 0.002208
24362 CX02 24527 0.002208
24362 CX02 24345 0.002208
24362 CX02 24528 0.002208
24362 CX02 24344 0.002208
24362 CX02 24529 0.002208
24362 CX12 24342 0.990053
24362 CX12 24526 0.001421
24362 CX12 24343 0.001421
24362 CX12 24527 0.001421
24362 CX12 24345 0.001421
24362 CX12 24528 0.001421
24362 CX12 24344 0.001421
24362 CX12 24529 0.001421
24362 X0 24366 0.998724
24362 X0 24362 0.000425
24362 X0 24365 0.000425
24362 X0 24369 0.000425
24363 CX02 24526 0.984541
24363 CX02 24342 0.002208
24363 CX02 24527 0.002208
24363 CX02 24343 0.002208
24363 CX02 24528 0.002208
24363 CX02 24345 0.002208
24363 CX02 24529 0.002208
24363 CX02 24344 0.002208
24363 CX12 24526 0.990053
24363 CX12 24342 0.001421
24363 CX12 24527 0.001421
24363 CX12 24343 0.001421
24363 CX12 24528 0.001421
24363 CX12 24345 0.001421
24363 CX12 24529 0.001421
24363 CX12 24344 0.001421
24363 X0 24367 0.998724
24363 X0 24363 0.000425
24363 X0 24364 0.000425
24363 X0 24368 0.000425
24364 CX02 24529 0.984541
24364 CX02 24344 0.002208
24364 CX02 24528 0.002208
24364 CX02 24345 0.002208
24364 CX02 24527 0.002208
24364 CX02 24343 0.002208
24364 CX02 24526 0.002208
24364 CX02 24342 0.002208
24364 CX12 24529 0.990053
24364 CX12 24344 0.001421
24364 CX12 24528 0.001421
24364 CX12 24345 0.001421
24364 CX12 24527 0.001421
24364 CX12 24343 0.001421
24364 CX12 24526 0.001421
24364 CX12 24342 0.001421
24364 X0 24368 0.998724
24364 X0 24364 0.000425
24364 X0 24363 0.000425
24364 X0 24367 0.000425
24365 CX02 24344 0.984541
24365 CX02 24529 0.002208
24365 CX02 24345 0.002208
24365 CX02 24528 0.002208
24365 CX02 24343 0.002208
24365 CX02 24527 0.002208
24365 CX02 24342 0.002208
24365 CX02 24526 0.002208
24365 CX12 24344 0.990053
24365 CX12 24529 0.001421
24365 CX12 24345 0.001421
24365 CX12 24528 0.001421
24365 CX12 24343 0.001421
24365 CX12 24527 0.001421
24365 CX12 24342 0.001421
24365 CX12 24526 0.001421
24365 X0 24369 0.998724
24365 X0 24365 0.000425
24365 X0 24362 0.000425
24365 X0 24366 0.000425
24366 CX02 24527 0.984541
24366 CX02 24343 0.002208
24366 CX02 24526 0.002208
24366 CX02 24342 0.002208
24366 CX02 24529 0.002208
24366 CX02 24344 0.002208
24366 CX02 24528 0.002208
24366 CX02 24345 0.002208
24366 CX12 24343 0.990053
24366 CX12 24527 0.001421
24366 CX12 24342 0.001421
24366 CX12 24526 0.001421
24366 CX12 24344 0.001421
24366 CX12 24529 0.001421
24366 CX12 24345 0.001421
24366 CX12 24528 0.001421
24366 X0 24362 0.998724
24366 X0 24366 0.000425
24366 X0 24369 0.000425
24366 X0 24365 0.000425
24367 CX02 24343 0.984541
24367 CX02 24527 0.002208
24367 CX02 24342 0.002208
24367 CX02 24526 0.002208
24367 CX02 24344 0.002208
24367 CX02 24529 0.002208
24367 CX02 24345 0.002208
24367 CX02 24528 0.002208
24367 CX12 24527 0.990053
24367 CX12 24343 0.001421
24367 CX12 24526 0.001421
24367 CX12 24342 0.001421
24367 CX12 24529 0.001421
24367 CX12 24344 0.001421
24367 CX12 24528 0.001421
24367 CX12 24345 0.001421
24367 X0 24363 0.998724
24367 X0 24367 0.000425
24367 X0 24368 0.000425
24367 X0 24364 0.000425
24368 CX02 24345 0.984541
24368 CX02 24528 0.002208
24368 CX02 24344 0.002208
24368 CX02 24529 0.002208
24368 CX02 24342 0.002208
24368 CX02 24526 0.002208
24368 CX02 24343 0.002208
24368 CX02 24527 0.002208
24368 CX12 24528 0.990053
24368 CX12 24345 0.001421
24368 CX12 24529 0.001421
24368 CX12 24344 0.001421
24368 CX12 24526 0.001421
24368 CX12 24342 0.001421
24368 CX12 24527 0.001421
24368 CX12 24343 0.001421
24368 X0 24364 0.998724
24368 X0 24368 0.000425
24368 X0 24367 0.000425
24368 X0 24363 0.000425
24369 CX02 24528 0.984541
24369 CX02 24345 0.002208
24369 CX02 24529 0.002208
24369 CX02 24344 0.002208
24369 CX02 24526 0.002208
24369 CX02 24342 0.002208
24369 CX02 24527 0.002208
24369 CX02 24343 0.002208
24369 CX12 24345 0.990053
24369 CX12 24528 0.001421
24369 CX12 24344 0.001421
24369 CX12 24529 0.001421
24369 CX12 24342 0.001421
24369 CX12 24526 0.001421
24369 CX12 24343 0.001421
24369 CX12 24527 0.001421
24369 X0 24365 0.998724
24369 X0 24369 0.000425
24369 X0 24366 0.000425
24369 X0 24362 0.000425
24388 CX02 24818 0.984541
24388 CX02 24819 0.002208
24388 CX02 24820 0.002208
24388 CX02 24821 0.002208
24388 CX02 24822 0.002208
24388 CX02 24823 0.002208
24388 CX02 24824 0.002208
24388 CX02 24825 0.002208
24388 CX12 24818 0.990053
24388 CX12 24819 0.001421
24388 CX12 24820 0.001421
24388 CX12 24821 0.001421
24388 CX12 24823 0.001421
24388 CX12 24822 0.001421
24388 CX12 24825 0.001421
24388 CX12 24824 0.001421
24388 P2 24342 0.980000
24388 P2 24388 0.020000
24388 X0 24427 0.998724
24388 X0 24388 0.000425
24388 X0 24466 0.000425
24388 X0 24505 0.000425
24427 CX02 24823 0.984541
24427 CX02 24822 0.002208
24427 CX02 24825 0.002208
24427 CX02 24824 0.002208
24427 CX02 24819 0.002208
24427 CX02 24818 0.002208
24427 CX02 24821 0.002208
24427 CX02 24820 0.002208
24427 CX12 24822 0.990053
24427 CX12 24823 0.001421
24427 CX12 24824 0.001421
24427 CX12 24825 0.001421
24427 CX12 24819 0.001421
24427 CX12 24818 0.001421
24427 CX12 24821 0.001421
24427 CX12 24820 0.001421
24427 P2 24343 0.980000
24427 P2 24427 0.020000
24427 X0 24388 0.998724
24427 X0 24427 0.000425
24427 X0 24505 0.000425
24427 X0 24466 0.000425
24466 CX02 24821 0.984541
24466 CX02 24820 0.002208
24466 CX02 24819 0.002208
24466 CX02 24818 0.002208
24466 CX02 24825 0.002208
24466 CX02 24824 0.002208
24466 CX02 24823 0.002208
24466 CX02 24822 0.002208
24466 CX12 24821 0.990053
24466 CX12 24820 0.001421
24466 CX12 24819 0.001421
24466 CX12 24818 0.001421
24466 CX12 24824 0.001421
24466 CX12 24825 0.001421
24466 CX12 24822 0.001421
24466 CX12 24823 0.001421
24466 P2 24344 0.980000
24466 P2 24466 0.020000
24466 X0 24505 0.998724
24466 X0 24466 0.000425
24466 X0 24388 0.000425
24466 X0 24427 0.000425
24505 CX02 24824 0.984541
24505 CX02 24825 0.002208
24505 CX02 24822 0.002208
24505 CX02 24823 0.002208
24505 CX02 24820 0.002208
24505 CX02 24821 0.002208
24505 CX02 24818 0.002208
24505 CX02 24819 0.002208
24505 CX12 24825 0.990053
24505 CX12 24824 0.001421
24505 CX12 24823 0.001421
24505 CX12 24822 0.001421
24505 CX12 24820 0.001421
24505 CX12 24821 0.001421
24505 CX12 24818 0.001421
24505 CX12 24819 0.001421
24505 P2 24345 0.980000
24505 P2 24505 0.020000
24505 X0 24466 0.998724
24505 X0 24505 0.000425
24505 X0 24427 0.000425
24505 X0 24388 0.000425
24526 CX02 24363 0.984541
24526 CX02 24362 0.002208
24526 CX02 24365 0.002208
24526 CX02 24364 0.002208
24526 CX02 24367 0.002208
24526 CX02 24366 0.002208
24526 CX02 24369 0.002208
24526 CX02 24368 0.002208
24526 CX12 24363 0.990053
24526 CX12 24362 0.001421
24526 CX12 24365 0.001421
24526 CX12 24364 0.001421
24526 CX12 24366 0.001421
24526 CX12 24367 0.001421
24526 CX12 24368 0.001421
24526 CX12 24369 0.001421
24526 P2 24996 0.923333
24526 P2 24526 0.076667
24526 X0 24527 0.998724
24526 X0 24526 0.000425
24526 X0 24529 0.000425
24526 X0 24528 0.000425
24527 CX02 24366 0.984541
24527 CX02 24367 0.002208
24527 CX02 24368 0.002208
24527 CX02 24369 0.002208
24527 CX02 24362 0.002208
24527 CX02 24363 0.002208
24527 CX02 24364 0.002208
24527 CX02 24365 0.002208
24527 CX12 24367 0.990053
24527 CX12 24366 0.001421
24527 CX12 24369 0.001421
24527 CX12 24368 0.001421
24527 CX12 24362 0.001421
24527 CX12 24363 0.001421
24527 CX12 24364 0.001421
24527 CX12 24365 0.001421
24527 P2 25035 0.923333
24527 P2 24527 0.076667
24527 X0 24526 0.998724
24527 X0 24527 0.000425
24527 X0 24528 0.000425
24527 X0 24529 0.000425
24528 CX02 24369 0.984541
24528 CX02 24368 0.002208
24528 CX02 24367 0.002208
24528 CX02 24366 0.002208
24528 CX02 24365 0.002208
24528 CX02 24364 0.002208
24528 CX02 24363 0.002208
24528 CX02 24362 0.002208
24528 CX12 24368 0.990053
24528 CX12 24369 0.001421
24528 CX12 24366 0.001421
24528 CX12 24367 0.001421
24528 CX12 24365 0.001421
24528 CX12 24364 0.001421
24528 CX12 24363 0.001421
24528 CX12 24362 0.001421
24528 P2 25074 0.923333
24528 P2 24528 0.076667
24528 X0 24529 0.998724
24528 X0 24528 0.000425
24528 X0 24527 0.000425
24528 X0 24526 0.000425
24529 CX02 24364 0.984541
24529 CX02 24365 0.002208
24529 CX02 24362 0.002208
24529 CX02 24363 0.002208
24529 CX02 24368 0.002208
24529 CX02 24369 0.002208
24529 CX02 24366 0.002208
24529 CX02 24367 0.002208
24529 CX12 24364 0.990053
24529 CX12 24365 0.001421
24529 CX12 24362 0.001421
24529 CX12 24363 0.001421
24529 CX12 24369 0.001421
24529 CX12 24368 0.001421
24529 CX12 24367 0.001421
24529 CX12 24366 0.001421
24529 P2 25113 0.923333
24529 P2 24529 0.076667
24529 X0 24528 0.998724
24529 X0 24529 0.000425
24529 X0 24526 0.000425
24529 X0 24527 0.000425
24818 CX02 24388 0.984541
24818 CX02 24996 0.002208
24818 CX02 24427 0.002208
24818 CX02 25035 0.002208
24818 CX02 24505 0.002208
24818 CX02 25074 0.002208
24818 CX02 24466 0.002208
24818 CX02 25113 0.002208
24818 CX12 24388 0.990053
24818 CX12 24996 0.001421
24818 CX12 24427 0.001421
24818 CX12 25035 0.001421
24818 CX12 24505 0.001421
24818 CX12 25074 0.001421
24818 CX12 24466 0.001421
24818 CX12 25113 0.001421
24818 X0 24822 0.998724
24818 X0 24818 0.000425
24818 X0 24821 0.000425
24818 X0 24825 0.000425
24819 CX02 24996 0.984541
24819 CX02 24388 0.002208
24819 CX02 25035 0.002208
24819 CX02 24427 0.002208
24819 CX02 25074 0.002208
24819 CX02 24505 0.002208
24819 CX02 25113 0.002208
24819 CX02 24466 0.002208
24819 CX12 24996 0.990053
24819 CX12 24388 0.001421
24819 CX12 25035 0.001421
24819 CX12 24427 0.001421
24819 CX12 25074 0.001421
24819 CX12 24505 0.001421
24819 CX12 25113 0.001421
24819 CX12 24466 0.001421
24819 X0 24823 0.998724
24819 X0 24819 0.000425
24819 X0 24820 0.000425
24819 X0 24824 0.000425
24820 CX02 25113 0.984541
24820 CX02 24466 0.002208
24820 CX02 25074 0.002208
24820 CX02 24505 0.002208
24820 CX02 25035 0.002208
24820 CX02 24427 0.002208
24820 CX02 24996 0.002208
24820 CX02 24388 0.002208
24820 CX12 25113 0.990053
24820 CX12 24466 0.001421
24820 CX12 25074 0.001421
24820 CX12 24505 0.001421
24820 CX12 25035 0.001421
24820 CX12 24427 0.001421
24820 CX12 24996 0.001421
24820 CX12 24388 0.001421
24820 X0 24824 0.998724
24820 X0 24820 0.000425
24820 X0 24819 0.000425
24820 X0 24823 0.000425
24821 CX02 24466 0.984541
24821 CX02 25113 0.002208
24821 CX02 24505 0.002208
24821 CX02 25074 0.002208
24821 CX02 24427 0.002208
24821 CX02 25035 0.002208
24821 CX02 24388 0.002208
24821 CX02 24996 0.002208
24821 CX12 24466 0.990053
24821 CX12 25113 0.001421
24821 CX12 24505 0.001421
24821 CX12 25074 0.001421
24821 CX12 24427 0.001421
24821 CX12 25035 0.001421
24821 CX12 24388 0.001421
24821 CX12 24996 0.001421
24821 X0 24825 0.998724
24821 X0 24821 0.000425
24821 X0 24818 0.000425
24821 X0 24822 0.000425
24822 CX02 25035 0.984541
24822 CX02 24427 0.002208
24822 CX02 24996 0.002208
24822 CX02 24388 0.002208
24822 CX02 25113 0.002208
24822 CX02 24466 0.002208
24822 CX02 25074 0.002208
24822 CX02 24505 0.002208
24822 CX12 24427 0.990053
24822 CX12 25035 0.001421
24822 CX12 24388 0.001421
24822 CX12 24996 0.001421
24822 CX12 24466 0.001421
24822 CX12 25113 0.001421
24822 CX12 24505 0.001421
24822 CX12 25074 0.001421
24822 X0 24818 0.998724
24822 X0 24822 0.000425
24822 X0 24825 0.000425
24822 X0 24821 0.000425
24823 CX02 24427 0.984541
24823 CX02 25035 0.002208
24823 CX02 24388 0.002208
24823 CX02 24996 0.002208
24823 CX02 24466 0.002208
24823 CX02 25113 0.002208
24823 CX02 24505 0.002208
24823 CX02 25074 0.002208
24823 CX12 25035 0.990053
24823 CX12 24427 0.001421
24823 CX12 24996 0.001421
24823 CX12 24388 0.001421
24823 CX12 25113 0.001421
24823 CX12 24466 0.001421
24823 CX12 25074 0.001421
24823 CX12 24505 0.001421
24823 X0 24819 0.998724
24823 X0 24823 0.000425
24823 X0 24824 0.000425
24823 X0 24820 0.000425
24824 CX02 24505 0.984541
24824 CX02 25074 0.002208
24824 CX02 24466 0.002208
24824 CX02 25113 0.002208
24824 CX02 24388 0.002208
24824 CX02 24996 0.002208
24824 CX02 24427 0.002208
24824 CX02 25035 0.002208
24824 CX12 25074 0.990053
24824 CX12 24505 0.001421
24824 CX12 25113 0.001421
24824 CX12 24466 0.001421
24824 CX12 24996 0.001421
24824 CX12 24388 0.001421
24824 CX12 25035 0.001421
24824 CX12 24427 0.001421
24824 X0 24820 0.998724
24824 X0 24824 0.000425
24824 X0 24823 0.000425
24824 X0 24819 0.000425
24825 CX02 25074 0.984541
24825 CX02 24505 0.002208
24825 CX02 25113 0.002208
24825 CX02 24466 0.002208
24825 CX02 24996 0.002208
24825 CX02 24388 0.002208
24825 CX02 25035 0.002208
24825 CX02 24427 0.002208
24825 CX12 24505 0.990053
24825 CX12 25074 0.001421
24825 CX12 24466 0.001421
24825 CX12 25113 0.001421
24825 CX12 24388 0.001421
24825 CX12 24996 0.001421
24825 CX12 24427 0.001421
24825 CX12 25035 0.001421
24825 X0 24821 0.998724
24825 X0 24825 0.000425
24825 X0 24822 0.000425
24825 X0 24818 0.000425
24996 CX02 24819 0.984541
24996 CX02 24818 0.002208
24996 CX02 24821 0.002208
24996 CX02 24820 0.002208
24996 CX02 24823 0.002208
24996 CX02 24822 0.002208
24996 CX02 24825 0.002208
24996 CX02 24824 0.002208
24996 CX12 24819 0.990053
24996 CX12 24818 0.001421
24996 CX12 24821 0.001421
24996 CX12 24820 0.001421
24996 CX12 24822 0.001421
24996 CX12 24823 0.001421
24996 CX12 24824 0.001421
24996 CX12 24825 0.001421
24996 P2 24996 0.923333
24996 P2 24526 0.076667
24996 X0 25035 0.998724
24996 X0 24996 0.000425
24996 X0 25113 0.000425
24996 X0 25074 0.000425
25035 CX02 24822 0.984541
25035 CX02 24823 0.002208
25035 CX02 24824 0.002208
25035 CX02 24825 0.002208
25035 CX02 24818 0.002208
25035 CX02 24819 0.002208
25035 CX02 24820 0.002208
25035 CX02 24821 0.002208
25035 CX12 24823 0.990053
25035 CX12 24822 0.001421
25035 CX12 24825 0.001421
25035 CX12 24824 0.001421
25035 CX12 24818 0.001421
25035 CX12 24819 0.001421
25035 CX12 24820 0.001421
25035 CX12 24821 0.001421
25035 P2 25035 0.923333
25035 P2 24527 0.076667
25035 X0 24996 0.998724
25035 X0 25035 0.000425
25035 X0 25074 0.000425
25035 X0 25113 0.000425
25074 CX02 24825 0.984541
25074 CX02 24824 0.002208
25074 CX02 24823 0.002208
25074 CX02 24822 0.002208
25074 CX02 24821 0.002208
25074 CX02 24820 0.002208
25074 CX02 24819 0.002208
25074 CX02 24818 0.002208
25074 CX12 24824 0.990053
25074 CX12 24825 0.001421
25074 CX12 24822 0.001421
25074 CX12 24823 0.001421
25074 CX12 24821 0.001421
25074 CX12 24820 0.001421
25074 CX12 24819 0.001421
25074 CX12 24818 0.001421
25074 P2 25074 0.923333
25074 P2 24528 0.076667
25074 X0 25113 0.998724
25074 X0 25074 0.000425
25074 X0 25035 0.000425
25074 X0 24996 0.000425
25113 CX02 24820 0.984541
25113 CX02 24821 0.002208
25113 CX02 24818 0.002208
25113 CX02 24819 0.002208
25113 CX02 24824 0.002208
25113 CX02 24825 0.002208
25113 CX02 24822 0.002208
25113 CX02 24823 0.002208
25113 CX12 24820 0.990053
25113 CX12 24821 0.001421
25113 CX12 24818 0.001421
25113 CX12 24819 0.001421
25113 CX12 24825 0.001421
25113 CX12 24824 0.001421
25113 CX12 24823 0.001421
25113 CX12 24822 0.001421
25113 P2 25113 0.923333
25113 P2 24529 0.076667
25113 X0 25074 0.998724
25113 X0 25113 0.000425
25113 X0 24996 0.000425
25113 X0 25035 0.000425
ENDPOMDP
