BEGINPOMDP
INITIALSTATE: 54766
STATES: 54787,54788,54789,54790,54791,54792,54793,54794,54930,54813,55460,54951,54952,54953,54954,54852,55243,55244,55245,55246,55247,55248,55249,55250,55499,54891,54766,54767,54768,54769,55538,54770,55421
TARGETV: 54813,54951,54954,54891,54767,54769,55538,55421
GAMMA: 54787:0,54788:0,54789:0,54790:0,54791:0,54792:0,54793:0,54794:0,54930:1,54813:1,55460:1,54951:0,54952:0,54953:0,54954:0,54852:1,55243:1,55244:1,55245:1,55246:1,55247:1,55248:1,55249:1,55250:1,55499:1,54891:1,54766:0,54767:0,54768:0,54769:0,55538:1,54770:0,55421:1
BEGINACTIONS
CX02
CX12
P2
X0
ENDACTIONS
54766 INIT_ 54767 0.250000
54766 INIT_ 54768 0.250000
54766 INIT_ 54769 0.250000
54766 INIT_ 54770 0.250000
54767 CX02 54787 0.979308
54767 CX02 54788 0.002956
54767 CX02 54789 0.002956
54767 CX02 54790 0.002956
54767 CX02 54791 0.002956
54767 CX02 54792 0.002956
54767 CX02 54793 0.002956
54767 CX02 54794 0.002956
54767 CX12 54787 0.981499
54767 CX12 54788 0.002643
54767 CX12 54789 0.002643
54767 CX12 54790 0.002643
54767 CX12 54792 0.002643
54767 CX12 54791 0.002643
54767 CX12 54794 0.002643
54767 CX12 54793 0.002643
54767 P2 54767 0.987000
54767 P2 54813 0.013000
54767 X0 54768 0.999074
54767 X0 54767 0.000309
54767 X0 54769 0.000309
54767 X0 54770 0.000309
54768 CX02 54792 0.979308
54768 CX02 54791 0.002956
54768 CX02 54794 0.002956
54768 CX02 54793 0.002956
54768 CX02 54788 0.002956
54768 CX02 54787 0.002956
54768 CX02 54790 0.002956
54768 CX02 54789 0.002956
54768 CX12 54791 0.981499
54768 CX12 54792 0.002643
54768 CX12 54793 0.002643
54768 CX12 54794 0.002643
54768 CX12 54788 0.002643
54768 CX12 54787 0.002643
54768 CX12 54790 0.002643
54768 CX12 54789 0.002643
54768 P2 54768 0.987000
54768 P2 54852 0.013000
54768 X0 54767 0.999074
54768 X0 54768 0.000309
54768 X0 54770 0.000309
54768 X0 54769 0.000309
54769 CX02 54790 0.979308
54769 CX02 54789 0.002956
54769 CX02 54788 0.002956
54769 CX02 54787 0.002956
54769 CX02 54794 0.002956
54769 CX02 54793 0.002956
54769 CX02 54792 0.002956
54769 CX02 54791 0.002956
54769 CX12 54790 0.981499
54769 CX12 54789 0.002643
54769 CX12 54788 0.002643
54769 CX12 54787 0.002643
54769 CX12 54793 0.002643
54769 CX12 54794 0.002643
54769 CX12 54791 0.002643
54769 CX12 54792 0.002643
54769 P2 54769 0.987000
54769 P2 54891 0.013000
54769 X0 54770 0.999074
54769 X0 54769 0.000309
54769 X0 54767 0.000309
54769 X0 54768 0.000309
54770 CX02 54793 0.979308
54770 CX02 54794 0.002956
54770 CX02 54791 0.002956
54770 CX02 54792 0.002956
54770 CX02 54789 0.002956
54770 CX02 54790 0.002956
54770 CX02 54787 0.002956
54770 CX02 54788 0.002956
54770 CX12 54794 0.981499
54770 CX12 54793 0.002643
54770 CX12 54792 0.002643
54770 CX12 54791 0.002643
54770 CX12 54789 0.002643
54770 CX12 54790 0.002643
54770 CX12 54787 0.002643
54770 CX12 54788 0.002643
54770 P2 54770 0.987000
54770 P2 54930 0.013000
54770 X0 54769 0.999074
54770 X0 54770 0.000309
54770 X0 54768 0.000309
54770 X0 54767 0.000309
54787 CX02 54767 0.979308
54787 CX02 54951 0.002956
54787 CX02 54768 0.002956
54787 CX02 54952 0.002956
54787 CX02 54770 0.002956
54787 CX02 54953 0.002956
54787 CX02 54769 0.002956
54787 CX02 54954 0.002956
54787 CX12 54767 0.981499
54787 CX12 54951 0.002643
54787 CX12 54768 0.002643
54787 CX12 54952 0.002643
54787 CX12 54770 0.002643
54787 CX12 54953 0.002643
54787 CX12 54769 0.002643
54787 CX12 54954 0.002643
54787 X0 54791 0.999074
54787 X0 54787 0.000309
54787 X0 54790 0.000309
54787 X0 54794 0.000309
54788 CX02 54951 0.979308
54788 CX02 54767 0.002956
54788 CX02 54952 0.002956
54788 CX02 54768 0.002956
54788 CX02 54953 0.002956
54788 CX02 54770 0.002956
54788 CX02 54954 0.002956
54788 CX02 54769 0.002956
54788 CX12 54951 0.981499
54788 CX12 54767 0.002643
54788 CX12 54952 0.002643
54788 CX12 54768 0.002643
54788 CX12 54953 0.002643
54788 CX12 54770 0.002643
54788 CX12 54954 0.002643
54788 CX12 54769 0.002643
54788 X0 54792 0.999074
54788 X0 54788 0.000309
54788 X0 54789 0.000309
54788 X0 54793 0.000309
54789 CX02 54954 0.979308
54789 CX02 54769 0.002956
54789 CX02 54953 0.002956
54789 CX02 54770 0.002956
54789 CX02 54952 0.002956
54789 CX02 54768 0.002956
54789 CX02 54951 0.002956
54789 CX02 54767 0.002956
54789 CX12 54954 0.981499
54789 CX12 54769 0.002643
54789 CX12 54953 0.002643
54789 CX12 54770 0.002643
54789 CX12 54952 0.002643
54789 CX12 54768 0.002643
54789 CX12 54951 0.002643
54789 CX12 54767 0.002643
54789 X0 54793 0.999074
54789 X0 54789 0.000309
54789 X0 54788 0.000309
54789 X0 54792 0.000309
54790 CX02 54769 0.979308
54790 CX02 54954 0.002956
54790 CX02 54770 0.002956
54790 CX02 54953 0.002956
54790 CX02 54768 0.002956
54790 CX02 54952 0.002956
54790 CX02 54767 0.002956
54790 CX02 54951 0.002956
54790 CX12 54769 0.981499
54790 CX12 54954 0.002643
54790 CX12 54770 0.002643
54790 CX12 54953 0.002643
54790 CX12 54768 0.002643
54790 CX12 54952 0.002643
54790 CX12 54767 0.002643
54790 CX12 54951 0.002643
54790 X0 54794 0.999074
54790 X0 54790 0.000309
54790 X0 54787 0.000309
54790 X0 54791 0.000309
54791 CX02 54952 0.979308
54791 CX02 54768 0.002956
54791 CX02 54951 0.002956
54791 CX02 54767 0.002956
54791 CX02 54954 0.002956
54791 CX02 54769 0.002956
54791 CX02 54953 0.002956
54791 CX02 54770 0.002956
54791 CX12 54768 0.981499
54791 CX12 54952 0.002643
54791 CX12 54767 0.002643
54791 CX12 54951 0.002643
54791 CX12 54769 0.002643
54791 CX12 54954 0.002643
54791 CX12 54770 0.002643
54791 CX12 54953 0.002643
54791 X0 54787 0.999074
54791 X0 54791 0.000309
54791 X0 54794 0.000309
54791 X0 54790 0.000309
54792 CX02 54768 0.979308
54792 CX02 54952 0.002956
54792 CX02 54767 0.002956
54792 CX02 54951 0.002956
54792 CX02 54769 0.002956
54792 CX02 54954 0.002956
54792 CX02 54770 0.002956
54792 CX02 54953 0.002956
54792 CX12 54952 0.981499
54792 CX12 54768 0.002643
54792 CX12 54951 0.002643
54792 CX12 54767 0.002643
54792 CX12 54954 0.002643
54792 CX12 54769 0.002643
54792 CX12 54953 0.002643
54792 CX12 54770 0.002643
54792 X0 54788 0.999074
54792 X0 54792 0.000309
54792 X0 54793 0.000309
54792 X0 54789 0.000309
54793 CX02 54770 0.979308
54793 CX02 54953 0.002956
54793 CX02 54769 0.002956
54793 CX02 54954 0.002956
54793 CX02 54767 0.002956
54793 CX02 54951 0.002956
54793 CX02 54768 0.002956
54793 CX02 54952 0.002956
54793 CX12 54953 0.981499
54793 CX12 54770 0.002643
54793 CX12 54954 0.002643
54793 CX12 54769 0.002643
54793 CX12 54951 0.002643
54793 CX12 54767 0.002643
54793 CX12 54952 0.002643
54793 CX12 54768 0.002643
54793 X0 54789 0.999074
54793 X0 54793 0.000309
54793 X0 54792 0.000309
54793 X0 54788 0.000309
54794 CX02 54953 0.979308
54794 CX02 54770 0.002956
54794 CX02 54954 0.002956
54794 CX02 54769 0.002956
54794 CX02 54951 0.002956
54794 CX02 54767 0.002956
54794 CX02 54952 0.002956
54794 CX02 54768 0.002956
54794 CX12 54770 0.981499
54794 CX12 54953 0.002643
54794 CX12 54769 0.002643
54794 CX12 54954 0.002643
54794 CX12 54767 0.002643
54794 CX12 54951 0.002643
54794 CX12 54768 0.002643
54794 CX12 54952 0.002643
54794 X0 54790 0.999074
54794 X0 54794 0.000309
54794 X0 54791 0.000309
54794 X0 54787 0.000309
54813 CX02 55243 0.979308
54813 CX02 55244 0.002956
54813 CX02 55245 0.002956
54813 CX02 55246 0.002956
54813 CX02 55247 0.002956
54813 CX02 55248 0.002956
54813 CX02 55249 0.002956
54813 CX02 55250 0.002956
54813 CX12 55243 0.981499
54813 CX12 55244 0.002643
54813 CX12 55245 0.002643
54813 CX12 55246 0.002643
54813 CX12 55248 0.002643
54813 CX12 55247 0.002643
54813 CX12 55250 0.002643
54813 CX12 55249 0.002643
54813 P2 54767 0.987000
54813 P2 54813 0.013000
54813 X0 54852 0.999074
54813 X0 54813 0.000309
54813 X0 54891 0.000309
54813 X0 54930 0.000309
54852 CX02 55248 0.979308
54852 CX02 55247 0.002956
54852 CX02 55250 0.002956
54852 CX02 55249 0.002956
54852 CX02 55244 0.002956
54852 CX02 55243 0.002956
54852 CX02 55246 0.002956
54852 CX02 55245 0.002956
54852 CX12 55247 0.981499
54852 CX12 55248 0.002643
54852 CX12 55249 0.002643
54852 CX12 55250 0.002643
54852 CX12 55244 0.002643
54852 CX12 55243 0.002643
54852 CX12 55246 0.002643
54852 CX12 55245 0.002643
54852 P2 54768 0.987000
54852 P2 54852 0.013000
54852 X0 54813 0.999074
54852 X0 54852 0.000309
54852 X0 54930 0.000309
54852 X0 54891 0.000309
54891 CX02 55246 0.979308
54891 CX02 55245 0.002956
54891 CX02 55244 0.002956
54891 CX02 55243 0.002956
54891 CX02 55250 0.002956
54891 CX02 55249 0.002956
54891 CX02 55248 0.002956
54891 CX02 55247 0.002956
54891 CX12 55246 0.981499
54891 CX12 55245 0.002643
54891 CX12 55244 0.002643
54891 CX12 55243 0.002643
54891 CX12 55249 0.002643
54891 CX12 55250 0.002643
54891 CX12 55247 0.002643
54891 CX12 55248 0.002643
54891 P2 54769 0.987000
54891 P2 54891 0.013000
54891 X0 54930 0.999074
54891 X0 54891 0.000309
54891 X0 54813 0.000309
54891 X0 54852 0.000309
54930 CX02 55249 0.979308
54930 CX02 55250 0.002956
54930 CX02 55247 0.002956
54930 CX02 55248 0.002956
54930 CX02 55245 0.002956
54930 CX02 55246 0.002956
54930 CX02 55243 0.002956
54930 CX02 55244 0.002956
54930 CX12 55250 0.981499
54930 CX12 55249 0.002643
54930 CX12 55248 0.002643
54930 CX12 55247 0.002643
54930 CX12 55245 0.002643
54930 CX12 55246 0.002643
54930 CX12 55243 0.002643
54930 CX12 55244 0.002643
54930 P2 54770 0.987000
54930 P2 54930 0.013000
54930 X0 54891 0.999074
54930 X0 54930 0.000309
54930 X0 54852 0.000309
54930 X0 54813 0.000309
54951 CX02 54788 0.979308
54951 CX02 54787 0.002956
54951 CX02 54790 0.002956
54951 CX02 54789 0.002956
54951 CX02 54792 0.002956
54951 CX02 54791 0.002956
54951 CX02 54794 0.002956
54951 CX02 54793 0.002956
54951 CX12 54788 0.981499
54951 CX12 54787 0.002643
54951 CX12 54790 0.002643
54951 CX12 54789 0.002643
54951 CX12 54791 0.002643
54951 CX12 54792 0.002643
54951 CX12 54793 0.002643
54951 CX12 54794 0.002643
54951 P2 55421 0.957600
54951 P2 54951 0.042400
54951 X0 54952 0.999074
54951 X0 54951 0.000309
54951 X0 54954 0.000309
54951 X0 54953 0.000309
54952 CX02 54791 0.979308
54952 CX02 54792 0.002956
54952 CX02 54793 0.002956
54952 CX02 54794 0.002956
54952 CX02 54787 0.002956
54952 CX02 54788 0.002956
54952 CX02 54789 0.002956
54952 CX02 54790 0.002956
54952 CX12 54792 0.981499
54952 CX12 54791 0.002643
54952 CX12 54794 0.002643
54952 CX12 54793 0.002643
54952 CX12 54787 0.002643
54952 CX12 54788 0.002643
54952 CX12 54789 0.002643
54952 CX12 54790 0.002643
54952 P2 55460 0.957600
54952 P2 54952 0.042400
54952 X0 54951 0.999074
54952 X0 54952 0.000309
54952 X0 54953 0.000309
54952 X0 54954 0.000309
54953 CX02 54794 0.979308
54953 CX02 54793 0.002956
54953 CX02 54792 0.002956
54953 CX02 54791 0.002956
54953 CX02 54790 0.002956
54953 CX02 54789 0.002956
54953 CX02 54788 0.002956
54953 CX02 54787 0.002956
54953 CX12 54793 0.981499
54953 CX12 54794 0.002643
54953 CX12 54791 0.002643
54953 CX12 54792 0.002643
54953 CX12 54790 0.002643
54953 CX12 54789 0.002643
54953 CX12 54788 0.002643
54953 CX12 54787 0.002643
54953 P2 55499 0.957600
54953 P2 54953 0.042400
54953 X0 54954 0.999074
54953 X0 54953 0.000309
54953 X0 54952 0.000309
54953 X0 54951 0.000309
54954 CX02 54789 0.979308
54954 CX02 54790 0.002956
54954 CX02 54787 0.002956
54954 CX02 54788 0.002956
54954 CX02 54793 0.002956
54954 CX02 54794 0.002956
54954 CX02 54791 0.002956
54954 CX02 54792 0.002956
54954 CX12 54789 0.981499
54954 CX12 54790 0.002643
54954 CX12 54787 0.002643
54954 CX12 54788 0.002643
54954 CX12 54794 0.002643
54954 CX12 54793 0.002643
54954 CX12 54792 0.002643
54954 CX12 54791 0.002643
54954 P2 55538 0.957600
54954 P2 54954 0.042400
54954 X0 54953 0.999074
54954 X0 54954 0.000309
54954 X0 54951 0.000309
54954 X0 54952 0.000309
55243 CX02 54813 0.979308
55243 CX02 55421 0.002956
55243 CX02 54852 0.002956
55243 CX02 55460 0.002956
55243 CX02 54930 0.002956
55243 CX02 55499 0.002956
55243 CX02 54891 0.002956
55243 CX02 55538 0.002956
55243 CX12 54813 0.981499
55243 CX12 55421 0.002643
55243 CX12 54852 0.002643
55243 CX12 55460 0.002643
55243 CX12 54930 0.002643
55243 CX12 55499 0.002643
55243 CX12 54891 0.002643
55243 CX12 55538 0.002643
55243 X0 55247 0.999074
55243 X0 55243 0.000309
55243 X0 55246 0.000309
55243 X0 55250 0.000309
55244 CX02 55421 0.979308
55244 CX02 54813 0.002956
55244 CX02 55460 0.002956
55244 CX02 54852 0.002956
55244 CX02 55499 0.002956
55244 CX02 54930 0.002956
55244 CX02 55538 0.002956
55244 CX02 54891 0.002956
55244 CX12 55421 0.981499
55244 CX12 54813 0.002643
55244 CX12 55460 0.002643
55244 CX12 54852 0.002643
55244 CX12 55499 0.002643
55244 CX12 54930 0.002643
55244 CX12 55538 0.002643
55244 CX12 54891 0.002643
55244 X0 55248 0.999074
55244 X0 55244 0.000309
55244 X0 55245 0.000309
55244 X0 55249 0.000309
55245 CX02 55538 0.979308
55245 CX02 54891 0.002956
55245 CX02 55499 0.002956
55245 CX02 54930 0.002956
55245 CX02 55460 0.002956
55245 CX02 54852 0.002956
55245 CX02 55421 0.002956
55245 CX02 54813 0.002956
55245 CX12 55538 0.981499
55245 CX12 54891 0.002643
55245 CX12 55499 0.002643
55245 CX12 54930 0.002643
55245 CX12 55460 0.002643
55245 CX12 54852 0.002643
55245 CX12 55421 0.002643
55245 CX12 54813 0.002643
55245 X0 55249 0.999074
55245 X0 55245 0.000309
55245 X0 55244 0.000309
55245 X0 55248 0.000309
55246 CX02 54891 0.979308
55246 CX02 55538 0.002956
55246 CX02 54930 0.002956
55246 CX02 55499 0.002956
55246 CX02 54852 0.002956
55246 CX02 55460 0.002956
55246 CX02 54813 0.002956
55246 CX02 55421 0.002956
55246 CX12 54891 0.981499
55246 CX12 55538 0.002643
55246 CX12 54930 0.002643
55246 CX12 55499 0.002643
55246 CX12 54852 0.002643
55246 CX12 55460 0.002643
55246 CX12 54813 0.002643
55246 CX12 55421 0.002643
55246 X0 55250 0.999074
55246 X0 55246 0.000309
55246 X0 55243 0.000309
55246 X0 55247 0.000309
55247 CX02 55460 0.979308
55247 CX02 54852 0.002956
55247 CX02 55421 0.002956
55247 CX02 54813 0.002956
55247 CX02 55538 0.002956
55247 CX02 54891 0.002956
55247 CX02 55499 0.002956
55247 CX02 54930 0.002956
55247 CX12 54852 0.981499
55247 CX12 55460 0.002643
55247 CX12 54813 0.002643
55247 CX12 55421 0.002643
55247 CX12 54891 0.002643
55247 CX12 55538 0.002643
55247 CX12 54930 0.002643
55247 CX12 55499 0.002643
55247 X0 55243 0.999074
55247 X0 55247 0.000309
55247 X0 55250 0.000309
55247 X0 55246 0.000309
55248 CX02 54852 0.979308
55248 CX02 55460 0.002956
55248 CX02 54813 0.002956
55248 CX02 55421 0.002956
55248 CX02 54891 0.002956
55248 CX02 55538 0.002956
55248 CX02 54930 0.002956
55248 CX02 55499 0.002956
55248 CX12 55460 0.981499
55248 CX12 54852 0.002643
55248 CX12 55421 0.002643
55248 CX12 54813 0.002643
55248 CX12 55538 0.002643
55248 CX12 54891 0.002643
55248 CX12 55499 0.002643
55248 CX12 54930 0.002643
55248 X0 55244 0.999074
55248 X0 55248 0.000309
55248 X0 55249 0.000309
55248 X0 55245 0.000309
55249 CX02 54930 0.979308
55249 CX02 55499 0.002956
55249 CX02 54891 0.002956
55249 CX02 55538 0.002956
55249 CX02 54813 0.002956
55249 CX02 55421 0.002956
55249 CX02 54852 0.002956
55249 CX02 55460 0.002956
55249 CX12 55499 0.981499
55249 CX12 54930 0.002643
55249 CX12 55538 0.002643
55249 CX12 54891 0.002643
55249 CX12 55421 0.002643
55249 CX12 54813 0.002643
55249 CX12 55460 0.002643
55249 CX12 54852 0.002643
55249 X0 55245 0.999074
55249 X0 55249 0.000309
55249 X0 55248 0.000309
55249 X0 55244 0.000309
55250 CX02 55499 0.979308
55250 CX02 54930 0.002956
55250 CX02 55538 0.002956
55250 CX02 54891 0.002956
55250 CX02 55421 0.002956
55250 CX02 54813 0.002956
55250 CX02 55460 0.002956
55250 CX02 54852 0.002956
55250 CX12 54930 0.981499
55250 CX12 55499 0.002643
55250 CX12 54891 0.002643
55250 CX12 55538 0.002643
55250 CX12 54813 0.002643
55250 CX12 55421 0.002643
55250 CX12 54852 0.002643
55250 CX12 55460 0.002643
55250 X0 55246 0.999074
55250 X0 55250 0.000309
55250 X0 55247 0.000309
55250 X0 55243 0.000309
55421 CX02 55244 0.979308
55421 CX02 55243 0.002956
55421 CX02 55246 0.002956
55421 CX02 55245 0.002956
55421 CX02 55248 0.002956
55421 CX02 55247 0.002956
55421 CX02 55250 0.002956
55421 CX02 55249 0.002956
55421 CX12 55244 0.981499
55421 CX12 55243 0.002643
55421 CX12 55246 0.002643
55421 CX12 55245 0.002643
55421 CX12 55247 0.002643
55421 CX12 55248 0.002643
55421 CX12 55249 0.002643
55421 CX12 55250 0.002643
55421 P2 55421 0.957600
55421 P2 54951 0.042400
55421 X0 55460 0.999074
55421 X0 55421 0.000309
55421 X0 55538 0.000309
55421 X0 55499 0.000309
55460 CX02 55247 0.979308
55460 CX02 55248 0.002956
55460 CX02 55249 0.002956
55460 CX02 55250 0.002956
55460 CX02 55243 0.002956
55460 CX02 55244 0.002956
55460 CX02 55245 0.002956
55460 CX02 55246 0.002956
55460 CX12 55248 0.981499
55460 CX12 55247 0.002643
55460 CX12 55250 0.002643
55460 CX12 55249 0.002643
55460 CX12 55243 0.002643
55460 CX12 55244 0.002643
55460 CX12 55245 0.002643
55460 CX12 55246 0.002643
55460 P2 55460 0.957600
55460 P2 54952 0.042400
55460 X0 55421 0.999074
55460 X0 55460 0.000309
55460 X0 55499 0.000309
55460 X0 55538 0.000309
55499 CX02 55250 0.979308
55499 CX02 55249 0.002956
55499 CX02 55248 0.002956
55499 CX02 55247 0.002956
55499 CX02 55246 0.002956
55499 CX02 55245 0.002956
55499 CX02 55244 0.002956
55499 CX02 55243 0.002956
55499 CX12 55249 0.981499
55499 CX12 55250 0.002643
55499 CX12 55247 0.002643
55499 CX12 55248 0.002643
55499 CX12 55246 0.002643
55499 CX12 55245 0.002643
55499 CX12 55244 0.002643
55499 CX12 55243 0.002643
55499 P2 55499 0.957600
55499 P2 54953 0.042400
55499 X0 55538 0.999074
55499 X0 55499 0.000309
55499 X0 55460 0.000309
55499 X0 55421 0.000309
55538 CX02 55245 0.979308
55538 CX02 55246 0.002956
55538 CX02 55243 0.002956
55538 CX02 55244 0.002956
55538 CX02 55249 0.002956
55538 CX02 55250 0.002956
55538 CX02 55247 0.002956
55538 CX02 55248 0.002956
55538 CX12 55245 0.981499
55538 CX12 55246 0.002643
55538 CX12 55243 0.002643
55538 CX12 55244 0.002643
55538 CX12 55250 0.002643
55538 CX12 55249 0.002643
55538 CX12 55248 0.002643
55538 CX12 55247 0.002643
55538 P2 55538 0.957600
55538 P2 54954 0.042400
55538 X0 55499 0.999074
55538 X0 55538 0.000309
55538 X0 55421 0.000309
55538 X0 55460 0.000309
ENDPOMDP
