BEGINPOMDP
INITIALSTATE: 52332
STATES: 52353,52354,52355,52356,52357,52358,52359,52360,52496,52379,53026,52517,52518,52519,52520,52418,52809,52810,52811,52812,52813,52814,52815,52816,53065,52457,52332,52333,52334,52335,53104,52336,52987
TARGETV: 52379,52517,52520,52457,52333,52335,53104,52987
GAMMA: 52353:0,52354:0,52355:0,52356:0,52357:0,52358:0,52359:0,52360:0,52496:1,52379:1,53026:1,52517:0,52518:0,52519:0,52520:0,52418:1,52809:1,52810:1,52811:1,52812:1,52813:1,52814:1,52815:1,52816:1,53065:1,52457:1,52332:0,52333:0,52334:0,52335:0,53104:1,52336:0,52987:1
BEGINACTIONS
CX02
CX12
P2
X0
ENDACTIONS
52332 INIT_ 52333 0.250000
52332 INIT_ 52334 0.250000
52332 INIT_ 52335 0.250000
52332 INIT_ 52336 0.250000
52333 CX02 52353 0.953980
52333 CX02 52354 0.006574
52333 CX02 52355 0.006574
52333 CX02 52356 0.006574
52333 CX02 52357 0.006574
52333 CX02 52358 0.006574
52333 CX02 52359 0.006574
52333 CX02 52360 0.006574
52333 CX12 52353 0.974015
52333 CX12 52354 0.003712
52333 CX12 52355 0.003712
52333 CX12 52356 0.003712
52333 CX12 52358 0.003712
52333 CX12 52357 0.003712
52333 CX12 52360 0.003712
52333 CX12 52359 0.003712
52333 P2 52333 0.908400
52333 P2 52379 0.091600
52333 X0 52334 0.995158
52333 X0 52333 0.001614
52333 X0 52335 0.001614
52333 X0 52336 0.001614
52334 CX02 52358 0.953980
52334 CX02 52357 0.006574
52334 CX02 52360 0.006574
52334 CX02 52359 0.006574
52334 CX02 52354 0.006574
52334 CX02 52353 0.006574
52334 CX02 52356 0.006574
52334 CX02 52355 0.006574
52334 CX12 52357 0.974015
52334 CX12 52358 0.003712
52334 CX12 52359 0.003712
52334 CX12 52360 0.003712
52334 CX12 52354 0.003712
52334 CX12 52353 0.003712
52334 CX12 52356 0.003712
52334 CX12 52355 0.003712
52334 P2 52334 0.908400
52334 P2 52418 0.091600
52334 X0 52333 0.995158
52334 X0 52334 0.001614
52334 X0 52336 0.001614
52334 X0 52335 0.001614
52335 CX02 52356 0.953980
52335 CX02 52355 0.006574
52335 CX02 52354 0.006574
52335 CX02 52353 0.006574
52335 CX02 52360 0.006574
52335 CX02 52359 0.006574
52335 CX02 52358 0.006574
52335 CX02 52357 0.006574
52335 CX12 52356 0.974015
52335 CX12 52355 0.003712
52335 CX12 52354 0.003712
52335 CX12 52353 0.003712
52335 CX12 52359 0.003712
52335 CX12 52360 0.003712
52335 CX12 52357 0.003712
52335 CX12 52358 0.003712
52335 P2 52335 0.908400
52335 P2 52457 0.091600
52335 X0 52336 0.995158
52335 X0 52335 0.001614
52335 X0 52333 0.001614
52335 X0 52334 0.001614
52336 CX02 52359 0.953980
52336 CX02 52360 0.006574
52336 CX02 52357 0.006574
52336 CX02 52358 0.006574
52336 CX02 52355 0.006574
52336 CX02 52356 0.006574
52336 CX02 52353 0.006574
52336 CX02 52354 0.006574
52336 CX12 52360 0.974015
52336 CX12 52359 0.003712
52336 CX12 52358 0.003712
52336 CX12 52357 0.003712
52336 CX12 52355 0.003712
52336 CX12 52356 0.003712
52336 CX12 52353 0.003712
52336 CX12 52354 0.003712
52336 P2 52336 0.908400
52336 P2 52496 0.091600
52336 X0 52335 0.995158
52336 X0 52336 0.001614
52336 X0 52334 0.001614
52336 X0 52333 0.001614
52353 CX02 52333 0.953980
52353 CX02 52517 0.006574
52353 CX02 52334 0.006574
52353 CX02 52518 0.006574
52353 CX02 52336 0.006574
52353 CX02 52519 0.006574
52353 CX02 52335 0.006574
52353 CX02 52520 0.006574
52353 CX12 52333 0.974015
52353 CX12 52517 0.003712
52353 CX12 52334 0.003712
52353 CX12 52518 0.003712
52353 CX12 52336 0.003712
52353 CX12 52519 0.003712
52353 CX12 52335 0.003712
52353 CX12 52520 0.003712
52353 X0 52357 0.995158
52353 X0 52353 0.001614
52353 X0 52356 0.001614
52353 X0 52360 0.001614
52354 CX02 52517 0.953980
52354 CX02 52333 0.006574
52354 CX02 52518 0.006574
52354 CX02 52334 0.006574
52354 CX02 52519 0.006574
52354 CX02 52336 0.006574
52354 CX02 52520 0.006574
52354 CX02 52335 0.006574
52354 CX12 52517 0.974015
52354 CX12 52333 0.003712
52354 CX12 52518 0.003712
52354 CX12 52334 0.003712
52354 CX12 52519 0.003712
52354 CX12 52336 0.003712
52354 CX12 52520 0.003712
52354 CX12 52335 0.003712
52354 X0 52358 0.995158
52354 X0 52354 0.001614
52354 X0 52355 0.001614
52354 X0 52359 0.001614
52355 CX02 52520 0.953980
52355 CX02 52335 0.006574
52355 CX02 52519 0.006574
52355 CX02 52336 0.006574
52355 CX02 52518 0.006574
52355 CX02 52334 0.006574
52355 CX02 52517 0.006574
52355 CX02 52333 0.006574
52355 CX12 52520 0.974015
52355 CX12 52335 0.003712
52355 CX12 52519 0.003712
52355 CX12 52336 0.003712
52355 CX12 52518 0.003712
52355 CX12 52334 0.003712
52355 CX12 52517 0.003712
52355 CX12 52333 0.003712
52355 X0 52359 0.995158
52355 X0 52355 0.001614
52355 X0 52354 0.001614
52355 X0 52358 0.001614
52356 CX02 52335 0.953980
52356 CX02 52520 0.006574
52356 CX02 52336 0.006574
52356 CX02 52519 0.006574
52356 CX02 52334 0.006574
52356 CX02 52518 0.006574
52356 CX02 52333 0.006574
52356 CX02 52517 0.006574
52356 CX12 52335 0.974015
52356 CX12 52520 0.003712
52356 CX12 52336 0.003712
52356 CX12 52519 0.003712
52356 CX12 52334 0.003712
52356 CX12 52518 0.003712
52356 CX12 52333 0.003712
52356 CX12 52517 0.003712
52356 X0 52360 0.995158
52356 X0 52356 0.001614
52356 X0 52353 0.001614
52356 X0 52357 0.001614
52357 CX02 52518 0.953980
52357 CX02 52334 0.006574
52357 CX02 52517 0.006574
52357 CX02 52333 0.006574
52357 CX02 52520 0.006574
52357 CX02 52335 0.006574
52357 CX02 52519 0.006574
52357 CX02 52336 0.006574
52357 CX12 52334 0.974015
52357 CX12 52518 0.003712
52357 CX12 52333 0.003712
52357 CX12 52517 0.003712
52357 CX12 52335 0.003712
52357 CX12 52520 0.003712
52357 CX12 52336 0.003712
52357 CX12 52519 0.003712
52357 X0 52353 0.995158
52357 X0 52357 0.001614
52357 X0 52360 0.001614
52357 X0 52356 0.001614
52358 CX02 52334 0.953980
52358 CX02 52518 0.006574
52358 CX02 52333 0.006574
52358 CX02 52517 0.006574
52358 CX02 52335 0.006574
52358 CX02 52520 0.006574
52358 CX02 52336 0.006574
52358 CX02 52519 0.006574
52358 CX12 52518 0.974015
52358 CX12 52334 0.003712
52358 CX12 52517 0.003712
52358 CX12 52333 0.003712
52358 CX12 52520 0.003712
52358 CX12 52335 0.003712
52358 CX12 52519 0.003712
52358 CX12 52336 0.003712
52358 X0 52354 0.995158
52358 X0 52358 0.001614
52358 X0 52359 0.001614
52358 X0 52355 0.001614
52359 CX02 52336 0.953980
52359 CX02 52519 0.006574
52359 CX02 52335 0.006574
52359 CX02 52520 0.006574
52359 CX02 52333 0.006574
52359 CX02 52517 0.006574
52359 CX02 52334 0.006574
52359 CX02 52518 0.006574
52359 CX12 52519 0.974015
52359 CX12 52336 0.003712
52359 CX12 52520 0.003712
52359 CX12 52335 0.003712
52359 CX12 52517 0.003712
52359 CX12 52333 0.003712
52359 CX12 52518 0.003712
52359 CX12 52334 0.003712
52359 X0 52355 0.995158
52359 X0 52359 0.001614
52359 X0 52358 0.001614
52359 X0 52354 0.001614
52360 CX02 52519 0.953980
52360 CX02 52336 0.006574
52360 CX02 52520 0.006574
52360 CX02 52335 0.006574
52360 CX02 52517 0.006574
52360 CX02 52333 0.006574
52360 CX02 52518 0.006574
52360 CX02 52334 0.006574
52360 CX12 52336 0.974015
52360 CX12 52519 0.003712
52360 CX12 52335 0.003712
52360 CX12 52520 0.003712
52360 CX12 52333 0.003712
52360 CX12 52517 0.003712
52360 CX12 52334 0.003712
52360 CX12 52518 0.003712
52360 X0 52356 0.995158
52360 X0 52360 0.001614
52360 X0 52357 0.001614
52360 X0 52353 0.001614
52379 CX02 52809 0.953980
52379 CX02 52810 0.006574
52379 CX02 52811 0.006574
52379 CX02 52812 0.006574
52379 CX02 52813 0.006574
52379 CX02 52814 0.006574
52379 CX02 52815 0.006574
52379 CX02 52816 0.006574
52379 CX12 52809 0.974015
52379 CX12 52810 0.003712
52379 CX12 52811 0.003712
52379 CX12 52812 0.003712
52379 CX12 52814 0.003712
52379 CX12 52813 0.003712
52379 CX12 52816 0.003712
52379 CX12 52815 0.003712
52379 P2 52333 0.908400
52379 P2 52379 0.091600
52379 X0 52418 0.995158
52379 X0 52379 0.001614
52379 X0 52457 0.001614
52379 X0 52496 0.001614
52418 CX02 52814 0.953980
52418 CX02 52813 0.006574
52418 CX02 52816 0.006574
52418 CX02 52815 0.006574
52418 CX02 52810 0.006574
52418 CX02 52809 0.006574
52418 CX02 52812 0.006574
52418 CX02 52811 0.006574
52418 CX12 52813 0.974015
52418 CX12 52814 0.003712
52418 CX12 52815 0.003712
52418 CX12 52816 0.003712
52418 CX12 52810 0.003712
52418 CX12 52809 0.003712
52418 CX12 52812 0.003712
52418 CX12 52811 0.003712
52418 P2 52334 0.908400
52418 P2 52418 0.091600
52418 X0 52379 0.995158
52418 X0 52418 0.001614
52418 X0 52496 0.001614
52418 X0 52457 0.001614
52457 CX02 52812 0.953980
52457 CX02 52811 0.006574
52457 CX02 52810 0.006574
52457 CX02 52809 0.006574
52457 CX02 52816 0.006574
52457 CX02 52815 0.006574
52457 CX02 52814 0.006574
52457 CX02 52813 0.006574
52457 CX12 52812 0.974015
52457 CX12 52811 0.003712
52457 CX12 52810 0.003712
52457 CX12 52809 0.003712
52457 CX12 52815 0.003712
52457 CX12 52816 0.003712
52457 CX12 52813 0.003712
52457 CX12 52814 0.003712
52457 P2 52335 0.908400
52457 P2 52457 0.091600
52457 X0 52496 0.995158
52457 X0 52457 0.001614
52457 X0 52379 0.001614
52457 X0 52418 0.001614
52496 CX02 52815 0.953980
52496 CX02 52816 0.006574
52496 CX02 52813 0.006574
52496 CX02 52814 0.006574
52496 CX02 52811 0.006574
52496 CX02 52812 0.006574
52496 CX02 52809 0.006574
52496 CX02 52810 0.006574
52496 CX12 52816 0.974015
52496 CX12 52815 0.003712
52496 CX12 52814 0.003712
52496 CX12 52813 0.003712
52496 CX12 52811 0.003712
52496 CX12 52812 0.003712
52496 CX12 52809 0.003712
52496 CX12 52810 0.003712
52496 P2 52336 0.908400
52496 P2 52496 0.091600
52496 X0 52457 0.995158
52496 X0 52496 0.001614
52496 X0 52418 0.001614
52496 X0 52379 0.001614
52517 CX02 52354 0.953980
52517 CX02 52353 0.006574
52517 CX02 52356 0.006574
52517 CX02 52355 0.006574
52517 CX02 52358 0.006574
52517 CX02 52357 0.006574
52517 CX02 52360 0.006574
52517 CX02 52359 0.006574
52517 CX12 52354 0.974015
52517 CX12 52353 0.003712
52517 CX12 52356 0.003712
52517 CX12 52355 0.003712
52517 CX12 52357 0.003712
52517 CX12 52358 0.003712
52517 CX12 52359 0.003712
52517 CX12 52360 0.003712
52517 P2 52987 0.861200
52517 P2 52517 0.138800
52517 X0 52518 0.995158
52517 X0 52517 0.001614
52517 X0 52520 0.001614
52517 X0 52519 0.001614
52518 CX02 52357 0.953980
52518 CX02 52358 0.006574
52518 CX02 52359 0.006574
52518 CX02 52360 0.006574
52518 CX02 52353 0.006574
52518 CX02 52354 0.006574
52518 CX02 52355 0.006574
52518 CX02 52356 0.006574
52518 CX12 52358 0.974015
52518 CX12 52357 0.003712
52518 CX12 52360 0.003712
52518 CX12 52359 0.003712
52518 CX12 52353 0.003712
52518 CX12 52354 0.003712
52518 CX12 52355 0.003712
52518 CX12 52356 0.003712
52518 P2 53026 0.861200
52518 P2 52518 0.138800
52518 X0 52517 0.995158
52518 X0 52518 0.001614
52518 X0 52519 0.001614
52518 X0 52520 0.001614
52519 CX02 52360 0.953980
52519 CX02 52359 0.006574
52519 CX02 52358 0.006574
52519 CX02 52357 0.006574
52519 CX02 52356 0.006574
52519 CX02 52355 0.006574
52519 CX02 52354 0.006574
52519 CX02 52353 0.006574
52519 CX12 52359 0.974015
52519 CX12 52360 0.003712
52519 CX12 52357 0.003712
52519 CX12 52358 0.003712
52519 CX12 52356 0.003712
52519 CX12 52355 0.003712
52519 CX12 52354 0.003712
52519 CX12 52353 0.003712
52519 P2 53065 0.861200
52519 P2 52519 0.138800
52519 X0 52520 0.995158
52519 X0 52519 0.001614
52519 X0 52518 0.001614
52519 X0 52517 0.001614
52520 CX02 52355 0.953980
52520 CX02 52356 0.006574
52520 CX02 52353 0.006574
52520 CX02 52354 0.006574
52520 CX02 52359 0.006574
52520 CX02 52360 0.006574
52520 CX02 52357 0.006574
52520 CX02 52358 0.006574
52520 CX12 52355 0.974015
52520 CX12 52356 0.003712
52520 CX12 52353 0.003712
52520 CX12 52354 0.003712
52520 CX12 52360 0.003712
52520 CX12 52359 0.003712
52520 CX12 52358 0.003712
52520 CX12 52357 0.003712
52520 P2 53104 0.861200
52520 P2 52520 0.138800
52520 X0 52519 0.995158
52520 X0 52520 0.001614
52520 X0 52517 0.001614
52520 X0 52518 0.001614
52809 CX02 52379 0.953980
52809 CX02 52987 0.006574
52809 CX02 52418 0.006574
52809 CX02 53026 0.006574
52809 CX02 52496 0.006574
52809 CX02 53065 0.006574
52809 CX02 52457 0.006574
52809 CX02 53104 0.006574
52809 CX12 52379 0.974015
52809 CX12 52987 0.003712
52809 CX12 52418 0.003712
52809 CX12 53026 0.003712
52809 CX12 52496 0.003712
52809 CX12 53065 0.003712
52809 CX12 52457 0.003712
52809 CX12 53104 0.003712
52809 X0 52813 0.995158
52809 X0 52809 0.001614
52809 X0 52812 0.001614
52809 X0 52816 0.001614
52810 CX02 52987 0.953980
52810 CX02 52379 0.006574
52810 CX02 53026 0.006574
52810 CX02 52418 0.006574
52810 CX02 53065 0.006574
52810 CX02 52496 0.006574
52810 CX02 53104 0.006574
52810 CX02 52457 0.006574
52810 CX12 52987 0.974015
52810 CX12 52379 0.003712
52810 CX12 53026 0.003712
52810 CX12 52418 0.003712
52810 CX12 53065 0.003712
52810 CX12 52496 0.003712
52810 CX12 53104 0.003712
52810 CX12 52457 0.003712
52810 X0 52814 0.995158
52810 X0 52810 0.001614
52810 X0 52811 0.001614
52810 X0 52815 0.001614
52811 CX02 53104 0.953980
52811 CX02 52457 0.006574
52811 CX02 53065 0.006574
52811 CX02 52496 0.006574
52811 CX02 53026 0.006574
52811 CX02 52418 0.006574
52811 CX02 52987 0.006574
52811 CX02 52379 0.006574
52811 CX12 53104 0.974015
52811 CX12 52457 0.003712
52811 CX12 53065 0.003712
52811 CX12 52496 0.003712
52811 CX12 53026 0.003712
52811 CX12 52418 0.003712
52811 CX12 52987 0.003712
52811 CX12 52379 0.003712
52811 X0 52815 0.995158
52811 X0 52811 0.001614
52811 X0 52810 0.001614
52811 X0 52814 0.001614
52812 CX02 52457 0.953980
52812 CX02 53104 0.006574
52812 CX02 52496 0.006574
52812 CX02 53065 0.006574
52812 CX02 52418 0.006574
52812 CX02 53026 0.006574
52812 CX02 52379 0.006574
52812 CX02 52987 0.006574
52812 CX12 52457 0.974015
52812 CX12 53104 0.003712
52812 CX12 52496 0.003712
52812 CX12 53065 0.003712
52812 CX12 52418 0.003712
52812 CX12 53026 0.003712
52812 CX12 52379 0.003712
52812 CX12 52987 0.003712
52812 X0 52816 0.995158
52812 X0 52812 0.001614
52812 X0 52809 0.001614
52812 X0 52813 0.001614
52813 CX02 53026 0.953980
52813 CX02 52418 0.006574
52813 CX02 52987 0.006574
52813 CX02 52379 0.006574
52813 CX02 53104 0.006574
52813 CX02 52457 0.006574
52813 CX02 53065 0.006574
52813 CX02 52496 0.006574
52813 CX12 52418 0.974015
52813 CX12 53026 0.003712
52813 CX12 52379 0.003712
52813 CX12 52987 0.003712
52813 CX12 52457 0.003712
52813 CX12 53104 0.003712
52813 CX12 52496 0.003712
52813 CX12 53065 0.003712
52813 X0 52809 0.995158
52813 X0 52813 0.001614
52813 X0 52816 0.001614
52813 X0 52812 0.001614
52814 CX02 52418 0.953980
52814 CX02 53026 0.006574
52814 CX02 52379 0.006574
52814 CX02 52987 0.006574
52814 CX02 52457 0.006574
52814 CX02 53104 0.006574
52814 CX02 52496 0.006574
52814 CX02 53065 0.006574
52814 CX12 53026 0.974015
52814 CX12 52418 0.003712
52814 CX12 52987 0.003712
52814 CX12 52379 0.003712
52814 CX12 53104 0.003712
52814 CX12 52457 0.003712
52814 CX12 53065 0.003712
52814 CX12 52496 0.003712
52814 X0 52810 0.995158
52814 X0 52814 0.001614
52814 X0 52815 0.001614
52814 X0 52811 0.001614
52815 CX02 52496 0.953980
52815 CX02 53065 0.006574
52815 CX02 52457 0.006574
52815 CX02 53104 0.006574
52815 CX02 52379 0.006574
52815 CX02 52987 0.006574
52815 CX02 52418 0.006574
52815 CX02 53026 0.006574
52815 CX12 53065 0.974015
52815 CX12 52496 0.003712
52815 CX12 53104 0.003712
52815 CX12 52457 0.003712
52815 CX12 52987 0.003712
52815 CX12 52379 0.003712
52815 CX12 53026 0.003712
52815 CX12 52418 0.003712
52815 X0 52811 0.995158
52815 X0 52815 0.001614
52815 X0 52814 0.001614
52815 X0 52810 0.001614
52816 CX02 53065 0.953980
52816 CX02 52496 0.006574
52816 CX02 53104 0.006574
52816 CX02 52457 0.006574
52816 CX02 52987 0.006574
52816 CX02 52379 0.006574
52816 CX02 53026 0.006574
52816 CX02 52418 0.006574
52816 CX12 52496 0.974015
52816 CX12 53065 0.003712
52816 CX12 52457 0.003712
52816 CX12 53104 0.003712
52816 CX12 52379 0.003712
52816 CX12 52987 0.003712
52816 CX12 52418 0.003712
52816 CX12 53026 0.003712
52816 X0 52812 0.995158
52816 X0 52816 0.001614
52816 X0 52813 0.001614
52816 X0 52809 0.001614
52987 CX02 52810 0.953980
52987 CX02 52809 0.006574
52987 CX02 52812 0.006574
52987 CX02 52811 0.006574
52987 CX02 52814 0.006574
52987 CX02 52813 0.006574
52987 CX02 52816 0.006574
52987 CX02 52815 0.006574
52987 CX12 52810 0.974015
52987 CX12 52809 0.003712
52987 CX12 52812 0.003712
52987 CX12 52811 0.003712
52987 CX12 52813 0.003712
52987 CX12 52814 0.003712
52987 CX12 52815 0.003712
52987 CX12 52816 0.003712
52987 P2 52987 0.861200
52987 P2 52517 0.138800
52987 X0 53026 0.995158
52987 X0 52987 0.001614
52987 X0 53104 0.001614
52987 X0 53065 0.001614
53026 CX02 52813 0.953980
53026 CX02 52814 0.006574
53026 CX02 52815 0.006574
53026 CX02 52816 0.006574
53026 CX02 52809 0.006574
53026 CX02 52810 0.006574
53026 CX02 52811 0.006574
53026 CX02 52812 0.006574
53026 CX12 52814 0.974015
53026 CX12 52813 0.003712
53026 CX12 52816 0.003712
53026 CX12 52815 0.003712
53026 CX12 52809 0.003712
53026 CX12 52810 0.003712
53026 CX12 52811 0.003712
53026 CX12 52812 0.003712
53026 P2 53026 0.861200
53026 P2 52518 0.138800
53026 X0 52987 0.995158
53026 X0 53026 0.001614
53026 X0 53065 0.001614
53026 X0 53104 0.001614
53065 CX02 52816 0.953980
53065 CX02 52815 0.006574
53065 CX02 52814 0.006574
53065 CX02 52813 0.006574
53065 CX02 52812 0.006574
53065 CX02 52811 0.006574
53065 CX02 52810 0.006574
53065 CX02 52809 0.006574
53065 CX12 52815 0.974015
53065 CX12 52816 0.003712
53065 CX12 52813 0.003712
53065 CX12 52814 0.003712
53065 CX12 52812 0.003712
53065 CX12 52811 0.003712
53065 CX12 52810 0.003712
53065 CX12 52809 0.003712
53065 P2 53065 0.861200
53065 P2 52519 0.138800
53065 X0 53104 0.995158
53065 X0 53065 0.001614
53065 X0 53026 0.001614
53065 X0 52987 0.001614
53104 CX02 52811 0.953980
53104 CX02 52812 0.006574
53104 CX02 52809 0.006574
53104 CX02 52810 0.006574
53104 CX02 52815 0.006574
53104 CX02 52816 0.006574
53104 CX02 52813 0.006574
53104 CX02 52814 0.006574
53104 CX12 52811 0.974015
53104 CX12 52812 0.003712
53104 CX12 52809 0.003712
53104 CX12 52810 0.003712
53104 CX12 52816 0.003712
53104 CX12 52815 0.003712
53104 CX12 52814 0.003712
53104 CX12 52813 0.003712
53104 P2 53104 0.861200
53104 P2 52520 0.138800
53104 X0 53065 0.995158
53104 X0 53104 0.001614
53104 X0 52987 0.001614
53104 X0 53026 0.001614
ENDPOMDP
