BEGINPOMDP
INITIALSTATE: 9328875
STATES: 9329952,9329413,9329414,9329415,9329416,9329419,9328876,9328877,9328875,9328878,9328879,9328882,9330485,9331548,9331549,9331550,9331551
REWARDS: 9329952:0.0,9329413:1.0,9329414:1.0,9329415:0.0,9329416:0.0,9329419:1.0,9328876:1.0,9328877:1.0,9328875:0.0,9328878:0.0,9328879:0.0,9328882:1.0,9330485:0.0,9331548:1.0,9331549:1.0,9331550:0.0,9331551:0.0
GAMMA: 9329952:1,9329413:0,9329414:0,9329415:0,9329416:0,9329419:1,9328876:0,9328877:0,9328875:0,9328878:0,9328879:0,9328882:1,9330485:1,9331548:1,9331549:1,9331550:1,9331551:1
BEGINACTIONS
P2
Z0
H
ENDACTIONS
9328875 INIT_ 9328876 0.250000
9328875 INIT_ 9328877 0.250000
9328875 INIT_ 9328878 0.250000
9328875 INIT_ 9328879 0.250000
9328876 P2 9328876 0.697000
9328876 P2 9328882 0.303000
9328876 Z0 9328878 1.000000
9328876 H 9328876 0.906598
9328876 H 9328877 0.013343
9328876 H 9328879 0.013343
9328876 H 9328878 0.013343
9328876 H 9329413 0.013343
9328876 H 9329414 0.013343
9328876 H 9329415 0.013343
9328876 H 9329416 0.013343
9328877 P2 9328877 0.697000
9328877 P2 9329419 0.303000
9328877 Z0 9328879 1.000000
9328877 H 9328877 0.906598
9328877 H 9328876 0.013343
9328877 H 9328878 0.013343
9328877 H 9328879 0.013343
9328877 H 9329414 0.013343
9328877 H 9329413 0.013343
9328877 H 9329416 0.013343
9328877 H 9329415 0.013343
9328878 P2 9328878 0.697000
9328878 P2 9329952 0.303000
9328878 Z0 9328876 1.000000
9328878 H 9329416 0.906598
9328878 H 9329415 0.013343
9328878 H 9329414 0.013343
9328878 H 9329413 0.013343
9328878 H 9328878 0.013343
9328878 H 9328879 0.013343
9328878 H 9328877 0.013343
9328878 H 9328876 0.013343
9328879 P2 9328879 0.697000
9328879 P2 9330485 0.303000
9328879 Z0 9328877 1.000000
9328879 H 9329415 0.906598
9328879 H 9329416 0.013343
9328879 H 9329413 0.013343
9328879 H 9329414 0.013343
9328879 H 9328879 0.013343
9328879 H 9328878 0.013343
9328879 H 9328876 0.013343
9328879 H 9328877 0.013343
9328882 P2 9328876 0.697000
9328882 P2 9328882 0.303000
9328882 Z0 9329952 1.000000
9328882 H 9328882 0.906598
9328882 H 9329419 0.013343
9328882 H 9330485 0.013343
9328882 H 9329952 0.013343
9328882 H 9331548 0.013343
9328882 H 9331549 0.013343
9328882 H 9331550 0.013343
9328882 H 9331551 0.013343
9329413 P2 9331548 0.929800
9329413 P2 9329413 0.070200
9329413 Z0 9329416 1.000000
9329413 H 9329413 0.906598
9329413 H 9329414 0.013343
9329413 H 9329415 0.013343
9329413 H 9329416 0.013343
9329413 H 9328876 0.013343
9329413 H 9328877 0.013343
9329413 H 9328879 0.013343
9329413 H 9328878 0.013343
9329414 P2 9331549 0.929800
9329414 P2 9329414 0.070200
9329414 Z0 9329415 1.000000
9329414 H 9329414 0.906598
9329414 H 9329413 0.013343
9329414 H 9329416 0.013343
9329414 H 9329415 0.013343
9329414 H 9328877 0.013343
9329414 H 9328876 0.013343
9329414 H 9328878 0.013343
9329414 H 9328879 0.013343
9329415 P2 9331550 0.929800
9329415 P2 9329415 0.070200
9329415 Z0 9329414 1.000000
9329415 H 9328879 0.906598
9329415 H 9328878 0.013343
9329415 H 9328876 0.013343
9329415 H 9328877 0.013343
9329415 H 9329415 0.013343
9329415 H 9329416 0.013343
9329415 H 9329413 0.013343
9329415 H 9329414 0.013343
9329416 P2 9331551 0.929800
9329416 P2 9329416 0.070200
9329416 Z0 9329413 1.000000
9329416 H 9328878 0.906598
9329416 H 9328879 0.013343
9329416 H 9328877 0.013343
9329416 H 9328876 0.013343
9329416 H 9329416 0.013343
9329416 H 9329415 0.013343
9329416 H 9329414 0.013343
9329416 H 9329413 0.013343
9329419 P2 9328877 0.697000
9329419 P2 9329419 0.303000
9329419 Z0 9330485 1.000000
9329419 H 9329419 0.906598
9329419 H 9328882 0.013343
9329419 H 9329952 0.013343
9329419 H 9330485 0.013343
9329419 H 9331549 0.013343
9329419 H 9331548 0.013343
9329419 H 9331551 0.013343
9329419 H 9331550 0.013343
9329952 P2 9328878 0.697000
9329952 P2 9329952 0.303000
9329952 Z0 9328882 1.000000
9329952 H 9331551 0.906598
9329952 H 9331550 0.013343
9329952 H 9331549 0.013343
9329952 H 9331548 0.013343
9329952 H 9329952 0.013343
9329952 H 9330485 0.013343
9329952 H 9329419 0.013343
9329952 H 9328882 0.013343
9330485 P2 9328879 0.697000
9330485 P2 9330485 0.303000
9330485 Z0 9329419 1.000000
9330485 H 9331550 0.906598
9330485 H 9331551 0.013343
9330485 H 9331548 0.013343
9330485 H 9331549 0.013343
9330485 H 9330485 0.013343
9330485 H 9329952 0.013343
9330485 H 9328882 0.013343
9330485 H 9329419 0.013343
9331548 P2 9331548 0.929800
9331548 P2 9329413 0.070200
9331548 Z0 9331551 1.000000
9331548 H 9331548 0.906598
9331548 H 9331549 0.013343
9331548 H 9331550 0.013343
9331548 H 9331551 0.013343
9331548 H 9328882 0.013343
9331548 H 9329419 0.013343
9331548 H 9330485 0.013343
9331548 H 9329952 0.013343
9331549 P2 9331549 0.929800
9331549 P2 9329414 0.070200
9331549 Z0 9331550 1.000000
9331549 H 9331549 0.906598
9331549 H 9331548 0.013343
9331549 H 9331551 0.013343
9331549 H 9331550 0.013343
9331549 H 9329419 0.013343
9331549 H 9328882 0.013343
9331549 H 9329952 0.013343
9331549 H 9330485 0.013343
9331550 P2 9331550 0.929800
9331550 P2 9329415 0.070200
9331550 Z0 9331549 1.000000
9331550 H 9330485 0.906598
9331550 H 9329952 0.013343
9331550 H 9328882 0.013343
9331550 H 9329419 0.013343
9331550 H 9331550 0.013343
9331550 H 9331551 0.013343
9331550 H 9331548 0.013343
9331550 H 9331549 0.013343
9331551 P2 9331551 0.929800
9331551 P2 9329416 0.070200
9331551 Z0 9331548 1.000000
9331551 H 9329952 0.906598
9331551 H 9330485 0.013343
9331551 H 9329419 0.013343
9331551 H 9328882 0.013343
9331551 H 9331551 0.013343
9331551 H 9331550 0.013343
9331551 H 9331549 0.013343
9331551 H 9331548 0.013343
ENDPOMDP
