BEGINPOMDP
INITIALSTATE: 8479601
STATES: 8489952,8500292,8510632,8531309,8531310,8531311,8531312,8479601,8479602,8479603,8479604,8479605,8479608,8489946,8489947,8489948,8489949
REWARDS: 8489952:1.0,8500292:0.0,8510632:0.0,8531309:1.0,8531310:1.0,8531311:0.0,8531312:0.0,8479601:0.0,8479602:1.0,8479603:1.0,8479604:0.0,8479605:0.0,8479608:1.0,8489946:1.0,8489947:1.0,8489948:0.0,8489949:0.0
GAMMA: 8489952:1,8500292:1,8510632:1,8531309:1,8531310:1,8531311:1,8531312:1,8479601:0,8479602:0,8479603:0,8479604:0,8479605:0,8479608:1,8489946:0,8489947:0,8489948:0,8489949:0
BEGINACTIONS
P2
Z0
H
ENDACTIONS
8479601 INIT_ 8479602 0.250000
8479601 INIT_ 8479603 0.250000
8479601 INIT_ 8479604 0.250000
8479601 INIT_ 8479605 0.250000
8479602 P2 8479602 0.997800
8479602 P2 8479608 0.002200
8479602 Z0 8479604 0.998851
8479602 Z0 8479605 0.000383
8479602 Z0 8479603 0.000383
8479602 Z0 8479602 0.000383
8479602 H 8479602 0.967829
8479602 H 8489946 0.005140
8479602 H 8479603 0.004505
8479602 H 8489947 0.004505
8479602 H 8479605 0.004505
8479602 H 8489948 0.004505
8479602 H 8479604 0.004505
8479602 H 8489949 0.004505
8479603 P2 8479603 0.997800
8479603 P2 8489952 0.002200
8479603 Z0 8479605 0.998851
8479603 Z0 8479604 0.000383
8479603 Z0 8479602 0.000383
8479603 Z0 8479603 0.000383
8479603 H 8479603 0.967829
8479603 H 8489947 0.005140
8479603 H 8479602 0.004505
8479603 H 8489946 0.004505
8479603 H 8479604 0.004505
8479603 H 8489949 0.004505
8479603 H 8479605 0.004505
8479603 H 8489948 0.004505
8479604 P2 8479604 0.997800
8479604 P2 8500292 0.002200
8479604 Z0 8479602 0.998851
8479604 Z0 8479603 0.000383
8479604 Z0 8479605 0.000383
8479604 Z0 8479604 0.000383
8479604 H 8489949 0.967829
8479604 H 8479604 0.005140
8479604 H 8489948 0.004505
8479604 H 8479605 0.004505
8479604 H 8489947 0.004505
8479604 H 8479603 0.004505
8479604 H 8489946 0.004505
8479604 H 8479602 0.004505
8479605 P2 8479605 0.997800
8479605 P2 8510632 0.002200
8479605 Z0 8479603 0.998851
8479605 Z0 8479602 0.000383
8479605 Z0 8479604 0.000383
8479605 Z0 8479605 0.000383
8479605 H 8489948 0.967829
8479605 H 8479605 0.005140
8479605 H 8489949 0.004505
8479605 H 8479604 0.004505
8479605 H 8489946 0.004505
8479605 H 8479602 0.004505
8479605 H 8489947 0.004505
8479605 H 8479603 0.004505
8479608 P2 8479602 0.997800
8479608 P2 8479608 0.002200
8479608 Z0 8500292 0.998851
8479608 Z0 8510632 0.000383
8479608 Z0 8489952 0.000383
8479608 Z0 8479608 0.000383
8479608 H 8479608 0.967829
8479608 H 8531309 0.005140
8479608 H 8489952 0.004505
8479608 H 8531310 0.004505
8479608 H 8510632 0.004505
8479608 H 8531311 0.004505
8479608 H 8500292 0.004505
8479608 H 8531312 0.004505
8489946 P2 8531309 0.989600
8489946 P2 8489946 0.010400
8489946 Z0 8489949 0.998851
8489946 Z0 8489948 0.000383
8489946 Z0 8489947 0.000383
8489946 Z0 8489946 0.000383
8489946 H 8489946 0.967829
8489946 H 8479602 0.005140
8489946 H 8489947 0.004505
8489946 H 8479603 0.004505
8489946 H 8489948 0.004505
8489946 H 8479605 0.004505
8489946 H 8489949 0.004505
8489946 H 8479604 0.004505
8489947 P2 8531310 0.989600
8489947 P2 8489947 0.010400
8489947 Z0 8489948 0.998851
8489947 Z0 8489949 0.000383
8489947 Z0 8489946 0.000383
8489947 Z0 8489947 0.000383
8489947 H 8489947 0.967829
8489947 H 8479603 0.005140
8489947 H 8489946 0.004505
8489947 H 8479602 0.004505
8489947 H 8489949 0.004505
8489947 H 8479604 0.004505
8489947 H 8489948 0.004505
8489947 H 8479605 0.004505
8489948 P2 8531311 0.989600
8489948 P2 8489948 0.010400
8489948 Z0 8489947 0.998851
8489948 Z0 8489946 0.000383
8489948 Z0 8489949 0.000383
8489948 Z0 8489948 0.000383
8489948 H 8479605 0.967829
8489948 H 8489948 0.005140
8489948 H 8479604 0.004505
8489948 H 8489949 0.004505
8489948 H 8479602 0.004505
8489948 H 8489946 0.004505
8489948 H 8479603 0.004505
8489948 H 8489947 0.004505
8489949 P2 8531312 0.989600
8489949 P2 8489949 0.010400
8489949 Z0 8489946 0.998851
8489949 Z0 8489947 0.000383
8489949 Z0 8489948 0.000383
8489949 Z0 8489949 0.000383
8489949 H 8479604 0.967829
8489949 H 8489949 0.005140
8489949 H 8479605 0.004505
8489949 H 8489948 0.004505
8489949 H 8479603 0.004505
8489949 H 8489947 0.004505
8489949 H 8479602 0.004505
8489949 H 8489946 0.004505
8489952 P2 8479603 0.997800
8489952 P2 8489952 0.002200
8489952 Z0 8510632 0.998851
8489952 Z0 8500292 0.000383
8489952 Z0 8479608 0.000383
8489952 Z0 8489952 0.000383
8489952 H 8489952 0.967829
8489952 H 8531310 0.005140
8489952 H 8479608 0.004505
8489952 H 8531309 0.004505
8489952 H 8500292 0.004505
8489952 H 8531312 0.004505
8489952 H 8510632 0.004505
8489952 H 8531311 0.004505
8500292 P2 8479604 0.997800
8500292 P2 8500292 0.002200
8500292 Z0 8479608 0.998851
8500292 Z0 8489952 0.000383
8500292 Z0 8510632 0.000383
8500292 Z0 8500292 0.000383
8500292 H 8531312 0.967829
8500292 H 8500292 0.005140
8500292 H 8531311 0.004505
8500292 H 8510632 0.004505
8500292 H 8531310 0.004505
8500292 H 8489952 0.004505
8500292 H 8531309 0.004505
8500292 H 8479608 0.004505
8510632 P2 8479605 0.997800
8510632 P2 8510632 0.002200
8510632 Z0 8489952 0.998851
8510632 Z0 8479608 0.000383
8510632 Z0 8500292 0.000383
8510632 Z0 8510632 0.000383
8510632 H 8531311 0.967829
8510632 H 8510632 0.005140
8510632 H 8531312 0.004505
8510632 H 8500292 0.004505
8510632 H 8531309 0.004505
8510632 H 8479608 0.004505
8510632 H 8531310 0.004505
8510632 H 8489952 0.004505
8531309 P2 8531309 0.989600
8531309 P2 8489946 0.010400
8531309 Z0 8531312 0.998851
8531309 Z0 8531311 0.000383
8531309 Z0 8531310 0.000383
8531309 Z0 8531309 0.000383
8531309 H 8531309 0.967829
8531309 H 8479608 0.005140
8531309 H 8531310 0.004505
8531309 H 8489952 0.004505
8531309 H 8531311 0.004505
8531309 H 8510632 0.004505
8531309 H 8531312 0.004505
8531309 H 8500292 0.004505
8531310 P2 8531310 0.989600
8531310 P2 8489947 0.010400
8531310 Z0 8531311 0.998851
8531310 Z0 8531312 0.000383
8531310 Z0 8531309 0.000383
8531310 Z0 8531310 0.000383
8531310 H 8531310 0.967829
8531310 H 8489952 0.005140
8531310 H 8531309 0.004505
8531310 H 8479608 0.004505
8531310 H 8531312 0.004505
8531310 H 8500292 0.004505
8531310 H 8531311 0.004505
8531310 H 8510632 0.004505
8531311 P2 8531311 0.989600
8531311 P2 8489948 0.010400
8531311 Z0 8531310 0.998851
8531311 Z0 8531309 0.000383
8531311 Z0 8531312 0.000383
8531311 Z0 8531311 0.000383
8531311 H 8510632 0.967829
8531311 H 8531311 0.005140
8531311 H 8500292 0.004505
8531311 H 8531312 0.004505
8531311 H 8479608 0.004505
8531311 H 8531309 0.004505
8531311 H 8489952 0.004505
8531311 H 8531310 0.004505
8531312 P2 8531312 0.989600
8531312 P2 8489949 0.010400
8531312 Z0 8531309 0.998851
8531312 Z0 8531310 0.000383
8531312 Z0 8531311 0.000383
8531312 Z0 8531312 0.000383
8531312 H 8500292 0.967829
8531312 H 8531312 0.005140
8531312 H 8510632 0.004505
8531312 H 8531311 0.004505
8531312 H 8489952 0.004505
8531312 H 8531310 0.004505
8531312 H 8479608 0.004505
8531312 H 8531309 0.004505
ENDPOMDP
