BEGINPOMDP
INITIALSTATE: 8013422
STATES: 8032833,8042533,8061930,8061931,8061932,8061933,8013422,8013423,8013424,8013425,8013426,8013429,8023127,8023128,8023129,8023130,8023133
REWARDS: 8032833:0.0,8042533:0.0,8061930:1.0,8061931:0.0,8061932:0.0,8061933:1.0,8013422:0.0,8013423:1.0,8013424:1.0,8013425:0.0,8013426:0.0,8013429:1.0,8023127:1.0,8023128:0.0,8023129:0.0,8023130:1.0,8023133:1.0
GAMMA: 8032833:1,8042533:1,8061930:1,8061931:1,8061932:1,8061933:1,8013422:0,8013423:0,8013424:0,8013425:0,8013426:0,8013429:1,8023127:0,8023128:0,8023129:0,8023130:0,8023133:1
BEGINACTIONS
P2
Z0
H
ENDACTIONS
8013422 INIT_ 8013423 0.250000
8013422 INIT_ 8013424 0.250000
8013422 INIT_ 8013425 0.250000
8013422 INIT_ 8013426 0.250000
8013423 P2 8013423 0.935400
8013423 P2 8013429 0.064600
8013423 Z0 8013425 0.998607
8013423 Z0 8013426 0.000464
8013423 Z0 8013424 0.000464
8013423 Z0 8013423 0.000464
8013423 H 8013424 0.133151
8013423 H 8023127 0.133151
8013423 H 8013426 0.133151
8013423 H 8023128 0.133151
8013423 H 8013425 0.133151
8013423 H 8023129 0.133151
8013423 H 8013423 0.067976
8013423 H 8023130 0.133116
8013424 P2 8013424 0.935400
8013424 P2 8023133 0.064600
8013424 Z0 8013426 0.998607
8013424 Z0 8013425 0.000464
8013424 Z0 8013423 0.000464
8013424 Z0 8013424 0.000464
8013424 H 8013423 0.133151
8013424 H 8023130 0.133151
8013424 H 8013425 0.133151
8013424 H 8023129 0.133151
8013424 H 8013426 0.133151
8013424 H 8023128 0.133151
8013424 H 8013424 0.067976
8013424 H 8023127 0.133116
8013425 P2 8013425 0.935400
8013425 P2 8032833 0.064600
8013425 Z0 8013423 0.998607
8013425 Z0 8013424 0.000464
8013425 Z0 8013426 0.000464
8013425 Z0 8013425 0.000464
8013425 H 8023128 0.133151
8013425 H 8013426 0.133151
8013425 H 8023127 0.133151
8013425 H 8013424 0.133151
8013425 H 8023130 0.133151
8013425 H 8013423 0.133151
8013425 H 8023129 0.067976
8013425 H 8013425 0.133116
8013426 P2 8013426 0.935400
8013426 P2 8042533 0.064600
8013426 Z0 8013424 0.998607
8013426 Z0 8013423 0.000464
8013426 Z0 8013425 0.000464
8013426 Z0 8013426 0.000464
8013426 H 8023129 0.133151
8013426 H 8013425 0.133151
8013426 H 8023130 0.133151
8013426 H 8013423 0.133151
8013426 H 8023127 0.133151
8013426 H 8013424 0.133151
8013426 H 8023128 0.067976
8013426 H 8013426 0.133116
8013429 P2 8013423 0.935400
8013429 P2 8013429 0.064600
8013429 Z0 8032833 0.998607
8013429 Z0 8042533 0.000464
8013429 Z0 8023133 0.000464
8013429 Z0 8013429 0.000464
8013429 H 8023133 0.133151
8013429 H 8061930 0.133151
8013429 H 8042533 0.133151
8013429 H 8061931 0.133151
8013429 H 8032833 0.133151
8013429 H 8061932 0.133151
8013429 H 8013429 0.067976
8013429 H 8061933 0.133116
8023127 P2 8061930 0.984600
8023127 P2 8023127 0.015400
8023127 Z0 8023128 0.998607
8023127 Z0 8023129 0.000464
8023127 Z0 8023130 0.000464
8023127 Z0 8023127 0.000464
8023127 H 8023130 0.133151
8023127 H 8013423 0.133151
8023127 H 8023129 0.133151
8023127 H 8013425 0.133151
8023127 H 8023128 0.133151
8023127 H 8013426 0.133151
8023127 H 8023127 0.067976
8023127 H 8013424 0.133116
8023128 P2 8061931 0.984600
8023128 P2 8023128 0.015400
8023128 Z0 8023127 0.998607
8023128 Z0 8023130 0.000464
8023128 Z0 8023129 0.000464
8023128 Z0 8023128 0.000464
8023128 H 8013425 0.133151
8023128 H 8023129 0.133151
8023128 H 8013423 0.133151
8023128 H 8023130 0.133151
8023128 H 8013424 0.133151
8023128 H 8023127 0.133151
8023128 H 8013426 0.067976
8023128 H 8023128 0.133116
8023129 P2 8061932 0.984600
8023129 P2 8023129 0.015400
8023129 Z0 8023130 0.998607
8023129 Z0 8023127 0.000464
8023129 Z0 8023128 0.000464
8023129 Z0 8023129 0.000464
8023129 H 8013426 0.133151
8023129 H 8023128 0.133151
8023129 H 8013424 0.133151
8023129 H 8023127 0.133151
8023129 H 8013423 0.133151
8023129 H 8023130 0.133151
8023129 H 8013425 0.067976
8023129 H 8023129 0.133116
8023130 P2 8061933 0.984600
8023130 P2 8023130 0.015400
8023130 Z0 8023129 0.998607
8023130 Z0 8023128 0.000464
8023130 Z0 8023127 0.000464
8023130 Z0 8023130 0.000464
8023130 H 8023127 0.133151
8023130 H 8013424 0.133151
8023130 H 8023128 0.133151
8023130 H 8013426 0.133151
8023130 H 8023129 0.133151
8023130 H 8013425 0.133151
8023130 H 8023130 0.067976
8023130 H 8013423 0.133116
8023133 P2 8013424 0.935400
8023133 P2 8023133 0.064600
8023133 Z0 8042533 0.998607
8023133 Z0 8032833 0.000464
8023133 Z0 8013429 0.000464
8023133 Z0 8023133 0.000464
8023133 H 8013429 0.133151
8023133 H 8061933 0.133151
8023133 H 8032833 0.133151
8023133 H 8061932 0.133151
8023133 H 8042533 0.133151
8023133 H 8061931 0.133151
8023133 H 8023133 0.067976
8023133 H 8061930 0.133116
8032833 P2 8013425 0.935400
8032833 P2 8032833 0.064600
8032833 Z0 8013429 0.998607
8032833 Z0 8023133 0.000464
8032833 Z0 8042533 0.000464
8032833 Z0 8032833 0.000464
8032833 H 8061931 0.133151
8032833 H 8042533 0.133151
8032833 H 8061930 0.133151
8032833 H 8023133 0.133151
8032833 H 8061933 0.133151
8032833 H 8013429 0.133151
8032833 H 8061932 0.067976
8032833 H 8032833 0.133116
8042533 P2 8013426 0.935400
8042533 P2 8042533 0.064600
8042533 Z0 8023133 0.998607
8042533 Z0 8013429 0.000464
8042533 Z0 8032833 0.000464
8042533 Z0 8042533 0.000464
8042533 H 8061932 0.133151
8042533 H 8032833 0.133151
8042533 H 8061933 0.133151
8042533 H 8013429 0.133151
8042533 H 8061930 0.133151
8042533 H 8023133 0.133151
8042533 H 8061931 0.067976
8042533 H 8042533 0.133116
8061930 P2 8061930 0.984600
8061930 P2 8023127 0.015400
8061930 Z0 8061931 0.998607
8061930 Z0 8061932 0.000464
8061930 Z0 8061933 0.000464
8061930 Z0 8061930 0.000464
8061930 H 8061933 0.133151
8061930 H 8013429 0.133151
8061930 H 8061932 0.133151
8061930 H 8032833 0.133151
8061930 H 8061931 0.133151
8061930 H 8042533 0.133151
8061930 H 8061930 0.067976
8061930 H 8023133 0.133116
8061931 P2 8061931 0.984600
8061931 P2 8023128 0.015400
8061931 Z0 8061930 0.998607
8061931 Z0 8061933 0.000464
8061931 Z0 8061932 0.000464
8061931 Z0 8061931 0.000464
8061931 H 8032833 0.133151
8061931 H 8061932 0.133151
8061931 H 8013429 0.133151
8061931 H 8061933 0.133151
8061931 H 8023133 0.133151
8061931 H 8061930 0.133151
8061931 H 8042533 0.067976
8061931 H 8061931 0.133116
8061932 P2 8061932 0.984600
8061932 P2 8023129 0.015400
8061932 Z0 8061933 0.998607
8061932 Z0 8061930 0.000464
8061932 Z0 8061931 0.000464
8061932 Z0 8061932 0.000464
8061932 H 8042533 0.133151
8061932 H 8061931 0.133151
8061932 H 8023133 0.133151
8061932 H 8061930 0.133151
8061932 H 8013429 0.133151
8061932 H 8061933 0.133151
8061932 H 8032833 0.067976
8061932 H 8061932 0.133116
8061933 P2 8061933 0.984600
8061933 P2 8023130 0.015400
8061933 Z0 8061932 0.998607
8061933 Z0 8061931 0.000464
8061933 Z0 8061930 0.000464
8061933 Z0 8061933 0.000464
8061933 H 8061930 0.133151
8061933 H 8023133 0.133151
8061933 H 8061931 0.133151
8061933 H 8042533 0.133151
8061933 H 8061932 0.133151
8061933 H 8032833 0.133151
8061933 H 8061933 0.067976
8061933 H 8013429 0.133116
ENDPOMDP
