BEGINPOMDP
INITIALSTATE: 7692780
STATES: 7723811,7744488,7744489,7744490,7744491,7692780,7692781,7692782,7692783,7692784,7692787,7703125,7703126,7703127,7703128,7703131,7713471
REWARDS: 7723811:0.0,7744488:1.0,7744489:1.0,7744490:0.0,7744491:0.0,7692780:0.0,7692781:1.0,7692782:1.0,7692783:0.0,7692784:0.0,7692787:1.0,7703125:1.0,7703126:1.0,7703127:0.0,7703128:0.0,7703131:1.0,7713471:0.0
GAMMA: 7723811:1,7744488:1,7744489:1,7744490:1,7744491:1,7692780:0,7692781:0,7692782:0,7692783:0,7692784:0,7692787:1,7703125:0,7703126:0,7703127:0,7703128:0,7703131:1,7713471:1
BEGINACTIONS
P2
Z0
H
ENDACTIONS
7692780 INIT_ 7692781 0.250000
7692780 INIT_ 7692782 0.250000
7692780 INIT_ 7692783 0.250000
7692780 INIT_ 7692784 0.250000
7692781 P2 7692781 0.988800
7692781 P2 7692787 0.011200
7692781 Z0 7692783 0.998444
7692781 Z0 7692784 0.000519
7692781 Z0 7692782 0.000519
7692781 Z0 7692781 0.000519
7692781 H 7692781 0.976944
7692781 H 7703125 0.003841
7692781 H 7692782 0.003202
7692781 H 7703126 0.003202
7692781 H 7692784 0.003202
7692781 H 7703127 0.003202
7692781 H 7692783 0.003202
7692781 H 7703128 0.003202
7692782 P2 7692782 0.988800
7692782 P2 7703131 0.011200
7692782 Z0 7692784 0.998444
7692782 Z0 7692783 0.000519
7692782 Z0 7692781 0.000519
7692782 Z0 7692782 0.000519
7692782 H 7692782 0.976944
7692782 H 7703126 0.003841
7692782 H 7692781 0.003202
7692782 H 7703125 0.003202
7692782 H 7692783 0.003202
7692782 H 7703128 0.003202
7692782 H 7692784 0.003202
7692782 H 7703127 0.003202
7692783 P2 7692783 0.988800
7692783 P2 7713471 0.011200
7692783 Z0 7692781 0.998444
7692783 Z0 7692782 0.000519
7692783 Z0 7692784 0.000519
7692783 Z0 7692783 0.000519
7692783 H 7703128 0.976944
7692783 H 7692783 0.003841
7692783 H 7703127 0.003202
7692783 H 7692784 0.003202
7692783 H 7703126 0.003202
7692783 H 7692782 0.003202
7692783 H 7703125 0.003202
7692783 H 7692781 0.003202
7692784 P2 7692784 0.988800
7692784 P2 7723811 0.011200
7692784 Z0 7692782 0.998444
7692784 Z0 7692781 0.000519
7692784 Z0 7692783 0.000519
7692784 Z0 7692784 0.000519
7692784 H 7703127 0.976944
7692784 H 7692784 0.003841
7692784 H 7703128 0.003202
7692784 H 7692783 0.003202
7692784 H 7703125 0.003202
7692784 H 7692781 0.003202
7692784 H 7703126 0.003202
7692784 H 7692782 0.003202
7692787 P2 7692781 0.988800
7692787 P2 7692787 0.011200
7692787 Z0 7713471 0.998444
7692787 Z0 7723811 0.000519
7692787 Z0 7703131 0.000519
7692787 Z0 7692787 0.000519
7692787 H 7692787 0.976944
7692787 H 7744488 0.003841
7692787 H 7703131 0.003202
7692787 H 7744489 0.003202
7692787 H 7723811 0.003202
7692787 H 7744490 0.003202
7692787 H 7713471 0.003202
7692787 H 7744491 0.003202
7703125 P2 7744488 0.985800
7703125 P2 7703125 0.014200
7703125 Z0 7703128 0.998444
7703125 Z0 7703127 0.000519
7703125 Z0 7703126 0.000519
7703125 Z0 7703125 0.000519
7703125 H 7703125 0.976944
7703125 H 7692781 0.003841
7703125 H 7703126 0.003202
7703125 H 7692782 0.003202
7703125 H 7703127 0.003202
7703125 H 7692784 0.003202
7703125 H 7703128 0.003202
7703125 H 7692783 0.003202
7703126 P2 7744489 0.985800
7703126 P2 7703126 0.014200
7703126 Z0 7703127 0.998444
7703126 Z0 7703128 0.000519
7703126 Z0 7703125 0.000519
7703126 Z0 7703126 0.000519
7703126 H 7703126 0.976944
7703126 H 7692782 0.003841
7703126 H 7703125 0.003202
7703126 H 7692781 0.003202
7703126 H 7703128 0.003202
7703126 H 7692783 0.003202
7703126 H 7703127 0.003202
7703126 H 7692784 0.003202
7703127 P2 7744490 0.985800
7703127 P2 7703127 0.014200
7703127 Z0 7703126 0.998444
7703127 Z0 7703125 0.000519
7703127 Z0 7703128 0.000519
7703127 Z0 7703127 0.000519
7703127 H 7692784 0.976944
7703127 H 7703127 0.003841
7703127 H 7692783 0.003202
7703127 H 7703128 0.003202
7703127 H 7692781 0.003202
7703127 H 7703125 0.003202
7703127 H 7692782 0.003202
7703127 H 7703126 0.003202
7703128 P2 7744491 0.985800
7703128 P2 7703128 0.014200
7703128 Z0 7703125 0.998444
7703128 Z0 7703126 0.000519
7703128 Z0 7703127 0.000519
7703128 Z0 7703128 0.000519
7703128 H 7692783 0.976944
7703128 H 7703128 0.003841
7703128 H 7692784 0.003202
7703128 H 7703127 0.003202
7703128 H 7692782 0.003202
7703128 H 7703126 0.003202
7703128 H 7692781 0.003202
7703128 H 7703125 0.003202
7703131 P2 7692782 0.988800
7703131 P2 7703131 0.011200
7703131 Z0 7723811 0.998444
7703131 Z0 7713471 0.000519
7703131 Z0 7692787 0.000519
7703131 Z0 7703131 0.000519
7703131 H 7703131 0.976944
7703131 H 7744489 0.003841
7703131 H 7692787 0.003202
7703131 H 7744488 0.003202
7703131 H 7713471 0.003202
7703131 H 7744491 0.003202
7703131 H 7723811 0.003202
7703131 H 7744490 0.003202
7713471 P2 7692783 0.988800
7713471 P2 7713471 0.011200
7713471 Z0 7692787 0.998444
7713471 Z0 7703131 0.000519
7713471 Z0 7723811 0.000519
7713471 Z0 7713471 0.000519
7713471 H 7744491 0.976944
7713471 H 7713471 0.003841
7713471 H 7744490 0.003202
7713471 H 7723811 0.003202
7713471 H 7744489 0.003202
7713471 H 7703131 0.003202
7713471 H 7744488 0.003202
7713471 H 7692787 0.003202
7723811 P2 7692784 0.988800
7723811 P2 7723811 0.011200
7723811 Z0 7703131 0.998444
7723811 Z0 7692787 0.000519
7723811 Z0 7713471 0.000519
7723811 Z0 7723811 0.000519
7723811 H 7744490 0.976944
7723811 H 7723811 0.003841
7723811 H 7744491 0.003202
7723811 H 7713471 0.003202
7723811 H 7744488 0.003202
7723811 H 7692787 0.003202
7723811 H 7744489 0.003202
7723811 H 7703131 0.003202
7744488 P2 7744488 0.985800
7744488 P2 7703125 0.014200
7744488 Z0 7744491 0.998444
7744488 Z0 7744490 0.000519
7744488 Z0 7744489 0.000519
7744488 Z0 7744488 0.000519
7744488 H 7744488 0.976944
7744488 H 7692787 0.003841
7744488 H 7744489 0.003202
7744488 H 7703131 0.003202
7744488 H 7744490 0.003202
7744488 H 7723811 0.003202
7744488 H 7744491 0.003202
7744488 H 7713471 0.003202
7744489 P2 7744489 0.985800
7744489 P2 7703126 0.014200
7744489 Z0 7744490 0.998444
7744489 Z0 7744491 0.000519
7744489 Z0 7744488 0.000519
7744489 Z0 7744489 0.000519
7744489 H 7744489 0.976944
7744489 H 7703131 0.003841
7744489 H 7744488 0.003202
7744489 H 7692787 0.003202
7744489 H 7744491 0.003202
7744489 H 7713471 0.003202
7744489 H 7744490 0.003202
7744489 H 7723811 0.003202
7744490 P2 7744490 0.985800
7744490 P2 7703127 0.014200
7744490 Z0 7744489 0.998444
7744490 Z0 7744488 0.000519
7744490 Z0 7744491 0.000519
7744490 Z0 7744490 0.000519
7744490 H 7723811 0.976944
7744490 H 7744490 0.003841
7744490 H 7713471 0.003202
7744490 H 7744491 0.003202
7744490 H 7692787 0.003202
7744490 H 7744488 0.003202
7744490 H 7703131 0.003202
7744490 H 7744489 0.003202
7744491 P2 7744491 0.985800
7744491 P2 7703128 0.014200
7744491 Z0 7744488 0.998444
7744491 Z0 7744489 0.000519
7744491 Z0 7744490 0.000519
7744491 Z0 7744491 0.000519
7744491 H 7713471 0.976944
7744491 H 7744491 0.003841
7744491 H 7723811 0.003202
7744491 H 7744490 0.003202
7744491 H 7703131 0.003202
7744491 H 7744489 0.003202
7744491 H 7692787 0.003202
7744491 H 7744488 0.003202
ENDPOMDP
