BEGINPOMDP
INITIALSTATE: 935811
STATES: 935811,935812,935813,935814,935815,936090,936931,937768,936652,937489,936373,936088,936089,937210,936091,936094,938047
REWARDS: 935811:0.0,935812:1.0,935813:0.0,935814:1.0,935815:0.0,936090:0.0,936931:0.0,937768:0.0,936652:1.0,937489:0.0,936373:0.0,936088:1.0,936089:0.0,937210:1.0,936091:1.0,936094:1.0,938047:1.0
GAMMA: 935811:0,935812:0,935813:0,935814:0,935815:0,936090:0,936931:1,937768:1,936652:1,937489:1,936373:1,936088:0,936089:0,937210:1,936091:0,936094:1,938047:1
BEGINACTIONS
CX
P2
X0
ENDACTIONS
935811 INIT_ 935812 0.250000
935811 INIT_ 935813 0.250000
935811 INIT_ 935814 0.250000
935811 INIT_ 935815 0.250000
935812 CX 935812 0.937580
935812 CX 936088 0.008917
935812 CX 935813 0.008917
935812 CX 936089 0.008917
935812 CX 935815 0.008917
935812 CX 936090 0.008917
935812 CX 935814 0.008917
935812 CX 936091 0.008917
935812 P2 935812 0.979600
935812 P2 936094 0.020400
935812 X0 935813 0.995185
935812 X0 935812 0.001605
935812 X0 935814 0.001605
935812 X0 935815 0.001605
935813 CX 936089 0.937580
935813 CX 935813 0.008917
935813 CX 936088 0.008917
935813 CX 935812 0.008917
935813 CX 936091 0.008917
935813 CX 935814 0.008917
935813 CX 936090 0.008917
935813 CX 935815 0.008917
935813 P2 935813 0.979600
935813 P2 936373 0.020400
935813 X0 935812 0.995185
935813 X0 935813 0.001605
935813 X0 935815 0.001605
935813 X0 935814 0.001605
935814 CX 935814 0.937580
935814 CX 936091 0.008917
935814 CX 935815 0.008917
935814 CX 936090 0.008917
935814 CX 935813 0.008917
935814 CX 936089 0.008917
935814 CX 935812 0.008917
935814 CX 936088 0.008917
935814 P2 935814 0.979600
935814 P2 936652 0.020400
935814 X0 935815 0.995185
935814 X0 935814 0.001605
935814 X0 935812 0.001605
935814 X0 935813 0.001605
935815 CX 936090 0.937580
935815 CX 935815 0.008917
935815 CX 936091 0.008917
935815 CX 935814 0.008917
935815 CX 936088 0.008917
935815 CX 935812 0.008917
935815 CX 936089 0.008917
935815 CX 935813 0.008917
935815 P2 935815 0.979600
935815 P2 936931 0.020400
935815 X0 935814 0.995185
935815 X0 935815 0.001605
935815 X0 935813 0.001605
935815 X0 935812 0.001605
936088 CX 936088 0.937580
936088 CX 935812 0.008917
936088 CX 936089 0.008917
936088 CX 935813 0.008917
936088 CX 936090 0.008917
936088 CX 935815 0.008917
936088 CX 936091 0.008917
936088 CX 935814 0.008917
936088 P2 937210 0.960400
936088 P2 936088 0.039600
936088 X0 936089 0.995185
936088 X0 936088 0.001605
936088 X0 936091 0.001605
936088 X0 936090 0.001605
936089 CX 935813 0.937580
936089 CX 936089 0.008917
936089 CX 935812 0.008917
936089 CX 936088 0.008917
936089 CX 935814 0.008917
936089 CX 936091 0.008917
936089 CX 935815 0.008917
936089 CX 936090 0.008917
936089 P2 937489 0.960400
936089 P2 936089 0.039600
936089 X0 936088 0.995185
936089 X0 936089 0.001605
936089 X0 936090 0.001605
936089 X0 936091 0.001605
936090 CX 935815 0.937580
936090 CX 936090 0.008917
936090 CX 935814 0.008917
936090 CX 936091 0.008917
936090 CX 935812 0.008917
936090 CX 936088 0.008917
936090 CX 935813 0.008917
936090 CX 936089 0.008917
936090 P2 937768 0.960400
936090 P2 936090 0.039600
936090 X0 936091 0.995185
936090 X0 936090 0.001605
936090 X0 936089 0.001605
936090 X0 936088 0.001605
936091 CX 936091 0.937580
936091 CX 935814 0.008917
936091 CX 936090 0.008917
936091 CX 935815 0.008917
936091 CX 936089 0.008917
936091 CX 935813 0.008917
936091 CX 936088 0.008917
936091 CX 935812 0.008917
936091 P2 938047 0.960400
936091 P2 936091 0.039600
936091 X0 936090 0.995185
936091 X0 936091 0.001605
936091 X0 936088 0.001605
936091 X0 936089 0.001605
936094 CX 936094 0.937580
936094 CX 937210 0.008917
936094 CX 936373 0.008917
936094 CX 937489 0.008917
936094 CX 936931 0.008917
936094 CX 937768 0.008917
936094 CX 936652 0.008917
936094 CX 938047 0.008917
936094 P2 935812 0.979600
936094 P2 936094 0.020400
936094 X0 936373 0.995185
936094 X0 936094 0.001605
936094 X0 936652 0.001605
936094 X0 936931 0.001605
936373 CX 937489 0.937580
936373 CX 936373 0.008917
936373 CX 937210 0.008917
936373 CX 936094 0.008917
936373 CX 938047 0.008917
936373 CX 936652 0.008917
936373 CX 937768 0.008917
936373 CX 936931 0.008917
936373 P2 935813 0.979600
936373 P2 936373 0.020400
936373 X0 936094 0.995185
936373 X0 936373 0.001605
936373 X0 936931 0.001605
936373 X0 936652 0.001605
936652 CX 936652 0.937580
936652 CX 938047 0.008917
936652 CX 936931 0.008917
936652 CX 937768 0.008917
936652 CX 936373 0.008917
936652 CX 937489 0.008917
936652 CX 936094 0.008917
936652 CX 937210 0.008917
936652 P2 935814 0.979600
936652 P2 936652 0.020400
936652 X0 936931 0.995185
936652 X0 936652 0.001605
936652 X0 936094 0.001605
936652 X0 936373 0.001605
936931 CX 937768 0.937580
936931 CX 936931 0.008917
936931 CX 938047 0.008917
936931 CX 936652 0.008917
936931 CX 937210 0.008917
936931 CX 936094 0.008917
936931 CX 937489 0.008917
936931 CX 936373 0.008917
936931 P2 935815 0.979600
936931 P2 936931 0.020400
936931 X0 936652 0.995185
936931 X0 936931 0.001605
936931 X0 936373 0.001605
936931 X0 936094 0.001605
937210 CX 937210 0.937580
937210 CX 936094 0.008917
937210 CX 937489 0.008917
937210 CX 936373 0.008917
937210 CX 937768 0.008917
937210 CX 936931 0.008917
937210 CX 938047 0.008917
937210 CX 936652 0.008917
937210 P2 937210 0.960400
937210 P2 936088 0.039600
937210 X0 937489 0.995185
937210 X0 937210 0.001605
937210 X0 938047 0.001605
937210 X0 937768 0.001605
937489 CX 936373 0.937580
937489 CX 937489 0.008917
937489 CX 936094 0.008917
937489 CX 937210 0.008917
937489 CX 936652 0.008917
937489 CX 938047 0.008917
937489 CX 936931 0.008917
937489 CX 937768 0.008917
937489 P2 937489 0.960400
937489 P2 936089 0.039600
937489 X0 937210 0.995185
937489 X0 937489 0.001605
937489 X0 937768 0.001605
937489 X0 938047 0.001605
937768 CX 936931 0.937580
937768 CX 937768 0.008917
937768 CX 936652 0.008917
937768 CX 938047 0.008917
937768 CX 936094 0.008917
937768 CX 937210 0.008917
937768 CX 936373 0.008917
937768 CX 937489 0.008917
937768 P2 937768 0.960400
937768 P2 936090 0.039600
937768 X0 938047 0.995185
937768 X0 937768 0.001605
937768 X0 937489 0.001605
937768 X0 937210 0.001605
938047 CX 938047 0.937580
938047 CX 936652 0.008917
938047 CX 937768 0.008917
938047 CX 936931 0.008917
938047 CX 937489 0.008917
938047 CX 936373 0.008917
938047 CX 937210 0.008917
938047 CX 936094 0.008917
938047 P2 938047 0.960400
938047 P2 936091 0.039600
938047 X0 937768 0.995185
938047 X0 938047 0.001605
938047 X0 937210 0.001605
938047 X0 937489 0.001605
ENDPOMDP
