BEGINPOMDP
INITIALSTATE: 917951
STATES: 917952,917953,917954,917955,919908,918792,919071,919629,918513,918228,918229,919350,918231,918230,918234,920187,917951
REWARDS: 917952:1.0,917953:0.0,917954:1.0,917955:0.0,919908:0.0,918792:1.0,919071:0.0,919629:0.0,918513:0.0,918228:1.0,918229:0.0,919350:1.0,918231:1.0,918230:0.0,918234:1.0,920187:1.0,917951:0.0
GAMMA: 917952:0,917953:0,917954:0,917955:0,919908:1,918792:1,919071:1,919629:1,918513:1,918228:0,918229:0,919350:1,918231:0,918230:0,918234:1,920187:1,917951:0
BEGINACTIONS
CX
P2
X0
ENDACTIONS
917951 INIT_ 917952 0.250000
917951 INIT_ 917953 0.250000
917951 INIT_ 917954 0.250000
917951 INIT_ 917955 0.250000
917952 CX 917952 0.901357
917952 CX 918228 0.014092
917952 CX 917953 0.014092
917952 CX 918229 0.014092
917952 CX 917955 0.014092
917952 CX 918230 0.014092
917952 CX 917954 0.014092
917952 CX 918231 0.014092
917952 P2 917952 0.980800
917952 P2 918234 0.019200
917952 X0 917953 0.997511
917952 X0 917952 0.000830
917952 X0 917954 0.000830
917952 X0 917955 0.000830
917953 CX 918229 0.901357
917953 CX 917953 0.014092
917953 CX 918228 0.014092
917953 CX 917952 0.014092
917953 CX 918231 0.014092
917953 CX 917954 0.014092
917953 CX 918230 0.014092
917953 CX 917955 0.014092
917953 P2 917953 0.980800
917953 P2 918513 0.019200
917953 X0 917952 0.997511
917953 X0 917953 0.000830
917953 X0 917955 0.000830
917953 X0 917954 0.000830
917954 CX 917954 0.901357
917954 CX 918231 0.014092
917954 CX 917955 0.014092
917954 CX 918230 0.014092
917954 CX 917953 0.014092
917954 CX 918229 0.014092
917954 CX 917952 0.014092
917954 CX 918228 0.014092
917954 P2 917954 0.980800
917954 P2 918792 0.019200
917954 X0 917955 0.997511
917954 X0 917954 0.000830
917954 X0 917952 0.000830
917954 X0 917953 0.000830
917955 CX 918230 0.901357
917955 CX 917955 0.014092
917955 CX 918231 0.014092
917955 CX 917954 0.014092
917955 CX 918228 0.014092
917955 CX 917952 0.014092
917955 CX 918229 0.014092
917955 CX 917953 0.014092
917955 P2 917955 0.980800
917955 P2 919071 0.019200
917955 X0 917954 0.997511
917955 X0 917955 0.000830
917955 X0 917953 0.000830
917955 X0 917952 0.000830
918228 CX 918228 0.901357
918228 CX 917952 0.014092
918228 CX 918229 0.014092
918228 CX 917953 0.014092
918228 CX 918230 0.014092
918228 CX 917955 0.014092
918228 CX 918231 0.014092
918228 CX 917954 0.014092
918228 P2 919350 0.903600
918228 P2 918228 0.096400
918228 X0 918229 0.997511
918228 X0 918228 0.000830
918228 X0 918231 0.000830
918228 X0 918230 0.000830
918229 CX 917953 0.901357
918229 CX 918229 0.014092
918229 CX 917952 0.014092
918229 CX 918228 0.014092
918229 CX 917954 0.014092
918229 CX 918231 0.014092
918229 CX 917955 0.014092
918229 CX 918230 0.014092
918229 P2 919629 0.903600
918229 P2 918229 0.096400
918229 X0 918228 0.997511
918229 X0 918229 0.000830
918229 X0 918230 0.000830
918229 X0 918231 0.000830
918230 CX 917955 0.901357
918230 CX 918230 0.014092
918230 CX 917954 0.014092
918230 CX 918231 0.014092
918230 CX 917952 0.014092
918230 CX 918228 0.014092
918230 CX 917953 0.014092
918230 CX 918229 0.014092
918230 P2 919908 0.903600
918230 P2 918230 0.096400
918230 X0 918231 0.997511
918230 X0 918230 0.000830
918230 X0 918229 0.000830
918230 X0 918228 0.000830
918231 CX 918231 0.901357
918231 CX 917954 0.014092
918231 CX 918230 0.014092
918231 CX 917955 0.014092
918231 CX 918229 0.014092
918231 CX 917953 0.014092
918231 CX 918228 0.014092
918231 CX 917952 0.014092
918231 P2 920187 0.903600
918231 P2 918231 0.096400
918231 X0 918230 0.997511
918231 X0 918231 0.000830
918231 X0 918228 0.000830
918231 X0 918229 0.000830
918234 CX 918234 0.901357
918234 CX 919350 0.014092
918234 CX 918513 0.014092
918234 CX 919629 0.014092
918234 CX 919071 0.014092
918234 CX 919908 0.014092
918234 CX 918792 0.014092
918234 CX 920187 0.014092
918234 P2 917952 0.980800
918234 P2 918234 0.019200
918234 X0 918513 0.997511
918234 X0 918234 0.000830
918234 X0 918792 0.000830
918234 X0 919071 0.000830
918513 CX 919629 0.901357
918513 CX 918513 0.014092
918513 CX 919350 0.014092
918513 CX 918234 0.014092
918513 CX 920187 0.014092
918513 CX 918792 0.014092
918513 CX 919908 0.014092
918513 CX 919071 0.014092
918513 P2 917953 0.980800
918513 P2 918513 0.019200
918513 X0 918234 0.997511
918513 X0 918513 0.000830
918513 X0 919071 0.000830
918513 X0 918792 0.000830
918792 CX 918792 0.901357
918792 CX 920187 0.014092
918792 CX 919071 0.014092
918792 CX 919908 0.014092
918792 CX 918513 0.014092
918792 CX 919629 0.014092
918792 CX 918234 0.014092
918792 CX 919350 0.014092
918792 P2 917954 0.980800
918792 P2 918792 0.019200
918792 X0 919071 0.997511
918792 X0 918792 0.000830
918792 X0 918234 0.000830
918792 X0 918513 0.000830
919071 CX 919908 0.901357
919071 CX 919071 0.014092
919071 CX 920187 0.014092
919071 CX 918792 0.014092
919071 CX 919350 0.014092
919071 CX 918234 0.014092
919071 CX 919629 0.014092
919071 CX 918513 0.014092
919071 P2 917955 0.980800
919071 P2 919071 0.019200
919071 X0 918792 0.997511
919071 X0 919071 0.000830
919071 X0 918513 0.000830
919071 X0 918234 0.000830
919350 CX 919350 0.901357
919350 CX 918234 0.014092
919350 CX 919629 0.014092
919350 CX 918513 0.014092
919350 CX 919908 0.014092
919350 CX 919071 0.014092
919350 CX 920187 0.014092
919350 CX 918792 0.014092
919350 P2 919350 0.903600
919350 P2 918228 0.096400
919350 X0 919629 0.997511
919350 X0 919350 0.000830
919350 X0 920187 0.000830
919350 X0 919908 0.000830
919629 CX 918513 0.901357
919629 CX 919629 0.014092
919629 CX 918234 0.014092
919629 CX 919350 0.014092
919629 CX 918792 0.014092
919629 CX 920187 0.014092
919629 CX 919071 0.014092
919629 CX 919908 0.014092
919629 P2 919629 0.903600
919629 P2 918229 0.096400
919629 X0 919350 0.997511
919629 X0 919629 0.000830
919629 X0 919908 0.000830
919629 X0 920187 0.000830
919908 CX 919071 0.901357
919908 CX 919908 0.014092
919908 CX 918792 0.014092
919908 CX 920187 0.014092
919908 CX 918234 0.014092
919908 CX 919350 0.014092
919908 CX 918513 0.014092
919908 CX 919629 0.014092
919908 P2 919908 0.903600
919908 P2 918230 0.096400
919908 X0 920187 0.997511
919908 X0 919908 0.000830
919908 X0 919629 0.000830
919908 X0 919350 0.000830
920187 CX 920187 0.901357
920187 CX 918792 0.014092
920187 CX 919908 0.014092
920187 CX 919071 0.014092
920187 CX 919629 0.014092
920187 CX 918513 0.014092
920187 CX 919350 0.014092
920187 CX 918234 0.014092
920187 P2 920187 0.903600
920187 P2 918231 0.096400
920187 X0 919908 0.997511
920187 X0 920187 0.000830
920187 X0 919350 0.000830
920187 X0 919629 0.000830
ENDPOMDP
