BEGINPOMDP
INITIALSTATE: 315688
STATES: 315968,315971,317924,315688,315689,315690,315691,315692,315967,316808,317645,316529,317366,316250,315965,315966,317087
REWARDS: 315968:1.0,315971:1.0,317924:1.0,315688:0.0,315689:1.0,315690:0.0,315691:1.0,315692:0.0,315967:0.0,316808:0.0,317645:0.0,316529:1.0,317366:0.0,316250:0.0,315965:1.0,315966:0.0,317087:1.0
GAMMA: 315968:0,315971:1,317924:1,315688:0,315689:0,315690:0,315691:0,315692:0,315967:0,316808:1,317645:1,316529:1,317366:1,316250:1,315965:0,315966:0,317087:1
BEGINACTIONS
CX
P2
X0
ENDACTIONS
315688 INIT_ 315689 0.250000
315688 INIT_ 315690 0.250000
315688 INIT_ 315691 0.250000
315688 INIT_ 315692 0.250000
315689 CX 315689 0.950134
315689 CX 315965 0.007124
315689 CX 315690 0.007124
315689 CX 315966 0.007124
315689 CX 315692 0.007124
315689 CX 315967 0.007124
315689 CX 315691 0.007124
315689 CX 315968 0.007124
315689 P2 315689 0.995000
315689 P2 315971 0.005000
315689 X0 315690 0.997631
315689 X0 315689 0.000790
315689 X0 315691 0.000790
315689 X0 315692 0.000790
315690 CX 315966 0.950134
315690 CX 315690 0.007124
315690 CX 315965 0.007124
315690 CX 315689 0.007124
315690 CX 315968 0.007124
315690 CX 315691 0.007124
315690 CX 315967 0.007124
315690 CX 315692 0.007124
315690 P2 315690 0.995000
315690 P2 316250 0.005000
315690 X0 315689 0.997631
315690 X0 315690 0.000790
315690 X0 315692 0.000790
315690 X0 315691 0.000790
315691 CX 315691 0.950134
315691 CX 315968 0.007124
315691 CX 315692 0.007124
315691 CX 315967 0.007124
315691 CX 315690 0.007124
315691 CX 315966 0.007124
315691 CX 315689 0.007124
315691 CX 315965 0.007124
315691 P2 315691 0.995000
315691 P2 316529 0.005000
315691 X0 315692 0.997631
315691 X0 315691 0.000790
315691 X0 315689 0.000790
315691 X0 315690 0.000790
315692 CX 315967 0.950134
315692 CX 315692 0.007124
315692 CX 315968 0.007124
315692 CX 315691 0.007124
315692 CX 315965 0.007124
315692 CX 315689 0.007124
315692 CX 315966 0.007124
315692 CX 315690 0.007124
315692 P2 315692 0.995000
315692 P2 316808 0.005000
315692 X0 315691 0.997631
315692 X0 315692 0.000790
315692 X0 315690 0.000790
315692 X0 315689 0.000790
315965 CX 315965 0.950134
315965 CX 315689 0.007124
315965 CX 315966 0.007124
315965 CX 315690 0.007124
315965 CX 315967 0.007124
315965 CX 315692 0.007124
315965 CX 315968 0.007124
315965 CX 315691 0.007124
315965 P2 317087 0.952000
315965 P2 315965 0.048000
315965 X0 315966 0.997631
315965 X0 315965 0.000790
315965 X0 315968 0.000790
315965 X0 315967 0.000790
315966 CX 315690 0.950134
315966 CX 315966 0.007124
315966 CX 315689 0.007124
315966 CX 315965 0.007124
315966 CX 315691 0.007124
315966 CX 315968 0.007124
315966 CX 315692 0.007124
315966 CX 315967 0.007124
315966 P2 317366 0.952000
315966 P2 315966 0.048000
315966 X0 315965 0.997631
315966 X0 315966 0.000790
315966 X0 315967 0.000790
315966 X0 315968 0.000790
315967 CX 315692 0.950134
315967 CX 315967 0.007124
315967 CX 315691 0.007124
315967 CX 315968 0.007124
315967 CX 315689 0.007124
315967 CX 315965 0.007124
315967 CX 315690 0.007124
315967 CX 315966 0.007124
315967 P2 317645 0.952000
315967 P2 315967 0.048000
315967 X0 315968 0.997631
315967 X0 315967 0.000790
315967 X0 315966 0.000790
315967 X0 315965 0.000790
315968 CX 315968 0.950134
315968 CX 315691 0.007124
315968 CX 315967 0.007124
315968 CX 315692 0.007124
315968 CX 315966 0.007124
315968 CX 315690 0.007124
315968 CX 315965 0.007124
315968 CX 315689 0.007124
315968 P2 317924 0.952000
315968 P2 315968 0.048000
315968 X0 315967 0.997631
315968 X0 315968 0.000790
315968 X0 315965 0.000790
315968 X0 315966 0.000790
315971 CX 315971 0.950134
315971 CX 317087 0.007124
315971 CX 316250 0.007124
315971 CX 317366 0.007124
315971 CX 316808 0.007124
315971 CX 317645 0.007124
315971 CX 316529 0.007124
315971 CX 317924 0.007124
315971 P2 315689 0.995000
315971 P2 315971 0.005000
315971 X0 316250 0.997631
315971 X0 315971 0.000790
315971 X0 316529 0.000790
315971 X0 316808 0.000790
316250 CX 317366 0.950134
316250 CX 316250 0.007124
316250 CX 317087 0.007124
316250 CX 315971 0.007124
316250 CX 317924 0.007124
316250 CX 316529 0.007124
316250 CX 317645 0.007124
316250 CX 316808 0.007124
316250 P2 315690 0.995000
316250 P2 316250 0.005000
316250 X0 315971 0.997631
316250 X0 316250 0.000790
316250 X0 316808 0.000790
316250 X0 316529 0.000790
316529 CX 316529 0.950134
316529 CX 317924 0.007124
316529 CX 316808 0.007124
316529 CX 317645 0.007124
316529 CX 316250 0.007124
316529 CX 317366 0.007124
316529 CX 315971 0.007124
316529 CX 317087 0.007124
316529 P2 315691 0.995000
316529 P2 316529 0.005000
316529 X0 316808 0.997631
316529 X0 316529 0.000790
316529 X0 315971 0.000790
316529 X0 316250 0.000790
316808 CX 317645 0.950134
316808 CX 316808 0.007124
316808 CX 317924 0.007124
316808 CX 316529 0.007124
316808 CX 317087 0.007124
316808 CX 315971 0.007124
316808 CX 317366 0.007124
316808 CX 316250 0.007124
316808 P2 315692 0.995000
316808 P2 316808 0.005000
316808 X0 316529 0.997631
316808 X0 316808 0.000790
316808 X0 316250 0.000790
316808 X0 315971 0.000790
317087 CX 317087 0.950134
317087 CX 315971 0.007124
317087 CX 317366 0.007124
317087 CX 316250 0.007124
317087 CX 317645 0.007124
317087 CX 316808 0.007124
317087 CX 317924 0.007124
317087 CX 316529 0.007124
317087 P2 317087 0.952000
317087 P2 315965 0.048000
317087 X0 317366 0.997631
317087 X0 317087 0.000790
317087 X0 317924 0.000790
317087 X0 317645 0.000790
317366 CX 316250 0.950134
317366 CX 317366 0.007124
317366 CX 315971 0.007124
317366 CX 317087 0.007124
317366 CX 316529 0.007124
317366 CX 317924 0.007124
317366 CX 316808 0.007124
317366 CX 317645 0.007124
317366 P2 317366 0.952000
317366 P2 315966 0.048000
317366 X0 317087 0.997631
317366 X0 317366 0.000790
317366 X0 317645 0.000790
317366 X0 317924 0.000790
317645 CX 316808 0.950134
317645 CX 317645 0.007124
317645 CX 316529 0.007124
317645 CX 317924 0.007124
317645 CX 315971 0.007124
317645 CX 317087 0.007124
317645 CX 316250 0.007124
317645 CX 317366 0.007124
317645 P2 317645 0.952000
317645 P2 315967 0.048000
317645 X0 317924 0.997631
317645 X0 317645 0.000790
317645 X0 317366 0.000790
317645 X0 317087 0.000790
317924 CX 317924 0.950134
317924 CX 316529 0.007124
317924 CX 317645 0.007124
317924 CX 316808 0.007124
317924 CX 317366 0.007124
317924 CX 316250 0.007124
317924 CX 317087 0.007124
317924 CX 315971 0.007124
317924 P2 317924 0.952000
317924 P2 315968 0.048000
317924 X0 317645 0.997631
317924 X0 317924 0.000790
317924 X0 317087 0.000790
317924 X0 317366 0.000790
ENDPOMDP
