BEGINPOMDP
INITIALSTATE: 249556
STATES: 275555,254756,254757,275556,254758,254759,275557,275558,265164,254766,249556,249557,249558,249559,249560,249563,259965
REWARDS: 275555:1.0,254756:1.0,254757:1.0,275556:1.0,254758:0.0,254759:0.0,275557:0.0,275558:0.0,265164:0.0,254766:1.0,249556:0.0,249557:1.0,249558:1.0,249559:0.0,249560:0.0,249563:1.0,259965:0.0
GAMMA: 275555:1,254756:0,254757:0,275556:1,254758:0,254759:0,275557:1,275558:1,265164:1,254766:1,249556:0,249557:0,249558:0,249559:0,249560:0,249563:1,259965:1
BEGINACTIONS
P2
Z0
H
X2
ENDACTIONS
249556 INIT_ 249557 0.250000
249556 INIT_ 249558 0.250000
249556 INIT_ 249559 0.250000
249556 INIT_ 249560 0.250000
249557 P2 249557 0.990200
249557 P2 249563 0.009800
249557 Z0 249559 0.996087
249557 Z0 249560 0.001304
249557 Z0 249558 0.001304
249557 Z0 249557 0.001304
249557 H 249557 0.920545
249557 H 254756 0.012861
249557 H 249558 0.011099
249557 H 254757 0.011099
249557 H 249560 0.011099
249557 H 254758 0.011099
249557 H 249559 0.011099
249557 H 254759 0.011099
249557 X2 254756 0.998065
249557 X2 249557 0.001935
249558 P2 249558 0.990200
249558 P2 254766 0.009800
249558 Z0 249560 0.996087
249558 Z0 249559 0.001304
249558 Z0 249557 0.001304
249558 Z0 249558 0.001304
249558 H 249558 0.920545
249558 H 254757 0.012861
249558 H 249557 0.011099
249558 H 254756 0.011099
249558 H 249559 0.011099
249558 H 254759 0.011099
249558 H 249560 0.011099
249558 H 254758 0.011099
249558 X2 254757 0.998065
249558 X2 249558 0.001935
249559 P2 249559 0.990200
249559 P2 259965 0.009800
249559 Z0 249557 0.996087
249559 Z0 249558 0.001304
249559 Z0 249560 0.001304
249559 Z0 249559 0.001304
249559 H 254759 0.920545
249559 H 249559 0.012861
249559 H 254758 0.011099
249559 H 249560 0.011099
249559 H 254757 0.011099
249559 H 249558 0.011099
249559 H 254756 0.011099
249559 H 249557 0.011099
249559 X2 254759 0.998065
249559 X2 249559 0.001935
249560 P2 249560 0.990200
249560 P2 265164 0.009800
249560 Z0 249558 0.996087
249560 Z0 249557 0.001304
249560 Z0 249559 0.001304
249560 Z0 249560 0.001304
249560 H 254758 0.920545
249560 H 249560 0.012861
249560 H 254759 0.011099
249560 H 249559 0.011099
249560 H 254756 0.011099
249560 H 249557 0.011099
249560 H 254757 0.011099
249560 H 249558 0.011099
249560 X2 254758 0.998065
249560 X2 249560 0.001935
249563 P2 249557 0.990200
249563 P2 249563 0.009800
249563 Z0 259965 0.996087
249563 Z0 265164 0.001304
249563 Z0 254766 0.001304
249563 Z0 249563 0.001304
249563 H 249563 0.920545
249563 H 275555 0.012861
249563 H 254766 0.011099
249563 H 275556 0.011099
249563 H 265164 0.011099
249563 H 275557 0.011099
249563 H 259965 0.011099
249563 H 275558 0.011099
249563 X2 275555 0.998065
249563 X2 249563 0.001935
254756 P2 275555 0.974800
254756 P2 254756 0.025200
254756 Z0 254759 0.996087
254756 Z0 254758 0.001304
254756 Z0 254757 0.001304
254756 Z0 254756 0.001304
254756 H 254756 0.920545
254756 H 249557 0.012861
254756 H 254757 0.011099
254756 H 249558 0.011099
254756 H 254758 0.011099
254756 H 249560 0.011099
254756 H 254759 0.011099
254756 H 249559 0.011099
254756 X2 249557 0.998065
254756 X2 254756 0.001935
254757 P2 275556 0.974800
254757 P2 254757 0.025200
254757 Z0 254758 0.996087
254757 Z0 254759 0.001304
254757 Z0 254756 0.001304
254757 Z0 254757 0.001304
254757 H 254757 0.920545
254757 H 249558 0.012861
254757 H 254756 0.011099
254757 H 249557 0.011099
254757 H 254759 0.011099
254757 H 249559 0.011099
254757 H 254758 0.011099
254757 H 249560 0.011099
254757 X2 249558 0.998065
254757 X2 254757 0.001935
254758 P2 275557 0.974800
254758 P2 254758 0.025200
254758 Z0 254757 0.996087
254758 Z0 254756 0.001304
254758 Z0 254759 0.001304
254758 Z0 254758 0.001304
254758 H 249560 0.920545
254758 H 254758 0.012861
254758 H 249559 0.011099
254758 H 254759 0.011099
254758 H 249557 0.011099
254758 H 254756 0.011099
254758 H 249558 0.011099
254758 H 254757 0.011099
254758 X2 249560 0.998065
254758 X2 254758 0.001935
254759 P2 275558 0.974800
254759 P2 254759 0.025200
254759 Z0 254756 0.996087
254759 Z0 254757 0.001304
254759 Z0 254758 0.001304
254759 Z0 254759 0.001304
254759 H 249559 0.920545
254759 H 254759 0.012861
254759 H 249560 0.011099
254759 H 254758 0.011099
254759 H 249558 0.011099
254759 H 254757 0.011099
254759 H 249557 0.011099
254759 H 254756 0.011099
254759 X2 249559 0.998065
254759 X2 254759 0.001935
254766 P2 249558 0.990200
254766 P2 254766 0.009800
254766 Z0 265164 0.996087
254766 Z0 259965 0.001304
254766 Z0 249563 0.001304
254766 Z0 254766 0.001304
254766 H 254766 0.920545
254766 H 275556 0.012861
254766 H 249563 0.011099
254766 H 275555 0.011099
254766 H 259965 0.011099
254766 H 275558 0.011099
254766 H 265164 0.011099
254766 H 275557 0.011099
254766 X2 275556 0.998065
254766 X2 254766 0.001935
259965 P2 249559 0.990200
259965 P2 259965 0.009800
259965 Z0 249563 0.996087
259965 Z0 254766 0.001304
259965 Z0 265164 0.001304
259965 Z0 259965 0.001304
259965 H 275558 0.920545
259965 H 259965 0.012861
259965 H 275557 0.011099
259965 H 265164 0.011099
259965 H 275556 0.011099
259965 H 254766 0.011099
259965 H 275555 0.011099
259965 H 249563 0.011099
259965 X2 275558 0.998065
259965 X2 259965 0.001935
265164 P2 249560 0.990200
265164 P2 265164 0.009800
265164 Z0 254766 0.996087
265164 Z0 249563 0.001304
265164 Z0 259965 0.001304
265164 Z0 265164 0.001304
265164 H 275557 0.920545
265164 H 265164 0.012861
265164 H 275558 0.011099
265164 H 259965 0.011099
265164 H 275555 0.011099
265164 H 249563 0.011099
265164 H 275556 0.011099
265164 H 254766 0.011099
265164 X2 275557 0.998065
265164 X2 265164 0.001935
275555 P2 275555 0.974800
275555 P2 254756 0.025200
275555 Z0 275558 0.996087
275555 Z0 275557 0.001304
275555 Z0 275556 0.001304
275555 Z0 275555 0.001304
275555 H 275555 0.920545
275555 H 249563 0.012861
275555 H 275556 0.011099
275555 H 254766 0.011099
275555 H 275557 0.011099
275555 H 265164 0.011099
275555 H 275558 0.011099
275555 H 259965 0.011099
275555 X2 249563 0.998065
275555 X2 275555 0.001935
275556 P2 275556 0.974800
275556 P2 254757 0.025200
275556 Z0 275557 0.996087
275556 Z0 275558 0.001304
275556 Z0 275555 0.001304
275556 Z0 275556 0.001304
275556 H 275556 0.920545
275556 H 254766 0.012861
275556 H 275555 0.011099
275556 H 249563 0.011099
275556 H 275558 0.011099
275556 H 259965 0.011099
275556 H 275557 0.011099
275556 H 265164 0.011099
275556 X2 254766 0.998065
275556 X2 275556 0.001935
275557 P2 275557 0.974800
275557 P2 254758 0.025200
275557 Z0 275556 0.996087
275557 Z0 275555 0.001304
275557 Z0 275558 0.001304
275557 Z0 275557 0.001304
275557 H 265164 0.920545
275557 H 275557 0.012861
275557 H 259965 0.011099
275557 H 275558 0.011099
275557 H 249563 0.011099
275557 H 275555 0.011099
275557 H 254766 0.011099
275557 H 275556 0.011099
275557 X2 265164 0.998065
275557 X2 275557 0.001935
275558 P2 275558 0.974800
275558 P2 254759 0.025200
275558 Z0 275555 0.996087
275558 Z0 275556 0.001304
275558 Z0 275557 0.001304
275558 Z0 275558 0.001304
275558 H 259965 0.920545
275558 H 275558 0.012861
275558 H 265164 0.011099
275558 H 275557 0.011099
275558 H 254766 0.011099
275558 H 275556 0.011099
275558 H 249563 0.011099
275558 H 275555 0.011099
275558 X2 259965 0.998065
275558 X2 275558 0.001935
ENDPOMDP
