BEGINPOMDP
INITIALSTATE: 748666
STATES: 748673,759075,774665,753866,753867,774666,753868,753869,774667,774668,764274,753876,748666,748667,748668,748669,748670
REWARDS: 748673:1.0,759075:0.0,774665:1.0,753866:1.0,753867:1.0,774666:1.0,753868:0.0,753869:0.0,774667:0.0,774668:0.0,764274:0.0,753876:1.0,748666:0.0,748667:1.0,748668:1.0,748669:0.0,748670:0.0
GAMMA: 748673:1,759075:1,774665:1,753866:0,753867:0,774666:1,753868:0,753869:0,774667:1,774668:1,764274:1,753876:1,748666:0,748667:0,748668:0,748669:0,748670:0
BEGINACTIONS
P2
Z0
H
X2
ENDACTIONS
748666 INIT_ 748667 0.250000
748666 INIT_ 748668 0.250000
748666 INIT_ 748669 0.250000
748666 INIT_ 748670 0.250000
748667 P2 748667 0.956200
748667 P2 748673 0.043800
748667 Z0 748669 0.997764
748667 Z0 748670 0.000745
748667 Z0 748668 0.000745
748667 Z0 748667 0.000745
748667 H 748667 0.959161
748667 H 753866 0.006916
748667 H 748668 0.005654
748667 H 753867 0.005654
748667 H 748670 0.005654
748667 H 753868 0.005654
748667 H 748669 0.005654
748667 H 753869 0.005654
748667 X2 753866 0.998678
748667 X2 748667 0.001322
748668 P2 748668 0.956200
748668 P2 753876 0.043800
748668 Z0 748670 0.997764
748668 Z0 748669 0.000745
748668 Z0 748667 0.000745
748668 Z0 748668 0.000745
748668 H 748668 0.959161
748668 H 753867 0.006916
748668 H 748667 0.005654
748668 H 753866 0.005654
748668 H 748669 0.005654
748668 H 753869 0.005654
748668 H 748670 0.005654
748668 H 753868 0.005654
748668 X2 753867 0.998678
748668 X2 748668 0.001322
748669 P2 748669 0.956200
748669 P2 759075 0.043800
748669 Z0 748667 0.997764
748669 Z0 748668 0.000745
748669 Z0 748670 0.000745
748669 Z0 748669 0.000745
748669 H 753869 0.959161
748669 H 748669 0.006916
748669 H 753868 0.005654
748669 H 748670 0.005654
748669 H 753867 0.005654
748669 H 748668 0.005654
748669 H 753866 0.005654
748669 H 748667 0.005654
748669 X2 753869 0.998678
748669 X2 748669 0.001322
748670 P2 748670 0.956200
748670 P2 764274 0.043800
748670 Z0 748668 0.997764
748670 Z0 748667 0.000745
748670 Z0 748669 0.000745
748670 Z0 748670 0.000745
748670 H 753868 0.959161
748670 H 748670 0.006916
748670 H 753869 0.005654
748670 H 748669 0.005654
748670 H 753866 0.005654
748670 H 748667 0.005654
748670 H 753867 0.005654
748670 H 748668 0.005654
748670 X2 753868 0.998678
748670 X2 748670 0.001322
748673 P2 748667 0.956200
748673 P2 748673 0.043800
748673 Z0 759075 0.997764
748673 Z0 764274 0.000745
748673 Z0 753876 0.000745
748673 Z0 748673 0.000745
748673 H 748673 0.959161
748673 H 774665 0.006916
748673 H 753876 0.005654
748673 H 774666 0.005654
748673 H 764274 0.005654
748673 H 774667 0.005654
748673 H 759075 0.005654
748673 H 774668 0.005654
748673 X2 774665 0.998678
748673 X2 748673 0.001322
753866 P2 774665 0.787200
753866 P2 753866 0.212800
753866 Z0 753869 0.997764
753866 Z0 753868 0.000745
753866 Z0 753867 0.000745
753866 Z0 753866 0.000745
753866 H 753866 0.959161
753866 H 748667 0.006916
753866 H 753867 0.005654
753866 H 748668 0.005654
753866 H 753868 0.005654
753866 H 748670 0.005654
753866 H 753869 0.005654
753866 H 748669 0.005654
753866 X2 748667 0.998678
753866 X2 753866 0.001322
753867 P2 774666 0.787200
753867 P2 753867 0.212800
753867 Z0 753868 0.997764
753867 Z0 753869 0.000745
753867 Z0 753866 0.000745
753867 Z0 753867 0.000745
753867 H 753867 0.959161
753867 H 748668 0.006916
753867 H 753866 0.005654
753867 H 748667 0.005654
753867 H 753869 0.005654
753867 H 748669 0.005654
753867 H 753868 0.005654
753867 H 748670 0.005654
753867 X2 748668 0.998678
753867 X2 753867 0.001322
753868 P2 774667 0.787200
753868 P2 753868 0.212800
753868 Z0 753867 0.997764
753868 Z0 753866 0.000745
753868 Z0 753869 0.000745
753868 Z0 753868 0.000745
753868 H 748670 0.959161
753868 H 753868 0.006916
753868 H 748669 0.005654
753868 H 753869 0.005654
753868 H 748667 0.005654
753868 H 753866 0.005654
753868 H 748668 0.005654
753868 H 753867 0.005654
753868 X2 748670 0.998678
753868 X2 753868 0.001322
753869 P2 774668 0.787200
753869 P2 753869 0.212800
753869 Z0 753866 0.997764
753869 Z0 753867 0.000745
753869 Z0 753868 0.000745
753869 Z0 753869 0.000745
753869 H 748669 0.959161
753869 H 753869 0.006916
753869 H 748670 0.005654
753869 H 753868 0.005654
753869 H 748668 0.005654
753869 H 753867 0.005654
753869 H 748667 0.005654
753869 H 753866 0.005654
753869 X2 748669 0.998678
753869 X2 753869 0.001322
753876 P2 748668 0.956200
753876 P2 753876 0.043800
753876 Z0 764274 0.997764
753876 Z0 759075 0.000745
753876 Z0 748673 0.000745
753876 Z0 753876 0.000745
753876 H 753876 0.959161
753876 H 774666 0.006916
753876 H 748673 0.005654
753876 H 774665 0.005654
753876 H 759075 0.005654
753876 H 774668 0.005654
753876 H 764274 0.005654
753876 H 774667 0.005654
753876 X2 774666 0.998678
753876 X2 753876 0.001322
759075 P2 748669 0.956200
759075 P2 759075 0.043800
759075 Z0 748673 0.997764
759075 Z0 753876 0.000745
759075 Z0 764274 0.000745
759075 Z0 759075 0.000745
759075 H 774668 0.959161
759075 H 759075 0.006916
759075 H 774667 0.005654
759075 H 764274 0.005654
759075 H 774666 0.005654
759075 H 753876 0.005654
759075 H 774665 0.005654
759075 H 748673 0.005654
759075 X2 774668 0.998678
759075 X2 759075 0.001322
764274 P2 748670 0.956200
764274 P2 764274 0.043800
764274 Z0 753876 0.997764
764274 Z0 748673 0.000745
764274 Z0 759075 0.000745
764274 Z0 764274 0.000745
764274 H 774667 0.959161
764274 H 764274 0.006916
764274 H 774668 0.005654
764274 H 759075 0.005654
764274 H 774665 0.005654
764274 H 748673 0.005654
764274 H 774666 0.005654
764274 H 753876 0.005654
764274 X2 774667 0.998678
764274 X2 764274 0.001322
774665 P2 774665 0.787200
774665 P2 753866 0.212800
774665 Z0 774668 0.997764
774665 Z0 774667 0.000745
774665 Z0 774666 0.000745
774665 Z0 774665 0.000745
774665 H 774665 0.959161
774665 H 748673 0.006916
774665 H 774666 0.005654
774665 H 753876 0.005654
774665 H 774667 0.005654
774665 H 764274 0.005654
774665 H 774668 0.005654
774665 H 759075 0.005654
774665 X2 748673 0.998678
774665 X2 774665 0.001322
774666 P2 774666 0.787200
774666 P2 753867 0.212800
774666 Z0 774667 0.997764
774666 Z0 774668 0.000745
774666 Z0 774665 0.000745
774666 Z0 774666 0.000745
774666 H 774666 0.959161
774666 H 753876 0.006916
774666 H 774665 0.005654
774666 H 748673 0.005654
774666 H 774668 0.005654
774666 H 759075 0.005654
774666 H 774667 0.005654
774666 H 764274 0.005654
774666 X2 753876 0.998678
774666 X2 774666 0.001322
774667 P2 774667 0.787200
774667 P2 753868 0.212800
774667 Z0 774666 0.997764
774667 Z0 774665 0.000745
774667 Z0 774668 0.000745
774667 Z0 774667 0.000745
774667 H 764274 0.959161
774667 H 774667 0.006916
774667 H 759075 0.005654
774667 H 774668 0.005654
774667 H 748673 0.005654
774667 H 774665 0.005654
774667 H 753876 0.005654
774667 H 774666 0.005654
774667 X2 764274 0.998678
774667 X2 774667 0.001322
774668 P2 774668 0.787200
774668 P2 753869 0.212800
774668 Z0 774665 0.997764
774668 Z0 774666 0.000745
774668 Z0 774667 0.000745
774668 Z0 774668 0.000745
774668 H 759075 0.959161
774668 H 774668 0.006916
774668 H 764274 0.005654
774668 H 774667 0.005654
774668 H 753876 0.005654
774668 H 774666 0.005654
774668 H 748673 0.005654
774668 H 774665 0.005654
774668 X2 759075 0.998678
774668 X2 774668 0.001322
ENDPOMDP
