BEGINPOMDP
INITIALSTATE: 831851
STATES: 847459,857852,837061,857853,831851,831852,831853,831854,831855,831858,842260,857850,837051,837052,837053,837054,857851
REWARDS: 847459:0.0,857852:0.0,837061:1.0,857853:0.0,831851:0.0,831852:1.0,831853:1.0,831854:0.0,831855:0.0,831858:1.0,842260:0.0,857850:1.0,837051:1.0,837052:1.0,837053:0.0,837054:0.0,857851:1.0
GAMMA: 847459:1,857852:1,837061:1,857853:1,831851:0,831852:0,831853:0,831854:0,831855:0,831858:1,842260:1,857850:1,837051:0,837052:0,837053:0,837054:0,857851:1
BEGINACTIONS
P2
Z0
H
X2
ENDACTIONS
831851 INIT_ 831852 0.250000
831851 INIT_ 831853 0.250000
831851 INIT_ 831854 0.250000
831851 INIT_ 831855 0.250000
831852 P2 831852 0.989400
831852 P2 831858 0.010600
831852 Z0 831854 0.995674
831852 Z0 831855 0.001442
831852 Z0 831853 0.001442
831852 Z0 831852 0.001442
831852 H 831852 0.954525
831852 H 837051 0.007628
831852 H 831853 0.006308
831852 H 837052 0.006308
831852 H 831855 0.006308
831852 H 837053 0.006308
831852 H 831854 0.006308
831852 H 837054 0.006308
831852 X2 837051 0.998610
831852 X2 831852 0.001390
831853 P2 831853 0.989400
831853 P2 837061 0.010600
831853 Z0 831855 0.995674
831853 Z0 831854 0.001442
831853 Z0 831852 0.001442
831853 Z0 831853 0.001442
831853 H 831853 0.954525
831853 H 837052 0.007628
831853 H 831852 0.006308
831853 H 837051 0.006308
831853 H 831854 0.006308
831853 H 837054 0.006308
831853 H 831855 0.006308
831853 H 837053 0.006308
831853 X2 837052 0.998610
831853 X2 831853 0.001390
831854 P2 831854 0.989400
831854 P2 842260 0.010600
831854 Z0 831852 0.995674
831854 Z0 831853 0.001442
831854 Z0 831855 0.001442
831854 Z0 831854 0.001442
831854 H 837054 0.954525
831854 H 831854 0.007628
831854 H 837053 0.006308
831854 H 831855 0.006308
831854 H 837052 0.006308
831854 H 831853 0.006308
831854 H 837051 0.006308
831854 H 831852 0.006308
831854 X2 837054 0.998610
831854 X2 831854 0.001390
831855 P2 831855 0.989400
831855 P2 847459 0.010600
831855 Z0 831853 0.995674
831855 Z0 831852 0.001442
831855 Z0 831854 0.001442
831855 Z0 831855 0.001442
831855 H 837053 0.954525
831855 H 831855 0.007628
831855 H 837054 0.006308
831855 H 831854 0.006308
831855 H 837051 0.006308
831855 H 831852 0.006308
831855 H 837052 0.006308
831855 H 831853 0.006308
831855 X2 837053 0.998610
831855 X2 831855 0.001390
831858 P2 831852 0.989400
831858 P2 831858 0.010600
831858 Z0 842260 0.995674
831858 Z0 847459 0.001442
831858 Z0 837061 0.001442
831858 Z0 831858 0.001442
831858 H 831858 0.954525
831858 H 857850 0.007628
831858 H 837061 0.006308
831858 H 857851 0.006308
831858 H 847459 0.006308
831858 H 857852 0.006308
831858 H 842260 0.006308
831858 H 857853 0.006308
831858 X2 857850 0.998610
831858 X2 831858 0.001390
837051 P2 857850 0.975000
837051 P2 837051 0.025000
837051 Z0 837054 0.995674
837051 Z0 837053 0.001442
837051 Z0 837052 0.001442
837051 Z0 837051 0.001442
837051 H 837051 0.954525
837051 H 831852 0.007628
837051 H 837052 0.006308
837051 H 831853 0.006308
837051 H 837053 0.006308
837051 H 831855 0.006308
837051 H 837054 0.006308
837051 H 831854 0.006308
837051 X2 831852 0.998610
837051 X2 837051 0.001390
837052 P2 857851 0.975000
837052 P2 837052 0.025000
837052 Z0 837053 0.995674
837052 Z0 837054 0.001442
837052 Z0 837051 0.001442
837052 Z0 837052 0.001442
837052 H 837052 0.954525
837052 H 831853 0.007628
837052 H 837051 0.006308
837052 H 831852 0.006308
837052 H 837054 0.006308
837052 H 831854 0.006308
837052 H 837053 0.006308
837052 H 831855 0.006308
837052 X2 831853 0.998610
837052 X2 837052 0.001390
837053 P2 857852 0.975000
837053 P2 837053 0.025000
837053 Z0 837052 0.995674
837053 Z0 837051 0.001442
837053 Z0 837054 0.001442
837053 Z0 837053 0.001442
837053 H 831855 0.954525
837053 H 837053 0.007628
837053 H 831854 0.006308
837053 H 837054 0.006308
837053 H 831852 0.006308
837053 H 837051 0.006308
837053 H 831853 0.006308
837053 H 837052 0.006308
837053 X2 831855 0.998610
837053 X2 837053 0.001390
837054 P2 857853 0.975000
837054 P2 837054 0.025000
837054 Z0 837051 0.995674
837054 Z0 837052 0.001442
837054 Z0 837053 0.001442
837054 Z0 837054 0.001442
837054 H 831854 0.954525
837054 H 837054 0.007628
837054 H 831855 0.006308
837054 H 837053 0.006308
837054 H 831853 0.006308
837054 H 837052 0.006308
837054 H 831852 0.006308
837054 H 837051 0.006308
837054 X2 831854 0.998610
837054 X2 837054 0.001390
837061 P2 831853 0.989400
837061 P2 837061 0.010600
837061 Z0 847459 0.995674
837061 Z0 842260 0.001442
837061 Z0 831858 0.001442
837061 Z0 837061 0.001442
837061 H 837061 0.954525
837061 H 857851 0.007628
837061 H 831858 0.006308
837061 H 857850 0.006308
837061 H 842260 0.006308
837061 H 857853 0.006308
837061 H 847459 0.006308
837061 H 857852 0.006308
837061 X2 857851 0.998610
837061 X2 837061 0.001390
842260 P2 831854 0.989400
842260 P2 842260 0.010600
842260 Z0 831858 0.995674
842260 Z0 837061 0.001442
842260 Z0 847459 0.001442
842260 Z0 842260 0.001442
842260 H 857853 0.954525
842260 H 842260 0.007628
842260 H 857852 0.006308
842260 H 847459 0.006308
842260 H 857851 0.006308
842260 H 837061 0.006308
842260 H 857850 0.006308
842260 H 831858 0.006308
842260 X2 857853 0.998610
842260 X2 842260 0.001390
847459 P2 831855 0.989400
847459 P2 847459 0.010600
847459 Z0 837061 0.995674
847459 Z0 831858 0.001442
847459 Z0 842260 0.001442
847459 Z0 847459 0.001442
847459 H 857852 0.954525
847459 H 847459 0.007628
847459 H 857853 0.006308
847459 H 842260 0.006308
847459 H 857850 0.006308
847459 H 831858 0.006308
847459 H 857851 0.006308
847459 H 837061 0.006308
847459 X2 857852 0.998610
847459 X2 847459 0.001390
857850 P2 857850 0.975000
857850 P2 837051 0.025000
857850 Z0 857853 0.995674
857850 Z0 857852 0.001442
857850 Z0 857851 0.001442
857850 Z0 857850 0.001442
857850 H 857850 0.954525
857850 H 831858 0.007628
857850 H 857851 0.006308
857850 H 837061 0.006308
857850 H 857852 0.006308
857850 H 847459 0.006308
857850 H 857853 0.006308
857850 H 842260 0.006308
857850 X2 831858 0.998610
857850 X2 857850 0.001390
857851 P2 857851 0.975000
857851 P2 837052 0.025000
857851 Z0 857852 0.995674
857851 Z0 857853 0.001442
857851 Z0 857850 0.001442
857851 Z0 857851 0.001442
857851 H 857851 0.954525
857851 H 837061 0.007628
857851 H 857850 0.006308
857851 H 831858 0.006308
857851 H 857853 0.006308
857851 H 842260 0.006308
857851 H 857852 0.006308
857851 H 847459 0.006308
857851 X2 837061 0.998610
857851 X2 857851 0.001390
857852 P2 857852 0.975000
857852 P2 837053 0.025000
857852 Z0 857851 0.995674
857852 Z0 857850 0.001442
857852 Z0 857853 0.001442
857852 Z0 857852 0.001442
857852 H 847459 0.954525
857852 H 857852 0.007628
857852 H 842260 0.006308
857852 H 857853 0.006308
857852 H 831858 0.006308
857852 H 857850 0.006308
857852 H 837061 0.006308
857852 H 857851 0.006308
857852 X2 847459 0.998610
857852 X2 857852 0.001390
857853 P2 857853 0.975000
857853 P2 837054 0.025000
857853 Z0 857850 0.995674
857853 Z0 857851 0.001442
857853 Z0 857852 0.001442
857853 Z0 857853 0.001442
857853 H 842260 0.954525
857853 H 857853 0.007628
857853 H 847459 0.006308
857853 H 857852 0.006308
857853 H 837061 0.006308
857853 H 857851 0.006308
857853 H 831858 0.006308
857853 H 857850 0.006308
857853 X2 842260 0.998610
857853 X2 857853 0.001390
ENDPOMDP
