BEGINPOMDP
INITIALSTATE: 415926
STATES: 441925,421126,421127,441926,421128,421129,441927,441928,431534,421136,415926,415927,415928,415929,415930,415933,426335
REWARDS: 441925:1.0,421126:1.0,421127:1.0,441926:1.0,421128:0.0,421129:0.0,441927:0.0,441928:0.0,431534:0.0,421136:1.0,415926:0.0,415927:1.0,415928:1.0,415929:0.0,415930:0.0,415933:1.0,426335:0.0
GAMMA: 441925:1,421126:0,421127:0,441926:1,421128:0,421129:0,441927:1,441928:1,431534:1,421136:1,415926:0,415927:0,415928:0,415929:0,415930:0,415933:1,426335:1
BEGINACTIONS
P2
Z0
H
X2
ENDACTIONS
415926 INIT_ 415927 0.250000
415926 INIT_ 415928 0.250000
415926 INIT_ 415929 0.250000
415926 INIT_ 415930 0.250000
415927 P2 415927 0.950000
415927 P2 415933 0.050000
415927 Z0 415929 0.992580
415927 Z0 415930 0.002473
415927 Z0 415928 0.002473
415927 Z0 415927 0.002473
415927 H 415927 0.921829
415927 H 421126 0.012411
415927 H 415928 0.010960
415927 H 421127 0.010960
415927 H 415930 0.010960
415927 H 421128 0.010960
415927 H 415929 0.010960
415927 H 421129 0.010960
415927 X2 421126 0.998409
415927 X2 415927 0.001591
415928 P2 415928 0.950000
415928 P2 421136 0.050000
415928 Z0 415930 0.992580
415928 Z0 415929 0.002473
415928 Z0 415927 0.002473
415928 Z0 415928 0.002473
415928 H 415928 0.921829
415928 H 421127 0.012411
415928 H 415927 0.010960
415928 H 421126 0.010960
415928 H 415929 0.010960
415928 H 421129 0.010960
415928 H 415930 0.010960
415928 H 421128 0.010960
415928 X2 421127 0.998409
415928 X2 415928 0.001591
415929 P2 415929 0.950000
415929 P2 426335 0.050000
415929 Z0 415927 0.992580
415929 Z0 415928 0.002473
415929 Z0 415930 0.002473
415929 Z0 415929 0.002473
415929 H 421129 0.921829
415929 H 415929 0.012411
415929 H 421128 0.010960
415929 H 415930 0.010960
415929 H 421127 0.010960
415929 H 415928 0.010960
415929 H 421126 0.010960
415929 H 415927 0.010960
415929 X2 421129 0.998409
415929 X2 415929 0.001591
415930 P2 415930 0.950000
415930 P2 431534 0.050000
415930 Z0 415928 0.992580
415930 Z0 415927 0.002473
415930 Z0 415929 0.002473
415930 Z0 415930 0.002473
415930 H 421128 0.921829
415930 H 415930 0.012411
415930 H 421129 0.010960
415930 H 415929 0.010960
415930 H 421126 0.010960
415930 H 415927 0.010960
415930 H 421127 0.010960
415930 H 415928 0.010960
415930 X2 421128 0.998409
415930 X2 415930 0.001591
415933 P2 415927 0.950000
415933 P2 415933 0.050000
415933 Z0 426335 0.992580
415933 Z0 431534 0.002473
415933 Z0 421136 0.002473
415933 Z0 415933 0.002473
415933 H 415933 0.921829
415933 H 441925 0.012411
415933 H 421136 0.010960
415933 H 441926 0.010960
415933 H 431534 0.010960
415933 H 441927 0.010960
415933 H 426335 0.010960
415933 H 441928 0.010960
415933 X2 441925 0.998409
415933 X2 415933 0.001591
421126 P2 441925 0.943333
421126 P2 421126 0.056667
421126 Z0 421129 0.992580
421126 Z0 421128 0.002473
421126 Z0 421127 0.002473
421126 Z0 421126 0.002473
421126 H 421126 0.921829
421126 H 415927 0.012411
421126 H 421127 0.010960
421126 H 415928 0.010960
421126 H 421128 0.010960
421126 H 415930 0.010960
421126 H 421129 0.010960
421126 H 415929 0.010960
421126 X2 415927 0.998409
421126 X2 421126 0.001591
421127 P2 441926 0.943333
421127 P2 421127 0.056667
421127 Z0 421128 0.992580
421127 Z0 421129 0.002473
421127 Z0 421126 0.002473
421127 Z0 421127 0.002473
421127 H 421127 0.921829
421127 H 415928 0.012411
421127 H 421126 0.010960
421127 H 415927 0.010960
421127 H 421129 0.010960
421127 H 415929 0.010960
421127 H 421128 0.010960
421127 H 415930 0.010960
421127 X2 415928 0.998409
421127 X2 421127 0.001591
421128 P2 441927 0.943333
421128 P2 421128 0.056667
421128 Z0 421127 0.992580
421128 Z0 421126 0.002473
421128 Z0 421129 0.002473
421128 Z0 421128 0.002473
421128 H 415930 0.921829
421128 H 421128 0.012411
421128 H 415929 0.010960
421128 H 421129 0.010960
421128 H 415927 0.010960
421128 H 421126 0.010960
421128 H 415928 0.010960
421128 H 421127 0.010960
421128 X2 415930 0.998409
421128 X2 421128 0.001591
421129 P2 441928 0.943333
421129 P2 421129 0.056667
421129 Z0 421126 0.992580
421129 Z0 421127 0.002473
421129 Z0 421128 0.002473
421129 Z0 421129 0.002473
421129 H 415929 0.921829
421129 H 421129 0.012411
421129 H 415930 0.010960
421129 H 421128 0.010960
421129 H 415928 0.010960
421129 H 421127 0.010960
421129 H 415927 0.010960
421129 H 421126 0.010960
421129 X2 415929 0.998409
421129 X2 421129 0.001591
421136 P2 415928 0.950000
421136 P2 421136 0.050000
421136 Z0 431534 0.992580
421136 Z0 426335 0.002473
421136 Z0 415933 0.002473
421136 Z0 421136 0.002473
421136 H 421136 0.921829
421136 H 441926 0.012411
421136 H 415933 0.010960
421136 H 441925 0.010960
421136 H 426335 0.010960
421136 H 441928 0.010960
421136 H 431534 0.010960
421136 H 441927 0.010960
421136 X2 441926 0.998409
421136 X2 421136 0.001591
426335 P2 415929 0.950000
426335 P2 426335 0.050000
426335 Z0 415933 0.992580
426335 Z0 421136 0.002473
426335 Z0 431534 0.002473
426335 Z0 426335 0.002473
426335 H 441928 0.921829
426335 H 426335 0.012411
426335 H 441927 0.010960
426335 H 431534 0.010960
426335 H 441926 0.010960
426335 H 421136 0.010960
426335 H 441925 0.010960
426335 H 415933 0.010960
426335 X2 441928 0.998409
426335 X2 426335 0.001591
431534 P2 415930 0.950000
431534 P2 431534 0.050000
431534 Z0 421136 0.992580
431534 Z0 415933 0.002473
431534 Z0 426335 0.002473
431534 Z0 431534 0.002473
431534 H 441927 0.921829
431534 H 431534 0.012411
431534 H 441928 0.010960
431534 H 426335 0.010960
431534 H 441925 0.010960
431534 H 415933 0.010960
431534 H 441926 0.010960
431534 H 421136 0.010960
431534 X2 441927 0.998409
431534 X2 431534 0.001591
441925 P2 441925 0.943333
441925 P2 421126 0.056667
441925 Z0 441928 0.992580
441925 Z0 441927 0.002473
441925 Z0 441926 0.002473
441925 Z0 441925 0.002473
441925 H 441925 0.921829
441925 H 415933 0.012411
441925 H 441926 0.010960
441925 H 421136 0.010960
441925 H 441927 0.010960
441925 H 431534 0.010960
441925 H 441928 0.010960
441925 H 426335 0.010960
441925 X2 415933 0.998409
441925 X2 441925 0.001591
441926 P2 441926 0.943333
441926 P2 421127 0.056667
441926 Z0 441927 0.992580
441926 Z0 441928 0.002473
441926 Z0 441925 0.002473
441926 Z0 441926 0.002473
441926 H 441926 0.921829
441926 H 421136 0.012411
441926 H 441925 0.010960
441926 H 415933 0.010960
441926 H 441928 0.010960
441926 H 426335 0.010960
441926 H 441927 0.010960
441926 H 431534 0.010960
441926 X2 421136 0.998409
441926 X2 441926 0.001591
441927 P2 441927 0.943333
441927 P2 421128 0.056667
441927 Z0 441926 0.992580
441927 Z0 441925 0.002473
441927 Z0 441928 0.002473
441927 Z0 441927 0.002473
441927 H 431534 0.921829
441927 H 441927 0.012411
441927 H 426335 0.010960
441927 H 441928 0.010960
441927 H 415933 0.010960
441927 H 441925 0.010960
441927 H 421136 0.010960
441927 H 441926 0.010960
441927 X2 431534 0.998409
441927 X2 441927 0.001591
441928 P2 441928 0.943333
441928 P2 421129 0.056667
441928 Z0 441925 0.992580
441928 Z0 441926 0.002473
441928 Z0 441927 0.002473
441928 Z0 441928 0.002473
441928 H 426335 0.921829
441928 H 441928 0.012411
441928 H 431534 0.010960
441928 H 441927 0.010960
441928 H 421136 0.010960
441928 H 441926 0.010960
441928 H 415933 0.010960
441928 H 441925 0.010960
441928 X2 426335 0.998409
441928 X2 441928 0.001591
ENDPOMDP
