BEGINPOMDP
INITIALSTATE: 882231
STATES: 883072,883909,883351,882793,882508,882509,883630,882511,882510,882514,884467,882231,882232,882233,882234,882235,884188
REWARDS: 883072:1.0,883909:0.0,883351:0.0,882793:0.0,882508:1.0,882509:0.0,883630:1.0,882511:1.0,882510:0.0,882514:1.0,884467:1.0,882231:0.0,882232:1.0,882233:0.0,882234:1.0,882235:0.0,884188:0.0
GAMMA: 883072:1,883909:1,883351:1,882793:1,882508:0,882509:0,883630:1,882511:0,882510:0,882514:1,884467:1,882231:0,882232:0,882233:0,882234:0,882235:0,884188:1
BEGINACTIONS
CX
P2
X0
ENDACTIONS
882231 INIT_ 882232 0.250000
882231 INIT_ 882233 0.250000
882231 INIT_ 882234 0.250000
882231 INIT_ 882235 0.250000
882232 CX 882232 0.944262
882232 CX 882508 0.007963
882232 CX 882233 0.007963
882232 CX 882509 0.007963
882232 CX 882235 0.007963
882232 CX 882510 0.007963
882232 CX 882234 0.007963
882232 CX 882511 0.007963
882232 P2 882232 0.352000
882232 P2 882514 0.648000
882232 X0 882233 0.997479
882232 X0 882232 0.000840
882232 X0 882234 0.000840
882232 X0 882235 0.000840
882233 CX 882509 0.944262
882233 CX 882233 0.007963
882233 CX 882508 0.007963
882233 CX 882232 0.007963
882233 CX 882511 0.007963
882233 CX 882234 0.007963
882233 CX 882510 0.007963
882233 CX 882235 0.007963
882233 P2 882233 0.352000
882233 P2 882793 0.648000
882233 X0 882232 0.997479
882233 X0 882233 0.000840
882233 X0 882235 0.000840
882233 X0 882234 0.000840
882234 CX 882234 0.944262
882234 CX 882511 0.007963
882234 CX 882235 0.007963
882234 CX 882510 0.007963
882234 CX 882233 0.007963
882234 CX 882509 0.007963
882234 CX 882232 0.007963
882234 CX 882508 0.007963
882234 P2 882234 0.352000
882234 P2 883072 0.648000
882234 X0 882235 0.997479
882234 X0 882234 0.000840
882234 X0 882232 0.000840
882234 X0 882233 0.000840
882235 CX 882510 0.944262
882235 CX 882235 0.007963
882235 CX 882511 0.007963
882235 CX 882234 0.007963
882235 CX 882508 0.007963
882235 CX 882232 0.007963
882235 CX 882509 0.007963
882235 CX 882233 0.007963
882235 P2 882235 0.352000
882235 P2 883351 0.648000
882235 X0 882234 0.997479
882235 X0 882235 0.000840
882235 X0 882233 0.000840
882235 X0 882232 0.000840
882508 CX 882508 0.944262
882508 CX 882232 0.007963
882508 CX 882509 0.007963
882508 CX 882233 0.007963
882508 CX 882510 0.007963
882508 CX 882235 0.007963
882508 CX 882511 0.007963
882508 CX 882234 0.007963
882508 P2 883630 0.870000
882508 P2 882508 0.130000
882508 X0 882509 0.997479
882508 X0 882508 0.000840
882508 X0 882511 0.000840
882508 X0 882510 0.000840
882509 CX 882233 0.944262
882509 CX 882509 0.007963
882509 CX 882232 0.007963
882509 CX 882508 0.007963
882509 CX 882234 0.007963
882509 CX 882511 0.007963
882509 CX 882235 0.007963
882509 CX 882510 0.007963
882509 P2 883909 0.870000
882509 P2 882509 0.130000
882509 X0 882508 0.997479
882509 X0 882509 0.000840
882509 X0 882510 0.000840
882509 X0 882511 0.000840
882510 CX 882235 0.944262
882510 CX 882510 0.007963
882510 CX 882234 0.007963
882510 CX 882511 0.007963
882510 CX 882232 0.007963
882510 CX 882508 0.007963
882510 CX 882233 0.007963
882510 CX 882509 0.007963
882510 P2 884188 0.870000
882510 P2 882510 0.130000
882510 X0 882511 0.997479
882510 X0 882510 0.000840
882510 X0 882509 0.000840
882510 X0 882508 0.000840
882511 CX 882511 0.944262
882511 CX 882234 0.007963
882511 CX 882510 0.007963
882511 CX 882235 0.007963
882511 CX 882509 0.007963
882511 CX 882233 0.007963
882511 CX 882508 0.007963
882511 CX 882232 0.007963
882511 P2 884467 0.870000
882511 P2 882511 0.130000
882511 X0 882510 0.997479
882511 X0 882511 0.000840
882511 X0 882508 0.000840
882511 X0 882509 0.000840
882514 CX 882514 0.944262
882514 CX 883630 0.007963
882514 CX 882793 0.007963
882514 CX 883909 0.007963
882514 CX 883351 0.007963
882514 CX 884188 0.007963
882514 CX 883072 0.007963
882514 CX 884467 0.007963
882514 P2 882232 0.352000
882514 P2 882514 0.648000
882514 X0 882793 0.997479
882514 X0 882514 0.000840
882514 X0 883072 0.000840
882514 X0 883351 0.000840
882793 CX 883909 0.944262
882793 CX 882793 0.007963
882793 CX 883630 0.007963
882793 CX 882514 0.007963
882793 CX 884467 0.007963
882793 CX 883072 0.007963
882793 CX 884188 0.007963
882793 CX 883351 0.007963
882793 P2 882233 0.352000
882793 P2 882793 0.648000
882793 X0 882514 0.997479
882793 X0 882793 0.000840
882793 X0 883351 0.000840
882793 X0 883072 0.000840
883072 CX 883072 0.944262
883072 CX 884467 0.007963
883072 CX 883351 0.007963
883072 CX 884188 0.007963
883072 CX 882793 0.007963
883072 CX 883909 0.007963
883072 CX 882514 0.007963
883072 CX 883630 0.007963
883072 P2 882234 0.352000
883072 P2 883072 0.648000
883072 X0 883351 0.997479
883072 X0 883072 0.000840
883072 X0 882514 0.000840
883072 X0 882793 0.000840
883351 CX 884188 0.944262
883351 CX 883351 0.007963
883351 CX 884467 0.007963
883351 CX 883072 0.007963
883351 CX 883630 0.007963
883351 CX 882514 0.007963
883351 CX 883909 0.007963
883351 CX 882793 0.007963
883351 P2 882235 0.352000
883351 P2 883351 0.648000
883351 X0 883072 0.997479
883351 X0 883351 0.000840
883351 X0 882793 0.000840
883351 X0 882514 0.000840
883630 CX 883630 0.944262
883630 CX 882514 0.007963
883630 CX 883909 0.007963
883630 CX 882793 0.007963
883630 CX 884188 0.007963
883630 CX 883351 0.007963
883630 CX 884467 0.007963
883630 CX 883072 0.007963
883630 P2 883630 0.870000
883630 P2 882508 0.130000
883630 X0 883909 0.997479
883630 X0 883630 0.000840
883630 X0 884467 0.000840
883630 X0 884188 0.000840
883909 CX 882793 0.944262
883909 CX 883909 0.007963
883909 CX 882514 0.007963
883909 CX 883630 0.007963
883909 CX 883072 0.007963
883909 CX 884467 0.007963
883909 CX 883351 0.007963
883909 CX 884188 0.007963
883909 P2 883909 0.870000
883909 P2 882509 0.130000
883909 X0 883630 0.997479
883909 X0 883909 0.000840
883909 X0 884188 0.000840
883909 X0 884467 0.000840
884188 CX 883351 0.944262
884188 CX 884188 0.007963
884188 CX 883072 0.007963
884188 CX 884467 0.007963
884188 CX 882514 0.007963
884188 CX 883630 0.007963
884188 CX 882793 0.007963
884188 CX 883909 0.007963
884188 P2 884188 0.870000
884188 P2 882510 0.130000
884188 X0 884467 0.997479
884188 X0 884188 0.000840
884188 X0 883909 0.000840
884188 X0 883630 0.000840
884467 CX 884467 0.944262
884467 CX 883072 0.007963
884467 CX 884188 0.007963
884467 CX 883351 0.007963
884467 CX 883909 0.007963
884467 CX 882793 0.007963
884467 CX 883630 0.007963
884467 CX 882514 0.007963
884467 P2 884467 0.870000
884467 P2 882511 0.130000
884467 X0 884188 0.997479
884467 X0 884467 0.000840
884467 X0 883630 0.000840
884467 X0 883909 0.000840
ENDPOMDP
