BEGINPOMDP
INITIALSTATE: 891161
STATES: 892002,892839,892281,891723,891438,891439,892560,891441,891440,891444,893397,891161,891162,891163,891164,891165,893118
REWARDS: 892002:1.0,892839:0.0,892281:0.0,891723:0.0,891438:1.0,891439:0.0,892560:1.0,891441:1.0,891440:0.0,891444:1.0,893397:1.0,891161:0.0,891162:1.0,891163:0.0,891164:1.0,891165:0.0,893118:0.0
GAMMA: 892002:1,892839:1,892281:1,891723:1,891438:0,891439:0,892560:1,891441:0,891440:0,891444:1,893397:1,891161:0,891162:0,891163:0,891164:0,891165:0,893118:1
BEGINACTIONS
CX
P2
X0
ENDACTIONS
891161 INIT_ 891162 0.250000
891161 INIT_ 891163 0.250000
891161 INIT_ 891164 0.250000
891161 INIT_ 891165 0.250000
891162 CX 891162 0.932100
891162 CX 891438 0.009700
891162 CX 891163 0.009700
891162 CX 891439 0.009700
891162 CX 891165 0.009700
891162 CX 891440 0.009700
891162 CX 891164 0.009700
891162 CX 891441 0.009700
891162 P2 891162 0.994000
891162 P2 891444 0.006000
891162 X0 891163 0.998713
891162 X0 891162 0.000429
891162 X0 891164 0.000429
891162 X0 891165 0.000429
891163 CX 891439 0.932100
891163 CX 891163 0.009700
891163 CX 891438 0.009700
891163 CX 891162 0.009700
891163 CX 891441 0.009700
891163 CX 891164 0.009700
891163 CX 891440 0.009700
891163 CX 891165 0.009700
891163 P2 891163 0.994000
891163 P2 891723 0.006000
891163 X0 891162 0.998713
891163 X0 891163 0.000429
891163 X0 891165 0.000429
891163 X0 891164 0.000429
891164 CX 891164 0.932100
891164 CX 891441 0.009700
891164 CX 891165 0.009700
891164 CX 891440 0.009700
891164 CX 891163 0.009700
891164 CX 891439 0.009700
891164 CX 891162 0.009700
891164 CX 891438 0.009700
891164 P2 891164 0.994000
891164 P2 892002 0.006000
891164 X0 891165 0.998713
891164 X0 891164 0.000429
891164 X0 891162 0.000429
891164 X0 891163 0.000429
891165 CX 891440 0.932100
891165 CX 891165 0.009700
891165 CX 891441 0.009700
891165 CX 891164 0.009700
891165 CX 891438 0.009700
891165 CX 891162 0.009700
891165 CX 891439 0.009700
891165 CX 891163 0.009700
891165 P2 891165 0.994000
891165 P2 892281 0.006000
891165 X0 891164 0.998713
891165 X0 891165 0.000429
891165 X0 891163 0.000429
891165 X0 891162 0.000429
891438 CX 891438 0.932100
891438 CX 891162 0.009700
891438 CX 891439 0.009700
891438 CX 891163 0.009700
891438 CX 891440 0.009700
891438 CX 891165 0.009700
891438 CX 891441 0.009700
891438 CX 891164 0.009700
891438 P2 892560 0.972000
891438 P2 891438 0.028000
891438 X0 891439 0.998713
891438 X0 891438 0.000429
891438 X0 891441 0.000429
891438 X0 891440 0.000429
891439 CX 891163 0.932100
891439 CX 891439 0.009700
891439 CX 891162 0.009700
891439 CX 891438 0.009700
891439 CX 891164 0.009700
891439 CX 891441 0.009700
891439 CX 891165 0.009700
891439 CX 891440 0.009700
891439 P2 892839 0.972000
891439 P2 891439 0.028000
891439 X0 891438 0.998713
891439 X0 891439 0.000429
891439 X0 891440 0.000429
891439 X0 891441 0.000429
891440 CX 891165 0.932100
891440 CX 891440 0.009700
891440 CX 891164 0.009700
891440 CX 891441 0.009700
891440 CX 891162 0.009700
891440 CX 891438 0.009700
891440 CX 891163 0.009700
891440 CX 891439 0.009700
891440 P2 893118 0.972000
891440 P2 891440 0.028000
891440 X0 891441 0.998713
891440 X0 891440 0.000429
891440 X0 891439 0.000429
891440 X0 891438 0.000429
891441 CX 891441 0.932100
891441 CX 891164 0.009700
891441 CX 891440 0.009700
891441 CX 891165 0.009700
891441 CX 891439 0.009700
891441 CX 891163 0.009700
891441 CX 891438 0.009700
891441 CX 891162 0.009700
891441 P2 893397 0.972000
891441 P2 891441 0.028000
891441 X0 891440 0.998713
891441 X0 891441 0.000429
891441 X0 891438 0.000429
891441 X0 891439 0.000429
891444 CX 891444 0.932100
891444 CX 892560 0.009700
891444 CX 891723 0.009700
891444 CX 892839 0.009700
891444 CX 892281 0.009700
891444 CX 893118 0.009700
891444 CX 892002 0.009700
891444 CX 893397 0.009700
891444 P2 891162 0.994000
891444 P2 891444 0.006000
891444 X0 891723 0.998713
891444 X0 891444 0.000429
891444 X0 892002 0.000429
891444 X0 892281 0.000429
891723 CX 892839 0.932100
891723 CX 891723 0.009700
891723 CX 892560 0.009700
891723 CX 891444 0.009700
891723 CX 893397 0.009700
891723 CX 892002 0.009700
891723 CX 893118 0.009700
891723 CX 892281 0.009700
891723 P2 891163 0.994000
891723 P2 891723 0.006000
891723 X0 891444 0.998713
891723 X0 891723 0.000429
891723 X0 892281 0.000429
891723 X0 892002 0.000429
892002 CX 892002 0.932100
892002 CX 893397 0.009700
892002 CX 892281 0.009700
892002 CX 893118 0.009700
892002 CX 891723 0.009700
892002 CX 892839 0.009700
892002 CX 891444 0.009700
892002 CX 892560 0.009700
892002 P2 891164 0.994000
892002 P2 892002 0.006000
892002 X0 892281 0.998713
892002 X0 892002 0.000429
892002 X0 891444 0.000429
892002 X0 891723 0.000429
892281 CX 893118 0.932100
892281 CX 892281 0.009700
892281 CX 893397 0.009700
892281 CX 892002 0.009700
892281 CX 892560 0.009700
892281 CX 891444 0.009700
892281 CX 892839 0.009700
892281 CX 891723 0.009700
892281 P2 891165 0.994000
892281 P2 892281 0.006000
892281 X0 892002 0.998713
892281 X0 892281 0.000429
892281 X0 891723 0.000429
892281 X0 891444 0.000429
892560 CX 892560 0.932100
892560 CX 891444 0.009700
892560 CX 892839 0.009700
892560 CX 891723 0.009700
892560 CX 893118 0.009700
892560 CX 892281 0.009700
892560 CX 893397 0.009700
892560 CX 892002 0.009700
892560 P2 892560 0.972000
892560 P2 891438 0.028000
892560 X0 892839 0.998713
892560 X0 892560 0.000429
892560 X0 893397 0.000429
892560 X0 893118 0.000429
892839 CX 891723 0.932100
892839 CX 892839 0.009700
892839 CX 891444 0.009700
892839 CX 892560 0.009700
892839 CX 892002 0.009700
892839 CX 893397 0.009700
892839 CX 892281 0.009700
892839 CX 893118 0.009700
892839 P2 892839 0.972000
892839 P2 891439 0.028000
892839 X0 892560 0.998713
892839 X0 892839 0.000429
892839 X0 893118 0.000429
892839 X0 893397 0.000429
893118 CX 892281 0.932100
893118 CX 893118 0.009700
893118 CX 892002 0.009700
893118 CX 893397 0.009700
893118 CX 891444 0.009700
893118 CX 892560 0.009700
893118 CX 891723 0.009700
893118 CX 892839 0.009700
893118 P2 893118 0.972000
893118 P2 891440 0.028000
893118 X0 893397 0.998713
893118 X0 893118 0.000429
893118 X0 892839 0.000429
893118 X0 892560 0.000429
893397 CX 893397 0.932100
893397 CX 892002 0.009700
893397 CX 893118 0.009700
893397 CX 892281 0.009700
893397 CX 892839 0.009700
893397 CX 891723 0.009700
893397 CX 892560 0.009700
893397 CX 891444 0.009700
893397 P2 893397 0.972000
893397 P2 891441 0.028000
893397 X0 893118 0.998713
893397 X0 893397 0.000429
893397 X0 892560 0.000429
893397 X0 892839 0.000429
ENDPOMDP
