BEGINPOMDP
INITIALSTATE: 98231
STATES: 99072,99909,98793,98508,98509,99630,98511,98510,98514,100467,99351,98231,98232,98233,98234,98235,100188
REWARDS: 99072:1.0,99909:0.0,98793:0.0,98508:1.0,98509:0.0,99630:1.0,98511:1.0,98510:0.0,98514:1.0,100467:1.0,99351:0.0,98231:0.0,98232:1.0,98233:0.0,98234:1.0,98235:0.0,100188:0.0
GAMMA: 99072:1,99909:1,98793:1,98508:0,98509:0,99630:1,98511:0,98510:0,98514:1,100467:1,99351:1,98231:0,98232:0,98233:0,98234:0,98235:0,100188:1
BEGINACTIONS
CX
P2
X0
ENDACTIONS
98231 INIT_ 98232 0.250000
98231 INIT_ 98233 0.250000
98231 INIT_ 98234 0.250000
98231 INIT_ 98235 0.250000
98232 CX 98232 0.880056
98232 CX 98508 0.017135
98232 CX 98233 0.017135
98232 CX 98509 0.017135
98232 CX 98235 0.017135
98232 CX 98510 0.017135
98232 CX 98234 0.017135
98232 CX 98511 0.017135
98232 P2 98232 0.916000
98232 P2 98514 0.084000
98232 X0 98233 0.987470
98232 X0 98232 0.004177
98232 X0 98234 0.004177
98232 X0 98235 0.004177
98233 CX 98509 0.880056
98233 CX 98233 0.017135
98233 CX 98508 0.017135
98233 CX 98232 0.017135
98233 CX 98511 0.017135
98233 CX 98234 0.017135
98233 CX 98510 0.017135
98233 CX 98235 0.017135
98233 P2 98233 0.916000
98233 P2 98793 0.084000
98233 X0 98232 0.987470
98233 X0 98233 0.004177
98233 X0 98235 0.004177
98233 X0 98234 0.004177
98234 CX 98234 0.880056
98234 CX 98511 0.017135
98234 CX 98235 0.017135
98234 CX 98510 0.017135
98234 CX 98233 0.017135
98234 CX 98509 0.017135
98234 CX 98232 0.017135
98234 CX 98508 0.017135
98234 P2 98234 0.916000
98234 P2 99072 0.084000
98234 X0 98235 0.987470
98234 X0 98234 0.004177
98234 X0 98232 0.004177
98234 X0 98233 0.004177
98235 CX 98510 0.880056
98235 CX 98235 0.017135
98235 CX 98511 0.017135
98235 CX 98234 0.017135
98235 CX 98508 0.017135
98235 CX 98232 0.017135
98235 CX 98509 0.017135
98235 CX 98233 0.017135
98235 P2 98235 0.916000
98235 P2 99351 0.084000
98235 X0 98234 0.987470
98235 X0 98235 0.004177
98235 X0 98233 0.004177
98235 X0 98232 0.004177
98508 CX 98508 0.880056
98508 CX 98232 0.017135
98508 CX 98509 0.017135
98508 CX 98233 0.017135
98508 CX 98510 0.017135
98508 CX 98235 0.017135
98508 CX 98511 0.017135
98508 CX 98234 0.017135
98508 P2 99630 0.706000
98508 P2 98508 0.294000
98508 X0 98509 0.987470
98508 X0 98508 0.004177
98508 X0 98511 0.004177
98508 X0 98510 0.004177
98509 CX 98233 0.880056
98509 CX 98509 0.017135
98509 CX 98232 0.017135
98509 CX 98508 0.017135
98509 CX 98234 0.017135
98509 CX 98511 0.017135
98509 CX 98235 0.017135
98509 CX 98510 0.017135
98509 P2 99909 0.706000
98509 P2 98509 0.294000
98509 X0 98508 0.987470
98509 X0 98509 0.004177
98509 X0 98510 0.004177
98509 X0 98511 0.004177
98510 CX 98235 0.880056
98510 CX 98510 0.017135
98510 CX 98234 0.017135
98510 CX 98511 0.017135
98510 CX 98232 0.017135
98510 CX 98508 0.017135
98510 CX 98233 0.017135
98510 CX 98509 0.017135
98510 P2 100188 0.706000
98510 P2 98510 0.294000
98510 X0 98511 0.987470
98510 X0 98510 0.004177
98510 X0 98509 0.004177
98510 X0 98508 0.004177
98511 CX 98511 0.880056
98511 CX 98234 0.017135
98511 CX 98510 0.017135
98511 CX 98235 0.017135
98511 CX 98509 0.017135
98511 CX 98233 0.017135
98511 CX 98508 0.017135
98511 CX 98232 0.017135
98511 P2 100467 0.706000
98511 P2 98511 0.294000
98511 X0 98510 0.987470
98511 X0 98511 0.004177
98511 X0 98508 0.004177
98511 X0 98509 0.004177
98514 CX 98514 0.880056
98514 CX 99630 0.017135
98514 CX 98793 0.017135
98514 CX 99909 0.017135
98514 CX 99351 0.017135
98514 CX 100188 0.017135
98514 CX 99072 0.017135
98514 CX 100467 0.017135
98514 P2 98232 0.916000
98514 P2 98514 0.084000
98514 X0 98793 0.987470
98514 X0 98514 0.004177
98514 X0 99072 0.004177
98514 X0 99351 0.004177
98793 CX 99909 0.880056
98793 CX 98793 0.017135
98793 CX 99630 0.017135
98793 CX 98514 0.017135
98793 CX 100467 0.017135
98793 CX 99072 0.017135
98793 CX 100188 0.017135
98793 CX 99351 0.017135
98793 P2 98233 0.916000
98793 P2 98793 0.084000
98793 X0 98514 0.987470
98793 X0 98793 0.004177
98793 X0 99351 0.004177
98793 X0 99072 0.004177
99072 CX 99072 0.880056
99072 CX 100467 0.017135
99072 CX 99351 0.017135
99072 CX 100188 0.017135
99072 CX 98793 0.017135
99072 CX 99909 0.017135
99072 CX 98514 0.017135
99072 CX 99630 0.017135
99072 P2 98234 0.916000
99072 P2 99072 0.084000
99072 X0 99351 0.987470
99072 X0 99072 0.004177
99072 X0 98514 0.004177
99072 X0 98793 0.004177
99351 CX 100188 0.880056
99351 CX 99351 0.017135
99351 CX 100467 0.017135
99351 CX 99072 0.017135
99351 CX 99630 0.017135
99351 CX 98514 0.017135
99351 CX 99909 0.017135
99351 CX 98793 0.017135
99351 P2 98235 0.916000
99351 P2 99351 0.084000
99351 X0 99072 0.987470
99351 X0 99351 0.004177
99351 X0 98793 0.004177
99351 X0 98514 0.004177
99630 CX 99630 0.880056
99630 CX 98514 0.017135
99630 CX 99909 0.017135
99630 CX 98793 0.017135
99630 CX 100188 0.017135
99630 CX 99351 0.017135
99630 CX 100467 0.017135
99630 CX 99072 0.017135
99630 P2 99630 0.706000
99630 P2 98508 0.294000
99630 X0 99909 0.987470
99630 X0 99630 0.004177
99630 X0 100467 0.004177
99630 X0 100188 0.004177
99909 CX 98793 0.880056
99909 CX 99909 0.017135
99909 CX 98514 0.017135
99909 CX 99630 0.017135
99909 CX 99072 0.017135
99909 CX 100467 0.017135
99909 CX 99351 0.017135
99909 CX 100188 0.017135
99909 P2 99909 0.706000
99909 P2 98509 0.294000
99909 X0 99630 0.987470
99909 X0 99909 0.004177
99909 X0 100188 0.004177
99909 X0 100467 0.004177
100188 CX 99351 0.880056
100188 CX 100188 0.017135
100188 CX 99072 0.017135
100188 CX 100467 0.017135
100188 CX 98514 0.017135
100188 CX 99630 0.017135
100188 CX 98793 0.017135
100188 CX 99909 0.017135
100188 P2 100188 0.706000
100188 P2 98510 0.294000
100188 X0 100467 0.987470
100188 X0 100188 0.004177
100188 X0 99909 0.004177
100188 X0 99630 0.004177
100467 CX 100467 0.880056
100467 CX 99072 0.017135
100467 CX 100188 0.017135
100467 CX 99351 0.017135
100467 CX 99909 0.017135
100467 CX 98793 0.017135
100467 CX 99630 0.017135
100467 CX 98514 0.017135
100467 P2 100467 0.706000
100467 P2 98511 0.294000
100467 X0 100188 0.987470
100467 X0 100467 0.004177
100467 X0 99630 0.004177
100467 X0 99909 0.004177
ENDPOMDP
