BEGINPOMDP
INITIALSTATE: 272366
STATES: 272928,272643,272644,273765,272646,272645,272649,274602,272366,272367,272368,272369,272370,273486,274323,273207,274044
REWARDS: 272928:0.0,272643:1.0,272644:0.0,273765:1.0,272646:1.0,272645:0.0,272649:1.0,274602:1.0,272366:0.0,272367:1.0,272368:0.0,272369:1.0,272370:0.0,273486:0.0,274323:0.0,273207:1.0,274044:0.0
GAMMA: 272928:1,272643:0,272644:0,273765:1,272646:0,272645:0,272649:1,274602:1,272366:0,272367:0,272368:0,272369:0,272370:0,273486:1,274323:1,273207:1,274044:1
BEGINACTIONS
CX
P2
X0
ENDACTIONS
272366 INIT_ 272367 0.250000
272366 INIT_ 272368 0.250000
272366 INIT_ 272369 0.250000
272366 INIT_ 272370 0.250000
272367 CX 272367 0.955953
272367 CX 272643 0.006292
272367 CX 272368 0.006292
272367 CX 272644 0.006292
272367 CX 272370 0.006292
272367 CX 272645 0.006292
272367 CX 272369 0.006292
272367 CX 272646 0.006292
272367 P2 272367 0.989600
272367 P2 272649 0.010400
272367 X0 272368 0.995674
272367 X0 272367 0.001442
272367 X0 272369 0.001442
272367 X0 272370 0.001442
272368 CX 272644 0.955953
272368 CX 272368 0.006292
272368 CX 272643 0.006292
272368 CX 272367 0.006292
272368 CX 272646 0.006292
272368 CX 272369 0.006292
272368 CX 272645 0.006292
272368 CX 272370 0.006292
272368 P2 272368 0.989600
272368 P2 272928 0.010400
272368 X0 272367 0.995674
272368 X0 272368 0.001442
272368 X0 272370 0.001442
272368 X0 272369 0.001442
272369 CX 272369 0.955953
272369 CX 272646 0.006292
272369 CX 272370 0.006292
272369 CX 272645 0.006292
272369 CX 272368 0.006292
272369 CX 272644 0.006292
272369 CX 272367 0.006292
272369 CX 272643 0.006292
272369 P2 272369 0.989600
272369 P2 273207 0.010400
272369 X0 272370 0.995674
272369 X0 272369 0.001442
272369 X0 272367 0.001442
272369 X0 272368 0.001442
272370 CX 272645 0.955953
272370 CX 272370 0.006292
272370 CX 272646 0.006292
272370 CX 272369 0.006292
272370 CX 272643 0.006292
272370 CX 272367 0.006292
272370 CX 272644 0.006292
272370 CX 272368 0.006292
272370 P2 272370 0.989600
272370 P2 273486 0.010400
272370 X0 272369 0.995674
272370 X0 272370 0.001442
272370 X0 272368 0.001442
272370 X0 272367 0.001442
272643 CX 272643 0.955953
272643 CX 272367 0.006292
272643 CX 272644 0.006292
272643 CX 272368 0.006292
272643 CX 272645 0.006292
272643 CX 272370 0.006292
272643 CX 272646 0.006292
272643 CX 272369 0.006292
272643 P2 273765 0.933400
272643 P2 272643 0.066600
272643 X0 272644 0.995674
272643 X0 272643 0.001442
272643 X0 272646 0.001442
272643 X0 272645 0.001442
272644 CX 272368 0.955953
272644 CX 272644 0.006292
272644 CX 272367 0.006292
272644 CX 272643 0.006292
272644 CX 272369 0.006292
272644 CX 272646 0.006292
272644 CX 272370 0.006292
272644 CX 272645 0.006292
272644 P2 274044 0.933400
272644 P2 272644 0.066600
272644 X0 272643 0.995674
272644 X0 272644 0.001442
272644 X0 272645 0.001442
272644 X0 272646 0.001442
272645 CX 272370 0.955953
272645 CX 272645 0.006292
272645 CX 272369 0.006292
272645 CX 272646 0.006292
272645 CX 272367 0.006292
272645 CX 272643 0.006292
272645 CX 272368 0.006292
272645 CX 272644 0.006292
272645 P2 274323 0.933400
272645 P2 272645 0.066600
272645 X0 272646 0.995674
272645 X0 272645 0.001442
272645 X0 272644 0.001442
272645 X0 272643 0.001442
272646 CX 272646 0.955953
272646 CX 272369 0.006292
272646 CX 272645 0.006292
272646 CX 272370 0.006292
272646 CX 272644 0.006292
272646 CX 272368 0.006292
272646 CX 272643 0.006292
272646 CX 272367 0.006292
272646 P2 274602 0.933400
272646 P2 272646 0.066600
272646 X0 272645 0.995674
272646 X0 272646 0.001442
272646 X0 272643 0.001442
272646 X0 272644 0.001442
272649 CX 272649 0.955953
272649 CX 273765 0.006292
272649 CX 272928 0.006292
272649 CX 274044 0.006292
272649 CX 273486 0.006292
272649 CX 274323 0.006292
272649 CX 273207 0.006292
272649 CX 274602 0.006292
272649 P2 272367 0.989600
272649 P2 272649 0.010400
272649 X0 272928 0.995674
272649 X0 272649 0.001442
272649 X0 273207 0.001442
272649 X0 273486 0.001442
272928 CX 274044 0.955953
272928 CX 272928 0.006292
272928 CX 273765 0.006292
272928 CX 272649 0.006292
272928 CX 274602 0.006292
272928 CX 273207 0.006292
272928 CX 274323 0.006292
272928 CX 273486 0.006292
272928 P2 272368 0.989600
272928 P2 272928 0.010400
272928 X0 272649 0.995674
272928 X0 272928 0.001442
272928 X0 273486 0.001442
272928 X0 273207 0.001442
273207 CX 273207 0.955953
273207 CX 274602 0.006292
273207 CX 273486 0.006292
273207 CX 274323 0.006292
273207 CX 272928 0.006292
273207 CX 274044 0.006292
273207 CX 272649 0.006292
273207 CX 273765 0.006292
273207 P2 272369 0.989600
273207 P2 273207 0.010400
273207 X0 273486 0.995674
273207 X0 273207 0.001442
273207 X0 272649 0.001442
273207 X0 272928 0.001442
273486 CX 274323 0.955953
273486 CX 273486 0.006292
273486 CX 274602 0.006292
273486 CX 273207 0.006292
273486 CX 273765 0.006292
273486 CX 272649 0.006292
273486 CX 274044 0.006292
273486 CX 272928 0.006292
273486 P2 272370 0.989600
273486 P2 273486 0.010400
273486 X0 273207 0.995674
273486 X0 273486 0.001442
273486 X0 272928 0.001442
273486 X0 272649 0.001442
273765 CX 273765 0.955953
273765 CX 272649 0.006292
273765 CX 274044 0.006292
273765 CX 272928 0.006292
273765 CX 274323 0.006292
273765 CX 273486 0.006292
273765 CX 274602 0.006292
273765 CX 273207 0.006292
273765 P2 273765 0.933400
273765 P2 272643 0.066600
273765 X0 274044 0.995674
273765 X0 273765 0.001442
273765 X0 274602 0.001442
273765 X0 274323 0.001442
274044 CX 272928 0.955953
274044 CX 274044 0.006292
274044 CX 272649 0.006292
274044 CX 273765 0.006292
274044 CX 273207 0.006292
274044 CX 274602 0.006292
274044 CX 273486 0.006292
274044 CX 274323 0.006292
274044 P2 274044 0.933400
274044 P2 272644 0.066600
274044 X0 273765 0.995674
274044 X0 274044 0.001442
274044 X0 274323 0.001442
274044 X0 274602 0.001442
274323 CX 273486 0.955953
274323 CX 274323 0.006292
274323 CX 273207 0.006292
274323 CX 274602 0.006292
274323 CX 272649 0.006292
274323 CX 273765 0.006292
274323 CX 272928 0.006292
274323 CX 274044 0.006292
274323 P2 274323 0.933400
274323 P2 272645 0.066600
274323 X0 274602 0.995674
274323 X0 274323 0.001442
274323 X0 274044 0.001442
274323 X0 273765 0.001442
274602 CX 274602 0.955953
274602 CX 273207 0.006292
274602 CX 274323 0.006292
274602 CX 273486 0.006292
274602 CX 274044 0.006292
274602 CX 272928 0.006292
274602 CX 273765 0.006292
274602 CX 272649 0.006292
274602 P2 274602 0.933400
274602 P2 272646 0.066600
274602 X0 274323 0.995674
274602 X0 274602 0.001442
274602 X0 273765 0.001442
274602 X0 274044 0.001442
ENDPOMDP
