BEGINPOMDP
INITIALSTATE: 397386
STATES: 397664,398785,397666,397665,397669,399622,397386,397387,397388,397389,397390,398506,399343,398227,399064,397948,397663
REWARDS: 397664:0.0,398785:1.0,397666:1.0,397665:0.0,397669:1.0,399622:1.0,397386:0.0,397387:1.0,397388:0.0,397389:1.0,397390:0.0,398506:0.0,399343:0.0,398227:1.0,399064:0.0,397948:0.0,397663:1.0
GAMMA: 397664:0,398785:1,397666:0,397665:0,397669:1,399622:1,397386:0,397387:0,397388:0,397389:0,397390:0,398506:1,399343:1,398227:1,399064:1,397948:1,397663:0
BEGINACTIONS
CX
P2
X0
ENDACTIONS
397386 INIT_ 397387 0.250000
397386 INIT_ 397388 0.250000
397386 INIT_ 397389 0.250000
397386 INIT_ 397390 0.250000
397387 CX 397387 0.955492
397387 CX 397663 0.006358
397387 CX 397388 0.006358
397387 CX 397664 0.006358
397387 CX 397390 0.006358
397387 CX 397665 0.006358
397387 CX 397389 0.006358
397387 CX 397666 0.006358
397387 P2 397387 0.994000
397387 P2 397669 0.006000
397387 X0 397388 0.988025
397387 X0 397387 0.003992
397387 X0 397389 0.003992
397387 X0 397390 0.003992
397388 CX 397664 0.955492
397388 CX 397388 0.006358
397388 CX 397663 0.006358
397388 CX 397387 0.006358
397388 CX 397666 0.006358
397388 CX 397389 0.006358
397388 CX 397665 0.006358
397388 CX 397390 0.006358
397388 P2 397388 0.994000
397388 P2 397948 0.006000
397388 X0 397387 0.988025
397388 X0 397388 0.003992
397388 X0 397390 0.003992
397388 X0 397389 0.003992
397389 CX 397389 0.955492
397389 CX 397666 0.006358
397389 CX 397390 0.006358
397389 CX 397665 0.006358
397389 CX 397388 0.006358
397389 CX 397664 0.006358
397389 CX 397387 0.006358
397389 CX 397663 0.006358
397389 P2 397389 0.994000
397389 P2 398227 0.006000
397389 X0 397390 0.988025
397389 X0 397389 0.003992
397389 X0 397387 0.003992
397389 X0 397388 0.003992
397390 CX 397665 0.955492
397390 CX 397390 0.006358
397390 CX 397666 0.006358
397390 CX 397389 0.006358
397390 CX 397663 0.006358
397390 CX 397387 0.006358
397390 CX 397664 0.006358
397390 CX 397388 0.006358
397390 P2 397390 0.994000
397390 P2 398506 0.006000
397390 X0 397389 0.988025
397390 X0 397390 0.003992
397390 X0 397388 0.003992
397390 X0 397387 0.003992
397663 CX 397663 0.955492
397663 CX 397387 0.006358
397663 CX 397664 0.006358
397663 CX 397388 0.006358
397663 CX 397665 0.006358
397663 CX 397390 0.006358
397663 CX 397666 0.006358
397663 CX 397389 0.006358
397663 P2 398785 0.946000
397663 P2 397663 0.054000
397663 X0 397664 0.988025
397663 X0 397663 0.003992
397663 X0 397666 0.003992
397663 X0 397665 0.003992
397664 CX 397388 0.955492
397664 CX 397664 0.006358
397664 CX 397387 0.006358
397664 CX 397663 0.006358
397664 CX 397389 0.006358
397664 CX 397666 0.006358
397664 CX 397390 0.006358
397664 CX 397665 0.006358
397664 P2 399064 0.946000
397664 P2 397664 0.054000
397664 X0 397663 0.988025
397664 X0 397664 0.003992
397664 X0 397665 0.003992
397664 X0 397666 0.003992
397665 CX 397390 0.955492
397665 CX 397665 0.006358
397665 CX 397389 0.006358
397665 CX 397666 0.006358
397665 CX 397387 0.006358
397665 CX 397663 0.006358
397665 CX 397388 0.006358
397665 CX 397664 0.006358
397665 P2 399343 0.946000
397665 P2 397665 0.054000
397665 X0 397666 0.988025
397665 X0 397665 0.003992
397665 X0 397664 0.003992
397665 X0 397663 0.003992
397666 CX 397666 0.955492
397666 CX 397389 0.006358
397666 CX 397665 0.006358
397666 CX 397390 0.006358
397666 CX 397664 0.006358
397666 CX 397388 0.006358
397666 CX 397663 0.006358
397666 CX 397387 0.006358
397666 P2 399622 0.946000
397666 P2 397666 0.054000
397666 X0 397665 0.988025
397666 X0 397666 0.003992
397666 X0 397663 0.003992
397666 X0 397664 0.003992
397669 CX 397669 0.955492
397669 CX 398785 0.006358
397669 CX 397948 0.006358
397669 CX 399064 0.006358
397669 CX 398506 0.006358
397669 CX 399343 0.006358
397669 CX 398227 0.006358
397669 CX 399622 0.006358
397669 P2 397387 0.994000
397669 P2 397669 0.006000
397669 X0 397948 0.988025
397669 X0 397669 0.003992
397669 X0 398227 0.003992
397669 X0 398506 0.003992
397948 CX 399064 0.955492
397948 CX 397948 0.006358
397948 CX 398785 0.006358
397948 CX 397669 0.006358
397948 CX 399622 0.006358
397948 CX 398227 0.006358
397948 CX 399343 0.006358
397948 CX 398506 0.006358
397948 P2 397388 0.994000
397948 P2 397948 0.006000
397948 X0 397669 0.988025
397948 X0 397948 0.003992
397948 X0 398506 0.003992
397948 X0 398227 0.003992
398227 CX 398227 0.955492
398227 CX 399622 0.006358
398227 CX 398506 0.006358
398227 CX 399343 0.006358
398227 CX 397948 0.006358
398227 CX 399064 0.006358
398227 CX 397669 0.006358
398227 CX 398785 0.006358
398227 P2 397389 0.994000
398227 P2 398227 0.006000
398227 X0 398506 0.988025
398227 X0 398227 0.003992
398227 X0 397669 0.003992
398227 X0 397948 0.003992
398506 CX 399343 0.955492
398506 CX 398506 0.006358
398506 CX 399622 0.006358
398506 CX 398227 0.006358
398506 CX 398785 0.006358
398506 CX 397669 0.006358
398506 CX 399064 0.006358
398506 CX 397948 0.006358
398506 P2 397390 0.994000
398506 P2 398506 0.006000
398506 X0 398227 0.988025
398506 X0 398506 0.003992
398506 X0 397948 0.003992
398506 X0 397669 0.003992
398785 CX 398785 0.955492
398785 CX 397669 0.006358
398785 CX 399064 0.006358
398785 CX 397948 0.006358
398785 CX 399343 0.006358
398785 CX 398506 0.006358
398785 CX 399622 0.006358
398785 CX 398227 0.006358
398785 P2 398785 0.946000
398785 P2 397663 0.054000
398785 X0 399064 0.988025
398785 X0 398785 0.003992
398785 X0 399622 0.003992
398785 X0 399343 0.003992
399064 CX 397948 0.955492
399064 CX 399064 0.006358
399064 CX 397669 0.006358
399064 CX 398785 0.006358
399064 CX 398227 0.006358
399064 CX 399622 0.006358
399064 CX 398506 0.006358
399064 CX 399343 0.006358
399064 P2 399064 0.946000
399064 P2 397664 0.054000
399064 X0 398785 0.988025
399064 X0 399064 0.003992
399064 X0 399343 0.003992
399064 X0 399622 0.003992
399343 CX 398506 0.955492
399343 CX 399343 0.006358
399343 CX 398227 0.006358
399343 CX 399622 0.006358
399343 CX 397669 0.006358
399343 CX 398785 0.006358
399343 CX 397948 0.006358
399343 CX 399064 0.006358
399343 P2 399343 0.946000
399343 P2 397665 0.054000
399343 X0 399622 0.988025
399343 X0 399343 0.003992
399343 X0 399064 0.003992
399343 X0 398785 0.003992
399622 CX 399622 0.955492
399622 CX 398227 0.006358
399622 CX 399343 0.006358
399622 CX 398506 0.006358
399622 CX 399064 0.006358
399622 CX 397948 0.006358
399622 CX 398785 0.006358
399622 CX 397669 0.006358
399622 P2 399622 0.946000
399622 P2 397666 0.054000
399622 X0 399343 0.988025
399622 X0 399622 0.003992
399622 X0 398785 0.003992
399622 X0 399064 0.003992
ENDPOMDP
