BEGINPOMDP
INITIALSTATE: 84836
STATES: 87072,84836,84837,84838,84839,84840,85956,86793,85115,85677,86514,85398,85113,85114,86235,85116,85119
REWARDS: 87072:1.0,84836:0.0,84837:1.0,84838:0.0,84839:1.0,84840:0.0,85956:0.0,86793:0.0,85115:0.0,85677:1.0,86514:0.0,85398:0.0,85113:1.0,85114:0.0,86235:1.0,85116:1.0,85119:1.0
GAMMA: 87072:1,84836:0,84837:0,84838:0,84839:0,84840:0,85956:1,86793:1,85115:0,85677:1,86514:1,85398:1,85113:0,85114:0,86235:1,85116:0,85119:1
BEGINACTIONS
CX
P2
X0
ENDACTIONS
84836 INIT_ 84837 0.250000
84836 INIT_ 84838 0.250000
84836 INIT_ 84839 0.250000
84836 INIT_ 84840 0.250000
84837 CX 84837 0.951770
84837 CX 85113 0.006890
84837 CX 84838 0.006890
84837 CX 85114 0.006890
84837 CX 84840 0.006890
84837 CX 85115 0.006890
84837 CX 84839 0.006890
84837 CX 85116 0.006890
84837 P2 84837 0.953000
84837 P2 85119 0.047000
84837 X0 84838 0.998651
84837 X0 84837 0.000450
84837 X0 84839 0.000450
84837 X0 84840 0.000450
84838 CX 85114 0.951770
84838 CX 84838 0.006890
84838 CX 85113 0.006890
84838 CX 84837 0.006890
84838 CX 85116 0.006890
84838 CX 84839 0.006890
84838 CX 85115 0.006890
84838 CX 84840 0.006890
84838 P2 84838 0.953000
84838 P2 85398 0.047000
84838 X0 84837 0.998651
84838 X0 84838 0.000450
84838 X0 84840 0.000450
84838 X0 84839 0.000450
84839 CX 84839 0.951770
84839 CX 85116 0.006890
84839 CX 84840 0.006890
84839 CX 85115 0.006890
84839 CX 84838 0.006890
84839 CX 85114 0.006890
84839 CX 84837 0.006890
84839 CX 85113 0.006890
84839 P2 84839 0.953000
84839 P2 85677 0.047000
84839 X0 84840 0.998651
84839 X0 84839 0.000450
84839 X0 84837 0.000450
84839 X0 84838 0.000450
84840 CX 85115 0.951770
84840 CX 84840 0.006890
84840 CX 85116 0.006890
84840 CX 84839 0.006890
84840 CX 85113 0.006890
84840 CX 84837 0.006890
84840 CX 85114 0.006890
84840 CX 84838 0.006890
84840 P2 84840 0.953000
84840 P2 85956 0.047000
84840 X0 84839 0.998651
84840 X0 84840 0.000450
84840 X0 84838 0.000450
84840 X0 84837 0.000450
85113 CX 85113 0.951770
85113 CX 84837 0.006890
85113 CX 85114 0.006890
85113 CX 84838 0.006890
85113 CX 85115 0.006890
85113 CX 84840 0.006890
85113 CX 85116 0.006890
85113 CX 84839 0.006890
85113 P2 86235 0.954000
85113 P2 85113 0.046000
85113 X0 85114 0.998651
85113 X0 85113 0.000450
85113 X0 85116 0.000450
85113 X0 85115 0.000450
85114 CX 84838 0.951770
85114 CX 85114 0.006890
85114 CX 84837 0.006890
85114 CX 85113 0.006890
85114 CX 84839 0.006890
85114 CX 85116 0.006890
85114 CX 84840 0.006890
85114 CX 85115 0.006890
85114 P2 86514 0.954000
85114 P2 85114 0.046000
85114 X0 85113 0.998651
85114 X0 85114 0.000450
85114 X0 85115 0.000450
85114 X0 85116 0.000450
85115 CX 84840 0.951770
85115 CX 85115 0.006890
85115 CX 84839 0.006890
85115 CX 85116 0.006890
85115 CX 84837 0.006890
85115 CX 85113 0.006890
85115 CX 84838 0.006890
85115 CX 85114 0.006890
85115 P2 86793 0.954000
85115 P2 85115 0.046000
85115 X0 85116 0.998651
85115 X0 85115 0.000450
85115 X0 85114 0.000450
85115 X0 85113 0.000450
85116 CX 85116 0.951770
85116 CX 84839 0.006890
85116 CX 85115 0.006890
85116 CX 84840 0.006890
85116 CX 85114 0.006890
85116 CX 84838 0.006890
85116 CX 85113 0.006890
85116 CX 84837 0.006890
85116 P2 87072 0.954000
85116 P2 85116 0.046000
85116 X0 85115 0.998651
85116 X0 85116 0.000450
85116 X0 85113 0.000450
85116 X0 85114 0.000450
85119 CX 85119 0.951770
85119 CX 86235 0.006890
85119 CX 85398 0.006890
85119 CX 86514 0.006890
85119 CX 85956 0.006890
85119 CX 86793 0.006890
85119 CX 85677 0.006890
85119 CX 87072 0.006890
85119 P2 84837 0.953000
85119 P2 85119 0.047000
85119 X0 85398 0.998651
85119 X0 85119 0.000450
85119 X0 85677 0.000450
85119 X0 85956 0.000450
85398 CX 86514 0.951770
85398 CX 85398 0.006890
85398 CX 86235 0.006890
85398 CX 85119 0.006890
85398 CX 87072 0.006890
85398 CX 85677 0.006890
85398 CX 86793 0.006890
85398 CX 85956 0.006890
85398 P2 84838 0.953000
85398 P2 85398 0.047000
85398 X0 85119 0.998651
85398 X0 85398 0.000450
85398 X0 85956 0.000450
85398 X0 85677 0.000450
85677 CX 85677 0.951770
85677 CX 87072 0.006890
85677 CX 85956 0.006890
85677 CX 86793 0.006890
85677 CX 85398 0.006890
85677 CX 86514 0.006890
85677 CX 85119 0.006890
85677 CX 86235 0.006890
85677 P2 84839 0.953000
85677 P2 85677 0.047000
85677 X0 85956 0.998651
85677 X0 85677 0.000450
85677 X0 85119 0.000450
85677 X0 85398 0.000450
85956 CX 86793 0.951770
85956 CX 85956 0.006890
85956 CX 87072 0.006890
85956 CX 85677 0.006890
85956 CX 86235 0.006890
85956 CX 85119 0.006890
85956 CX 86514 0.006890
85956 CX 85398 0.006890
85956 P2 84840 0.953000
85956 P2 85956 0.047000
85956 X0 85677 0.998651
85956 X0 85956 0.000450
85956 X0 85398 0.000450
85956 X0 85119 0.000450
86235 CX 86235 0.951770
86235 CX 85119 0.006890
86235 CX 86514 0.006890
86235 CX 85398 0.006890
86235 CX 86793 0.006890
86235 CX 85956 0.006890
86235 CX 87072 0.006890
86235 CX 85677 0.006890
86235 P2 86235 0.954000
86235 P2 85113 0.046000
86235 X0 86514 0.998651
86235 X0 86235 0.000450
86235 X0 87072 0.000450
86235 X0 86793 0.000450
86514 CX 85398 0.951770
86514 CX 86514 0.006890
86514 CX 85119 0.006890
86514 CX 86235 0.006890
86514 CX 85677 0.006890
86514 CX 87072 0.006890
86514 CX 85956 0.006890
86514 CX 86793 0.006890
86514 P2 86514 0.954000
86514 P2 85114 0.046000
86514 X0 86235 0.998651
86514 X0 86514 0.000450
86514 X0 86793 0.000450
86514 X0 87072 0.000450
86793 CX 85956 0.951770
86793 CX 86793 0.006890
86793 CX 85677 0.006890
86793 CX 87072 0.006890
86793 CX 85119 0.006890
86793 CX 86235 0.006890
86793 CX 85398 0.006890
86793 CX 86514 0.006890
86793 P2 86793 0.954000
86793 P2 85115 0.046000
86793 X0 87072 0.998651
86793 X0 86793 0.000450
86793 X0 86514 0.000450
86793 X0 86235 0.000450
87072 CX 87072 0.951770
87072 CX 85677 0.006890
87072 CX 86793 0.006890
87072 CX 85956 0.006890
87072 CX 86514 0.006890
87072 CX 85398 0.006890
87072 CX 86235 0.006890
87072 CX 85119 0.006890
87072 P2 87072 0.954000
87072 P2 85116 0.046000
87072 X0 86793 0.998651
87072 X0 87072 0.000450
87072 X0 86235 0.000450
87072 X0 86514 0.000450
ENDPOMDP
