BEGINPOMDP
INITIALSTATE: 254506
STATES: 254784,255905,254786,254785,254789,256742,254506,254507,254508,254509,254510,255626,256463,255347,256184,255068,254783
REWARDS: 254784:0.0,255905:1.0,254786:1.0,254785:0.0,254789:1.0,256742:1.0,254506:0.0,254507:1.0,254508:0.0,254509:1.0,254510:0.0,255626:0.0,256463:0.0,255347:1.0,256184:0.0,255068:0.0,254783:1.0
GAMMA: 254784:0,255905:1,254786:0,254785:0,254789:1,256742:1,254506:0,254507:0,254508:0,254509:0,254510:0,255626:1,256463:1,255347:1,256184:1,255068:1,254783:0
BEGINACTIONS
CX
P2
X0
ENDACTIONS
254506 INIT_ 254507 0.250000
254506 INIT_ 254508 0.250000
254506 INIT_ 254509 0.250000
254506 INIT_ 254510 0.250000
254507 CX 254507 0.934571
254507 CX 254783 0.009347
254507 CX 254508 0.009347
254507 CX 254784 0.009347
254507 CX 254510 0.009347
254507 CX 254785 0.009347
254507 CX 254509 0.009347
254507 CX 254786 0.009347
254507 P2 254507 0.693333
254507 P2 254789 0.306667
254507 X0 254508 0.997565
254507 X0 254507 0.000812
254507 X0 254509 0.000812
254507 X0 254510 0.000812
254508 CX 254784 0.934571
254508 CX 254508 0.009347
254508 CX 254783 0.009347
254508 CX 254507 0.009347
254508 CX 254786 0.009347
254508 CX 254509 0.009347
254508 CX 254785 0.009347
254508 CX 254510 0.009347
254508 P2 254508 0.693333
254508 P2 255068 0.306667
254508 X0 254507 0.997565
254508 X0 254508 0.000812
254508 X0 254510 0.000812
254508 X0 254509 0.000812
254509 CX 254509 0.934571
254509 CX 254786 0.009347
254509 CX 254510 0.009347
254509 CX 254785 0.009347
254509 CX 254508 0.009347
254509 CX 254784 0.009347
254509 CX 254507 0.009347
254509 CX 254783 0.009347
254509 P2 254509 0.693333
254509 P2 255347 0.306667
254509 X0 254510 0.997565
254509 X0 254509 0.000812
254509 X0 254507 0.000812
254509 X0 254508 0.000812
254510 CX 254785 0.934571
254510 CX 254510 0.009347
254510 CX 254786 0.009347
254510 CX 254509 0.009347
254510 CX 254783 0.009347
254510 CX 254507 0.009347
254510 CX 254784 0.009347
254510 CX 254508 0.009347
254510 P2 254510 0.693333
254510 P2 255626 0.306667
254510 X0 254509 0.997565
254510 X0 254510 0.000812
254510 X0 254508 0.000812
254510 X0 254507 0.000812
254783 CX 254783 0.934571
254783 CX 254507 0.009347
254783 CX 254784 0.009347
254783 CX 254508 0.009347
254783 CX 254785 0.009347
254783 CX 254510 0.009347
254783 CX 254786 0.009347
254783 CX 254509 0.009347
254783 P2 255905 0.853333
254783 P2 254783 0.146667
254783 X0 254784 0.997565
254783 X0 254783 0.000812
254783 X0 254786 0.000812
254783 X0 254785 0.000812
254784 CX 254508 0.934571
254784 CX 254784 0.009347
254784 CX 254507 0.009347
254784 CX 254783 0.009347
254784 CX 254509 0.009347
254784 CX 254786 0.009347
254784 CX 254510 0.009347
254784 CX 254785 0.009347
254784 P2 256184 0.853333
254784 P2 254784 0.146667
254784 X0 254783 0.997565
254784 X0 254784 0.000812
254784 X0 254785 0.000812
254784 X0 254786 0.000812
254785 CX 254510 0.934571
254785 CX 254785 0.009347
254785 CX 254509 0.009347
254785 CX 254786 0.009347
254785 CX 254507 0.009347
254785 CX 254783 0.009347
254785 CX 254508 0.009347
254785 CX 254784 0.009347
254785 P2 256463 0.853333
254785 P2 254785 0.146667
254785 X0 254786 0.997565
254785 X0 254785 0.000812
254785 X0 254784 0.000812
254785 X0 254783 0.000812
254786 CX 254786 0.934571
254786 CX 254509 0.009347
254786 CX 254785 0.009347
254786 CX 254510 0.009347
254786 CX 254784 0.009347
254786 CX 254508 0.009347
254786 CX 254783 0.009347
254786 CX 254507 0.009347
254786 P2 256742 0.853333
254786 P2 254786 0.146667
254786 X0 254785 0.997565
254786 X0 254786 0.000812
254786 X0 254783 0.000812
254786 X0 254784 0.000812
254789 CX 254789 0.934571
254789 CX 255905 0.009347
254789 CX 255068 0.009347
254789 CX 256184 0.009347
254789 CX 255626 0.009347
254789 CX 256463 0.009347
254789 CX 255347 0.009347
254789 CX 256742 0.009347
254789 P2 254507 0.693333
254789 P2 254789 0.306667
254789 X0 255068 0.997565
254789 X0 254789 0.000812
254789 X0 255347 0.000812
254789 X0 255626 0.000812
255068 CX 256184 0.934571
255068 CX 255068 0.009347
255068 CX 255905 0.009347
255068 CX 254789 0.009347
255068 CX 256742 0.009347
255068 CX 255347 0.009347
255068 CX 256463 0.009347
255068 CX 255626 0.009347
255068 P2 254508 0.693333
255068 P2 255068 0.306667
255068 X0 254789 0.997565
255068 X0 255068 0.000812
255068 X0 255626 0.000812
255068 X0 255347 0.000812
255347 CX 255347 0.934571
255347 CX 256742 0.009347
255347 CX 255626 0.009347
255347 CX 256463 0.009347
255347 CX 255068 0.009347
255347 CX 256184 0.009347
255347 CX 254789 0.009347
255347 CX 255905 0.009347
255347 P2 254509 0.693333
255347 P2 255347 0.306667
255347 X0 255626 0.997565
255347 X0 255347 0.000812
255347 X0 254789 0.000812
255347 X0 255068 0.000812
255626 CX 256463 0.934571
255626 CX 255626 0.009347
255626 CX 256742 0.009347
255626 CX 255347 0.009347
255626 CX 255905 0.009347
255626 CX 254789 0.009347
255626 CX 256184 0.009347
255626 CX 255068 0.009347
255626 P2 254510 0.693333
255626 P2 255626 0.306667
255626 X0 255347 0.997565
255626 X0 255626 0.000812
255626 X0 255068 0.000812
255626 X0 254789 0.000812
255905 CX 255905 0.934571
255905 CX 254789 0.009347
255905 CX 256184 0.009347
255905 CX 255068 0.009347
255905 CX 256463 0.009347
255905 CX 255626 0.009347
255905 CX 256742 0.009347
255905 CX 255347 0.009347
255905 P2 255905 0.853333
255905 P2 254783 0.146667
255905 X0 256184 0.997565
255905 X0 255905 0.000812
255905 X0 256742 0.000812
255905 X0 256463 0.000812
256184 CX 255068 0.934571
256184 CX 256184 0.009347
256184 CX 254789 0.009347
256184 CX 255905 0.009347
256184 CX 255347 0.009347
256184 CX 256742 0.009347
256184 CX 255626 0.009347
256184 CX 256463 0.009347
256184 P2 256184 0.853333
256184 P2 254784 0.146667
256184 X0 255905 0.997565
256184 X0 256184 0.000812
256184 X0 256463 0.000812
256184 X0 256742 0.000812
256463 CX 255626 0.934571
256463 CX 256463 0.009347
256463 CX 255347 0.009347
256463 CX 256742 0.009347
256463 CX 254789 0.009347
256463 CX 255905 0.009347
256463 CX 255068 0.009347
256463 CX 256184 0.009347
256463 P2 256463 0.853333
256463 P2 254785 0.146667
256463 X0 256742 0.997565
256463 X0 256463 0.000812
256463 X0 256184 0.000812
256463 X0 255905 0.000812
256742 CX 256742 0.934571
256742 CX 255347 0.009347
256742 CX 256463 0.009347
256742 CX 255626 0.009347
256742 CX 256184 0.009347
256742 CX 255068 0.009347
256742 CX 255905 0.009347
256742 CX 254789 0.009347
256742 P2 256742 0.853333
256742 P2 254786 0.146667
256742 X0 256463 0.997565
256742 X0 256742 0.000812
256742 X0 255905 0.000812
256742 X0 256184 0.000812
ENDPOMDP
