BEGINPOMDP
INITIALSTATE: 321481
STATES: 322880,321761,321760,321764,323717,321481,321482,321483,321484,321485,322601,323438,322322,323159,322043,321758,321759
REWARDS: 322880:1.0,321761:1.0,321760:0.0,321764:1.0,323717:1.0,321481:0.0,321482:1.0,321483:0.0,321484:1.0,321485:0.0,322601:0.0,323438:0.0,322322:1.0,323159:0.0,322043:0.0,321758:1.0,321759:0.0
GAMMA: 322880:1,321761:0,321760:0,321764:1,323717:1,321481:0,321482:0,321483:0,321484:0,321485:0,322601:1,323438:1,322322:1,323159:1,322043:1,321758:0,321759:0
BEGINACTIONS
CX
P2
X0
ENDACTIONS
321481 INIT_ 321482 0.250000
321481 INIT_ 321483 0.250000
321481 INIT_ 321484 0.250000
321481 INIT_ 321485 0.250000
321482 CX 321482 0.833595
321482 CX 321758 0.023772
321482 CX 321483 0.023772
321482 CX 321759 0.023772
321482 CX 321485 0.023772
321482 CX 321760 0.023772
321482 CX 321484 0.023772
321482 CX 321761 0.023772
321482 P2 321482 0.956000
321482 P2 321764 0.044000
321482 X0 321483 0.996863
321482 X0 321482 0.001046
321482 X0 321484 0.001046
321482 X0 321485 0.001046
321483 CX 321759 0.833595
321483 CX 321483 0.023772
321483 CX 321758 0.023772
321483 CX 321482 0.023772
321483 CX 321761 0.023772
321483 CX 321484 0.023772
321483 CX 321760 0.023772
321483 CX 321485 0.023772
321483 P2 321483 0.956000
321483 P2 322043 0.044000
321483 X0 321482 0.996863
321483 X0 321483 0.001046
321483 X0 321485 0.001046
321483 X0 321484 0.001046
321484 CX 321484 0.833595
321484 CX 321761 0.023772
321484 CX 321485 0.023772
321484 CX 321760 0.023772
321484 CX 321483 0.023772
321484 CX 321759 0.023772
321484 CX 321482 0.023772
321484 CX 321758 0.023772
321484 P2 321484 0.956000
321484 P2 322322 0.044000
321484 X0 321485 0.996863
321484 X0 321484 0.001046
321484 X0 321482 0.001046
321484 X0 321483 0.001046
321485 CX 321760 0.833595
321485 CX 321485 0.023772
321485 CX 321761 0.023772
321485 CX 321484 0.023772
321485 CX 321758 0.023772
321485 CX 321482 0.023772
321485 CX 321759 0.023772
321485 CX 321483 0.023772
321485 P2 321485 0.956000
321485 P2 322601 0.044000
321485 X0 321484 0.996863
321485 X0 321485 0.001046
321485 X0 321483 0.001046
321485 X0 321482 0.001046
321758 CX 321758 0.833595
321758 CX 321482 0.023772
321758 CX 321759 0.023772
321758 CX 321483 0.023772
321758 CX 321760 0.023772
321758 CX 321485 0.023772
321758 CX 321761 0.023772
321758 CX 321484 0.023772
321758 P2 322880 0.698000
321758 P2 321758 0.302000
321758 X0 321759 0.996863
321758 X0 321758 0.001046
321758 X0 321761 0.001046
321758 X0 321760 0.001046
321759 CX 321483 0.833595
321759 CX 321759 0.023772
321759 CX 321482 0.023772
321759 CX 321758 0.023772
321759 CX 321484 0.023772
321759 CX 321761 0.023772
321759 CX 321485 0.023772
321759 CX 321760 0.023772
321759 P2 323159 0.698000
321759 P2 321759 0.302000
321759 X0 321758 0.996863
321759 X0 321759 0.001046
321759 X0 321760 0.001046
321759 X0 321761 0.001046
321760 CX 321485 0.833595
321760 CX 321760 0.023772
321760 CX 321484 0.023772
321760 CX 321761 0.023772
321760 CX 321482 0.023772
321760 CX 321758 0.023772
321760 CX 321483 0.023772
321760 CX 321759 0.023772
321760 P2 323438 0.698000
321760 P2 321760 0.302000
321760 X0 321761 0.996863
321760 X0 321760 0.001046
321760 X0 321759 0.001046
321760 X0 321758 0.001046
321761 CX 321761 0.833595
321761 CX 321484 0.023772
321761 CX 321760 0.023772
321761 CX 321485 0.023772
321761 CX 321759 0.023772
321761 CX 321483 0.023772
321761 CX 321758 0.023772
321761 CX 321482 0.023772
321761 P2 323717 0.698000
321761 P2 321761 0.302000
321761 X0 321760 0.996863
321761 X0 321761 0.001046
321761 X0 321758 0.001046
321761 X0 321759 0.001046
321764 CX 321764 0.833595
321764 CX 322880 0.023772
321764 CX 322043 0.023772
321764 CX 323159 0.023772
321764 CX 322601 0.023772
321764 CX 323438 0.023772
321764 CX 322322 0.023772
321764 CX 323717 0.023772
321764 P2 321482 0.956000
321764 P2 321764 0.044000
321764 X0 322043 0.996863
321764 X0 321764 0.001046
321764 X0 322322 0.001046
321764 X0 322601 0.001046
322043 CX 323159 0.833595
322043 CX 322043 0.023772
322043 CX 322880 0.023772
322043 CX 321764 0.023772
322043 CX 323717 0.023772
322043 CX 322322 0.023772
322043 CX 323438 0.023772
322043 CX 322601 0.023772
322043 P2 321483 0.956000
322043 P2 322043 0.044000
322043 X0 321764 0.996863
322043 X0 322043 0.001046
322043 X0 322601 0.001046
322043 X0 322322 0.001046
322322 CX 322322 0.833595
322322 CX 323717 0.023772
322322 CX 322601 0.023772
322322 CX 323438 0.023772
322322 CX 322043 0.023772
322322 CX 323159 0.023772
322322 CX 321764 0.023772
322322 CX 322880 0.023772
322322 P2 321484 0.956000
322322 P2 322322 0.044000
322322 X0 322601 0.996863
322322 X0 322322 0.001046
322322 X0 321764 0.001046
322322 X0 322043 0.001046
322601 CX 323438 0.833595
322601 CX 322601 0.023772
322601 CX 323717 0.023772
322601 CX 322322 0.023772
322601 CX 322880 0.023772
322601 CX 321764 0.023772
322601 CX 323159 0.023772
322601 CX 322043 0.023772
322601 P2 321485 0.956000
322601 P2 322601 0.044000
322601 X0 322322 0.996863
322601 X0 322601 0.001046
322601 X0 322043 0.001046
322601 X0 321764 0.001046
322880 CX 322880 0.833595
322880 CX 321764 0.023772
322880 CX 323159 0.023772
322880 CX 322043 0.023772
322880 CX 323438 0.023772
322880 CX 322601 0.023772
322880 CX 323717 0.023772
322880 CX 322322 0.023772
322880 P2 322880 0.698000
322880 P2 321758 0.302000
322880 X0 323159 0.996863
322880 X0 322880 0.001046
322880 X0 323717 0.001046
322880 X0 323438 0.001046
323159 CX 322043 0.833595
323159 CX 323159 0.023772
323159 CX 321764 0.023772
323159 CX 322880 0.023772
323159 CX 322322 0.023772
323159 CX 323717 0.023772
323159 CX 322601 0.023772
323159 CX 323438 0.023772
323159 P2 323159 0.698000
323159 P2 321759 0.302000
323159 X0 322880 0.996863
323159 X0 323159 0.001046
323159 X0 323438 0.001046
323159 X0 323717 0.001046
323438 CX 322601 0.833595
323438 CX 323438 0.023772
323438 CX 322322 0.023772
323438 CX 323717 0.023772
323438 CX 321764 0.023772
323438 CX 322880 0.023772
323438 CX 322043 0.023772
323438 CX 323159 0.023772
323438 P2 323438 0.698000
323438 P2 321760 0.302000
323438 X0 323717 0.996863
323438 X0 323438 0.001046
323438 X0 323159 0.001046
323438 X0 322880 0.001046
323717 CX 323717 0.833595
323717 CX 322322 0.023772
323717 CX 323438 0.023772
323717 CX 322601 0.023772
323717 CX 323159 0.023772
323717 CX 322043 0.023772
323717 CX 322880 0.023772
323717 CX 321764 0.023772
323717 P2 323717 0.698000
323717 P2 321761 0.302000
323717 X0 323438 0.996863
323717 X0 323717 0.001046
323717 X0 322880 0.001046
323717 X0 323159 0.001046
ENDPOMDP
