BEGINPOMDP
INITIALSTATE: 245576
STATES: 245856,245859,247812,245855,245576,245577,245578,245579,245580,246696,247533,246417,247254,246138,245853,245854,246975
REWARDS: 245856:1.0,245859:1.0,247812:1.0,245855:0.0,245576:0.0,245577:1.0,245578:0.0,245579:1.0,245580:0.0,246696:0.0,247533:0.0,246417:1.0,247254:0.0,246138:0.0,245853:1.0,245854:0.0,246975:1.0
GAMMA: 245856:0,245859:1,247812:1,245855:0,245576:0,245577:0,245578:0,245579:0,245580:0,246696:1,247533:1,246417:1,247254:1,246138:1,245853:0,245854:0,246975:1
BEGINACTIONS
CX
P2
X0
ENDACTIONS
245576 INIT_ 245577 0.250000
245576 INIT_ 245578 0.250000
245576 INIT_ 245579 0.250000
245576 INIT_ 245580 0.250000
245577 CX 245577 0.960521
245577 CX 245853 0.005640
245577 CX 245578 0.005640
245577 CX 245854 0.005640
245577 CX 245580 0.005640
245577 CX 245855 0.005640
245577 CX 245579 0.005640
245577 CX 245856 0.005640
245577 P2 245577 0.950000
245577 P2 245859 0.050000
245577 X0 245578 0.998863
245577 X0 245577 0.000379
245577 X0 245579 0.000379
245577 X0 245580 0.000379
245578 CX 245854 0.960521
245578 CX 245578 0.005640
245578 CX 245853 0.005640
245578 CX 245577 0.005640
245578 CX 245856 0.005640
245578 CX 245579 0.005640
245578 CX 245855 0.005640
245578 CX 245580 0.005640
245578 P2 245578 0.950000
245578 P2 246138 0.050000
245578 X0 245577 0.998863
245578 X0 245578 0.000379
245578 X0 245580 0.000379
245578 X0 245579 0.000379
245579 CX 245579 0.960521
245579 CX 245856 0.005640
245579 CX 245580 0.005640
245579 CX 245855 0.005640
245579 CX 245578 0.005640
245579 CX 245854 0.005640
245579 CX 245577 0.005640
245579 CX 245853 0.005640
245579 P2 245579 0.950000
245579 P2 246417 0.050000
245579 X0 245580 0.998863
245579 X0 245579 0.000379
245579 X0 245577 0.000379
245579 X0 245578 0.000379
245580 CX 245855 0.960521
245580 CX 245580 0.005640
245580 CX 245856 0.005640
245580 CX 245579 0.005640
245580 CX 245853 0.005640
245580 CX 245577 0.005640
245580 CX 245854 0.005640
245580 CX 245578 0.005640
245580 P2 245580 0.950000
245580 P2 246696 0.050000
245580 X0 245579 0.998863
245580 X0 245580 0.000379
245580 X0 245578 0.000379
245580 X0 245577 0.000379
245853 CX 245853 0.960521
245853 CX 245577 0.005640
245853 CX 245854 0.005640
245853 CX 245578 0.005640
245853 CX 245855 0.005640
245853 CX 245580 0.005640
245853 CX 245856 0.005640
245853 CX 245579 0.005640
245853 P2 246975 0.943333
245853 P2 245853 0.056667
245853 X0 245854 0.998863
245853 X0 245853 0.000379
245853 X0 245856 0.000379
245853 X0 245855 0.000379
245854 CX 245578 0.960521
245854 CX 245854 0.005640
245854 CX 245577 0.005640
245854 CX 245853 0.005640
245854 CX 245579 0.005640
245854 CX 245856 0.005640
245854 CX 245580 0.005640
245854 CX 245855 0.005640
245854 P2 247254 0.943333
245854 P2 245854 0.056667
245854 X0 245853 0.998863
245854 X0 245854 0.000379
245854 X0 245855 0.000379
245854 X0 245856 0.000379
245855 CX 245580 0.960521
245855 CX 245855 0.005640
245855 CX 245579 0.005640
245855 CX 245856 0.005640
245855 CX 245577 0.005640
245855 CX 245853 0.005640
245855 CX 245578 0.005640
245855 CX 245854 0.005640
245855 P2 247533 0.943333
245855 P2 245855 0.056667
245855 X0 245856 0.998863
245855 X0 245855 0.000379
245855 X0 245854 0.000379
245855 X0 245853 0.000379
245856 CX 245856 0.960521
245856 CX 245579 0.005640
245856 CX 245855 0.005640
245856 CX 245580 0.005640
245856 CX 245854 0.005640
245856 CX 245578 0.005640
245856 CX 245853 0.005640
245856 CX 245577 0.005640
245856 P2 247812 0.943333
245856 P2 245856 0.056667
245856 X0 245855 0.998863
245856 X0 245856 0.000379
245856 X0 245853 0.000379
245856 X0 245854 0.000379
245859 CX 245859 0.960521
245859 CX 246975 0.005640
245859 CX 246138 0.005640
245859 CX 247254 0.005640
245859 CX 246696 0.005640
245859 CX 247533 0.005640
245859 CX 246417 0.005640
245859 CX 247812 0.005640
245859 P2 245577 0.950000
245859 P2 245859 0.050000
245859 X0 246138 0.998863
245859 X0 245859 0.000379
245859 X0 246417 0.000379
245859 X0 246696 0.000379
246138 CX 247254 0.960521
246138 CX 246138 0.005640
246138 CX 246975 0.005640
246138 CX 245859 0.005640
246138 CX 247812 0.005640
246138 CX 246417 0.005640
246138 CX 247533 0.005640
246138 CX 246696 0.005640
246138 P2 245578 0.950000
246138 P2 246138 0.050000
246138 X0 245859 0.998863
246138 X0 246138 0.000379
246138 X0 246696 0.000379
246138 X0 246417 0.000379
246417 CX 246417 0.960521
246417 CX 247812 0.005640
246417 CX 246696 0.005640
246417 CX 247533 0.005640
246417 CX 246138 0.005640
246417 CX 247254 0.005640
246417 CX 245859 0.005640
246417 CX 246975 0.005640
246417 P2 245579 0.950000
246417 P2 246417 0.050000
246417 X0 246696 0.998863
246417 X0 246417 0.000379
246417 X0 245859 0.000379
246417 X0 246138 0.000379
246696 CX 247533 0.960521
246696 CX 246696 0.005640
246696 CX 247812 0.005640
246696 CX 246417 0.005640
246696 CX 246975 0.005640
246696 CX 245859 0.005640
246696 CX 247254 0.005640
246696 CX 246138 0.005640
246696 P2 245580 0.950000
246696 P2 246696 0.050000
246696 X0 246417 0.998863
246696 X0 246696 0.000379
246696 X0 246138 0.000379
246696 X0 245859 0.000379
246975 CX 246975 0.960521
246975 CX 245859 0.005640
246975 CX 247254 0.005640
246975 CX 246138 0.005640
246975 CX 247533 0.005640
246975 CX 246696 0.005640
246975 CX 247812 0.005640
246975 CX 246417 0.005640
246975 P2 246975 0.943333
246975 P2 245853 0.056667
246975 X0 247254 0.998863
246975 X0 246975 0.000379
246975 X0 247812 0.000379
246975 X0 247533 0.000379
247254 CX 246138 0.960521
247254 CX 247254 0.005640
247254 CX 245859 0.005640
247254 CX 246975 0.005640
247254 CX 246417 0.005640
247254 CX 247812 0.005640
247254 CX 246696 0.005640
247254 CX 247533 0.005640
247254 P2 247254 0.943333
247254 P2 245854 0.056667
247254 X0 246975 0.998863
247254 X0 247254 0.000379
247254 X0 247533 0.000379
247254 X0 247812 0.000379
247533 CX 246696 0.960521
247533 CX 247533 0.005640
247533 CX 246417 0.005640
247533 CX 247812 0.005640
247533 CX 245859 0.005640
247533 CX 246975 0.005640
247533 CX 246138 0.005640
247533 CX 247254 0.005640
247533 P2 247533 0.943333
247533 P2 245855 0.056667
247533 X0 247812 0.998863
247533 X0 247533 0.000379
247533 X0 247254 0.000379
247533 X0 246975 0.000379
247812 CX 247812 0.960521
247812 CX 246417 0.005640
247812 CX 247533 0.005640
247812 CX 246696 0.005640
247812 CX 247254 0.005640
247812 CX 246138 0.005640
247812 CX 246975 0.005640
247812 CX 245859 0.005640
247812 P2 247812 0.943333
247812 P2 245856 0.056667
247812 X0 247533 0.998863
247812 X0 247812 0.000379
247812 X0 246975 0.000379
247812 X0 247254 0.000379
ENDPOMDP
