BEGINPOMDP
INITIALSTATE: 227716
STATES: 229952,227716,227717,227718,227719,227720,228836,229673,227995,228557,229394,228278,227993,227994,229115,227996,227999
REWARDS: 229952:1.0,227716:0.0,227717:1.0,227718:0.0,227719:1.0,227720:0.0,228836:0.0,229673:0.0,227995:0.0,228557:1.0,229394:0.0,228278:0.0,227993:1.0,227994:0.0,229115:1.0,227996:1.0,227999:1.0
GAMMA: 229952:1,227716:0,227717:0,227718:0,227719:0,227720:0,228836:1,229673:1,227995:0,228557:1,229394:1,228278:1,227993:0,227994:0,229115:1,227996:0,227999:1
BEGINACTIONS
CX
P2
X0
ENDACTIONS
227716 INIT_ 227717 0.250000
227716 INIT_ 227718 0.250000
227716 INIT_ 227719 0.250000
227716 INIT_ 227720 0.250000
227717 CX 227717 0.948138
227717 CX 227993 0.007409
227717 CX 227718 0.007409
227717 CX 227994 0.007409
227717 CX 227720 0.007409
227717 CX 227995 0.007409
227717 CX 227719 0.007409
227717 CX 227996 0.007409
227717 P2 227717 0.990200
227717 P2 227999 0.009800
227717 X0 227718 0.994457
227717 X0 227717 0.001848
227717 X0 227719 0.001848
227717 X0 227720 0.001848
227718 CX 227994 0.948138
227718 CX 227718 0.007409
227718 CX 227993 0.007409
227718 CX 227717 0.007409
227718 CX 227996 0.007409
227718 CX 227719 0.007409
227718 CX 227995 0.007409
227718 CX 227720 0.007409
227718 P2 227718 0.990200
227718 P2 228278 0.009800
227718 X0 227717 0.994457
227718 X0 227718 0.001848
227718 X0 227720 0.001848
227718 X0 227719 0.001848
227719 CX 227719 0.948138
227719 CX 227996 0.007409
227719 CX 227720 0.007409
227719 CX 227995 0.007409
227719 CX 227718 0.007409
227719 CX 227994 0.007409
227719 CX 227717 0.007409
227719 CX 227993 0.007409
227719 P2 227719 0.990200
227719 P2 228557 0.009800
227719 X0 227720 0.994457
227719 X0 227719 0.001848
227719 X0 227717 0.001848
227719 X0 227718 0.001848
227720 CX 227995 0.948138
227720 CX 227720 0.007409
227720 CX 227996 0.007409
227720 CX 227719 0.007409
227720 CX 227993 0.007409
227720 CX 227717 0.007409
227720 CX 227994 0.007409
227720 CX 227718 0.007409
227720 P2 227720 0.990200
227720 P2 228836 0.009800
227720 X0 227719 0.994457
227720 X0 227720 0.001848
227720 X0 227718 0.001848
227720 X0 227717 0.001848
227993 CX 227993 0.948138
227993 CX 227717 0.007409
227993 CX 227994 0.007409
227993 CX 227718 0.007409
227993 CX 227995 0.007409
227993 CX 227720 0.007409
227993 CX 227996 0.007409
227993 CX 227719 0.007409
227993 P2 229115 0.974800
227993 P2 227993 0.025200
227993 X0 227994 0.994457
227993 X0 227993 0.001848
227993 X0 227996 0.001848
227993 X0 227995 0.001848
227994 CX 227718 0.948138
227994 CX 227994 0.007409
227994 CX 227717 0.007409
227994 CX 227993 0.007409
227994 CX 227719 0.007409
227994 CX 227996 0.007409
227994 CX 227720 0.007409
227994 CX 227995 0.007409
227994 P2 229394 0.974800
227994 P2 227994 0.025200
227994 X0 227993 0.994457
227994 X0 227994 0.001848
227994 X0 227995 0.001848
227994 X0 227996 0.001848
227995 CX 227720 0.948138
227995 CX 227995 0.007409
227995 CX 227719 0.007409
227995 CX 227996 0.007409
227995 CX 227717 0.007409
227995 CX 227993 0.007409
227995 CX 227718 0.007409
227995 CX 227994 0.007409
227995 P2 229673 0.974800
227995 P2 227995 0.025200
227995 X0 227996 0.994457
227995 X0 227995 0.001848
227995 X0 227994 0.001848
227995 X0 227993 0.001848
227996 CX 227996 0.948138
227996 CX 227719 0.007409
227996 CX 227995 0.007409
227996 CX 227720 0.007409
227996 CX 227994 0.007409
227996 CX 227718 0.007409
227996 CX 227993 0.007409
227996 CX 227717 0.007409
227996 P2 229952 0.974800
227996 P2 227996 0.025200
227996 X0 227995 0.994457
227996 X0 227996 0.001848
227996 X0 227993 0.001848
227996 X0 227994 0.001848
227999 CX 227999 0.948138
227999 CX 229115 0.007409
227999 CX 228278 0.007409
227999 CX 229394 0.007409
227999 CX 228836 0.007409
227999 CX 229673 0.007409
227999 CX 228557 0.007409
227999 CX 229952 0.007409
227999 P2 227717 0.990200
227999 P2 227999 0.009800
227999 X0 228278 0.994457
227999 X0 227999 0.001848
227999 X0 228557 0.001848
227999 X0 228836 0.001848
228278 CX 229394 0.948138
228278 CX 228278 0.007409
228278 CX 229115 0.007409
228278 CX 227999 0.007409
228278 CX 229952 0.007409
228278 CX 228557 0.007409
228278 CX 229673 0.007409
228278 CX 228836 0.007409
228278 P2 227718 0.990200
228278 P2 228278 0.009800
228278 X0 227999 0.994457
228278 X0 228278 0.001848
228278 X0 228836 0.001848
228278 X0 228557 0.001848
228557 CX 228557 0.948138
228557 CX 229952 0.007409
228557 CX 228836 0.007409
228557 CX 229673 0.007409
228557 CX 228278 0.007409
228557 CX 229394 0.007409
228557 CX 227999 0.007409
228557 CX 229115 0.007409
228557 P2 227719 0.990200
228557 P2 228557 0.009800
228557 X0 228836 0.994457
228557 X0 228557 0.001848
228557 X0 227999 0.001848
228557 X0 228278 0.001848
228836 CX 229673 0.948138
228836 CX 228836 0.007409
228836 CX 229952 0.007409
228836 CX 228557 0.007409
228836 CX 229115 0.007409
228836 CX 227999 0.007409
228836 CX 229394 0.007409
228836 CX 228278 0.007409
228836 P2 227720 0.990200
228836 P2 228836 0.009800
228836 X0 228557 0.994457
228836 X0 228836 0.001848
228836 X0 228278 0.001848
228836 X0 227999 0.001848
229115 CX 229115 0.948138
229115 CX 227999 0.007409
229115 CX 229394 0.007409
229115 CX 228278 0.007409
229115 CX 229673 0.007409
229115 CX 228836 0.007409
229115 CX 229952 0.007409
229115 CX 228557 0.007409
229115 P2 229115 0.974800
229115 P2 227993 0.025200
229115 X0 229394 0.994457
229115 X0 229115 0.001848
229115 X0 229952 0.001848
229115 X0 229673 0.001848
229394 CX 228278 0.948138
229394 CX 229394 0.007409
229394 CX 227999 0.007409
229394 CX 229115 0.007409
229394 CX 228557 0.007409
229394 CX 229952 0.007409
229394 CX 228836 0.007409
229394 CX 229673 0.007409
229394 P2 229394 0.974800
229394 P2 227994 0.025200
229394 X0 229115 0.994457
229394 X0 229394 0.001848
229394 X0 229673 0.001848
229394 X0 229952 0.001848
229673 CX 228836 0.948138
229673 CX 229673 0.007409
229673 CX 228557 0.007409
229673 CX 229952 0.007409
229673 CX 227999 0.007409
229673 CX 229115 0.007409
229673 CX 228278 0.007409
229673 CX 229394 0.007409
229673 P2 229673 0.974800
229673 P2 227995 0.025200
229673 X0 229952 0.994457
229673 X0 229673 0.001848
229673 X0 229394 0.001848
229673 X0 229115 0.001848
229952 CX 229952 0.948138
229952 CX 228557 0.007409
229952 CX 229673 0.007409
229952 CX 228836 0.007409
229952 CX 229394 0.007409
229952 CX 228278 0.007409
229952 CX 229115 0.007409
229952 CX 227999 0.007409
229952 P2 229952 0.974800
229952 P2 227996 0.025200
229952 X0 229673 0.994457
229952 X0 229952 0.001848
229952 X0 229115 0.001848
229952 X0 229394 0.001848
ENDPOMDP
