BEGINPOMDP
INITIALSTATE: 890322
STATES: 890322,890323,890324,890325,890326,890343,890344,890345,890346,890347,890348,890349,890350,890369,890408,890447,890486,890507,890508,890509,890510,890799,890800,890801,890802,890803,890804,890805,890806,890977,891016,891055,891094
TARGETV: 890323,890325,890369,890447,890507,890510,890977,891094
GAMMA: 890322:0,890323:0,890324:0,890325:0,890326:0,890343:0,890344:0,890345:0,890346:0,890347:0,890348:0,890349:0,890350:0,890369:1,890408:1,890447:1,890486:1,890507:0,890508:0,890509:0,890510:0,890799:1,890800:1,890801:1,890802:1,890803:1,890804:1,890805:1,890806:1,890977:1,891016:1,891055:1,891094:1
BEGINACTIONS
CX02
CX12
P2
X0
ENDACTIONS
890322 INIT_ 890323 0.250000
890322 INIT_ 890324 0.250000
890322 INIT_ 890325 0.250000
890322 INIT_ 890326 0.250000
890323 CX02 890343 0.977463
890323 CX02 890344 0.003220
890323 CX02 890345 0.003220
890323 CX02 890346 0.003220
890323 CX02 890347 0.003220
890323 CX02 890348 0.003220
890323 CX02 890349 0.003220
890323 CX02 890350 0.003220
890323 CX12 890343 0.987096
890323 CX12 890344 0.001843
890323 CX12 890345 0.001843
890323 CX12 890346 0.001843
890323 CX12 890348 0.001843
890323 CX12 890347 0.001843
890323 CX12 890350 0.001843
890323 CX12 890349 0.001843
890323 P2 890323 0.993333
890323 P2 890369 0.006667
890323 X0 890324 0.997852
890323 X0 890323 0.000716
890323 X0 890325 0.000716
890323 X0 890326 0.000716
890324 CX02 890348 0.977463
890324 CX02 890347 0.003220
890324 CX02 890350 0.003220
890324 CX02 890349 0.003220
890324 CX02 890344 0.003220
890324 CX02 890343 0.003220
890324 CX02 890346 0.003220
890324 CX02 890345 0.003220
890324 CX12 890347 0.987096
890324 CX12 890348 0.001843
890324 CX12 890349 0.001843
890324 CX12 890350 0.001843
890324 CX12 890344 0.001843
890324 CX12 890343 0.001843
890324 CX12 890346 0.001843
890324 CX12 890345 0.001843
890324 P2 890324 0.993333
890324 P2 890408 0.006667
890324 X0 890323 0.997852
890324 X0 890324 0.000716
890324 X0 890326 0.000716
890324 X0 890325 0.000716
890325 CX02 890346 0.977463
890325 CX02 890345 0.003220
890325 CX02 890344 0.003220
890325 CX02 890343 0.003220
890325 CX02 890350 0.003220
890325 CX02 890349 0.003220
890325 CX02 890348 0.003220
890325 CX02 890347 0.003220
890325 CX12 890346 0.987096
890325 CX12 890345 0.001843
890325 CX12 890344 0.001843
890325 CX12 890343 0.001843
890325 CX12 890349 0.001843
890325 CX12 890350 0.001843
890325 CX12 890347 0.001843
890325 CX12 890348 0.001843
890325 P2 890325 0.993333
890325 P2 890447 0.006667
890325 X0 890326 0.997852
890325 X0 890325 0.000716
890325 X0 890323 0.000716
890325 X0 890324 0.000716
890326 CX02 890349 0.977463
890326 CX02 890350 0.003220
890326 CX02 890347 0.003220
890326 CX02 890348 0.003220
890326 CX02 890345 0.003220
890326 CX02 890346 0.003220
890326 CX02 890343 0.003220
890326 CX02 890344 0.003220
890326 CX12 890350 0.987096
890326 CX12 890349 0.001843
890326 CX12 890348 0.001843
890326 CX12 890347 0.001843
890326 CX12 890345 0.001843
890326 CX12 890346 0.001843
890326 CX12 890343 0.001843
890326 CX12 890344 0.001843
890326 P2 890326 0.993333
890326 P2 890486 0.006667
890326 X0 890325 0.997852
890326 X0 890326 0.000716
890326 X0 890324 0.000716
890326 X0 890323 0.000716
890343 CX02 890323 0.977463
890343 CX02 890507 0.003220
890343 CX02 890324 0.003220
890343 CX02 890508 0.003220
890343 CX02 890326 0.003220
890343 CX02 890509 0.003220
890343 CX02 890325 0.003220
890343 CX02 890510 0.003220
890343 CX12 890323 0.987096
890343 CX12 890507 0.001843
890343 CX12 890324 0.001843
890343 CX12 890508 0.001843
890343 CX12 890326 0.001843
890343 CX12 890509 0.001843
890343 CX12 890325 0.001843
890343 CX12 890510 0.001843
890343 X0 890347 0.997852
890343 X0 890343 0.000716
890343 X0 890346 0.000716
890343 X0 890350 0.000716
890344 CX02 890507 0.977463
890344 CX02 890323 0.003220
890344 CX02 890508 0.003220
890344 CX02 890324 0.003220
890344 CX02 890509 0.003220
890344 CX02 890326 0.003220
890344 CX02 890510 0.003220
890344 CX02 890325 0.003220
890344 CX12 890507 0.987096
890344 CX12 890323 0.001843
890344 CX12 890508 0.001843
890344 CX12 890324 0.001843
890344 CX12 890509 0.001843
890344 CX12 890326 0.001843
890344 CX12 890510 0.001843
890344 CX12 890325 0.001843
890344 X0 890348 0.997852
890344 X0 890344 0.000716
890344 X0 890345 0.000716
890344 X0 890349 0.000716
890345 CX02 890510 0.977463
890345 CX02 890325 0.003220
890345 CX02 890509 0.003220
890345 CX02 890326 0.003220
890345 CX02 890508 0.003220
890345 CX02 890324 0.003220
890345 CX02 890507 0.003220
890345 CX02 890323 0.003220
890345 CX12 890510 0.987096
890345 CX12 890325 0.001843
890345 CX12 890509 0.001843
890345 CX12 890326 0.001843
890345 CX12 890508 0.001843
890345 CX12 890324 0.001843
890345 CX12 890507 0.001843
890345 CX12 890323 0.001843
890345 X0 890349 0.997852
890345 X0 890345 0.000716
890345 X0 890344 0.000716
890345 X0 890348 0.000716
890346 CX02 890325 0.977463
890346 CX02 890510 0.003220
890346 CX02 890326 0.003220
890346 CX02 890509 0.003220
890346 CX02 890324 0.003220
890346 CX02 890508 0.003220
890346 CX02 890323 0.003220
890346 CX02 890507 0.003220
890346 CX12 890325 0.987096
890346 CX12 890510 0.001843
890346 CX12 890326 0.001843
890346 CX12 890509 0.001843
890346 CX12 890324 0.001843
890346 CX12 890508 0.001843
890346 CX12 890323 0.001843
890346 CX12 890507 0.001843
890346 X0 890350 0.997852
890346 X0 890346 0.000716
890346 X0 890343 0.000716
890346 X0 890347 0.000716
890347 CX02 890508 0.977463
890347 CX02 890324 0.003220
890347 CX02 890507 0.003220
890347 CX02 890323 0.003220
890347 CX02 890510 0.003220
890347 CX02 890325 0.003220
890347 CX02 890509 0.003220
890347 CX02 890326 0.003220
890347 CX12 890324 0.987096
890347 CX12 890508 0.001843
890347 CX12 890323 0.001843
890347 CX12 890507 0.001843
890347 CX12 890325 0.001843
890347 CX12 890510 0.001843
890347 CX12 890326 0.001843
890347 CX12 890509 0.001843
890347 X0 890343 0.997852
890347 X0 890347 0.000716
890347 X0 890350 0.000716
890347 X0 890346 0.000716
890348 CX02 890324 0.977463
890348 CX02 890508 0.003220
890348 CX02 890323 0.003220
890348 CX02 890507 0.003220
890348 CX02 890325 0.003220
890348 CX02 890510 0.003220
890348 CX02 890326 0.003220
890348 CX02 890509 0.003220
890348 CX12 890508 0.987096
890348 CX12 890324 0.001843
890348 CX12 890507 0.001843
890348 CX12 890323 0.001843
890348 CX12 890510 0.001843
890348 CX12 890325 0.001843
890348 CX12 890509 0.001843
890348 CX12 890326 0.001843
890348 X0 890344 0.997852
890348 X0 890348 0.000716
890348 X0 890349 0.000716
890348 X0 890345 0.000716
890349 CX02 890326 0.977463
890349 CX02 890509 0.003220
890349 CX02 890325 0.003220
890349 CX02 890510 0.003220
890349 CX02 890323 0.003220
890349 CX02 890507 0.003220
890349 CX02 890324 0.003220
890349 CX02 890508 0.003220
890349 CX12 890509 0.987096
890349 CX12 890326 0.001843
890349 CX12 890510 0.001843
890349 CX12 890325 0.001843
890349 CX12 890507 0.001843
890349 CX12 890323 0.001843
890349 CX12 890508 0.001843
890349 CX12 890324 0.001843
890349 X0 890345 0.997852
890349 X0 890349 0.000716
890349 X0 890348 0.000716
890349 X0 890344 0.000716
890350 CX02 890509 0.977463
890350 CX02 890326 0.003220
890350 CX02 890510 0.003220
890350 CX02 890325 0.003220
890350 CX02 890507 0.003220
890350 CX02 890323 0.003220
890350 CX02 890508 0.003220
890350 CX02 890324 0.003220
890350 CX12 890326 0.987096
890350 CX12 890509 0.001843
890350 CX12 890325 0.001843
890350 CX12 890510 0.001843
890350 CX12 890323 0.001843
890350 CX12 890507 0.001843
890350 CX12 890324 0.001843
890350 CX12 890508 0.001843
890350 X0 890346 0.997852
890350 X0 890350 0.000716
890350 X0 890347 0.000716
890350 X0 890343 0.000716
890369 CX02 890799 0.977463
890369 CX02 890800 0.003220
890369 CX02 890801 0.003220
890369 CX02 890802 0.003220
890369 CX02 890803 0.003220
890369 CX02 890804 0.003220
890369 CX02 890805 0.003220
890369 CX02 890806 0.003220
890369 CX12 890799 0.987096
890369 CX12 890800 0.001843
890369 CX12 890801 0.001843
890369 CX12 890802 0.001843
890369 CX12 890804 0.001843
890369 CX12 890803 0.001843
890369 CX12 890806 0.001843
890369 CX12 890805 0.001843
890369 P2 890323 0.993333
890369 P2 890369 0.006667
890369 X0 890408 0.997852
890369 X0 890369 0.000716
890369 X0 890447 0.000716
890369 X0 890486 0.000716
890408 CX02 890804 0.977463
890408 CX02 890803 0.003220
890408 CX02 890806 0.003220
890408 CX02 890805 0.003220
890408 CX02 890800 0.003220
890408 CX02 890799 0.003220
890408 CX02 890802 0.003220
890408 CX02 890801 0.003220
890408 CX12 890803 0.987096
890408 CX12 890804 0.001843
890408 CX12 890805 0.001843
890408 CX12 890806 0.001843
890408 CX12 890800 0.001843
890408 CX12 890799 0.001843
890408 CX12 890802 0.001843
890408 CX12 890801 0.001843
890408 P2 890324 0.993333
890408 P2 890408 0.006667
890408 X0 890369 0.997852
890408 X0 890408 0.000716
890408 X0 890486 0.000716
890408 X0 890447 0.000716
890447 CX02 890802 0.977463
890447 CX02 890801 0.003220
890447 CX02 890800 0.003220
890447 CX02 890799 0.003220
890447 CX02 890806 0.003220
890447 CX02 890805 0.003220
890447 CX02 890804 0.003220
890447 CX02 890803 0.003220
890447 CX12 890802 0.987096
890447 CX12 890801 0.001843
890447 CX12 890800 0.001843
890447 CX12 890799 0.001843
890447 CX12 890805 0.001843
890447 CX12 890806 0.001843
890447 CX12 890803 0.001843
890447 CX12 890804 0.001843
890447 P2 890325 0.993333
890447 P2 890447 0.006667
890447 X0 890486 0.997852
890447 X0 890447 0.000716
890447 X0 890369 0.000716
890447 X0 890408 0.000716
890486 CX02 890805 0.977463
890486 CX02 890806 0.003220
890486 CX02 890803 0.003220
890486 CX02 890804 0.003220
890486 CX02 890801 0.003220
890486 CX02 890802 0.003220
890486 CX02 890799 0.003220
890486 CX02 890800 0.003220
890486 CX12 890806 0.987096
890486 CX12 890805 0.001843
890486 CX12 890804 0.001843
890486 CX12 890803 0.001843
890486 CX12 890801 0.001843
890486 CX12 890802 0.001843
890486 CX12 890799 0.001843
890486 CX12 890800 0.001843
890486 P2 890326 0.993333
890486 P2 890486 0.006667
890486 X0 890447 0.997852
890486 X0 890486 0.000716
890486 X0 890408 0.000716
890486 X0 890369 0.000716
890507 CX02 890344 0.977463
890507 CX02 890343 0.003220
890507 CX02 890346 0.003220
890507 CX02 890345 0.003220
890507 CX02 890348 0.003220
890507 CX02 890347 0.003220
890507 CX02 890350 0.003220
890507 CX02 890349 0.003220
890507 CX12 890344 0.987096
890507 CX12 890343 0.001843
890507 CX12 890346 0.001843
890507 CX12 890345 0.001843
890507 CX12 890347 0.001843
890507 CX12 890348 0.001843
890507 CX12 890349 0.001843
890507 CX12 890350 0.001843
890507 P2 890977 0.970000
890507 P2 890507 0.030000
890507 X0 890508 0.997852
890507 X0 890507 0.000716
890507 X0 890510 0.000716
890507 X0 890509 0.000716
890508 CX02 890347 0.977463
890508 CX02 890348 0.003220
890508 CX02 890349 0.003220
890508 CX02 890350 0.003220
890508 CX02 890343 0.003220
890508 CX02 890344 0.003220
890508 CX02 890345 0.003220
890508 CX02 890346 0.003220
890508 CX12 890348 0.987096
890508 CX12 890347 0.001843
890508 CX12 890350 0.001843
890508 CX12 890349 0.001843
890508 CX12 890343 0.001843
890508 CX12 890344 0.001843
890508 CX12 890345 0.001843
890508 CX12 890346 0.001843
890508 P2 891016 0.970000
890508 P2 890508 0.030000
890508 X0 890507 0.997852
890508 X0 890508 0.000716
890508 X0 890509 0.000716
890508 X0 890510 0.000716
890509 CX02 890350 0.977463
890509 CX02 890349 0.003220
890509 CX02 890348 0.003220
890509 CX02 890347 0.003220
890509 CX02 890346 0.003220
890509 CX02 890345 0.003220
890509 CX02 890344 0.003220
890509 CX02 890343 0.003220
890509 CX12 890349 0.987096
890509 CX12 890350 0.001843
890509 CX12 890347 0.001843
890509 CX12 890348 0.001843
890509 CX12 890346 0.001843
890509 CX12 890345 0.001843
890509 CX12 890344 0.001843
890509 CX12 890343 0.001843
890509 P2 891055 0.970000
890509 P2 890509 0.030000
890509 X0 890510 0.997852
890509 X0 890509 0.000716
890509 X0 890508 0.000716
890509 X0 890507 0.000716
890510 CX02 890345 0.977463
890510 CX02 890346 0.003220
890510 CX02 890343 0.003220
890510 CX02 890344 0.003220
890510 CX02 890349 0.003220
890510 CX02 890350 0.003220
890510 CX02 890347 0.003220
890510 CX02 890348 0.003220
890510 CX12 890345 0.987096
890510 CX12 890346 0.001843
890510 CX12 890343 0.001843
890510 CX12 890344 0.001843
890510 CX12 890350 0.001843
890510 CX12 890349 0.001843
890510 CX12 890348 0.001843
890510 CX12 890347 0.001843
890510 P2 891094 0.970000
890510 P2 890510 0.030000
890510 X0 890509 0.997852
890510 X0 890510 0.000716
890510 X0 890507 0.000716
890510 X0 890508 0.000716
890799 CX02 890369 0.977463
890799 CX02 890977 0.003220
890799 CX02 890408 0.003220
890799 CX02 891016 0.003220
890799 CX02 890486 0.003220
890799 CX02 891055 0.003220
890799 CX02 890447 0.003220
890799 CX02 891094 0.003220
890799 CX12 890369 0.987096
890799 CX12 890977 0.001843
890799 CX12 890408 0.001843
890799 CX12 891016 0.001843
890799 CX12 890486 0.001843
890799 CX12 891055 0.001843
890799 CX12 890447 0.001843
890799 CX12 891094 0.001843
890799 X0 890803 0.997852
890799 X0 890799 0.000716
890799 X0 890802 0.000716
890799 X0 890806 0.000716
890800 CX02 890977 0.977463
890800 CX02 890369 0.003220
890800 CX02 891016 0.003220
890800 CX02 890408 0.003220
890800 CX02 891055 0.003220
890800 CX02 890486 0.003220
890800 CX02 891094 0.003220
890800 CX02 890447 0.003220
890800 CX12 890977 0.987096
890800 CX12 890369 0.001843
890800 CX12 891016 0.001843
890800 CX12 890408 0.001843
890800 CX12 891055 0.001843
890800 CX12 890486 0.001843
890800 CX12 891094 0.001843
890800 CX12 890447 0.001843
890800 X0 890804 0.997852
890800 X0 890800 0.000716
890800 X0 890801 0.000716
890800 X0 890805 0.000716
890801 CX02 891094 0.977463
890801 CX02 890447 0.003220
890801 CX02 891055 0.003220
890801 CX02 890486 0.003220
890801 CX02 891016 0.003220
890801 CX02 890408 0.003220
890801 CX02 890977 0.003220
890801 CX02 890369 0.003220
890801 CX12 891094 0.987096
890801 CX12 890447 0.001843
890801 CX12 891055 0.001843
890801 CX12 890486 0.001843
890801 CX12 891016 0.001843
890801 CX12 890408 0.001843
890801 CX12 890977 0.001843
890801 CX12 890369 0.001843
890801 X0 890805 0.997852
890801 X0 890801 0.000716
890801 X0 890800 0.000716
890801 X0 890804 0.000716
890802 CX02 890447 0.977463
890802 CX02 891094 0.003220
890802 CX02 890486 0.003220
890802 CX02 891055 0.003220
890802 CX02 890408 0.003220
890802 CX02 891016 0.003220
890802 CX02 890369 0.003220
890802 CX02 890977 0.003220
890802 CX12 890447 0.987096
890802 CX12 891094 0.001843
890802 CX12 890486 0.001843
890802 CX12 891055 0.001843
890802 CX12 890408 0.001843
890802 CX12 891016 0.001843
890802 CX12 890369 0.001843
890802 CX12 890977 0.001843
890802 X0 890806 0.997852
890802 X0 890802 0.000716
890802 X0 890799 0.000716
890802 X0 890803 0.000716
890803 CX02 891016 0.977463
890803 CX02 890408 0.003220
890803 CX02 890977 0.003220
890803 CX02 890369 0.003220
890803 CX02 891094 0.003220
890803 CX02 890447 0.003220
890803 CX02 891055 0.003220
890803 CX02 890486 0.003220
890803 CX12 890408 0.987096
890803 CX12 891016 0.001843
890803 CX12 890369 0.001843
890803 CX12 890977 0.001843
890803 CX12 890447 0.001843
890803 CX12 891094 0.001843
890803 CX12 890486 0.001843
890803 CX12 891055 0.001843
890803 X0 890799 0.997852
890803 X0 890803 0.000716
890803 X0 890806 0.000716
890803 X0 890802 0.000716
890804 CX02 890408 0.977463
890804 CX02 891016 0.003220
890804 CX02 890369 0.003220
890804 CX02 890977 0.003220
890804 CX02 890447 0.003220
890804 CX02 891094 0.003220
890804 CX02 890486 0.003220
890804 CX02 891055 0.003220
890804 CX12 891016 0.987096
890804 CX12 890408 0.001843
890804 CX12 890977 0.001843
890804 CX12 890369 0.001843
890804 CX12 891094 0.001843
890804 CX12 890447 0.001843
890804 CX12 891055 0.001843
890804 CX12 890486 0.001843
890804 X0 890800 0.997852
890804 X0 890804 0.000716
890804 X0 890805 0.000716
890804 X0 890801 0.000716
890805 CX02 890486 0.977463
890805 CX02 891055 0.003220
890805 CX02 890447 0.003220
890805 CX02 891094 0.003220
890805 CX02 890369 0.003220
890805 CX02 890977 0.003220
890805 CX02 890408 0.003220
890805 CX02 891016 0.003220
890805 CX12 891055 0.987096
890805 CX12 890486 0.001843
890805 CX12 891094 0.001843
890805 CX12 890447 0.001843
890805 CX12 890977 0.001843
890805 CX12 890369 0.001843
890805 CX12 891016 0.001843
890805 CX12 890408 0.001843
890805 X0 890801 0.997852
890805 X0 890805 0.000716
890805 X0 890804 0.000716
890805 X0 890800 0.000716
890806 CX02 891055 0.977463
890806 CX02 890486 0.003220
890806 CX02 891094 0.003220
890806 CX02 890447 0.003220
890806 CX02 890977 0.003220
890806 CX02 890369 0.003220
890806 CX02 891016 0.003220
890806 CX02 890408 0.003220
890806 CX12 890486 0.987096
890806 CX12 891055 0.001843
890806 CX12 890447 0.001843
890806 CX12 891094 0.001843
890806 CX12 890369 0.001843
890806 CX12 890977 0.001843
890806 CX12 890408 0.001843
890806 CX12 891016 0.001843
890806 X0 890802 0.997852
890806 X0 890806 0.000716
890806 X0 890803 0.000716
890806 X0 890799 0.000716
890977 CX02 890800 0.977463
890977 CX02 890799 0.003220
890977 CX02 890802 0.003220
890977 CX02 890801 0.003220
890977 CX02 890804 0.003220
890977 CX02 890803 0.003220
890977 CX02 890806 0.003220
890977 CX02 890805 0.003220
890977 CX12 890800 0.987096
890977 CX12 890799 0.001843
890977 CX12 890802 0.001843
890977 CX12 890801 0.001843
890977 CX12 890803 0.001843
890977 CX12 890804 0.001843
890977 CX12 890805 0.001843
890977 CX12 890806 0.001843
890977 P2 890977 0.970000
890977 P2 890507 0.030000
890977 X0 891016 0.997852
890977 X0 890977 0.000716
890977 X0 891094 0.000716
890977 X0 891055 0.000716
891016 CX02 890803 0.977463
891016 CX02 890804 0.003220
891016 CX02 890805 0.003220
891016 CX02 890806 0.003220
891016 CX02 890799 0.003220
891016 CX02 890800 0.003220
891016 CX02 890801 0.003220
891016 CX02 890802 0.003220
891016 CX12 890804 0.987096
891016 CX12 890803 0.001843
891016 CX12 890806 0.001843
891016 CX12 890805 0.001843
891016 CX12 890799 0.001843
891016 CX12 890800 0.001843
891016 CX12 890801 0.001843
891016 CX12 890802 0.001843
891016 P2 891016 0.970000
891016 P2 890508 0.030000
891016 X0 890977 0.997852
891016 X0 891016 0.000716
891016 X0 891055 0.000716
891016 X0 891094 0.000716
891055 CX02 890806 0.977463
891055 CX02 890805 0.003220
891055 CX02 890804 0.003220
891055 CX02 890803 0.003220
891055 CX02 890802 0.003220
891055 CX02 890801 0.003220
891055 CX02 890800 0.003220
891055 CX02 890799 0.003220
891055 CX12 890805 0.987096
891055 CX12 890806 0.001843
891055 CX12 890803 0.001843
891055 CX12 890804 0.001843
891055 CX12 890802 0.001843
891055 CX12 890801 0.001843
891055 CX12 890800 0.001843
891055 CX12 890799 0.001843
891055 P2 891055 0.970000
891055 P2 890509 0.030000
891055 X0 891094 0.997852
891055 X0 891055 0.000716
891055 X0 891016 0.000716
891055 X0 890977 0.000716
891094 CX02 890801 0.977463
891094 CX02 890802 0.003220
891094 CX02 890799 0.003220
891094 CX02 890800 0.003220
891094 CX02 890805 0.003220
891094 CX02 890806 0.003220
891094 CX02 890803 0.003220
891094 CX02 890804 0.003220
891094 CX12 890801 0.987096
891094 CX12 890802 0.001843
891094 CX12 890799 0.001843
891094 CX12 890800 0.001843
891094 CX12 890806 0.001843
891094 CX12 890805 0.001843
891094 CX12 890804 0.001843
891094 CX12 890803 0.001843
891094 P2 891094 0.970000
891094 P2 890510 0.030000
891094 X0 891055 0.997852
891094 X0 891094 0.000716
891094 X0 890977 0.000716
891094 X0 891016 0.000716
ENDPOMDP
