BEGINPOMDP
INITIALSTATE: 883020
STATES: 883020,883021,883022,883023,883024,883041,883042,883043,883044,883045,883046,883047,883048,883067,883106,883145,883184,883205,883206,883207,883208,883497,883498,883499,883500,883501,883502,883503,883504,883675,883714,883753,883792
TARGETV: 883021,883023,883067,883145,883205,883208,883675,883792
GAMMA: 883020:0,883021:0,883022:0,883023:0,883024:0,883041:0,883042:0,883043:0,883044:0,883045:0,883046:0,883047:0,883048:0,883067:1,883106:1,883145:1,883184:1,883205:0,883206:0,883207:0,883208:0,883497:1,883498:1,883499:1,883500:1,883501:1,883502:1,883503:1,883504:1,883675:1,883714:1,883753:1,883792:1
BEGINACTIONS
CX02
CX12
P2
X0
ENDACTIONS
883020 INIT_ 883021 0.250000
883020 INIT_ 883022 0.250000
883020 INIT_ 883023 0.250000
883020 INIT_ 883024 0.250000
883021 CX02 883041 0.979312
883021 CX02 883042 0.002955
883021 CX02 883043 0.002955
883021 CX02 883044 0.002955
883021 CX02 883045 0.002955
883021 CX02 883046 0.002955
883021 CX02 883047 0.002955
883021 CX02 883048 0.002955
883021 CX12 883041 0.984339
883021 CX12 883042 0.002237
883021 CX12 883043 0.002237
883021 CX12 883044 0.002237
883021 CX12 883046 0.002237
883021 CX12 883045 0.002237
883021 CX12 883048 0.002237
883021 CX12 883047 0.002237
883021 P2 883021 0.986667
883021 P2 883067 0.013333
883021 X0 883022 0.997614
883021 X0 883021 0.000795
883021 X0 883023 0.000795
883021 X0 883024 0.000795
883022 CX02 883046 0.979312
883022 CX02 883045 0.002955
883022 CX02 883048 0.002955
883022 CX02 883047 0.002955
883022 CX02 883042 0.002955
883022 CX02 883041 0.002955
883022 CX02 883044 0.002955
883022 CX02 883043 0.002955
883022 CX12 883045 0.984339
883022 CX12 883046 0.002237
883022 CX12 883047 0.002237
883022 CX12 883048 0.002237
883022 CX12 883042 0.002237
883022 CX12 883041 0.002237
883022 CX12 883044 0.002237
883022 CX12 883043 0.002237
883022 P2 883022 0.986667
883022 P2 883106 0.013333
883022 X0 883021 0.997614
883022 X0 883022 0.000795
883022 X0 883024 0.000795
883022 X0 883023 0.000795
883023 CX02 883044 0.979312
883023 CX02 883043 0.002955
883023 CX02 883042 0.002955
883023 CX02 883041 0.002955
883023 CX02 883048 0.002955
883023 CX02 883047 0.002955
883023 CX02 883046 0.002955
883023 CX02 883045 0.002955
883023 CX12 883044 0.984339
883023 CX12 883043 0.002237
883023 CX12 883042 0.002237
883023 CX12 883041 0.002237
883023 CX12 883047 0.002237
883023 CX12 883048 0.002237
883023 CX12 883045 0.002237
883023 CX12 883046 0.002237
883023 P2 883023 0.986667
883023 P2 883145 0.013333
883023 X0 883024 0.997614
883023 X0 883023 0.000795
883023 X0 883021 0.000795
883023 X0 883022 0.000795
883024 CX02 883047 0.979312
883024 CX02 883048 0.002955
883024 CX02 883045 0.002955
883024 CX02 883046 0.002955
883024 CX02 883043 0.002955
883024 CX02 883044 0.002955
883024 CX02 883041 0.002955
883024 CX02 883042 0.002955
883024 CX12 883048 0.984339
883024 CX12 883047 0.002237
883024 CX12 883046 0.002237
883024 CX12 883045 0.002237
883024 CX12 883043 0.002237
883024 CX12 883044 0.002237
883024 CX12 883041 0.002237
883024 CX12 883042 0.002237
883024 P2 883024 0.986667
883024 P2 883184 0.013333
883024 X0 883023 0.997614
883024 X0 883024 0.000795
883024 X0 883022 0.000795
883024 X0 883021 0.000795
883041 CX02 883021 0.979312
883041 CX02 883205 0.002955
883041 CX02 883022 0.002955
883041 CX02 883206 0.002955
883041 CX02 883024 0.002955
883041 CX02 883207 0.002955
883041 CX02 883023 0.002955
883041 CX02 883208 0.002955
883041 CX12 883021 0.984339
883041 CX12 883205 0.002237
883041 CX12 883022 0.002237
883041 CX12 883206 0.002237
883041 CX12 883024 0.002237
883041 CX12 883207 0.002237
883041 CX12 883023 0.002237
883041 CX12 883208 0.002237
883041 X0 883045 0.997614
883041 X0 883041 0.000795
883041 X0 883044 0.000795
883041 X0 883048 0.000795
883042 CX02 883205 0.979312
883042 CX02 883021 0.002955
883042 CX02 883206 0.002955
883042 CX02 883022 0.002955
883042 CX02 883207 0.002955
883042 CX02 883024 0.002955
883042 CX02 883208 0.002955
883042 CX02 883023 0.002955
883042 CX12 883205 0.984339
883042 CX12 883021 0.002237
883042 CX12 883206 0.002237
883042 CX12 883022 0.002237
883042 CX12 883207 0.002237
883042 CX12 883024 0.002237
883042 CX12 883208 0.002237
883042 CX12 883023 0.002237
883042 X0 883046 0.997614
883042 X0 883042 0.000795
883042 X0 883043 0.000795
883042 X0 883047 0.000795
883043 CX02 883208 0.979312
883043 CX02 883023 0.002955
883043 CX02 883207 0.002955
883043 CX02 883024 0.002955
883043 CX02 883206 0.002955
883043 CX02 883022 0.002955
883043 CX02 883205 0.002955
883043 CX02 883021 0.002955
883043 CX12 883208 0.984339
883043 CX12 883023 0.002237
883043 CX12 883207 0.002237
883043 CX12 883024 0.002237
883043 CX12 883206 0.002237
883043 CX12 883022 0.002237
883043 CX12 883205 0.002237
883043 CX12 883021 0.002237
883043 X0 883047 0.997614
883043 X0 883043 0.000795
883043 X0 883042 0.000795
883043 X0 883046 0.000795
883044 CX02 883023 0.979312
883044 CX02 883208 0.002955
883044 CX02 883024 0.002955
883044 CX02 883207 0.002955
883044 CX02 883022 0.002955
883044 CX02 883206 0.002955
883044 CX02 883021 0.002955
883044 CX02 883205 0.002955
883044 CX12 883023 0.984339
883044 CX12 883208 0.002237
883044 CX12 883024 0.002237
883044 CX12 883207 0.002237
883044 CX12 883022 0.002237
883044 CX12 883206 0.002237
883044 CX12 883021 0.002237
883044 CX12 883205 0.002237
883044 X0 883048 0.997614
883044 X0 883044 0.000795
883044 X0 883041 0.000795
883044 X0 883045 0.000795
883045 CX02 883206 0.979312
883045 CX02 883022 0.002955
883045 CX02 883205 0.002955
883045 CX02 883021 0.002955
883045 CX02 883208 0.002955
883045 CX02 883023 0.002955
883045 CX02 883207 0.002955
883045 CX02 883024 0.002955
883045 CX12 883022 0.984339
883045 CX12 883206 0.002237
883045 CX12 883021 0.002237
883045 CX12 883205 0.002237
883045 CX12 883023 0.002237
883045 CX12 883208 0.002237
883045 CX12 883024 0.002237
883045 CX12 883207 0.002237
883045 X0 883041 0.997614
883045 X0 883045 0.000795
883045 X0 883048 0.000795
883045 X0 883044 0.000795
883046 CX02 883022 0.979312
883046 CX02 883206 0.002955
883046 CX02 883021 0.002955
883046 CX02 883205 0.002955
883046 CX02 883023 0.002955
883046 CX02 883208 0.002955
883046 CX02 883024 0.002955
883046 CX02 883207 0.002955
883046 CX12 883206 0.984339
883046 CX12 883022 0.002237
883046 CX12 883205 0.002237
883046 CX12 883021 0.002237
883046 CX12 883208 0.002237
883046 CX12 883023 0.002237
883046 CX12 883207 0.002237
883046 CX12 883024 0.002237
883046 X0 883042 0.997614
883046 X0 883046 0.000795
883046 X0 883047 0.000795
883046 X0 883043 0.000795
883047 CX02 883024 0.979312
883047 CX02 883207 0.002955
883047 CX02 883023 0.002955
883047 CX02 883208 0.002955
883047 CX02 883021 0.002955
883047 CX02 883205 0.002955
883047 CX02 883022 0.002955
883047 CX02 883206 0.002955
883047 CX12 883207 0.984339
883047 CX12 883024 0.002237
883047 CX12 883208 0.002237
883047 CX12 883023 0.002237
883047 CX12 883205 0.002237
883047 CX12 883021 0.002237
883047 CX12 883206 0.002237
883047 CX12 883022 0.002237
883047 X0 883043 0.997614
883047 X0 883047 0.000795
883047 X0 883046 0.000795
883047 X0 883042 0.000795
883048 CX02 883207 0.979312
883048 CX02 883024 0.002955
883048 CX02 883208 0.002955
883048 CX02 883023 0.002955
883048 CX02 883205 0.002955
883048 CX02 883021 0.002955
883048 CX02 883206 0.002955
883048 CX02 883022 0.002955
883048 CX12 883024 0.984339
883048 CX12 883207 0.002237
883048 CX12 883023 0.002237
883048 CX12 883208 0.002237
883048 CX12 883021 0.002237
883048 CX12 883205 0.002237
883048 CX12 883022 0.002237
883048 CX12 883206 0.002237
883048 X0 883044 0.997614
883048 X0 883048 0.000795
883048 X0 883045 0.000795
883048 X0 883041 0.000795
883067 CX02 883497 0.979312
883067 CX02 883498 0.002955
883067 CX02 883499 0.002955
883067 CX02 883500 0.002955
883067 CX02 883501 0.002955
883067 CX02 883502 0.002955
883067 CX02 883503 0.002955
883067 CX02 883504 0.002955
883067 CX12 883497 0.984339
883067 CX12 883498 0.002237
883067 CX12 883499 0.002237
883067 CX12 883500 0.002237
883067 CX12 883502 0.002237
883067 CX12 883501 0.002237
883067 CX12 883504 0.002237
883067 CX12 883503 0.002237
883067 P2 883021 0.986667
883067 P2 883067 0.013333
883067 X0 883106 0.997614
883067 X0 883067 0.000795
883067 X0 883145 0.000795
883067 X0 883184 0.000795
883106 CX02 883502 0.979312
883106 CX02 883501 0.002955
883106 CX02 883504 0.002955
883106 CX02 883503 0.002955
883106 CX02 883498 0.002955
883106 CX02 883497 0.002955
883106 CX02 883500 0.002955
883106 CX02 883499 0.002955
883106 CX12 883501 0.984339
883106 CX12 883502 0.002237
883106 CX12 883503 0.002237
883106 CX12 883504 0.002237
883106 CX12 883498 0.002237
883106 CX12 883497 0.002237
883106 CX12 883500 0.002237
883106 CX12 883499 0.002237
883106 P2 883022 0.986667
883106 P2 883106 0.013333
883106 X0 883067 0.997614
883106 X0 883106 0.000795
883106 X0 883184 0.000795
883106 X0 883145 0.000795
883145 CX02 883500 0.979312
883145 CX02 883499 0.002955
883145 CX02 883498 0.002955
883145 CX02 883497 0.002955
883145 CX02 883504 0.002955
883145 CX02 883503 0.002955
883145 CX02 883502 0.002955
883145 CX02 883501 0.002955
883145 CX12 883500 0.984339
883145 CX12 883499 0.002237
883145 CX12 883498 0.002237
883145 CX12 883497 0.002237
883145 CX12 883503 0.002237
883145 CX12 883504 0.002237
883145 CX12 883501 0.002237
883145 CX12 883502 0.002237
883145 P2 883023 0.986667
883145 P2 883145 0.013333
883145 X0 883184 0.997614
883145 X0 883145 0.000795
883145 X0 883067 0.000795
883145 X0 883106 0.000795
883184 CX02 883503 0.979312
883184 CX02 883504 0.002955
883184 CX02 883501 0.002955
883184 CX02 883502 0.002955
883184 CX02 883499 0.002955
883184 CX02 883500 0.002955
883184 CX02 883497 0.002955
883184 CX02 883498 0.002955
883184 CX12 883504 0.984339
883184 CX12 883503 0.002237
883184 CX12 883502 0.002237
883184 CX12 883501 0.002237
883184 CX12 883499 0.002237
883184 CX12 883500 0.002237
883184 CX12 883497 0.002237
883184 CX12 883498 0.002237
883184 P2 883024 0.986667
883184 P2 883184 0.013333
883184 X0 883145 0.997614
883184 X0 883184 0.000795
883184 X0 883106 0.000795
883184 X0 883067 0.000795
883205 CX02 883042 0.979312
883205 CX02 883041 0.002955
883205 CX02 883044 0.002955
883205 CX02 883043 0.002955
883205 CX02 883046 0.002955
883205 CX02 883045 0.002955
883205 CX02 883048 0.002955
883205 CX02 883047 0.002955
883205 CX12 883042 0.984339
883205 CX12 883041 0.002237
883205 CX12 883044 0.002237
883205 CX12 883043 0.002237
883205 CX12 883045 0.002237
883205 CX12 883046 0.002237
883205 CX12 883047 0.002237
883205 CX12 883048 0.002237
883205 P2 883675 0.850000
883205 P2 883205 0.150000
883205 X0 883206 0.997614
883205 X0 883205 0.000795
883205 X0 883208 0.000795
883205 X0 883207 0.000795
883206 CX02 883045 0.979312
883206 CX02 883046 0.002955
883206 CX02 883047 0.002955
883206 CX02 883048 0.002955
883206 CX02 883041 0.002955
883206 CX02 883042 0.002955
883206 CX02 883043 0.002955
883206 CX02 883044 0.002955
883206 CX12 883046 0.984339
883206 CX12 883045 0.002237
883206 CX12 883048 0.002237
883206 CX12 883047 0.002237
883206 CX12 883041 0.002237
883206 CX12 883042 0.002237
883206 CX12 883043 0.002237
883206 CX12 883044 0.002237
883206 P2 883714 0.850000
883206 P2 883206 0.150000
883206 X0 883205 0.997614
883206 X0 883206 0.000795
883206 X0 883207 0.000795
883206 X0 883208 0.000795
883207 CX02 883048 0.979312
883207 CX02 883047 0.002955
883207 CX02 883046 0.002955
883207 CX02 883045 0.002955
883207 CX02 883044 0.002955
883207 CX02 883043 0.002955
883207 CX02 883042 0.002955
883207 CX02 883041 0.002955
883207 CX12 883047 0.984339
883207 CX12 883048 0.002237
883207 CX12 883045 0.002237
883207 CX12 883046 0.002237
883207 CX12 883044 0.002237
883207 CX12 883043 0.002237
883207 CX12 883042 0.002237
883207 CX12 883041 0.002237
883207 P2 883753 0.850000
883207 P2 883207 0.150000
883207 X0 883208 0.997614
883207 X0 883207 0.000795
883207 X0 883206 0.000795
883207 X0 883205 0.000795
883208 CX02 883043 0.979312
883208 CX02 883044 0.002955
883208 CX02 883041 0.002955
883208 CX02 883042 0.002955
883208 CX02 883047 0.002955
883208 CX02 883048 0.002955
883208 CX02 883045 0.002955
883208 CX02 883046 0.002955
883208 CX12 883043 0.984339
883208 CX12 883044 0.002237
883208 CX12 883041 0.002237
883208 CX12 883042 0.002237
883208 CX12 883048 0.002237
883208 CX12 883047 0.002237
883208 CX12 883046 0.002237
883208 CX12 883045 0.002237
883208 P2 883792 0.850000
883208 P2 883208 0.150000
883208 X0 883207 0.997614
883208 X0 883208 0.000795
883208 X0 883205 0.000795
883208 X0 883206 0.000795
883497 CX02 883067 0.979312
883497 CX02 883675 0.002955
883497 CX02 883106 0.002955
883497 CX02 883714 0.002955
883497 CX02 883184 0.002955
883497 CX02 883753 0.002955
883497 CX02 883145 0.002955
883497 CX02 883792 0.002955
883497 CX12 883067 0.984339
883497 CX12 883675 0.002237
883497 CX12 883106 0.002237
883497 CX12 883714 0.002237
883497 CX12 883184 0.002237
883497 CX12 883753 0.002237
883497 CX12 883145 0.002237
883497 CX12 883792 0.002237
883497 X0 883501 0.997614
883497 X0 883497 0.000795
883497 X0 883500 0.000795
883497 X0 883504 0.000795
883498 CX02 883675 0.979312
883498 CX02 883067 0.002955
883498 CX02 883714 0.002955
883498 CX02 883106 0.002955
883498 CX02 883753 0.002955
883498 CX02 883184 0.002955
883498 CX02 883792 0.002955
883498 CX02 883145 0.002955
883498 CX12 883675 0.984339
883498 CX12 883067 0.002237
883498 CX12 883714 0.002237
883498 CX12 883106 0.002237
883498 CX12 883753 0.002237
883498 CX12 883184 0.002237
883498 CX12 883792 0.002237
883498 CX12 883145 0.002237
883498 X0 883502 0.997614
883498 X0 883498 0.000795
883498 X0 883499 0.000795
883498 X0 883503 0.000795
883499 CX02 883792 0.979312
883499 CX02 883145 0.002955
883499 CX02 883753 0.002955
883499 CX02 883184 0.002955
883499 CX02 883714 0.002955
883499 CX02 883106 0.002955
883499 CX02 883675 0.002955
883499 CX02 883067 0.002955
883499 CX12 883792 0.984339
883499 CX12 883145 0.002237
883499 CX12 883753 0.002237
883499 CX12 883184 0.002237
883499 CX12 883714 0.002237
883499 CX12 883106 0.002237
883499 CX12 883675 0.002237
883499 CX12 883067 0.002237
883499 X0 883503 0.997614
883499 X0 883499 0.000795
883499 X0 883498 0.000795
883499 X0 883502 0.000795
883500 CX02 883145 0.979312
883500 CX02 883792 0.002955
883500 CX02 883184 0.002955
883500 CX02 883753 0.002955
883500 CX02 883106 0.002955
883500 CX02 883714 0.002955
883500 CX02 883067 0.002955
883500 CX02 883675 0.002955
883500 CX12 883145 0.984339
883500 CX12 883792 0.002237
883500 CX12 883184 0.002237
883500 CX12 883753 0.002237
883500 CX12 883106 0.002237
883500 CX12 883714 0.002237
883500 CX12 883067 0.002237
883500 CX12 883675 0.002237
883500 X0 883504 0.997614
883500 X0 883500 0.000795
883500 X0 883497 0.000795
883500 X0 883501 0.000795
883501 CX02 883714 0.979312
883501 CX02 883106 0.002955
883501 CX02 883675 0.002955
883501 CX02 883067 0.002955
883501 CX02 883792 0.002955
883501 CX02 883145 0.002955
883501 CX02 883753 0.002955
883501 CX02 883184 0.002955
883501 CX12 883106 0.984339
883501 CX12 883714 0.002237
883501 CX12 883067 0.002237
883501 CX12 883675 0.002237
883501 CX12 883145 0.002237
883501 CX12 883792 0.002237
883501 CX12 883184 0.002237
883501 CX12 883753 0.002237
883501 X0 883497 0.997614
883501 X0 883501 0.000795
883501 X0 883504 0.000795
883501 X0 883500 0.000795
883502 CX02 883106 0.979312
883502 CX02 883714 0.002955
883502 CX02 883067 0.002955
883502 CX02 883675 0.002955
883502 CX02 883145 0.002955
883502 CX02 883792 0.002955
883502 CX02 883184 0.002955
883502 CX02 883753 0.002955
883502 CX12 883714 0.984339
883502 CX12 883106 0.002237
883502 CX12 883675 0.002237
883502 CX12 883067 0.002237
883502 CX12 883792 0.002237
883502 CX12 883145 0.002237
883502 CX12 883753 0.002237
883502 CX12 883184 0.002237
883502 X0 883498 0.997614
883502 X0 883502 0.000795
883502 X0 883503 0.000795
883502 X0 883499 0.000795
883503 CX02 883184 0.979312
883503 CX02 883753 0.002955
883503 CX02 883145 0.002955
883503 CX02 883792 0.002955
883503 CX02 883067 0.002955
883503 CX02 883675 0.002955
883503 CX02 883106 0.002955
883503 CX02 883714 0.002955
883503 CX12 883753 0.984339
883503 CX12 883184 0.002237
883503 CX12 883792 0.002237
883503 CX12 883145 0.002237
883503 CX12 883675 0.002237
883503 CX12 883067 0.002237
883503 CX12 883714 0.002237
883503 CX12 883106 0.002237
883503 X0 883499 0.997614
883503 X0 883503 0.000795
883503 X0 883502 0.000795
883503 X0 883498 0.000795
883504 CX02 883753 0.979312
883504 CX02 883184 0.002955
883504 CX02 883792 0.002955
883504 CX02 883145 0.002955
883504 CX02 883675 0.002955
883504 CX02 883067 0.002955
883504 CX02 883714 0.002955
883504 CX02 883106 0.002955
883504 CX12 883184 0.984339
883504 CX12 883753 0.002237
883504 CX12 883145 0.002237
883504 CX12 883792 0.002237
883504 CX12 883067 0.002237
883504 CX12 883675 0.002237
883504 CX12 883106 0.002237
883504 CX12 883714 0.002237
883504 X0 883500 0.997614
883504 X0 883504 0.000795
883504 X0 883501 0.000795
883504 X0 883497 0.000795
883675 CX02 883498 0.979312
883675 CX02 883497 0.002955
883675 CX02 883500 0.002955
883675 CX02 883499 0.002955
883675 CX02 883502 0.002955
883675 CX02 883501 0.002955
883675 CX02 883504 0.002955
883675 CX02 883503 0.002955
883675 CX12 883498 0.984339
883675 CX12 883497 0.002237
883675 CX12 883500 0.002237
883675 CX12 883499 0.002237
883675 CX12 883501 0.002237
883675 CX12 883502 0.002237
883675 CX12 883503 0.002237
883675 CX12 883504 0.002237
883675 P2 883675 0.850000
883675 P2 883205 0.150000
883675 X0 883714 0.997614
883675 X0 883675 0.000795
883675 X0 883792 0.000795
883675 X0 883753 0.000795
883714 CX02 883501 0.979312
883714 CX02 883502 0.002955
883714 CX02 883503 0.002955
883714 CX02 883504 0.002955
883714 CX02 883497 0.002955
883714 CX02 883498 0.002955
883714 CX02 883499 0.002955
883714 CX02 883500 0.002955
883714 CX12 883502 0.984339
883714 CX12 883501 0.002237
883714 CX12 883504 0.002237
883714 CX12 883503 0.002237
883714 CX12 883497 0.002237
883714 CX12 883498 0.002237
883714 CX12 883499 0.002237
883714 CX12 883500 0.002237
883714 P2 883714 0.850000
883714 P2 883206 0.150000
883714 X0 883675 0.997614
883714 X0 883714 0.000795
883714 X0 883753 0.000795
883714 X0 883792 0.000795
883753 CX02 883504 0.979312
883753 CX02 883503 0.002955
883753 CX02 883502 0.002955
883753 CX02 883501 0.002955
883753 CX02 883500 0.002955
883753 CX02 883499 0.002955
883753 CX02 883498 0.002955
883753 CX02 883497 0.002955
883753 CX12 883503 0.984339
883753 CX12 883504 0.002237
883753 CX12 883501 0.002237
883753 CX12 883502 0.002237
883753 CX12 883500 0.002237
883753 CX12 883499 0.002237
883753 CX12 883498 0.002237
883753 CX12 883497 0.002237
883753 P2 883753 0.850000
883753 P2 883207 0.150000
883753 X0 883792 0.997614
883753 X0 883753 0.000795
883753 X0 883714 0.000795
883753 X0 883675 0.000795
883792 CX02 883499 0.979312
883792 CX02 883500 0.002955
883792 CX02 883497 0.002955
883792 CX02 883498 0.002955
883792 CX02 883503 0.002955
883792 CX02 883504 0.002955
883792 CX02 883501 0.002955
883792 CX02 883502 0.002955
883792 CX12 883499 0.984339
883792 CX12 883500 0.002237
883792 CX12 883497 0.002237
883792 CX12 883498 0.002237
883792 CX12 883504 0.002237
883792 CX12 883503 0.002237
883792 CX12 883502 0.002237
883792 CX12 883501 0.002237
883792 P2 883792 0.850000
883792 P2 883208 0.150000
883792 X0 883753 0.997614
883792 X0 883792 0.000795
883792 X0 883675 0.000795
883792 X0 883714 0.000795
ENDPOMDP
