BEGINPOMDP
INITIALSTATE: 911011
STATES: 911011,911012,911013,911014,911015,911032,911033,911034,911035,911036,911037,911038,911039,911058,911097,911136,911175,911196,911197,911198,911199,911488,911489,911490,911491,911492,911493,911494,911495,911666,911705,911744,911783
TARGETV: 911012,911014,911058,911136,911196,911199,911666,911783
GAMMA: 911011:0,911012:0,911013:0,911014:0,911015:0,911032:0,911033:0,911034:0,911035:0,911036:0,911037:0,911038:0,911039:0,911058:1,911097:1,911136:1,911175:1,911196:0,911197:0,911198:0,911199:0,911488:1,911489:1,911490:1,911491:1,911492:1,911493:1,911494:1,911495:1,911666:1,911705:1,911744:1,911783:1
BEGINACTIONS
CX02
CX12
P2
X0
ENDACTIONS
911011 INIT_ 911012 0.250000
911011 INIT_ 911013 0.250000
911011 INIT_ 911014 0.250000
911011 INIT_ 911015 0.250000
911012 CX02 911032 0.991027
911012 CX02 911033 0.001282
911012 CX02 911034 0.001282
911012 CX02 911035 0.001282
911012 CX02 911036 0.001282
911012 CX02 911037 0.001282
911012 CX02 911038 0.001282
911012 CX02 911039 0.001282
911012 CX12 911032 0.987309
911012 CX12 911033 0.001813
911012 CX12 911034 0.001813
911012 CX12 911035 0.001813
911012 CX12 911037 0.001813
911012 CX12 911036 0.001813
911012 CX12 911039 0.001813
911012 CX12 911038 0.001813
911012 P2 911012 0.871000
911012 P2 911058 0.129000
911012 X0 911013 0.999103
911012 X0 911012 0.000299
911012 X0 911014 0.000299
911012 X0 911015 0.000299
911013 CX02 911037 0.991027
911013 CX02 911036 0.001282
911013 CX02 911039 0.001282
911013 CX02 911038 0.001282
911013 CX02 911033 0.001282
911013 CX02 911032 0.001282
911013 CX02 911035 0.001282
911013 CX02 911034 0.001282
911013 CX12 911036 0.987309
911013 CX12 911037 0.001813
911013 CX12 911038 0.001813
911013 CX12 911039 0.001813
911013 CX12 911033 0.001813
911013 CX12 911032 0.001813
911013 CX12 911035 0.001813
911013 CX12 911034 0.001813
911013 P2 911013 0.871000
911013 P2 911097 0.129000
911013 X0 911012 0.999103
911013 X0 911013 0.000299
911013 X0 911015 0.000299
911013 X0 911014 0.000299
911014 CX02 911035 0.991027
911014 CX02 911034 0.001282
911014 CX02 911033 0.001282
911014 CX02 911032 0.001282
911014 CX02 911039 0.001282
911014 CX02 911038 0.001282
911014 CX02 911037 0.001282
911014 CX02 911036 0.001282
911014 CX12 911035 0.987309
911014 CX12 911034 0.001813
911014 CX12 911033 0.001813
911014 CX12 911032 0.001813
911014 CX12 911038 0.001813
911014 CX12 911039 0.001813
911014 CX12 911036 0.001813
911014 CX12 911037 0.001813
911014 P2 911014 0.871000
911014 P2 911136 0.129000
911014 X0 911015 0.999103
911014 X0 911014 0.000299
911014 X0 911012 0.000299
911014 X0 911013 0.000299
911015 CX02 911038 0.991027
911015 CX02 911039 0.001282
911015 CX02 911036 0.001282
911015 CX02 911037 0.001282
911015 CX02 911034 0.001282
911015 CX02 911035 0.001282
911015 CX02 911032 0.001282
911015 CX02 911033 0.001282
911015 CX12 911039 0.987309
911015 CX12 911038 0.001813
911015 CX12 911037 0.001813
911015 CX12 911036 0.001813
911015 CX12 911034 0.001813
911015 CX12 911035 0.001813
911015 CX12 911032 0.001813
911015 CX12 911033 0.001813
911015 P2 911015 0.871000
911015 P2 911175 0.129000
911015 X0 911014 0.999103
911015 X0 911015 0.000299
911015 X0 911013 0.000299
911015 X0 911012 0.000299
911032 CX02 911012 0.991027
911032 CX02 911196 0.001282
911032 CX02 911013 0.001282
911032 CX02 911197 0.001282
911032 CX02 911015 0.001282
911032 CX02 911198 0.001282
911032 CX02 911014 0.001282
911032 CX02 911199 0.001282
911032 CX12 911012 0.987309
911032 CX12 911196 0.001813
911032 CX12 911013 0.001813
911032 CX12 911197 0.001813
911032 CX12 911015 0.001813
911032 CX12 911198 0.001813
911032 CX12 911014 0.001813
911032 CX12 911199 0.001813
911032 X0 911036 0.999103
911032 X0 911032 0.000299
911032 X0 911035 0.000299
911032 X0 911039 0.000299
911033 CX02 911196 0.991027
911033 CX02 911012 0.001282
911033 CX02 911197 0.001282
911033 CX02 911013 0.001282
911033 CX02 911198 0.001282
911033 CX02 911015 0.001282
911033 CX02 911199 0.001282
911033 CX02 911014 0.001282
911033 CX12 911196 0.987309
911033 CX12 911012 0.001813
911033 CX12 911197 0.001813
911033 CX12 911013 0.001813
911033 CX12 911198 0.001813
911033 CX12 911015 0.001813
911033 CX12 911199 0.001813
911033 CX12 911014 0.001813
911033 X0 911037 0.999103
911033 X0 911033 0.000299
911033 X0 911034 0.000299
911033 X0 911038 0.000299
911034 CX02 911199 0.991027
911034 CX02 911014 0.001282
911034 CX02 911198 0.001282
911034 CX02 911015 0.001282
911034 CX02 911197 0.001282
911034 CX02 911013 0.001282
911034 CX02 911196 0.001282
911034 CX02 911012 0.001282
911034 CX12 911199 0.987309
911034 CX12 911014 0.001813
911034 CX12 911198 0.001813
911034 CX12 911015 0.001813
911034 CX12 911197 0.001813
911034 CX12 911013 0.001813
911034 CX12 911196 0.001813
911034 CX12 911012 0.001813
911034 X0 911038 0.999103
911034 X0 911034 0.000299
911034 X0 911033 0.000299
911034 X0 911037 0.000299
911035 CX02 911014 0.991027
911035 CX02 911199 0.001282
911035 CX02 911015 0.001282
911035 CX02 911198 0.001282
911035 CX02 911013 0.001282
911035 CX02 911197 0.001282
911035 CX02 911012 0.001282
911035 CX02 911196 0.001282
911035 CX12 911014 0.987309
911035 CX12 911199 0.001813
911035 CX12 911015 0.001813
911035 CX12 911198 0.001813
911035 CX12 911013 0.001813
911035 CX12 911197 0.001813
911035 CX12 911012 0.001813
911035 CX12 911196 0.001813
911035 X0 911039 0.999103
911035 X0 911035 0.000299
911035 X0 911032 0.000299
911035 X0 911036 0.000299
911036 CX02 911197 0.991027
911036 CX02 911013 0.001282
911036 CX02 911196 0.001282
911036 CX02 911012 0.001282
911036 CX02 911199 0.001282
911036 CX02 911014 0.001282
911036 CX02 911198 0.001282
911036 CX02 911015 0.001282
911036 CX12 911013 0.987309
911036 CX12 911197 0.001813
911036 CX12 911012 0.001813
911036 CX12 911196 0.001813
911036 CX12 911014 0.001813
911036 CX12 911199 0.001813
911036 CX12 911015 0.001813
911036 CX12 911198 0.001813
911036 X0 911032 0.999103
911036 X0 911036 0.000299
911036 X0 911039 0.000299
911036 X0 911035 0.000299
911037 CX02 911013 0.991027
911037 CX02 911197 0.001282
911037 CX02 911012 0.001282
911037 CX02 911196 0.001282
911037 CX02 911014 0.001282
911037 CX02 911199 0.001282
911037 CX02 911015 0.001282
911037 CX02 911198 0.001282
911037 CX12 911197 0.987309
911037 CX12 911013 0.001813
911037 CX12 911196 0.001813
911037 CX12 911012 0.001813
911037 CX12 911199 0.001813
911037 CX12 911014 0.001813
911037 CX12 911198 0.001813
911037 CX12 911015 0.001813
911037 X0 911033 0.999103
911037 X0 911037 0.000299
911037 X0 911038 0.000299
911037 X0 911034 0.000299
911038 CX02 911015 0.991027
911038 CX02 911198 0.001282
911038 CX02 911014 0.001282
911038 CX02 911199 0.001282
911038 CX02 911012 0.001282
911038 CX02 911196 0.001282
911038 CX02 911013 0.001282
911038 CX02 911197 0.001282
911038 CX12 911198 0.987309
911038 CX12 911015 0.001813
911038 CX12 911199 0.001813
911038 CX12 911014 0.001813
911038 CX12 911196 0.001813
911038 CX12 911012 0.001813
911038 CX12 911197 0.001813
911038 CX12 911013 0.001813
911038 X0 911034 0.999103
911038 X0 911038 0.000299
911038 X0 911037 0.000299
911038 X0 911033 0.000299
911039 CX02 911198 0.991027
911039 CX02 911015 0.001282
911039 CX02 911199 0.001282
911039 CX02 911014 0.001282
911039 CX02 911196 0.001282
911039 CX02 911012 0.001282
911039 CX02 911197 0.001282
911039 CX02 911013 0.001282
911039 CX12 911015 0.987309
911039 CX12 911198 0.001813
911039 CX12 911014 0.001813
911039 CX12 911199 0.001813
911039 CX12 911012 0.001813
911039 CX12 911196 0.001813
911039 CX12 911013 0.001813
911039 CX12 911197 0.001813
911039 X0 911035 0.999103
911039 X0 911039 0.000299
911039 X0 911036 0.000299
911039 X0 911032 0.000299
911058 CX02 911488 0.991027
911058 CX02 911489 0.001282
911058 CX02 911490 0.001282
911058 CX02 911491 0.001282
911058 CX02 911492 0.001282
911058 CX02 911493 0.001282
911058 CX02 911494 0.001282
911058 CX02 911495 0.001282
911058 CX12 911488 0.987309
911058 CX12 911489 0.001813
911058 CX12 911490 0.001813
911058 CX12 911491 0.001813
911058 CX12 911493 0.001813
911058 CX12 911492 0.001813
911058 CX12 911495 0.001813
911058 CX12 911494 0.001813
911058 P2 911012 0.871000
911058 P2 911058 0.129000
911058 X0 911097 0.999103
911058 X0 911058 0.000299
911058 X0 911136 0.000299
911058 X0 911175 0.000299
911097 CX02 911493 0.991027
911097 CX02 911492 0.001282
911097 CX02 911495 0.001282
911097 CX02 911494 0.001282
911097 CX02 911489 0.001282
911097 CX02 911488 0.001282
911097 CX02 911491 0.001282
911097 CX02 911490 0.001282
911097 CX12 911492 0.987309
911097 CX12 911493 0.001813
911097 CX12 911494 0.001813
911097 CX12 911495 0.001813
911097 CX12 911489 0.001813
911097 CX12 911488 0.001813
911097 CX12 911491 0.001813
911097 CX12 911490 0.001813
911097 P2 911013 0.871000
911097 P2 911097 0.129000
911097 X0 911058 0.999103
911097 X0 911097 0.000299
911097 X0 911175 0.000299
911097 X0 911136 0.000299
911136 CX02 911491 0.991027
911136 CX02 911490 0.001282
911136 CX02 911489 0.001282
911136 CX02 911488 0.001282
911136 CX02 911495 0.001282
911136 CX02 911494 0.001282
911136 CX02 911493 0.001282
911136 CX02 911492 0.001282
911136 CX12 911491 0.987309
911136 CX12 911490 0.001813
911136 CX12 911489 0.001813
911136 CX12 911488 0.001813
911136 CX12 911494 0.001813
911136 CX12 911495 0.001813
911136 CX12 911492 0.001813
911136 CX12 911493 0.001813
911136 P2 911014 0.871000
911136 P2 911136 0.129000
911136 X0 911175 0.999103
911136 X0 911136 0.000299
911136 X0 911058 0.000299
911136 X0 911097 0.000299
911175 CX02 911494 0.991027
911175 CX02 911495 0.001282
911175 CX02 911492 0.001282
911175 CX02 911493 0.001282
911175 CX02 911490 0.001282
911175 CX02 911491 0.001282
911175 CX02 911488 0.001282
911175 CX02 911489 0.001282
911175 CX12 911495 0.987309
911175 CX12 911494 0.001813
911175 CX12 911493 0.001813
911175 CX12 911492 0.001813
911175 CX12 911490 0.001813
911175 CX12 911491 0.001813
911175 CX12 911488 0.001813
911175 CX12 911489 0.001813
911175 P2 911015 0.871000
911175 P2 911175 0.129000
911175 X0 911136 0.999103
911175 X0 911175 0.000299
911175 X0 911097 0.000299
911175 X0 911058 0.000299
911196 CX02 911033 0.991027
911196 CX02 911032 0.001282
911196 CX02 911035 0.001282
911196 CX02 911034 0.001282
911196 CX02 911037 0.001282
911196 CX02 911036 0.001282
911196 CX02 911039 0.001282
911196 CX02 911038 0.001282
911196 CX12 911033 0.987309
911196 CX12 911032 0.001813
911196 CX12 911035 0.001813
911196 CX12 911034 0.001813
911196 CX12 911036 0.001813
911196 CX12 911037 0.001813
911196 CX12 911038 0.001813
911196 CX12 911039 0.001813
911196 P2 911666 0.964000
911196 P2 911196 0.036000
911196 X0 911197 0.999103
911196 X0 911196 0.000299
911196 X0 911199 0.000299
911196 X0 911198 0.000299
911197 CX02 911036 0.991027
911197 CX02 911037 0.001282
911197 CX02 911038 0.001282
911197 CX02 911039 0.001282
911197 CX02 911032 0.001282
911197 CX02 911033 0.001282
911197 CX02 911034 0.001282
911197 CX02 911035 0.001282
911197 CX12 911037 0.987309
911197 CX12 911036 0.001813
911197 CX12 911039 0.001813
911197 CX12 911038 0.001813
911197 CX12 911032 0.001813
911197 CX12 911033 0.001813
911197 CX12 911034 0.001813
911197 CX12 911035 0.001813
911197 P2 911705 0.964000
911197 P2 911197 0.036000
911197 X0 911196 0.999103
911197 X0 911197 0.000299
911197 X0 911198 0.000299
911197 X0 911199 0.000299
911198 CX02 911039 0.991027
911198 CX02 911038 0.001282
911198 CX02 911037 0.001282
911198 CX02 911036 0.001282
911198 CX02 911035 0.001282
911198 CX02 911034 0.001282
911198 CX02 911033 0.001282
911198 CX02 911032 0.001282
911198 CX12 911038 0.987309
911198 CX12 911039 0.001813
911198 CX12 911036 0.001813
911198 CX12 911037 0.001813
911198 CX12 911035 0.001813
911198 CX12 911034 0.001813
911198 CX12 911033 0.001813
911198 CX12 911032 0.001813
911198 P2 911744 0.964000
911198 P2 911198 0.036000
911198 X0 911199 0.999103
911198 X0 911198 0.000299
911198 X0 911197 0.000299
911198 X0 911196 0.000299
911199 CX02 911034 0.991027
911199 CX02 911035 0.001282
911199 CX02 911032 0.001282
911199 CX02 911033 0.001282
911199 CX02 911038 0.001282
911199 CX02 911039 0.001282
911199 CX02 911036 0.001282
911199 CX02 911037 0.001282
911199 CX12 911034 0.987309
911199 CX12 911035 0.001813
911199 CX12 911032 0.001813
911199 CX12 911033 0.001813
911199 CX12 911039 0.001813
911199 CX12 911038 0.001813
911199 CX12 911037 0.001813
911199 CX12 911036 0.001813
911199 P2 911783 0.964000
911199 P2 911199 0.036000
911199 X0 911198 0.999103
911199 X0 911199 0.000299
911199 X0 911196 0.000299
911199 X0 911197 0.000299
911488 CX02 911058 0.991027
911488 CX02 911666 0.001282
911488 CX02 911097 0.001282
911488 CX02 911705 0.001282
911488 CX02 911175 0.001282
911488 CX02 911744 0.001282
911488 CX02 911136 0.001282
911488 CX02 911783 0.001282
911488 CX12 911058 0.987309
911488 CX12 911666 0.001813
911488 CX12 911097 0.001813
911488 CX12 911705 0.001813
911488 CX12 911175 0.001813
911488 CX12 911744 0.001813
911488 CX12 911136 0.001813
911488 CX12 911783 0.001813
911488 X0 911492 0.999103
911488 X0 911488 0.000299
911488 X0 911491 0.000299
911488 X0 911495 0.000299
911489 CX02 911666 0.991027
911489 CX02 911058 0.001282
911489 CX02 911705 0.001282
911489 CX02 911097 0.001282
911489 CX02 911744 0.001282
911489 CX02 911175 0.001282
911489 CX02 911783 0.001282
911489 CX02 911136 0.001282
911489 CX12 911666 0.987309
911489 CX12 911058 0.001813
911489 CX12 911705 0.001813
911489 CX12 911097 0.001813
911489 CX12 911744 0.001813
911489 CX12 911175 0.001813
911489 CX12 911783 0.001813
911489 CX12 911136 0.001813
911489 X0 911493 0.999103
911489 X0 911489 0.000299
911489 X0 911490 0.000299
911489 X0 911494 0.000299
911490 CX02 911783 0.991027
911490 CX02 911136 0.001282
911490 CX02 911744 0.001282
911490 CX02 911175 0.001282
911490 CX02 911705 0.001282
911490 CX02 911097 0.001282
911490 CX02 911666 0.001282
911490 CX02 911058 0.001282
911490 CX12 911783 0.987309
911490 CX12 911136 0.001813
911490 CX12 911744 0.001813
911490 CX12 911175 0.001813
911490 CX12 911705 0.001813
911490 CX12 911097 0.001813
911490 CX12 911666 0.001813
911490 CX12 911058 0.001813
911490 X0 911494 0.999103
911490 X0 911490 0.000299
911490 X0 911489 0.000299
911490 X0 911493 0.000299
911491 CX02 911136 0.991027
911491 CX02 911783 0.001282
911491 CX02 911175 0.001282
911491 CX02 911744 0.001282
911491 CX02 911097 0.001282
911491 CX02 911705 0.001282
911491 CX02 911058 0.001282
911491 CX02 911666 0.001282
911491 CX12 911136 0.987309
911491 CX12 911783 0.001813
911491 CX12 911175 0.001813
911491 CX12 911744 0.001813
911491 CX12 911097 0.001813
911491 CX12 911705 0.001813
911491 CX12 911058 0.001813
911491 CX12 911666 0.001813
911491 X0 911495 0.999103
911491 X0 911491 0.000299
911491 X0 911488 0.000299
911491 X0 911492 0.000299
911492 CX02 911705 0.991027
911492 CX02 911097 0.001282
911492 CX02 911666 0.001282
911492 CX02 911058 0.001282
911492 CX02 911783 0.001282
911492 CX02 911136 0.001282
911492 CX02 911744 0.001282
911492 CX02 911175 0.001282
911492 CX12 911097 0.987309
911492 CX12 911705 0.001813
911492 CX12 911058 0.001813
911492 CX12 911666 0.001813
911492 CX12 911136 0.001813
911492 CX12 911783 0.001813
911492 CX12 911175 0.001813
911492 CX12 911744 0.001813
911492 X0 911488 0.999103
911492 X0 911492 0.000299
911492 X0 911495 0.000299
911492 X0 911491 0.000299
911493 CX02 911097 0.991027
911493 CX02 911705 0.001282
911493 CX02 911058 0.001282
911493 CX02 911666 0.001282
911493 CX02 911136 0.001282
911493 CX02 911783 0.001282
911493 CX02 911175 0.001282
911493 CX02 911744 0.001282
911493 CX12 911705 0.987309
911493 CX12 911097 0.001813
911493 CX12 911666 0.001813
911493 CX12 911058 0.001813
911493 CX12 911783 0.001813
911493 CX12 911136 0.001813
911493 CX12 911744 0.001813
911493 CX12 911175 0.001813
911493 X0 911489 0.999103
911493 X0 911493 0.000299
911493 X0 911494 0.000299
911493 X0 911490 0.000299
911494 CX02 911175 0.991027
911494 CX02 911744 0.001282
911494 CX02 911136 0.001282
911494 CX02 911783 0.001282
911494 CX02 911058 0.001282
911494 CX02 911666 0.001282
911494 CX02 911097 0.001282
911494 CX02 911705 0.001282
911494 CX12 911744 0.987309
911494 CX12 911175 0.001813
911494 CX12 911783 0.001813
911494 CX12 911136 0.001813
911494 CX12 911666 0.001813
911494 CX12 911058 0.001813
911494 CX12 911705 0.001813
911494 CX12 911097 0.001813
911494 X0 911490 0.999103
911494 X0 911494 0.000299
911494 X0 911493 0.000299
911494 X0 911489 0.000299
911495 CX02 911744 0.991027
911495 CX02 911175 0.001282
911495 CX02 911783 0.001282
911495 CX02 911136 0.001282
911495 CX02 911666 0.001282
911495 CX02 911058 0.001282
911495 CX02 911705 0.001282
911495 CX02 911097 0.001282
911495 CX12 911175 0.987309
911495 CX12 911744 0.001813
911495 CX12 911136 0.001813
911495 CX12 911783 0.001813
911495 CX12 911058 0.001813
911495 CX12 911666 0.001813
911495 CX12 911097 0.001813
911495 CX12 911705 0.001813
911495 X0 911491 0.999103
911495 X0 911495 0.000299
911495 X0 911492 0.000299
911495 X0 911488 0.000299
911666 CX02 911489 0.991027
911666 CX02 911488 0.001282
911666 CX02 911491 0.001282
911666 CX02 911490 0.001282
911666 CX02 911493 0.001282
911666 CX02 911492 0.001282
911666 CX02 911495 0.001282
911666 CX02 911494 0.001282
911666 CX12 911489 0.987309
911666 CX12 911488 0.001813
911666 CX12 911491 0.001813
911666 CX12 911490 0.001813
911666 CX12 911492 0.001813
911666 CX12 911493 0.001813
911666 CX12 911494 0.001813
911666 CX12 911495 0.001813
911666 P2 911666 0.964000
911666 P2 911196 0.036000
911666 X0 911705 0.999103
911666 X0 911666 0.000299
911666 X0 911783 0.000299
911666 X0 911744 0.000299
911705 CX02 911492 0.991027
911705 CX02 911493 0.001282
911705 CX02 911494 0.001282
911705 CX02 911495 0.001282
911705 CX02 911488 0.001282
911705 CX02 911489 0.001282
911705 CX02 911490 0.001282
911705 CX02 911491 0.001282
911705 CX12 911493 0.987309
911705 CX12 911492 0.001813
911705 CX12 911495 0.001813
911705 CX12 911494 0.001813
911705 CX12 911488 0.001813
911705 CX12 911489 0.001813
911705 CX12 911490 0.001813
911705 CX12 911491 0.001813
911705 P2 911705 0.964000
911705 P2 911197 0.036000
911705 X0 911666 0.999103
911705 X0 911705 0.000299
911705 X0 911744 0.000299
911705 X0 911783 0.000299
911744 CX02 911495 0.991027
911744 CX02 911494 0.001282
911744 CX02 911493 0.001282
911744 CX02 911492 0.001282
911744 CX02 911491 0.001282
911744 CX02 911490 0.001282
911744 CX02 911489 0.001282
911744 CX02 911488 0.001282
911744 CX12 911494 0.987309
911744 CX12 911495 0.001813
911744 CX12 911492 0.001813
911744 CX12 911493 0.001813
911744 CX12 911491 0.001813
911744 CX12 911490 0.001813
911744 CX12 911489 0.001813
911744 CX12 911488 0.001813
911744 P2 911744 0.964000
911744 P2 911198 0.036000
911744 X0 911783 0.999103
911744 X0 911744 0.000299
911744 X0 911705 0.000299
911744 X0 911666 0.000299
911783 CX02 911490 0.991027
911783 CX02 911491 0.001282
911783 CX02 911488 0.001282
911783 CX02 911489 0.001282
911783 CX02 911494 0.001282
911783 CX02 911495 0.001282
911783 CX02 911492 0.001282
911783 CX02 911493 0.001282
911783 CX12 911490 0.987309
911783 CX12 911491 0.001813
911783 CX12 911488 0.001813
911783 CX12 911489 0.001813
911783 CX12 911495 0.001813
911783 CX12 911494 0.001813
911783 CX12 911493 0.001813
911783 CX12 911492 0.001813
911783 P2 911783 0.964000
911783 P2 911199 0.036000
911783 X0 911744 0.999103
911783 X0 911783 0.000299
911783 X0 911666 0.000299
911783 X0 911705 0.000299
ENDPOMDP
