BEGINPOMDP
INITIALSTATE: 904926
STATES: 904926,904927,904928,904929,904930,904947,904948,904949,904950,904951,904952,904953,904954,904973,905012,905051,905090,905111,905112,905113,905114,905403,905404,905405,905406,905407,905408,905409,905410,905581,905620,905659,905698
TARGETV: 904927,904929,904973,905051,905111,905114,905581,905698
GAMMA: 904926:0,904927:0,904928:0,904929:0,904930:0,904947:0,904948:0,904949:0,904950:0,904951:0,904952:0,904953:0,904954:0,904973:1,905012:1,905051:1,905090:1,905111:0,905112:0,905113:0,905114:0,905403:1,905404:1,905405:1,905406:1,905407:1,905408:1,905409:1,905410:1,905581:1,905620:1,905659:1,905698:1
BEGINACTIONS
CX02
CX12
P2
X0
ENDACTIONS
904926 INIT_ 904927 0.250000
904926 INIT_ 904928 0.250000
904926 INIT_ 904929 0.250000
904926 INIT_ 904930 0.250000
904927 CX02 904947 0.916315
904927 CX02 904948 0.011955
904927 CX02 904949 0.011955
904927 CX02 904950 0.011955
904927 CX02 904951 0.011955
904927 CX02 904952 0.011955
904927 CX02 904953 0.011955
904927 CX02 904954 0.011955
904927 CX12 904947 0.952113
904927 CX12 904948 0.006841
904927 CX12 904949 0.006841
904927 CX12 904950 0.006841
904927 CX12 904952 0.006841
904927 CX12 904951 0.006841
904927 CX12 904954 0.006841
904927 CX12 904953 0.006841
904927 P2 904927 0.922000
904927 P2 904973 0.078000
904927 X0 904928 0.978034
904927 X0 904927 0.007322
904927 X0 904929 0.007322
904927 X0 904930 0.007322
904928 CX02 904952 0.916315
904928 CX02 904951 0.011955
904928 CX02 904954 0.011955
904928 CX02 904953 0.011955
904928 CX02 904948 0.011955
904928 CX02 904947 0.011955
904928 CX02 904950 0.011955
904928 CX02 904949 0.011955
904928 CX12 904951 0.952113
904928 CX12 904952 0.006841
904928 CX12 904953 0.006841
904928 CX12 904954 0.006841
904928 CX12 904948 0.006841
904928 CX12 904947 0.006841
904928 CX12 904950 0.006841
904928 CX12 904949 0.006841
904928 P2 904928 0.922000
904928 P2 905012 0.078000
904928 X0 904927 0.978034
904928 X0 904928 0.007322
904928 X0 904930 0.007322
904928 X0 904929 0.007322
904929 CX02 904950 0.916315
904929 CX02 904949 0.011955
904929 CX02 904948 0.011955
904929 CX02 904947 0.011955
904929 CX02 904954 0.011955
904929 CX02 904953 0.011955
904929 CX02 904952 0.011955
904929 CX02 904951 0.011955
904929 CX12 904950 0.952113
904929 CX12 904949 0.006841
904929 CX12 904948 0.006841
904929 CX12 904947 0.006841
904929 CX12 904953 0.006841
904929 CX12 904954 0.006841
904929 CX12 904951 0.006841
904929 CX12 904952 0.006841
904929 P2 904929 0.922000
904929 P2 905051 0.078000
904929 X0 904930 0.978034
904929 X0 904929 0.007322
904929 X0 904927 0.007322
904929 X0 904928 0.007322
904930 CX02 904953 0.916315
904930 CX02 904954 0.011955
904930 CX02 904951 0.011955
904930 CX02 904952 0.011955
904930 CX02 904949 0.011955
904930 CX02 904950 0.011955
904930 CX02 904947 0.011955
904930 CX02 904948 0.011955
904930 CX12 904954 0.952113
904930 CX12 904953 0.006841
904930 CX12 904952 0.006841
904930 CX12 904951 0.006841
904930 CX12 904949 0.006841
904930 CX12 904950 0.006841
904930 CX12 904947 0.006841
904930 CX12 904948 0.006841
904930 P2 904930 0.922000
904930 P2 905090 0.078000
904930 X0 904929 0.978034
904930 X0 904930 0.007322
904930 X0 904928 0.007322
904930 X0 904927 0.007322
904947 CX02 904927 0.916315
904947 CX02 905111 0.011955
904947 CX02 904928 0.011955
904947 CX02 905112 0.011955
904947 CX02 904930 0.011955
904947 CX02 905113 0.011955
904947 CX02 904929 0.011955
904947 CX02 905114 0.011955
904947 CX12 904927 0.952113
904947 CX12 905111 0.006841
904947 CX12 904928 0.006841
904947 CX12 905112 0.006841
904947 CX12 904930 0.006841
904947 CX12 905113 0.006841
904947 CX12 904929 0.006841
904947 CX12 905114 0.006841
904947 X0 904951 0.978034
904947 X0 904947 0.007322
904947 X0 904950 0.007322
904947 X0 904954 0.007322
904948 CX02 905111 0.916315
904948 CX02 904927 0.011955
904948 CX02 905112 0.011955
904948 CX02 904928 0.011955
904948 CX02 905113 0.011955
904948 CX02 904930 0.011955
904948 CX02 905114 0.011955
904948 CX02 904929 0.011955
904948 CX12 905111 0.952113
904948 CX12 904927 0.006841
904948 CX12 905112 0.006841
904948 CX12 904928 0.006841
904948 CX12 905113 0.006841
904948 CX12 904930 0.006841
904948 CX12 905114 0.006841
904948 CX12 904929 0.006841
904948 X0 904952 0.978034
904948 X0 904948 0.007322
904948 X0 904949 0.007322
904948 X0 904953 0.007322
904949 CX02 905114 0.916315
904949 CX02 904929 0.011955
904949 CX02 905113 0.011955
904949 CX02 904930 0.011955
904949 CX02 905112 0.011955
904949 CX02 904928 0.011955
904949 CX02 905111 0.011955
904949 CX02 904927 0.011955
904949 CX12 905114 0.952113
904949 CX12 904929 0.006841
904949 CX12 905113 0.006841
904949 CX12 904930 0.006841
904949 CX12 905112 0.006841
904949 CX12 904928 0.006841
904949 CX12 905111 0.006841
904949 CX12 904927 0.006841
904949 X0 904953 0.978034
904949 X0 904949 0.007322
904949 X0 904948 0.007322
904949 X0 904952 0.007322
904950 CX02 904929 0.916315
904950 CX02 905114 0.011955
904950 CX02 904930 0.011955
904950 CX02 905113 0.011955
904950 CX02 904928 0.011955
904950 CX02 905112 0.011955
904950 CX02 904927 0.011955
904950 CX02 905111 0.011955
904950 CX12 904929 0.952113
904950 CX12 905114 0.006841
904950 CX12 904930 0.006841
904950 CX12 905113 0.006841
904950 CX12 904928 0.006841
904950 CX12 905112 0.006841
904950 CX12 904927 0.006841
904950 CX12 905111 0.006841
904950 X0 904954 0.978034
904950 X0 904950 0.007322
904950 X0 904947 0.007322
904950 X0 904951 0.007322
904951 CX02 905112 0.916315
904951 CX02 904928 0.011955
904951 CX02 905111 0.011955
904951 CX02 904927 0.011955
904951 CX02 905114 0.011955
904951 CX02 904929 0.011955
904951 CX02 905113 0.011955
904951 CX02 904930 0.011955
904951 CX12 904928 0.952113
904951 CX12 905112 0.006841
904951 CX12 904927 0.006841
904951 CX12 905111 0.006841
904951 CX12 904929 0.006841
904951 CX12 905114 0.006841
904951 CX12 904930 0.006841
904951 CX12 905113 0.006841
904951 X0 904947 0.978034
904951 X0 904951 0.007322
904951 X0 904954 0.007322
904951 X0 904950 0.007322
904952 CX02 904928 0.916315
904952 CX02 905112 0.011955
904952 CX02 904927 0.011955
904952 CX02 905111 0.011955
904952 CX02 904929 0.011955
904952 CX02 905114 0.011955
904952 CX02 904930 0.011955
904952 CX02 905113 0.011955
904952 CX12 905112 0.952113
904952 CX12 904928 0.006841
904952 CX12 905111 0.006841
904952 CX12 904927 0.006841
904952 CX12 905114 0.006841
904952 CX12 904929 0.006841
904952 CX12 905113 0.006841
904952 CX12 904930 0.006841
904952 X0 904948 0.978034
904952 X0 904952 0.007322
904952 X0 904953 0.007322
904952 X0 904949 0.007322
904953 CX02 904930 0.916315
904953 CX02 905113 0.011955
904953 CX02 904929 0.011955
904953 CX02 905114 0.011955
904953 CX02 904927 0.011955
904953 CX02 905111 0.011955
904953 CX02 904928 0.011955
904953 CX02 905112 0.011955
904953 CX12 905113 0.952113
904953 CX12 904930 0.006841
904953 CX12 905114 0.006841
904953 CX12 904929 0.006841
904953 CX12 905111 0.006841
904953 CX12 904927 0.006841
904953 CX12 905112 0.006841
904953 CX12 904928 0.006841
904953 X0 904949 0.978034
904953 X0 904953 0.007322
904953 X0 904952 0.007322
904953 X0 904948 0.007322
904954 CX02 905113 0.916315
904954 CX02 904930 0.011955
904954 CX02 905114 0.011955
904954 CX02 904929 0.011955
904954 CX02 905111 0.011955
904954 CX02 904927 0.011955
904954 CX02 905112 0.011955
904954 CX02 904928 0.011955
904954 CX12 904930 0.952113
904954 CX12 905113 0.006841
904954 CX12 904929 0.006841
904954 CX12 905114 0.006841
904954 CX12 904927 0.006841
904954 CX12 905111 0.006841
904954 CX12 904928 0.006841
904954 CX12 905112 0.006841
904954 X0 904950 0.978034
904954 X0 904954 0.007322
904954 X0 904951 0.007322
904954 X0 904947 0.007322
904973 CX02 905403 0.916315
904973 CX02 905404 0.011955
904973 CX02 905405 0.011955
904973 CX02 905406 0.011955
904973 CX02 905407 0.011955
904973 CX02 905408 0.011955
904973 CX02 905409 0.011955
904973 CX02 905410 0.011955
904973 CX12 905403 0.952113
904973 CX12 905404 0.006841
904973 CX12 905405 0.006841
904973 CX12 905406 0.006841
904973 CX12 905408 0.006841
904973 CX12 905407 0.006841
904973 CX12 905410 0.006841
904973 CX12 905409 0.006841
904973 P2 904927 0.922000
904973 P2 904973 0.078000
904973 X0 905012 0.978034
904973 X0 904973 0.007322
904973 X0 905051 0.007322
904973 X0 905090 0.007322
905012 CX02 905408 0.916315
905012 CX02 905407 0.011955
905012 CX02 905410 0.011955
905012 CX02 905409 0.011955
905012 CX02 905404 0.011955
905012 CX02 905403 0.011955
905012 CX02 905406 0.011955
905012 CX02 905405 0.011955
905012 CX12 905407 0.952113
905012 CX12 905408 0.006841
905012 CX12 905409 0.006841
905012 CX12 905410 0.006841
905012 CX12 905404 0.006841
905012 CX12 905403 0.006841
905012 CX12 905406 0.006841
905012 CX12 905405 0.006841
905012 P2 904928 0.922000
905012 P2 905012 0.078000
905012 X0 904973 0.978034
905012 X0 905012 0.007322
905012 X0 905090 0.007322
905012 X0 905051 0.007322
905051 CX02 905406 0.916315
905051 CX02 905405 0.011955
905051 CX02 905404 0.011955
905051 CX02 905403 0.011955
905051 CX02 905410 0.011955
905051 CX02 905409 0.011955
905051 CX02 905408 0.011955
905051 CX02 905407 0.011955
905051 CX12 905406 0.952113
905051 CX12 905405 0.006841
905051 CX12 905404 0.006841
905051 CX12 905403 0.006841
905051 CX12 905409 0.006841
905051 CX12 905410 0.006841
905051 CX12 905407 0.006841
905051 CX12 905408 0.006841
905051 P2 904929 0.922000
905051 P2 905051 0.078000
905051 X0 905090 0.978034
905051 X0 905051 0.007322
905051 X0 904973 0.007322
905051 X0 905012 0.007322
905090 CX02 905409 0.916315
905090 CX02 905410 0.011955
905090 CX02 905407 0.011955
905090 CX02 905408 0.011955
905090 CX02 905405 0.011955
905090 CX02 905406 0.011955
905090 CX02 905403 0.011955
905090 CX02 905404 0.011955
905090 CX12 905410 0.952113
905090 CX12 905409 0.006841
905090 CX12 905408 0.006841
905090 CX12 905407 0.006841
905090 CX12 905405 0.006841
905090 CX12 905406 0.006841
905090 CX12 905403 0.006841
905090 CX12 905404 0.006841
905090 P2 904930 0.922000
905090 P2 905090 0.078000
905090 X0 905051 0.978034
905090 X0 905090 0.007322
905090 X0 905012 0.007322
905090 X0 904973 0.007322
905111 CX02 904948 0.916315
905111 CX02 904947 0.011955
905111 CX02 904950 0.011955
905111 CX02 904949 0.011955
905111 CX02 904952 0.011955
905111 CX02 904951 0.011955
905111 CX02 904954 0.011955
905111 CX02 904953 0.011955
905111 CX12 904948 0.952113
905111 CX12 904947 0.006841
905111 CX12 904950 0.006841
905111 CX12 904949 0.006841
905111 CX12 904951 0.006841
905111 CX12 904952 0.006841
905111 CX12 904953 0.006841
905111 CX12 904954 0.006841
905111 P2 905581 0.910000
905111 P2 905111 0.090000
905111 X0 905112 0.978034
905111 X0 905111 0.007322
905111 X0 905114 0.007322
905111 X0 905113 0.007322
905112 CX02 904951 0.916315
905112 CX02 904952 0.011955
905112 CX02 904953 0.011955
905112 CX02 904954 0.011955
905112 CX02 904947 0.011955
905112 CX02 904948 0.011955
905112 CX02 904949 0.011955
905112 CX02 904950 0.011955
905112 CX12 904952 0.952113
905112 CX12 904951 0.006841
905112 CX12 904954 0.006841
905112 CX12 904953 0.006841
905112 CX12 904947 0.006841
905112 CX12 904948 0.006841
905112 CX12 904949 0.006841
905112 CX12 904950 0.006841
905112 P2 905620 0.910000
905112 P2 905112 0.090000
905112 X0 905111 0.978034
905112 X0 905112 0.007322
905112 X0 905113 0.007322
905112 X0 905114 0.007322
905113 CX02 904954 0.916315
905113 CX02 904953 0.011955
905113 CX02 904952 0.011955
905113 CX02 904951 0.011955
905113 CX02 904950 0.011955
905113 CX02 904949 0.011955
905113 CX02 904948 0.011955
905113 CX02 904947 0.011955
905113 CX12 904953 0.952113
905113 CX12 904954 0.006841
905113 CX12 904951 0.006841
905113 CX12 904952 0.006841
905113 CX12 904950 0.006841
905113 CX12 904949 0.006841
905113 CX12 904948 0.006841
905113 CX12 904947 0.006841
905113 P2 905659 0.910000
905113 P2 905113 0.090000
905113 X0 905114 0.978034
905113 X0 905113 0.007322
905113 X0 905112 0.007322
905113 X0 905111 0.007322
905114 CX02 904949 0.916315
905114 CX02 904950 0.011955
905114 CX02 904947 0.011955
905114 CX02 904948 0.011955
905114 CX02 904953 0.011955
905114 CX02 904954 0.011955
905114 CX02 904951 0.011955
905114 CX02 904952 0.011955
905114 CX12 904949 0.952113
905114 CX12 904950 0.006841
905114 CX12 904947 0.006841
905114 CX12 904948 0.006841
905114 CX12 904954 0.006841
905114 CX12 904953 0.006841
905114 CX12 904952 0.006841
905114 CX12 904951 0.006841
905114 P2 905698 0.910000
905114 P2 905114 0.090000
905114 X0 905113 0.978034
905114 X0 905114 0.007322
905114 X0 905111 0.007322
905114 X0 905112 0.007322
905403 CX02 904973 0.916315
905403 CX02 905581 0.011955
905403 CX02 905012 0.011955
905403 CX02 905620 0.011955
905403 CX02 905090 0.011955
905403 CX02 905659 0.011955
905403 CX02 905051 0.011955
905403 CX02 905698 0.011955
905403 CX12 904973 0.952113
905403 CX12 905581 0.006841
905403 CX12 905012 0.006841
905403 CX12 905620 0.006841
905403 CX12 905090 0.006841
905403 CX12 905659 0.006841
905403 CX12 905051 0.006841
905403 CX12 905698 0.006841
905403 X0 905407 0.978034
905403 X0 905403 0.007322
905403 X0 905406 0.007322
905403 X0 905410 0.007322
905404 CX02 905581 0.916315
905404 CX02 904973 0.011955
905404 CX02 905620 0.011955
905404 CX02 905012 0.011955
905404 CX02 905659 0.011955
905404 CX02 905090 0.011955
905404 CX02 905698 0.011955
905404 CX02 905051 0.011955
905404 CX12 905581 0.952113
905404 CX12 904973 0.006841
905404 CX12 905620 0.006841
905404 CX12 905012 0.006841
905404 CX12 905659 0.006841
905404 CX12 905090 0.006841
905404 CX12 905698 0.006841
905404 CX12 905051 0.006841
905404 X0 905408 0.978034
905404 X0 905404 0.007322
905404 X0 905405 0.007322
905404 X0 905409 0.007322
905405 CX02 905698 0.916315
905405 CX02 905051 0.011955
905405 CX02 905659 0.011955
905405 CX02 905090 0.011955
905405 CX02 905620 0.011955
905405 CX02 905012 0.011955
905405 CX02 905581 0.011955
905405 CX02 904973 0.011955
905405 CX12 905698 0.952113
905405 CX12 905051 0.006841
905405 CX12 905659 0.006841
905405 CX12 905090 0.006841
905405 CX12 905620 0.006841
905405 CX12 905012 0.006841
905405 CX12 905581 0.006841
905405 CX12 904973 0.006841
905405 X0 905409 0.978034
905405 X0 905405 0.007322
905405 X0 905404 0.007322
905405 X0 905408 0.007322
905406 CX02 905051 0.916315
905406 CX02 905698 0.011955
905406 CX02 905090 0.011955
905406 CX02 905659 0.011955
905406 CX02 905012 0.011955
905406 CX02 905620 0.011955
905406 CX02 904973 0.011955
905406 CX02 905581 0.011955
905406 CX12 905051 0.952113
905406 CX12 905698 0.006841
905406 CX12 905090 0.006841
905406 CX12 905659 0.006841
905406 CX12 905012 0.006841
905406 CX12 905620 0.006841
905406 CX12 904973 0.006841
905406 CX12 905581 0.006841
905406 X0 905410 0.978034
905406 X0 905406 0.007322
905406 X0 905403 0.007322
905406 X0 905407 0.007322
905407 CX02 905620 0.916315
905407 CX02 905012 0.011955
905407 CX02 905581 0.011955
905407 CX02 904973 0.011955
905407 CX02 905698 0.011955
905407 CX02 905051 0.011955
905407 CX02 905659 0.011955
905407 CX02 905090 0.011955
905407 CX12 905012 0.952113
905407 CX12 905620 0.006841
905407 CX12 904973 0.006841
905407 CX12 905581 0.006841
905407 CX12 905051 0.006841
905407 CX12 905698 0.006841
905407 CX12 905090 0.006841
905407 CX12 905659 0.006841
905407 X0 905403 0.978034
905407 X0 905407 0.007322
905407 X0 905410 0.007322
905407 X0 905406 0.007322
905408 CX02 905012 0.916315
905408 CX02 905620 0.011955
905408 CX02 904973 0.011955
905408 CX02 905581 0.011955
905408 CX02 905051 0.011955
905408 CX02 905698 0.011955
905408 CX02 905090 0.011955
905408 CX02 905659 0.011955
905408 CX12 905620 0.952113
905408 CX12 905012 0.006841
905408 CX12 905581 0.006841
905408 CX12 904973 0.006841
905408 CX12 905698 0.006841
905408 CX12 905051 0.006841
905408 CX12 905659 0.006841
905408 CX12 905090 0.006841
905408 X0 905404 0.978034
905408 X0 905408 0.007322
905408 X0 905409 0.007322
905408 X0 905405 0.007322
905409 CX02 905090 0.916315
905409 CX02 905659 0.011955
905409 CX02 905051 0.011955
905409 CX02 905698 0.011955
905409 CX02 904973 0.011955
905409 CX02 905581 0.011955
905409 CX02 905012 0.011955
905409 CX02 905620 0.011955
905409 CX12 905659 0.952113
905409 CX12 905090 0.006841
905409 CX12 905698 0.006841
905409 CX12 905051 0.006841
905409 CX12 905581 0.006841
905409 CX12 904973 0.006841
905409 CX12 905620 0.006841
905409 CX12 905012 0.006841
905409 X0 905405 0.978034
905409 X0 905409 0.007322
905409 X0 905408 0.007322
905409 X0 905404 0.007322
905410 CX02 905659 0.916315
905410 CX02 905090 0.011955
905410 CX02 905698 0.011955
905410 CX02 905051 0.011955
905410 CX02 905581 0.011955
905410 CX02 904973 0.011955
905410 CX02 905620 0.011955
905410 CX02 905012 0.011955
905410 CX12 905090 0.952113
905410 CX12 905659 0.006841
905410 CX12 905051 0.006841
905410 CX12 905698 0.006841
905410 CX12 904973 0.006841
905410 CX12 905581 0.006841
905410 CX12 905012 0.006841
905410 CX12 905620 0.006841
905410 X0 905406 0.978034
905410 X0 905410 0.007322
905410 X0 905407 0.007322
905410 X0 905403 0.007322
905581 CX02 905404 0.916315
905581 CX02 905403 0.011955
905581 CX02 905406 0.011955
905581 CX02 905405 0.011955
905581 CX02 905408 0.011955
905581 CX02 905407 0.011955
905581 CX02 905410 0.011955
905581 CX02 905409 0.011955
905581 CX12 905404 0.952113
905581 CX12 905403 0.006841
905581 CX12 905406 0.006841
905581 CX12 905405 0.006841
905581 CX12 905407 0.006841
905581 CX12 905408 0.006841
905581 CX12 905409 0.006841
905581 CX12 905410 0.006841
905581 P2 905581 0.910000
905581 P2 905111 0.090000
905581 X0 905620 0.978034
905581 X0 905581 0.007322
905581 X0 905698 0.007322
905581 X0 905659 0.007322
905620 CX02 905407 0.916315
905620 CX02 905408 0.011955
905620 CX02 905409 0.011955
905620 CX02 905410 0.011955
905620 CX02 905403 0.011955
905620 CX02 905404 0.011955
905620 CX02 905405 0.011955
905620 CX02 905406 0.011955
905620 CX12 905408 0.952113
905620 CX12 905407 0.006841
905620 CX12 905410 0.006841
905620 CX12 905409 0.006841
905620 CX12 905403 0.006841
905620 CX12 905404 0.006841
905620 CX12 905405 0.006841
905620 CX12 905406 0.006841
905620 P2 905620 0.910000
905620 P2 905112 0.090000
905620 X0 905581 0.978034
905620 X0 905620 0.007322
905620 X0 905659 0.007322
905620 X0 905698 0.007322
905659 CX02 905410 0.916315
905659 CX02 905409 0.011955
905659 CX02 905408 0.011955
905659 CX02 905407 0.011955
905659 CX02 905406 0.011955
905659 CX02 905405 0.011955
905659 CX02 905404 0.011955
905659 CX02 905403 0.011955
905659 CX12 905409 0.952113
905659 CX12 905410 0.006841
905659 CX12 905407 0.006841
905659 CX12 905408 0.006841
905659 CX12 905406 0.006841
905659 CX12 905405 0.006841
905659 CX12 905404 0.006841
905659 CX12 905403 0.006841
905659 P2 905659 0.910000
905659 P2 905113 0.090000
905659 X0 905698 0.978034
905659 X0 905659 0.007322
905659 X0 905620 0.007322
905659 X0 905581 0.007322
905698 CX02 905405 0.916315
905698 CX02 905406 0.011955
905698 CX02 905403 0.011955
905698 CX02 905404 0.011955
905698 CX02 905409 0.011955
905698 CX02 905410 0.011955
905698 CX02 905407 0.011955
905698 CX02 905408 0.011955
905698 CX12 905405 0.952113
905698 CX12 905406 0.006841
905698 CX12 905403 0.006841
905698 CX12 905404 0.006841
905698 CX12 905410 0.006841
905698 CX12 905409 0.006841
905698 CX12 905408 0.006841
905698 CX12 905407 0.006841
905698 P2 905698 0.910000
905698 P2 905114 0.090000
905698 X0 905659 0.978034
905698 X0 905698 0.007322
905698 X0 905581 0.007322
905698 X0 905620 0.007322
ENDPOMDP
