BEGINPOMDP
INITIALSTATE: 880586
STATES: 880586,880587,880588,880589,880590,880607,880608,880609,880610,880611,880612,880613,880614,880633,880672,880711,880750,880771,880772,880773,880774,881063,881064,881065,881066,881067,881068,881069,881070,881241,881280,881319,881358
TARGETV: 880587,880589,880633,880711,880771,880774,881241,881358
GAMMA: 880586:0,880587:0,880588:0,880589:0,880590:0,880607:0,880608:0,880609:0,880610:0,880611:0,880612:0,880613:0,880614:0,880633:1,880672:1,880711:1,880750:1,880771:0,880772:0,880773:0,880774:0,881063:1,881064:1,881065:1,881066:1,881067:1,881068:1,881069:1,881070:1,881241:1,881280:1,881319:1,881358:1
BEGINACTIONS
CX02
CX12
P2
X0
ENDACTIONS
880586 INIT_ 880587 0.250000
880586 INIT_ 880588 0.250000
880586 INIT_ 880589 0.250000
880586 INIT_ 880590 0.250000
880587 CX02 880607 0.951427
880587 CX02 880608 0.006939
880587 CX02 880609 0.006939
880587 CX02 880610 0.006939
880587 CX02 880611 0.006939
880587 CX02 880612 0.006939
880587 CX02 880613 0.006939
880587 CX02 880614 0.006939
880587 CX12 880607 0.969169
880587 CX12 880608 0.004404
880587 CX12 880609 0.004404
880587 CX12 880610 0.004404
880587 CX12 880612 0.004404
880587 CX12 880611 0.004404
880587 CX12 880614 0.004404
880587 CX12 880613 0.004404
880587 P2 880587 0.990200
880587 P2 880633 0.009800
880587 X0 880588 0.996087
880587 X0 880587 0.001304
880587 X0 880589 0.001304
880587 X0 880590 0.001304
880588 CX02 880612 0.951427
880588 CX02 880611 0.006939
880588 CX02 880614 0.006939
880588 CX02 880613 0.006939
880588 CX02 880608 0.006939
880588 CX02 880607 0.006939
880588 CX02 880610 0.006939
880588 CX02 880609 0.006939
880588 CX12 880611 0.969169
880588 CX12 880612 0.004404
880588 CX12 880613 0.004404
880588 CX12 880614 0.004404
880588 CX12 880608 0.004404
880588 CX12 880607 0.004404
880588 CX12 880610 0.004404
880588 CX12 880609 0.004404
880588 P2 880588 0.990200
880588 P2 880672 0.009800
880588 X0 880587 0.996087
880588 X0 880588 0.001304
880588 X0 880590 0.001304
880588 X0 880589 0.001304
880589 CX02 880610 0.951427
880589 CX02 880609 0.006939
880589 CX02 880608 0.006939
880589 CX02 880607 0.006939
880589 CX02 880614 0.006939
880589 CX02 880613 0.006939
880589 CX02 880612 0.006939
880589 CX02 880611 0.006939
880589 CX12 880610 0.969169
880589 CX12 880609 0.004404
880589 CX12 880608 0.004404
880589 CX12 880607 0.004404
880589 CX12 880613 0.004404
880589 CX12 880614 0.004404
880589 CX12 880611 0.004404
880589 CX12 880612 0.004404
880589 P2 880589 0.990200
880589 P2 880711 0.009800
880589 X0 880590 0.996087
880589 X0 880589 0.001304
880589 X0 880587 0.001304
880589 X0 880588 0.001304
880590 CX02 880613 0.951427
880590 CX02 880614 0.006939
880590 CX02 880611 0.006939
880590 CX02 880612 0.006939
880590 CX02 880609 0.006939
880590 CX02 880610 0.006939
880590 CX02 880607 0.006939
880590 CX02 880608 0.006939
880590 CX12 880614 0.969169
880590 CX12 880613 0.004404
880590 CX12 880612 0.004404
880590 CX12 880611 0.004404
880590 CX12 880609 0.004404
880590 CX12 880610 0.004404
880590 CX12 880607 0.004404
880590 CX12 880608 0.004404
880590 P2 880590 0.990200
880590 P2 880750 0.009800
880590 X0 880589 0.996087
880590 X0 880590 0.001304
880590 X0 880588 0.001304
880590 X0 880587 0.001304
880607 CX02 880587 0.951427
880607 CX02 880771 0.006939
880607 CX02 880588 0.006939
880607 CX02 880772 0.006939
880607 CX02 880590 0.006939
880607 CX02 880773 0.006939
880607 CX02 880589 0.006939
880607 CX02 880774 0.006939
880607 CX12 880587 0.969169
880607 CX12 880771 0.004404
880607 CX12 880588 0.004404
880607 CX12 880772 0.004404
880607 CX12 880590 0.004404
880607 CX12 880773 0.004404
880607 CX12 880589 0.004404
880607 CX12 880774 0.004404
880607 X0 880611 0.996087
880607 X0 880607 0.001304
880607 X0 880610 0.001304
880607 X0 880614 0.001304
880608 CX02 880771 0.951427
880608 CX02 880587 0.006939
880608 CX02 880772 0.006939
880608 CX02 880588 0.006939
880608 CX02 880773 0.006939
880608 CX02 880590 0.006939
880608 CX02 880774 0.006939
880608 CX02 880589 0.006939
880608 CX12 880771 0.969169
880608 CX12 880587 0.004404
880608 CX12 880772 0.004404
880608 CX12 880588 0.004404
880608 CX12 880773 0.004404
880608 CX12 880590 0.004404
880608 CX12 880774 0.004404
880608 CX12 880589 0.004404
880608 X0 880612 0.996087
880608 X0 880608 0.001304
880608 X0 880609 0.001304
880608 X0 880613 0.001304
880609 CX02 880774 0.951427
880609 CX02 880589 0.006939
880609 CX02 880773 0.006939
880609 CX02 880590 0.006939
880609 CX02 880772 0.006939
880609 CX02 880588 0.006939
880609 CX02 880771 0.006939
880609 CX02 880587 0.006939
880609 CX12 880774 0.969169
880609 CX12 880589 0.004404
880609 CX12 880773 0.004404
880609 CX12 880590 0.004404
880609 CX12 880772 0.004404
880609 CX12 880588 0.004404
880609 CX12 880771 0.004404
880609 CX12 880587 0.004404
880609 X0 880613 0.996087
880609 X0 880609 0.001304
880609 X0 880608 0.001304
880609 X0 880612 0.001304
880610 CX02 880589 0.951427
880610 CX02 880774 0.006939
880610 CX02 880590 0.006939
880610 CX02 880773 0.006939
880610 CX02 880588 0.006939
880610 CX02 880772 0.006939
880610 CX02 880587 0.006939
880610 CX02 880771 0.006939
880610 CX12 880589 0.969169
880610 CX12 880774 0.004404
880610 CX12 880590 0.004404
880610 CX12 880773 0.004404
880610 CX12 880588 0.004404
880610 CX12 880772 0.004404
880610 CX12 880587 0.004404
880610 CX12 880771 0.004404
880610 X0 880614 0.996087
880610 X0 880610 0.001304
880610 X0 880607 0.001304
880610 X0 880611 0.001304
880611 CX02 880772 0.951427
880611 CX02 880588 0.006939
880611 CX02 880771 0.006939
880611 CX02 880587 0.006939
880611 CX02 880774 0.006939
880611 CX02 880589 0.006939
880611 CX02 880773 0.006939
880611 CX02 880590 0.006939
880611 CX12 880588 0.969169
880611 CX12 880772 0.004404
880611 CX12 880587 0.004404
880611 CX12 880771 0.004404
880611 CX12 880589 0.004404
880611 CX12 880774 0.004404
880611 CX12 880590 0.004404
880611 CX12 880773 0.004404
880611 X0 880607 0.996087
880611 X0 880611 0.001304
880611 X0 880614 0.001304
880611 X0 880610 0.001304
880612 CX02 880588 0.951427
880612 CX02 880772 0.006939
880612 CX02 880587 0.006939
880612 CX02 880771 0.006939
880612 CX02 880589 0.006939
880612 CX02 880774 0.006939
880612 CX02 880590 0.006939
880612 CX02 880773 0.006939
880612 CX12 880772 0.969169
880612 CX12 880588 0.004404
880612 CX12 880771 0.004404
880612 CX12 880587 0.004404
880612 CX12 880774 0.004404
880612 CX12 880589 0.004404
880612 CX12 880773 0.004404
880612 CX12 880590 0.004404
880612 X0 880608 0.996087
880612 X0 880612 0.001304
880612 X0 880613 0.001304
880612 X0 880609 0.001304
880613 CX02 880590 0.951427
880613 CX02 880773 0.006939
880613 CX02 880589 0.006939
880613 CX02 880774 0.006939
880613 CX02 880587 0.006939
880613 CX02 880771 0.006939
880613 CX02 880588 0.006939
880613 CX02 880772 0.006939
880613 CX12 880773 0.969169
880613 CX12 880590 0.004404
880613 CX12 880774 0.004404
880613 CX12 880589 0.004404
880613 CX12 880771 0.004404
880613 CX12 880587 0.004404
880613 CX12 880772 0.004404
880613 CX12 880588 0.004404
880613 X0 880609 0.996087
880613 X0 880613 0.001304
880613 X0 880612 0.001304
880613 X0 880608 0.001304
880614 CX02 880773 0.951427
880614 CX02 880590 0.006939
880614 CX02 880774 0.006939
880614 CX02 880589 0.006939
880614 CX02 880771 0.006939
880614 CX02 880587 0.006939
880614 CX02 880772 0.006939
880614 CX02 880588 0.006939
880614 CX12 880590 0.969169
880614 CX12 880773 0.004404
880614 CX12 880589 0.004404
880614 CX12 880774 0.004404
880614 CX12 880587 0.004404
880614 CX12 880771 0.004404
880614 CX12 880588 0.004404
880614 CX12 880772 0.004404
880614 X0 880610 0.996087
880614 X0 880614 0.001304
880614 X0 880611 0.001304
880614 X0 880607 0.001304
880633 CX02 881063 0.951427
880633 CX02 881064 0.006939
880633 CX02 881065 0.006939
880633 CX02 881066 0.006939
880633 CX02 881067 0.006939
880633 CX02 881068 0.006939
880633 CX02 881069 0.006939
880633 CX02 881070 0.006939
880633 CX12 881063 0.969169
880633 CX12 881064 0.004404
880633 CX12 881065 0.004404
880633 CX12 881066 0.004404
880633 CX12 881068 0.004404
880633 CX12 881067 0.004404
880633 CX12 881070 0.004404
880633 CX12 881069 0.004404
880633 P2 880587 0.990200
880633 P2 880633 0.009800
880633 X0 880672 0.996087
880633 X0 880633 0.001304
880633 X0 880711 0.001304
880633 X0 880750 0.001304
880672 CX02 881068 0.951427
880672 CX02 881067 0.006939
880672 CX02 881070 0.006939
880672 CX02 881069 0.006939
880672 CX02 881064 0.006939
880672 CX02 881063 0.006939
880672 CX02 881066 0.006939
880672 CX02 881065 0.006939
880672 CX12 881067 0.969169
880672 CX12 881068 0.004404
880672 CX12 881069 0.004404
880672 CX12 881070 0.004404
880672 CX12 881064 0.004404
880672 CX12 881063 0.004404
880672 CX12 881066 0.004404
880672 CX12 881065 0.004404
880672 P2 880588 0.990200
880672 P2 880672 0.009800
880672 X0 880633 0.996087
880672 X0 880672 0.001304
880672 X0 880750 0.001304
880672 X0 880711 0.001304
880711 CX02 881066 0.951427
880711 CX02 881065 0.006939
880711 CX02 881064 0.006939
880711 CX02 881063 0.006939
880711 CX02 881070 0.006939
880711 CX02 881069 0.006939
880711 CX02 881068 0.006939
880711 CX02 881067 0.006939
880711 CX12 881066 0.969169
880711 CX12 881065 0.004404
880711 CX12 881064 0.004404
880711 CX12 881063 0.004404
880711 CX12 881069 0.004404
880711 CX12 881070 0.004404
880711 CX12 881067 0.004404
880711 CX12 881068 0.004404
880711 P2 880589 0.990200
880711 P2 880711 0.009800
880711 X0 880750 0.996087
880711 X0 880711 0.001304
880711 X0 880633 0.001304
880711 X0 880672 0.001304
880750 CX02 881069 0.951427
880750 CX02 881070 0.006939
880750 CX02 881067 0.006939
880750 CX02 881068 0.006939
880750 CX02 881065 0.006939
880750 CX02 881066 0.006939
880750 CX02 881063 0.006939
880750 CX02 881064 0.006939
880750 CX12 881070 0.969169
880750 CX12 881069 0.004404
880750 CX12 881068 0.004404
880750 CX12 881067 0.004404
880750 CX12 881065 0.004404
880750 CX12 881066 0.004404
880750 CX12 881063 0.004404
880750 CX12 881064 0.004404
880750 P2 880590 0.990200
880750 P2 880750 0.009800
880750 X0 880711 0.996087
880750 X0 880750 0.001304
880750 X0 880672 0.001304
880750 X0 880633 0.001304
880771 CX02 880608 0.951427
880771 CX02 880607 0.006939
880771 CX02 880610 0.006939
880771 CX02 880609 0.006939
880771 CX02 880612 0.006939
880771 CX02 880611 0.006939
880771 CX02 880614 0.006939
880771 CX02 880613 0.006939
880771 CX12 880608 0.969169
880771 CX12 880607 0.004404
880771 CX12 880610 0.004404
880771 CX12 880609 0.004404
880771 CX12 880611 0.004404
880771 CX12 880612 0.004404
880771 CX12 880613 0.004404
880771 CX12 880614 0.004404
880771 P2 881241 0.974800
880771 P2 880771 0.025200
880771 X0 880772 0.996087
880771 X0 880771 0.001304
880771 X0 880774 0.001304
880771 X0 880773 0.001304
880772 CX02 880611 0.951427
880772 CX02 880612 0.006939
880772 CX02 880613 0.006939
880772 CX02 880614 0.006939
880772 CX02 880607 0.006939
880772 CX02 880608 0.006939
880772 CX02 880609 0.006939
880772 CX02 880610 0.006939
880772 CX12 880612 0.969169
880772 CX12 880611 0.004404
880772 CX12 880614 0.004404
880772 CX12 880613 0.004404
880772 CX12 880607 0.004404
880772 CX12 880608 0.004404
880772 CX12 880609 0.004404
880772 CX12 880610 0.004404
880772 P2 881280 0.974800
880772 P2 880772 0.025200
880772 X0 880771 0.996087
880772 X0 880772 0.001304
880772 X0 880773 0.001304
880772 X0 880774 0.001304
880773 CX02 880614 0.951427
880773 CX02 880613 0.006939
880773 CX02 880612 0.006939
880773 CX02 880611 0.006939
880773 CX02 880610 0.006939
880773 CX02 880609 0.006939
880773 CX02 880608 0.006939
880773 CX02 880607 0.006939
880773 CX12 880613 0.969169
880773 CX12 880614 0.004404
880773 CX12 880611 0.004404
880773 CX12 880612 0.004404
880773 CX12 880610 0.004404
880773 CX12 880609 0.004404
880773 CX12 880608 0.004404
880773 CX12 880607 0.004404
880773 P2 881319 0.974800
880773 P2 880773 0.025200
880773 X0 880774 0.996087
880773 X0 880773 0.001304
880773 X0 880772 0.001304
880773 X0 880771 0.001304
880774 CX02 880609 0.951427
880774 CX02 880610 0.006939
880774 CX02 880607 0.006939
880774 CX02 880608 0.006939
880774 CX02 880613 0.006939
880774 CX02 880614 0.006939
880774 CX02 880611 0.006939
880774 CX02 880612 0.006939
880774 CX12 880609 0.969169
880774 CX12 880610 0.004404
880774 CX12 880607 0.004404
880774 CX12 880608 0.004404
880774 CX12 880614 0.004404
880774 CX12 880613 0.004404
880774 CX12 880612 0.004404
880774 CX12 880611 0.004404
880774 P2 881358 0.974800
880774 P2 880774 0.025200
880774 X0 880773 0.996087
880774 X0 880774 0.001304
880774 X0 880771 0.001304
880774 X0 880772 0.001304
881063 CX02 880633 0.951427
881063 CX02 881241 0.006939
881063 CX02 880672 0.006939
881063 CX02 881280 0.006939
881063 CX02 880750 0.006939
881063 CX02 881319 0.006939
881063 CX02 880711 0.006939
881063 CX02 881358 0.006939
881063 CX12 880633 0.969169
881063 CX12 881241 0.004404
881063 CX12 880672 0.004404
881063 CX12 881280 0.004404
881063 CX12 880750 0.004404
881063 CX12 881319 0.004404
881063 CX12 880711 0.004404
881063 CX12 881358 0.004404
881063 X0 881067 0.996087
881063 X0 881063 0.001304
881063 X0 881066 0.001304
881063 X0 881070 0.001304
881064 CX02 881241 0.951427
881064 CX02 880633 0.006939
881064 CX02 881280 0.006939
881064 CX02 880672 0.006939
881064 CX02 881319 0.006939
881064 CX02 880750 0.006939
881064 CX02 881358 0.006939
881064 CX02 880711 0.006939
881064 CX12 881241 0.969169
881064 CX12 880633 0.004404
881064 CX12 881280 0.004404
881064 CX12 880672 0.004404
881064 CX12 881319 0.004404
881064 CX12 880750 0.004404
881064 CX12 881358 0.004404
881064 CX12 880711 0.004404
881064 X0 881068 0.996087
881064 X0 881064 0.001304
881064 X0 881065 0.001304
881064 X0 881069 0.001304
881065 CX02 881358 0.951427
881065 CX02 880711 0.006939
881065 CX02 881319 0.006939
881065 CX02 880750 0.006939
881065 CX02 881280 0.006939
881065 CX02 880672 0.006939
881065 CX02 881241 0.006939
881065 CX02 880633 0.006939
881065 CX12 881358 0.969169
881065 CX12 880711 0.004404
881065 CX12 881319 0.004404
881065 CX12 880750 0.004404
881065 CX12 881280 0.004404
881065 CX12 880672 0.004404
881065 CX12 881241 0.004404
881065 CX12 880633 0.004404
881065 X0 881069 0.996087
881065 X0 881065 0.001304
881065 X0 881064 0.001304
881065 X0 881068 0.001304
881066 CX02 880711 0.951427
881066 CX02 881358 0.006939
881066 CX02 880750 0.006939
881066 CX02 881319 0.006939
881066 CX02 880672 0.006939
881066 CX02 881280 0.006939
881066 CX02 880633 0.006939
881066 CX02 881241 0.006939
881066 CX12 880711 0.969169
881066 CX12 881358 0.004404
881066 CX12 880750 0.004404
881066 CX12 881319 0.004404
881066 CX12 880672 0.004404
881066 CX12 881280 0.004404
881066 CX12 880633 0.004404
881066 CX12 881241 0.004404
881066 X0 881070 0.996087
881066 X0 881066 0.001304
881066 X0 881063 0.001304
881066 X0 881067 0.001304
881067 CX02 881280 0.951427
881067 CX02 880672 0.006939
881067 CX02 881241 0.006939
881067 CX02 880633 0.006939
881067 CX02 881358 0.006939
881067 CX02 880711 0.006939
881067 CX02 881319 0.006939
881067 CX02 880750 0.006939
881067 CX12 880672 0.969169
881067 CX12 881280 0.004404
881067 CX12 880633 0.004404
881067 CX12 881241 0.004404
881067 CX12 880711 0.004404
881067 CX12 881358 0.004404
881067 CX12 880750 0.004404
881067 CX12 881319 0.004404
881067 X0 881063 0.996087
881067 X0 881067 0.001304
881067 X0 881070 0.001304
881067 X0 881066 0.001304
881068 CX02 880672 0.951427
881068 CX02 881280 0.006939
881068 CX02 880633 0.006939
881068 CX02 881241 0.006939
881068 CX02 880711 0.006939
881068 CX02 881358 0.006939
881068 CX02 880750 0.006939
881068 CX02 881319 0.006939
881068 CX12 881280 0.969169
881068 CX12 880672 0.004404
881068 CX12 881241 0.004404
881068 CX12 880633 0.004404
881068 CX12 881358 0.004404
881068 CX12 880711 0.004404
881068 CX12 881319 0.004404
881068 CX12 880750 0.004404
881068 X0 881064 0.996087
881068 X0 881068 0.001304
881068 X0 881069 0.001304
881068 X0 881065 0.001304
881069 CX02 880750 0.951427
881069 CX02 881319 0.006939
881069 CX02 880711 0.006939
881069 CX02 881358 0.006939
881069 CX02 880633 0.006939
881069 CX02 881241 0.006939
881069 CX02 880672 0.006939
881069 CX02 881280 0.006939
881069 CX12 881319 0.969169
881069 CX12 880750 0.004404
881069 CX12 881358 0.004404
881069 CX12 880711 0.004404
881069 CX12 881241 0.004404
881069 CX12 880633 0.004404
881069 CX12 881280 0.004404
881069 CX12 880672 0.004404
881069 X0 881065 0.996087
881069 X0 881069 0.001304
881069 X0 881068 0.001304
881069 X0 881064 0.001304
881070 CX02 881319 0.951427
881070 CX02 880750 0.006939
881070 CX02 881358 0.006939
881070 CX02 880711 0.006939
881070 CX02 881241 0.006939
881070 CX02 880633 0.006939
881070 CX02 881280 0.006939
881070 CX02 880672 0.006939
881070 CX12 880750 0.969169
881070 CX12 881319 0.004404
881070 CX12 880711 0.004404
881070 CX12 881358 0.004404
881070 CX12 880633 0.004404
881070 CX12 881241 0.004404
881070 CX12 880672 0.004404
881070 CX12 881280 0.004404
881070 X0 881066 0.996087
881070 X0 881070 0.001304
881070 X0 881067 0.001304
881070 X0 881063 0.001304
881241 CX02 881064 0.951427
881241 CX02 881063 0.006939
881241 CX02 881066 0.006939
881241 CX02 881065 0.006939
881241 CX02 881068 0.006939
881241 CX02 881067 0.006939
881241 CX02 881070 0.006939
881241 CX02 881069 0.006939
881241 CX12 881064 0.969169
881241 CX12 881063 0.004404
881241 CX12 881066 0.004404
881241 CX12 881065 0.004404
881241 CX12 881067 0.004404
881241 CX12 881068 0.004404
881241 CX12 881069 0.004404
881241 CX12 881070 0.004404
881241 P2 881241 0.974800
881241 P2 880771 0.025200
881241 X0 881280 0.996087
881241 X0 881241 0.001304
881241 X0 881358 0.001304
881241 X0 881319 0.001304
881280 CX02 881067 0.951427
881280 CX02 881068 0.006939
881280 CX02 881069 0.006939
881280 CX02 881070 0.006939
881280 CX02 881063 0.006939
881280 CX02 881064 0.006939
881280 CX02 881065 0.006939
881280 CX02 881066 0.006939
881280 CX12 881068 0.969169
881280 CX12 881067 0.004404
881280 CX12 881070 0.004404
881280 CX12 881069 0.004404
881280 CX12 881063 0.004404
881280 CX12 881064 0.004404
881280 CX12 881065 0.004404
881280 CX12 881066 0.004404
881280 P2 881280 0.974800
881280 P2 880772 0.025200
881280 X0 881241 0.996087
881280 X0 881280 0.001304
881280 X0 881319 0.001304
881280 X0 881358 0.001304
881319 CX02 881070 0.951427
881319 CX02 881069 0.006939
881319 CX02 881068 0.006939
881319 CX02 881067 0.006939
881319 CX02 881066 0.006939
881319 CX02 881065 0.006939
881319 CX02 881064 0.006939
881319 CX02 881063 0.006939
881319 CX12 881069 0.969169
881319 CX12 881070 0.004404
881319 CX12 881067 0.004404
881319 CX12 881068 0.004404
881319 CX12 881066 0.004404
881319 CX12 881065 0.004404
881319 CX12 881064 0.004404
881319 CX12 881063 0.004404
881319 P2 881319 0.974800
881319 P2 880773 0.025200
881319 X0 881358 0.996087
881319 X0 881319 0.001304
881319 X0 881280 0.001304
881319 X0 881241 0.001304
881358 CX02 881065 0.951427
881358 CX02 881066 0.006939
881358 CX02 881063 0.006939
881358 CX02 881064 0.006939
881358 CX02 881069 0.006939
881358 CX02 881070 0.006939
881358 CX02 881067 0.006939
881358 CX02 881068 0.006939
881358 CX12 881065 0.969169
881358 CX12 881066 0.004404
881358 CX12 881063 0.004404
881358 CX12 881064 0.004404
881358 CX12 881070 0.004404
881358 CX12 881069 0.004404
881358 CX12 881068 0.004404
881358 CX12 881067 0.004404
881358 P2 881358 0.974800
881358 P2 880774 0.025200
881358 X0 881319 0.996087
881358 X0 881358 0.001304
881358 X0 881241 0.001304
881358 X0 881280 0.001304
ENDPOMDP
