BEGINPOMDP
INITIALSTATE: 902492
STATES: 902492,902493,902494,902495,902496,902513,902514,902515,902516,902517,902518,902519,902520,902539,902578,902617,902656,902677,902678,902679,902680,902969,902970,902971,902972,902973,902974,902975,902976,903147,903186,903225,903264
TARGETV: 902493,902495,902539,902617,902677,902680,903147,903264
GAMMA: 902492:0,902493:0,902494:0,902495:0,902496:0,902513:0,902514:0,902515:0,902516:0,902517:0,902518:0,902519:0,902520:0,902539:1,902578:1,902617:1,902656:1,902677:0,902678:0,902679:0,902680:0,902969:1,902970:1,902971:1,902972:1,902973:1,902974:1,902975:1,902976:1,903147:1,903186:1,903225:1,903264:1
BEGINACTIONS
CX02
CX12
P2
X0
ENDACTIONS
902492 INIT_ 902493 0.250000
902492 INIT_ 902494 0.250000
902492 INIT_ 902495 0.250000
902492 INIT_ 902496 0.250000
902493 CX02 902513 0.975925
902493 CX02 902514 0.003439
902493 CX02 902515 0.003439
902493 CX02 902516 0.003439
902493 CX02 902517 0.003439
902493 CX02 902518 0.003439
902493 CX02 902519 0.003439
902493 CX02 902520 0.003439
902493 CX12 902513 0.981653
902493 CX12 902514 0.002621
902493 CX12 902515 0.002621
902493 CX12 902516 0.002621
902493 CX12 902518 0.002621
902493 CX12 902517 0.002621
902493 CX12 902520 0.002621
902493 CX12 902519 0.002621
902493 P2 902493 0.994000
902493 P2 902539 0.006000
902493 X0 902494 0.997954
902493 X0 902493 0.000682
902493 X0 902495 0.000682
902493 X0 902496 0.000682
902494 CX02 902518 0.975925
902494 CX02 902517 0.003439
902494 CX02 902520 0.003439
902494 CX02 902519 0.003439
902494 CX02 902514 0.003439
902494 CX02 902513 0.003439
902494 CX02 902516 0.003439
902494 CX02 902515 0.003439
902494 CX12 902517 0.981653
902494 CX12 902518 0.002621
902494 CX12 902519 0.002621
902494 CX12 902520 0.002621
902494 CX12 902514 0.002621
902494 CX12 902513 0.002621
902494 CX12 902516 0.002621
902494 CX12 902515 0.002621
902494 P2 902494 0.994000
902494 P2 902578 0.006000
902494 X0 902493 0.997954
902494 X0 902494 0.000682
902494 X0 902496 0.000682
902494 X0 902495 0.000682
902495 CX02 902516 0.975925
902495 CX02 902515 0.003439
902495 CX02 902514 0.003439
902495 CX02 902513 0.003439
902495 CX02 902520 0.003439
902495 CX02 902519 0.003439
902495 CX02 902518 0.003439
902495 CX02 902517 0.003439
902495 CX12 902516 0.981653
902495 CX12 902515 0.002621
902495 CX12 902514 0.002621
902495 CX12 902513 0.002621
902495 CX12 902519 0.002621
902495 CX12 902520 0.002621
902495 CX12 902517 0.002621
902495 CX12 902518 0.002621
902495 P2 902495 0.994000
902495 P2 902617 0.006000
902495 X0 902496 0.997954
902495 X0 902495 0.000682
902495 X0 902493 0.000682
902495 X0 902494 0.000682
902496 CX02 902519 0.975925
902496 CX02 902520 0.003439
902496 CX02 902517 0.003439
902496 CX02 902518 0.003439
902496 CX02 902515 0.003439
902496 CX02 902516 0.003439
902496 CX02 902513 0.003439
902496 CX02 902514 0.003439
902496 CX12 902520 0.981653
902496 CX12 902519 0.002621
902496 CX12 902518 0.002621
902496 CX12 902517 0.002621
902496 CX12 902515 0.002621
902496 CX12 902516 0.002621
902496 CX12 902513 0.002621
902496 CX12 902514 0.002621
902496 P2 902496 0.994000
902496 P2 902656 0.006000
902496 X0 902495 0.997954
902496 X0 902496 0.000682
902496 X0 902494 0.000682
902496 X0 902493 0.000682
902513 CX02 902493 0.975925
902513 CX02 902677 0.003439
902513 CX02 902494 0.003439
902513 CX02 902678 0.003439
902513 CX02 902496 0.003439
902513 CX02 902679 0.003439
902513 CX02 902495 0.003439
902513 CX02 902680 0.003439
902513 CX12 902493 0.981653
902513 CX12 902677 0.002621
902513 CX12 902494 0.002621
902513 CX12 902678 0.002621
902513 CX12 902496 0.002621
902513 CX12 902679 0.002621
902513 CX12 902495 0.002621
902513 CX12 902680 0.002621
902513 X0 902517 0.997954
902513 X0 902513 0.000682
902513 X0 902516 0.000682
902513 X0 902520 0.000682
902514 CX02 902677 0.975925
902514 CX02 902493 0.003439
902514 CX02 902678 0.003439
902514 CX02 902494 0.003439
902514 CX02 902679 0.003439
902514 CX02 902496 0.003439
902514 CX02 902680 0.003439
902514 CX02 902495 0.003439
902514 CX12 902677 0.981653
902514 CX12 902493 0.002621
902514 CX12 902678 0.002621
902514 CX12 902494 0.002621
902514 CX12 902679 0.002621
902514 CX12 902496 0.002621
902514 CX12 902680 0.002621
902514 CX12 902495 0.002621
902514 X0 902518 0.997954
902514 X0 902514 0.000682
902514 X0 902515 0.000682
902514 X0 902519 0.000682
902515 CX02 902680 0.975925
902515 CX02 902495 0.003439
902515 CX02 902679 0.003439
902515 CX02 902496 0.003439
902515 CX02 902678 0.003439
902515 CX02 902494 0.003439
902515 CX02 902677 0.003439
902515 CX02 902493 0.003439
902515 CX12 902680 0.981653
902515 CX12 902495 0.002621
902515 CX12 902679 0.002621
902515 CX12 902496 0.002621
902515 CX12 902678 0.002621
902515 CX12 902494 0.002621
902515 CX12 902677 0.002621
902515 CX12 902493 0.002621
902515 X0 902519 0.997954
902515 X0 902515 0.000682
902515 X0 902514 0.000682
902515 X0 902518 0.000682
902516 CX02 902495 0.975925
902516 CX02 902680 0.003439
902516 CX02 902496 0.003439
902516 CX02 902679 0.003439
902516 CX02 902494 0.003439
902516 CX02 902678 0.003439
902516 CX02 902493 0.003439
902516 CX02 902677 0.003439
902516 CX12 902495 0.981653
902516 CX12 902680 0.002621
902516 CX12 902496 0.002621
902516 CX12 902679 0.002621
902516 CX12 902494 0.002621
902516 CX12 902678 0.002621
902516 CX12 902493 0.002621
902516 CX12 902677 0.002621
902516 X0 902520 0.997954
902516 X0 902516 0.000682
902516 X0 902513 0.000682
902516 X0 902517 0.000682
902517 CX02 902678 0.975925
902517 CX02 902494 0.003439
902517 CX02 902677 0.003439
902517 CX02 902493 0.003439
902517 CX02 902680 0.003439
902517 CX02 902495 0.003439
902517 CX02 902679 0.003439
902517 CX02 902496 0.003439
902517 CX12 902494 0.981653
902517 CX12 902678 0.002621
902517 CX12 902493 0.002621
902517 CX12 902677 0.002621
902517 CX12 902495 0.002621
902517 CX12 902680 0.002621
902517 CX12 902496 0.002621
902517 CX12 902679 0.002621
902517 X0 902513 0.997954
902517 X0 902517 0.000682
902517 X0 902520 0.000682
902517 X0 902516 0.000682
902518 CX02 902494 0.975925
902518 CX02 902678 0.003439
902518 CX02 902493 0.003439
902518 CX02 902677 0.003439
902518 CX02 902495 0.003439
902518 CX02 902680 0.003439
902518 CX02 902496 0.003439
902518 CX02 902679 0.003439
902518 CX12 902678 0.981653
902518 CX12 902494 0.002621
902518 CX12 902677 0.002621
902518 CX12 902493 0.002621
902518 CX12 902680 0.002621
902518 CX12 902495 0.002621
902518 CX12 902679 0.002621
902518 CX12 902496 0.002621
902518 X0 902514 0.997954
902518 X0 902518 0.000682
902518 X0 902519 0.000682
902518 X0 902515 0.000682
902519 CX02 902496 0.975925
902519 CX02 902679 0.003439
902519 CX02 902495 0.003439
902519 CX02 902680 0.003439
902519 CX02 902493 0.003439
902519 CX02 902677 0.003439
902519 CX02 902494 0.003439
902519 CX02 902678 0.003439
902519 CX12 902679 0.981653
902519 CX12 902496 0.002621
902519 CX12 902680 0.002621
902519 CX12 902495 0.002621
902519 CX12 902677 0.002621
902519 CX12 902493 0.002621
902519 CX12 902678 0.002621
902519 CX12 902494 0.002621
902519 X0 902515 0.997954
902519 X0 902519 0.000682
902519 X0 902518 0.000682
902519 X0 902514 0.000682
902520 CX02 902679 0.975925
902520 CX02 902496 0.003439
902520 CX02 902680 0.003439
902520 CX02 902495 0.003439
902520 CX02 902677 0.003439
902520 CX02 902493 0.003439
902520 CX02 902678 0.003439
902520 CX02 902494 0.003439
902520 CX12 902496 0.981653
902520 CX12 902679 0.002621
902520 CX12 902495 0.002621
902520 CX12 902680 0.002621
902520 CX12 902493 0.002621
902520 CX12 902677 0.002621
902520 CX12 902494 0.002621
902520 CX12 902678 0.002621
902520 X0 902516 0.997954
902520 X0 902520 0.000682
902520 X0 902517 0.000682
902520 X0 902513 0.000682
902539 CX02 902969 0.975925
902539 CX02 902970 0.003439
902539 CX02 902971 0.003439
902539 CX02 902972 0.003439
902539 CX02 902973 0.003439
902539 CX02 902974 0.003439
902539 CX02 902975 0.003439
902539 CX02 902976 0.003439
902539 CX12 902969 0.981653
902539 CX12 902970 0.002621
902539 CX12 902971 0.002621
902539 CX12 902972 0.002621
902539 CX12 902974 0.002621
902539 CX12 902973 0.002621
902539 CX12 902976 0.002621
902539 CX12 902975 0.002621
902539 P2 902493 0.994000
902539 P2 902539 0.006000
902539 X0 902578 0.997954
902539 X0 902539 0.000682
902539 X0 902617 0.000682
902539 X0 902656 0.000682
902578 CX02 902974 0.975925
902578 CX02 902973 0.003439
902578 CX02 902976 0.003439
902578 CX02 902975 0.003439
902578 CX02 902970 0.003439
902578 CX02 902969 0.003439
902578 CX02 902972 0.003439
902578 CX02 902971 0.003439
902578 CX12 902973 0.981653
902578 CX12 902974 0.002621
902578 CX12 902975 0.002621
902578 CX12 902976 0.002621
902578 CX12 902970 0.002621
902578 CX12 902969 0.002621
902578 CX12 902972 0.002621
902578 CX12 902971 0.002621
902578 P2 902494 0.994000
902578 P2 902578 0.006000
902578 X0 902539 0.997954
902578 X0 902578 0.000682
902578 X0 902656 0.000682
902578 X0 902617 0.000682
902617 CX02 902972 0.975925
902617 CX02 902971 0.003439
902617 CX02 902970 0.003439
902617 CX02 902969 0.003439
902617 CX02 902976 0.003439
902617 CX02 902975 0.003439
902617 CX02 902974 0.003439
902617 CX02 902973 0.003439
902617 CX12 902972 0.981653
902617 CX12 902971 0.002621
902617 CX12 902970 0.002621
902617 CX12 902969 0.002621
902617 CX12 902975 0.002621
902617 CX12 902976 0.002621
902617 CX12 902973 0.002621
902617 CX12 902974 0.002621
902617 P2 902495 0.994000
902617 P2 902617 0.006000
902617 X0 902656 0.997954
902617 X0 902617 0.000682
902617 X0 902539 0.000682
902617 X0 902578 0.000682
902656 CX02 902975 0.975925
902656 CX02 902976 0.003439
902656 CX02 902973 0.003439
902656 CX02 902974 0.003439
902656 CX02 902971 0.003439
902656 CX02 902972 0.003439
902656 CX02 902969 0.003439
902656 CX02 902970 0.003439
902656 CX12 902976 0.981653
902656 CX12 902975 0.002621
902656 CX12 902974 0.002621
902656 CX12 902973 0.002621
902656 CX12 902971 0.002621
902656 CX12 902972 0.002621
902656 CX12 902969 0.002621
902656 CX12 902970 0.002621
902656 P2 902496 0.994000
902656 P2 902656 0.006000
902656 X0 902617 0.997954
902656 X0 902656 0.000682
902656 X0 902578 0.000682
902656 X0 902539 0.000682
902677 CX02 902514 0.975925
902677 CX02 902513 0.003439
902677 CX02 902516 0.003439
902677 CX02 902515 0.003439
902677 CX02 902518 0.003439
902677 CX02 902517 0.003439
902677 CX02 902520 0.003439
902677 CX02 902519 0.003439
902677 CX12 902514 0.981653
902677 CX12 902513 0.002621
902677 CX12 902516 0.002621
902677 CX12 902515 0.002621
902677 CX12 902517 0.002621
902677 CX12 902518 0.002621
902677 CX12 902519 0.002621
902677 CX12 902520 0.002621
902677 P2 903147 0.964000
902677 P2 902677 0.036000
902677 X0 902678 0.997954
902677 X0 902677 0.000682
902677 X0 902680 0.000682
902677 X0 902679 0.000682
902678 CX02 902517 0.975925
902678 CX02 902518 0.003439
902678 CX02 902519 0.003439
902678 CX02 902520 0.003439
902678 CX02 902513 0.003439
902678 CX02 902514 0.003439
902678 CX02 902515 0.003439
902678 CX02 902516 0.003439
902678 CX12 902518 0.981653
902678 CX12 902517 0.002621
902678 CX12 902520 0.002621
902678 CX12 902519 0.002621
902678 CX12 902513 0.002621
902678 CX12 902514 0.002621
902678 CX12 902515 0.002621
902678 CX12 902516 0.002621
902678 P2 903186 0.964000
902678 P2 902678 0.036000
902678 X0 902677 0.997954
902678 X0 902678 0.000682
902678 X0 902679 0.000682
902678 X0 902680 0.000682
902679 CX02 902520 0.975925
902679 CX02 902519 0.003439
902679 CX02 902518 0.003439
902679 CX02 902517 0.003439
902679 CX02 902516 0.003439
902679 CX02 902515 0.003439
902679 CX02 902514 0.003439
902679 CX02 902513 0.003439
902679 CX12 902519 0.981653
902679 CX12 902520 0.002621
902679 CX12 902517 0.002621
902679 CX12 902518 0.002621
902679 CX12 902516 0.002621
902679 CX12 902515 0.002621
902679 CX12 902514 0.002621
902679 CX12 902513 0.002621
902679 P2 903225 0.964000
902679 P2 902679 0.036000
902679 X0 902680 0.997954
902679 X0 902679 0.000682
902679 X0 902678 0.000682
902679 X0 902677 0.000682
902680 CX02 902515 0.975925
902680 CX02 902516 0.003439
902680 CX02 902513 0.003439
902680 CX02 902514 0.003439
902680 CX02 902519 0.003439
902680 CX02 902520 0.003439
902680 CX02 902517 0.003439
902680 CX02 902518 0.003439
902680 CX12 902515 0.981653
902680 CX12 902516 0.002621
902680 CX12 902513 0.002621
902680 CX12 902514 0.002621
902680 CX12 902520 0.002621
902680 CX12 902519 0.002621
902680 CX12 902518 0.002621
902680 CX12 902517 0.002621
902680 P2 903264 0.964000
902680 P2 902680 0.036000
902680 X0 902679 0.997954
902680 X0 902680 0.000682
902680 X0 902677 0.000682
902680 X0 902678 0.000682
902969 CX02 902539 0.975925
902969 CX02 903147 0.003439
902969 CX02 902578 0.003439
902969 CX02 903186 0.003439
902969 CX02 902656 0.003439
902969 CX02 903225 0.003439
902969 CX02 902617 0.003439
902969 CX02 903264 0.003439
902969 CX12 902539 0.981653
902969 CX12 903147 0.002621
902969 CX12 902578 0.002621
902969 CX12 903186 0.002621
902969 CX12 902656 0.002621
902969 CX12 903225 0.002621
902969 CX12 902617 0.002621
902969 CX12 903264 0.002621
902969 X0 902973 0.997954
902969 X0 902969 0.000682
902969 X0 902972 0.000682
902969 X0 902976 0.000682
902970 CX02 903147 0.975925
902970 CX02 902539 0.003439
902970 CX02 903186 0.003439
902970 CX02 902578 0.003439
902970 CX02 903225 0.003439
902970 CX02 902656 0.003439
902970 CX02 903264 0.003439
902970 CX02 902617 0.003439
902970 CX12 903147 0.981653
902970 CX12 902539 0.002621
902970 CX12 903186 0.002621
902970 CX12 902578 0.002621
902970 CX12 903225 0.002621
902970 CX12 902656 0.002621
902970 CX12 903264 0.002621
902970 CX12 902617 0.002621
902970 X0 902974 0.997954
902970 X0 902970 0.000682
902970 X0 902971 0.000682
902970 X0 902975 0.000682
902971 CX02 903264 0.975925
902971 CX02 902617 0.003439
902971 CX02 903225 0.003439
902971 CX02 902656 0.003439
902971 CX02 903186 0.003439
902971 CX02 902578 0.003439
902971 CX02 903147 0.003439
902971 CX02 902539 0.003439
902971 CX12 903264 0.981653
902971 CX12 902617 0.002621
902971 CX12 903225 0.002621
902971 CX12 902656 0.002621
902971 CX12 903186 0.002621
902971 CX12 902578 0.002621
902971 CX12 903147 0.002621
902971 CX12 902539 0.002621
902971 X0 902975 0.997954
902971 X0 902971 0.000682
902971 X0 902970 0.000682
902971 X0 902974 0.000682
902972 CX02 902617 0.975925
902972 CX02 903264 0.003439
902972 CX02 902656 0.003439
902972 CX02 903225 0.003439
902972 CX02 902578 0.003439
902972 CX02 903186 0.003439
902972 CX02 902539 0.003439
902972 CX02 903147 0.003439
902972 CX12 902617 0.981653
902972 CX12 903264 0.002621
902972 CX12 902656 0.002621
902972 CX12 903225 0.002621
902972 CX12 902578 0.002621
902972 CX12 903186 0.002621
902972 CX12 902539 0.002621
902972 CX12 903147 0.002621
902972 X0 902976 0.997954
902972 X0 902972 0.000682
902972 X0 902969 0.000682
902972 X0 902973 0.000682
902973 CX02 903186 0.975925
902973 CX02 902578 0.003439
902973 CX02 903147 0.003439
902973 CX02 902539 0.003439
902973 CX02 903264 0.003439
902973 CX02 902617 0.003439
902973 CX02 903225 0.003439
902973 CX02 902656 0.003439
902973 CX12 902578 0.981653
902973 CX12 903186 0.002621
902973 CX12 902539 0.002621
902973 CX12 903147 0.002621
902973 CX12 902617 0.002621
902973 CX12 903264 0.002621
902973 CX12 902656 0.002621
902973 CX12 903225 0.002621
902973 X0 902969 0.997954
902973 X0 902973 0.000682
902973 X0 902976 0.000682
902973 X0 902972 0.000682
902974 CX02 902578 0.975925
902974 CX02 903186 0.003439
902974 CX02 902539 0.003439
902974 CX02 903147 0.003439
902974 CX02 902617 0.003439
902974 CX02 903264 0.003439
902974 CX02 902656 0.003439
902974 CX02 903225 0.003439
902974 CX12 903186 0.981653
902974 CX12 902578 0.002621
902974 CX12 903147 0.002621
902974 CX12 902539 0.002621
902974 CX12 903264 0.002621
902974 CX12 902617 0.002621
902974 CX12 903225 0.002621
902974 CX12 902656 0.002621
902974 X0 902970 0.997954
902974 X0 902974 0.000682
902974 X0 902975 0.000682
902974 X0 902971 0.000682
902975 CX02 902656 0.975925
902975 CX02 903225 0.003439
902975 CX02 902617 0.003439
902975 CX02 903264 0.003439
902975 CX02 902539 0.003439
902975 CX02 903147 0.003439
902975 CX02 902578 0.003439
902975 CX02 903186 0.003439
902975 CX12 903225 0.981653
902975 CX12 902656 0.002621
902975 CX12 903264 0.002621
902975 CX12 902617 0.002621
902975 CX12 903147 0.002621
902975 CX12 902539 0.002621
902975 CX12 903186 0.002621
902975 CX12 902578 0.002621
902975 X0 902971 0.997954
902975 X0 902975 0.000682
902975 X0 902974 0.000682
902975 X0 902970 0.000682
902976 CX02 903225 0.975925
902976 CX02 902656 0.003439
902976 CX02 903264 0.003439
902976 CX02 902617 0.003439
902976 CX02 903147 0.003439
902976 CX02 902539 0.003439
902976 CX02 903186 0.003439
902976 CX02 902578 0.003439
902976 CX12 902656 0.981653
902976 CX12 903225 0.002621
902976 CX12 902617 0.002621
902976 CX12 903264 0.002621
902976 CX12 902539 0.002621
902976 CX12 903147 0.002621
902976 CX12 902578 0.002621
902976 CX12 903186 0.002621
902976 X0 902972 0.997954
902976 X0 902976 0.000682
902976 X0 902973 0.000682
902976 X0 902969 0.000682
903147 CX02 902970 0.975925
903147 CX02 902969 0.003439
903147 CX02 902972 0.003439
903147 CX02 902971 0.003439
903147 CX02 902974 0.003439
903147 CX02 902973 0.003439
903147 CX02 902976 0.003439
903147 CX02 902975 0.003439
903147 CX12 902970 0.981653
903147 CX12 902969 0.002621
903147 CX12 902972 0.002621
903147 CX12 902971 0.002621
903147 CX12 902973 0.002621
903147 CX12 902974 0.002621
903147 CX12 902975 0.002621
903147 CX12 902976 0.002621
903147 P2 903147 0.964000
903147 P2 902677 0.036000
903147 X0 903186 0.997954
903147 X0 903147 0.000682
903147 X0 903264 0.000682
903147 X0 903225 0.000682
903186 CX02 902973 0.975925
903186 CX02 902974 0.003439
903186 CX02 902975 0.003439
903186 CX02 902976 0.003439
903186 CX02 902969 0.003439
903186 CX02 902970 0.003439
903186 CX02 902971 0.003439
903186 CX02 902972 0.003439
903186 CX12 902974 0.981653
903186 CX12 902973 0.002621
903186 CX12 902976 0.002621
903186 CX12 902975 0.002621
903186 CX12 902969 0.002621
903186 CX12 902970 0.002621
903186 CX12 902971 0.002621
903186 CX12 902972 0.002621
903186 P2 903186 0.964000
903186 P2 902678 0.036000
903186 X0 903147 0.997954
903186 X0 903186 0.000682
903186 X0 903225 0.000682
903186 X0 903264 0.000682
903225 CX02 902976 0.975925
903225 CX02 902975 0.003439
903225 CX02 902974 0.003439
903225 CX02 902973 0.003439
903225 CX02 902972 0.003439
903225 CX02 902971 0.003439
903225 CX02 902970 0.003439
903225 CX02 902969 0.003439
903225 CX12 902975 0.981653
903225 CX12 902976 0.002621
903225 CX12 902973 0.002621
903225 CX12 902974 0.002621
903225 CX12 902972 0.002621
903225 CX12 902971 0.002621
903225 CX12 902970 0.002621
903225 CX12 902969 0.002621
903225 P2 903225 0.964000
903225 P2 902679 0.036000
903225 X0 903264 0.997954
903225 X0 903225 0.000682
903225 X0 903186 0.000682
903225 X0 903147 0.000682
903264 CX02 902971 0.975925
903264 CX02 902972 0.003439
903264 CX02 902969 0.003439
903264 CX02 902970 0.003439
903264 CX02 902975 0.003439
903264 CX02 902976 0.003439
903264 CX02 902973 0.003439
903264 CX02 902974 0.003439
903264 CX12 902971 0.981653
903264 CX12 902972 0.002621
903264 CX12 902969 0.002621
903264 CX12 902970 0.002621
903264 CX12 902976 0.002621
903264 CX12 902975 0.002621
903264 CX12 902974 0.002621
903264 CX12 902973 0.002621
903264 P2 903264 0.964000
903264 P2 902680 0.036000
903264 X0 903225 0.997954
903264 X0 903264 0.000682
903264 X0 903147 0.000682
903264 X0 903186 0.000682
ENDPOMDP
