BEGINPOMDP
INITIALSTATE: 876935
STATES: 876935,876936,876937,876938,876939,876956,876957,876958,876959,876960,876961,876962,876963,876982,877021,877060,877099,877120,877121,877122,877123,877412,877413,877414,877415,877416,877417,877418,877419,877590,877629,877668,877707
TARGETV: 876936,876938,876982,877060,877120,877123,877590,877707
GAMMA: 876935:0,876936:0,876937:0,876938:0,876939:0,876956:0,876957:0,876958:0,876959:0,876960:0,876961:0,876962:0,876963:0,876982:1,877021:1,877060:1,877099:1,877120:0,877121:0,877122:0,877123:0,877412:1,877413:1,877414:1,877415:1,877416:1,877417:1,877418:1,877419:1,877590:1,877629:1,877668:1,877707:1
BEGINACTIONS
CX02
CX12
P2
X0
ENDACTIONS
876935 INIT_ 876936 0.250000
876935 INIT_ 876937 0.250000
876935 INIT_ 876938 0.250000
876935 INIT_ 876939 0.250000
876936 CX02 876956 0.972863
876936 CX02 876957 0.003877
876936 CX02 876958 0.003877
876936 CX02 876959 0.003877
876936 CX02 876960 0.003877
876936 CX02 876961 0.003877
876936 CX02 876962 0.003877
876936 CX02 876963 0.003877
876936 CX12 876956 0.974138
876936 CX12 876957 0.003695
876936 CX12 876958 0.003695
876936 CX12 876959 0.003695
876936 CX12 876961 0.003695
876936 CX12 876960 0.003695
876936 CX12 876963 0.003695
876936 CX12 876962 0.003695
876936 P2 876936 0.708200
876936 P2 876982 0.291800
876936 X0 876937 0.997521
876936 X0 876936 0.000826
876936 X0 876938 0.000826
876936 X0 876939 0.000826
876937 CX02 876961 0.972863
876937 CX02 876960 0.003877
876937 CX02 876963 0.003877
876937 CX02 876962 0.003877
876937 CX02 876957 0.003877
876937 CX02 876956 0.003877
876937 CX02 876959 0.003877
876937 CX02 876958 0.003877
876937 CX12 876960 0.974138
876937 CX12 876961 0.003695
876937 CX12 876962 0.003695
876937 CX12 876963 0.003695
876937 CX12 876957 0.003695
876937 CX12 876956 0.003695
876937 CX12 876959 0.003695
876937 CX12 876958 0.003695
876937 P2 876937 0.708200
876937 P2 877021 0.291800
876937 X0 876936 0.997521
876937 X0 876937 0.000826
876937 X0 876939 0.000826
876937 X0 876938 0.000826
876938 CX02 876959 0.972863
876938 CX02 876958 0.003877
876938 CX02 876957 0.003877
876938 CX02 876956 0.003877
876938 CX02 876963 0.003877
876938 CX02 876962 0.003877
876938 CX02 876961 0.003877
876938 CX02 876960 0.003877
876938 CX12 876959 0.974138
876938 CX12 876958 0.003695
876938 CX12 876957 0.003695
876938 CX12 876956 0.003695
876938 CX12 876962 0.003695
876938 CX12 876963 0.003695
876938 CX12 876960 0.003695
876938 CX12 876961 0.003695
876938 P2 876938 0.708200
876938 P2 877060 0.291800
876938 X0 876939 0.997521
876938 X0 876938 0.000826
876938 X0 876936 0.000826
876938 X0 876937 0.000826
876939 CX02 876962 0.972863
876939 CX02 876963 0.003877
876939 CX02 876960 0.003877
876939 CX02 876961 0.003877
876939 CX02 876958 0.003877
876939 CX02 876959 0.003877
876939 CX02 876956 0.003877
876939 CX02 876957 0.003877
876939 CX12 876963 0.974138
876939 CX12 876962 0.003695
876939 CX12 876961 0.003695
876939 CX12 876960 0.003695
876939 CX12 876958 0.003695
876939 CX12 876959 0.003695
876939 CX12 876956 0.003695
876939 CX12 876957 0.003695
876939 P2 876939 0.708200
876939 P2 877099 0.291800
876939 X0 876938 0.997521
876939 X0 876939 0.000826
876939 X0 876937 0.000826
876939 X0 876936 0.000826
876956 CX02 876936 0.972863
876956 CX02 877120 0.003877
876956 CX02 876937 0.003877
876956 CX02 877121 0.003877
876956 CX02 876939 0.003877
876956 CX02 877122 0.003877
876956 CX02 876938 0.003877
876956 CX02 877123 0.003877
876956 CX12 876936 0.974138
876956 CX12 877120 0.003695
876956 CX12 876937 0.003695
876956 CX12 877121 0.003695
876956 CX12 876939 0.003695
876956 CX12 877122 0.003695
876956 CX12 876938 0.003695
876956 CX12 877123 0.003695
876956 X0 876960 0.997521
876956 X0 876956 0.000826
876956 X0 876959 0.000826
876956 X0 876963 0.000826
876957 CX02 877120 0.972863
876957 CX02 876936 0.003877
876957 CX02 877121 0.003877
876957 CX02 876937 0.003877
876957 CX02 877122 0.003877
876957 CX02 876939 0.003877
876957 CX02 877123 0.003877
876957 CX02 876938 0.003877
876957 CX12 877120 0.974138
876957 CX12 876936 0.003695
876957 CX12 877121 0.003695
876957 CX12 876937 0.003695
876957 CX12 877122 0.003695
876957 CX12 876939 0.003695
876957 CX12 877123 0.003695
876957 CX12 876938 0.003695
876957 X0 876961 0.997521
876957 X0 876957 0.000826
876957 X0 876958 0.000826
876957 X0 876962 0.000826
876958 CX02 877123 0.972863
876958 CX02 876938 0.003877
876958 CX02 877122 0.003877
876958 CX02 876939 0.003877
876958 CX02 877121 0.003877
876958 CX02 876937 0.003877
876958 CX02 877120 0.003877
876958 CX02 876936 0.003877
876958 CX12 877123 0.974138
876958 CX12 876938 0.003695
876958 CX12 877122 0.003695
876958 CX12 876939 0.003695
876958 CX12 877121 0.003695
876958 CX12 876937 0.003695
876958 CX12 877120 0.003695
876958 CX12 876936 0.003695
876958 X0 876962 0.997521
876958 X0 876958 0.000826
876958 X0 876957 0.000826
876958 X0 876961 0.000826
876959 CX02 876938 0.972863
876959 CX02 877123 0.003877
876959 CX02 876939 0.003877
876959 CX02 877122 0.003877
876959 CX02 876937 0.003877
876959 CX02 877121 0.003877
876959 CX02 876936 0.003877
876959 CX02 877120 0.003877
876959 CX12 876938 0.974138
876959 CX12 877123 0.003695
876959 CX12 876939 0.003695
876959 CX12 877122 0.003695
876959 CX12 876937 0.003695
876959 CX12 877121 0.003695
876959 CX12 876936 0.003695
876959 CX12 877120 0.003695
876959 X0 876963 0.997521
876959 X0 876959 0.000826
876959 X0 876956 0.000826
876959 X0 876960 0.000826
876960 CX02 877121 0.972863
876960 CX02 876937 0.003877
876960 CX02 877120 0.003877
876960 CX02 876936 0.003877
876960 CX02 877123 0.003877
876960 CX02 876938 0.003877
876960 CX02 877122 0.003877
876960 CX02 876939 0.003877
876960 CX12 876937 0.974138
876960 CX12 877121 0.003695
876960 CX12 876936 0.003695
876960 CX12 877120 0.003695
876960 CX12 876938 0.003695
876960 CX12 877123 0.003695
876960 CX12 876939 0.003695
876960 CX12 877122 0.003695
876960 X0 876956 0.997521
876960 X0 876960 0.000826
876960 X0 876963 0.000826
876960 X0 876959 0.000826
876961 CX02 876937 0.972863
876961 CX02 877121 0.003877
876961 CX02 876936 0.003877
876961 CX02 877120 0.003877
876961 CX02 876938 0.003877
876961 CX02 877123 0.003877
876961 CX02 876939 0.003877
876961 CX02 877122 0.003877
876961 CX12 877121 0.974138
876961 CX12 876937 0.003695
876961 CX12 877120 0.003695
876961 CX12 876936 0.003695
876961 CX12 877123 0.003695
876961 CX12 876938 0.003695
876961 CX12 877122 0.003695
876961 CX12 876939 0.003695
876961 X0 876957 0.997521
876961 X0 876961 0.000826
876961 X0 876962 0.000826
876961 X0 876958 0.000826
876962 CX02 876939 0.972863
876962 CX02 877122 0.003877
876962 CX02 876938 0.003877
876962 CX02 877123 0.003877
876962 CX02 876936 0.003877
876962 CX02 877120 0.003877
876962 CX02 876937 0.003877
876962 CX02 877121 0.003877
876962 CX12 877122 0.974138
876962 CX12 876939 0.003695
876962 CX12 877123 0.003695
876962 CX12 876938 0.003695
876962 CX12 877120 0.003695
876962 CX12 876936 0.003695
876962 CX12 877121 0.003695
876962 CX12 876937 0.003695
876962 X0 876958 0.997521
876962 X0 876962 0.000826
876962 X0 876961 0.000826
876962 X0 876957 0.000826
876963 CX02 877122 0.972863
876963 CX02 876939 0.003877
876963 CX02 877123 0.003877
876963 CX02 876938 0.003877
876963 CX02 877120 0.003877
876963 CX02 876936 0.003877
876963 CX02 877121 0.003877
876963 CX02 876937 0.003877
876963 CX12 876939 0.974138
876963 CX12 877122 0.003695
876963 CX12 876938 0.003695
876963 CX12 877123 0.003695
876963 CX12 876936 0.003695
876963 CX12 877120 0.003695
876963 CX12 876937 0.003695
876963 CX12 877121 0.003695
876963 X0 876959 0.997521
876963 X0 876963 0.000826
876963 X0 876960 0.000826
876963 X0 876956 0.000826
876982 CX02 877412 0.972863
876982 CX02 877413 0.003877
876982 CX02 877414 0.003877
876982 CX02 877415 0.003877
876982 CX02 877416 0.003877
876982 CX02 877417 0.003877
876982 CX02 877418 0.003877
876982 CX02 877419 0.003877
876982 CX12 877412 0.974138
876982 CX12 877413 0.003695
876982 CX12 877414 0.003695
876982 CX12 877415 0.003695
876982 CX12 877417 0.003695
876982 CX12 877416 0.003695
876982 CX12 877419 0.003695
876982 CX12 877418 0.003695
876982 P2 876936 0.708200
876982 P2 876982 0.291800
876982 X0 877021 0.997521
876982 X0 876982 0.000826
876982 X0 877060 0.000826
876982 X0 877099 0.000826
877021 CX02 877417 0.972863
877021 CX02 877416 0.003877
877021 CX02 877419 0.003877
877021 CX02 877418 0.003877
877021 CX02 877413 0.003877
877021 CX02 877412 0.003877
877021 CX02 877415 0.003877
877021 CX02 877414 0.003877
877021 CX12 877416 0.974138
877021 CX12 877417 0.003695
877021 CX12 877418 0.003695
877021 CX12 877419 0.003695
877021 CX12 877413 0.003695
877021 CX12 877412 0.003695
877021 CX12 877415 0.003695
877021 CX12 877414 0.003695
877021 P2 876937 0.708200
877021 P2 877021 0.291800
877021 X0 876982 0.997521
877021 X0 877021 0.000826
877021 X0 877099 0.000826
877021 X0 877060 0.000826
877060 CX02 877415 0.972863
877060 CX02 877414 0.003877
877060 CX02 877413 0.003877
877060 CX02 877412 0.003877
877060 CX02 877419 0.003877
877060 CX02 877418 0.003877
877060 CX02 877417 0.003877
877060 CX02 877416 0.003877
877060 CX12 877415 0.974138
877060 CX12 877414 0.003695
877060 CX12 877413 0.003695
877060 CX12 877412 0.003695
877060 CX12 877418 0.003695
877060 CX12 877419 0.003695
877060 CX12 877416 0.003695
877060 CX12 877417 0.003695
877060 P2 876938 0.708200
877060 P2 877060 0.291800
877060 X0 877099 0.997521
877060 X0 877060 0.000826
877060 X0 876982 0.000826
877060 X0 877021 0.000826
877099 CX02 877418 0.972863
877099 CX02 877419 0.003877
877099 CX02 877416 0.003877
877099 CX02 877417 0.003877
877099 CX02 877414 0.003877
877099 CX02 877415 0.003877
877099 CX02 877412 0.003877
877099 CX02 877413 0.003877
877099 CX12 877419 0.974138
877099 CX12 877418 0.003695
877099 CX12 877417 0.003695
877099 CX12 877416 0.003695
877099 CX12 877414 0.003695
877099 CX12 877415 0.003695
877099 CX12 877412 0.003695
877099 CX12 877413 0.003695
877099 P2 876939 0.708200
877099 P2 877099 0.291800
877099 X0 877060 0.997521
877099 X0 877099 0.000826
877099 X0 877021 0.000826
877099 X0 876982 0.000826
877120 CX02 876957 0.972863
877120 CX02 876956 0.003877
877120 CX02 876959 0.003877
877120 CX02 876958 0.003877
877120 CX02 876961 0.003877
877120 CX02 876960 0.003877
877120 CX02 876963 0.003877
877120 CX02 876962 0.003877
877120 CX12 876957 0.974138
877120 CX12 876956 0.003695
877120 CX12 876959 0.003695
877120 CX12 876958 0.003695
877120 CX12 876960 0.003695
877120 CX12 876961 0.003695
877120 CX12 876962 0.003695
877120 CX12 876963 0.003695
877120 P2 877590 0.946400
877120 P2 877120 0.053600
877120 X0 877121 0.997521
877120 X0 877120 0.000826
877120 X0 877123 0.000826
877120 X0 877122 0.000826
877121 CX02 876960 0.972863
877121 CX02 876961 0.003877
877121 CX02 876962 0.003877
877121 CX02 876963 0.003877
877121 CX02 876956 0.003877
877121 CX02 876957 0.003877
877121 CX02 876958 0.003877
877121 CX02 876959 0.003877
877121 CX12 876961 0.974138
877121 CX12 876960 0.003695
877121 CX12 876963 0.003695
877121 CX12 876962 0.003695
877121 CX12 876956 0.003695
877121 CX12 876957 0.003695
877121 CX12 876958 0.003695
877121 CX12 876959 0.003695
877121 P2 877629 0.946400
877121 P2 877121 0.053600
877121 X0 877120 0.997521
877121 X0 877121 0.000826
877121 X0 877122 0.000826
877121 X0 877123 0.000826
877122 CX02 876963 0.972863
877122 CX02 876962 0.003877
877122 CX02 876961 0.003877
877122 CX02 876960 0.003877
877122 CX02 876959 0.003877
877122 CX02 876958 0.003877
877122 CX02 876957 0.003877
877122 CX02 876956 0.003877
877122 CX12 876962 0.974138
877122 CX12 876963 0.003695
877122 CX12 876960 0.003695
877122 CX12 876961 0.003695
877122 CX12 876959 0.003695
877122 CX12 876958 0.003695
877122 CX12 876957 0.003695
877122 CX12 876956 0.003695
877122 P2 877668 0.946400
877122 P2 877122 0.053600
877122 X0 877123 0.997521
877122 X0 877122 0.000826
877122 X0 877121 0.000826
877122 X0 877120 0.000826
877123 CX02 876958 0.972863
877123 CX02 876959 0.003877
877123 CX02 876956 0.003877
877123 CX02 876957 0.003877
877123 CX02 876962 0.003877
877123 CX02 876963 0.003877
877123 CX02 876960 0.003877
877123 CX02 876961 0.003877
877123 CX12 876958 0.974138
877123 CX12 876959 0.003695
877123 CX12 876956 0.003695
877123 CX12 876957 0.003695
877123 CX12 876963 0.003695
877123 CX12 876962 0.003695
877123 CX12 876961 0.003695
877123 CX12 876960 0.003695
877123 P2 877707 0.946400
877123 P2 877123 0.053600
877123 X0 877122 0.997521
877123 X0 877123 0.000826
877123 X0 877120 0.000826
877123 X0 877121 0.000826
877412 CX02 876982 0.972863
877412 CX02 877590 0.003877
877412 CX02 877021 0.003877
877412 CX02 877629 0.003877
877412 CX02 877099 0.003877
877412 CX02 877668 0.003877
877412 CX02 877060 0.003877
877412 CX02 877707 0.003877
877412 CX12 876982 0.974138
877412 CX12 877590 0.003695
877412 CX12 877021 0.003695
877412 CX12 877629 0.003695
877412 CX12 877099 0.003695
877412 CX12 877668 0.003695
877412 CX12 877060 0.003695
877412 CX12 877707 0.003695
877412 X0 877416 0.997521
877412 X0 877412 0.000826
877412 X0 877415 0.000826
877412 X0 877419 0.000826
877413 CX02 877590 0.972863
877413 CX02 876982 0.003877
877413 CX02 877629 0.003877
877413 CX02 877021 0.003877
877413 CX02 877668 0.003877
877413 CX02 877099 0.003877
877413 CX02 877707 0.003877
877413 CX02 877060 0.003877
877413 CX12 877590 0.974138
877413 CX12 876982 0.003695
877413 CX12 877629 0.003695
877413 CX12 877021 0.003695
877413 CX12 877668 0.003695
877413 CX12 877099 0.003695
877413 CX12 877707 0.003695
877413 CX12 877060 0.003695
877413 X0 877417 0.997521
877413 X0 877413 0.000826
877413 X0 877414 0.000826
877413 X0 877418 0.000826
877414 CX02 877707 0.972863
877414 CX02 877060 0.003877
877414 CX02 877668 0.003877
877414 CX02 877099 0.003877
877414 CX02 877629 0.003877
877414 CX02 877021 0.003877
877414 CX02 877590 0.003877
877414 CX02 876982 0.003877
877414 CX12 877707 0.974138
877414 CX12 877060 0.003695
877414 CX12 877668 0.003695
877414 CX12 877099 0.003695
877414 CX12 877629 0.003695
877414 CX12 877021 0.003695
877414 CX12 877590 0.003695
877414 CX12 876982 0.003695
877414 X0 877418 0.997521
877414 X0 877414 0.000826
877414 X0 877413 0.000826
877414 X0 877417 0.000826
877415 CX02 877060 0.972863
877415 CX02 877707 0.003877
877415 CX02 877099 0.003877
877415 CX02 877668 0.003877
877415 CX02 877021 0.003877
877415 CX02 877629 0.003877
877415 CX02 876982 0.003877
877415 CX02 877590 0.003877
877415 CX12 877060 0.974138
877415 CX12 877707 0.003695
877415 CX12 877099 0.003695
877415 CX12 877668 0.003695
877415 CX12 877021 0.003695
877415 CX12 877629 0.003695
877415 CX12 876982 0.003695
877415 CX12 877590 0.003695
877415 X0 877419 0.997521
877415 X0 877415 0.000826
877415 X0 877412 0.000826
877415 X0 877416 0.000826
877416 CX02 877629 0.972863
877416 CX02 877021 0.003877
877416 CX02 877590 0.003877
877416 CX02 876982 0.003877
877416 CX02 877707 0.003877
877416 CX02 877060 0.003877
877416 CX02 877668 0.003877
877416 CX02 877099 0.003877
877416 CX12 877021 0.974138
877416 CX12 877629 0.003695
877416 CX12 876982 0.003695
877416 CX12 877590 0.003695
877416 CX12 877060 0.003695
877416 CX12 877707 0.003695
877416 CX12 877099 0.003695
877416 CX12 877668 0.003695
877416 X0 877412 0.997521
877416 X0 877416 0.000826
877416 X0 877419 0.000826
877416 X0 877415 0.000826
877417 CX02 877021 0.972863
877417 CX02 877629 0.003877
877417 CX02 876982 0.003877
877417 CX02 877590 0.003877
877417 CX02 877060 0.003877
877417 CX02 877707 0.003877
877417 CX02 877099 0.003877
877417 CX02 877668 0.003877
877417 CX12 877629 0.974138
877417 CX12 877021 0.003695
877417 CX12 877590 0.003695
877417 CX12 876982 0.003695
877417 CX12 877707 0.003695
877417 CX12 877060 0.003695
877417 CX12 877668 0.003695
877417 CX12 877099 0.003695
877417 X0 877413 0.997521
877417 X0 877417 0.000826
877417 X0 877418 0.000826
877417 X0 877414 0.000826
877418 CX02 877099 0.972863
877418 CX02 877668 0.003877
877418 CX02 877060 0.003877
877418 CX02 877707 0.003877
877418 CX02 876982 0.003877
877418 CX02 877590 0.003877
877418 CX02 877021 0.003877
877418 CX02 877629 0.003877
877418 CX12 877668 0.974138
877418 CX12 877099 0.003695
877418 CX12 877707 0.003695
877418 CX12 877060 0.003695
877418 CX12 877590 0.003695
877418 CX12 876982 0.003695
877418 CX12 877629 0.003695
877418 CX12 877021 0.003695
877418 X0 877414 0.997521
877418 X0 877418 0.000826
877418 X0 877417 0.000826
877418 X0 877413 0.000826
877419 CX02 877668 0.972863
877419 CX02 877099 0.003877
877419 CX02 877707 0.003877
877419 CX02 877060 0.003877
877419 CX02 877590 0.003877
877419 CX02 876982 0.003877
877419 CX02 877629 0.003877
877419 CX02 877021 0.003877
877419 CX12 877099 0.974138
877419 CX12 877668 0.003695
877419 CX12 877060 0.003695
877419 CX12 877707 0.003695
877419 CX12 876982 0.003695
877419 CX12 877590 0.003695
877419 CX12 877021 0.003695
877419 CX12 877629 0.003695
877419 X0 877415 0.997521
877419 X0 877419 0.000826
877419 X0 877416 0.000826
877419 X0 877412 0.000826
877590 CX02 877413 0.972863
877590 CX02 877412 0.003877
877590 CX02 877415 0.003877
877590 CX02 877414 0.003877
877590 CX02 877417 0.003877
877590 CX02 877416 0.003877
877590 CX02 877419 0.003877
877590 CX02 877418 0.003877
877590 CX12 877413 0.974138
877590 CX12 877412 0.003695
877590 CX12 877415 0.003695
877590 CX12 877414 0.003695
877590 CX12 877416 0.003695
877590 CX12 877417 0.003695
877590 CX12 877418 0.003695
877590 CX12 877419 0.003695
877590 P2 877590 0.946400
877590 P2 877120 0.053600
877590 X0 877629 0.997521
877590 X0 877590 0.000826
877590 X0 877707 0.000826
877590 X0 877668 0.000826
877629 CX02 877416 0.972863
877629 CX02 877417 0.003877
877629 CX02 877418 0.003877
877629 CX02 877419 0.003877
877629 CX02 877412 0.003877
877629 CX02 877413 0.003877
877629 CX02 877414 0.003877
877629 CX02 877415 0.003877
877629 CX12 877417 0.974138
877629 CX12 877416 0.003695
877629 CX12 877419 0.003695
877629 CX12 877418 0.003695
877629 CX12 877412 0.003695
877629 CX12 877413 0.003695
877629 CX12 877414 0.003695
877629 CX12 877415 0.003695
877629 P2 877629 0.946400
877629 P2 877121 0.053600
877629 X0 877590 0.997521
877629 X0 877629 0.000826
877629 X0 877668 0.000826
877629 X0 877707 0.000826
877668 CX02 877419 0.972863
877668 CX02 877418 0.003877
877668 CX02 877417 0.003877
877668 CX02 877416 0.003877
877668 CX02 877415 0.003877
877668 CX02 877414 0.003877
877668 CX02 877413 0.003877
877668 CX02 877412 0.003877
877668 CX12 877418 0.974138
877668 CX12 877419 0.003695
877668 CX12 877416 0.003695
877668 CX12 877417 0.003695
877668 CX12 877415 0.003695
877668 CX12 877414 0.003695
877668 CX12 877413 0.003695
877668 CX12 877412 0.003695
877668 P2 877668 0.946400
877668 P2 877122 0.053600
877668 X0 877707 0.997521
877668 X0 877668 0.000826
877668 X0 877629 0.000826
877668 X0 877590 0.000826
877707 CX02 877414 0.972863
877707 CX02 877415 0.003877
877707 CX02 877412 0.003877
877707 CX02 877413 0.003877
877707 CX02 877418 0.003877
877707 CX02 877419 0.003877
877707 CX02 877416 0.003877
877707 CX02 877417 0.003877
877707 CX12 877414 0.974138
877707 CX12 877415 0.003695
877707 CX12 877412 0.003695
877707 CX12 877413 0.003695
877707 CX12 877419 0.003695
877707 CX12 877418 0.003695
877707 CX12 877417 0.003695
877707 CX12 877416 0.003695
877707 P2 877707 0.946400
877707 P2 877123 0.053600
877707 X0 877668 0.997521
877707 X0 877707 0.000826
877707 X0 877590 0.000826
877707 X0 877629 0.000826
ENDPOMDP
