BEGINPOMDP
INITIALSTATE: 9137847
STATES: 9148192,9148193,9148194,9148195,9148198,9158538,9168878,9189555,9189556,9189557,9189558,9137847,9137848,9137849,9137850,9137851,9137854
REWARDS: 9148192:1.0,9148193:1.0,9148194:0.0,9148195:0.0,9148198:1.0,9158538:0.0,9168878:0.0,9189555:1.0,9189556:1.0,9189557:0.0,9189558:0.0,9137847:0.0,9137848:1.0,9137849:1.0,9137850:0.0,9137851:0.0,9137854:1.0
GAMMA: 9148192:0,9148193:0,9148194:0,9148195:0,9148198:1,9158538:1,9168878:1,9189555:1,9189556:1,9189557:1,9189558:1,9137847:0,9137848:0,9137849:0,9137850:0,9137851:0,9137854:1
BEGINACTIONS
P2
Z0
H
ENDACTIONS
9137847 INIT_ 9137848 0.250000
9137847 INIT_ 9137849 0.250000
9137847 INIT_ 9137850 0.250000
9137847 INIT_ 9137851 0.250000
9137848 P2 9137848 0.995200
9137848 P2 9137854 0.004800
9137848 Z0 9137850 0.998873
9137848 Z0 9137851 0.000376
9137848 Z0 9137849 0.000376
9137848 Z0 9137848 0.000376
9137848 H 9137848 0.977148
9137848 H 9148192 0.003675
9137848 H 9137849 0.003196
9137848 H 9148193 0.003196
9137848 H 9137851 0.003196
9137848 H 9148194 0.003196
9137848 H 9137850 0.003196
9137848 H 9148195 0.003196
9137849 P2 9137849 0.995200
9137849 P2 9148198 0.004800
9137849 Z0 9137851 0.998873
9137849 Z0 9137850 0.000376
9137849 Z0 9137848 0.000376
9137849 Z0 9137849 0.000376
9137849 H 9137849 0.977148
9137849 H 9148193 0.003675
9137849 H 9137848 0.003196
9137849 H 9148192 0.003196
9137849 H 9137850 0.003196
9137849 H 9148195 0.003196
9137849 H 9137851 0.003196
9137849 H 9148194 0.003196
9137850 P2 9137850 0.995200
9137850 P2 9158538 0.004800
9137850 Z0 9137848 0.998873
9137850 Z0 9137849 0.000376
9137850 Z0 9137851 0.000376
9137850 Z0 9137850 0.000376
9137850 H 9148195 0.977148
9137850 H 9137850 0.003675
9137850 H 9148194 0.003196
9137850 H 9137851 0.003196
9137850 H 9148193 0.003196
9137850 H 9137849 0.003196
9137850 H 9148192 0.003196
9137850 H 9137848 0.003196
9137851 P2 9137851 0.995200
9137851 P2 9168878 0.004800
9137851 Z0 9137849 0.998873
9137851 Z0 9137848 0.000376
9137851 Z0 9137850 0.000376
9137851 Z0 9137851 0.000376
9137851 H 9148194 0.977148
9137851 H 9137851 0.003675
9137851 H 9148195 0.003196
9137851 H 9137850 0.003196
9137851 H 9148192 0.003196
9137851 H 9137848 0.003196
9137851 H 9148193 0.003196
9137851 H 9137849 0.003196
9137854 P2 9137848 0.995200
9137854 P2 9137854 0.004800
9137854 Z0 9158538 0.998873
9137854 Z0 9168878 0.000376
9137854 Z0 9148198 0.000376
9137854 Z0 9137854 0.000376
9137854 H 9137854 0.977148
9137854 H 9189555 0.003675
9137854 H 9148198 0.003196
9137854 H 9189556 0.003196
9137854 H 9168878 0.003196
9137854 H 9189557 0.003196
9137854 H 9158538 0.003196
9137854 H 9189558 0.003196
9148192 P2 9189555 0.981400
9148192 P2 9148192 0.018600
9148192 Z0 9148195 0.998873
9148192 Z0 9148194 0.000376
9148192 Z0 9148193 0.000376
9148192 Z0 9148192 0.000376
9148192 H 9148192 0.977148
9148192 H 9137848 0.003675
9148192 H 9148193 0.003196
9148192 H 9137849 0.003196
9148192 H 9148194 0.003196
9148192 H 9137851 0.003196
9148192 H 9148195 0.003196
9148192 H 9137850 0.003196
9148193 P2 9189556 0.981400
9148193 P2 9148193 0.018600
9148193 Z0 9148194 0.998873
9148193 Z0 9148195 0.000376
9148193 Z0 9148192 0.000376
9148193 Z0 9148193 0.000376
9148193 H 9148193 0.977148
9148193 H 9137849 0.003675
9148193 H 9148192 0.003196
9148193 H 9137848 0.003196
9148193 H 9148195 0.003196
9148193 H 9137850 0.003196
9148193 H 9148194 0.003196
9148193 H 9137851 0.003196
9148194 P2 9189557 0.981400
9148194 P2 9148194 0.018600
9148194 Z0 9148193 0.998873
9148194 Z0 9148192 0.000376
9148194 Z0 9148195 0.000376
9148194 Z0 9148194 0.000376
9148194 H 9137851 0.977148
9148194 H 9148194 0.003675
9148194 H 9137850 0.003196
9148194 H 9148195 0.003196
9148194 H 9137848 0.003196
9148194 H 9148192 0.003196
9148194 H 9137849 0.003196
9148194 H 9148193 0.003196
9148195 P2 9189558 0.981400
9148195 P2 9148195 0.018600
9148195 Z0 9148192 0.998873
9148195 Z0 9148193 0.000376
9148195 Z0 9148194 0.000376
9148195 Z0 9148195 0.000376
9148195 H 9137850 0.977148
9148195 H 9148195 0.003675
9148195 H 9137851 0.003196
9148195 H 9148194 0.003196
9148195 H 9137849 0.003196
9148195 H 9148193 0.003196
9148195 H 9137848 0.003196
9148195 H 9148192 0.003196
9148198 P2 9137849 0.995200
9148198 P2 9148198 0.004800
9148198 Z0 9168878 0.998873
9148198 Z0 9158538 0.000376
9148198 Z0 9137854 0.000376
9148198 Z0 9148198 0.000376
9148198 H 9148198 0.977148
9148198 H 9189556 0.003675
9148198 H 9137854 0.003196
9148198 H 9189555 0.003196
9148198 H 9158538 0.003196
9148198 H 9189558 0.003196
9148198 H 9168878 0.003196
9148198 H 9189557 0.003196
9158538 P2 9137850 0.995200
9158538 P2 9158538 0.004800
9158538 Z0 9137854 0.998873
9158538 Z0 9148198 0.000376
9158538 Z0 9168878 0.000376
9158538 Z0 9158538 0.000376
9158538 H 9189558 0.977148
9158538 H 9158538 0.003675
9158538 H 9189557 0.003196
9158538 H 9168878 0.003196
9158538 H 9189556 0.003196
9158538 H 9148198 0.003196
9158538 H 9189555 0.003196
9158538 H 9137854 0.003196
9168878 P2 9137851 0.995200
9168878 P2 9168878 0.004800
9168878 Z0 9148198 0.998873
9168878 Z0 9137854 0.000376
9168878 Z0 9158538 0.000376
9168878 Z0 9168878 0.000376
9168878 H 9189557 0.977148
9168878 H 9168878 0.003675
9168878 H 9189558 0.003196
9168878 H 9158538 0.003196
9168878 H 9189555 0.003196
9168878 H 9137854 0.003196
9168878 H 9189556 0.003196
9168878 H 9148198 0.003196
9189555 P2 9189555 0.981400
9189555 P2 9148192 0.018600
9189555 Z0 9189558 0.998873
9189555 Z0 9189557 0.000376
9189555 Z0 9189556 0.000376
9189555 Z0 9189555 0.000376
9189555 H 9189555 0.977148
9189555 H 9137854 0.003675
9189555 H 9189556 0.003196
9189555 H 9148198 0.003196
9189555 H 9189557 0.003196
9189555 H 9168878 0.003196
9189555 H 9189558 0.003196
9189555 H 9158538 0.003196
9189556 P2 9189556 0.981400
9189556 P2 9148193 0.018600
9189556 Z0 9189557 0.998873
9189556 Z0 9189558 0.000376
9189556 Z0 9189555 0.000376
9189556 Z0 9189556 0.000376
9189556 H 9189556 0.977148
9189556 H 9148198 0.003675
9189556 H 9189555 0.003196
9189556 H 9137854 0.003196
9189556 H 9189558 0.003196
9189556 H 9158538 0.003196
9189556 H 9189557 0.003196
9189556 H 9168878 0.003196
9189557 P2 9189557 0.981400
9189557 P2 9148194 0.018600
9189557 Z0 9189556 0.998873
9189557 Z0 9189555 0.000376
9189557 Z0 9189558 0.000376
9189557 Z0 9189557 0.000376
9189557 H 9168878 0.977148
9189557 H 9189557 0.003675
9189557 H 9158538 0.003196
9189557 H 9189558 0.003196
9189557 H 9137854 0.003196
9189557 H 9189555 0.003196
9189557 H 9148198 0.003196
9189557 H 9189556 0.003196
9189558 P2 9189558 0.981400
9189558 P2 9148195 0.018600
9189558 Z0 9189555 0.998873
9189558 Z0 9189556 0.000376
9189558 Z0 9189557 0.000376
9189558 Z0 9189558 0.000376
9189558 H 9158538 0.977148
9189558 H 9189558 0.003675
9189558 H 9168878 0.003196
9189558 H 9189557 0.003196
9189558 H 9148198 0.003196
9189558 H 9189556 0.003196
9189558 H 9137854 0.003196
9189558 H 9189555 0.003196
ENDPOMDP
