BEGINPOMDP
INITIALSTATE: 27992
STATES: 27992,27993,27994,27995,27996,28013,28014,28015,28016,28017,28018,28019,28020,28039,28078,28117,28156,28177,28178,28179,28180,28469,28470,28471,28472,28473,28474,28475,28476,28647,28686,28725,28764
TARGETV: 27993,27995,28039,28117,28177,28180,28647,28764
GAMMA: 27992:0,27993:0,27994:0,27995:0,27996:0,28013:0,28014:0,28015:0,28016:0,28017:0,28018:0,28019:0,28020:0,28039:1,28078:1,28117:1,28156:1,28177:0,28178:0,28179:0,28180:0,28469:1,28470:1,28471:1,28472:1,28473:1,28474:1,28475:1,28476:1,28647:1,28686:1,28725:1,28764:1
BEGINACTIONS
CX02
CX12
P2
X0
ENDACTIONS
27992 INIT_ 27993 0.250000
27992 INIT_ 27994 0.250000
27992 INIT_ 27995 0.250000
27992 INIT_ 27996 0.250000
27993 CX02 28013 0.977981
27993 CX02 28014 0.003146
27993 CX02 28015 0.003146
27993 CX02 28016 0.003146
27993 CX02 28017 0.003146
27993 CX02 28018 0.003146
27993 CX02 28019 0.003146
27993 CX02 28020 0.003146
27993 CX12 28013 0.987458
27993 CX12 28014 0.001792
27993 CX12 28015 0.001792
27993 CX12 28016 0.001792
27993 CX12 28018 0.001792
27993 CX12 28017 0.001792
27993 CX12 28020 0.001792
27993 CX12 28019 0.001792
27993 P2 27993 0.988400
27993 P2 28039 0.011600
27993 X0 27994 0.994202
27993 X0 27993 0.001933
27993 X0 27995 0.001933
27993 X0 27996 0.001933
27994 CX02 28018 0.977981
27994 CX02 28017 0.003146
27994 CX02 28020 0.003146
27994 CX02 28019 0.003146
27994 CX02 28014 0.003146
27994 CX02 28013 0.003146
27994 CX02 28016 0.003146
27994 CX02 28015 0.003146
27994 CX12 28017 0.987458
27994 CX12 28018 0.001792
27994 CX12 28019 0.001792
27994 CX12 28020 0.001792
27994 CX12 28014 0.001792
27994 CX12 28013 0.001792
27994 CX12 28016 0.001792
27994 CX12 28015 0.001792
27994 P2 27994 0.988400
27994 P2 28078 0.011600
27994 X0 27993 0.994202
27994 X0 27994 0.001933
27994 X0 27996 0.001933
27994 X0 27995 0.001933
27995 CX02 28016 0.977981
27995 CX02 28015 0.003146
27995 CX02 28014 0.003146
27995 CX02 28013 0.003146
27995 CX02 28020 0.003146
27995 CX02 28019 0.003146
27995 CX02 28018 0.003146
27995 CX02 28017 0.003146
27995 CX12 28016 0.987458
27995 CX12 28015 0.001792
27995 CX12 28014 0.001792
27995 CX12 28013 0.001792
27995 CX12 28019 0.001792
27995 CX12 28020 0.001792
27995 CX12 28017 0.001792
27995 CX12 28018 0.001792
27995 P2 27995 0.988400
27995 P2 28117 0.011600
27995 X0 27996 0.994202
27995 X0 27995 0.001933
27995 X0 27993 0.001933
27995 X0 27994 0.001933
27996 CX02 28019 0.977981
27996 CX02 28020 0.003146
27996 CX02 28017 0.003146
27996 CX02 28018 0.003146
27996 CX02 28015 0.003146
27996 CX02 28016 0.003146
27996 CX02 28013 0.003146
27996 CX02 28014 0.003146
27996 CX12 28020 0.987458
27996 CX12 28019 0.001792
27996 CX12 28018 0.001792
27996 CX12 28017 0.001792
27996 CX12 28015 0.001792
27996 CX12 28016 0.001792
27996 CX12 28013 0.001792
27996 CX12 28014 0.001792
27996 P2 27996 0.988400
27996 P2 28156 0.011600
27996 X0 27995 0.994202
27996 X0 27996 0.001933
27996 X0 27994 0.001933
27996 X0 27993 0.001933
28013 CX02 27993 0.977981
28013 CX02 28177 0.003146
28013 CX02 27994 0.003146
28013 CX02 28178 0.003146
28013 CX02 27996 0.003146
28013 CX02 28179 0.003146
28013 CX02 27995 0.003146
28013 CX02 28180 0.003146
28013 CX12 27993 0.987458
28013 CX12 28177 0.001792
28013 CX12 27994 0.001792
28013 CX12 28178 0.001792
28013 CX12 27996 0.001792
28013 CX12 28179 0.001792
28013 CX12 27995 0.001792
28013 CX12 28180 0.001792
28013 X0 28017 0.994202
28013 X0 28013 0.001933
28013 X0 28016 0.001933
28013 X0 28020 0.001933
28014 CX02 28177 0.977981
28014 CX02 27993 0.003146
28014 CX02 28178 0.003146
28014 CX02 27994 0.003146
28014 CX02 28179 0.003146
28014 CX02 27996 0.003146
28014 CX02 28180 0.003146
28014 CX02 27995 0.003146
28014 CX12 28177 0.987458
28014 CX12 27993 0.001792
28014 CX12 28178 0.001792
28014 CX12 27994 0.001792
28014 CX12 28179 0.001792
28014 CX12 27996 0.001792
28014 CX12 28180 0.001792
28014 CX12 27995 0.001792
28014 X0 28018 0.994202
28014 X0 28014 0.001933
28014 X0 28015 0.001933
28014 X0 28019 0.001933
28015 CX02 28180 0.977981
28015 CX02 27995 0.003146
28015 CX02 28179 0.003146
28015 CX02 27996 0.003146
28015 CX02 28178 0.003146
28015 CX02 27994 0.003146
28015 CX02 28177 0.003146
28015 CX02 27993 0.003146
28015 CX12 28180 0.987458
28015 CX12 27995 0.001792
28015 CX12 28179 0.001792
28015 CX12 27996 0.001792
28015 CX12 28178 0.001792
28015 CX12 27994 0.001792
28015 CX12 28177 0.001792
28015 CX12 27993 0.001792
28015 X0 28019 0.994202
28015 X0 28015 0.001933
28015 X0 28014 0.001933
28015 X0 28018 0.001933
28016 CX02 27995 0.977981
28016 CX02 28180 0.003146
28016 CX02 27996 0.003146
28016 CX02 28179 0.003146
28016 CX02 27994 0.003146
28016 CX02 28178 0.003146
28016 CX02 27993 0.003146
28016 CX02 28177 0.003146
28016 CX12 27995 0.987458
28016 CX12 28180 0.001792
28016 CX12 27996 0.001792
28016 CX12 28179 0.001792
28016 CX12 27994 0.001792
28016 CX12 28178 0.001792
28016 CX12 27993 0.001792
28016 CX12 28177 0.001792
28016 X0 28020 0.994202
28016 X0 28016 0.001933
28016 X0 28013 0.001933
28016 X0 28017 0.001933
28017 CX02 28178 0.977981
28017 CX02 27994 0.003146
28017 CX02 28177 0.003146
28017 CX02 27993 0.003146
28017 CX02 28180 0.003146
28017 CX02 27995 0.003146
28017 CX02 28179 0.003146
28017 CX02 27996 0.003146
28017 CX12 27994 0.987458
28017 CX12 28178 0.001792
28017 CX12 27993 0.001792
28017 CX12 28177 0.001792
28017 CX12 27995 0.001792
28017 CX12 28180 0.001792
28017 CX12 27996 0.001792
28017 CX12 28179 0.001792
28017 X0 28013 0.994202
28017 X0 28017 0.001933
28017 X0 28020 0.001933
28017 X0 28016 0.001933
28018 CX02 27994 0.977981
28018 CX02 28178 0.003146
28018 CX02 27993 0.003146
28018 CX02 28177 0.003146
28018 CX02 27995 0.003146
28018 CX02 28180 0.003146
28018 CX02 27996 0.003146
28018 CX02 28179 0.003146
28018 CX12 28178 0.987458
28018 CX12 27994 0.001792
28018 CX12 28177 0.001792
28018 CX12 27993 0.001792
28018 CX12 28180 0.001792
28018 CX12 27995 0.001792
28018 CX12 28179 0.001792
28018 CX12 27996 0.001792
28018 X0 28014 0.994202
28018 X0 28018 0.001933
28018 X0 28019 0.001933
28018 X0 28015 0.001933
28019 CX02 27996 0.977981
28019 CX02 28179 0.003146
28019 CX02 27995 0.003146
28019 CX02 28180 0.003146
28019 CX02 27993 0.003146
28019 CX02 28177 0.003146
28019 CX02 27994 0.003146
28019 CX02 28178 0.003146
28019 CX12 28179 0.987458
28019 CX12 27996 0.001792
28019 CX12 28180 0.001792
28019 CX12 27995 0.001792
28019 CX12 28177 0.001792
28019 CX12 27993 0.001792
28019 CX12 28178 0.001792
28019 CX12 27994 0.001792
28019 X0 28015 0.994202
28019 X0 28019 0.001933
28019 X0 28018 0.001933
28019 X0 28014 0.001933
28020 CX02 28179 0.977981
28020 CX02 27996 0.003146
28020 CX02 28180 0.003146
28020 CX02 27995 0.003146
28020 CX02 28177 0.003146
28020 CX02 27993 0.003146
28020 CX02 28178 0.003146
28020 CX02 27994 0.003146
28020 CX12 27996 0.987458
28020 CX12 28179 0.001792
28020 CX12 27995 0.001792
28020 CX12 28180 0.001792
28020 CX12 27993 0.001792
28020 CX12 28177 0.001792
28020 CX12 27994 0.001792
28020 CX12 28178 0.001792
28020 X0 28016 0.994202
28020 X0 28020 0.001933
28020 X0 28017 0.001933
28020 X0 28013 0.001933
28039 CX02 28469 0.977981
28039 CX02 28470 0.003146
28039 CX02 28471 0.003146
28039 CX02 28472 0.003146
28039 CX02 28473 0.003146
28039 CX02 28474 0.003146
28039 CX02 28475 0.003146
28039 CX02 28476 0.003146
28039 CX12 28469 0.987458
28039 CX12 28470 0.001792
28039 CX12 28471 0.001792
28039 CX12 28472 0.001792
28039 CX12 28474 0.001792
28039 CX12 28473 0.001792
28039 CX12 28476 0.001792
28039 CX12 28475 0.001792
28039 P2 27993 0.988400
28039 P2 28039 0.011600
28039 X0 28078 0.994202
28039 X0 28039 0.001933
28039 X0 28117 0.001933
28039 X0 28156 0.001933
28078 CX02 28474 0.977981
28078 CX02 28473 0.003146
28078 CX02 28476 0.003146
28078 CX02 28475 0.003146
28078 CX02 28470 0.003146
28078 CX02 28469 0.003146
28078 CX02 28472 0.003146
28078 CX02 28471 0.003146
28078 CX12 28473 0.987458
28078 CX12 28474 0.001792
28078 CX12 28475 0.001792
28078 CX12 28476 0.001792
28078 CX12 28470 0.001792
28078 CX12 28469 0.001792
28078 CX12 28472 0.001792
28078 CX12 28471 0.001792
28078 P2 27994 0.988400
28078 P2 28078 0.011600
28078 X0 28039 0.994202
28078 X0 28078 0.001933
28078 X0 28156 0.001933
28078 X0 28117 0.001933
28117 CX02 28472 0.977981
28117 CX02 28471 0.003146
28117 CX02 28470 0.003146
28117 CX02 28469 0.003146
28117 CX02 28476 0.003146
28117 CX02 28475 0.003146
28117 CX02 28474 0.003146
28117 CX02 28473 0.003146
28117 CX12 28472 0.987458
28117 CX12 28471 0.001792
28117 CX12 28470 0.001792
28117 CX12 28469 0.001792
28117 CX12 28475 0.001792
28117 CX12 28476 0.001792
28117 CX12 28473 0.001792
28117 CX12 28474 0.001792
28117 P2 27995 0.988400
28117 P2 28117 0.011600
28117 X0 28156 0.994202
28117 X0 28117 0.001933
28117 X0 28039 0.001933
28117 X0 28078 0.001933
28156 CX02 28475 0.977981
28156 CX02 28476 0.003146
28156 CX02 28473 0.003146
28156 CX02 28474 0.003146
28156 CX02 28471 0.003146
28156 CX02 28472 0.003146
28156 CX02 28469 0.003146
28156 CX02 28470 0.003146
28156 CX12 28476 0.987458
28156 CX12 28475 0.001792
28156 CX12 28474 0.001792
28156 CX12 28473 0.001792
28156 CX12 28471 0.001792
28156 CX12 28472 0.001792
28156 CX12 28469 0.001792
28156 CX12 28470 0.001792
28156 P2 27996 0.988400
28156 P2 28156 0.011600
28156 X0 28117 0.994202
28156 X0 28156 0.001933
28156 X0 28078 0.001933
28156 X0 28039 0.001933
28177 CX02 28014 0.977981
28177 CX02 28013 0.003146
28177 CX02 28016 0.003146
28177 CX02 28015 0.003146
28177 CX02 28018 0.003146
28177 CX02 28017 0.003146
28177 CX02 28020 0.003146
28177 CX02 28019 0.003146
28177 CX12 28014 0.987458
28177 CX12 28013 0.001792
28177 CX12 28016 0.001792
28177 CX12 28015 0.001792
28177 CX12 28017 0.001792
28177 CX12 28018 0.001792
28177 CX12 28019 0.001792
28177 CX12 28020 0.001792
28177 P2 28647 0.970800
28177 P2 28177 0.029200
28177 X0 28178 0.994202
28177 X0 28177 0.001933
28177 X0 28180 0.001933
28177 X0 28179 0.001933
28178 CX02 28017 0.977981
28178 CX02 28018 0.003146
28178 CX02 28019 0.003146
28178 CX02 28020 0.003146
28178 CX02 28013 0.003146
28178 CX02 28014 0.003146
28178 CX02 28015 0.003146
28178 CX02 28016 0.003146
28178 CX12 28018 0.987458
28178 CX12 28017 0.001792
28178 CX12 28020 0.001792
28178 CX12 28019 0.001792
28178 CX12 28013 0.001792
28178 CX12 28014 0.001792
28178 CX12 28015 0.001792
28178 CX12 28016 0.001792
28178 P2 28686 0.970800
28178 P2 28178 0.029200
28178 X0 28177 0.994202
28178 X0 28178 0.001933
28178 X0 28179 0.001933
28178 X0 28180 0.001933
28179 CX02 28020 0.977981
28179 CX02 28019 0.003146
28179 CX02 28018 0.003146
28179 CX02 28017 0.003146
28179 CX02 28016 0.003146
28179 CX02 28015 0.003146
28179 CX02 28014 0.003146
28179 CX02 28013 0.003146
28179 CX12 28019 0.987458
28179 CX12 28020 0.001792
28179 CX12 28017 0.001792
28179 CX12 28018 0.001792
28179 CX12 28016 0.001792
28179 CX12 28015 0.001792
28179 CX12 28014 0.001792
28179 CX12 28013 0.001792
28179 P2 28725 0.970800
28179 P2 28179 0.029200
28179 X0 28180 0.994202
28179 X0 28179 0.001933
28179 X0 28178 0.001933
28179 X0 28177 0.001933
28180 CX02 28015 0.977981
28180 CX02 28016 0.003146
28180 CX02 28013 0.003146
28180 CX02 28014 0.003146
28180 CX02 28019 0.003146
28180 CX02 28020 0.003146
28180 CX02 28017 0.003146
28180 CX02 28018 0.003146
28180 CX12 28015 0.987458
28180 CX12 28016 0.001792
28180 CX12 28013 0.001792
28180 CX12 28014 0.001792
28180 CX12 28020 0.001792
28180 CX12 28019 0.001792
28180 CX12 28018 0.001792
28180 CX12 28017 0.001792
28180 P2 28764 0.970800
28180 P2 28180 0.029200
28180 X0 28179 0.994202
28180 X0 28180 0.001933
28180 X0 28177 0.001933
28180 X0 28178 0.001933
28469 CX02 28039 0.977981
28469 CX02 28647 0.003146
28469 CX02 28078 0.003146
28469 CX02 28686 0.003146
28469 CX02 28156 0.003146
28469 CX02 28725 0.003146
28469 CX02 28117 0.003146
28469 CX02 28764 0.003146
28469 CX12 28039 0.987458
28469 CX12 28647 0.001792
28469 CX12 28078 0.001792
28469 CX12 28686 0.001792
28469 CX12 28156 0.001792
28469 CX12 28725 0.001792
28469 CX12 28117 0.001792
28469 CX12 28764 0.001792
28469 X0 28473 0.994202
28469 X0 28469 0.001933
28469 X0 28472 0.001933
28469 X0 28476 0.001933
28470 CX02 28647 0.977981
28470 CX02 28039 0.003146
28470 CX02 28686 0.003146
28470 CX02 28078 0.003146
28470 CX02 28725 0.003146
28470 CX02 28156 0.003146
28470 CX02 28764 0.003146
28470 CX02 28117 0.003146
28470 CX12 28647 0.987458
28470 CX12 28039 0.001792
28470 CX12 28686 0.001792
28470 CX12 28078 0.001792
28470 CX12 28725 0.001792
28470 CX12 28156 0.001792
28470 CX12 28764 0.001792
28470 CX12 28117 0.001792
28470 X0 28474 0.994202
28470 X0 28470 0.001933
28470 X0 28471 0.001933
28470 X0 28475 0.001933
28471 CX02 28764 0.977981
28471 CX02 28117 0.003146
28471 CX02 28725 0.003146
28471 CX02 28156 0.003146
28471 CX02 28686 0.003146
28471 CX02 28078 0.003146
28471 CX02 28647 0.003146
28471 CX02 28039 0.003146
28471 CX12 28764 0.987458
28471 CX12 28117 0.001792
28471 CX12 28725 0.001792
28471 CX12 28156 0.001792
28471 CX12 28686 0.001792
28471 CX12 28078 0.001792
28471 CX12 28647 0.001792
28471 CX12 28039 0.001792
28471 X0 28475 0.994202
28471 X0 28471 0.001933
28471 X0 28470 0.001933
28471 X0 28474 0.001933
28472 CX02 28117 0.977981
28472 CX02 28764 0.003146
28472 CX02 28156 0.003146
28472 CX02 28725 0.003146
28472 CX02 28078 0.003146
28472 CX02 28686 0.003146
28472 CX02 28039 0.003146
28472 CX02 28647 0.003146
28472 CX12 28117 0.987458
28472 CX12 28764 0.001792
28472 CX12 28156 0.001792
28472 CX12 28725 0.001792
28472 CX12 28078 0.001792
28472 CX12 28686 0.001792
28472 CX12 28039 0.001792
28472 CX12 28647 0.001792
28472 X0 28476 0.994202
28472 X0 28472 0.001933
28472 X0 28469 0.001933
28472 X0 28473 0.001933
28473 CX02 28686 0.977981
28473 CX02 28078 0.003146
28473 CX02 28647 0.003146
28473 CX02 28039 0.003146
28473 CX02 28764 0.003146
28473 CX02 28117 0.003146
28473 CX02 28725 0.003146
28473 CX02 28156 0.003146
28473 CX12 28078 0.987458
28473 CX12 28686 0.001792
28473 CX12 28039 0.001792
28473 CX12 28647 0.001792
28473 CX12 28117 0.001792
28473 CX12 28764 0.001792
28473 CX12 28156 0.001792
28473 CX12 28725 0.001792
28473 X0 28469 0.994202
28473 X0 28473 0.001933
28473 X0 28476 0.001933
28473 X0 28472 0.001933
28474 CX02 28078 0.977981
28474 CX02 28686 0.003146
28474 CX02 28039 0.003146
28474 CX02 28647 0.003146
28474 CX02 28117 0.003146
28474 CX02 28764 0.003146
28474 CX02 28156 0.003146
28474 CX02 28725 0.003146
28474 CX12 28686 0.987458
28474 CX12 28078 0.001792
28474 CX12 28647 0.001792
28474 CX12 28039 0.001792
28474 CX12 28764 0.001792
28474 CX12 28117 0.001792
28474 CX12 28725 0.001792
28474 CX12 28156 0.001792
28474 X0 28470 0.994202
28474 X0 28474 0.001933
28474 X0 28475 0.001933
28474 X0 28471 0.001933
28475 CX02 28156 0.977981
28475 CX02 28725 0.003146
28475 CX02 28117 0.003146
28475 CX02 28764 0.003146
28475 CX02 28039 0.003146
28475 CX02 28647 0.003146
28475 CX02 28078 0.003146
28475 CX02 28686 0.003146
28475 CX12 28725 0.987458
28475 CX12 28156 0.001792
28475 CX12 28764 0.001792
28475 CX12 28117 0.001792
28475 CX12 28647 0.001792
28475 CX12 28039 0.001792
28475 CX12 28686 0.001792
28475 CX12 28078 0.001792
28475 X0 28471 0.994202
28475 X0 28475 0.001933
28475 X0 28474 0.001933
28475 X0 28470 0.001933
28476 CX02 28725 0.977981
28476 CX02 28156 0.003146
28476 CX02 28764 0.003146
28476 CX02 28117 0.003146
28476 CX02 28647 0.003146
28476 CX02 28039 0.003146
28476 CX02 28686 0.003146
28476 CX02 28078 0.003146
28476 CX12 28156 0.987458
28476 CX12 28725 0.001792
28476 CX12 28117 0.001792
28476 CX12 28764 0.001792
28476 CX12 28039 0.001792
28476 CX12 28647 0.001792
28476 CX12 28078 0.001792
28476 CX12 28686 0.001792
28476 X0 28472 0.994202
28476 X0 28476 0.001933
28476 X0 28473 0.001933
28476 X0 28469 0.001933
28647 CX02 28470 0.977981
28647 CX02 28469 0.003146
28647 CX02 28472 0.003146
28647 CX02 28471 0.003146
28647 CX02 28474 0.003146
28647 CX02 28473 0.003146
28647 CX02 28476 0.003146
28647 CX02 28475 0.003146
28647 CX12 28470 0.987458
28647 CX12 28469 0.001792
28647 CX12 28472 0.001792
28647 CX12 28471 0.001792
28647 CX12 28473 0.001792
28647 CX12 28474 0.001792
28647 CX12 28475 0.001792
28647 CX12 28476 0.001792
28647 P2 28647 0.970800
28647 P2 28177 0.029200
28647 X0 28686 0.994202
28647 X0 28647 0.001933
28647 X0 28764 0.001933
28647 X0 28725 0.001933
28686 CX02 28473 0.977981
28686 CX02 28474 0.003146
28686 CX02 28475 0.003146
28686 CX02 28476 0.003146
28686 CX02 28469 0.003146
28686 CX02 28470 0.003146
28686 CX02 28471 0.003146
28686 CX02 28472 0.003146
28686 CX12 28474 0.987458
28686 CX12 28473 0.001792
28686 CX12 28476 0.001792
28686 CX12 28475 0.001792
28686 CX12 28469 0.001792
28686 CX12 28470 0.001792
28686 CX12 28471 0.001792
28686 CX12 28472 0.001792
28686 P2 28686 0.970800
28686 P2 28178 0.029200
28686 X0 28647 0.994202
28686 X0 28686 0.001933
28686 X0 28725 0.001933
28686 X0 28764 0.001933
28725 CX02 28476 0.977981
28725 CX02 28475 0.003146
28725 CX02 28474 0.003146
28725 CX02 28473 0.003146
28725 CX02 28472 0.003146
28725 CX02 28471 0.003146
28725 CX02 28470 0.003146
28725 CX02 28469 0.003146
28725 CX12 28475 0.987458
28725 CX12 28476 0.001792
28725 CX12 28473 0.001792
28725 CX12 28474 0.001792
28725 CX12 28472 0.001792
28725 CX12 28471 0.001792
28725 CX12 28470 0.001792
28725 CX12 28469 0.001792
28725 P2 28725 0.970800
28725 P2 28179 0.029200
28725 X0 28764 0.994202
28725 X0 28725 0.001933
28725 X0 28686 0.001933
28725 X0 28647 0.001933
28764 CX02 28471 0.977981
28764 CX02 28472 0.003146
28764 CX02 28469 0.003146
28764 CX02 28470 0.003146
28764 CX02 28475 0.003146
28764 CX02 28476 0.003146
28764 CX02 28473 0.003146
28764 CX02 28474 0.003146
28764 CX12 28471 0.987458
28764 CX12 28472 0.001792
28764 CX12 28469 0.001792
28764 CX12 28470 0.001792
28764 CX12 28476 0.001792
28764 CX12 28475 0.001792
28764 CX12 28474 0.001792
28764 CX12 28473 0.001792
28764 P2 28764 0.970800
28764 P2 28180 0.029200
28764 X0 28725 0.994202
28764 X0 28764 0.001933
28764 X0 28647 0.001933
28764 X0 28686 0.001933
ENDPOMDP
