BEGINPOMDP
INITIALSTATE: 48681
STATES: 49158,49159,49160,49161,49162,49163,49164,49165,49414,48806,48681,48682,48683,48684,49453,48685,49336,48702,48703,48704,48705,48706,48707,48708,48709,48845,48728,49375,48866,48867,48868,48869,48767
TARGETV: 48806,48682,48684,49453,49336,48728,48866,48869
GAMMA: 49158:1,49159:1,49160:1,49161:1,49162:1,49163:1,49164:1,49165:1,49414:1,48806:1,48681:0,48682:0,48683:0,48684:0,49453:1,48685:0,49336:1,48702:0,48703:0,48704:0,48705:0,48706:0,48707:0,48708:0,48709:0,48845:1,48728:1,49375:1,48866:0,48867:0,48868:0,48869:0,48767:1
BEGINACTIONS
CX02
CX12
P2
X0
ENDACTIONS
48681 INIT_ 48682 0.250000
48681 INIT_ 48683 0.250000
48681 INIT_ 48684 0.250000
48681 INIT_ 48685 0.250000
48682 CX02 48702 0.989153
48682 CX02 48703 0.001550
48682 CX02 48704 0.001550
48682 CX02 48705 0.001550
48682 CX02 48706 0.001550
48682 CX02 48707 0.001550
48682 CX02 48708 0.001550
48682 CX02 48709 0.001550
48682 CX12 48702 0.991682
48682 CX12 48703 0.001188
48682 CX12 48704 0.001188
48682 CX12 48705 0.001188
48682 CX12 48707 0.001188
48682 CX12 48706 0.001188
48682 CX12 48709 0.001188
48682 CX12 48708 0.001188
48682 P2 48682 0.984000
48682 P2 48728 0.016000
48682 X0 48683 0.999247
48682 X0 48682 0.000251
48682 X0 48684 0.000251
48682 X0 48685 0.000251
48683 CX02 48707 0.989153
48683 CX02 48706 0.001550
48683 CX02 48709 0.001550
48683 CX02 48708 0.001550
48683 CX02 48703 0.001550
48683 CX02 48702 0.001550
48683 CX02 48705 0.001550
48683 CX02 48704 0.001550
48683 CX12 48706 0.991682
48683 CX12 48707 0.001188
48683 CX12 48708 0.001188
48683 CX12 48709 0.001188
48683 CX12 48703 0.001188
48683 CX12 48702 0.001188
48683 CX12 48705 0.001188
48683 CX12 48704 0.001188
48683 P2 48683 0.984000
48683 P2 48767 0.016000
48683 X0 48682 0.999247
48683 X0 48683 0.000251
48683 X0 48685 0.000251
48683 X0 48684 0.000251
48684 CX02 48705 0.989153
48684 CX02 48704 0.001550
48684 CX02 48703 0.001550
48684 CX02 48702 0.001550
48684 CX02 48709 0.001550
48684 CX02 48708 0.001550
48684 CX02 48707 0.001550
48684 CX02 48706 0.001550
48684 CX12 48705 0.991682
48684 CX12 48704 0.001188
48684 CX12 48703 0.001188
48684 CX12 48702 0.001188
48684 CX12 48708 0.001188
48684 CX12 48709 0.001188
48684 CX12 48706 0.001188
48684 CX12 48707 0.001188
48684 P2 48684 0.984000
48684 P2 48806 0.016000
48684 X0 48685 0.999247
48684 X0 48684 0.000251
48684 X0 48682 0.000251
48684 X0 48683 0.000251
48685 CX02 48708 0.989153
48685 CX02 48709 0.001550
48685 CX02 48706 0.001550
48685 CX02 48707 0.001550
48685 CX02 48704 0.001550
48685 CX02 48705 0.001550
48685 CX02 48702 0.001550
48685 CX02 48703 0.001550
48685 CX12 48709 0.991682
48685 CX12 48708 0.001188
48685 CX12 48707 0.001188
48685 CX12 48706 0.001188
48685 CX12 48704 0.001188
48685 CX12 48705 0.001188
48685 CX12 48702 0.001188
48685 CX12 48703 0.001188
48685 P2 48685 0.984000
48685 P2 48845 0.016000
48685 X0 48684 0.999247
48685 X0 48685 0.000251
48685 X0 48683 0.000251
48685 X0 48682 0.000251
48702 CX02 48682 0.989153
48702 CX02 48866 0.001550
48702 CX02 48683 0.001550
48702 CX02 48867 0.001550
48702 CX02 48685 0.001550
48702 CX02 48868 0.001550
48702 CX02 48684 0.001550
48702 CX02 48869 0.001550
48702 CX12 48682 0.991682
48702 CX12 48866 0.001188
48702 CX12 48683 0.001188
48702 CX12 48867 0.001188
48702 CX12 48685 0.001188
48702 CX12 48868 0.001188
48702 CX12 48684 0.001188
48702 CX12 48869 0.001188
48702 X0 48706 0.999247
48702 X0 48702 0.000251
48702 X0 48705 0.000251
48702 X0 48709 0.000251
48703 CX02 48866 0.989153
48703 CX02 48682 0.001550
48703 CX02 48867 0.001550
48703 CX02 48683 0.001550
48703 CX02 48868 0.001550
48703 CX02 48685 0.001550
48703 CX02 48869 0.001550
48703 CX02 48684 0.001550
48703 CX12 48866 0.991682
48703 CX12 48682 0.001188
48703 CX12 48867 0.001188
48703 CX12 48683 0.001188
48703 CX12 48868 0.001188
48703 CX12 48685 0.001188
48703 CX12 48869 0.001188
48703 CX12 48684 0.001188
48703 X0 48707 0.999247
48703 X0 48703 0.000251
48703 X0 48704 0.000251
48703 X0 48708 0.000251
48704 CX02 48869 0.989153
48704 CX02 48684 0.001550
48704 CX02 48868 0.001550
48704 CX02 48685 0.001550
48704 CX02 48867 0.001550
48704 CX02 48683 0.001550
48704 CX02 48866 0.001550
48704 CX02 48682 0.001550
48704 CX12 48869 0.991682
48704 CX12 48684 0.001188
48704 CX12 48868 0.001188
48704 CX12 48685 0.001188
48704 CX12 48867 0.001188
48704 CX12 48683 0.001188
48704 CX12 48866 0.001188
48704 CX12 48682 0.001188
48704 X0 48708 0.999247
48704 X0 48704 0.000251
48704 X0 48703 0.000251
48704 X0 48707 0.000251
48705 CX02 48684 0.989153
48705 CX02 48869 0.001550
48705 CX02 48685 0.001550
48705 CX02 48868 0.001550
48705 CX02 48683 0.001550
48705 CX02 48867 0.001550
48705 CX02 48682 0.001550
48705 CX02 48866 0.001550
48705 CX12 48684 0.991682
48705 CX12 48869 0.001188
48705 CX12 48685 0.001188
48705 CX12 48868 0.001188
48705 CX12 48683 0.001188
48705 CX12 48867 0.001188
48705 CX12 48682 0.001188
48705 CX12 48866 0.001188
48705 X0 48709 0.999247
48705 X0 48705 0.000251
48705 X0 48702 0.000251
48705 X0 48706 0.000251
48706 CX02 48867 0.989153
48706 CX02 48683 0.001550
48706 CX02 48866 0.001550
48706 CX02 48682 0.001550
48706 CX02 48869 0.001550
48706 CX02 48684 0.001550
48706 CX02 48868 0.001550
48706 CX02 48685 0.001550
48706 CX12 48683 0.991682
48706 CX12 48867 0.001188
48706 CX12 48682 0.001188
48706 CX12 48866 0.001188
48706 CX12 48684 0.001188
48706 CX12 48869 0.001188
48706 CX12 48685 0.001188
48706 CX12 48868 0.001188
48706 X0 48702 0.999247
48706 X0 48706 0.000251
48706 X0 48709 0.000251
48706 X0 48705 0.000251
48707 CX02 48683 0.989153
48707 CX02 48867 0.001550
48707 CX02 48682 0.001550
48707 CX02 48866 0.001550
48707 CX02 48684 0.001550
48707 CX02 48869 0.001550
48707 CX02 48685 0.001550
48707 CX02 48868 0.001550
48707 CX12 48867 0.991682
48707 CX12 48683 0.001188
48707 CX12 48866 0.001188
48707 CX12 48682 0.001188
48707 CX12 48869 0.001188
48707 CX12 48684 0.001188
48707 CX12 48868 0.001188
48707 CX12 48685 0.001188
48707 X0 48703 0.999247
48707 X0 48707 0.000251
48707 X0 48708 0.000251
48707 X0 48704 0.000251
48708 CX02 48685 0.989153
48708 CX02 48868 0.001550
48708 CX02 48684 0.001550
48708 CX02 48869 0.001550
48708 CX02 48682 0.001550
48708 CX02 48866 0.001550
48708 CX02 48683 0.001550
48708 CX02 48867 0.001550
48708 CX12 48868 0.991682
48708 CX12 48685 0.001188
48708 CX12 48869 0.001188
48708 CX12 48684 0.001188
48708 CX12 48866 0.001188
48708 CX12 48682 0.001188
48708 CX12 48867 0.001188
48708 CX12 48683 0.001188
48708 X0 48704 0.999247
48708 X0 48708 0.000251
48708 X0 48707 0.000251
48708 X0 48703 0.000251
48709 CX02 48868 0.989153
48709 CX02 48685 0.001550
48709 CX02 48869 0.001550
48709 CX02 48684 0.001550
48709 CX02 48866 0.001550
48709 CX02 48682 0.001550
48709 CX02 48867 0.001550
48709 CX02 48683 0.001550
48709 CX12 48685 0.991682
48709 CX12 48868 0.001188
48709 CX12 48684 0.001188
48709 CX12 48869 0.001188
48709 CX12 48682 0.001188
48709 CX12 48866 0.001188
48709 CX12 48683 0.001188
48709 CX12 48867 0.001188
48709 X0 48705 0.999247
48709 X0 48709 0.000251
48709 X0 48706 0.000251
48709 X0 48702 0.000251
48728 CX02 49158 0.989153
48728 CX02 49159 0.001550
48728 CX02 49160 0.001550
48728 CX02 49161 0.001550
48728 CX02 49162 0.001550
48728 CX02 49163 0.001550
48728 CX02 49164 0.001550
48728 CX02 49165 0.001550
48728 CX12 49158 0.991682
48728 CX12 49159 0.001188
48728 CX12 49160 0.001188
48728 CX12 49161 0.001188
48728 CX12 49163 0.001188
48728 CX12 49162 0.001188
48728 CX12 49165 0.001188
48728 CX12 49164 0.001188
48728 P2 48682 0.984000
48728 P2 48728 0.016000
48728 X0 48767 0.999247
48728 X0 48728 0.000251
48728 X0 48806 0.000251
48728 X0 48845 0.000251
48767 CX02 49163 0.989153
48767 CX02 49162 0.001550
48767 CX02 49165 0.001550
48767 CX02 49164 0.001550
48767 CX02 49159 0.001550
48767 CX02 49158 0.001550
48767 CX02 49161 0.001550
48767 CX02 49160 0.001550
48767 CX12 49162 0.991682
48767 CX12 49163 0.001188
48767 CX12 49164 0.001188
48767 CX12 49165 0.001188
48767 CX12 49159 0.001188
48767 CX12 49158 0.001188
48767 CX12 49161 0.001188
48767 CX12 49160 0.001188
48767 P2 48683 0.984000
48767 P2 48767 0.016000
48767 X0 48728 0.999247
48767 X0 48767 0.000251
48767 X0 48845 0.000251
48767 X0 48806 0.000251
48806 CX02 49161 0.989153
48806 CX02 49160 0.001550
48806 CX02 49159 0.001550
48806 CX02 49158 0.001550
48806 CX02 49165 0.001550
48806 CX02 49164 0.001550
48806 CX02 49163 0.001550
48806 CX02 49162 0.001550
48806 CX12 49161 0.991682
48806 CX12 49160 0.001188
48806 CX12 49159 0.001188
48806 CX12 49158 0.001188
48806 CX12 49164 0.001188
48806 CX12 49165 0.001188
48806 CX12 49162 0.001188
48806 CX12 49163 0.001188
48806 P2 48684 0.984000
48806 P2 48806 0.016000
48806 X0 48845 0.999247
48806 X0 48806 0.000251
48806 X0 48728 0.000251
48806 X0 48767 0.000251
48845 CX02 49164 0.989153
48845 CX02 49165 0.001550
48845 CX02 49162 0.001550
48845 CX02 49163 0.001550
48845 CX02 49160 0.001550
48845 CX02 49161 0.001550
48845 CX02 49158 0.001550
48845 CX02 49159 0.001550
48845 CX12 49165 0.991682
48845 CX12 49164 0.001188
48845 CX12 49163 0.001188
48845 CX12 49162 0.001188
48845 CX12 49160 0.001188
48845 CX12 49161 0.001188
48845 CX12 49158 0.001188
48845 CX12 49159 0.001188
48845 P2 48685 0.984000
48845 P2 48845 0.016000
48845 X0 48806 0.999247
48845 X0 48845 0.000251
48845 X0 48767 0.000251
48845 X0 48728 0.000251
48866 CX02 48703 0.989153
48866 CX02 48702 0.001550
48866 CX02 48705 0.001550
48866 CX02 48704 0.001550
48866 CX02 48707 0.001550
48866 CX02 48706 0.001550
48866 CX02 48709 0.001550
48866 CX02 48708 0.001550
48866 CX12 48703 0.991682
48866 CX12 48702 0.001188
48866 CX12 48705 0.001188
48866 CX12 48704 0.001188
48866 CX12 48706 0.001188
48866 CX12 48707 0.001188
48866 CX12 48708 0.001188
48866 CX12 48709 0.001188
48866 P2 49336 0.973000
48866 P2 48866 0.027000
48866 X0 48867 0.999247
48866 X0 48866 0.000251
48866 X0 48869 0.000251
48866 X0 48868 0.000251
48867 CX02 48706 0.989153
48867 CX02 48707 0.001550
48867 CX02 48708 0.001550
48867 CX02 48709 0.001550
48867 CX02 48702 0.001550
48867 CX02 48703 0.001550
48867 CX02 48704 0.001550
48867 CX02 48705 0.001550
48867 CX12 48707 0.991682
48867 CX12 48706 0.001188
48867 CX12 48709 0.001188
48867 CX12 48708 0.001188
48867 CX12 48702 0.001188
48867 CX12 48703 0.001188
48867 CX12 48704 0.001188
48867 CX12 48705 0.001188
48867 P2 49375 0.973000
48867 P2 48867 0.027000
48867 X0 48866 0.999247
48867 X0 48867 0.000251
48867 X0 48868 0.000251
48867 X0 48869 0.000251
48868 CX02 48709 0.989153
48868 CX02 48708 0.001550
48868 CX02 48707 0.001550
48868 CX02 48706 0.001550
48868 CX02 48705 0.001550
48868 CX02 48704 0.001550
48868 CX02 48703 0.001550
48868 CX02 48702 0.001550
48868 CX12 48708 0.991682
48868 CX12 48709 0.001188
48868 CX12 48706 0.001188
48868 CX12 48707 0.001188
48868 CX12 48705 0.001188
48868 CX12 48704 0.001188
48868 CX12 48703 0.001188
48868 CX12 48702 0.001188
48868 P2 49414 0.973000
48868 P2 48868 0.027000
48868 X0 48869 0.999247
48868 X0 48868 0.000251
48868 X0 48867 0.000251
48868 X0 48866 0.000251
48869 CX02 48704 0.989153
48869 CX02 48705 0.001550
48869 CX02 48702 0.001550
48869 CX02 48703 0.001550
48869 CX02 48708 0.001550
48869 CX02 48709 0.001550
48869 CX02 48706 0.001550
48869 CX02 48707 0.001550
48869 CX12 48704 0.991682
48869 CX12 48705 0.001188
48869 CX12 48702 0.001188
48869 CX12 48703 0.001188
48869 CX12 48709 0.001188
48869 CX12 48708 0.001188
48869 CX12 48707 0.001188
48869 CX12 48706 0.001188
48869 P2 49453 0.973000
48869 P2 48869 0.027000
48869 X0 48868 0.999247
48869 X0 48869 0.000251
48869 X0 48866 0.000251
48869 X0 48867 0.000251
49158 CX02 48728 0.989153
49158 CX02 49336 0.001550
49158 CX02 48767 0.001550
49158 CX02 49375 0.001550
49158 CX02 48845 0.001550
49158 CX02 49414 0.001550
49158 CX02 48806 0.001550
49158 CX02 49453 0.001550
49158 CX12 48728 0.991682
49158 CX12 49336 0.001188
49158 CX12 48767 0.001188
49158 CX12 49375 0.001188
49158 CX12 48845 0.001188
49158 CX12 49414 0.001188
49158 CX12 48806 0.001188
49158 CX12 49453 0.001188
49158 X0 49162 0.999247
49158 X0 49158 0.000251
49158 X0 49161 0.000251
49158 X0 49165 0.000251
49159 CX02 49336 0.989153
49159 CX02 48728 0.001550
49159 CX02 49375 0.001550
49159 CX02 48767 0.001550
49159 CX02 49414 0.001550
49159 CX02 48845 0.001550
49159 CX02 49453 0.001550
49159 CX02 48806 0.001550
49159 CX12 49336 0.991682
49159 CX12 48728 0.001188
49159 CX12 49375 0.001188
49159 CX12 48767 0.001188
49159 CX12 49414 0.001188
49159 CX12 48845 0.001188
49159 CX12 49453 0.001188
49159 CX12 48806 0.001188
49159 X0 49163 0.999247
49159 X0 49159 0.000251
49159 X0 49160 0.000251
49159 X0 49164 0.000251
49160 CX02 49453 0.989153
49160 CX02 48806 0.001550
49160 CX02 49414 0.001550
49160 CX02 48845 0.001550
49160 CX02 49375 0.001550
49160 CX02 48767 0.001550
49160 CX02 49336 0.001550
49160 CX02 48728 0.001550
49160 CX12 49453 0.991682
49160 CX12 48806 0.001188
49160 CX12 49414 0.001188
49160 CX12 48845 0.001188
49160 CX12 49375 0.001188
49160 CX12 48767 0.001188
49160 CX12 49336 0.001188
49160 CX12 48728 0.001188
49160 X0 49164 0.999247
49160 X0 49160 0.000251
49160 X0 49159 0.000251
49160 X0 49163 0.000251
49161 CX02 48806 0.989153
49161 CX02 49453 0.001550
49161 CX02 48845 0.001550
49161 CX02 49414 0.001550
49161 CX02 48767 0.001550
49161 CX02 49375 0.001550
49161 CX02 48728 0.001550
49161 CX02 49336 0.001550
49161 CX12 48806 0.991682
49161 CX12 49453 0.001188
49161 CX12 48845 0.001188
49161 CX12 49414 0.001188
49161 CX12 48767 0.001188
49161 CX12 49375 0.001188
49161 CX12 48728 0.001188
49161 CX12 49336 0.001188
49161 X0 49165 0.999247
49161 X0 49161 0.000251
49161 X0 49158 0.000251
49161 X0 49162 0.000251
49162 CX02 49375 0.989153
49162 CX02 48767 0.001550
49162 CX02 49336 0.001550
49162 CX02 48728 0.001550
49162 CX02 49453 0.001550
49162 CX02 48806 0.001550
49162 CX02 49414 0.001550
49162 CX02 48845 0.001550
49162 CX12 48767 0.991682
49162 CX12 49375 0.001188
49162 CX12 48728 0.001188
49162 CX12 49336 0.001188
49162 CX12 48806 0.001188
49162 CX12 49453 0.001188
49162 CX12 48845 0.001188
49162 CX12 49414 0.001188
49162 X0 49158 0.999247
49162 X0 49162 0.000251
49162 X0 49165 0.000251
49162 X0 49161 0.000251
49163 CX02 48767 0.989153
49163 CX02 49375 0.001550
49163 CX02 48728 0.001550
49163 CX02 49336 0.001550
49163 CX02 48806 0.001550
49163 CX02 49453 0.001550
49163 CX02 48845 0.001550
49163 CX02 49414 0.001550
49163 CX12 49375 0.991682
49163 CX12 48767 0.001188
49163 CX12 49336 0.001188
49163 CX12 48728 0.001188
49163 CX12 49453 0.001188
49163 CX12 48806 0.001188
49163 CX12 49414 0.001188
49163 CX12 48845 0.001188
49163 X0 49159 0.999247
49163 X0 49163 0.000251
49163 X0 49164 0.000251
49163 X0 49160 0.000251
49164 CX02 48845 0.989153
49164 CX02 49414 0.001550
49164 CX02 48806 0.001550
49164 CX02 49453 0.001550
49164 CX02 48728 0.001550
49164 CX02 49336 0.001550
49164 CX02 48767 0.001550
49164 CX02 49375 0.001550
49164 CX12 49414 0.991682
49164 CX12 48845 0.001188
49164 CX12 49453 0.001188
49164 CX12 48806 0.001188
49164 CX12 49336 0.001188
49164 CX12 48728 0.001188
49164 CX12 49375 0.001188
49164 CX12 48767 0.001188
49164 X0 49160 0.999247
49164 X0 49164 0.000251
49164 X0 49163 0.000251
49164 X0 49159 0.000251
49165 CX02 49414 0.989153
49165 CX02 48845 0.001550
49165 CX02 49453 0.001550
49165 CX02 48806 0.001550
49165 CX02 49336 0.001550
49165 CX02 48728 0.001550
49165 CX02 49375 0.001550
49165 CX02 48767 0.001550
49165 CX12 48845 0.991682
49165 CX12 49414 0.001188
49165 CX12 48806 0.001188
49165 CX12 49453 0.001188
49165 CX12 48728 0.001188
49165 CX12 49336 0.001188
49165 CX12 48767 0.001188
49165 CX12 49375 0.001188
49165 X0 49161 0.999247
49165 X0 49165 0.000251
49165 X0 49162 0.000251
49165 X0 49158 0.000251
49336 CX02 49159 0.989153
49336 CX02 49158 0.001550
49336 CX02 49161 0.001550
49336 CX02 49160 0.001550
49336 CX02 49163 0.001550
49336 CX02 49162 0.001550
49336 CX02 49165 0.001550
49336 CX02 49164 0.001550
49336 CX12 49159 0.991682
49336 CX12 49158 0.001188
49336 CX12 49161 0.001188
49336 CX12 49160 0.001188
49336 CX12 49162 0.001188
49336 CX12 49163 0.001188
49336 CX12 49164 0.001188
49336 CX12 49165 0.001188
49336 P2 49336 0.973000
49336 P2 48866 0.027000
49336 X0 49375 0.999247
49336 X0 49336 0.000251
49336 X0 49453 0.000251
49336 X0 49414 0.000251
49375 CX02 49162 0.989153
49375 CX02 49163 0.001550
49375 CX02 49164 0.001550
49375 CX02 49165 0.001550
49375 CX02 49158 0.001550
49375 CX02 49159 0.001550
49375 CX02 49160 0.001550
49375 CX02 49161 0.001550
49375 CX12 49163 0.991682
49375 CX12 49162 0.001188
49375 CX12 49165 0.001188
49375 CX12 49164 0.001188
49375 CX12 49158 0.001188
49375 CX12 49159 0.001188
49375 CX12 49160 0.001188
49375 CX12 49161 0.001188
49375 P2 49375 0.973000
49375 P2 48867 0.027000
49375 X0 49336 0.999247
49375 X0 49375 0.000251
49375 X0 49414 0.000251
49375 X0 49453 0.000251
49414 CX02 49165 0.989153
49414 CX02 49164 0.001550
49414 CX02 49163 0.001550
49414 CX02 49162 0.001550
49414 CX02 49161 0.001550
49414 CX02 49160 0.001550
49414 CX02 49159 0.001550
49414 CX02 49158 0.001550
49414 CX12 49164 0.991682
49414 CX12 49165 0.001188
49414 CX12 49162 0.001188
49414 CX12 49163 0.001188
49414 CX12 49161 0.001188
49414 CX12 49160 0.001188
49414 CX12 49159 0.001188
49414 CX12 49158 0.001188
49414 P2 49414 0.973000
49414 P2 48868 0.027000
49414 X0 49453 0.999247
49414 X0 49414 0.000251
49414 X0 49375 0.000251
49414 X0 49336 0.000251
49453 CX02 49160 0.989153
49453 CX02 49161 0.001550
49453 CX02 49158 0.001550
49453 CX02 49159 0.001550
49453 CX02 49164 0.001550
49453 CX02 49165 0.001550
49453 CX02 49162 0.001550
49453 CX02 49163 0.001550
49453 CX12 49160 0.991682
49453 CX12 49161 0.001188
49453 CX12 49158 0.001188
49453 CX12 49159 0.001188
49453 CX12 49165 0.001188
49453 CX12 49164 0.001188
49453 CX12 49163 0.001188
49453 CX12 49162 0.001188
49453 P2 49453 0.973000
49453 P2 48869 0.027000
49453 X0 49414 0.999247
49453 X0 49453 0.000251
49453 X0 49336 0.000251
49453 X0 49375 0.000251
ENDPOMDP
