BEGINPOMDP
INITIALSTATE: 38945
STATES: 38945,38946,38947,38948,38949,38966,38967,38968,38969,38970,38971,38972,38973,38992,39031,39070,39109,39130,39131,39132,39133,39422,39423,39424,39425,39426,39427,39428,39429,39600,39639,39678,39717
TARGETV: 38946,38948,38992,39070,39130,39133,39600,39717
GAMMA: 38945:0,38946:0,38947:0,38948:0,38949:0,38966:0,38967:0,38968:0,38969:0,38970:0,38971:0,38972:0,38973:0,38992:1,39031:1,39070:1,39109:1,39130:0,39131:0,39132:0,39133:0,39422:1,39423:1,39424:1,39425:1,39426:1,39427:1,39428:1,39429:1,39600:1,39639:1,39678:1,39717:1
BEGINACTIONS
CX02
CX12
P2
X0
ENDACTIONS
38945 INIT_ 38946 0.250000
38945 INIT_ 38947 0.250000
38945 INIT_ 38948 0.250000
38945 INIT_ 38949 0.250000
38946 CX02 38966 0.979615
38946 CX02 38967 0.002912
38946 CX02 38968 0.002912
38946 CX02 38969 0.002912
38946 CX02 38970 0.002912
38946 CX02 38971 0.002912
38946 CX02 38972 0.002912
38946 CX02 38973 0.002912
38946 CX12 38966 0.992273
38946 CX12 38967 0.001104
38946 CX12 38968 0.001104
38946 CX12 38969 0.001104
38946 CX12 38971 0.001104
38946 CX12 38970 0.001104
38946 CX12 38973 0.001104
38946 CX12 38972 0.001104
38946 P2 38946 0.975600
38946 P2 38992 0.024400
38946 X0 38947 0.999532
38946 X0 38946 0.000156
38946 X0 38948 0.000156
38946 X0 38949 0.000156
38947 CX02 38971 0.979615
38947 CX02 38970 0.002912
38947 CX02 38973 0.002912
38947 CX02 38972 0.002912
38947 CX02 38967 0.002912
38947 CX02 38966 0.002912
38947 CX02 38969 0.002912
38947 CX02 38968 0.002912
38947 CX12 38970 0.992273
38947 CX12 38971 0.001104
38947 CX12 38972 0.001104
38947 CX12 38973 0.001104
38947 CX12 38967 0.001104
38947 CX12 38966 0.001104
38947 CX12 38969 0.001104
38947 CX12 38968 0.001104
38947 P2 38947 0.975600
38947 P2 39031 0.024400
38947 X0 38946 0.999532
38947 X0 38947 0.000156
38947 X0 38949 0.000156
38947 X0 38948 0.000156
38948 CX02 38969 0.979615
38948 CX02 38968 0.002912
38948 CX02 38967 0.002912
38948 CX02 38966 0.002912
38948 CX02 38973 0.002912
38948 CX02 38972 0.002912
38948 CX02 38971 0.002912
38948 CX02 38970 0.002912
38948 CX12 38969 0.992273
38948 CX12 38968 0.001104
38948 CX12 38967 0.001104
38948 CX12 38966 0.001104
38948 CX12 38972 0.001104
38948 CX12 38973 0.001104
38948 CX12 38970 0.001104
38948 CX12 38971 0.001104
38948 P2 38948 0.975600
38948 P2 39070 0.024400
38948 X0 38949 0.999532
38948 X0 38948 0.000156
38948 X0 38946 0.000156
38948 X0 38947 0.000156
38949 CX02 38972 0.979615
38949 CX02 38973 0.002912
38949 CX02 38970 0.002912
38949 CX02 38971 0.002912
38949 CX02 38968 0.002912
38949 CX02 38969 0.002912
38949 CX02 38966 0.002912
38949 CX02 38967 0.002912
38949 CX12 38973 0.992273
38949 CX12 38972 0.001104
38949 CX12 38971 0.001104
38949 CX12 38970 0.001104
38949 CX12 38968 0.001104
38949 CX12 38969 0.001104
38949 CX12 38966 0.001104
38949 CX12 38967 0.001104
38949 P2 38949 0.975600
38949 P2 39109 0.024400
38949 X0 38948 0.999532
38949 X0 38949 0.000156
38949 X0 38947 0.000156
38949 X0 38946 0.000156
38966 CX02 38946 0.979615
38966 CX02 39130 0.002912
38966 CX02 38947 0.002912
38966 CX02 39131 0.002912
38966 CX02 38949 0.002912
38966 CX02 39132 0.002912
38966 CX02 38948 0.002912
38966 CX02 39133 0.002912
38966 CX12 38946 0.992273
38966 CX12 39130 0.001104
38966 CX12 38947 0.001104
38966 CX12 39131 0.001104
38966 CX12 38949 0.001104
38966 CX12 39132 0.001104
38966 CX12 38948 0.001104
38966 CX12 39133 0.001104
38966 X0 38970 0.999532
38966 X0 38966 0.000156
38966 X0 38969 0.000156
38966 X0 38973 0.000156
38967 CX02 39130 0.979615
38967 CX02 38946 0.002912
38967 CX02 39131 0.002912
38967 CX02 38947 0.002912
38967 CX02 39132 0.002912
38967 CX02 38949 0.002912
38967 CX02 39133 0.002912
38967 CX02 38948 0.002912
38967 CX12 39130 0.992273
38967 CX12 38946 0.001104
38967 CX12 39131 0.001104
38967 CX12 38947 0.001104
38967 CX12 39132 0.001104
38967 CX12 38949 0.001104
38967 CX12 39133 0.001104
38967 CX12 38948 0.001104
38967 X0 38971 0.999532
38967 X0 38967 0.000156
38967 X0 38968 0.000156
38967 X0 38972 0.000156
38968 CX02 39133 0.979615
38968 CX02 38948 0.002912
38968 CX02 39132 0.002912
38968 CX02 38949 0.002912
38968 CX02 39131 0.002912
38968 CX02 38947 0.002912
38968 CX02 39130 0.002912
38968 CX02 38946 0.002912
38968 CX12 39133 0.992273
38968 CX12 38948 0.001104
38968 CX12 39132 0.001104
38968 CX12 38949 0.001104
38968 CX12 39131 0.001104
38968 CX12 38947 0.001104
38968 CX12 39130 0.001104
38968 CX12 38946 0.001104
38968 X0 38972 0.999532
38968 X0 38968 0.000156
38968 X0 38967 0.000156
38968 X0 38971 0.000156
38969 CX02 38948 0.979615
38969 CX02 39133 0.002912
38969 CX02 38949 0.002912
38969 CX02 39132 0.002912
38969 CX02 38947 0.002912
38969 CX02 39131 0.002912
38969 CX02 38946 0.002912
38969 CX02 39130 0.002912
38969 CX12 38948 0.992273
38969 CX12 39133 0.001104
38969 CX12 38949 0.001104
38969 CX12 39132 0.001104
38969 CX12 38947 0.001104
38969 CX12 39131 0.001104
38969 CX12 38946 0.001104
38969 CX12 39130 0.001104
38969 X0 38973 0.999532
38969 X0 38969 0.000156
38969 X0 38966 0.000156
38969 X0 38970 0.000156
38970 CX02 39131 0.979615
38970 CX02 38947 0.002912
38970 CX02 39130 0.002912
38970 CX02 38946 0.002912
38970 CX02 39133 0.002912
38970 CX02 38948 0.002912
38970 CX02 39132 0.002912
38970 CX02 38949 0.002912
38970 CX12 38947 0.992273
38970 CX12 39131 0.001104
38970 CX12 38946 0.001104
38970 CX12 39130 0.001104
38970 CX12 38948 0.001104
38970 CX12 39133 0.001104
38970 CX12 38949 0.001104
38970 CX12 39132 0.001104
38970 X0 38966 0.999532
38970 X0 38970 0.000156
38970 X0 38973 0.000156
38970 X0 38969 0.000156
38971 CX02 38947 0.979615
38971 CX02 39131 0.002912
38971 CX02 38946 0.002912
38971 CX02 39130 0.002912
38971 CX02 38948 0.002912
38971 CX02 39133 0.002912
38971 CX02 38949 0.002912
38971 CX02 39132 0.002912
38971 CX12 39131 0.992273
38971 CX12 38947 0.001104
38971 CX12 39130 0.001104
38971 CX12 38946 0.001104
38971 CX12 39133 0.001104
38971 CX12 38948 0.001104
38971 CX12 39132 0.001104
38971 CX12 38949 0.001104
38971 X0 38967 0.999532
38971 X0 38971 0.000156
38971 X0 38972 0.000156
38971 X0 38968 0.000156
38972 CX02 38949 0.979615
38972 CX02 39132 0.002912
38972 CX02 38948 0.002912
38972 CX02 39133 0.002912
38972 CX02 38946 0.002912
38972 CX02 39130 0.002912
38972 CX02 38947 0.002912
38972 CX02 39131 0.002912
38972 CX12 39132 0.992273
38972 CX12 38949 0.001104
38972 CX12 39133 0.001104
38972 CX12 38948 0.001104
38972 CX12 39130 0.001104
38972 CX12 38946 0.001104
38972 CX12 39131 0.001104
38972 CX12 38947 0.001104
38972 X0 38968 0.999532
38972 X0 38972 0.000156
38972 X0 38971 0.000156
38972 X0 38967 0.000156
38973 CX02 39132 0.979615
38973 CX02 38949 0.002912
38973 CX02 39133 0.002912
38973 CX02 38948 0.002912
38973 CX02 39130 0.002912
38973 CX02 38946 0.002912
38973 CX02 39131 0.002912
38973 CX02 38947 0.002912
38973 CX12 38949 0.992273
38973 CX12 39132 0.001104
38973 CX12 38948 0.001104
38973 CX12 39133 0.001104
38973 CX12 38946 0.001104
38973 CX12 39130 0.001104
38973 CX12 38947 0.001104
38973 CX12 39131 0.001104
38973 X0 38969 0.999532
38973 X0 38973 0.000156
38973 X0 38970 0.000156
38973 X0 38966 0.000156
38992 CX02 39422 0.979615
38992 CX02 39423 0.002912
38992 CX02 39424 0.002912
38992 CX02 39425 0.002912
38992 CX02 39426 0.002912
38992 CX02 39427 0.002912
38992 CX02 39428 0.002912
38992 CX02 39429 0.002912
38992 CX12 39422 0.992273
38992 CX12 39423 0.001104
38992 CX12 39424 0.001104
38992 CX12 39425 0.001104
38992 CX12 39427 0.001104
38992 CX12 39426 0.001104
38992 CX12 39429 0.001104
38992 CX12 39428 0.001104
38992 P2 38946 0.975600
38992 P2 38992 0.024400
38992 X0 39031 0.999532
38992 X0 38992 0.000156
38992 X0 39070 0.000156
38992 X0 39109 0.000156
39031 CX02 39427 0.979615
39031 CX02 39426 0.002912
39031 CX02 39429 0.002912
39031 CX02 39428 0.002912
39031 CX02 39423 0.002912
39031 CX02 39422 0.002912
39031 CX02 39425 0.002912
39031 CX02 39424 0.002912
39031 CX12 39426 0.992273
39031 CX12 39427 0.001104
39031 CX12 39428 0.001104
39031 CX12 39429 0.001104
39031 CX12 39423 0.001104
39031 CX12 39422 0.001104
39031 CX12 39425 0.001104
39031 CX12 39424 0.001104
39031 P2 38947 0.975600
39031 P2 39031 0.024400
39031 X0 38992 0.999532
39031 X0 39031 0.000156
39031 X0 39109 0.000156
39031 X0 39070 0.000156
39070 CX02 39425 0.979615
39070 CX02 39424 0.002912
39070 CX02 39423 0.002912
39070 CX02 39422 0.002912
39070 CX02 39429 0.002912
39070 CX02 39428 0.002912
39070 CX02 39427 0.002912
39070 CX02 39426 0.002912
39070 CX12 39425 0.992273
39070 CX12 39424 0.001104
39070 CX12 39423 0.001104
39070 CX12 39422 0.001104
39070 CX12 39428 0.001104
39070 CX12 39429 0.001104
39070 CX12 39426 0.001104
39070 CX12 39427 0.001104
39070 P2 38948 0.975600
39070 P2 39070 0.024400
39070 X0 39109 0.999532
39070 X0 39070 0.000156
39070 X0 38992 0.000156
39070 X0 39031 0.000156
39109 CX02 39428 0.979615
39109 CX02 39429 0.002912
39109 CX02 39426 0.002912
39109 CX02 39427 0.002912
39109 CX02 39424 0.002912
39109 CX02 39425 0.002912
39109 CX02 39422 0.002912
39109 CX02 39423 0.002912
39109 CX12 39429 0.992273
39109 CX12 39428 0.001104
39109 CX12 39427 0.001104
39109 CX12 39426 0.001104
39109 CX12 39424 0.001104
39109 CX12 39425 0.001104
39109 CX12 39422 0.001104
39109 CX12 39423 0.001104
39109 P2 38949 0.975600
39109 P2 39109 0.024400
39109 X0 39070 0.999532
39109 X0 39109 0.000156
39109 X0 39031 0.000156
39109 X0 38992 0.000156
39130 CX02 38967 0.979615
39130 CX02 38966 0.002912
39130 CX02 38969 0.002912
39130 CX02 38968 0.002912
39130 CX02 38971 0.002912
39130 CX02 38970 0.002912
39130 CX02 38973 0.002912
39130 CX02 38972 0.002912
39130 CX12 38967 0.992273
39130 CX12 38966 0.001104
39130 CX12 38969 0.001104
39130 CX12 38968 0.001104
39130 CX12 38970 0.001104
39130 CX12 38971 0.001104
39130 CX12 38972 0.001104
39130 CX12 38973 0.001104
39130 P2 39600 0.964200
39130 P2 39130 0.035800
39130 X0 39131 0.999532
39130 X0 39130 0.000156
39130 X0 39133 0.000156
39130 X0 39132 0.000156
39131 CX02 38970 0.979615
39131 CX02 38971 0.002912
39131 CX02 38972 0.002912
39131 CX02 38973 0.002912
39131 CX02 38966 0.002912
39131 CX02 38967 0.002912
39131 CX02 38968 0.002912
39131 CX02 38969 0.002912
39131 CX12 38971 0.992273
39131 CX12 38970 0.001104
39131 CX12 38973 0.001104
39131 CX12 38972 0.001104
39131 CX12 38966 0.001104
39131 CX12 38967 0.001104
39131 CX12 38968 0.001104
39131 CX12 38969 0.001104
39131 P2 39639 0.964200
39131 P2 39131 0.035800
39131 X0 39130 0.999532
39131 X0 39131 0.000156
39131 X0 39132 0.000156
39131 X0 39133 0.000156
39132 CX02 38973 0.979615
39132 CX02 38972 0.002912
39132 CX02 38971 0.002912
39132 CX02 38970 0.002912
39132 CX02 38969 0.002912
39132 CX02 38968 0.002912
39132 CX02 38967 0.002912
39132 CX02 38966 0.002912
39132 CX12 38972 0.992273
39132 CX12 38973 0.001104
39132 CX12 38970 0.001104
39132 CX12 38971 0.001104
39132 CX12 38969 0.001104
39132 CX12 38968 0.001104
39132 CX12 38967 0.001104
39132 CX12 38966 0.001104
39132 P2 39678 0.964200
39132 P2 39132 0.035800
39132 X0 39133 0.999532
39132 X0 39132 0.000156
39132 X0 39131 0.000156
39132 X0 39130 0.000156
39133 CX02 38968 0.979615
39133 CX02 38969 0.002912
39133 CX02 38966 0.002912
39133 CX02 38967 0.002912
39133 CX02 38972 0.002912
39133 CX02 38973 0.002912
39133 CX02 38970 0.002912
39133 CX02 38971 0.002912
39133 CX12 38968 0.992273
39133 CX12 38969 0.001104
39133 CX12 38966 0.001104
39133 CX12 38967 0.001104
39133 CX12 38973 0.001104
39133 CX12 38972 0.001104
39133 CX12 38971 0.001104
39133 CX12 38970 0.001104
39133 P2 39717 0.964200
39133 P2 39133 0.035800
39133 X0 39132 0.999532
39133 X0 39133 0.000156
39133 X0 39130 0.000156
39133 X0 39131 0.000156
39422 CX02 38992 0.979615
39422 CX02 39600 0.002912
39422 CX02 39031 0.002912
39422 CX02 39639 0.002912
39422 CX02 39109 0.002912
39422 CX02 39678 0.002912
39422 CX02 39070 0.002912
39422 CX02 39717 0.002912
39422 CX12 38992 0.992273
39422 CX12 39600 0.001104
39422 CX12 39031 0.001104
39422 CX12 39639 0.001104
39422 CX12 39109 0.001104
39422 CX12 39678 0.001104
39422 CX12 39070 0.001104
39422 CX12 39717 0.001104
39422 X0 39426 0.999532
39422 X0 39422 0.000156
39422 X0 39425 0.000156
39422 X0 39429 0.000156
39423 CX02 39600 0.979615
39423 CX02 38992 0.002912
39423 CX02 39639 0.002912
39423 CX02 39031 0.002912
39423 CX02 39678 0.002912
39423 CX02 39109 0.002912
39423 CX02 39717 0.002912
39423 CX02 39070 0.002912
39423 CX12 39600 0.992273
39423 CX12 38992 0.001104
39423 CX12 39639 0.001104
39423 CX12 39031 0.001104
39423 CX12 39678 0.001104
39423 CX12 39109 0.001104
39423 CX12 39717 0.001104
39423 CX12 39070 0.001104
39423 X0 39427 0.999532
39423 X0 39423 0.000156
39423 X0 39424 0.000156
39423 X0 39428 0.000156
39424 CX02 39717 0.979615
39424 CX02 39070 0.002912
39424 CX02 39678 0.002912
39424 CX02 39109 0.002912
39424 CX02 39639 0.002912
39424 CX02 39031 0.002912
39424 CX02 39600 0.002912
39424 CX02 38992 0.002912
39424 CX12 39717 0.992273
39424 CX12 39070 0.001104
39424 CX12 39678 0.001104
39424 CX12 39109 0.001104
39424 CX12 39639 0.001104
39424 CX12 39031 0.001104
39424 CX12 39600 0.001104
39424 CX12 38992 0.001104
39424 X0 39428 0.999532
39424 X0 39424 0.000156
39424 X0 39423 0.000156
39424 X0 39427 0.000156
39425 CX02 39070 0.979615
39425 CX02 39717 0.002912
39425 CX02 39109 0.002912
39425 CX02 39678 0.002912
39425 CX02 39031 0.002912
39425 CX02 39639 0.002912
39425 CX02 38992 0.002912
39425 CX02 39600 0.002912
39425 CX12 39070 0.992273
39425 CX12 39717 0.001104
39425 CX12 39109 0.001104
39425 CX12 39678 0.001104
39425 CX12 39031 0.001104
39425 CX12 39639 0.001104
39425 CX12 38992 0.001104
39425 CX12 39600 0.001104
39425 X0 39429 0.999532
39425 X0 39425 0.000156
39425 X0 39422 0.000156
39425 X0 39426 0.000156
39426 CX02 39639 0.979615
39426 CX02 39031 0.002912
39426 CX02 39600 0.002912
39426 CX02 38992 0.002912
39426 CX02 39717 0.002912
39426 CX02 39070 0.002912
39426 CX02 39678 0.002912
39426 CX02 39109 0.002912
39426 CX12 39031 0.992273
39426 CX12 39639 0.001104
39426 CX12 38992 0.001104
39426 CX12 39600 0.001104
39426 CX12 39070 0.001104
39426 CX12 39717 0.001104
39426 CX12 39109 0.001104
39426 CX12 39678 0.001104
39426 X0 39422 0.999532
39426 X0 39426 0.000156
39426 X0 39429 0.000156
39426 X0 39425 0.000156
39427 CX02 39031 0.979615
39427 CX02 39639 0.002912
39427 CX02 38992 0.002912
39427 CX02 39600 0.002912
39427 CX02 39070 0.002912
39427 CX02 39717 0.002912
39427 CX02 39109 0.002912
39427 CX02 39678 0.002912
39427 CX12 39639 0.992273
39427 CX12 39031 0.001104
39427 CX12 39600 0.001104
39427 CX12 38992 0.001104
39427 CX12 39717 0.001104
39427 CX12 39070 0.001104
39427 CX12 39678 0.001104
39427 CX12 39109 0.001104
39427 X0 39423 0.999532
39427 X0 39427 0.000156
39427 X0 39428 0.000156
39427 X0 39424 0.000156
39428 CX02 39109 0.979615
39428 CX02 39678 0.002912
39428 CX02 39070 0.002912
39428 CX02 39717 0.002912
39428 CX02 38992 0.002912
39428 CX02 39600 0.002912
39428 CX02 39031 0.002912
39428 CX02 39639 0.002912
39428 CX12 39678 0.992273
39428 CX12 39109 0.001104
39428 CX12 39717 0.001104
39428 CX12 39070 0.001104
39428 CX12 39600 0.001104
39428 CX12 38992 0.001104
39428 CX12 39639 0.001104
39428 CX12 39031 0.001104
39428 X0 39424 0.999532
39428 X0 39428 0.000156
39428 X0 39427 0.000156
39428 X0 39423 0.000156
39429 CX02 39678 0.979615
39429 CX02 39109 0.002912
39429 CX02 39717 0.002912
39429 CX02 39070 0.002912
39429 CX02 39600 0.002912
39429 CX02 38992 0.002912
39429 CX02 39639 0.002912
39429 CX02 39031 0.002912
39429 CX12 39109 0.992273
39429 CX12 39678 0.001104
39429 CX12 39070 0.001104
39429 CX12 39717 0.001104
39429 CX12 38992 0.001104
39429 CX12 39600 0.001104
39429 CX12 39031 0.001104
39429 CX12 39639 0.001104
39429 X0 39425 0.999532
39429 X0 39429 0.000156
39429 X0 39426 0.000156
39429 X0 39422 0.000156
39600 CX02 39423 0.979615
39600 CX02 39422 0.002912
39600 CX02 39425 0.002912
39600 CX02 39424 0.002912
39600 CX02 39427 0.002912
39600 CX02 39426 0.002912
39600 CX02 39429 0.002912
39600 CX02 39428 0.002912
39600 CX12 39423 0.992273
39600 CX12 39422 0.001104
39600 CX12 39425 0.001104
39600 CX12 39424 0.001104
39600 CX12 39426 0.001104
39600 CX12 39427 0.001104
39600 CX12 39428 0.001104
39600 CX12 39429 0.001104
39600 P2 39600 0.964200
39600 P2 39130 0.035800
39600 X0 39639 0.999532
39600 X0 39600 0.000156
39600 X0 39717 0.000156
39600 X0 39678 0.000156
39639 CX02 39426 0.979615
39639 CX02 39427 0.002912
39639 CX02 39428 0.002912
39639 CX02 39429 0.002912
39639 CX02 39422 0.002912
39639 CX02 39423 0.002912
39639 CX02 39424 0.002912
39639 CX02 39425 0.002912
39639 CX12 39427 0.992273
39639 CX12 39426 0.001104
39639 CX12 39429 0.001104
39639 CX12 39428 0.001104
39639 CX12 39422 0.001104
39639 CX12 39423 0.001104
39639 CX12 39424 0.001104
39639 CX12 39425 0.001104
39639 P2 39639 0.964200
39639 P2 39131 0.035800
39639 X0 39600 0.999532
39639 X0 39639 0.000156
39639 X0 39678 0.000156
39639 X0 39717 0.000156
39678 CX02 39429 0.979615
39678 CX02 39428 0.002912
39678 CX02 39427 0.002912
39678 CX02 39426 0.002912
39678 CX02 39425 0.002912
39678 CX02 39424 0.002912
39678 CX02 39423 0.002912
39678 CX02 39422 0.002912
39678 CX12 39428 0.992273
39678 CX12 39429 0.001104
39678 CX12 39426 0.001104
39678 CX12 39427 0.001104
39678 CX12 39425 0.001104
39678 CX12 39424 0.001104
39678 CX12 39423 0.001104
39678 CX12 39422 0.001104
39678 P2 39678 0.964200
39678 P2 39132 0.035800
39678 X0 39717 0.999532
39678 X0 39678 0.000156
39678 X0 39639 0.000156
39678 X0 39600 0.000156
39717 CX02 39424 0.979615
39717 CX02 39425 0.002912
39717 CX02 39422 0.002912
39717 CX02 39423 0.002912
39717 CX02 39428 0.002912
39717 CX02 39429 0.002912
39717 CX02 39426 0.002912
39717 CX02 39427 0.002912
39717 CX12 39424 0.992273
39717 CX12 39425 0.001104
39717 CX12 39422 0.001104
39717 CX12 39423 0.001104
39717 CX12 39429 0.001104
39717 CX12 39428 0.001104
39717 CX12 39427 0.001104
39717 CX12 39426 0.001104
39717 P2 39717 0.964200
39717 P2 39133 0.035800
39717 X0 39678 0.999532
39717 X0 39717 0.000156
39717 X0 39600 0.000156
39717 X0 39639 0.000156
ENDPOMDP
