BEGINPOMDP
INITIALSTATE: 174136
STATES: 174977,175814,174698,174413,174414,175535,174416,174415,176093,174419,176372,174136,174137,174138,174139,174140,175256
REWARDS: 174977:1.0,175814:0.0,174698:0.0,174413:1.0,174414:0.0,175535:1.0,174416:1.0,174415:0.0,176093:0.0,174419:1.0,176372:1.0,174136:0.0,174137:1.0,174138:0.0,174139:1.0,174140:0.0,175256:0.0
GAMMA: 174977:1,175814:1,174698:1,174413:0,174414:0,175535:1,174416:0,174415:0,176093:1,174419:1,176372:1,174136:0,174137:0,174138:0,174139:0,174140:0,175256:1
BEGINACTIONS
CX
P2
X0
ENDACTIONS
174136 INIT_ 174137 0.250000
174136 INIT_ 174138 0.250000
174136 INIT_ 174139 0.250000
174136 INIT_ 174140 0.250000
174137 CX 174137 0.983553
174137 CX 174413 0.002350
174137 CX 174138 0.002350
174137 CX 174414 0.002350
174137 CX 174140 0.002350
174137 CX 174415 0.002350
174137 CX 174139 0.002350
174137 CX 174416 0.002350
174137 P2 174137 0.993200
174137 P2 174419 0.006800
174137 X0 174138 0.999703
174137 X0 174137 0.000099
174137 X0 174139 0.000099
174137 X0 174140 0.000099
174138 CX 174414 0.983553
174138 CX 174138 0.002350
174138 CX 174413 0.002350
174138 CX 174137 0.002350
174138 CX 174416 0.002350
174138 CX 174139 0.002350
174138 CX 174415 0.002350
174138 CX 174140 0.002350
174138 P2 174138 0.993200
174138 P2 174698 0.006800
174138 X0 174137 0.999703
174138 X0 174138 0.000099
174138 X0 174140 0.000099
174138 X0 174139 0.000099
174139 CX 174139 0.983553
174139 CX 174416 0.002350
174139 CX 174140 0.002350
174139 CX 174415 0.002350
174139 CX 174138 0.002350
174139 CX 174414 0.002350
174139 CX 174137 0.002350
174139 CX 174413 0.002350
174139 P2 174139 0.993200
174139 P2 174977 0.006800
174139 X0 174140 0.999703
174139 X0 174139 0.000099
174139 X0 174137 0.000099
174139 X0 174138 0.000099
174140 CX 174415 0.983553
174140 CX 174140 0.002350
174140 CX 174416 0.002350
174140 CX 174139 0.002350
174140 CX 174413 0.002350
174140 CX 174137 0.002350
174140 CX 174414 0.002350
174140 CX 174138 0.002350
174140 P2 174140 0.993200
174140 P2 175256 0.006800
174140 X0 174139 0.999703
174140 X0 174140 0.000099
174140 X0 174138 0.000099
174140 X0 174137 0.000099
174413 CX 174413 0.983553
174413 CX 174137 0.002350
174413 CX 174414 0.002350
174413 CX 174138 0.002350
174413 CX 174415 0.002350
174413 CX 174140 0.002350
174413 CX 174416 0.002350
174413 CX 174139 0.002350
174413 P2 175535 0.993200
174413 P2 174413 0.006800
174413 X0 174414 0.999703
174413 X0 174413 0.000099
174413 X0 174416 0.000099
174413 X0 174415 0.000099
174414 CX 174138 0.983553
174414 CX 174414 0.002350
174414 CX 174137 0.002350
174414 CX 174413 0.002350
174414 CX 174139 0.002350
174414 CX 174416 0.002350
174414 CX 174140 0.002350
174414 CX 174415 0.002350
174414 P2 175814 0.993200
174414 P2 174414 0.006800
174414 X0 174413 0.999703
174414 X0 174414 0.000099
174414 X0 174415 0.000099
174414 X0 174416 0.000099
174415 CX 174140 0.983553
174415 CX 174415 0.002350
174415 CX 174139 0.002350
174415 CX 174416 0.002350
174415 CX 174137 0.002350
174415 CX 174413 0.002350
174415 CX 174138 0.002350
174415 CX 174414 0.002350
174415 P2 176093 0.993200
174415 P2 174415 0.006800
174415 X0 174416 0.999703
174415 X0 174415 0.000099
174415 X0 174414 0.000099
174415 X0 174413 0.000099
174416 CX 174416 0.983553
174416 CX 174139 0.002350
174416 CX 174415 0.002350
174416 CX 174140 0.002350
174416 CX 174414 0.002350
174416 CX 174138 0.002350
174416 CX 174413 0.002350
174416 CX 174137 0.002350
174416 P2 176372 0.993200
174416 P2 174416 0.006800
174416 X0 174415 0.999703
174416 X0 174416 0.000099
174416 X0 174413 0.000099
174416 X0 174414 0.000099
174419 CX 174419 0.983553
174419 CX 175535 0.002350
174419 CX 174698 0.002350
174419 CX 175814 0.002350
174419 CX 175256 0.002350
174419 CX 176093 0.002350
174419 CX 174977 0.002350
174419 CX 176372 0.002350
174419 P2 174137 0.993200
174419 P2 174419 0.006800
174419 X0 174698 0.999703
174419 X0 174419 0.000099
174419 X0 174977 0.000099
174419 X0 175256 0.000099
174698 CX 175814 0.983553
174698 CX 174698 0.002350
174698 CX 175535 0.002350
174698 CX 174419 0.002350
174698 CX 176372 0.002350
174698 CX 174977 0.002350
174698 CX 176093 0.002350
174698 CX 175256 0.002350
174698 P2 174138 0.993200
174698 P2 174698 0.006800
174698 X0 174419 0.999703
174698 X0 174698 0.000099
174698 X0 175256 0.000099
174698 X0 174977 0.000099
174977 CX 174977 0.983553
174977 CX 176372 0.002350
174977 CX 175256 0.002350
174977 CX 176093 0.002350
174977 CX 174698 0.002350
174977 CX 175814 0.002350
174977 CX 174419 0.002350
174977 CX 175535 0.002350
174977 P2 174139 0.993200
174977 P2 174977 0.006800
174977 X0 175256 0.999703
174977 X0 174977 0.000099
174977 X0 174419 0.000099
174977 X0 174698 0.000099
175256 CX 176093 0.983553
175256 CX 175256 0.002350
175256 CX 176372 0.002350
175256 CX 174977 0.002350
175256 CX 175535 0.002350
175256 CX 174419 0.002350
175256 CX 175814 0.002350
175256 CX 174698 0.002350
175256 P2 174140 0.993200
175256 P2 175256 0.006800
175256 X0 174977 0.999703
175256 X0 175256 0.000099
175256 X0 174698 0.000099
175256 X0 174419 0.000099
175535 CX 175535 0.983553
175535 CX 174419 0.002350
175535 CX 175814 0.002350
175535 CX 174698 0.002350
175535 CX 176093 0.002350
175535 CX 175256 0.002350
175535 CX 176372 0.002350
175535 CX 174977 0.002350
175535 P2 175535 0.993200
175535 P2 174413 0.006800
175535 X0 175814 0.999703
175535 X0 175535 0.000099
175535 X0 176372 0.000099
175535 X0 176093 0.000099
175814 CX 174698 0.983553
175814 CX 175814 0.002350
175814 CX 174419 0.002350
175814 CX 175535 0.002350
175814 CX 174977 0.002350
175814 CX 176372 0.002350
175814 CX 175256 0.002350
175814 CX 176093 0.002350
175814 P2 175814 0.993200
175814 P2 174414 0.006800
175814 X0 175535 0.999703
175814 X0 175814 0.000099
175814 X0 176093 0.000099
175814 X0 176372 0.000099
176093 CX 175256 0.983553
176093 CX 176093 0.002350
176093 CX 174977 0.002350
176093 CX 176372 0.002350
176093 CX 174419 0.002350
176093 CX 175535 0.002350
176093 CX 174698 0.002350
176093 CX 175814 0.002350
176093 P2 176093 0.993200
176093 P2 174415 0.006800
176093 X0 176372 0.999703
176093 X0 176093 0.000099
176093 X0 175814 0.000099
176093 X0 175535 0.000099
176372 CX 176372 0.983553
176372 CX 174977 0.002350
176372 CX 176093 0.002350
176372 CX 175256 0.002350
176372 CX 175814 0.002350
176372 CX 174698 0.002350
176372 CX 175535 0.002350
176372 CX 174419 0.002350
176372 P2 176372 0.993200
176372 P2 174416 0.006800
176372 X0 176093 0.999703
176372 X0 176372 0.000099
176372 X0 175535 0.000099
176372 X0 175814 0.000099
ENDPOMDP
