BEGINPOMDP
INITIALSTATE: 535801
STATES: 536642,537479,536921,536363,536078,536079,537200,536081,536080,536084,538037,535801,535802,535803,535804,535805,537758
REWARDS: 536642:1.0,537479:0.0,536921:0.0,536363:0.0,536078:1.0,536079:0.0,537200:1.0,536081:1.0,536080:0.0,536084:1.0,538037:1.0,535801:0.0,535802:1.0,535803:0.0,535804:1.0,535805:0.0,537758:0.0
GAMMA: 536642:1,537479:1,536921:1,536363:1,536078:0,536079:0,537200:1,536081:0,536080:0,536084:1,538037:1,535801:0,535802:0,535803:0,535804:0,535805:0,537758:1
BEGINACTIONS
CX
P2
X0
ENDACTIONS
535801 INIT_ 535802 0.250000
535801 INIT_ 535803 0.250000
535801 INIT_ 535804 0.250000
535801 INIT_ 535805 0.250000
535802 CX 535802 0.962167
535802 CX 536078 0.005405
535802 CX 535803 0.005405
535802 CX 536079 0.005405
535802 CX 535805 0.005405
535802 CX 536080 0.005405
535802 CX 535804 0.005405
535802 CX 536081 0.005405
535802 P2 535802 0.957200
535802 P2 536084 0.042800
535802 X0 535803 0.999584
535802 X0 535802 0.000139
535802 X0 535804 0.000139
535802 X0 535805 0.000139
535803 CX 536079 0.962167
535803 CX 535803 0.005405
535803 CX 536078 0.005405
535803 CX 535802 0.005405
535803 CX 536081 0.005405
535803 CX 535804 0.005405
535803 CX 536080 0.005405
535803 CX 535805 0.005405
535803 P2 535803 0.957200
535803 P2 536363 0.042800
535803 X0 535802 0.999584
535803 X0 535803 0.000139
535803 X0 535805 0.000139
535803 X0 535804 0.000139
535804 CX 535804 0.962167
535804 CX 536081 0.005405
535804 CX 535805 0.005405
535804 CX 536080 0.005405
535804 CX 535803 0.005405
535804 CX 536079 0.005405
535804 CX 535802 0.005405
535804 CX 536078 0.005405
535804 P2 535804 0.957200
535804 P2 536642 0.042800
535804 X0 535805 0.999584
535804 X0 535804 0.000139
535804 X0 535802 0.000139
535804 X0 535803 0.000139
535805 CX 536080 0.962167
535805 CX 535805 0.005405
535805 CX 536081 0.005405
535805 CX 535804 0.005405
535805 CX 536078 0.005405
535805 CX 535802 0.005405
535805 CX 536079 0.005405
535805 CX 535803 0.005405
535805 P2 535805 0.957200
535805 P2 536921 0.042800
535805 X0 535804 0.999584
535805 X0 535805 0.000139
535805 X0 535803 0.000139
535805 X0 535802 0.000139
536078 CX 536078 0.962167
536078 CX 535802 0.005405
536078 CX 536079 0.005405
536078 CX 535803 0.005405
536078 CX 536080 0.005405
536078 CX 535805 0.005405
536078 CX 536081 0.005405
536078 CX 535804 0.005405
536078 P2 537200 0.977200
536078 P2 536078 0.022800
536078 X0 536079 0.999584
536078 X0 536078 0.000139
536078 X0 536081 0.000139
536078 X0 536080 0.000139
536079 CX 535803 0.962167
536079 CX 536079 0.005405
536079 CX 535802 0.005405
536079 CX 536078 0.005405
536079 CX 535804 0.005405
536079 CX 536081 0.005405
536079 CX 535805 0.005405
536079 CX 536080 0.005405
536079 P2 537479 0.977200
536079 P2 536079 0.022800
536079 X0 536078 0.999584
536079 X0 536079 0.000139
536079 X0 536080 0.000139
536079 X0 536081 0.000139
536080 CX 535805 0.962167
536080 CX 536080 0.005405
536080 CX 535804 0.005405
536080 CX 536081 0.005405
536080 CX 535802 0.005405
536080 CX 536078 0.005405
536080 CX 535803 0.005405
536080 CX 536079 0.005405
536080 P2 537758 0.977200
536080 P2 536080 0.022800
536080 X0 536081 0.999584
536080 X0 536080 0.000139
536080 X0 536079 0.000139
536080 X0 536078 0.000139
536081 CX 536081 0.962167
536081 CX 535804 0.005405
536081 CX 536080 0.005405
536081 CX 535805 0.005405
536081 CX 536079 0.005405
536081 CX 535803 0.005405
536081 CX 536078 0.005405
536081 CX 535802 0.005405
536081 P2 538037 0.977200
536081 P2 536081 0.022800
536081 X0 536080 0.999584
536081 X0 536081 0.000139
536081 X0 536078 0.000139
536081 X0 536079 0.000139
536084 CX 536084 0.962167
536084 CX 537200 0.005405
536084 CX 536363 0.005405
536084 CX 537479 0.005405
536084 CX 536921 0.005405
536084 CX 537758 0.005405
536084 CX 536642 0.005405
536084 CX 538037 0.005405
536084 P2 535802 0.957200
536084 P2 536084 0.042800
536084 X0 536363 0.999584
536084 X0 536084 0.000139
536084 X0 536642 0.000139
536084 X0 536921 0.000139
536363 CX 537479 0.962167
536363 CX 536363 0.005405
536363 CX 537200 0.005405
536363 CX 536084 0.005405
536363 CX 538037 0.005405
536363 CX 536642 0.005405
536363 CX 537758 0.005405
536363 CX 536921 0.005405
536363 P2 535803 0.957200
536363 P2 536363 0.042800
536363 X0 536084 0.999584
536363 X0 536363 0.000139
536363 X0 536921 0.000139
536363 X0 536642 0.000139
536642 CX 536642 0.962167
536642 CX 538037 0.005405
536642 CX 536921 0.005405
536642 CX 537758 0.005405
536642 CX 536363 0.005405
536642 CX 537479 0.005405
536642 CX 536084 0.005405
536642 CX 537200 0.005405
536642 P2 535804 0.957200
536642 P2 536642 0.042800
536642 X0 536921 0.999584
536642 X0 536642 0.000139
536642 X0 536084 0.000139
536642 X0 536363 0.000139
536921 CX 537758 0.962167
536921 CX 536921 0.005405
536921 CX 538037 0.005405
536921 CX 536642 0.005405
536921 CX 537200 0.005405
536921 CX 536084 0.005405
536921 CX 537479 0.005405
536921 CX 536363 0.005405
536921 P2 535805 0.957200
536921 P2 536921 0.042800
536921 X0 536642 0.999584
536921 X0 536921 0.000139
536921 X0 536363 0.000139
536921 X0 536084 0.000139
537200 CX 537200 0.962167
537200 CX 536084 0.005405
537200 CX 537479 0.005405
537200 CX 536363 0.005405
537200 CX 537758 0.005405
537200 CX 536921 0.005405
537200 CX 538037 0.005405
537200 CX 536642 0.005405
537200 P2 537200 0.977200
537200 P2 536078 0.022800
537200 X0 537479 0.999584
537200 X0 537200 0.000139
537200 X0 538037 0.000139
537200 X0 537758 0.000139
537479 CX 536363 0.962167
537479 CX 537479 0.005405
537479 CX 536084 0.005405
537479 CX 537200 0.005405
537479 CX 536642 0.005405
537479 CX 538037 0.005405
537479 CX 536921 0.005405
537479 CX 537758 0.005405
537479 P2 537479 0.977200
537479 P2 536079 0.022800
537479 X0 537200 0.999584
537479 X0 537479 0.000139
537479 X0 537758 0.000139
537479 X0 538037 0.000139
537758 CX 536921 0.962167
537758 CX 537758 0.005405
537758 CX 536642 0.005405
537758 CX 538037 0.005405
537758 CX 536084 0.005405
537758 CX 537200 0.005405
537758 CX 536363 0.005405
537758 CX 537479 0.005405
537758 P2 537758 0.977200
537758 P2 536080 0.022800
537758 X0 538037 0.999584
537758 X0 537758 0.000139
537758 X0 537479 0.000139
537758 X0 537200 0.000139
538037 CX 538037 0.962167
538037 CX 536642 0.005405
538037 CX 537758 0.005405
538037 CX 536921 0.005405
538037 CX 537479 0.005405
538037 CX 536363 0.005405
538037 CX 537200 0.005405
538037 CX 536084 0.005405
538037 P2 538037 0.977200
538037 P2 536081 0.022800
538037 X0 537758 0.999584
538037 X0 538037 0.000139
538037 X0 537200 0.000139
538037 X0 537479 0.000139
ENDPOMDP
