BEGINPOMDP
INITIALSTATE: 558126
STATES: 558688,558403,558404,559525,558406,558405,558409,560362,558126,558127,558128,558129,558130,559246,560083,558967,559804
REWARDS: 558688:0.0,558403:1.0,558404:0.0,559525:1.0,558406:1.0,558405:0.0,558409:1.0,560362:1.0,558126:0.0,558127:1.0,558128:0.0,558129:1.0,558130:0.0,559246:0.0,560083:0.0,558967:1.0,559804:0.0
GAMMA: 558688:1,558403:0,558404:0,559525:1,558406:0,558405:0,558409:1,560362:1,558126:0,558127:0,558128:0,558129:0,558130:0,559246:1,560083:1,558967:1,559804:1
BEGINACTIONS
CX
P2
X0
ENDACTIONS
558126 INIT_ 558127 0.250000
558126 INIT_ 558128 0.250000
558126 INIT_ 558129 0.250000
558126 INIT_ 558130 0.250000
558127 CX 558127 0.979586
558127 CX 558403 0.002916
558127 CX 558128 0.002916
558127 CX 558404 0.002916
558127 CX 558130 0.002916
558127 CX 558405 0.002916
558127 CX 558129 0.002916
558127 CX 558406 0.002916
558127 P2 558127 0.930600
558127 P2 558409 0.069400
558127 X0 558128 0.999810
558127 X0 558127 0.000063
558127 X0 558129 0.000063
558127 X0 558130 0.000063
558128 CX 558404 0.979586
558128 CX 558128 0.002916
558128 CX 558403 0.002916
558128 CX 558127 0.002916
558128 CX 558406 0.002916
558128 CX 558129 0.002916
558128 CX 558405 0.002916
558128 CX 558130 0.002916
558128 P2 558128 0.930600
558128 P2 558688 0.069400
558128 X0 558127 0.999810
558128 X0 558128 0.000063
558128 X0 558130 0.000063
558128 X0 558129 0.000063
558129 CX 558129 0.979586
558129 CX 558406 0.002916
558129 CX 558130 0.002916
558129 CX 558405 0.002916
558129 CX 558128 0.002916
558129 CX 558404 0.002916
558129 CX 558127 0.002916
558129 CX 558403 0.002916
558129 P2 558129 0.930600
558129 P2 558967 0.069400
558129 X0 558130 0.999810
558129 X0 558129 0.000063
558129 X0 558127 0.000063
558129 X0 558128 0.000063
558130 CX 558405 0.979586
558130 CX 558130 0.002916
558130 CX 558406 0.002916
558130 CX 558129 0.002916
558130 CX 558403 0.002916
558130 CX 558127 0.002916
558130 CX 558404 0.002916
558130 CX 558128 0.002916
558130 P2 558130 0.930600
558130 P2 559246 0.069400
558130 X0 558129 0.999810
558130 X0 558130 0.000063
558130 X0 558128 0.000063
558130 X0 558127 0.000063
558403 CX 558403 0.979586
558403 CX 558127 0.002916
558403 CX 558404 0.002916
558403 CX 558128 0.002916
558403 CX 558405 0.002916
558403 CX 558130 0.002916
558403 CX 558406 0.002916
558403 CX 558129 0.002916
558403 P2 559525 0.913000
558403 P2 558403 0.087000
558403 X0 558404 0.999810
558403 X0 558403 0.000063
558403 X0 558406 0.000063
558403 X0 558405 0.000063
558404 CX 558128 0.979586
558404 CX 558404 0.002916
558404 CX 558127 0.002916
558404 CX 558403 0.002916
558404 CX 558129 0.002916
558404 CX 558406 0.002916
558404 CX 558130 0.002916
558404 CX 558405 0.002916
558404 P2 559804 0.913000
558404 P2 558404 0.087000
558404 X0 558403 0.999810
558404 X0 558404 0.000063
558404 X0 558405 0.000063
558404 X0 558406 0.000063
558405 CX 558130 0.979586
558405 CX 558405 0.002916
558405 CX 558129 0.002916
558405 CX 558406 0.002916
558405 CX 558127 0.002916
558405 CX 558403 0.002916
558405 CX 558128 0.002916
558405 CX 558404 0.002916
558405 P2 560083 0.913000
558405 P2 558405 0.087000
558405 X0 558406 0.999810
558405 X0 558405 0.000063
558405 X0 558404 0.000063
558405 X0 558403 0.000063
558406 CX 558406 0.979586
558406 CX 558129 0.002916
558406 CX 558405 0.002916
558406 CX 558130 0.002916
558406 CX 558404 0.002916
558406 CX 558128 0.002916
558406 CX 558403 0.002916
558406 CX 558127 0.002916
558406 P2 560362 0.913000
558406 P2 558406 0.087000
558406 X0 558405 0.999810
558406 X0 558406 0.000063
558406 X0 558403 0.000063
558406 X0 558404 0.000063
558409 CX 558409 0.979586
558409 CX 559525 0.002916
558409 CX 558688 0.002916
558409 CX 559804 0.002916
558409 CX 559246 0.002916
558409 CX 560083 0.002916
558409 CX 558967 0.002916
558409 CX 560362 0.002916
558409 P2 558127 0.930600
558409 P2 558409 0.069400
558409 X0 558688 0.999810
558409 X0 558409 0.000063
558409 X0 558967 0.000063
558409 X0 559246 0.000063
558688 CX 559804 0.979586
558688 CX 558688 0.002916
558688 CX 559525 0.002916
558688 CX 558409 0.002916
558688 CX 560362 0.002916
558688 CX 558967 0.002916
558688 CX 560083 0.002916
558688 CX 559246 0.002916
558688 P2 558128 0.930600
558688 P2 558688 0.069400
558688 X0 558409 0.999810
558688 X0 558688 0.000063
558688 X0 559246 0.000063
558688 X0 558967 0.000063
558967 CX 558967 0.979586
558967 CX 560362 0.002916
558967 CX 559246 0.002916
558967 CX 560083 0.002916
558967 CX 558688 0.002916
558967 CX 559804 0.002916
558967 CX 558409 0.002916
558967 CX 559525 0.002916
558967 P2 558129 0.930600
558967 P2 558967 0.069400
558967 X0 559246 0.999810
558967 X0 558967 0.000063
558967 X0 558409 0.000063
558967 X0 558688 0.000063
559246 CX 560083 0.979586
559246 CX 559246 0.002916
559246 CX 560362 0.002916
559246 CX 558967 0.002916
559246 CX 559525 0.002916
559246 CX 558409 0.002916
559246 CX 559804 0.002916
559246 CX 558688 0.002916
559246 P2 558130 0.930600
559246 P2 559246 0.069400
559246 X0 558967 0.999810
559246 X0 559246 0.000063
559246 X0 558688 0.000063
559246 X0 558409 0.000063
559525 CX 559525 0.979586
559525 CX 558409 0.002916
559525 CX 559804 0.002916
559525 CX 558688 0.002916
559525 CX 560083 0.002916
559525 CX 559246 0.002916
559525 CX 560362 0.002916
559525 CX 558967 0.002916
559525 P2 559525 0.913000
559525 P2 558403 0.087000
559525 X0 559804 0.999810
559525 X0 559525 0.000063
559525 X0 560362 0.000063
559525 X0 560083 0.000063
559804 CX 558688 0.979586
559804 CX 559804 0.002916
559804 CX 558409 0.002916
559804 CX 559525 0.002916
559804 CX 558967 0.002916
559804 CX 560362 0.002916
559804 CX 559246 0.002916
559804 CX 560083 0.002916
559804 P2 559804 0.913000
559804 P2 558404 0.087000
559804 X0 559525 0.999810
559804 X0 559804 0.000063
559804 X0 560083 0.000063
559804 X0 560362 0.000063
560083 CX 559246 0.979586
560083 CX 560083 0.002916
560083 CX 558967 0.002916
560083 CX 560362 0.002916
560083 CX 558409 0.002916
560083 CX 559525 0.002916
560083 CX 558688 0.002916
560083 CX 559804 0.002916
560083 P2 560083 0.913000
560083 P2 558405 0.087000
560083 X0 560362 0.999810
560083 X0 560083 0.000063
560083 X0 559804 0.000063
560083 X0 559525 0.000063
560362 CX 560362 0.979586
560362 CX 558967 0.002916
560362 CX 560083 0.002916
560362 CX 559246 0.002916
560362 CX 559804 0.002916
560362 CX 558688 0.002916
560362 CX 559525 0.002916
560362 CX 558409 0.002916
560362 P2 560362 0.913000
560362 P2 558406 0.087000
560362 X0 560083 0.999810
560362 X0 560362 0.000063
560362 X0 559525 0.000063
560362 X0 559804 0.000063
ENDPOMDP
