BEGINPOMDP
INITIALSTATE: 196461
STATES: 196738,196739,197860,196741,196740,196744,198697,196461,196462,196463,196464,196465,197581,198418,197302,198139,197023
REWARDS: 196738:1.0,196739:0.0,197860:1.0,196741:1.0,196740:0.0,196744:1.0,198697:1.0,196461:0.0,196462:1.0,196463:0.0,196464:1.0,196465:0.0,197581:0.0,198418:0.0,197302:1.0,198139:0.0,197023:0.0
GAMMA: 196738:0,196739:0,197860:1,196741:0,196740:0,196744:1,198697:1,196461:0,196462:0,196463:0,196464:0,196465:0,197581:1,198418:1,197302:1,198139:1,197023:1
BEGINACTIONS
CX
P2
X0
ENDACTIONS
196461 INIT_ 196462 0.250000
196461 INIT_ 196463 0.250000
196461 INIT_ 196464 0.250000
196461 INIT_ 196465 0.250000
196462 CX 196462 0.954248
196462 CX 196738 0.006536
196462 CX 196463 0.006536
196462 CX 196739 0.006536
196462 CX 196465 0.006536
196462 CX 196740 0.006536
196462 CX 196464 0.006536
196462 CX 196741 0.006536
196462 P2 196462 0.986200
196462 P2 196744 0.013800
196462 X0 196463 0.998474
196462 X0 196462 0.000509
196462 X0 196464 0.000509
196462 X0 196465 0.000509
196463 CX 196739 0.954248
196463 CX 196463 0.006536
196463 CX 196738 0.006536
196463 CX 196462 0.006536
196463 CX 196741 0.006536
196463 CX 196464 0.006536
196463 CX 196740 0.006536
196463 CX 196465 0.006536
196463 P2 196463 0.986200
196463 P2 197023 0.013800
196463 X0 196462 0.998474
196463 X0 196463 0.000509
196463 X0 196465 0.000509
196463 X0 196464 0.000509
196464 CX 196464 0.954248
196464 CX 196741 0.006536
196464 CX 196465 0.006536
196464 CX 196740 0.006536
196464 CX 196463 0.006536
196464 CX 196739 0.006536
196464 CX 196462 0.006536
196464 CX 196738 0.006536
196464 P2 196464 0.986200
196464 P2 197302 0.013800
196464 X0 196465 0.998474
196464 X0 196464 0.000509
196464 X0 196462 0.000509
196464 X0 196463 0.000509
196465 CX 196740 0.954248
196465 CX 196465 0.006536
196465 CX 196741 0.006536
196465 CX 196464 0.006536
196465 CX 196738 0.006536
196465 CX 196462 0.006536
196465 CX 196739 0.006536
196465 CX 196463 0.006536
196465 P2 196465 0.986200
196465 P2 197581 0.013800
196465 X0 196464 0.998474
196465 X0 196465 0.000509
196465 X0 196463 0.000509
196465 X0 196462 0.000509
196738 CX 196738 0.954248
196738 CX 196462 0.006536
196738 CX 196739 0.006536
196738 CX 196463 0.006536
196738 CX 196740 0.006536
196738 CX 196465 0.006536
196738 CX 196741 0.006536
196738 CX 196464 0.006536
196738 P2 197860 0.986200
196738 P2 196738 0.013800
196738 X0 196739 0.998474
196738 X0 196738 0.000509
196738 X0 196741 0.000509
196738 X0 196740 0.000509
196739 CX 196463 0.954248
196739 CX 196739 0.006536
196739 CX 196462 0.006536
196739 CX 196738 0.006536
196739 CX 196464 0.006536
196739 CX 196741 0.006536
196739 CX 196465 0.006536
196739 CX 196740 0.006536
196739 P2 198139 0.986200
196739 P2 196739 0.013800
196739 X0 196738 0.998474
196739 X0 196739 0.000509
196739 X0 196740 0.000509
196739 X0 196741 0.000509
196740 CX 196465 0.954248
196740 CX 196740 0.006536
196740 CX 196464 0.006536
196740 CX 196741 0.006536
196740 CX 196462 0.006536
196740 CX 196738 0.006536
196740 CX 196463 0.006536
196740 CX 196739 0.006536
196740 P2 198418 0.986200
196740 P2 196740 0.013800
196740 X0 196741 0.998474
196740 X0 196740 0.000509
196740 X0 196739 0.000509
196740 X0 196738 0.000509
196741 CX 196741 0.954248
196741 CX 196464 0.006536
196741 CX 196740 0.006536
196741 CX 196465 0.006536
196741 CX 196739 0.006536
196741 CX 196463 0.006536
196741 CX 196738 0.006536
196741 CX 196462 0.006536
196741 P2 198697 0.986200
196741 P2 196741 0.013800
196741 X0 196740 0.998474
196741 X0 196741 0.000509
196741 X0 196738 0.000509
196741 X0 196739 0.000509
196744 CX 196744 0.954248
196744 CX 197860 0.006536
196744 CX 197023 0.006536
196744 CX 198139 0.006536
196744 CX 197581 0.006536
196744 CX 198418 0.006536
196744 CX 197302 0.006536
196744 CX 198697 0.006536
196744 P2 196462 0.986200
196744 P2 196744 0.013800
196744 X0 197023 0.998474
196744 X0 196744 0.000509
196744 X0 197302 0.000509
196744 X0 197581 0.000509
197023 CX 198139 0.954248
197023 CX 197023 0.006536
197023 CX 197860 0.006536
197023 CX 196744 0.006536
197023 CX 198697 0.006536
197023 CX 197302 0.006536
197023 CX 198418 0.006536
197023 CX 197581 0.006536
197023 P2 196463 0.986200
197023 P2 197023 0.013800
197023 X0 196744 0.998474
197023 X0 197023 0.000509
197023 X0 197581 0.000509
197023 X0 197302 0.000509
197302 CX 197302 0.954248
197302 CX 198697 0.006536
197302 CX 197581 0.006536
197302 CX 198418 0.006536
197302 CX 197023 0.006536
197302 CX 198139 0.006536
197302 CX 196744 0.006536
197302 CX 197860 0.006536
197302 P2 196464 0.986200
197302 P2 197302 0.013800
197302 X0 197581 0.998474
197302 X0 197302 0.000509
197302 X0 196744 0.000509
197302 X0 197023 0.000509
197581 CX 198418 0.954248
197581 CX 197581 0.006536
197581 CX 198697 0.006536
197581 CX 197302 0.006536
197581 CX 197860 0.006536
197581 CX 196744 0.006536
197581 CX 198139 0.006536
197581 CX 197023 0.006536
197581 P2 196465 0.986200
197581 P2 197581 0.013800
197581 X0 197302 0.998474
197581 X0 197581 0.000509
197581 X0 197023 0.000509
197581 X0 196744 0.000509
197860 CX 197860 0.954248
197860 CX 196744 0.006536
197860 CX 198139 0.006536
197860 CX 197023 0.006536
197860 CX 198418 0.006536
197860 CX 197581 0.006536
197860 CX 198697 0.006536
197860 CX 197302 0.006536
197860 P2 197860 0.986200
197860 P2 196738 0.013800
197860 X0 198139 0.998474
197860 X0 197860 0.000509
197860 X0 198697 0.000509
197860 X0 198418 0.000509
198139 CX 197023 0.954248
198139 CX 198139 0.006536
198139 CX 196744 0.006536
198139 CX 197860 0.006536
198139 CX 197302 0.006536
198139 CX 198697 0.006536
198139 CX 197581 0.006536
198139 CX 198418 0.006536
198139 P2 198139 0.986200
198139 P2 196739 0.013800
198139 X0 197860 0.998474
198139 X0 198139 0.000509
198139 X0 198418 0.000509
198139 X0 198697 0.000509
198418 CX 197581 0.954248
198418 CX 198418 0.006536
198418 CX 197302 0.006536
198418 CX 198697 0.006536
198418 CX 196744 0.006536
198418 CX 197860 0.006536
198418 CX 197023 0.006536
198418 CX 198139 0.006536
198418 P2 198418 0.986200
198418 P2 196740 0.013800
198418 X0 198697 0.998474
198418 X0 198418 0.000509
198418 X0 198139 0.000509
198418 X0 197860 0.000509
198697 CX 198697 0.954248
198697 CX 197302 0.006536
198697 CX 198418 0.006536
198697 CX 197581 0.006536
198697 CX 198139 0.006536
198697 CX 197023 0.006536
198697 CX 197860 0.006536
198697 CX 196744 0.006536
198697 P2 198697 0.986200
198697 P2 196741 0.013800
198697 X0 198418 0.998474
198697 X0 198697 0.000509
198697 X0 197860 0.000509
198697 X0 198139 0.000509
ENDPOMDP
