BEGINPOMDP
INITIALSTATE: 562591
STATES: 562592,562593,562594,562595,564548,563432,563711,564269,563153,562868,562869,563990,562871,562870,562874,564827,562591
REWARDS: 562592:1.0,562593:0.0,562594:1.0,562595:0.0,564548:0.0,563432:1.0,563711:0.0,564269:0.0,563153:0.0,562868:1.0,562869:0.0,563990:1.0,562871:1.0,562870:0.0,562874:1.0,564827:1.0,562591:0.0
GAMMA: 562592:0,562593:0,562594:0,562595:0,564548:1,563432:1,563711:1,564269:1,563153:1,562868:0,562869:0,563990:1,562871:0,562870:0,562874:1,564827:1,562591:0
BEGINACTIONS
CX
P2
X0
ENDACTIONS
562591 INIT_ 562592 0.250000
562591 INIT_ 562593 0.250000
562591 INIT_ 562594 0.250000
562591 INIT_ 562595 0.250000
562592 CX 562592 0.969761
562592 CX 562868 0.004320
562592 CX 562593 0.004320
562592 CX 562869 0.004320
562592 CX 562595 0.004320
562592 CX 562870 0.004320
562592 CX 562594 0.004320
562592 CX 562871 0.004320
562592 P2 562592 0.930800
562592 P2 562874 0.069200
562592 X0 562593 0.999819
562592 X0 562592 0.000060
562592 X0 562594 0.000060
562592 X0 562595 0.000060
562593 CX 562869 0.969761
562593 CX 562593 0.004320
562593 CX 562868 0.004320
562593 CX 562592 0.004320
562593 CX 562871 0.004320
562593 CX 562594 0.004320
562593 CX 562870 0.004320
562593 CX 562595 0.004320
562593 P2 562593 0.930800
562593 P2 563153 0.069200
562593 X0 562592 0.999819
562593 X0 562593 0.000060
562593 X0 562595 0.000060
562593 X0 562594 0.000060
562594 CX 562594 0.969761
562594 CX 562871 0.004320
562594 CX 562595 0.004320
562594 CX 562870 0.004320
562594 CX 562593 0.004320
562594 CX 562869 0.004320
562594 CX 562592 0.004320
562594 CX 562868 0.004320
562594 P2 562594 0.930800
562594 P2 563432 0.069200
562594 X0 562595 0.999819
562594 X0 562594 0.000060
562594 X0 562592 0.000060
562594 X0 562593 0.000060
562595 CX 562870 0.969761
562595 CX 562595 0.004320
562595 CX 562871 0.004320
562595 CX 562594 0.004320
562595 CX 562868 0.004320
562595 CX 562592 0.004320
562595 CX 562869 0.004320
562595 CX 562593 0.004320
562595 P2 562595 0.930800
562595 P2 563711 0.069200
562595 X0 562594 0.999819
562595 X0 562595 0.000060
562595 X0 562593 0.000060
562595 X0 562592 0.000060
562868 CX 562868 0.969761
562868 CX 562592 0.004320
562868 CX 562869 0.004320
562868 CX 562593 0.004320
562868 CX 562870 0.004320
562868 CX 562595 0.004320
562868 CX 562871 0.004320
562868 CX 562594 0.004320
562868 P2 563990 0.930600
562868 P2 562868 0.069400
562868 X0 562869 0.999819
562868 X0 562868 0.000060
562868 X0 562871 0.000060
562868 X0 562870 0.000060
562869 CX 562593 0.969761
562869 CX 562869 0.004320
562869 CX 562592 0.004320
562869 CX 562868 0.004320
562869 CX 562594 0.004320
562869 CX 562871 0.004320
562869 CX 562595 0.004320
562869 CX 562870 0.004320
562869 P2 564269 0.930600
562869 P2 562869 0.069400
562869 X0 562868 0.999819
562869 X0 562869 0.000060
562869 X0 562870 0.000060
562869 X0 562871 0.000060
562870 CX 562595 0.969761
562870 CX 562870 0.004320
562870 CX 562594 0.004320
562870 CX 562871 0.004320
562870 CX 562592 0.004320
562870 CX 562868 0.004320
562870 CX 562593 0.004320
562870 CX 562869 0.004320
562870 P2 564548 0.930600
562870 P2 562870 0.069400
562870 X0 562871 0.999819
562870 X0 562870 0.000060
562870 X0 562869 0.000060
562870 X0 562868 0.000060
562871 CX 562871 0.969761
562871 CX 562594 0.004320
562871 CX 562870 0.004320
562871 CX 562595 0.004320
562871 CX 562869 0.004320
562871 CX 562593 0.004320
562871 CX 562868 0.004320
562871 CX 562592 0.004320
562871 P2 564827 0.930600
562871 P2 562871 0.069400
562871 X0 562870 0.999819
562871 X0 562871 0.000060
562871 X0 562868 0.000060
562871 X0 562869 0.000060
562874 CX 562874 0.969761
562874 CX 563990 0.004320
562874 CX 563153 0.004320
562874 CX 564269 0.004320
562874 CX 563711 0.004320
562874 CX 564548 0.004320
562874 CX 563432 0.004320
562874 CX 564827 0.004320
562874 P2 562592 0.930800
562874 P2 562874 0.069200
562874 X0 563153 0.999819
562874 X0 562874 0.000060
562874 X0 563432 0.000060
562874 X0 563711 0.000060
563153 CX 564269 0.969761
563153 CX 563153 0.004320
563153 CX 563990 0.004320
563153 CX 562874 0.004320
563153 CX 564827 0.004320
563153 CX 563432 0.004320
563153 CX 564548 0.004320
563153 CX 563711 0.004320
563153 P2 562593 0.930800
563153 P2 563153 0.069200
563153 X0 562874 0.999819
563153 X0 563153 0.000060
563153 X0 563711 0.000060
563153 X0 563432 0.000060
563432 CX 563432 0.969761
563432 CX 564827 0.004320
563432 CX 563711 0.004320
563432 CX 564548 0.004320
563432 CX 563153 0.004320
563432 CX 564269 0.004320
563432 CX 562874 0.004320
563432 CX 563990 0.004320
563432 P2 562594 0.930800
563432 P2 563432 0.069200
563432 X0 563711 0.999819
563432 X0 563432 0.000060
563432 X0 562874 0.000060
563432 X0 563153 0.000060
563711 CX 564548 0.969761
563711 CX 563711 0.004320
563711 CX 564827 0.004320
563711 CX 563432 0.004320
563711 CX 563990 0.004320
563711 CX 562874 0.004320
563711 CX 564269 0.004320
563711 CX 563153 0.004320
563711 P2 562595 0.930800
563711 P2 563711 0.069200
563711 X0 563432 0.999819
563711 X0 563711 0.000060
563711 X0 563153 0.000060
563711 X0 562874 0.000060
563990 CX 563990 0.969761
563990 CX 562874 0.004320
563990 CX 564269 0.004320
563990 CX 563153 0.004320
563990 CX 564548 0.004320
563990 CX 563711 0.004320
563990 CX 564827 0.004320
563990 CX 563432 0.004320
563990 P2 563990 0.930600
563990 P2 562868 0.069400
563990 X0 564269 0.999819
563990 X0 563990 0.000060
563990 X0 564827 0.000060
563990 X0 564548 0.000060
564269 CX 563153 0.969761
564269 CX 564269 0.004320
564269 CX 562874 0.004320
564269 CX 563990 0.004320
564269 CX 563432 0.004320
564269 CX 564827 0.004320
564269 CX 563711 0.004320
564269 CX 564548 0.004320
564269 P2 564269 0.930600
564269 P2 562869 0.069400
564269 X0 563990 0.999819
564269 X0 564269 0.000060
564269 X0 564548 0.000060
564269 X0 564827 0.000060
564548 CX 563711 0.969761
564548 CX 564548 0.004320
564548 CX 563432 0.004320
564548 CX 564827 0.004320
564548 CX 562874 0.004320
564548 CX 563990 0.004320
564548 CX 563153 0.004320
564548 CX 564269 0.004320
564548 P2 564548 0.930600
564548 P2 562870 0.069400
564548 X0 564827 0.999819
564548 X0 564548 0.000060
564548 X0 564269 0.000060
564548 X0 563990 0.000060
564827 CX 564827 0.969761
564827 CX 563432 0.004320
564827 CX 564548 0.004320
564827 CX 563711 0.004320
564827 CX 564269 0.004320
564827 CX 563153 0.004320
564827 CX 563990 0.004320
564827 CX 562874 0.004320
564827 P2 564827 0.930600
564827 P2 562871 0.069400
564827 X0 564548 0.999819
564827 X0 564827 0.000060
564827 X0 563990 0.000060
564827 X0 564269 0.000060
ENDPOMDP
