BEGINPOMDP
INITIALSTATE: 745656
STATES: 746497,746776,747334,746218,745933,745934,747055,745936,745935,745939,747892,745656,745657,745658,745659,745660,747613
REWARDS: 746497:1.0,746776:0.0,747334:0.0,746218:0.0,745933:1.0,745934:0.0,747055:1.0,745936:1.0,745935:0.0,745939:1.0,747892:1.0,745656:0.0,745657:1.0,745658:0.0,745659:1.0,745660:0.0,747613:0.0
GAMMA: 746497:1,746776:1,747334:1,746218:1,745933:0,745934:0,747055:1,745936:0,745935:0,745939:1,747892:1,745656:0,745657:0,745658:0,745659:0,745660:0,747613:1
BEGINACTIONS
CX
P2
X0
ENDACTIONS
745656 INIT_ 745657 0.250000
745656 INIT_ 745658 0.250000
745656 INIT_ 745659 0.250000
745656 INIT_ 745660 0.250000
745657 CX 745657 0.970038
745657 CX 745933 0.004280
745657 CX 745658 0.004280
745657 CX 745934 0.004280
745657 CX 745660 0.004280
745657 CX 745935 0.004280
745657 CX 745659 0.004280
745657 CX 745936 0.004280
745657 P2 745657 0.995200
745657 P2 745939 0.004800
745657 X0 745658 0.999560
745657 X0 745657 0.000147
745657 X0 745659 0.000147
745657 X0 745660 0.000147
745658 CX 745934 0.970038
745658 CX 745658 0.004280
745658 CX 745933 0.004280
745658 CX 745657 0.004280
745658 CX 745936 0.004280
745658 CX 745659 0.004280
745658 CX 745935 0.004280
745658 CX 745660 0.004280
745658 P2 745658 0.995200
745658 P2 746218 0.004800
745658 X0 745657 0.999560
745658 X0 745658 0.000147
745658 X0 745660 0.000147
745658 X0 745659 0.000147
745659 CX 745659 0.970038
745659 CX 745936 0.004280
745659 CX 745660 0.004280
745659 CX 745935 0.004280
745659 CX 745658 0.004280
745659 CX 745934 0.004280
745659 CX 745657 0.004280
745659 CX 745933 0.004280
745659 P2 745659 0.995200
745659 P2 746497 0.004800
745659 X0 745660 0.999560
745659 X0 745659 0.000147
745659 X0 745657 0.000147
745659 X0 745658 0.000147
745660 CX 745935 0.970038
745660 CX 745660 0.004280
745660 CX 745936 0.004280
745660 CX 745659 0.004280
745660 CX 745933 0.004280
745660 CX 745657 0.004280
745660 CX 745934 0.004280
745660 CX 745658 0.004280
745660 P2 745660 0.995200
745660 P2 746776 0.004800
745660 X0 745659 0.999560
745660 X0 745660 0.000147
745660 X0 745658 0.000147
745660 X0 745657 0.000147
745933 CX 745933 0.970038
745933 CX 745657 0.004280
745933 CX 745934 0.004280
745933 CX 745658 0.004280
745933 CX 745935 0.004280
745933 CX 745660 0.004280
745933 CX 745936 0.004280
745933 CX 745659 0.004280
745933 P2 747055 0.986400
745933 P2 745933 0.013600
745933 X0 745934 0.999560
745933 X0 745933 0.000147
745933 X0 745936 0.000147
745933 X0 745935 0.000147
745934 CX 745658 0.970038
745934 CX 745934 0.004280
745934 CX 745657 0.004280
745934 CX 745933 0.004280
745934 CX 745659 0.004280
745934 CX 745936 0.004280
745934 CX 745660 0.004280
745934 CX 745935 0.004280
745934 P2 747334 0.986400
745934 P2 745934 0.013600
745934 X0 745933 0.999560
745934 X0 745934 0.000147
745934 X0 745935 0.000147
745934 X0 745936 0.000147
745935 CX 745660 0.970038
745935 CX 745935 0.004280
745935 CX 745659 0.004280
745935 CX 745936 0.004280
745935 CX 745657 0.004280
745935 CX 745933 0.004280
745935 CX 745658 0.004280
745935 CX 745934 0.004280
745935 P2 747613 0.986400
745935 P2 745935 0.013600
745935 X0 745936 0.999560
745935 X0 745935 0.000147
745935 X0 745934 0.000147
745935 X0 745933 0.000147
745936 CX 745936 0.970038
745936 CX 745659 0.004280
745936 CX 745935 0.004280
745936 CX 745660 0.004280
745936 CX 745934 0.004280
745936 CX 745658 0.004280
745936 CX 745933 0.004280
745936 CX 745657 0.004280
745936 P2 747892 0.986400
745936 P2 745936 0.013600
745936 X0 745935 0.999560
745936 X0 745936 0.000147
745936 X0 745933 0.000147
745936 X0 745934 0.000147
745939 CX 745939 0.970038
745939 CX 747055 0.004280
745939 CX 746218 0.004280
745939 CX 747334 0.004280
745939 CX 746776 0.004280
745939 CX 747613 0.004280
745939 CX 746497 0.004280
745939 CX 747892 0.004280
745939 P2 745657 0.995200
745939 P2 745939 0.004800
745939 X0 746218 0.999560
745939 X0 745939 0.000147
745939 X0 746497 0.000147
745939 X0 746776 0.000147
746218 CX 747334 0.970038
746218 CX 746218 0.004280
746218 CX 747055 0.004280
746218 CX 745939 0.004280
746218 CX 747892 0.004280
746218 CX 746497 0.004280
746218 CX 747613 0.004280
746218 CX 746776 0.004280
746218 P2 745658 0.995200
746218 P2 746218 0.004800
746218 X0 745939 0.999560
746218 X0 746218 0.000147
746218 X0 746776 0.000147
746218 X0 746497 0.000147
746497 CX 746497 0.970038
746497 CX 747892 0.004280
746497 CX 746776 0.004280
746497 CX 747613 0.004280
746497 CX 746218 0.004280
746497 CX 747334 0.004280
746497 CX 745939 0.004280
746497 CX 747055 0.004280
746497 P2 745659 0.995200
746497 P2 746497 0.004800
746497 X0 746776 0.999560
746497 X0 746497 0.000147
746497 X0 745939 0.000147
746497 X0 746218 0.000147
746776 CX 747613 0.970038
746776 CX 746776 0.004280
746776 CX 747892 0.004280
746776 CX 746497 0.004280
746776 CX 747055 0.004280
746776 CX 745939 0.004280
746776 CX 747334 0.004280
746776 CX 746218 0.004280
746776 P2 745660 0.995200
746776 P2 746776 0.004800
746776 X0 746497 0.999560
746776 X0 746776 0.000147
746776 X0 746218 0.000147
746776 X0 745939 0.000147
747055 CX 747055 0.970038
747055 CX 745939 0.004280
747055 CX 747334 0.004280
747055 CX 746218 0.004280
747055 CX 747613 0.004280
747055 CX 746776 0.004280
747055 CX 747892 0.004280
747055 CX 746497 0.004280
747055 P2 747055 0.986400
747055 P2 745933 0.013600
747055 X0 747334 0.999560
747055 X0 747055 0.000147
747055 X0 747892 0.000147
747055 X0 747613 0.000147
747334 CX 746218 0.970038
747334 CX 747334 0.004280
747334 CX 745939 0.004280
747334 CX 747055 0.004280
747334 CX 746497 0.004280
747334 CX 747892 0.004280
747334 CX 746776 0.004280
747334 CX 747613 0.004280
747334 P2 747334 0.986400
747334 P2 745934 0.013600
747334 X0 747055 0.999560
747334 X0 747334 0.000147
747334 X0 747613 0.000147
747334 X0 747892 0.000147
747613 CX 746776 0.970038
747613 CX 747613 0.004280
747613 CX 746497 0.004280
747613 CX 747892 0.004280
747613 CX 745939 0.004280
747613 CX 747055 0.004280
747613 CX 746218 0.004280
747613 CX 747334 0.004280
747613 P2 747613 0.986400
747613 P2 745935 0.013600
747613 X0 747892 0.999560
747613 X0 747613 0.000147
747613 X0 747334 0.000147
747613 X0 747055 0.000147
747892 CX 747892 0.970038
747892 CX 746497 0.004280
747892 CX 747613 0.004280
747892 CX 746776 0.004280
747892 CX 747334 0.004280
747892 CX 746218 0.004280
747892 CX 747055 0.004280
747892 CX 745939 0.004280
747892 P2 747892 0.986400
747892 P2 745936 0.013600
747892 X0 747613 0.999560
747892 X0 747892 0.000147
747892 X0 747055 0.000147
747892 X0 747334 0.000147
ENDPOMDP
