BEGINPOMDP
INITIALSTATE: 160741
STATES: 161024,162977,160741,160742,160743,160744,160745,161861,162698,161582,162419,161020,161303,161018,161019,162140,161021
REWARDS: 161024:1.0,162977:1.0,160741:0.0,160742:1.0,160743:0.0,160744:1.0,160745:0.0,161861:0.0,162698:0.0,161582:1.0,162419:0.0,161020:0.0,161303:0.0,161018:1.0,161019:0.0,162140:1.0,161021:1.0
GAMMA: 161024:1,162977:1,160741:0,160742:0,160743:0,160744:0,160745:0,161861:1,162698:1,161582:1,162419:1,161020:0,161303:1,161018:0,161019:0,162140:1,161021:0
BEGINACTIONS
CX
P2
X0
ENDACTIONS
160741 INIT_ 160742 0.250000
160741 INIT_ 160743 0.250000
160741 INIT_ 160744 0.250000
160741 INIT_ 160745 0.250000
160742 CX 160742 0.987975
160742 CX 161018 0.001718
160742 CX 160743 0.001718
160742 CX 161019 0.001718
160742 CX 160745 0.001718
160742 CX 161020 0.001718
160742 CX 160744 0.001718
160742 CX 161021 0.001718
160742 P2 160742 0.897800
160742 P2 161024 0.102200
160742 X0 160743 0.999627
160742 X0 160742 0.000124
160742 X0 160744 0.000124
160742 X0 160745 0.000124
160743 CX 161019 0.987975
160743 CX 160743 0.001718
160743 CX 161018 0.001718
160743 CX 160742 0.001718
160743 CX 161021 0.001718
160743 CX 160744 0.001718
160743 CX 161020 0.001718
160743 CX 160745 0.001718
160743 P2 160743 0.897800
160743 P2 161303 0.102200
160743 X0 160742 0.999627
160743 X0 160743 0.000124
160743 X0 160745 0.000124
160743 X0 160744 0.000124
160744 CX 160744 0.987975
160744 CX 161021 0.001718
160744 CX 160745 0.001718
160744 CX 161020 0.001718
160744 CX 160743 0.001718
160744 CX 161019 0.001718
160744 CX 160742 0.001718
160744 CX 161018 0.001718
160744 P2 160744 0.897800
160744 P2 161582 0.102200
160744 X0 160745 0.999627
160744 X0 160744 0.000124
160744 X0 160742 0.000124
160744 X0 160743 0.000124
160745 CX 161020 0.987975
160745 CX 160745 0.001718
160745 CX 161021 0.001718
160745 CX 160744 0.001718
160745 CX 161018 0.001718
160745 CX 160742 0.001718
160745 CX 161019 0.001718
160745 CX 160743 0.001718
160745 P2 160745 0.897800
160745 P2 161861 0.102200
160745 X0 160744 0.999627
160745 X0 160745 0.000124
160745 X0 160743 0.000124
160745 X0 160742 0.000124
161018 CX 161018 0.987975
161018 CX 160742 0.001718
161018 CX 161019 0.001718
161018 CX 160743 0.001718
161018 CX 161020 0.001718
161018 CX 160745 0.001718
161018 CX 161021 0.001718
161018 CX 160744 0.001718
161018 P2 162140 0.899800
161018 P2 161018 0.100200
161018 X0 161019 0.999627
161018 X0 161018 0.000124
161018 X0 161021 0.000124
161018 X0 161020 0.000124
161019 CX 160743 0.987975
161019 CX 161019 0.001718
161019 CX 160742 0.001718
161019 CX 161018 0.001718
161019 CX 160744 0.001718
161019 CX 161021 0.001718
161019 CX 160745 0.001718
161019 CX 161020 0.001718
161019 P2 162419 0.899800
161019 P2 161019 0.100200
161019 X0 161018 0.999627
161019 X0 161019 0.000124
161019 X0 161020 0.000124
161019 X0 161021 0.000124
161020 CX 160745 0.987975
161020 CX 161020 0.001718
161020 CX 160744 0.001718
161020 CX 161021 0.001718
161020 CX 160742 0.001718
161020 CX 161018 0.001718
161020 CX 160743 0.001718
161020 CX 161019 0.001718
161020 P2 162698 0.899800
161020 P2 161020 0.100200
161020 X0 161021 0.999627
161020 X0 161020 0.000124
161020 X0 161019 0.000124
161020 X0 161018 0.000124
161021 CX 161021 0.987975
161021 CX 160744 0.001718
161021 CX 161020 0.001718
161021 CX 160745 0.001718
161021 CX 161019 0.001718
161021 CX 160743 0.001718
161021 CX 161018 0.001718
161021 CX 160742 0.001718
161021 P2 162977 0.899800
161021 P2 161021 0.100200
161021 X0 161020 0.999627
161021 X0 161021 0.000124
161021 X0 161018 0.000124
161021 X0 161019 0.000124
161024 CX 161024 0.987975
161024 CX 162140 0.001718
161024 CX 161303 0.001718
161024 CX 162419 0.001718
161024 CX 161861 0.001718
161024 CX 162698 0.001718
161024 CX 161582 0.001718
161024 CX 162977 0.001718
161024 P2 160742 0.897800
161024 P2 161024 0.102200
161024 X0 161303 0.999627
161024 X0 161024 0.000124
161024 X0 161582 0.000124
161024 X0 161861 0.000124
161303 CX 162419 0.987975
161303 CX 161303 0.001718
161303 CX 162140 0.001718
161303 CX 161024 0.001718
161303 CX 162977 0.001718
161303 CX 161582 0.001718
161303 CX 162698 0.001718
161303 CX 161861 0.001718
161303 P2 160743 0.897800
161303 P2 161303 0.102200
161303 X0 161024 0.999627
161303 X0 161303 0.000124
161303 X0 161861 0.000124
161303 X0 161582 0.000124
161582 CX 161582 0.987975
161582 CX 162977 0.001718
161582 CX 161861 0.001718
161582 CX 162698 0.001718
161582 CX 161303 0.001718
161582 CX 162419 0.001718
161582 CX 161024 0.001718
161582 CX 162140 0.001718
161582 P2 160744 0.897800
161582 P2 161582 0.102200
161582 X0 161861 0.999627
161582 X0 161582 0.000124
161582 X0 161024 0.000124
161582 X0 161303 0.000124
161861 CX 162698 0.987975
161861 CX 161861 0.001718
161861 CX 162977 0.001718
161861 CX 161582 0.001718
161861 CX 162140 0.001718
161861 CX 161024 0.001718
161861 CX 162419 0.001718
161861 CX 161303 0.001718
161861 P2 160745 0.897800
161861 P2 161861 0.102200
161861 X0 161582 0.999627
161861 X0 161861 0.000124
161861 X0 161303 0.000124
161861 X0 161024 0.000124
162140 CX 162140 0.987975
162140 CX 161024 0.001718
162140 CX 162419 0.001718
162140 CX 161303 0.001718
162140 CX 162698 0.001718
162140 CX 161861 0.001718
162140 CX 162977 0.001718
162140 CX 161582 0.001718
162140 P2 162140 0.899800
162140 P2 161018 0.100200
162140 X0 162419 0.999627
162140 X0 162140 0.000124
162140 X0 162977 0.000124
162140 X0 162698 0.000124
162419 CX 161303 0.987975
162419 CX 162419 0.001718
162419 CX 161024 0.001718
162419 CX 162140 0.001718
162419 CX 161582 0.001718
162419 CX 162977 0.001718
162419 CX 161861 0.001718
162419 CX 162698 0.001718
162419 P2 162419 0.899800
162419 P2 161019 0.100200
162419 X0 162140 0.999627
162419 X0 162419 0.000124
162419 X0 162698 0.000124
162419 X0 162977 0.000124
162698 CX 161861 0.987975
162698 CX 162698 0.001718
162698 CX 161582 0.001718
162698 CX 162977 0.001718
162698 CX 161024 0.001718
162698 CX 162140 0.001718
162698 CX 161303 0.001718
162698 CX 162419 0.001718
162698 P2 162698 0.899800
162698 P2 161020 0.100200
162698 X0 162977 0.999627
162698 X0 162698 0.000124
162698 X0 162419 0.000124
162698 X0 162140 0.000124
162977 CX 162977 0.987975
162977 CX 161582 0.001718
162977 CX 162698 0.001718
162977 CX 161861 0.001718
162977 CX 162419 0.001718
162977 CX 161303 0.001718
162977 CX 162140 0.001718
162977 CX 161024 0.001718
162977 P2 162977 0.899800
162977 P2 161021 0.100200
162977 X0 162698 0.999627
162977 X0 162977 0.000124
162977 X0 162140 0.000124
162977 X0 162419 0.000124
ENDPOMDP
