BEGINPOMDP
INITIALSTATE: 794771
STATES: 796449,795333,795048,795049,796170,795051,795050,795054,797007,794771,794772,794773,794774,794775,795891,796728,795612
REWARDS: 796449:0.0,795333:0.0,795048:1.0,795049:0.0,796170:1.0,795051:1.0,795050:0.0,795054:1.0,797007:1.0,794771:0.0,794772:1.0,794773:0.0,794774:1.0,794775:0.0,795891:0.0,796728:0.0,795612:1.0
GAMMA: 796449:1,795333:1,795048:0,795049:0,796170:1,795051:0,795050:0,795054:1,797007:1,794771:0,794772:0,794773:0,794774:0,794775:0,795891:1,796728:1,795612:1
BEGINACTIONS
CX
P2
X0
ENDACTIONS
794771 INIT_ 794772 0.250000
794771 INIT_ 794773 0.250000
794771 INIT_ 794774 0.250000
794771 INIT_ 794775 0.250000
794772 CX 794772 0.955064
794772 CX 795048 0.006419
794772 CX 794773 0.006419
794772 CX 795049 0.006419
794772 CX 794775 0.006419
794772 CX 795050 0.006419
794772 CX 794774 0.006419
794772 CX 795051 0.006419
794772 P2 794772 0.685000
794772 P2 795054 0.315000
794772 X0 794773 0.996214
794772 X0 794772 0.001262
794772 X0 794774 0.001262
794772 X0 794775 0.001262
794773 CX 795049 0.955064
794773 CX 794773 0.006419
794773 CX 795048 0.006419
794773 CX 794772 0.006419
794773 CX 795051 0.006419
794773 CX 794774 0.006419
794773 CX 795050 0.006419
794773 CX 794775 0.006419
794773 P2 794773 0.685000
794773 P2 795333 0.315000
794773 X0 794772 0.996214
794773 X0 794773 0.001262
794773 X0 794775 0.001262
794773 X0 794774 0.001262
794774 CX 794774 0.955064
794774 CX 795051 0.006419
794774 CX 794775 0.006419
794774 CX 795050 0.006419
794774 CX 794773 0.006419
794774 CX 795049 0.006419
794774 CX 794772 0.006419
794774 CX 795048 0.006419
794774 P2 794774 0.685000
794774 P2 795612 0.315000
794774 X0 794775 0.996214
794774 X0 794774 0.001262
794774 X0 794772 0.001262
794774 X0 794773 0.001262
794775 CX 795050 0.955064
794775 CX 794775 0.006419
794775 CX 795051 0.006419
794775 CX 794774 0.006419
794775 CX 795048 0.006419
794775 CX 794772 0.006419
794775 CX 795049 0.006419
794775 CX 794773 0.006419
794775 P2 794775 0.685000
794775 P2 795891 0.315000
794775 X0 794774 0.996214
794775 X0 794775 0.001262
794775 X0 794773 0.001262
794775 X0 794772 0.001262
795048 CX 795048 0.955064
795048 CX 794772 0.006419
795048 CX 795049 0.006419
795048 CX 794773 0.006419
795048 CX 795050 0.006419
795048 CX 794775 0.006419
795048 CX 795051 0.006419
795048 CX 794774 0.006419
795048 P2 796170 0.766000
795048 P2 795048 0.234000
795048 X0 795049 0.996214
795048 X0 795048 0.001262
795048 X0 795051 0.001262
795048 X0 795050 0.001262
795049 CX 794773 0.955064
795049 CX 795049 0.006419
795049 CX 794772 0.006419
795049 CX 795048 0.006419
795049 CX 794774 0.006419
795049 CX 795051 0.006419
795049 CX 794775 0.006419
795049 CX 795050 0.006419
795049 P2 796449 0.766000
795049 P2 795049 0.234000
795049 X0 795048 0.996214
795049 X0 795049 0.001262
795049 X0 795050 0.001262
795049 X0 795051 0.001262
795050 CX 794775 0.955064
795050 CX 795050 0.006419
795050 CX 794774 0.006419
795050 CX 795051 0.006419
795050 CX 794772 0.006419
795050 CX 795048 0.006419
795050 CX 794773 0.006419
795050 CX 795049 0.006419
795050 P2 796728 0.766000
795050 P2 795050 0.234000
795050 X0 795051 0.996214
795050 X0 795050 0.001262
795050 X0 795049 0.001262
795050 X0 795048 0.001262
795051 CX 795051 0.955064
795051 CX 794774 0.006419
795051 CX 795050 0.006419
795051 CX 794775 0.006419
795051 CX 795049 0.006419
795051 CX 794773 0.006419
795051 CX 795048 0.006419
795051 CX 794772 0.006419
795051 P2 797007 0.766000
795051 P2 795051 0.234000
795051 X0 795050 0.996214
795051 X0 795051 0.001262
795051 X0 795048 0.001262
795051 X0 795049 0.001262
795054 CX 795054 0.955064
795054 CX 796170 0.006419
795054 CX 795333 0.006419
795054 CX 796449 0.006419
795054 CX 795891 0.006419
795054 CX 796728 0.006419
795054 CX 795612 0.006419
795054 CX 797007 0.006419
795054 P2 794772 0.685000
795054 P2 795054 0.315000
795054 X0 795333 0.996214
795054 X0 795054 0.001262
795054 X0 795612 0.001262
795054 X0 795891 0.001262
795333 CX 796449 0.955064
795333 CX 795333 0.006419
795333 CX 796170 0.006419
795333 CX 795054 0.006419
795333 CX 797007 0.006419
795333 CX 795612 0.006419
795333 CX 796728 0.006419
795333 CX 795891 0.006419
795333 P2 794773 0.685000
795333 P2 795333 0.315000
795333 X0 795054 0.996214
795333 X0 795333 0.001262
795333 X0 795891 0.001262
795333 X0 795612 0.001262
795612 CX 795612 0.955064
795612 CX 797007 0.006419
795612 CX 795891 0.006419
795612 CX 796728 0.006419
795612 CX 795333 0.006419
795612 CX 796449 0.006419
795612 CX 795054 0.006419
795612 CX 796170 0.006419
795612 P2 794774 0.685000
795612 P2 795612 0.315000
795612 X0 795891 0.996214
795612 X0 795612 0.001262
795612 X0 795054 0.001262
795612 X0 795333 0.001262
795891 CX 796728 0.955064
795891 CX 795891 0.006419
795891 CX 797007 0.006419
795891 CX 795612 0.006419
795891 CX 796170 0.006419
795891 CX 795054 0.006419
795891 CX 796449 0.006419
795891 CX 795333 0.006419
795891 P2 794775 0.685000
795891 P2 795891 0.315000
795891 X0 795612 0.996214
795891 X0 795891 0.001262
795891 X0 795333 0.001262
795891 X0 795054 0.001262
796170 CX 796170 0.955064
796170 CX 795054 0.006419
796170 CX 796449 0.006419
796170 CX 795333 0.006419
796170 CX 796728 0.006419
796170 CX 795891 0.006419
796170 CX 797007 0.006419
796170 CX 795612 0.006419
796170 P2 796170 0.766000
796170 P2 795048 0.234000
796170 X0 796449 0.996214
796170 X0 796170 0.001262
796170 X0 797007 0.001262
796170 X0 796728 0.001262
796449 CX 795333 0.955064
796449 CX 796449 0.006419
796449 CX 795054 0.006419
796449 CX 796170 0.006419
796449 CX 795612 0.006419
796449 CX 797007 0.006419
796449 CX 795891 0.006419
796449 CX 796728 0.006419
796449 P2 796449 0.766000
796449 P2 795049 0.234000
796449 X0 796170 0.996214
796449 X0 796449 0.001262
796449 X0 796728 0.001262
796449 X0 797007 0.001262
796728 CX 795891 0.955064
796728 CX 796728 0.006419
796728 CX 795612 0.006419
796728 CX 797007 0.006419
796728 CX 795054 0.006419
796728 CX 796170 0.006419
796728 CX 795333 0.006419
796728 CX 796449 0.006419
796728 P2 796728 0.766000
796728 P2 795050 0.234000
796728 X0 797007 0.996214
796728 X0 796728 0.001262
796728 X0 796449 0.001262
796728 X0 796170 0.001262
797007 CX 797007 0.955064
797007 CX 795612 0.006419
797007 CX 796728 0.006419
797007 CX 795891 0.006419
797007 CX 796449 0.006419
797007 CX 795333 0.006419
797007 CX 796170 0.006419
797007 CX 795054 0.006419
797007 P2 797007 0.766000
797007 P2 795051 0.234000
797007 X0 796728 0.996214
797007 X0 797007 0.001262
797007 X0 796170 0.001262
797007 X0 796449 0.001262
ENDPOMDP
