BEGINPOMDP
INITIALSTATE: 767981
STATES: 768258,768259,769380,768261,768260,768264,770217,767981,767982,767983,767984,767985,769101,769938,768822,769659,768543
REWARDS: 768258:1.0,768259:0.0,769380:1.0,768261:1.0,768260:0.0,768264:1.0,770217:1.0,767981:0.0,767982:1.0,767983:0.0,767984:1.0,767985:0.0,769101:0.0,769938:0.0,768822:1.0,769659:0.0,768543:0.0
GAMMA: 768258:0,768259:0,769380:1,768261:0,768260:0,768264:1,770217:1,767981:0,767982:0,767983:0,767984:0,767985:0,769101:1,769938:1,768822:1,769659:1,768543:1
BEGINACTIONS
CX
P2
X0
ENDACTIONS
767981 INIT_ 767982 0.250000
767981 INIT_ 767983 0.250000
767981 INIT_ 767984 0.250000
767981 INIT_ 767985 0.250000
767982 CX 767982 0.963423
767982 CX 768258 0.005225
767982 CX 767983 0.005225
767982 CX 768259 0.005225
767982 CX 767985 0.005225
767982 CX 768260 0.005225
767982 CX 767984 0.005225
767982 CX 768261 0.005225
767982 P2 767982 0.994200
767982 P2 768264 0.005800
767982 X0 767983 0.996111
767982 X0 767982 0.001296
767982 X0 767984 0.001296
767982 X0 767985 0.001296
767983 CX 768259 0.963423
767983 CX 767983 0.005225
767983 CX 768258 0.005225
767983 CX 767982 0.005225
767983 CX 768261 0.005225
767983 CX 767984 0.005225
767983 CX 768260 0.005225
767983 CX 767985 0.005225
767983 P2 767983 0.994200
767983 P2 768543 0.005800
767983 X0 767982 0.996111
767983 X0 767983 0.001296
767983 X0 767985 0.001296
767983 X0 767984 0.001296
767984 CX 767984 0.963423
767984 CX 768261 0.005225
767984 CX 767985 0.005225
767984 CX 768260 0.005225
767984 CX 767983 0.005225
767984 CX 768259 0.005225
767984 CX 767982 0.005225
767984 CX 768258 0.005225
767984 P2 767984 0.994200
767984 P2 768822 0.005800
767984 X0 767985 0.996111
767984 X0 767984 0.001296
767984 X0 767982 0.001296
767984 X0 767983 0.001296
767985 CX 768260 0.963423
767985 CX 767985 0.005225
767985 CX 768261 0.005225
767985 CX 767984 0.005225
767985 CX 768258 0.005225
767985 CX 767982 0.005225
767985 CX 768259 0.005225
767985 CX 767983 0.005225
767985 P2 767985 0.994200
767985 P2 769101 0.005800
767985 X0 767984 0.996111
767985 X0 767985 0.001296
767985 X0 767983 0.001296
767985 X0 767982 0.001296
768258 CX 768258 0.963423
768258 CX 767982 0.005225
768258 CX 768259 0.005225
768258 CX 767983 0.005225
768258 CX 768260 0.005225
768258 CX 767985 0.005225
768258 CX 768261 0.005225
768258 CX 767984 0.005225
768258 P2 769380 0.987200
768258 P2 768258 0.012800
768258 X0 768259 0.996111
768258 X0 768258 0.001296
768258 X0 768261 0.001296
768258 X0 768260 0.001296
768259 CX 767983 0.963423
768259 CX 768259 0.005225
768259 CX 767982 0.005225
768259 CX 768258 0.005225
768259 CX 767984 0.005225
768259 CX 768261 0.005225
768259 CX 767985 0.005225
768259 CX 768260 0.005225
768259 P2 769659 0.987200
768259 P2 768259 0.012800
768259 X0 768258 0.996111
768259 X0 768259 0.001296
768259 X0 768260 0.001296
768259 X0 768261 0.001296
768260 CX 767985 0.963423
768260 CX 768260 0.005225
768260 CX 767984 0.005225
768260 CX 768261 0.005225
768260 CX 767982 0.005225
768260 CX 768258 0.005225
768260 CX 767983 0.005225
768260 CX 768259 0.005225
768260 P2 769938 0.987200
768260 P2 768260 0.012800
768260 X0 768261 0.996111
768260 X0 768260 0.001296
768260 X0 768259 0.001296
768260 X0 768258 0.001296
768261 CX 768261 0.963423
768261 CX 767984 0.005225
768261 CX 768260 0.005225
768261 CX 767985 0.005225
768261 CX 768259 0.005225
768261 CX 767983 0.005225
768261 CX 768258 0.005225
768261 CX 767982 0.005225
768261 P2 770217 0.987200
768261 P2 768261 0.012800
768261 X0 768260 0.996111
768261 X0 768261 0.001296
768261 X0 768258 0.001296
768261 X0 768259 0.001296
768264 CX 768264 0.963423
768264 CX 769380 0.005225
768264 CX 768543 0.005225
768264 CX 769659 0.005225
768264 CX 769101 0.005225
768264 CX 769938 0.005225
768264 CX 768822 0.005225
768264 CX 770217 0.005225
768264 P2 767982 0.994200
768264 P2 768264 0.005800
768264 X0 768543 0.996111
768264 X0 768264 0.001296
768264 X0 768822 0.001296
768264 X0 769101 0.001296
768543 CX 769659 0.963423
768543 CX 768543 0.005225
768543 CX 769380 0.005225
768543 CX 768264 0.005225
768543 CX 770217 0.005225
768543 CX 768822 0.005225
768543 CX 769938 0.005225
768543 CX 769101 0.005225
768543 P2 767983 0.994200
768543 P2 768543 0.005800
768543 X0 768264 0.996111
768543 X0 768543 0.001296
768543 X0 769101 0.001296
768543 X0 768822 0.001296
768822 CX 768822 0.963423
768822 CX 770217 0.005225
768822 CX 769101 0.005225
768822 CX 769938 0.005225
768822 CX 768543 0.005225
768822 CX 769659 0.005225
768822 CX 768264 0.005225
768822 CX 769380 0.005225
768822 P2 767984 0.994200
768822 P2 768822 0.005800
768822 X0 769101 0.996111
768822 X0 768822 0.001296
768822 X0 768264 0.001296
768822 X0 768543 0.001296
769101 CX 769938 0.963423
769101 CX 769101 0.005225
769101 CX 770217 0.005225
769101 CX 768822 0.005225
769101 CX 769380 0.005225
769101 CX 768264 0.005225
769101 CX 769659 0.005225
769101 CX 768543 0.005225
769101 P2 767985 0.994200
769101 P2 769101 0.005800
769101 X0 768822 0.996111
769101 X0 769101 0.001296
769101 X0 768543 0.001296
769101 X0 768264 0.001296
769380 CX 769380 0.963423
769380 CX 768264 0.005225
769380 CX 769659 0.005225
769380 CX 768543 0.005225
769380 CX 769938 0.005225
769380 CX 769101 0.005225
769380 CX 770217 0.005225
769380 CX 768822 0.005225
769380 P2 769380 0.987200
769380 P2 768258 0.012800
769380 X0 769659 0.996111
769380 X0 769380 0.001296
769380 X0 770217 0.001296
769380 X0 769938 0.001296
769659 CX 768543 0.963423
769659 CX 769659 0.005225
769659 CX 768264 0.005225
769659 CX 769380 0.005225
769659 CX 768822 0.005225
769659 CX 770217 0.005225
769659 CX 769101 0.005225
769659 CX 769938 0.005225
769659 P2 769659 0.987200
769659 P2 768259 0.012800
769659 X0 769380 0.996111
769659 X0 769659 0.001296
769659 X0 769938 0.001296
769659 X0 770217 0.001296
769938 CX 769101 0.963423
769938 CX 769938 0.005225
769938 CX 768822 0.005225
769938 CX 770217 0.005225
769938 CX 768264 0.005225
769938 CX 769380 0.005225
769938 CX 768543 0.005225
769938 CX 769659 0.005225
769938 P2 769938 0.987200
769938 P2 768260 0.012800
769938 X0 770217 0.996111
769938 X0 769938 0.001296
769938 X0 769659 0.001296
769938 X0 769380 0.001296
770217 CX 770217 0.963423
770217 CX 768822 0.005225
770217 CX 769938 0.005225
770217 CX 769101 0.005225
770217 CX 769659 0.005225
770217 CX 768543 0.005225
770217 CX 769380 0.005225
770217 CX 768264 0.005225
770217 P2 770217 0.987200
770217 P2 768261 0.012800
770217 X0 769938 0.996111
770217 X0 770217 0.001296
770217 X0 769380 0.001296
770217 X0 769659 0.001296
ENDPOMDP
