BEGINPOMDP
INITIALSTATE: 763516
STATES: 763520,765473,764636,764357,765194,764078,763793,763794,764915,763796,763795,763799,765752,763516,763517,763518,763519
REWARDS: 763520:0.0,765473:0.0,764636:0.0,764357:1.0,765194:0.0,764078:0.0,763793:1.0,763794:0.0,764915:1.0,763796:1.0,763795:0.0,763799:1.0,765752:1.0,763516:0.0,763517:1.0,763518:0.0,763519:1.0
GAMMA: 763520:0,765473:1,764636:1,764357:1,765194:1,764078:1,763793:0,763794:0,764915:1,763796:0,763795:0,763799:1,765752:1,763516:0,763517:0,763518:0,763519:0
BEGINACTIONS
CX
P2
X0
ENDACTIONS
763516 INIT_ 763517 0.250000
763516 INIT_ 763518 0.250000
763516 INIT_ 763519 0.250000
763516 INIT_ 763520 0.250000
763517 CX 763517 0.979883
763517 CX 763793 0.002874
763517 CX 763518 0.002874
763517 CX 763794 0.002874
763517 CX 763520 0.002874
763517 CX 763795 0.002874
763517 CX 763519 0.002874
763517 CX 763796 0.002874
763517 P2 763517 0.902200
763517 P2 763799 0.097800
763517 X0 763518 0.999731
763517 X0 763517 0.000090
763517 X0 763519 0.000090
763517 X0 763520 0.000090
763518 CX 763794 0.979883
763518 CX 763518 0.002874
763518 CX 763793 0.002874
763518 CX 763517 0.002874
763518 CX 763796 0.002874
763518 CX 763519 0.002874
763518 CX 763795 0.002874
763518 CX 763520 0.002874
763518 P2 763518 0.902200
763518 P2 764078 0.097800
763518 X0 763517 0.999731
763518 X0 763518 0.000090
763518 X0 763520 0.000090
763518 X0 763519 0.000090
763519 CX 763519 0.979883
763519 CX 763796 0.002874
763519 CX 763520 0.002874
763519 CX 763795 0.002874
763519 CX 763518 0.002874
763519 CX 763794 0.002874
763519 CX 763517 0.002874
763519 CX 763793 0.002874
763519 P2 763519 0.902200
763519 P2 764357 0.097800
763519 X0 763520 0.999731
763519 X0 763519 0.000090
763519 X0 763517 0.000090
763519 X0 763518 0.000090
763520 CX 763795 0.979883
763520 CX 763520 0.002874
763520 CX 763796 0.002874
763520 CX 763519 0.002874
763520 CX 763793 0.002874
763520 CX 763517 0.002874
763520 CX 763794 0.002874
763520 CX 763518 0.002874
763520 P2 763520 0.902200
763520 P2 764636 0.097800
763520 X0 763519 0.999731
763520 X0 763520 0.000090
763520 X0 763518 0.000090
763520 X0 763517 0.000090
763793 CX 763793 0.979883
763793 CX 763517 0.002874
763793 CX 763794 0.002874
763793 CX 763518 0.002874
763793 CX 763795 0.002874
763793 CX 763520 0.002874
763793 CX 763796 0.002874
763793 CX 763519 0.002874
763793 P2 764915 0.861000
763793 P2 763793 0.139000
763793 X0 763794 0.999731
763793 X0 763793 0.000090
763793 X0 763796 0.000090
763793 X0 763795 0.000090
763794 CX 763518 0.979883
763794 CX 763794 0.002874
763794 CX 763517 0.002874
763794 CX 763793 0.002874
763794 CX 763519 0.002874
763794 CX 763796 0.002874
763794 CX 763520 0.002874
763794 CX 763795 0.002874
763794 P2 765194 0.861000
763794 P2 763794 0.139000
763794 X0 763793 0.999731
763794 X0 763794 0.000090
763794 X0 763795 0.000090
763794 X0 763796 0.000090
763795 CX 763520 0.979883
763795 CX 763795 0.002874
763795 CX 763519 0.002874
763795 CX 763796 0.002874
763795 CX 763517 0.002874
763795 CX 763793 0.002874
763795 CX 763518 0.002874
763795 CX 763794 0.002874
763795 P2 765473 0.861000
763795 P2 763795 0.139000
763795 X0 763796 0.999731
763795 X0 763795 0.000090
763795 X0 763794 0.000090
763795 X0 763793 0.000090
763796 CX 763796 0.979883
763796 CX 763519 0.002874
763796 CX 763795 0.002874
763796 CX 763520 0.002874
763796 CX 763794 0.002874
763796 CX 763518 0.002874
763796 CX 763793 0.002874
763796 CX 763517 0.002874
763796 P2 765752 0.861000
763796 P2 763796 0.139000
763796 X0 763795 0.999731
763796 X0 763796 0.000090
763796 X0 763793 0.000090
763796 X0 763794 0.000090
763799 CX 763799 0.979883
763799 CX 764915 0.002874
763799 CX 764078 0.002874
763799 CX 765194 0.002874
763799 CX 764636 0.002874
763799 CX 765473 0.002874
763799 CX 764357 0.002874
763799 CX 765752 0.002874
763799 P2 763517 0.902200
763799 P2 763799 0.097800
763799 X0 764078 0.999731
763799 X0 763799 0.000090
763799 X0 764357 0.000090
763799 X0 764636 0.000090
764078 CX 765194 0.979883
764078 CX 764078 0.002874
764078 CX 764915 0.002874
764078 CX 763799 0.002874
764078 CX 765752 0.002874
764078 CX 764357 0.002874
764078 CX 765473 0.002874
764078 CX 764636 0.002874
764078 P2 763518 0.902200
764078 P2 764078 0.097800
764078 X0 763799 0.999731
764078 X0 764078 0.000090
764078 X0 764636 0.000090
764078 X0 764357 0.000090
764357 CX 764357 0.979883
764357 CX 765752 0.002874
764357 CX 764636 0.002874
764357 CX 765473 0.002874
764357 CX 764078 0.002874
764357 CX 765194 0.002874
764357 CX 763799 0.002874
764357 CX 764915 0.002874
764357 P2 763519 0.902200
764357 P2 764357 0.097800
764357 X0 764636 0.999731
764357 X0 764357 0.000090
764357 X0 763799 0.000090
764357 X0 764078 0.000090
764636 CX 765473 0.979883
764636 CX 764636 0.002874
764636 CX 765752 0.002874
764636 CX 764357 0.002874
764636 CX 764915 0.002874
764636 CX 763799 0.002874
764636 CX 765194 0.002874
764636 CX 764078 0.002874
764636 P2 763520 0.902200
764636 P2 764636 0.097800
764636 X0 764357 0.999731
764636 X0 764636 0.000090
764636 X0 764078 0.000090
764636 X0 763799 0.000090
764915 CX 764915 0.979883
764915 CX 763799 0.002874
764915 CX 765194 0.002874
764915 CX 764078 0.002874
764915 CX 765473 0.002874
764915 CX 764636 0.002874
764915 CX 765752 0.002874
764915 CX 764357 0.002874
764915 P2 764915 0.861000
764915 P2 763793 0.139000
764915 X0 765194 0.999731
764915 X0 764915 0.000090
764915 X0 765752 0.000090
764915 X0 765473 0.000090
765194 CX 764078 0.979883
765194 CX 765194 0.002874
765194 CX 763799 0.002874
765194 CX 764915 0.002874
765194 CX 764357 0.002874
765194 CX 765752 0.002874
765194 CX 764636 0.002874
765194 CX 765473 0.002874
765194 P2 765194 0.861000
765194 P2 763794 0.139000
765194 X0 764915 0.999731
765194 X0 765194 0.000090
765194 X0 765473 0.000090
765194 X0 765752 0.000090
765473 CX 764636 0.979883
765473 CX 765473 0.002874
765473 CX 764357 0.002874
765473 CX 765752 0.002874
765473 CX 763799 0.002874
765473 CX 764915 0.002874
765473 CX 764078 0.002874
765473 CX 765194 0.002874
765473 P2 765473 0.861000
765473 P2 763795 0.139000
765473 X0 765752 0.999731
765473 X0 765473 0.000090
765473 X0 765194 0.000090
765473 X0 764915 0.000090
765752 CX 765752 0.979883
765752 CX 764357 0.002874
765752 CX 765473 0.002874
765752 CX 764636 0.002874
765752 CX 765194 0.002874
765752 CX 764078 0.002874
765752 CX 764915 0.002874
765752 CX 763799 0.002874
765752 P2 765752 0.861000
765752 P2 763796 0.139000
765752 X0 765473 0.999731
765752 X0 765752 0.000090
765752 X0 764915 0.000090
765752 X0 765194 0.000090
ENDPOMDP
