BEGINPOMDP
INITIALSTATE: 178601
STATES: 180000,178881,178880,178884,180837,178601,178602,178603,178604,178605,179721,180558,179442,180279,179163,178878,178879
REWARDS: 180000:1.0,178881:1.0,178880:0.0,178884:1.0,180837:1.0,178601:0.0,178602:1.0,178603:0.0,178604:1.0,178605:0.0,179721:0.0,180558:0.0,179442:1.0,180279:0.0,179163:0.0,178878:1.0,178879:0.0
GAMMA: 180000:1,178881:0,178880:0,178884:1,180837:1,178601:0,178602:0,178603:0,178604:0,178605:0,179721:1,180558:1,179442:1,180279:1,179163:1,178878:0,178879:0
BEGINACTIONS
CX
P2
X0
ENDACTIONS
178601 INIT_ 178602 0.250000
178601 INIT_ 178603 0.250000
178601 INIT_ 178604 0.250000
178601 INIT_ 178605 0.250000
178602 CX 178602 0.981725
178602 CX 178878 0.002611
178602 CX 178603 0.002611
178602 CX 178879 0.002611
178602 CX 178605 0.002611
178602 CX 178880 0.002611
178602 CX 178604 0.002611
178602 CX 178881 0.002611
178602 P2 178602 0.977200
178602 P2 178884 0.022800
178602 X0 178603 0.999707
178602 X0 178602 0.000098
178602 X0 178604 0.000098
178602 X0 178605 0.000098
178603 CX 178879 0.981725
178603 CX 178603 0.002611
178603 CX 178878 0.002611
178603 CX 178602 0.002611
178603 CX 178881 0.002611
178603 CX 178604 0.002611
178603 CX 178880 0.002611
178603 CX 178605 0.002611
178603 P2 178603 0.977200
178603 P2 179163 0.022800
178603 X0 178602 0.999707
178603 X0 178603 0.000098
178603 X0 178605 0.000098
178603 X0 178604 0.000098
178604 CX 178604 0.981725
178604 CX 178881 0.002611
178604 CX 178605 0.002611
178604 CX 178880 0.002611
178604 CX 178603 0.002611
178604 CX 178879 0.002611
178604 CX 178602 0.002611
178604 CX 178878 0.002611
178604 P2 178604 0.977200
178604 P2 179442 0.022800
178604 X0 178605 0.999707
178604 X0 178604 0.000098
178604 X0 178602 0.000098
178604 X0 178603 0.000098
178605 CX 178880 0.981725
178605 CX 178605 0.002611
178605 CX 178881 0.002611
178605 CX 178604 0.002611
178605 CX 178878 0.002611
178605 CX 178602 0.002611
178605 CX 178879 0.002611
178605 CX 178603 0.002611
178605 P2 178605 0.977200
178605 P2 179721 0.022800
178605 X0 178604 0.999707
178605 X0 178605 0.000098
178605 X0 178603 0.000098
178605 X0 178602 0.000098
178878 CX 178878 0.981725
178878 CX 178602 0.002611
178878 CX 178879 0.002611
178878 CX 178603 0.002611
178878 CX 178880 0.002611
178878 CX 178605 0.002611
178878 CX 178881 0.002611
178878 CX 178604 0.002611
178878 P2 180000 0.980600
178878 P2 178878 0.019400
178878 X0 178879 0.999707
178878 X0 178878 0.000098
178878 X0 178881 0.000098
178878 X0 178880 0.000098
178879 CX 178603 0.981725
178879 CX 178879 0.002611
178879 CX 178602 0.002611
178879 CX 178878 0.002611
178879 CX 178604 0.002611
178879 CX 178881 0.002611
178879 CX 178605 0.002611
178879 CX 178880 0.002611
178879 P2 180279 0.980600
178879 P2 178879 0.019400
178879 X0 178878 0.999707
178879 X0 178879 0.000098
178879 X0 178880 0.000098
178879 X0 178881 0.000098
178880 CX 178605 0.981725
178880 CX 178880 0.002611
178880 CX 178604 0.002611
178880 CX 178881 0.002611
178880 CX 178602 0.002611
178880 CX 178878 0.002611
178880 CX 178603 0.002611
178880 CX 178879 0.002611
178880 P2 180558 0.980600
178880 P2 178880 0.019400
178880 X0 178881 0.999707
178880 X0 178880 0.000098
178880 X0 178879 0.000098
178880 X0 178878 0.000098
178881 CX 178881 0.981725
178881 CX 178604 0.002611
178881 CX 178880 0.002611
178881 CX 178605 0.002611
178881 CX 178879 0.002611
178881 CX 178603 0.002611
178881 CX 178878 0.002611
178881 CX 178602 0.002611
178881 P2 180837 0.980600
178881 P2 178881 0.019400
178881 X0 178880 0.999707
178881 X0 178881 0.000098
178881 X0 178878 0.000098
178881 X0 178879 0.000098
178884 CX 178884 0.981725
178884 CX 180000 0.002611
178884 CX 179163 0.002611
178884 CX 180279 0.002611
178884 CX 179721 0.002611
178884 CX 180558 0.002611
178884 CX 179442 0.002611
178884 CX 180837 0.002611
178884 P2 178602 0.977200
178884 P2 178884 0.022800
178884 X0 179163 0.999707
178884 X0 178884 0.000098
178884 X0 179442 0.000098
178884 X0 179721 0.000098
179163 CX 180279 0.981725
179163 CX 179163 0.002611
179163 CX 180000 0.002611
179163 CX 178884 0.002611
179163 CX 180837 0.002611
179163 CX 179442 0.002611
179163 CX 180558 0.002611
179163 CX 179721 0.002611
179163 P2 178603 0.977200
179163 P2 179163 0.022800
179163 X0 178884 0.999707
179163 X0 179163 0.000098
179163 X0 179721 0.000098
179163 X0 179442 0.000098
179442 CX 179442 0.981725
179442 CX 180837 0.002611
179442 CX 179721 0.002611
179442 CX 180558 0.002611
179442 CX 179163 0.002611
179442 CX 180279 0.002611
179442 CX 178884 0.002611
179442 CX 180000 0.002611
179442 P2 178604 0.977200
179442 P2 179442 0.022800
179442 X0 179721 0.999707
179442 X0 179442 0.000098
179442 X0 178884 0.000098
179442 X0 179163 0.000098
179721 CX 180558 0.981725
179721 CX 179721 0.002611
179721 CX 180837 0.002611
179721 CX 179442 0.002611
179721 CX 180000 0.002611
179721 CX 178884 0.002611
179721 CX 180279 0.002611
179721 CX 179163 0.002611
179721 P2 178605 0.977200
179721 P2 179721 0.022800
179721 X0 179442 0.999707
179721 X0 179721 0.000098
179721 X0 179163 0.000098
179721 X0 178884 0.000098
180000 CX 180000 0.981725
180000 CX 178884 0.002611
180000 CX 180279 0.002611
180000 CX 179163 0.002611
180000 CX 180558 0.002611
180000 CX 179721 0.002611
180000 CX 180837 0.002611
180000 CX 179442 0.002611
180000 P2 180000 0.980600
180000 P2 178878 0.019400
180000 X0 180279 0.999707
180000 X0 180000 0.000098
180000 X0 180837 0.000098
180000 X0 180558 0.000098
180279 CX 179163 0.981725
180279 CX 180279 0.002611
180279 CX 178884 0.002611
180279 CX 180000 0.002611
180279 CX 179442 0.002611
180279 CX 180837 0.002611
180279 CX 179721 0.002611
180279 CX 180558 0.002611
180279 P2 180279 0.980600
180279 P2 178879 0.019400
180279 X0 180000 0.999707
180279 X0 180279 0.000098
180279 X0 180558 0.000098
180279 X0 180837 0.000098
180558 CX 179721 0.981725
180558 CX 180558 0.002611
180558 CX 179442 0.002611
180558 CX 180837 0.002611
180558 CX 178884 0.002611
180558 CX 180000 0.002611
180558 CX 179163 0.002611
180558 CX 180279 0.002611
180558 P2 180558 0.980600
180558 P2 178880 0.019400
180558 X0 180837 0.999707
180558 X0 180558 0.000098
180558 X0 180279 0.000098
180558 X0 180000 0.000098
180837 CX 180837 0.981725
180837 CX 179442 0.002611
180837 CX 180558 0.002611
180837 CX 179721 0.002611
180837 CX 180279 0.002611
180837 CX 179163 0.002611
180837 CX 180000 0.002611
180837 CX 178884 0.002611
180837 P2 180837 0.980600
180837 P2 178881 0.019400
180837 X0 180558 0.999707
180837 X0 180837 0.000098
180837 X0 180000 0.000098
180837 X0 180279 0.000098
ENDPOMDP
