BEGINPOMDP
INITIALSTATE: 232181
STATES: 234138,233859,232743,232458,232459,233580,232461,232460,232464,234417,232181,232182,232183,232184,232185,233301,233022
REWARDS: 234138:0.0,233859:0.0,232743:0.0,232458:1.0,232459:0.0,233580:1.0,232461:1.0,232460:0.0,232464:1.0,234417:1.0,232181:0.0,232182:1.0,232183:0.0,232184:1.0,232185:0.0,233301:0.0,233022:1.0
GAMMA: 234138:1,233859:1,232743:1,232458:0,232459:0,233580:1,232461:0,232460:0,232464:1,234417:1,232181:0,232182:0,232183:0,232184:0,232185:0,233301:1,233022:1
BEGINACTIONS
CX
P2
X0
ENDACTIONS
232181 INIT_ 232182 0.250000
232181 INIT_ 232183 0.250000
232181 INIT_ 232184 0.250000
232181 INIT_ 232185 0.250000
232182 CX 232182 0.963423
232182 CX 232458 0.005225
232182 CX 232183 0.005225
232182 CX 232459 0.005225
232182 CX 232185 0.005225
232182 CX 232460 0.005225
232182 CX 232184 0.005225
232182 CX 232461 0.005225
232182 P2 232182 0.994200
232182 P2 232464 0.005800
232182 X0 232183 0.996111
232182 X0 232182 0.001296
232182 X0 232184 0.001296
232182 X0 232185 0.001296
232183 CX 232459 0.963423
232183 CX 232183 0.005225
232183 CX 232458 0.005225
232183 CX 232182 0.005225
232183 CX 232461 0.005225
232183 CX 232184 0.005225
232183 CX 232460 0.005225
232183 CX 232185 0.005225
232183 P2 232183 0.994200
232183 P2 232743 0.005800
232183 X0 232182 0.996111
232183 X0 232183 0.001296
232183 X0 232185 0.001296
232183 X0 232184 0.001296
232184 CX 232184 0.963423
232184 CX 232461 0.005225
232184 CX 232185 0.005225
232184 CX 232460 0.005225
232184 CX 232183 0.005225
232184 CX 232459 0.005225
232184 CX 232182 0.005225
232184 CX 232458 0.005225
232184 P2 232184 0.994200
232184 P2 233022 0.005800
232184 X0 232185 0.996111
232184 X0 232184 0.001296
232184 X0 232182 0.001296
232184 X0 232183 0.001296
232185 CX 232460 0.963423
232185 CX 232185 0.005225
232185 CX 232461 0.005225
232185 CX 232184 0.005225
232185 CX 232458 0.005225
232185 CX 232182 0.005225
232185 CX 232459 0.005225
232185 CX 232183 0.005225
232185 P2 232185 0.994200
232185 P2 233301 0.005800
232185 X0 232184 0.996111
232185 X0 232185 0.001296
232185 X0 232183 0.001296
232185 X0 232182 0.001296
232458 CX 232458 0.963423
232458 CX 232182 0.005225
232458 CX 232459 0.005225
232458 CX 232183 0.005225
232458 CX 232460 0.005225
232458 CX 232185 0.005225
232458 CX 232461 0.005225
232458 CX 232184 0.005225
232458 P2 233580 0.987200
232458 P2 232458 0.012800
232458 X0 232459 0.996111
232458 X0 232458 0.001296
232458 X0 232461 0.001296
232458 X0 232460 0.001296
232459 CX 232183 0.963423
232459 CX 232459 0.005225
232459 CX 232182 0.005225
232459 CX 232458 0.005225
232459 CX 232184 0.005225
232459 CX 232461 0.005225
232459 CX 232185 0.005225
232459 CX 232460 0.005225
232459 P2 233859 0.987200
232459 P2 232459 0.012800
232459 X0 232458 0.996111
232459 X0 232459 0.001296
232459 X0 232460 0.001296
232459 X0 232461 0.001296
232460 CX 232185 0.963423
232460 CX 232460 0.005225
232460 CX 232184 0.005225
232460 CX 232461 0.005225
232460 CX 232182 0.005225
232460 CX 232458 0.005225
232460 CX 232183 0.005225
232460 CX 232459 0.005225
232460 P2 234138 0.987200
232460 P2 232460 0.012800
232460 X0 232461 0.996111
232460 X0 232460 0.001296
232460 X0 232459 0.001296
232460 X0 232458 0.001296
232461 CX 232461 0.963423
232461 CX 232184 0.005225
232461 CX 232460 0.005225
232461 CX 232185 0.005225
232461 CX 232459 0.005225
232461 CX 232183 0.005225
232461 CX 232458 0.005225
232461 CX 232182 0.005225
232461 P2 234417 0.987200
232461 P2 232461 0.012800
232461 X0 232460 0.996111
232461 X0 232461 0.001296
232461 X0 232458 0.001296
232461 X0 232459 0.001296
232464 CX 232464 0.963423
232464 CX 233580 0.005225
232464 CX 232743 0.005225
232464 CX 233859 0.005225
232464 CX 233301 0.005225
232464 CX 234138 0.005225
232464 CX 233022 0.005225
232464 CX 234417 0.005225
232464 P2 232182 0.994200
232464 P2 232464 0.005800
232464 X0 232743 0.996111
232464 X0 232464 0.001296
232464 X0 233022 0.001296
232464 X0 233301 0.001296
232743 CX 233859 0.963423
232743 CX 232743 0.005225
232743 CX 233580 0.005225
232743 CX 232464 0.005225
232743 CX 234417 0.005225
232743 CX 233022 0.005225
232743 CX 234138 0.005225
232743 CX 233301 0.005225
232743 P2 232183 0.994200
232743 P2 232743 0.005800
232743 X0 232464 0.996111
232743 X0 232743 0.001296
232743 X0 233301 0.001296
232743 X0 233022 0.001296
233022 CX 233022 0.963423
233022 CX 234417 0.005225
233022 CX 233301 0.005225
233022 CX 234138 0.005225
233022 CX 232743 0.005225
233022 CX 233859 0.005225
233022 CX 232464 0.005225
233022 CX 233580 0.005225
233022 P2 232184 0.994200
233022 P2 233022 0.005800
233022 X0 233301 0.996111
233022 X0 233022 0.001296
233022 X0 232464 0.001296
233022 X0 232743 0.001296
233301 CX 234138 0.963423
233301 CX 233301 0.005225
233301 CX 234417 0.005225
233301 CX 233022 0.005225
233301 CX 233580 0.005225
233301 CX 232464 0.005225
233301 CX 233859 0.005225
233301 CX 232743 0.005225
233301 P2 232185 0.994200
233301 P2 233301 0.005800
233301 X0 233022 0.996111
233301 X0 233301 0.001296
233301 X0 232743 0.001296
233301 X0 232464 0.001296
233580 CX 233580 0.963423
233580 CX 232464 0.005225
233580 CX 233859 0.005225
233580 CX 232743 0.005225
233580 CX 234138 0.005225
233580 CX 233301 0.005225
233580 CX 234417 0.005225
233580 CX 233022 0.005225
233580 P2 233580 0.987200
233580 P2 232458 0.012800
233580 X0 233859 0.996111
233580 X0 233580 0.001296
233580 X0 234417 0.001296
233580 X0 234138 0.001296
233859 CX 232743 0.963423
233859 CX 233859 0.005225
233859 CX 232464 0.005225
233859 CX 233580 0.005225
233859 CX 233022 0.005225
233859 CX 234417 0.005225
233859 CX 233301 0.005225
233859 CX 234138 0.005225
233859 P2 233859 0.987200
233859 P2 232459 0.012800
233859 X0 233580 0.996111
233859 X0 233859 0.001296
233859 X0 234138 0.001296
233859 X0 234417 0.001296
234138 CX 233301 0.963423
234138 CX 234138 0.005225
234138 CX 233022 0.005225
234138 CX 234417 0.005225
234138 CX 232464 0.005225
234138 CX 233580 0.005225
234138 CX 232743 0.005225
234138 CX 233859 0.005225
234138 P2 234138 0.987200
234138 P2 232460 0.012800
234138 X0 234417 0.996111
234138 X0 234138 0.001296
234138 X0 233859 0.001296
234138 X0 233580 0.001296
234417 CX 234417 0.963423
234417 CX 233022 0.005225
234417 CX 234138 0.005225
234417 CX 233301 0.005225
234417 CX 233859 0.005225
234417 CX 232743 0.005225
234417 CX 233580 0.005225
234417 CX 232464 0.005225
234417 P2 234417 0.987200
234417 P2 232461 0.012800
234417 X0 234138 0.996111
234417 X0 234417 0.001296
234417 X0 233580 0.001296
234417 X0 233859 0.001296
ENDPOMDP
