BEGINPOMDP
INITIALSTATE: 669751
STATES: 670592,671429,670871,670313,670028,670029,671150,670031,670030,670034,671987,669751,669752,669753,669754,669755,671708
REWARDS: 670592:1.0,671429:0.0,670871:0.0,670313:0.0,670028:1.0,670029:0.0,671150:1.0,670031:1.0,670030:0.0,670034:1.0,671987:1.0,669751:0.0,669752:1.0,669753:0.0,669754:1.0,669755:0.0,671708:0.0
GAMMA: 670592:1,671429:1,670871:1,670313:1,670028:0,670029:0,671150:1,670031:0,670030:0,670034:1,671987:1,669751:0,669752:0,669753:0,669754:0,669755:0,671708:1
BEGINACTIONS
CX
P2
X0
ENDACTIONS
669751 INIT_ 669752 0.250000
669751 INIT_ 669753 0.250000
669751 INIT_ 669754 0.250000
669751 INIT_ 669755 0.250000
669752 CX 669752 0.981339
669752 CX 670028 0.002666
669752 CX 669753 0.002666
669752 CX 670029 0.002666
669752 CX 669755 0.002666
669752 CX 670030 0.002666
669752 CX 669754 0.002666
669752 CX 670031 0.002666
669752 P2 669752 0.997000
669752 P2 670034 0.003000
669752 X0 669753 0.999677
669752 X0 669752 0.000108
669752 X0 669754 0.000108
669752 X0 669755 0.000108
669753 CX 670029 0.981339
669753 CX 669753 0.002666
669753 CX 670028 0.002666
669753 CX 669752 0.002666
669753 CX 670031 0.002666
669753 CX 669754 0.002666
669753 CX 670030 0.002666
669753 CX 669755 0.002666
669753 P2 669753 0.997000
669753 P2 670313 0.003000
669753 X0 669752 0.999677
669753 X0 669753 0.000108
669753 X0 669755 0.000108
669753 X0 669754 0.000108
669754 CX 669754 0.981339
669754 CX 670031 0.002666
669754 CX 669755 0.002666
669754 CX 670030 0.002666
669754 CX 669753 0.002666
669754 CX 670029 0.002666
669754 CX 669752 0.002666
669754 CX 670028 0.002666
669754 P2 669754 0.997000
669754 P2 670592 0.003000
669754 X0 669755 0.999677
669754 X0 669754 0.000108
669754 X0 669752 0.000108
669754 X0 669753 0.000108
669755 CX 670030 0.981339
669755 CX 669755 0.002666
669755 CX 670031 0.002666
669755 CX 669754 0.002666
669755 CX 670028 0.002666
669755 CX 669752 0.002666
669755 CX 670029 0.002666
669755 CX 669753 0.002666
669755 P2 669755 0.997000
669755 P2 670871 0.003000
669755 X0 669754 0.999677
669755 X0 669755 0.000108
669755 X0 669753 0.000108
669755 X0 669752 0.000108
670028 CX 670028 0.981339
670028 CX 669752 0.002666
670028 CX 670029 0.002666
670028 CX 669753 0.002666
670028 CX 670030 0.002666
670028 CX 669755 0.002666
670028 CX 670031 0.002666
670028 CX 669754 0.002666
670028 P2 671150 0.993200
670028 P2 670028 0.006800
670028 X0 670029 0.999677
670028 X0 670028 0.000108
670028 X0 670031 0.000108
670028 X0 670030 0.000108
670029 CX 669753 0.981339
670029 CX 670029 0.002666
670029 CX 669752 0.002666
670029 CX 670028 0.002666
670029 CX 669754 0.002666
670029 CX 670031 0.002666
670029 CX 669755 0.002666
670029 CX 670030 0.002666
670029 P2 671429 0.993200
670029 P2 670029 0.006800
670029 X0 670028 0.999677
670029 X0 670029 0.000108
670029 X0 670030 0.000108
670029 X0 670031 0.000108
670030 CX 669755 0.981339
670030 CX 670030 0.002666
670030 CX 669754 0.002666
670030 CX 670031 0.002666
670030 CX 669752 0.002666
670030 CX 670028 0.002666
670030 CX 669753 0.002666
670030 CX 670029 0.002666
670030 P2 671708 0.993200
670030 P2 670030 0.006800
670030 X0 670031 0.999677
670030 X0 670030 0.000108
670030 X0 670029 0.000108
670030 X0 670028 0.000108
670031 CX 670031 0.981339
670031 CX 669754 0.002666
670031 CX 670030 0.002666
670031 CX 669755 0.002666
670031 CX 670029 0.002666
670031 CX 669753 0.002666
670031 CX 670028 0.002666
670031 CX 669752 0.002666
670031 P2 671987 0.993200
670031 P2 670031 0.006800
670031 X0 670030 0.999677
670031 X0 670031 0.000108
670031 X0 670028 0.000108
670031 X0 670029 0.000108
670034 CX 670034 0.981339
670034 CX 671150 0.002666
670034 CX 670313 0.002666
670034 CX 671429 0.002666
670034 CX 670871 0.002666
670034 CX 671708 0.002666
670034 CX 670592 0.002666
670034 CX 671987 0.002666
670034 P2 669752 0.997000
670034 P2 670034 0.003000
670034 X0 670313 0.999677
670034 X0 670034 0.000108
670034 X0 670592 0.000108
670034 X0 670871 0.000108
670313 CX 671429 0.981339
670313 CX 670313 0.002666
670313 CX 671150 0.002666
670313 CX 670034 0.002666
670313 CX 671987 0.002666
670313 CX 670592 0.002666
670313 CX 671708 0.002666
670313 CX 670871 0.002666
670313 P2 669753 0.997000
670313 P2 670313 0.003000
670313 X0 670034 0.999677
670313 X0 670313 0.000108
670313 X0 670871 0.000108
670313 X0 670592 0.000108
670592 CX 670592 0.981339
670592 CX 671987 0.002666
670592 CX 670871 0.002666
670592 CX 671708 0.002666
670592 CX 670313 0.002666
670592 CX 671429 0.002666
670592 CX 670034 0.002666
670592 CX 671150 0.002666
670592 P2 669754 0.997000
670592 P2 670592 0.003000
670592 X0 670871 0.999677
670592 X0 670592 0.000108
670592 X0 670034 0.000108
670592 X0 670313 0.000108
670871 CX 671708 0.981339
670871 CX 670871 0.002666
670871 CX 671987 0.002666
670871 CX 670592 0.002666
670871 CX 671150 0.002666
670871 CX 670034 0.002666
670871 CX 671429 0.002666
670871 CX 670313 0.002666
670871 P2 669755 0.997000
670871 P2 670871 0.003000
670871 X0 670592 0.999677
670871 X0 670871 0.000108
670871 X0 670313 0.000108
670871 X0 670034 0.000108
671150 CX 671150 0.981339
671150 CX 670034 0.002666
671150 CX 671429 0.002666
671150 CX 670313 0.002666
671150 CX 671708 0.002666
671150 CX 670871 0.002666
671150 CX 671987 0.002666
671150 CX 670592 0.002666
671150 P2 671150 0.993200
671150 P2 670028 0.006800
671150 X0 671429 0.999677
671150 X0 671150 0.000108
671150 X0 671987 0.000108
671150 X0 671708 0.000108
671429 CX 670313 0.981339
671429 CX 671429 0.002666
671429 CX 670034 0.002666
671429 CX 671150 0.002666
671429 CX 670592 0.002666
671429 CX 671987 0.002666
671429 CX 670871 0.002666
671429 CX 671708 0.002666
671429 P2 671429 0.993200
671429 P2 670029 0.006800
671429 X0 671150 0.999677
671429 X0 671429 0.000108
671429 X0 671708 0.000108
671429 X0 671987 0.000108
671708 CX 670871 0.981339
671708 CX 671708 0.002666
671708 CX 670592 0.002666
671708 CX 671987 0.002666
671708 CX 670034 0.002666
671708 CX 671150 0.002666
671708 CX 670313 0.002666
671708 CX 671429 0.002666
671708 P2 671708 0.993200
671708 P2 670030 0.006800
671708 X0 671987 0.999677
671708 X0 671708 0.000108
671708 X0 671429 0.000108
671708 X0 671150 0.000108
671987 CX 671987 0.981339
671987 CX 670592 0.002666
671987 CX 671708 0.002666
671987 CX 670871 0.002666
671987 CX 671429 0.002666
671987 CX 670313 0.002666
671987 CX 671150 0.002666
671987 CX 670034 0.002666
671987 P2 671987 0.993200
671987 P2 670031 0.006800
671987 X0 671708 0.999677
671987 X0 671987 0.000108
671987 X0 671150 0.000108
671987 X0 671429 0.000108
ENDPOMDP
