BEGINPOMDP
INITIALSTATE: 9325018
STATES: 9325025,9326103,9325022,9327707,9327708,9326640,9325556,9325557,9325558,9325559,9327709,9327710,9325018,9325019,9325020,9325021,9325566
REWARDS: 9325025:1.0,9326103:0.0,9325022:0.0,9327707:1.0,9327708:1.0,9326640:0.0,9325556:1.0,9325557:1.0,9325558:0.0,9325559:0.0,9327709:0.0,9327710:0.0,9325018:0.0,9325019:1.0,9325020:1.0,9325021:0.0,9325566:1.0
GAMMA: 9325025:1,9326103:1,9325022:0,9327707:1,9327708:1,9326640:1,9325556:0,9325557:0,9325558:0,9325559:0,9327709:1,9327710:1,9325018:0,9325019:0,9325020:0,9325021:0,9325566:1
BEGINACTIONS
P2
Z0
H
X2
ENDACTIONS
9325018 INIT_ 9325019 0.250000
9325018 INIT_ 9325020 0.250000
9325018 INIT_ 9325021 0.250000
9325018 INIT_ 9325022 0.250000
9325019 P2 9325019 0.980800
9325019 P2 9325025 0.019200
9325019 Z0 9325021 1.000000
9325019 H 9325019 0.901357
9325019 H 9325020 0.014092
9325019 H 9325022 0.014092
9325019 H 9325021 0.014092
9325019 H 9325556 0.014092
9325019 H 9325557 0.014092
9325019 H 9325558 0.014092
9325019 H 9325559 0.014092
9325019 X2 9325556 0.997212
9325019 X2 9325019 0.002788
9325020 P2 9325020 0.980800
9325020 P2 9325566 0.019200
9325020 Z0 9325022 1.000000
9325020 H 9325020 0.901357
9325020 H 9325019 0.014092
9325020 H 9325021 0.014092
9325020 H 9325022 0.014092
9325020 H 9325557 0.014092
9325020 H 9325556 0.014092
9325020 H 9325559 0.014092
9325020 H 9325558 0.014092
9325020 X2 9325557 0.997212
9325020 X2 9325020 0.002788
9325021 P2 9325021 0.980800
9325021 P2 9326103 0.019200
9325021 Z0 9325019 1.000000
9325021 H 9325559 0.901357
9325021 H 9325558 0.014092
9325021 H 9325557 0.014092
9325021 H 9325556 0.014092
9325021 H 9325021 0.014092
9325021 H 9325022 0.014092
9325021 H 9325020 0.014092
9325021 H 9325019 0.014092
9325021 X2 9325559 0.997212
9325021 X2 9325021 0.002788
9325022 P2 9325022 0.980800
9325022 P2 9326640 0.019200
9325022 Z0 9325020 1.000000
9325022 H 9325558 0.901357
9325022 H 9325559 0.014092
9325022 H 9325556 0.014092
9325022 H 9325557 0.014092
9325022 H 9325022 0.014092
9325022 H 9325021 0.014092
9325022 H 9325019 0.014092
9325022 H 9325020 0.014092
9325022 X2 9325558 0.997212
9325022 X2 9325022 0.002788
9325025 P2 9325019 0.980800
9325025 P2 9325025 0.019200
9325025 Z0 9326103 1.000000
9325025 H 9325025 0.901357
9325025 H 9325566 0.014092
9325025 H 9326640 0.014092
9325025 H 9326103 0.014092
9325025 H 9327707 0.014092
9325025 H 9327708 0.014092
9325025 H 9327709 0.014092
9325025 H 9327710 0.014092
9325025 X2 9327707 0.997212
9325025 X2 9325025 0.002788
9325556 P2 9327707 0.903600
9325556 P2 9325556 0.096400
9325556 Z0 9325559 1.000000
9325556 H 9325556 0.901357
9325556 H 9325557 0.014092
9325556 H 9325558 0.014092
9325556 H 9325559 0.014092
9325556 H 9325019 0.014092
9325556 H 9325020 0.014092
9325556 H 9325022 0.014092
9325556 H 9325021 0.014092
9325556 X2 9325019 0.997212
9325556 X2 9325556 0.002788
9325557 P2 9327708 0.903600
9325557 P2 9325557 0.096400
9325557 Z0 9325558 1.000000
9325557 H 9325557 0.901357
9325557 H 9325556 0.014092
9325557 H 9325559 0.014092
9325557 H 9325558 0.014092
9325557 H 9325020 0.014092
9325557 H 9325019 0.014092
9325557 H 9325021 0.014092
9325557 H 9325022 0.014092
9325557 X2 9325020 0.997212
9325557 X2 9325557 0.002788
9325558 P2 9327709 0.903600
9325558 P2 9325558 0.096400
9325558 Z0 9325557 1.000000
9325558 H 9325022 0.901357
9325558 H 9325021 0.014092
9325558 H 9325019 0.014092
9325558 H 9325020 0.014092
9325558 H 9325558 0.014092
9325558 H 9325559 0.014092
9325558 H 9325556 0.014092
9325558 H 9325557 0.014092
9325558 X2 9325022 0.997212
9325558 X2 9325558 0.002788
9325559 P2 9327710 0.903600
9325559 P2 9325559 0.096400
9325559 Z0 9325556 1.000000
9325559 H 9325021 0.901357
9325559 H 9325022 0.014092
9325559 H 9325020 0.014092
9325559 H 9325019 0.014092
9325559 H 9325559 0.014092
9325559 H 9325558 0.014092
9325559 H 9325557 0.014092
9325559 H 9325556 0.014092
9325559 X2 9325021 0.997212
9325559 X2 9325559 0.002788
9325566 P2 9325020 0.980800
9325566 P2 9325566 0.019200
9325566 Z0 9326640 1.000000
9325566 H 9325566 0.901357
9325566 H 9325025 0.014092
9325566 H 9326103 0.014092
9325566 H 9326640 0.014092
9325566 H 9327708 0.014092
9325566 H 9327707 0.014092
9325566 H 9327710 0.014092
9325566 H 9327709 0.014092
9325566 X2 9327708 0.997212
9325566 X2 9325566 0.002788
9326103 P2 9325021 0.980800
9326103 P2 9326103 0.019200
9326103 Z0 9325025 1.000000
9326103 H 9327710 0.901357
9326103 H 9327709 0.014092
9326103 H 9327708 0.014092
9326103 H 9327707 0.014092
9326103 H 9326103 0.014092
9326103 H 9326640 0.014092
9326103 H 9325566 0.014092
9326103 H 9325025 0.014092
9326103 X2 9327710 0.997212
9326103 X2 9326103 0.002788
9326640 P2 9325022 0.980800
9326640 P2 9326640 0.019200
9326640 Z0 9325566 1.000000
9326640 H 9327709 0.901357
9326640 H 9327710 0.014092
9326640 H 9327707 0.014092
9326640 H 9327708 0.014092
9326640 H 9326640 0.014092
9326640 H 9326103 0.014092
9326640 H 9325025 0.014092
9326640 H 9325566 0.014092
9326640 X2 9327709 0.997212
9326640 X2 9326640 0.002788
9327707 P2 9327707 0.903600
9327707 P2 9325556 0.096400
9327707 Z0 9327710 1.000000
9327707 H 9327707 0.901357
9327707 H 9327708 0.014092
9327707 H 9327709 0.014092
9327707 H 9327710 0.014092
9327707 H 9325025 0.014092
9327707 H 9325566 0.014092
9327707 H 9326640 0.014092
9327707 H 9326103 0.014092
9327707 X2 9325025 0.997212
9327707 X2 9327707 0.002788
9327708 P2 9327708 0.903600
9327708 P2 9325557 0.096400
9327708 Z0 9327709 1.000000
9327708 H 9327708 0.901357
9327708 H 9327707 0.014092
9327708 H 9327710 0.014092
9327708 H 9327709 0.014092
9327708 H 9325566 0.014092
9327708 H 9325025 0.014092
9327708 H 9326103 0.014092
9327708 H 9326640 0.014092
9327708 X2 9325566 0.997212
9327708 X2 9327708 0.002788
9327709 P2 9327709 0.903600
9327709 P2 9325558 0.096400
9327709 Z0 9327708 1.000000
9327709 H 9326640 0.901357
9327709 H 9326103 0.014092
9327709 H 9325025 0.014092
9327709 H 9325566 0.014092
9327709 H 9327709 0.014092
9327709 H 9327710 0.014092
9327709 H 9327707 0.014092
9327709 H 9327708 0.014092
9327709 X2 9326640 0.997212
9327709 X2 9327709 0.002788
9327710 P2 9327710 0.903600
9327710 P2 9325559 0.096400
9327710 Z0 9327707 1.000000
9327710 H 9326103 0.901357
9327710 H 9326640 0.014092
9327710 H 9325566 0.014092
9327710 H 9325025 0.014092
9327710 H 9327710 0.014092
9327710 H 9327709 0.014092
9327710 H 9327708 0.014092
9327710 H 9327707 0.014092
9327710 X2 9326103 0.997212
9327710 X2 9327710 0.002788
ENDPOMDP
