BEGINPOMDP
INITIALSTATE: 7031016
STATES: 7082724,7082725,7082726,7082727,7031016,7031017,7031018,7031019,7031020,7031023,7041361,7041362,7041363,7041364,7041367,7051707,7062047
REWARDS: 7082724:1.0,7082725:1.0,7082726:0.0,7082727:0.0,7031016:0.0,7031017:1.0,7031018:1.0,7031019:0.0,7031020:0.0,7031023:1.0,7041361:1.0,7041362:1.0,7041363:0.0,7041364:0.0,7041367:1.0,7051707:0.0,7062047:0.0
GAMMA: 7082724:1,7082725:1,7082726:1,7082727:1,7031016:0,7031017:0,7031018:0,7031019:0,7031020:0,7031023:1,7041361:0,7041362:0,7041363:0,7041364:0,7041367:1,7051707:1,7062047:1
BEGINACTIONS
P2
Z0
H
ENDACTIONS
7031016 INIT_ 7031017 0.250000
7031016 INIT_ 7031018 0.250000
7031016 INIT_ 7031019 0.250000
7031016 INIT_ 7031020 0.250000
7031017 P2 7031017 0.685000
7031017 P2 7031023 0.315000
7031017 Z0 7031019 0.992447
7031017 Z0 7031020 0.002518
7031017 Z0 7031018 0.002518
7031017 Z0 7031017 0.002518
7031017 H 7031017 0.952940
7031017 H 7041361 0.008543
7031017 H 7031018 0.006419
7031017 H 7041362 0.006419
7031017 H 7031020 0.006419
7031017 H 7041363 0.006419
7031017 H 7031019 0.006419
7031017 H 7041364 0.006419
7031018 P2 7031018 0.685000
7031018 P2 7041367 0.315000
7031018 Z0 7031020 0.992447
7031018 Z0 7031019 0.002518
7031018 Z0 7031017 0.002518
7031018 Z0 7031018 0.002518
7031018 H 7031018 0.952940
7031018 H 7041362 0.008543
7031018 H 7031017 0.006419
7031018 H 7041361 0.006419
7031018 H 7031019 0.006419
7031018 H 7041364 0.006419
7031018 H 7031020 0.006419
7031018 H 7041363 0.006419
7031019 P2 7031019 0.685000
7031019 P2 7051707 0.315000
7031019 Z0 7031017 0.992447
7031019 Z0 7031018 0.002518
7031019 Z0 7031020 0.002518
7031019 Z0 7031019 0.002518
7031019 H 7041364 0.952940
7031019 H 7031019 0.008543
7031019 H 7041363 0.006419
7031019 H 7031020 0.006419
7031019 H 7041362 0.006419
7031019 H 7031018 0.006419
7031019 H 7041361 0.006419
7031019 H 7031017 0.006419
7031020 P2 7031020 0.685000
7031020 P2 7062047 0.315000
7031020 Z0 7031018 0.992447
7031020 Z0 7031017 0.002518
7031020 Z0 7031019 0.002518
7031020 Z0 7031020 0.002518
7031020 H 7041363 0.952940
7031020 H 7031020 0.008543
7031020 H 7041364 0.006419
7031020 H 7031019 0.006419
7031020 H 7041361 0.006419
7031020 H 7031017 0.006419
7031020 H 7041362 0.006419
7031020 H 7031018 0.006419
7031023 P2 7031017 0.685000
7031023 P2 7031023 0.315000
7031023 Z0 7051707 0.992447
7031023 Z0 7062047 0.002518
7031023 Z0 7041367 0.002518
7031023 Z0 7031023 0.002518
7031023 H 7031023 0.952940
7031023 H 7082724 0.008543
7031023 H 7041367 0.006419
7031023 H 7082725 0.006419
7031023 H 7062047 0.006419
7031023 H 7082726 0.006419
7031023 H 7051707 0.006419
7031023 H 7082727 0.006419
7041361 P2 7082724 0.766000
7041361 P2 7041361 0.234000
7041361 Z0 7041364 0.992447
7041361 Z0 7041363 0.002518
7041361 Z0 7041362 0.002518
7041361 Z0 7041361 0.002518
7041361 H 7041361 0.952940
7041361 H 7031017 0.008543
7041361 H 7041362 0.006419
7041361 H 7031018 0.006419
7041361 H 7041363 0.006419
7041361 H 7031020 0.006419
7041361 H 7041364 0.006419
7041361 H 7031019 0.006419
7041362 P2 7082725 0.766000
7041362 P2 7041362 0.234000
7041362 Z0 7041363 0.992447
7041362 Z0 7041364 0.002518
7041362 Z0 7041361 0.002518
7041362 Z0 7041362 0.002518
7041362 H 7041362 0.952940
7041362 H 7031018 0.008543
7041362 H 7041361 0.006419
7041362 H 7031017 0.006419
7041362 H 7041364 0.006419
7041362 H 7031019 0.006419
7041362 H 7041363 0.006419
7041362 H 7031020 0.006419
7041363 P2 7082726 0.766000
7041363 P2 7041363 0.234000
7041363 Z0 7041362 0.992447
7041363 Z0 7041361 0.002518
7041363 Z0 7041364 0.002518
7041363 Z0 7041363 0.002518
7041363 H 7031020 0.952940
7041363 H 7041363 0.008543
7041363 H 7031019 0.006419
7041363 H 7041364 0.006419
7041363 H 7031017 0.006419
7041363 H 7041361 0.006419
7041363 H 7031018 0.006419
7041363 H 7041362 0.006419
7041364 P2 7082727 0.766000
7041364 P2 7041364 0.234000
7041364 Z0 7041361 0.992447
7041364 Z0 7041362 0.002518
7041364 Z0 7041363 0.002518
7041364 Z0 7041364 0.002518
7041364 H 7031019 0.952940
7041364 H 7041364 0.008543
7041364 H 7031020 0.006419
7041364 H 7041363 0.006419
7041364 H 7031018 0.006419
7041364 H 7041362 0.006419
7041364 H 7031017 0.006419
7041364 H 7041361 0.006419
7041367 P2 7031018 0.685000
7041367 P2 7041367 0.315000
7041367 Z0 7062047 0.992447
7041367 Z0 7051707 0.002518
7041367 Z0 7031023 0.002518
7041367 Z0 7041367 0.002518
7041367 H 7041367 0.952940
7041367 H 7082725 0.008543
7041367 H 7031023 0.006419
7041367 H 7082724 0.006419
7041367 H 7051707 0.006419
7041367 H 7082727 0.006419
7041367 H 7062047 0.006419
7041367 H 7082726 0.006419
7051707 P2 7031019 0.685000
7051707 P2 7051707 0.315000
7051707 Z0 7031023 0.992447
7051707 Z0 7041367 0.002518
7051707 Z0 7062047 0.002518
7051707 Z0 7051707 0.002518
7051707 H 7082727 0.952940
7051707 H 7051707 0.008543
7051707 H 7082726 0.006419
7051707 H 7062047 0.006419
7051707 H 7082725 0.006419
7051707 H 7041367 0.006419
7051707 H 7082724 0.006419
7051707 H 7031023 0.006419
7062047 P2 7031020 0.685000
7062047 P2 7062047 0.315000
7062047 Z0 7041367 0.992447
7062047 Z0 7031023 0.002518
7062047 Z0 7051707 0.002518
7062047 Z0 7062047 0.002518
7062047 H 7082726 0.952940
7062047 H 7062047 0.008543
7062047 H 7082727 0.006419
7062047 H 7051707 0.006419
7062047 H 7082724 0.006419
7062047 H 7031023 0.006419
7062047 H 7082725 0.006419
7062047 H 7041367 0.006419
7082724 P2 7082724 0.766000
7082724 P2 7041361 0.234000
7082724 Z0 7082727 0.992447
7082724 Z0 7082726 0.002518
7082724 Z0 7082725 0.002518
7082724 Z0 7082724 0.002518
7082724 H 7082724 0.952940
7082724 H 7031023 0.008543
7082724 H 7082725 0.006419
7082724 H 7041367 0.006419
7082724 H 7082726 0.006419
7082724 H 7062047 0.006419
7082724 H 7082727 0.006419
7082724 H 7051707 0.006419
7082725 P2 7082725 0.766000
7082725 P2 7041362 0.234000
7082725 Z0 7082726 0.992447
7082725 Z0 7082727 0.002518
7082725 Z0 7082724 0.002518
7082725 Z0 7082725 0.002518
7082725 H 7082725 0.952940
7082725 H 7041367 0.008543
7082725 H 7082724 0.006419
7082725 H 7031023 0.006419
7082725 H 7082727 0.006419
7082725 H 7051707 0.006419
7082725 H 7082726 0.006419
7082725 H 7062047 0.006419
7082726 P2 7082726 0.766000
7082726 P2 7041363 0.234000
7082726 Z0 7082725 0.992447
7082726 Z0 7082724 0.002518
7082726 Z0 7082727 0.002518
7082726 Z0 7082726 0.002518
7082726 H 7062047 0.952940
7082726 H 7082726 0.008543
7082726 H 7051707 0.006419
7082726 H 7082727 0.006419
7082726 H 7031023 0.006419
7082726 H 7082724 0.006419
7082726 H 7041367 0.006419
7082726 H 7082725 0.006419
7082727 P2 7082727 0.766000
7082727 P2 7041364 0.234000
7082727 Z0 7082724 0.992447
7082727 Z0 7082725 0.002518
7082727 Z0 7082726 0.002518
7082727 Z0 7082727 0.002518
7082727 H 7051707 0.952940
7082727 H 7082727 0.008543
7082727 H 7062047 0.006419
7082727 H 7082726 0.006419
7082727 H 7041367 0.006419
7082727 H 7082725 0.006419
7082727 H 7031023 0.006419
7082727 H 7082724 0.006419
ENDPOMDP
