BEGINPOMDP
INITIALSTATE: 2408908
STATES: 2439939,2460616,2460617,2460618,2460619,2408908,2408909,2408910,2408911,2408912,2408915,2419253,2419254,2419255,2419256,2419259,2429599
REWARDS: 2439939:0.0,2460616:1.0,2460617:1.0,2460618:0.0,2460619:0.0,2408908:0.0,2408909:1.0,2408910:1.0,2408911:0.0,2408912:0.0,2408915:1.0,2419253:1.0,2419254:1.0,2419255:0.0,2419256:0.0,2419259:1.0,2429599:0.0
GAMMA: 2439939:1,2460616:1,2460617:1,2460618:1,2460619:1,2408908:0,2408909:0,2408910:0,2408911:0,2408912:0,2408915:1,2419253:0,2419254:0,2419255:0,2419256:0,2419259:1,2429599:1
BEGINACTIONS
P2
Z0
H
ENDACTIONS
2408908 INIT_ 2408909 0.250000
2408908 INIT_ 2408910 0.250000
2408908 INIT_ 2408911 0.250000
2408908 INIT_ 2408912 0.250000
2408909 P2 2408909 0.930600
2408909 P2 2408915 0.069400
2408909 Z0 2408911 0.998693
2408909 Z0 2408912 0.000436
2408909 Z0 2408910 0.000436
2408909 Z0 2408909 0.000436
2408909 H 2408909 0.970345
2408909 H 2419253 0.004436
2408909 H 2408910 0.004203
2408909 H 2419254 0.004203
2408909 H 2408912 0.004203
2408909 H 2419255 0.004203
2408909 H 2408911 0.004203
2408909 H 2419256 0.004203
2408910 P2 2408910 0.930600
2408910 P2 2419259 0.069400
2408910 Z0 2408912 0.998693
2408910 Z0 2408911 0.000436
2408910 Z0 2408909 0.000436
2408910 Z0 2408910 0.000436
2408910 H 2408910 0.970345
2408910 H 2419254 0.004436
2408910 H 2408909 0.004203
2408910 H 2419253 0.004203
2408910 H 2408911 0.004203
2408910 H 2419256 0.004203
2408910 H 2408912 0.004203
2408910 H 2419255 0.004203
2408911 P2 2408911 0.930600
2408911 P2 2429599 0.069400
2408911 Z0 2408909 0.998693
2408911 Z0 2408910 0.000436
2408911 Z0 2408912 0.000436
2408911 Z0 2408911 0.000436
2408911 H 2419256 0.970345
2408911 H 2408911 0.004436
2408911 H 2419255 0.004203
2408911 H 2408912 0.004203
2408911 H 2419254 0.004203
2408911 H 2408910 0.004203
2408911 H 2419253 0.004203
2408911 H 2408909 0.004203
2408912 P2 2408912 0.930600
2408912 P2 2439939 0.069400
2408912 Z0 2408910 0.998693
2408912 Z0 2408909 0.000436
2408912 Z0 2408911 0.000436
2408912 Z0 2408912 0.000436
2408912 H 2419255 0.970345
2408912 H 2408912 0.004436
2408912 H 2419256 0.004203
2408912 H 2408911 0.004203
2408912 H 2419253 0.004203
2408912 H 2408909 0.004203
2408912 H 2419254 0.004203
2408912 H 2408910 0.004203
2408915 P2 2408909 0.930600
2408915 P2 2408915 0.069400
2408915 Z0 2429599 0.998693
2408915 Z0 2439939 0.000436
2408915 Z0 2419259 0.000436
2408915 Z0 2408915 0.000436
2408915 H 2408915 0.970345
2408915 H 2460616 0.004436
2408915 H 2419259 0.004203
2408915 H 2460617 0.004203
2408915 H 2439939 0.004203
2408915 H 2460618 0.004203
2408915 H 2429599 0.004203
2408915 H 2460619 0.004203
2419253 P2 2460616 0.913000
2419253 P2 2419253 0.087000
2419253 Z0 2419256 0.998693
2419253 Z0 2419255 0.000436
2419253 Z0 2419254 0.000436
2419253 Z0 2419253 0.000436
2419253 H 2419253 0.970345
2419253 H 2408909 0.004436
2419253 H 2419254 0.004203
2419253 H 2408910 0.004203
2419253 H 2419255 0.004203
2419253 H 2408912 0.004203
2419253 H 2419256 0.004203
2419253 H 2408911 0.004203
2419254 P2 2460617 0.913000
2419254 P2 2419254 0.087000
2419254 Z0 2419255 0.998693
2419254 Z0 2419256 0.000436
2419254 Z0 2419253 0.000436
2419254 Z0 2419254 0.000436
2419254 H 2419254 0.970345
2419254 H 2408910 0.004436
2419254 H 2419253 0.004203
2419254 H 2408909 0.004203
2419254 H 2419256 0.004203
2419254 H 2408911 0.004203
2419254 H 2419255 0.004203
2419254 H 2408912 0.004203
2419255 P2 2460618 0.913000
2419255 P2 2419255 0.087000
2419255 Z0 2419254 0.998693
2419255 Z0 2419253 0.000436
2419255 Z0 2419256 0.000436
2419255 Z0 2419255 0.000436
2419255 H 2408912 0.970345
2419255 H 2419255 0.004436
2419255 H 2408911 0.004203
2419255 H 2419256 0.004203
2419255 H 2408909 0.004203
2419255 H 2419253 0.004203
2419255 H 2408910 0.004203
2419255 H 2419254 0.004203
2419256 P2 2460619 0.913000
2419256 P2 2419256 0.087000
2419256 Z0 2419253 0.998693
2419256 Z0 2419254 0.000436
2419256 Z0 2419255 0.000436
2419256 Z0 2419256 0.000436
2419256 H 2408911 0.970345
2419256 H 2419256 0.004436
2419256 H 2408912 0.004203
2419256 H 2419255 0.004203
2419256 H 2408910 0.004203
2419256 H 2419254 0.004203
2419256 H 2408909 0.004203
2419256 H 2419253 0.004203
2419259 P2 2408910 0.930600
2419259 P2 2419259 0.069400
2419259 Z0 2439939 0.998693
2419259 Z0 2429599 0.000436
2419259 Z0 2408915 0.000436
2419259 Z0 2419259 0.000436
2419259 H 2419259 0.970345
2419259 H 2460617 0.004436
2419259 H 2408915 0.004203
2419259 H 2460616 0.004203
2419259 H 2429599 0.004203
2419259 H 2460619 0.004203
2419259 H 2439939 0.004203
2419259 H 2460618 0.004203
2429599 P2 2408911 0.930600
2429599 P2 2429599 0.069400
2429599 Z0 2408915 0.998693
2429599 Z0 2419259 0.000436
2429599 Z0 2439939 0.000436
2429599 Z0 2429599 0.000436
2429599 H 2460619 0.970345
2429599 H 2429599 0.004436
2429599 H 2460618 0.004203
2429599 H 2439939 0.004203
2429599 H 2460617 0.004203
2429599 H 2419259 0.004203
2429599 H 2460616 0.004203
2429599 H 2408915 0.004203
2439939 P2 2408912 0.930600
2439939 P2 2439939 0.069400
2439939 Z0 2419259 0.998693
2439939 Z0 2408915 0.000436
2439939 Z0 2429599 0.000436
2439939 Z0 2439939 0.000436
2439939 H 2460618 0.970345
2439939 H 2439939 0.004436
2439939 H 2460619 0.004203
2439939 H 2429599 0.004203
2439939 H 2460616 0.004203
2439939 H 2408915 0.004203
2439939 H 2460617 0.004203
2439939 H 2419259 0.004203
2460616 P2 2460616 0.913000
2460616 P2 2419253 0.087000
2460616 Z0 2460619 0.998693
2460616 Z0 2460618 0.000436
2460616 Z0 2460617 0.000436
2460616 Z0 2460616 0.000436
2460616 H 2460616 0.970345
2460616 H 2408915 0.004436
2460616 H 2460617 0.004203
2460616 H 2419259 0.004203
2460616 H 2460618 0.004203
2460616 H 2439939 0.004203
2460616 H 2460619 0.004203
2460616 H 2429599 0.004203
2460617 P2 2460617 0.913000
2460617 P2 2419254 0.087000
2460617 Z0 2460618 0.998693
2460617 Z0 2460619 0.000436
2460617 Z0 2460616 0.000436
2460617 Z0 2460617 0.000436
2460617 H 2460617 0.970345
2460617 H 2419259 0.004436
2460617 H 2460616 0.004203
2460617 H 2408915 0.004203
2460617 H 2460619 0.004203
2460617 H 2429599 0.004203
2460617 H 2460618 0.004203
2460617 H 2439939 0.004203
2460618 P2 2460618 0.913000
2460618 P2 2419255 0.087000
2460618 Z0 2460617 0.998693
2460618 Z0 2460616 0.000436
2460618 Z0 2460619 0.000436
2460618 Z0 2460618 0.000436
2460618 H 2439939 0.970345
2460618 H 2460618 0.004436
2460618 H 2429599 0.004203
2460618 H 2460619 0.004203
2460618 H 2408915 0.004203
2460618 H 2460616 0.004203
2460618 H 2419259 0.004203
2460618 H 2460617 0.004203
2460619 P2 2460619 0.913000
2460619 P2 2419256 0.087000
2460619 Z0 2460616 0.998693
2460619 Z0 2460617 0.000436
2460619 Z0 2460618 0.000436
2460619 Z0 2460619 0.000436
2460619 H 2429599 0.970345
2460619 H 2460619 0.004436
2460619 H 2439939 0.004203
2460619 H 2460618 0.004203
2460619 H 2419259 0.004203
2460619 H 2460617 0.004203
2460619 H 2408915 0.004203
2460619 H 2460616 0.004203
ENDPOMDP
