BEGINPOMDP
INITIALSTATE: 3070672
STATES: 3091363,3101703,3122380,3122381,3122382,3122383,3070672,3070673,3070674,3070675,3070676,3070679,3081017,3081018,3081019,3081020,3081023
REWARDS: 3091363:0.0,3101703:0.0,3122380:1.0,3122381:1.0,3122382:0.0,3122383:0.0,3070672:0.0,3070673:1.0,3070674:1.0,3070675:0.0,3070676:0.0,3070679:1.0,3081017:1.0,3081018:1.0,3081019:0.0,3081020:0.0,3081023:1.0
GAMMA: 3091363:1,3101703:1,3122380:1,3122381:1,3122382:1,3122383:1,3070672:0,3070673:0,3070674:0,3070675:0,3070676:0,3070679:1,3081017:0,3081018:0,3081019:0,3081020:0,3081023:1
BEGINACTIONS
P2
Z0
H
ENDACTIONS
3070672 INIT_ 3070673 0.250000
3070672 INIT_ 3070674 0.250000
3070672 INIT_ 3070675 0.250000
3070672 INIT_ 3070676 0.250000
3070673 P2 3070673 0.975800
3070673 P2 3070679 0.024200
3070673 Z0 3070675 0.999423
3070673 Z0 3070676 0.000192
3070673 Z0 3070674 0.000192
3070673 Z0 3070673 0.000192
3070673 H 3070673 0.982342
3070673 H 3081017 0.002902
3070673 H 3070674 0.002459
3070673 H 3081018 0.002459
3070673 H 3070676 0.002459
3070673 H 3081019 0.002459
3070673 H 3070675 0.002459
3070673 H 3081020 0.002459
3070674 P2 3070674 0.975800
3070674 P2 3081023 0.024200
3070674 Z0 3070676 0.999423
3070674 Z0 3070675 0.000192
3070674 Z0 3070673 0.000192
3070674 Z0 3070674 0.000192
3070674 H 3070674 0.982342
3070674 H 3081018 0.002902
3070674 H 3070673 0.002459
3070674 H 3081017 0.002459
3070674 H 3070675 0.002459
3070674 H 3081020 0.002459
3070674 H 3070676 0.002459
3070674 H 3081019 0.002459
3070675 P2 3070675 0.975800
3070675 P2 3091363 0.024200
3070675 Z0 3070673 0.999423
3070675 Z0 3070674 0.000192
3070675 Z0 3070676 0.000192
3070675 Z0 3070675 0.000192
3070675 H 3081020 0.982342
3070675 H 3070675 0.002902
3070675 H 3081019 0.002459
3070675 H 3070676 0.002459
3070675 H 3081018 0.002459
3070675 H 3070674 0.002459
3070675 H 3081017 0.002459
3070675 H 3070673 0.002459
3070676 P2 3070676 0.975800
3070676 P2 3101703 0.024200
3070676 Z0 3070674 0.999423
3070676 Z0 3070673 0.000192
3070676 Z0 3070675 0.000192
3070676 Z0 3070676 0.000192
3070676 H 3081019 0.982342
3070676 H 3070676 0.002902
3070676 H 3081020 0.002459
3070676 H 3070675 0.002459
3070676 H 3081017 0.002459
3070676 H 3070673 0.002459
3070676 H 3081018 0.002459
3070676 H 3070674 0.002459
3070679 P2 3070673 0.975800
3070679 P2 3070679 0.024200
3070679 Z0 3091363 0.999423
3070679 Z0 3101703 0.000192
3070679 Z0 3081023 0.000192
3070679 Z0 3070679 0.000192
3070679 H 3070679 0.982342
3070679 H 3122380 0.002902
3070679 H 3081023 0.002459
3070679 H 3122381 0.002459
3070679 H 3101703 0.002459
3070679 H 3122382 0.002459
3070679 H 3091363 0.002459
3070679 H 3122383 0.002459
3081017 P2 3122380 0.990600
3081017 P2 3081017 0.009400
3081017 Z0 3081020 0.999423
3081017 Z0 3081019 0.000192
3081017 Z0 3081018 0.000192
3081017 Z0 3081017 0.000192
3081017 H 3081017 0.982342
3081017 H 3070673 0.002902
3081017 H 3081018 0.002459
3081017 H 3070674 0.002459
3081017 H 3081019 0.002459
3081017 H 3070676 0.002459
3081017 H 3081020 0.002459
3081017 H 3070675 0.002459
3081018 P2 3122381 0.990600
3081018 P2 3081018 0.009400
3081018 Z0 3081019 0.999423
3081018 Z0 3081020 0.000192
3081018 Z0 3081017 0.000192
3081018 Z0 3081018 0.000192
3081018 H 3081018 0.982342
3081018 H 3070674 0.002902
3081018 H 3081017 0.002459
3081018 H 3070673 0.002459
3081018 H 3081020 0.002459
3081018 H 3070675 0.002459
3081018 H 3081019 0.002459
3081018 H 3070676 0.002459
3081019 P2 3122382 0.990600
3081019 P2 3081019 0.009400
3081019 Z0 3081018 0.999423
3081019 Z0 3081017 0.000192
3081019 Z0 3081020 0.000192
3081019 Z0 3081019 0.000192
3081019 H 3070676 0.982342
3081019 H 3081019 0.002902
3081019 H 3070675 0.002459
3081019 H 3081020 0.002459
3081019 H 3070673 0.002459
3081019 H 3081017 0.002459
3081019 H 3070674 0.002459
3081019 H 3081018 0.002459
3081020 P2 3122383 0.990600
3081020 P2 3081020 0.009400
3081020 Z0 3081017 0.999423
3081020 Z0 3081018 0.000192
3081020 Z0 3081019 0.000192
3081020 Z0 3081020 0.000192
3081020 H 3070675 0.982342
3081020 H 3081020 0.002902
3081020 H 3070676 0.002459
3081020 H 3081019 0.002459
3081020 H 3070674 0.002459
3081020 H 3081018 0.002459
3081020 H 3070673 0.002459
3081020 H 3081017 0.002459
3081023 P2 3070674 0.975800
3081023 P2 3081023 0.024200
3081023 Z0 3101703 0.999423
3081023 Z0 3091363 0.000192
3081023 Z0 3070679 0.000192
3081023 Z0 3081023 0.000192
3081023 H 3081023 0.982342
3081023 H 3122381 0.002902
3081023 H 3070679 0.002459
3081023 H 3122380 0.002459
3081023 H 3091363 0.002459
3081023 H 3122383 0.002459
3081023 H 3101703 0.002459
3081023 H 3122382 0.002459
3091363 P2 3070675 0.975800
3091363 P2 3091363 0.024200
3091363 Z0 3070679 0.999423
3091363 Z0 3081023 0.000192
3091363 Z0 3101703 0.000192
3091363 Z0 3091363 0.000192
3091363 H 3122383 0.982342
3091363 H 3091363 0.002902
3091363 H 3122382 0.002459
3091363 H 3101703 0.002459
3091363 H 3122381 0.002459
3091363 H 3081023 0.002459
3091363 H 3122380 0.002459
3091363 H 3070679 0.002459
3101703 P2 3070676 0.975800
3101703 P2 3101703 0.024200
3101703 Z0 3081023 0.999423
3101703 Z0 3070679 0.000192
3101703 Z0 3091363 0.000192
3101703 Z0 3101703 0.000192
3101703 H 3122382 0.982342
3101703 H 3101703 0.002902
3101703 H 3122383 0.002459
3101703 H 3091363 0.002459
3101703 H 3122380 0.002459
3101703 H 3070679 0.002459
3101703 H 3122381 0.002459
3101703 H 3081023 0.002459
3122380 P2 3122380 0.990600
3122380 P2 3081017 0.009400
3122380 Z0 3122383 0.999423
3122380 Z0 3122382 0.000192
3122380 Z0 3122381 0.000192
3122380 Z0 3122380 0.000192
3122380 H 3122380 0.982342
3122380 H 3070679 0.002902
3122380 H 3122381 0.002459
3122380 H 3081023 0.002459
3122380 H 3122382 0.002459
3122380 H 3101703 0.002459
3122380 H 3122383 0.002459
3122380 H 3091363 0.002459
3122381 P2 3122381 0.990600
3122381 P2 3081018 0.009400
3122381 Z0 3122382 0.999423
3122381 Z0 3122383 0.000192
3122381 Z0 3122380 0.000192
3122381 Z0 3122381 0.000192
3122381 H 3122381 0.982342
3122381 H 3081023 0.002902
3122381 H 3122380 0.002459
3122381 H 3070679 0.002459
3122381 H 3122383 0.002459
3122381 H 3091363 0.002459
3122381 H 3122382 0.002459
3122381 H 3101703 0.002459
3122382 P2 3122382 0.990600
3122382 P2 3081019 0.009400
3122382 Z0 3122381 0.999423
3122382 Z0 3122380 0.000192
3122382 Z0 3122383 0.000192
3122382 Z0 3122382 0.000192
3122382 H 3101703 0.982342
3122382 H 3122382 0.002902
3122382 H 3091363 0.002459
3122382 H 3122383 0.002459
3122382 H 3070679 0.002459
3122382 H 3122380 0.002459
3122382 H 3081023 0.002459
3122382 H 3122381 0.002459
3122383 P2 3122383 0.990600
3122383 P2 3081020 0.009400
3122383 Z0 3122380 0.999423
3122383 Z0 3122381 0.000192
3122383 Z0 3122382 0.000192
3122383 Z0 3122383 0.000192
3122383 H 3091363 0.982342
3122383 H 3122383 0.002902
3122383 H 3101703 0.002459
3122383 H 3122382 0.002459
3122383 H 3081023 0.002459
3122383 H 3122381 0.002459
3122383 H 3070679 0.002459
3122383 H 3122380 0.002459
ENDPOMDP
