BEGINPOMDP
INITIALSTATE: 5707488
STATES: 5707488,5707489,5707490,5707491,5707492,5707495,5717833,5717834,5717835,5717836,5717839,5728179,5738519,5759196,5759197,5759198,5759199
REWARDS: 5707488:0.0,5707489:1.0,5707490:1.0,5707491:0.0,5707492:0.0,5707495:1.0,5717833:1.0,5717834:1.0,5717835:0.0,5717836:0.0,5717839:1.0,5728179:0.0,5738519:0.0,5759196:1.0,5759197:1.0,5759198:0.0,5759199:0.0
GAMMA: 5707488:0,5707489:0,5707490:0,5707491:0,5707492:0,5707495:1,5717833:0,5717834:0,5717835:0,5717836:0,5717839:1,5728179:1,5738519:1,5759196:1,5759197:1,5759198:1,5759199:1
BEGINACTIONS
P2
Z0
H
ENDACTIONS
5707488 INIT_ 5707489 0.250000
5707488 INIT_ 5707490 0.250000
5707488 INIT_ 5707491 0.250000
5707488 INIT_ 5707492 0.250000
5707489 P2 5707489 0.901800
5707489 P2 5707495 0.098200
5707489 Z0 5707491 0.999330
5707489 Z0 5707492 0.000223
5707489 Z0 5707490 0.000223
5707489 Z0 5707489 0.000223
5707489 H 5707489 0.979391
5707489 H 5717833 0.003326
5707489 H 5707490 0.002880
5707489 H 5717834 0.002880
5707489 H 5707492 0.002880
5707489 H 5717835 0.002880
5707489 H 5707491 0.002880
5707489 H 5717836 0.002880
5707490 P2 5707490 0.901800
5707490 P2 5717839 0.098200
5707490 Z0 5707492 0.999330
5707490 Z0 5707491 0.000223
5707490 Z0 5707489 0.000223
5707490 Z0 5707490 0.000223
5707490 H 5707490 0.979391
5707490 H 5717834 0.003326
5707490 H 5707489 0.002880
5707490 H 5717833 0.002880
5707490 H 5707491 0.002880
5707490 H 5717836 0.002880
5707490 H 5707492 0.002880
5707490 H 5717835 0.002880
5707491 P2 5707491 0.901800
5707491 P2 5728179 0.098200
5707491 Z0 5707489 0.999330
5707491 Z0 5707490 0.000223
5707491 Z0 5707492 0.000223
5707491 Z0 5707491 0.000223
5707491 H 5717836 0.979391
5707491 H 5707491 0.003326
5707491 H 5717835 0.002880
5707491 H 5707492 0.002880
5707491 H 5717834 0.002880
5707491 H 5707490 0.002880
5707491 H 5717833 0.002880
5707491 H 5707489 0.002880
5707492 P2 5707492 0.901800
5707492 P2 5738519 0.098200
5707492 Z0 5707490 0.999330
5707492 Z0 5707489 0.000223
5707492 Z0 5707491 0.000223
5707492 Z0 5707492 0.000223
5707492 H 5717835 0.979391
5707492 H 5707492 0.003326
5707492 H 5717836 0.002880
5707492 H 5707491 0.002880
5707492 H 5717833 0.002880
5707492 H 5707489 0.002880
5707492 H 5717834 0.002880
5707492 H 5707490 0.002880
5707495 P2 5707489 0.901800
5707495 P2 5707495 0.098200
5707495 Z0 5728179 0.999330
5707495 Z0 5738519 0.000223
5707495 Z0 5717839 0.000223
5707495 Z0 5707495 0.000223
5707495 H 5707495 0.979391
5707495 H 5759196 0.003326
5707495 H 5717839 0.002880
5707495 H 5759197 0.002880
5707495 H 5738519 0.002880
5707495 H 5759198 0.002880
5707495 H 5728179 0.002880
5707495 H 5759199 0.002880
5717833 P2 5759196 0.904800
5717833 P2 5717833 0.095200
5717833 Z0 5717836 0.999330
5717833 Z0 5717835 0.000223
5717833 Z0 5717834 0.000223
5717833 Z0 5717833 0.000223
5717833 H 5717833 0.979391
5717833 H 5707489 0.003326
5717833 H 5717834 0.002880
5717833 H 5707490 0.002880
5717833 H 5717835 0.002880
5717833 H 5707492 0.002880
5717833 H 5717836 0.002880
5717833 H 5707491 0.002880
5717834 P2 5759197 0.904800
5717834 P2 5717834 0.095200
5717834 Z0 5717835 0.999330
5717834 Z0 5717836 0.000223
5717834 Z0 5717833 0.000223
5717834 Z0 5717834 0.000223
5717834 H 5717834 0.979391
5717834 H 5707490 0.003326
5717834 H 5717833 0.002880
5717834 H 5707489 0.002880
5717834 H 5717836 0.002880
5717834 H 5707491 0.002880
5717834 H 5717835 0.002880
5717834 H 5707492 0.002880
5717835 P2 5759198 0.904800
5717835 P2 5717835 0.095200
5717835 Z0 5717834 0.999330
5717835 Z0 5717833 0.000223
5717835 Z0 5717836 0.000223
5717835 Z0 5717835 0.000223
5717835 H 5707492 0.979391
5717835 H 5717835 0.003326
5717835 H 5707491 0.002880
5717835 H 5717836 0.002880
5717835 H 5707489 0.002880
5717835 H 5717833 0.002880
5717835 H 5707490 0.002880
5717835 H 5717834 0.002880
5717836 P2 5759199 0.904800
5717836 P2 5717836 0.095200
5717836 Z0 5717833 0.999330
5717836 Z0 5717834 0.000223
5717836 Z0 5717835 0.000223
5717836 Z0 5717836 0.000223
5717836 H 5707491 0.979391
5717836 H 5717836 0.003326
5717836 H 5707492 0.002880
5717836 H 5717835 0.002880
5717836 H 5707490 0.002880
5717836 H 5717834 0.002880
5717836 H 5707489 0.002880
5717836 H 5717833 0.002880
5717839 P2 5707490 0.901800
5717839 P2 5717839 0.098200
5717839 Z0 5738519 0.999330
5717839 Z0 5728179 0.000223
5717839 Z0 5707495 0.000223
5717839 Z0 5717839 0.000223
5717839 H 5717839 0.979391
5717839 H 5759197 0.003326
5717839 H 5707495 0.002880
5717839 H 5759196 0.002880
5717839 H 5728179 0.002880
5717839 H 5759199 0.002880
5717839 H 5738519 0.002880
5717839 H 5759198 0.002880
5728179 P2 5707491 0.901800
5728179 P2 5728179 0.098200
5728179 Z0 5707495 0.999330
5728179 Z0 5717839 0.000223
5728179 Z0 5738519 0.000223
5728179 Z0 5728179 0.000223
5728179 H 5759199 0.979391
5728179 H 5728179 0.003326
5728179 H 5759198 0.002880
5728179 H 5738519 0.002880
5728179 H 5759197 0.002880
5728179 H 5717839 0.002880
5728179 H 5759196 0.002880
5728179 H 5707495 0.002880
5738519 P2 5707492 0.901800
5738519 P2 5738519 0.098200
5738519 Z0 5717839 0.999330
5738519 Z0 5707495 0.000223
5738519 Z0 5728179 0.000223
5738519 Z0 5738519 0.000223
5738519 H 5759198 0.979391
5738519 H 5738519 0.003326
5738519 H 5759199 0.002880
5738519 H 5728179 0.002880
5738519 H 5759196 0.002880
5738519 H 5707495 0.002880
5738519 H 5759197 0.002880
5738519 H 5717839 0.002880
5759196 P2 5759196 0.904800
5759196 P2 5717833 0.095200
5759196 Z0 5759199 0.999330
5759196 Z0 5759198 0.000223
5759196 Z0 5759197 0.000223
5759196 Z0 5759196 0.000223
5759196 H 5759196 0.979391
5759196 H 5707495 0.003326
5759196 H 5759197 0.002880
5759196 H 5717839 0.002880
5759196 H 5759198 0.002880
5759196 H 5738519 0.002880
5759196 H 5759199 0.002880
5759196 H 5728179 0.002880
5759197 P2 5759197 0.904800
5759197 P2 5717834 0.095200
5759197 Z0 5759198 0.999330
5759197 Z0 5759199 0.000223
5759197 Z0 5759196 0.000223
5759197 Z0 5759197 0.000223
5759197 H 5759197 0.979391
5759197 H 5717839 0.003326
5759197 H 5759196 0.002880
5759197 H 5707495 0.002880
5759197 H 5759199 0.002880
5759197 H 5728179 0.002880
5759197 H 5759198 0.002880
5759197 H 5738519 0.002880
5759198 P2 5759198 0.904800
5759198 P2 5717835 0.095200
5759198 Z0 5759197 0.999330
5759198 Z0 5759196 0.000223
5759198 Z0 5759199 0.000223
5759198 Z0 5759198 0.000223
5759198 H 5738519 0.979391
5759198 H 5759198 0.003326
5759198 H 5728179 0.002880
5759198 H 5759199 0.002880
5759198 H 5707495 0.002880
5759198 H 5759196 0.002880
5759198 H 5717839 0.002880
5759198 H 5759197 0.002880
5759199 P2 5759199 0.904800
5759199 P2 5717836 0.095200
5759199 Z0 5759196 0.999330
5759199 Z0 5759197 0.000223
5759199 Z0 5759198 0.000223
5759199 Z0 5759199 0.000223
5759199 H 5728179 0.979391
5759199 H 5759199 0.003326
5759199 H 5738519 0.002880
5759199 H 5759198 0.002880
5759199 H 5717839 0.002880
5759199 H 5759197 0.002880
5759199 H 5707495 0.002880
5759199 H 5759196 0.002880
ENDPOMDP
