BEGINPOMDP
INITIALSTATE: 4063318
STATES: 4073664,4073665,4073666,4073669,4084009,4094349,4115026,4115027,4115028,4115029,4063318,4063319,4063320,4063321,4063322,4063325,4073663
REWARDS: 4073664:1.0,4073665:0.0,4073666:0.0,4073669:1.0,4084009:0.0,4094349:0.0,4115026:1.0,4115027:1.0,4115028:0.0,4115029:0.0,4063318:0.0,4063319:1.0,4063320:1.0,4063321:0.0,4063322:0.0,4063325:1.0,4073663:1.0
GAMMA: 4073664:0,4073665:0,4073666:0,4073669:1,4084009:1,4094349:1,4115026:1,4115027:1,4115028:1,4115029:1,4063318:0,4063319:0,4063320:0,4063321:0,4063322:0,4063325:1,4073663:0
BEGINACTIONS
P2
Z0
H
ENDACTIONS
4063318 INIT_ 4063319 0.250000
4063318 INIT_ 4063320 0.250000
4063318 INIT_ 4063321 0.250000
4063318 INIT_ 4063322 0.250000
4063319 P2 4063319 0.997000
4063319 P2 4063325 0.003000
4063319 Z0 4063321 0.999354
4063319 Z0 4063322 0.000215
4063319 Z0 4063320 0.000215
4063319 Z0 4063319 0.000215
4063319 H 4063319 0.981073
4063319 H 4073663 0.002931
4063319 H 4063320 0.002666
4063319 H 4073664 0.002666
4063319 H 4063322 0.002666
4063319 H 4073665 0.002666
4063319 H 4063321 0.002666
4063319 H 4073666 0.002666
4063320 P2 4063320 0.997000
4063320 P2 4073669 0.003000
4063320 Z0 4063322 0.999354
4063320 Z0 4063321 0.000215
4063320 Z0 4063319 0.000215
4063320 Z0 4063320 0.000215
4063320 H 4063320 0.981073
4063320 H 4073664 0.002931
4063320 H 4063319 0.002666
4063320 H 4073663 0.002666
4063320 H 4063321 0.002666
4063320 H 4073666 0.002666
4063320 H 4063322 0.002666
4063320 H 4073665 0.002666
4063321 P2 4063321 0.997000
4063321 P2 4084009 0.003000
4063321 Z0 4063319 0.999354
4063321 Z0 4063320 0.000215
4063321 Z0 4063322 0.000215
4063321 Z0 4063321 0.000215
4063321 H 4073666 0.981073
4063321 H 4063321 0.002931
4063321 H 4073665 0.002666
4063321 H 4063322 0.002666
4063321 H 4073664 0.002666
4063321 H 4063320 0.002666
4063321 H 4073663 0.002666
4063321 H 4063319 0.002666
4063322 P2 4063322 0.997000
4063322 P2 4094349 0.003000
4063322 Z0 4063320 0.999354
4063322 Z0 4063319 0.000215
4063322 Z0 4063321 0.000215
4063322 Z0 4063322 0.000215
4063322 H 4073665 0.981073
4063322 H 4063322 0.002931
4063322 H 4073666 0.002666
4063322 H 4063321 0.002666
4063322 H 4073663 0.002666
4063322 H 4063319 0.002666
4063322 H 4073664 0.002666
4063322 H 4063320 0.002666
4063325 P2 4063319 0.997000
4063325 P2 4063325 0.003000
4063325 Z0 4084009 0.999354
4063325 Z0 4094349 0.000215
4063325 Z0 4073669 0.000215
4063325 Z0 4063325 0.000215
4063325 H 4063325 0.981073
4063325 H 4115026 0.002931
4063325 H 4073669 0.002666
4063325 H 4115027 0.002666
4063325 H 4094349 0.002666
4063325 H 4115028 0.002666
4063325 H 4084009 0.002666
4063325 H 4115029 0.002666
4073663 P2 4115026 0.993200
4073663 P2 4073663 0.006800
4073663 Z0 4073666 0.999354
4073663 Z0 4073665 0.000215
4073663 Z0 4073664 0.000215
4073663 Z0 4073663 0.000215
4073663 H 4073663 0.981073
4073663 H 4063319 0.002931
4073663 H 4073664 0.002666
4073663 H 4063320 0.002666
4073663 H 4073665 0.002666
4073663 H 4063322 0.002666
4073663 H 4073666 0.002666
4073663 H 4063321 0.002666
4073664 P2 4115027 0.993200
4073664 P2 4073664 0.006800
4073664 Z0 4073665 0.999354
4073664 Z0 4073666 0.000215
4073664 Z0 4073663 0.000215
4073664 Z0 4073664 0.000215
4073664 H 4073664 0.981073
4073664 H 4063320 0.002931
4073664 H 4073663 0.002666
4073664 H 4063319 0.002666
4073664 H 4073666 0.002666
4073664 H 4063321 0.002666
4073664 H 4073665 0.002666
4073664 H 4063322 0.002666
4073665 P2 4115028 0.993200
4073665 P2 4073665 0.006800
4073665 Z0 4073664 0.999354
4073665 Z0 4073663 0.000215
4073665 Z0 4073666 0.000215
4073665 Z0 4073665 0.000215
4073665 H 4063322 0.981073
4073665 H 4073665 0.002931
4073665 H 4063321 0.002666
4073665 H 4073666 0.002666
4073665 H 4063319 0.002666
4073665 H 4073663 0.002666
4073665 H 4063320 0.002666
4073665 H 4073664 0.002666
4073666 P2 4115029 0.993200
4073666 P2 4073666 0.006800
4073666 Z0 4073663 0.999354
4073666 Z0 4073664 0.000215
4073666 Z0 4073665 0.000215
4073666 Z0 4073666 0.000215
4073666 H 4063321 0.981073
4073666 H 4073666 0.002931
4073666 H 4063322 0.002666
4073666 H 4073665 0.002666
4073666 H 4063320 0.002666
4073666 H 4073664 0.002666
4073666 H 4063319 0.002666
4073666 H 4073663 0.002666
4073669 P2 4063320 0.997000
4073669 P2 4073669 0.003000
4073669 Z0 4094349 0.999354
4073669 Z0 4084009 0.000215
4073669 Z0 4063325 0.000215
4073669 Z0 4073669 0.000215
4073669 H 4073669 0.981073
4073669 H 4115027 0.002931
4073669 H 4063325 0.002666
4073669 H 4115026 0.002666
4073669 H 4084009 0.002666
4073669 H 4115029 0.002666
4073669 H 4094349 0.002666
4073669 H 4115028 0.002666
4084009 P2 4063321 0.997000
4084009 P2 4084009 0.003000
4084009 Z0 4063325 0.999354
4084009 Z0 4073669 0.000215
4084009 Z0 4094349 0.000215
4084009 Z0 4084009 0.000215
4084009 H 4115029 0.981073
4084009 H 4084009 0.002931
4084009 H 4115028 0.002666
4084009 H 4094349 0.002666
4084009 H 4115027 0.002666
4084009 H 4073669 0.002666
4084009 H 4115026 0.002666
4084009 H 4063325 0.002666
4094349 P2 4063322 0.997000
4094349 P2 4094349 0.003000
4094349 Z0 4073669 0.999354
4094349 Z0 4063325 0.000215
4094349 Z0 4084009 0.000215
4094349 Z0 4094349 0.000215
4094349 H 4115028 0.981073
4094349 H 4094349 0.002931
4094349 H 4115029 0.002666
4094349 H 4084009 0.002666
4094349 H 4115026 0.002666
4094349 H 4063325 0.002666
4094349 H 4115027 0.002666
4094349 H 4073669 0.002666
4115026 P2 4115026 0.993200
4115026 P2 4073663 0.006800
4115026 Z0 4115029 0.999354
4115026 Z0 4115028 0.000215
4115026 Z0 4115027 0.000215
4115026 Z0 4115026 0.000215
4115026 H 4115026 0.981073
4115026 H 4063325 0.002931
4115026 H 4115027 0.002666
4115026 H 4073669 0.002666
4115026 H 4115028 0.002666
4115026 H 4094349 0.002666
4115026 H 4115029 0.002666
4115026 H 4084009 0.002666
4115027 P2 4115027 0.993200
4115027 P2 4073664 0.006800
4115027 Z0 4115028 0.999354
4115027 Z0 4115029 0.000215
4115027 Z0 4115026 0.000215
4115027 Z0 4115027 0.000215
4115027 H 4115027 0.981073
4115027 H 4073669 0.002931
4115027 H 4115026 0.002666
4115027 H 4063325 0.002666
4115027 H 4115029 0.002666
4115027 H 4084009 0.002666
4115027 H 4115028 0.002666
4115027 H 4094349 0.002666
4115028 P2 4115028 0.993200
4115028 P2 4073665 0.006800
4115028 Z0 4115027 0.999354
4115028 Z0 4115026 0.000215
4115028 Z0 4115029 0.000215
4115028 Z0 4115028 0.000215
4115028 H 4094349 0.981073
4115028 H 4115028 0.002931
4115028 H 4084009 0.002666
4115028 H 4115029 0.002666
4115028 H 4063325 0.002666
4115028 H 4115026 0.002666
4115028 H 4073669 0.002666
4115028 H 4115027 0.002666
4115029 P2 4115029 0.993200
4115029 P2 4073666 0.006800
4115029 Z0 4115026 0.999354
4115029 Z0 4115027 0.000215
4115029 Z0 4115028 0.000215
4115029 Z0 4115029 0.000215
4115029 H 4084009 0.981073
4115029 H 4115029 0.002931
4115029 H 4094349 0.002666
4115029 H 4115028 0.002666
4115029 H 4073669 0.002666
4115029 H 4115027 0.002666
4115029 H 4063325 0.002666
4115029 H 4115026 0.002666
ENDPOMDP
