BEGINPOMDP
INITIALSTATE: 5872929
STATES: 5924640,5872929,5872930,5872931,5872932,5872933,5872936,5883274,5883275,5883276,5883277,5883280,5893620,5903960,5924637,5924638,5924639
REWARDS: 5924640:0.0,5872929:0.0,5872930:1.0,5872931:1.0,5872932:0.0,5872933:0.0,5872936:1.0,5883274:1.0,5883275:1.0,5883276:0.0,5883277:0.0,5883280:1.0,5893620:0.0,5903960:0.0,5924637:1.0,5924638:1.0,5924639:0.0
GAMMA: 5924640:1,5872929:0,5872930:0,5872931:0,5872932:0,5872933:0,5872936:1,5883274:0,5883275:0,5883276:0,5883277:0,5883280:1,5893620:1,5903960:1,5924637:1,5924638:1,5924639:1
BEGINACTIONS
P2
Z0
H
ENDACTIONS
5872929 INIT_ 5872930 0.250000
5872929 INIT_ 5872931 0.250000
5872929 INIT_ 5872932 0.250000
5872929 INIT_ 5872933 0.250000
5872930 P2 5872930 0.995200
5872930 P2 5872936 0.004800
5872930 Z0 5872932 0.998909
5872930 Z0 5872933 0.000364
5872930 Z0 5872931 0.000364
5872930 Z0 5872930 0.000364
5872930 H 5872930 0.968459
5872930 H 5883274 0.005399
5872930 H 5872931 0.004357
5872930 H 5883275 0.004357
5872930 H 5872933 0.004357
5872930 H 5883276 0.004357
5872930 H 5872932 0.004357
5872930 H 5883277 0.004357
5872931 P2 5872931 0.995200
5872931 P2 5883280 0.004800
5872931 Z0 5872933 0.998909
5872931 Z0 5872932 0.000364
5872931 Z0 5872930 0.000364
5872931 Z0 5872931 0.000364
5872931 H 5872931 0.968459
5872931 H 5883275 0.005399
5872931 H 5872930 0.004357
5872931 H 5883274 0.004357
5872931 H 5872932 0.004357
5872931 H 5883277 0.004357
5872931 H 5872933 0.004357
5872931 H 5883276 0.004357
5872932 P2 5872932 0.995200
5872932 P2 5893620 0.004800
5872932 Z0 5872930 0.998909
5872932 Z0 5872931 0.000364
5872932 Z0 5872933 0.000364
5872932 Z0 5872932 0.000364
5872932 H 5883277 0.968459
5872932 H 5872932 0.005399
5872932 H 5883276 0.004357
5872932 H 5872933 0.004357
5872932 H 5883275 0.004357
5872932 H 5872931 0.004357
5872932 H 5883274 0.004357
5872932 H 5872930 0.004357
5872933 P2 5872933 0.995200
5872933 P2 5903960 0.004800
5872933 Z0 5872931 0.998909
5872933 Z0 5872930 0.000364
5872933 Z0 5872932 0.000364
5872933 Z0 5872933 0.000364
5872933 H 5883276 0.968459
5872933 H 5872933 0.005399
5872933 H 5883277 0.004357
5872933 H 5872932 0.004357
5872933 H 5883274 0.004357
5872933 H 5872930 0.004357
5872933 H 5883275 0.004357
5872933 H 5872931 0.004357
5872936 P2 5872930 0.995200
5872936 P2 5872936 0.004800
5872936 Z0 5893620 0.998909
5872936 Z0 5903960 0.000364
5872936 Z0 5883280 0.000364
5872936 Z0 5872936 0.000364
5872936 H 5872936 0.968459
5872936 H 5924637 0.005399
5872936 H 5883280 0.004357
5872936 H 5924638 0.004357
5872936 H 5903960 0.004357
5872936 H 5924639 0.004357
5872936 H 5893620 0.004357
5872936 H 5924640 0.004357
5883274 P2 5924637 0.986400
5883274 P2 5883274 0.013600
5883274 Z0 5883277 0.998909
5883274 Z0 5883276 0.000364
5883274 Z0 5883275 0.000364
5883274 Z0 5883274 0.000364
5883274 H 5883274 0.968459
5883274 H 5872930 0.005399
5883274 H 5883275 0.004357
5883274 H 5872931 0.004357
5883274 H 5883276 0.004357
5883274 H 5872933 0.004357
5883274 H 5883277 0.004357
5883274 H 5872932 0.004357
5883275 P2 5924638 0.986400
5883275 P2 5883275 0.013600
5883275 Z0 5883276 0.998909
5883275 Z0 5883277 0.000364
5883275 Z0 5883274 0.000364
5883275 Z0 5883275 0.000364
5883275 H 5883275 0.968459
5883275 H 5872931 0.005399
5883275 H 5883274 0.004357
5883275 H 5872930 0.004357
5883275 H 5883277 0.004357
5883275 H 5872932 0.004357
5883275 H 5883276 0.004357
5883275 H 5872933 0.004357
5883276 P2 5924639 0.986400
5883276 P2 5883276 0.013600
5883276 Z0 5883275 0.998909
5883276 Z0 5883274 0.000364
5883276 Z0 5883277 0.000364
5883276 Z0 5883276 0.000364
5883276 H 5872933 0.968459
5883276 H 5883276 0.005399
5883276 H 5872932 0.004357
5883276 H 5883277 0.004357
5883276 H 5872930 0.004357
5883276 H 5883274 0.004357
5883276 H 5872931 0.004357
5883276 H 5883275 0.004357
5883277 P2 5924640 0.986400
5883277 P2 5883277 0.013600
5883277 Z0 5883274 0.998909
5883277 Z0 5883275 0.000364
5883277 Z0 5883276 0.000364
5883277 Z0 5883277 0.000364
5883277 H 5872932 0.968459
5883277 H 5883277 0.005399
5883277 H 5872933 0.004357
5883277 H 5883276 0.004357
5883277 H 5872931 0.004357
5883277 H 5883275 0.004357
5883277 H 5872930 0.004357
5883277 H 5883274 0.004357
5883280 P2 5872931 0.995200
5883280 P2 5883280 0.004800
5883280 Z0 5903960 0.998909
5883280 Z0 5893620 0.000364
5883280 Z0 5872936 0.000364
5883280 Z0 5883280 0.000364
5883280 H 5883280 0.968459
5883280 H 5924638 0.005399
5883280 H 5872936 0.004357
5883280 H 5924637 0.004357
5883280 H 5893620 0.004357
5883280 H 5924640 0.004357
5883280 H 5903960 0.004357
5883280 H 5924639 0.004357
5893620 P2 5872932 0.995200
5893620 P2 5893620 0.004800
5893620 Z0 5872936 0.998909
5893620 Z0 5883280 0.000364
5893620 Z0 5903960 0.000364
5893620 Z0 5893620 0.000364
5893620 H 5924640 0.968459
5893620 H 5893620 0.005399
5893620 H 5924639 0.004357
5893620 H 5903960 0.004357
5893620 H 5924638 0.004357
5893620 H 5883280 0.004357
5893620 H 5924637 0.004357
5893620 H 5872936 0.004357
5903960 P2 5872933 0.995200
5903960 P2 5903960 0.004800
5903960 Z0 5883280 0.998909
5903960 Z0 5872936 0.000364
5903960 Z0 5893620 0.000364
5903960 Z0 5903960 0.000364
5903960 H 5924639 0.968459
5903960 H 5903960 0.005399
5903960 H 5924640 0.004357
5903960 H 5893620 0.004357
5903960 H 5924637 0.004357
5903960 H 5872936 0.004357
5903960 H 5924638 0.004357
5903960 H 5883280 0.004357
5924637 P2 5924637 0.986400
5924637 P2 5883274 0.013600
5924637 Z0 5924640 0.998909
5924637 Z0 5924639 0.000364
5924637 Z0 5924638 0.000364
5924637 Z0 5924637 0.000364
5924637 H 5924637 0.968459
5924637 H 5872936 0.005399
5924637 H 5924638 0.004357
5924637 H 5883280 0.004357
5924637 H 5924639 0.004357
5924637 H 5903960 0.004357
5924637 H 5924640 0.004357
5924637 H 5893620 0.004357
5924638 P2 5924638 0.986400
5924638 P2 5883275 0.013600
5924638 Z0 5924639 0.998909
5924638 Z0 5924640 0.000364
5924638 Z0 5924637 0.000364
5924638 Z0 5924638 0.000364
5924638 H 5924638 0.968459
5924638 H 5883280 0.005399
5924638 H 5924637 0.004357
5924638 H 5872936 0.004357
5924638 H 5924640 0.004357
5924638 H 5893620 0.004357
5924638 H 5924639 0.004357
5924638 H 5903960 0.004357
5924639 P2 5924639 0.986400
5924639 P2 5883276 0.013600
5924639 Z0 5924638 0.998909
5924639 Z0 5924637 0.000364
5924639 Z0 5924640 0.000364
5924639 Z0 5924639 0.000364
5924639 H 5903960 0.968459
5924639 H 5924639 0.005399
5924639 H 5893620 0.004357
5924639 H 5924640 0.004357
5924639 H 5872936 0.004357
5924639 H 5924637 0.004357
5924639 H 5883280 0.004357
5924639 H 5924638 0.004357
5924640 P2 5924640 0.986400
5924640 P2 5883277 0.013600
5924640 Z0 5924637 0.998909
5924640 Z0 5924638 0.000364
5924640 Z0 5924639 0.000364
5924640 Z0 5924640 0.000364
5924640 H 5893620 0.968459
5924640 H 5924640 0.005399
5924640 H 5903960 0.004357
5924640 H 5924639 0.004357
5924640 H 5883280 0.004357
5924640 H 5924638 0.004357
5924640 H 5872936 0.004357
5924640 H 5924637 0.004357
ENDPOMDP
