BEGINPOMDP
INITIALSTATE: 4725082
STATES: 4725089,4735427,4735428,4735429,4735430,4735433,4745773,4756113,4776790,4776791,4776792,4776793,4725082,4725083,4725084,4725085,4725086
REWARDS: 4725089:1.0,4735427:1.0,4735428:1.0,4735429:0.0,4735430:0.0,4735433:1.0,4745773:0.0,4756113:0.0,4776790:1.0,4776791:1.0,4776792:0.0,4776793:0.0,4725082:0.0,4725083:1.0,4725084:1.0,4725085:0.0,4725086:0.0
GAMMA: 4725089:1,4735427:0,4735428:0,4735429:0,4735430:0,4735433:1,4745773:1,4756113:1,4776790:1,4776791:1,4776792:1,4776793:1,4725082:0,4725083:0,4725084:0,4725085:0,4725086:0
BEGINACTIONS
P2
Z0
H
ENDACTIONS
4725082 INIT_ 4725083 0.250000
4725082 INIT_ 4725084 0.250000
4725082 INIT_ 4725085 0.250000
4725082 INIT_ 4725086 0.250000
4725083 P2 4725083 0.864500
4725083 P2 4725089 0.135500
4725083 Z0 4725085 0.999537
4725083 Z0 4725086 0.000154
4725083 Z0 4725084 0.000154
4725083 Z0 4725083 0.000154
4725083 H 4725083 0.981822
4725083 H 4735427 0.003082
4725083 H 4725084 0.002516
4725083 H 4735428 0.002516
4725083 H 4725086 0.002516
4725083 H 4735429 0.002516
4725083 H 4725085 0.002516
4725083 H 4735430 0.002516
4725084 P2 4725084 0.864500
4725084 P2 4735433 0.135500
4725084 Z0 4725086 0.999537
4725084 Z0 4725085 0.000154
4725084 Z0 4725083 0.000154
4725084 Z0 4725084 0.000154
4725084 H 4725084 0.981822
4725084 H 4735428 0.003082
4725084 H 4725083 0.002516
4725084 H 4735427 0.002516
4725084 H 4725085 0.002516
4725084 H 4735430 0.002516
4725084 H 4725086 0.002516
4725084 H 4735429 0.002516
4725085 P2 4725085 0.864500
4725085 P2 4745773 0.135500
4725085 Z0 4725083 0.999537
4725085 Z0 4725084 0.000154
4725085 Z0 4725086 0.000154
4725085 Z0 4725085 0.000154
4725085 H 4735430 0.981822
4725085 H 4725085 0.003082
4725085 H 4735429 0.002516
4725085 H 4725086 0.002516
4725085 H 4735428 0.002516
4725085 H 4725084 0.002516
4725085 H 4735427 0.002516
4725085 H 4725083 0.002516
4725086 P2 4725086 0.864500
4725086 P2 4756113 0.135500
4725086 Z0 4725084 0.999537
4725086 Z0 4725083 0.000154
4725086 Z0 4725085 0.000154
4725086 Z0 4725086 0.000154
4725086 H 4735429 0.981822
4725086 H 4725086 0.003082
4725086 H 4735430 0.002516
4725086 H 4725085 0.002516
4725086 H 4735427 0.002516
4725086 H 4725083 0.002516
4725086 H 4735428 0.002516
4725086 H 4725084 0.002516
4725089 P2 4725083 0.864500
4725089 P2 4725089 0.135500
4725089 Z0 4745773 0.999537
4725089 Z0 4756113 0.000154
4725089 Z0 4735433 0.000154
4725089 Z0 4725089 0.000154
4725089 H 4725089 0.981822
4725089 H 4776790 0.003082
4725089 H 4735433 0.002516
4725089 H 4776791 0.002516
4725089 H 4756113 0.002516
4725089 H 4776792 0.002516
4725089 H 4745773 0.002516
4725089 H 4776793 0.002516
4735427 P2 4776790 0.864500
4735427 P2 4735427 0.135500
4735427 Z0 4735430 0.999537
4735427 Z0 4735429 0.000154
4735427 Z0 4735428 0.000154
4735427 Z0 4735427 0.000154
4735427 H 4735427 0.981822
4735427 H 4725083 0.003082
4735427 H 4735428 0.002516
4735427 H 4725084 0.002516
4735427 H 4735429 0.002516
4735427 H 4725086 0.002516
4735427 H 4735430 0.002516
4735427 H 4725085 0.002516
4735428 P2 4776791 0.864500
4735428 P2 4735428 0.135500
4735428 Z0 4735429 0.999537
4735428 Z0 4735430 0.000154
4735428 Z0 4735427 0.000154
4735428 Z0 4735428 0.000154
4735428 H 4735428 0.981822
4735428 H 4725084 0.003082
4735428 H 4735427 0.002516
4735428 H 4725083 0.002516
4735428 H 4735430 0.002516
4735428 H 4725085 0.002516
4735428 H 4735429 0.002516
4735428 H 4725086 0.002516
4735429 P2 4776792 0.864500
4735429 P2 4735429 0.135500
4735429 Z0 4735428 0.999537
4735429 Z0 4735427 0.000154
4735429 Z0 4735430 0.000154
4735429 Z0 4735429 0.000154
4735429 H 4725086 0.981822
4735429 H 4735429 0.003082
4735429 H 4725085 0.002516
4735429 H 4735430 0.002516
4735429 H 4725083 0.002516
4735429 H 4735427 0.002516
4735429 H 4725084 0.002516
4735429 H 4735428 0.002516
4735430 P2 4776793 0.864500
4735430 P2 4735430 0.135500
4735430 Z0 4735427 0.999537
4735430 Z0 4735428 0.000154
4735430 Z0 4735429 0.000154
4735430 Z0 4735430 0.000154
4735430 H 4725085 0.981822
4735430 H 4735430 0.003082
4735430 H 4725086 0.002516
4735430 H 4735429 0.002516
4735430 H 4725084 0.002516
4735430 H 4735428 0.002516
4735430 H 4725083 0.002516
4735430 H 4735427 0.002516
4735433 P2 4725084 0.864500
4735433 P2 4735433 0.135500
4735433 Z0 4756113 0.999537
4735433 Z0 4745773 0.000154
4735433 Z0 4725089 0.000154
4735433 Z0 4735433 0.000154
4735433 H 4735433 0.981822
4735433 H 4776791 0.003082
4735433 H 4725089 0.002516
4735433 H 4776790 0.002516
4735433 H 4745773 0.002516
4735433 H 4776793 0.002516
4735433 H 4756113 0.002516
4735433 H 4776792 0.002516
4745773 P2 4725085 0.864500
4745773 P2 4745773 0.135500
4745773 Z0 4725089 0.999537
4745773 Z0 4735433 0.000154
4745773 Z0 4756113 0.000154
4745773 Z0 4745773 0.000154
4745773 H 4776793 0.981822
4745773 H 4745773 0.003082
4745773 H 4776792 0.002516
4745773 H 4756113 0.002516
4745773 H 4776791 0.002516
4745773 H 4735433 0.002516
4745773 H 4776790 0.002516
4745773 H 4725089 0.002516
4756113 P2 4725086 0.864500
4756113 P2 4756113 0.135500
4756113 Z0 4735433 0.999537
4756113 Z0 4725089 0.000154
4756113 Z0 4745773 0.000154
4756113 Z0 4756113 0.000154
4756113 H 4776792 0.981822
4756113 H 4756113 0.003082
4756113 H 4776793 0.002516
4756113 H 4745773 0.002516
4756113 H 4776790 0.002516
4756113 H 4725089 0.002516
4756113 H 4776791 0.002516
4756113 H 4735433 0.002516
4776790 P2 4776790 0.864500
4776790 P2 4735427 0.135500
4776790 Z0 4776793 0.999537
4776790 Z0 4776792 0.000154
4776790 Z0 4776791 0.000154
4776790 Z0 4776790 0.000154
4776790 H 4776790 0.981822
4776790 H 4725089 0.003082
4776790 H 4776791 0.002516
4776790 H 4735433 0.002516
4776790 H 4776792 0.002516
4776790 H 4756113 0.002516
4776790 H 4776793 0.002516
4776790 H 4745773 0.002516
4776791 P2 4776791 0.864500
4776791 P2 4735428 0.135500
4776791 Z0 4776792 0.999537
4776791 Z0 4776793 0.000154
4776791 Z0 4776790 0.000154
4776791 Z0 4776791 0.000154
4776791 H 4776791 0.981822
4776791 H 4735433 0.003082
4776791 H 4776790 0.002516
4776791 H 4725089 0.002516
4776791 H 4776793 0.002516
4776791 H 4745773 0.002516
4776791 H 4776792 0.002516
4776791 H 4756113 0.002516
4776792 P2 4776792 0.864500
4776792 P2 4735429 0.135500
4776792 Z0 4776791 0.999537
4776792 Z0 4776790 0.000154
4776792 Z0 4776793 0.000154
4776792 Z0 4776792 0.000154
4776792 H 4756113 0.981822
4776792 H 4776792 0.003082
4776792 H 4745773 0.002516
4776792 H 4776793 0.002516
4776792 H 4725089 0.002516
4776792 H 4776790 0.002516
4776792 H 4735433 0.002516
4776792 H 4776791 0.002516
4776793 P2 4776793 0.864500
4776793 P2 4735430 0.135500
4776793 Z0 4776790 0.999537
4776793 Z0 4776791 0.000154
4776793 Z0 4776792 0.000154
4776793 Z0 4776793 0.000154
4776793 H 4745773 0.981822
4776793 H 4776793 0.003082
4776793 H 4756113 0.002516
4776793 H 4776792 0.002516
4776793 H 4735433 0.002516
4776793 H 4776791 0.002516
4776793 H 4725089 0.002516
4776793 H 4776790 0.002516
ENDPOMDP
