BEGINPOMDP
INITIALSTATE: 6038370
STATES: 6090080,6090081,6038370,6038371,6038372,6038373,6038374,6038377,6048715,6048716,6048717,6048718,6048721,6059061,6069401,6090078,6090079
REWARDS: 6090080:0.0,6090081:0.0,6038370:0.0,6038371:1.0,6038372:1.0,6038373:0.0,6038374:0.0,6038377:1.0,6048715:1.0,6048716:1.0,6048717:0.0,6048718:0.0,6048721:1.0,6059061:0.0,6069401:0.0,6090078:1.0,6090079:1.0
GAMMA: 6090080:1,6090081:1,6038370:0,6038371:0,6038372:0,6038373:0,6038374:0,6038377:1,6048715:0,6048716:0,6048717:0,6048718:0,6048721:1,6059061:1,6069401:1,6090078:1,6090079:1
BEGINACTIONS
P2
Z0
H
ENDACTIONS
6038370 INIT_ 6038371 0.250000
6038370 INIT_ 6038372 0.250000
6038370 INIT_ 6038373 0.250000
6038370 INIT_ 6038374 0.250000
6038371 P2 6038371 0.705000
6038371 P2 6038377 0.295000
6038371 Z0 6038373 0.994518
6038371 Z0 6038374 0.001827
6038371 Z0 6038372 0.001827
6038371 Z0 6038371 0.001827
6038371 H 6038371 0.968039
6038371 H 6048715 0.005239
6038371 H 6038372 0.004454
6038371 H 6048716 0.004454
6038371 H 6038374 0.004454
6038371 H 6048717 0.004454
6038371 H 6038373 0.004454
6038371 H 6048718 0.004454
6038372 P2 6038372 0.705000
6038372 P2 6048721 0.295000
6038372 Z0 6038374 0.994518
6038372 Z0 6038373 0.001827
6038372 Z0 6038371 0.001827
6038372 Z0 6038372 0.001827
6038372 H 6038372 0.968039
6038372 H 6048716 0.005239
6038372 H 6038371 0.004454
6038372 H 6048715 0.004454
6038372 H 6038373 0.004454
6038372 H 6048718 0.004454
6038372 H 6038374 0.004454
6038372 H 6048717 0.004454
6038373 P2 6038373 0.705000
6038373 P2 6059061 0.295000
6038373 Z0 6038371 0.994518
6038373 Z0 6038372 0.001827
6038373 Z0 6038374 0.001827
6038373 Z0 6038373 0.001827
6038373 H 6048718 0.968039
6038373 H 6038373 0.005239
6038373 H 6048717 0.004454
6038373 H 6038374 0.004454
6038373 H 6048716 0.004454
6038373 H 6038372 0.004454
6038373 H 6048715 0.004454
6038373 H 6038371 0.004454
6038374 P2 6038374 0.705000
6038374 P2 6069401 0.295000
6038374 Z0 6038372 0.994518
6038374 Z0 6038371 0.001827
6038374 Z0 6038373 0.001827
6038374 Z0 6038374 0.001827
6038374 H 6048717 0.968039
6038374 H 6038374 0.005239
6038374 H 6048718 0.004454
6038374 H 6038373 0.004454
6038374 H 6048715 0.004454
6038374 H 6038371 0.004454
6038374 H 6048716 0.004454
6038374 H 6038372 0.004454
6038377 P2 6038371 0.705000
6038377 P2 6038377 0.295000
6038377 Z0 6059061 0.994518
6038377 Z0 6069401 0.001827
6038377 Z0 6048721 0.001827
6038377 Z0 6038377 0.001827
6038377 H 6038377 0.968039
6038377 H 6090078 0.005239
6038377 H 6048721 0.004454
6038377 H 6090079 0.004454
6038377 H 6069401 0.004454
6038377 H 6090080 0.004454
6038377 H 6059061 0.004454
6038377 H 6090081 0.004454
6048715 P2 6090078 0.872800
6048715 P2 6048715 0.127200
6048715 Z0 6048718 0.994518
6048715 Z0 6048717 0.001827
6048715 Z0 6048716 0.001827
6048715 Z0 6048715 0.001827
6048715 H 6048715 0.968039
6048715 H 6038371 0.005239
6048715 H 6048716 0.004454
6048715 H 6038372 0.004454
6048715 H 6048717 0.004454
6048715 H 6038374 0.004454
6048715 H 6048718 0.004454
6048715 H 6038373 0.004454
6048716 P2 6090079 0.872800
6048716 P2 6048716 0.127200
6048716 Z0 6048717 0.994518
6048716 Z0 6048718 0.001827
6048716 Z0 6048715 0.001827
6048716 Z0 6048716 0.001827
6048716 H 6048716 0.968039
6048716 H 6038372 0.005239
6048716 H 6048715 0.004454
6048716 H 6038371 0.004454
6048716 H 6048718 0.004454
6048716 H 6038373 0.004454
6048716 H 6048717 0.004454
6048716 H 6038374 0.004454
6048717 P2 6090080 0.872800
6048717 P2 6048717 0.127200
6048717 Z0 6048716 0.994518
6048717 Z0 6048715 0.001827
6048717 Z0 6048718 0.001827
6048717 Z0 6048717 0.001827
6048717 H 6038374 0.968039
6048717 H 6048717 0.005239
6048717 H 6038373 0.004454
6048717 H 6048718 0.004454
6048717 H 6038371 0.004454
6048717 H 6048715 0.004454
6048717 H 6038372 0.004454
6048717 H 6048716 0.004454
6048718 P2 6090081 0.872800
6048718 P2 6048718 0.127200
6048718 Z0 6048715 0.994518
6048718 Z0 6048716 0.001827
6048718 Z0 6048717 0.001827
6048718 Z0 6048718 0.001827
6048718 H 6038373 0.968039
6048718 H 6048718 0.005239
6048718 H 6038374 0.004454
6048718 H 6048717 0.004454
6048718 H 6038372 0.004454
6048718 H 6048716 0.004454
6048718 H 6038371 0.004454
6048718 H 6048715 0.004454
6048721 P2 6038372 0.705000
6048721 P2 6048721 0.295000
6048721 Z0 6069401 0.994518
6048721 Z0 6059061 0.001827
6048721 Z0 6038377 0.001827
6048721 Z0 6048721 0.001827
6048721 H 6048721 0.968039
6048721 H 6090079 0.005239
6048721 H 6038377 0.004454
6048721 H 6090078 0.004454
6048721 H 6059061 0.004454
6048721 H 6090081 0.004454
6048721 H 6069401 0.004454
6048721 H 6090080 0.004454
6059061 P2 6038373 0.705000
6059061 P2 6059061 0.295000
6059061 Z0 6038377 0.994518
6059061 Z0 6048721 0.001827
6059061 Z0 6069401 0.001827
6059061 Z0 6059061 0.001827
6059061 H 6090081 0.968039
6059061 H 6059061 0.005239
6059061 H 6090080 0.004454
6059061 H 6069401 0.004454
6059061 H 6090079 0.004454
6059061 H 6048721 0.004454
6059061 H 6090078 0.004454
6059061 H 6038377 0.004454
6069401 P2 6038374 0.705000
6069401 P2 6069401 0.295000
6069401 Z0 6048721 0.994518
6069401 Z0 6038377 0.001827
6069401 Z0 6059061 0.001827
6069401 Z0 6069401 0.001827
6069401 H 6090080 0.968039
6069401 H 6069401 0.005239
6069401 H 6090081 0.004454
6069401 H 6059061 0.004454
6069401 H 6090078 0.004454
6069401 H 6038377 0.004454
6069401 H 6090079 0.004454
6069401 H 6048721 0.004454
6090078 P2 6090078 0.872800
6090078 P2 6048715 0.127200
6090078 Z0 6090081 0.994518
6090078 Z0 6090080 0.001827
6090078 Z0 6090079 0.001827
6090078 Z0 6090078 0.001827
6090078 H 6090078 0.968039
6090078 H 6038377 0.005239
6090078 H 6090079 0.004454
6090078 H 6048721 0.004454
6090078 H 6090080 0.004454
6090078 H 6069401 0.004454
6090078 H 6090081 0.004454
6090078 H 6059061 0.004454
6090079 P2 6090079 0.872800
6090079 P2 6048716 0.127200
6090079 Z0 6090080 0.994518
6090079 Z0 6090081 0.001827
6090079 Z0 6090078 0.001827
6090079 Z0 6090079 0.001827
6090079 H 6090079 0.968039
6090079 H 6048721 0.005239
6090079 H 6090078 0.004454
6090079 H 6038377 0.004454
6090079 H 6090081 0.004454
6090079 H 6059061 0.004454
6090079 H 6090080 0.004454
6090079 H 6069401 0.004454
6090080 P2 6090080 0.872800
6090080 P2 6048717 0.127200
6090080 Z0 6090079 0.994518
6090080 Z0 6090078 0.001827
6090080 Z0 6090081 0.001827
6090080 Z0 6090080 0.001827
6090080 H 6069401 0.968039
6090080 H 6090080 0.005239
6090080 H 6059061 0.004454
6090080 H 6090081 0.004454
6090080 H 6038377 0.004454
6090080 H 6090078 0.004454
6090080 H 6048721 0.004454
6090080 H 6090079 0.004454
6090081 P2 6090081 0.872800
6090081 P2 6048718 0.127200
6090081 Z0 6090078 0.994518
6090081 Z0 6090079 0.001827
6090081 Z0 6090080 0.001827
6090081 Z0 6090081 0.001827
6090081 H 6059061 0.968039
6090081 H 6090081 0.005239
6090081 H 6069401 0.004454
6090081 H 6090080 0.004454
6090081 H 6048721 0.004454
6090081 H 6090079 0.004454
6090081 H 6038377 0.004454
6090081 H 6090078 0.004454
ENDPOMDP
