BEGINPOMDP
INITIALSTATE: 351408
STATES: 351970,351685,351686,352807,351688,351687,351691,353644,351408,351409,351410,351411,351412,352528,353365,352249,353086
REWARDS: 351970:0.0,351685:1.0,351686:0.0,352807:1.0,351688:1.0,351687:0.0,351691:1.0,353644:1.0,351408:0.0,351409:1.0,351410:0.0,351411:1.0,351412:0.0,352528:0.0,353365:0.0,352249:1.0,353086:0.0
GAMMA: 351970:1,351685:0,351686:0,352807:1,351688:0,351687:0,351691:1,353644:1,351408:0,351409:0,351410:0,351411:0,351412:0,352528:1,353365:1,352249:1,353086:1
BEGINACTIONS
CX
P2
X0
ENDACTIONS
351408 INIT_ 351409 0.250000
351408 INIT_ 351410 0.250000
351408 INIT_ 351411 0.250000
351408 INIT_ 351412 0.250000
351409 CX 351409 0.903838
351409 CX 351685 0.013737
351409 CX 351410 0.013737
351409 CX 351686 0.013737
351409 CX 351412 0.013737
351409 CX 351687 0.013737
351409 CX 351411 0.013737
351409 CX 351688 0.013737
351409 P2 351409 0.853750
351409 P2 351691 0.146250
351409 X0 351410 0.997548
351409 X0 351409 0.000817
351409 X0 351411 0.000817
351409 X0 351412 0.000817
351410 CX 351686 0.903838
351410 CX 351410 0.013737
351410 CX 351685 0.013737
351410 CX 351409 0.013737
351410 CX 351688 0.013737
351410 CX 351411 0.013737
351410 CX 351687 0.013737
351410 CX 351412 0.013737
351410 P2 351410 0.853750
351410 P2 351970 0.146250
351410 X0 351409 0.997548
351410 X0 351410 0.000817
351410 X0 351412 0.000817
351410 X0 351411 0.000817
351411 CX 351411 0.903838
351411 CX 351688 0.013737
351411 CX 351412 0.013737
351411 CX 351687 0.013737
351411 CX 351410 0.013737
351411 CX 351686 0.013737
351411 CX 351409 0.013737
351411 CX 351685 0.013737
351411 P2 351411 0.853750
351411 P2 352249 0.146250
351411 X0 351412 0.997548
351411 X0 351411 0.000817
351411 X0 351409 0.000817
351411 X0 351410 0.000817
351412 CX 351687 0.903838
351412 CX 351412 0.013737
351412 CX 351688 0.013737
351412 CX 351411 0.013737
351412 CX 351685 0.013737
351412 CX 351409 0.013737
351412 CX 351686 0.013737
351412 CX 351410 0.013737
351412 P2 351412 0.853750
351412 P2 352528 0.146250
351412 X0 351411 0.997548
351412 X0 351412 0.000817
351412 X0 351410 0.000817
351412 X0 351409 0.000817
351685 CX 351685 0.903838
351685 CX 351409 0.013737
351685 CX 351686 0.013737
351685 CX 351410 0.013737
351685 CX 351687 0.013737
351685 CX 351412 0.013737
351685 CX 351688 0.013737
351685 CX 351411 0.013737
351685 P2 352807 0.341250
351685 P2 351685 0.658750
351685 X0 351686 0.997548
351685 X0 351685 0.000817
351685 X0 351688 0.000817
351685 X0 351687 0.000817
351686 CX 351410 0.903838
351686 CX 351686 0.013737
351686 CX 351409 0.013737
351686 CX 351685 0.013737
351686 CX 351411 0.013737
351686 CX 351688 0.013737
351686 CX 351412 0.013737
351686 CX 351687 0.013737
351686 P2 353086 0.341250
351686 P2 351686 0.658750
351686 X0 351685 0.997548
351686 X0 351686 0.000817
351686 X0 351687 0.000817
351686 X0 351688 0.000817
351687 CX 351412 0.903838
351687 CX 351687 0.013737
351687 CX 351411 0.013737
351687 CX 351688 0.013737
351687 CX 351409 0.013737
351687 CX 351685 0.013737
351687 CX 351410 0.013737
351687 CX 351686 0.013737
351687 P2 353365 0.341250
351687 P2 351687 0.658750
351687 X0 351688 0.997548
351687 X0 351687 0.000817
351687 X0 351686 0.000817
351687 X0 351685 0.000817
351688 CX 351688 0.903838
351688 CX 351411 0.013737
351688 CX 351687 0.013737
351688 CX 351412 0.013737
351688 CX 351686 0.013737
351688 CX 351410 0.013737
351688 CX 351685 0.013737
351688 CX 351409 0.013737
351688 P2 353644 0.341250
351688 P2 351688 0.658750
351688 X0 351687 0.997548
351688 X0 351688 0.000817
351688 X0 351685 0.000817
351688 X0 351686 0.000817
351691 CX 351691 0.903838
351691 CX 352807 0.013737
351691 CX 351970 0.013737
351691 CX 353086 0.013737
351691 CX 352528 0.013737
351691 CX 353365 0.013737
351691 CX 352249 0.013737
351691 CX 353644 0.013737
351691 P2 351409 0.853750
351691 P2 351691 0.146250
351691 X0 351970 0.997548
351691 X0 351691 0.000817
351691 X0 352249 0.000817
351691 X0 352528 0.000817
351970 CX 353086 0.903838
351970 CX 351970 0.013737
351970 CX 352807 0.013737
351970 CX 351691 0.013737
351970 CX 353644 0.013737
351970 CX 352249 0.013737
351970 CX 353365 0.013737
351970 CX 352528 0.013737
351970 P2 351410 0.853750
351970 P2 351970 0.146250
351970 X0 351691 0.997548
351970 X0 351970 0.000817
351970 X0 352528 0.000817
351970 X0 352249 0.000817
352249 CX 352249 0.903838
352249 CX 353644 0.013737
352249 CX 352528 0.013737
352249 CX 353365 0.013737
352249 CX 351970 0.013737
352249 CX 353086 0.013737
352249 CX 351691 0.013737
352249 CX 352807 0.013737
352249 P2 351411 0.853750
352249 P2 352249 0.146250
352249 X0 352528 0.997548
352249 X0 352249 0.000817
352249 X0 351691 0.000817
352249 X0 351970 0.000817
352528 CX 353365 0.903838
352528 CX 352528 0.013737
352528 CX 353644 0.013737
352528 CX 352249 0.013737
352528 CX 352807 0.013737
352528 CX 351691 0.013737
352528 CX 353086 0.013737
352528 CX 351970 0.013737
352528 P2 351412 0.853750
352528 P2 352528 0.146250
352528 X0 352249 0.997548
352528 X0 352528 0.000817
352528 X0 351970 0.000817
352528 X0 351691 0.000817
352807 CX 352807 0.903838
352807 CX 351691 0.013737
352807 CX 353086 0.013737
352807 CX 351970 0.013737
352807 CX 353365 0.013737
352807 CX 352528 0.013737
352807 CX 353644 0.013737
352807 CX 352249 0.013737
352807 P2 352807 0.341250
352807 P2 351685 0.658750
352807 X0 353086 0.997548
352807 X0 352807 0.000817
352807 X0 353644 0.000817
352807 X0 353365 0.000817
353086 CX 351970 0.903838
353086 CX 353086 0.013737
353086 CX 351691 0.013737
353086 CX 352807 0.013737
353086 CX 352249 0.013737
353086 CX 353644 0.013737
353086 CX 352528 0.013737
353086 CX 353365 0.013737
353086 P2 353086 0.341250
353086 P2 351686 0.658750
353086 X0 352807 0.997548
353086 X0 353086 0.000817
353086 X0 353365 0.000817
353086 X0 353644 0.000817
353365 CX 352528 0.903838
353365 CX 353365 0.013737
353365 CX 352249 0.013737
353365 CX 353644 0.013737
353365 CX 351691 0.013737
353365 CX 352807 0.013737
353365 CX 351970 0.013737
353365 CX 353086 0.013737
353365 P2 353365 0.341250
353365 P2 351687 0.658750
353365 X0 353644 0.997548
353365 X0 353365 0.000817
353365 X0 353086 0.000817
353365 X0 352807 0.000817
353644 CX 353644 0.903838
353644 CX 352249 0.013737
353644 CX 353365 0.013737
353644 CX 352528 0.013737
353644 CX 353086 0.013737
353644 CX 351970 0.013737
353644 CX 352807 0.013737
353644 CX 351691 0.013737
353644 P2 353644 0.341250
353644 P2 351688 0.658750
353644 X0 353365 0.997548
353644 X0 353644 0.000817
353644 X0 352807 0.000817
353644 X0 353086 0.000817
ENDPOMDP
