BEGINPOMDP
INITIALSTATE: 338013
STATES: 338016,338017,339970,338854,339691,338575,338290,338291,339412,338293,338292,339133,338296,340249,338013,338014,338015
REWARDS: 338016:1.0,338017:0.0,339970:0.0,338854:1.0,339691:0.0,338575:0.0,338290:1.0,338291:0.0,339412:1.0,338293:1.0,338292:0.0,339133:0.0,338296:1.0,340249:1.0,338013:0.0,338014:1.0,338015:0.0
GAMMA: 338016:0,338017:0,339970:1,338854:1,339691:1,338575:1,338290:0,338291:0,339412:1,338293:0,338292:0,339133:1,338296:1,340249:1,338013:0,338014:0,338015:0
BEGINACTIONS
CX
P2
X0
ENDACTIONS
338013 INIT_ 338014 0.250000
338013 INIT_ 338015 0.250000
338013 INIT_ 338016 0.250000
338013 INIT_ 338017 0.250000
338014 CX 338014 0.936527
338014 CX 338290 0.009068
338014 CX 338015 0.009068
338014 CX 338291 0.009068
338014 CX 338017 0.009068
338014 CX 338292 0.009068
338014 CX 338016 0.009068
338014 CX 338293 0.009068
338014 P2 338014 0.790000
338014 P2 338296 0.210000
338014 X0 338015 0.996611
338014 X0 338014 0.001130
338014 X0 338016 0.001130
338014 X0 338017 0.001130
338015 CX 338291 0.936527
338015 CX 338015 0.009068
338015 CX 338290 0.009068
338015 CX 338014 0.009068
338015 CX 338293 0.009068
338015 CX 338016 0.009068
338015 CX 338292 0.009068
338015 CX 338017 0.009068
338015 P2 338015 0.790000
338015 P2 338575 0.210000
338015 X0 338014 0.996611
338015 X0 338015 0.001130
338015 X0 338017 0.001130
338015 X0 338016 0.001130
338016 CX 338016 0.936527
338016 CX 338293 0.009068
338016 CX 338017 0.009068
338016 CX 338292 0.009068
338016 CX 338015 0.009068
338016 CX 338291 0.009068
338016 CX 338014 0.009068
338016 CX 338290 0.009068
338016 P2 338016 0.790000
338016 P2 338854 0.210000
338016 X0 338017 0.996611
338016 X0 338016 0.001130
338016 X0 338014 0.001130
338016 X0 338015 0.001130
338017 CX 338292 0.936527
338017 CX 338017 0.009068
338017 CX 338293 0.009068
338017 CX 338016 0.009068
338017 CX 338290 0.009068
338017 CX 338014 0.009068
338017 CX 338291 0.009068
338017 CX 338015 0.009068
338017 P2 338017 0.790000
338017 P2 339133 0.210000
338017 X0 338016 0.996611
338017 X0 338017 0.001130
338017 X0 338015 0.001130
338017 X0 338014 0.001130
338290 CX 338290 0.936527
338290 CX 338014 0.009068
338290 CX 338291 0.009068
338290 CX 338015 0.009068
338290 CX 338292 0.009068
338290 CX 338017 0.009068
338290 CX 338293 0.009068
338290 CX 338016 0.009068
338290 P2 339412 0.791250
338290 P2 338290 0.208750
338290 X0 338291 0.996611
338290 X0 338290 0.001130
338290 X0 338293 0.001130
338290 X0 338292 0.001130
338291 CX 338015 0.936527
338291 CX 338291 0.009068
338291 CX 338014 0.009068
338291 CX 338290 0.009068
338291 CX 338016 0.009068
338291 CX 338293 0.009068
338291 CX 338017 0.009068
338291 CX 338292 0.009068
338291 P2 339691 0.791250
338291 P2 338291 0.208750
338291 X0 338290 0.996611
338291 X0 338291 0.001130
338291 X0 338292 0.001130
338291 X0 338293 0.001130
338292 CX 338017 0.936527
338292 CX 338292 0.009068
338292 CX 338016 0.009068
338292 CX 338293 0.009068
338292 CX 338014 0.009068
338292 CX 338290 0.009068
338292 CX 338015 0.009068
338292 CX 338291 0.009068
338292 P2 339970 0.791250
338292 P2 338292 0.208750
338292 X0 338293 0.996611
338292 X0 338292 0.001130
338292 X0 338291 0.001130
338292 X0 338290 0.001130
338293 CX 338293 0.936527
338293 CX 338016 0.009068
338293 CX 338292 0.009068
338293 CX 338017 0.009068
338293 CX 338291 0.009068
338293 CX 338015 0.009068
338293 CX 338290 0.009068
338293 CX 338014 0.009068
338293 P2 340249 0.791250
338293 P2 338293 0.208750
338293 X0 338292 0.996611
338293 X0 338293 0.001130
338293 X0 338290 0.001130
338293 X0 338291 0.001130
338296 CX 338296 0.936527
338296 CX 339412 0.009068
338296 CX 338575 0.009068
338296 CX 339691 0.009068
338296 CX 339133 0.009068
338296 CX 339970 0.009068
338296 CX 338854 0.009068
338296 CX 340249 0.009068
338296 P2 338014 0.790000
338296 P2 338296 0.210000
338296 X0 338575 0.996611
338296 X0 338296 0.001130
338296 X0 338854 0.001130
338296 X0 339133 0.001130
338575 CX 339691 0.936527
338575 CX 338575 0.009068
338575 CX 339412 0.009068
338575 CX 338296 0.009068
338575 CX 340249 0.009068
338575 CX 338854 0.009068
338575 CX 339970 0.009068
338575 CX 339133 0.009068
338575 P2 338015 0.790000
338575 P2 338575 0.210000
338575 X0 338296 0.996611
338575 X0 338575 0.001130
338575 X0 339133 0.001130
338575 X0 338854 0.001130
338854 CX 338854 0.936527
338854 CX 340249 0.009068
338854 CX 339133 0.009068
338854 CX 339970 0.009068
338854 CX 338575 0.009068
338854 CX 339691 0.009068
338854 CX 338296 0.009068
338854 CX 339412 0.009068
338854 P2 338016 0.790000
338854 P2 338854 0.210000
338854 X0 339133 0.996611
338854 X0 338854 0.001130
338854 X0 338296 0.001130
338854 X0 338575 0.001130
339133 CX 339970 0.936527
339133 CX 339133 0.009068
339133 CX 340249 0.009068
339133 CX 338854 0.009068
339133 CX 339412 0.009068
339133 CX 338296 0.009068
339133 CX 339691 0.009068
339133 CX 338575 0.009068
339133 P2 338017 0.790000
339133 P2 339133 0.210000
339133 X0 338854 0.996611
339133 X0 339133 0.001130
339133 X0 338575 0.001130
339133 X0 338296 0.001130
339412 CX 339412 0.936527
339412 CX 338296 0.009068
339412 CX 339691 0.009068
339412 CX 338575 0.009068
339412 CX 339970 0.009068
339412 CX 339133 0.009068
339412 CX 340249 0.009068
339412 CX 338854 0.009068
339412 P2 339412 0.791250
339412 P2 338290 0.208750
339412 X0 339691 0.996611
339412 X0 339412 0.001130
339412 X0 340249 0.001130
339412 X0 339970 0.001130
339691 CX 338575 0.936527
339691 CX 339691 0.009068
339691 CX 338296 0.009068
339691 CX 339412 0.009068
339691 CX 338854 0.009068
339691 CX 340249 0.009068
339691 CX 339133 0.009068
339691 CX 339970 0.009068
339691 P2 339691 0.791250
339691 P2 338291 0.208750
339691 X0 339412 0.996611
339691 X0 339691 0.001130
339691 X0 339970 0.001130
339691 X0 340249 0.001130
339970 CX 339133 0.936527
339970 CX 339970 0.009068
339970 CX 338854 0.009068
339970 CX 340249 0.009068
339970 CX 338296 0.009068
339970 CX 339412 0.009068
339970 CX 338575 0.009068
339970 CX 339691 0.009068
339970 P2 339970 0.791250
339970 P2 338292 0.208750
339970 X0 340249 0.996611
339970 X0 339970 0.001130
339970 X0 339691 0.001130
339970 X0 339412 0.001130
340249 CX 340249 0.936527
340249 CX 338854 0.009068
340249 CX 339970 0.009068
340249 CX 339133 0.009068
340249 CX 339691 0.009068
340249 CX 338575 0.009068
340249 CX 339412 0.009068
340249 CX 338296 0.009068
340249 P2 340249 0.791250
340249 P2 338293 0.208750
340249 X0 339970 0.996611
340249 X0 340249 0.001130
340249 X0 339412 0.001130
340249 X0 339691 0.001130
ENDPOMDP
