BEGINPOMDP
INITIALSTATE: 258971
STATES: 260928,259812,260091,260649,259533,259248,259249,260370,259251,259250,259254,261207,258971,258972,258973,258974,258975
REWARDS: 260928:0.0,259812:1.0,260091:0.0,260649:0.0,259533:0.0,259248:1.0,259249:0.0,260370:1.0,259251:1.0,259250:0.0,259254:1.0,261207:1.0,258971:0.0,258972:1.0,258973:0.0,258974:1.0,258975:0.0
GAMMA: 260928:1,259812:1,260091:1,260649:1,259533:1,259248:0,259249:0,260370:1,259251:0,259250:0,259254:1,261207:1,258971:0,258972:0,258973:0,258974:0,258975:0
BEGINACTIONS
CX
P2
X0
ENDACTIONS
258971 INIT_ 258972 0.250000
258971 INIT_ 258973 0.250000
258971 INIT_ 258974 0.250000
258971 INIT_ 258975 0.250000
258972 CX 258972 0.953408
258972 CX 259248 0.006656
258972 CX 258973 0.006656
258972 CX 259249 0.006656
258972 CX 258975 0.006656
258972 CX 259250 0.006656
258972 CX 258974 0.006656
258972 CX 259251 0.006656
258972 P2 258972 0.937200
258972 P2 259254 0.062800
258972 X0 258973 0.998075
258972 X0 258972 0.000642
258972 X0 258974 0.000642
258972 X0 258975 0.000642
258973 CX 259249 0.953408
258973 CX 258973 0.006656
258973 CX 259248 0.006656
258973 CX 258972 0.006656
258973 CX 259251 0.006656
258973 CX 258974 0.006656
258973 CX 259250 0.006656
258973 CX 258975 0.006656
258973 P2 258973 0.937200
258973 P2 259533 0.062800
258973 X0 258972 0.998075
258973 X0 258973 0.000642
258973 X0 258975 0.000642
258973 X0 258974 0.000642
258974 CX 258974 0.953408
258974 CX 259251 0.006656
258974 CX 258975 0.006656
258974 CX 259250 0.006656
258974 CX 258973 0.006656
258974 CX 259249 0.006656
258974 CX 258972 0.006656
258974 CX 259248 0.006656
258974 P2 258974 0.937200
258974 P2 259812 0.062800
258974 X0 258975 0.998075
258974 X0 258974 0.000642
258974 X0 258972 0.000642
258974 X0 258973 0.000642
258975 CX 259250 0.953408
258975 CX 258975 0.006656
258975 CX 259251 0.006656
258975 CX 258974 0.006656
258975 CX 259248 0.006656
258975 CX 258972 0.006656
258975 CX 259249 0.006656
258975 CX 258973 0.006656
258975 P2 258975 0.937200
258975 P2 260091 0.062800
258975 X0 258974 0.998075
258975 X0 258975 0.000642
258975 X0 258973 0.000642
258975 X0 258972 0.000642
259248 CX 259248 0.953408
259248 CX 258972 0.006656
259248 CX 259249 0.006656
259248 CX 258973 0.006656
259248 CX 259250 0.006656
259248 CX 258975 0.006656
259248 CX 259251 0.006656
259248 CX 258974 0.006656
259248 P2 260370 0.924200
259248 P2 259248 0.075800
259248 X0 259249 0.998075
259248 X0 259248 0.000642
259248 X0 259251 0.000642
259248 X0 259250 0.000642
259249 CX 258973 0.953408
259249 CX 259249 0.006656
259249 CX 258972 0.006656
259249 CX 259248 0.006656
259249 CX 258974 0.006656
259249 CX 259251 0.006656
259249 CX 258975 0.006656
259249 CX 259250 0.006656
259249 P2 260649 0.924200
259249 P2 259249 0.075800
259249 X0 259248 0.998075
259249 X0 259249 0.000642
259249 X0 259250 0.000642
259249 X0 259251 0.000642
259250 CX 258975 0.953408
259250 CX 259250 0.006656
259250 CX 258974 0.006656
259250 CX 259251 0.006656
259250 CX 258972 0.006656
259250 CX 259248 0.006656
259250 CX 258973 0.006656
259250 CX 259249 0.006656
259250 P2 260928 0.924200
259250 P2 259250 0.075800
259250 X0 259251 0.998075
259250 X0 259250 0.000642
259250 X0 259249 0.000642
259250 X0 259248 0.000642
259251 CX 259251 0.953408
259251 CX 258974 0.006656
259251 CX 259250 0.006656
259251 CX 258975 0.006656
259251 CX 259249 0.006656
259251 CX 258973 0.006656
259251 CX 259248 0.006656
259251 CX 258972 0.006656
259251 P2 261207 0.924200
259251 P2 259251 0.075800
259251 X0 259250 0.998075
259251 X0 259251 0.000642
259251 X0 259248 0.000642
259251 X0 259249 0.000642
259254 CX 259254 0.953408
259254 CX 260370 0.006656
259254 CX 259533 0.006656
259254 CX 260649 0.006656
259254 CX 260091 0.006656
259254 CX 260928 0.006656
259254 CX 259812 0.006656
259254 CX 261207 0.006656
259254 P2 258972 0.937200
259254 P2 259254 0.062800
259254 X0 259533 0.998075
259254 X0 259254 0.000642
259254 X0 259812 0.000642
259254 X0 260091 0.000642
259533 CX 260649 0.953408
259533 CX 259533 0.006656
259533 CX 260370 0.006656
259533 CX 259254 0.006656
259533 CX 261207 0.006656
259533 CX 259812 0.006656
259533 CX 260928 0.006656
259533 CX 260091 0.006656
259533 P2 258973 0.937200
259533 P2 259533 0.062800
259533 X0 259254 0.998075
259533 X0 259533 0.000642
259533 X0 260091 0.000642
259533 X0 259812 0.000642
259812 CX 259812 0.953408
259812 CX 261207 0.006656
259812 CX 260091 0.006656
259812 CX 260928 0.006656
259812 CX 259533 0.006656
259812 CX 260649 0.006656
259812 CX 259254 0.006656
259812 CX 260370 0.006656
259812 P2 258974 0.937200
259812 P2 259812 0.062800
259812 X0 260091 0.998075
259812 X0 259812 0.000642
259812 X0 259254 0.000642
259812 X0 259533 0.000642
260091 CX 260928 0.953408
260091 CX 260091 0.006656
260091 CX 261207 0.006656
260091 CX 259812 0.006656
260091 CX 260370 0.006656
260091 CX 259254 0.006656
260091 CX 260649 0.006656
260091 CX 259533 0.006656
260091 P2 258975 0.937200
260091 P2 260091 0.062800
260091 X0 259812 0.998075
260091 X0 260091 0.000642
260091 X0 259533 0.000642
260091 X0 259254 0.000642
260370 CX 260370 0.953408
260370 CX 259254 0.006656
260370 CX 260649 0.006656
260370 CX 259533 0.006656
260370 CX 260928 0.006656
260370 CX 260091 0.006656
260370 CX 261207 0.006656
260370 CX 259812 0.006656
260370 P2 260370 0.924200
260370 P2 259248 0.075800
260370 X0 260649 0.998075
260370 X0 260370 0.000642
260370 X0 261207 0.000642
260370 X0 260928 0.000642
260649 CX 259533 0.953408
260649 CX 260649 0.006656
260649 CX 259254 0.006656
260649 CX 260370 0.006656
260649 CX 259812 0.006656
260649 CX 261207 0.006656
260649 CX 260091 0.006656
260649 CX 260928 0.006656
260649 P2 260649 0.924200
260649 P2 259249 0.075800
260649 X0 260370 0.998075
260649 X0 260649 0.000642
260649 X0 260928 0.000642
260649 X0 261207 0.000642
260928 CX 260091 0.953408
260928 CX 260928 0.006656
260928 CX 259812 0.006656
260928 CX 261207 0.006656
260928 CX 259254 0.006656
260928 CX 260370 0.006656
260928 CX 259533 0.006656
260928 CX 260649 0.006656
260928 P2 260928 0.924200
260928 P2 259250 0.075800
260928 X0 261207 0.998075
260928 X0 260928 0.000642
260928 X0 260649 0.000642
260928 X0 260370 0.000642
261207 CX 261207 0.953408
261207 CX 259812 0.006656
261207 CX 260928 0.006656
261207 CX 260091 0.006656
261207 CX 260649 0.006656
261207 CX 259533 0.006656
261207 CX 260370 0.006656
261207 CX 259254 0.006656
261207 P2 261207 0.924200
261207 P2 259251 0.075800
261207 X0 260928 0.998075
261207 X0 261207 0.000642
261207 X0 260370 0.000642
261207 X0 260649 0.000642
ENDPOMDP
