BEGINPOMDP
INITIALSTATE: 869108
STATES: 870786,869670,869385,869386,870507,869388,869387,869391,871344,871065,869108,869109,869110,869111,869112,870228,869949
REWARDS: 870786:0.0,869670:0.0,869385:1.0,869386:0.0,870507:1.0,869388:1.0,869387:0.0,869391:1.0,871344:1.0,871065:0.0,869108:0.0,869109:1.0,869110:0.0,869111:1.0,869112:0.0,870228:0.0,869949:1.0
GAMMA: 870786:1,869670:1,869385:0,869386:0,870507:1,869388:0,869387:0,869391:1,871344:1,871065:1,869108:0,869109:0,869110:0,869111:0,869112:0,870228:1,869949:1
BEGINACTIONS
CX
P2
X0
ENDACTIONS
869108 INIT_ 869109 0.250000
869108 INIT_ 869110 0.250000
869108 INIT_ 869111 0.250000
869108 INIT_ 869112 0.250000
869109 CX 869109 0.968464
869109 CX 869385 0.004505
869109 CX 869110 0.004505
869109 CX 869386 0.004505
869109 CX 869112 0.004505
869109 CX 869387 0.004505
869109 CX 869111 0.004505
869109 CX 869388 0.004505
869109 P2 869109 0.997800
869109 P2 869391 0.002200
869109 X0 869110 0.999426
869109 X0 869109 0.000191
869109 X0 869111 0.000191
869109 X0 869112 0.000191
869110 CX 869386 0.968464
869110 CX 869110 0.004505
869110 CX 869385 0.004505
869110 CX 869109 0.004505
869110 CX 869388 0.004505
869110 CX 869111 0.004505
869110 CX 869387 0.004505
869110 CX 869112 0.004505
869110 P2 869110 0.997800
869110 P2 869670 0.002200
869110 X0 869109 0.999426
869110 X0 869110 0.000191
869110 X0 869112 0.000191
869110 X0 869111 0.000191
869111 CX 869111 0.968464
869111 CX 869388 0.004505
869111 CX 869112 0.004505
869111 CX 869387 0.004505
869111 CX 869110 0.004505
869111 CX 869386 0.004505
869111 CX 869109 0.004505
869111 CX 869385 0.004505
869111 P2 869111 0.997800
869111 P2 869949 0.002200
869111 X0 869112 0.999426
869111 X0 869111 0.000191
869111 X0 869109 0.000191
869111 X0 869110 0.000191
869112 CX 869387 0.968464
869112 CX 869112 0.004505
869112 CX 869388 0.004505
869112 CX 869111 0.004505
869112 CX 869385 0.004505
869112 CX 869109 0.004505
869112 CX 869386 0.004505
869112 CX 869110 0.004505
869112 P2 869112 0.997800
869112 P2 870228 0.002200
869112 X0 869111 0.999426
869112 X0 869112 0.000191
869112 X0 869110 0.000191
869112 X0 869109 0.000191
869385 CX 869385 0.968464
869385 CX 869109 0.004505
869385 CX 869386 0.004505
869385 CX 869110 0.004505
869385 CX 869387 0.004505
869385 CX 869112 0.004505
869385 CX 869388 0.004505
869385 CX 869111 0.004505
869385 P2 870507 0.989600
869385 P2 869385 0.010400
869385 X0 869386 0.999426
869385 X0 869385 0.000191
869385 X0 869388 0.000191
869385 X0 869387 0.000191
869386 CX 869110 0.968464
869386 CX 869386 0.004505
869386 CX 869109 0.004505
869386 CX 869385 0.004505
869386 CX 869111 0.004505
869386 CX 869388 0.004505
869386 CX 869112 0.004505
869386 CX 869387 0.004505
869386 P2 870786 0.989600
869386 P2 869386 0.010400
869386 X0 869385 0.999426
869386 X0 869386 0.000191
869386 X0 869387 0.000191
869386 X0 869388 0.000191
869387 CX 869112 0.968464
869387 CX 869387 0.004505
869387 CX 869111 0.004505
869387 CX 869388 0.004505
869387 CX 869109 0.004505
869387 CX 869385 0.004505
869387 CX 869110 0.004505
869387 CX 869386 0.004505
869387 P2 871065 0.989600
869387 P2 869387 0.010400
869387 X0 869388 0.999426
869387 X0 869387 0.000191
869387 X0 869386 0.000191
869387 X0 869385 0.000191
869388 CX 869388 0.968464
869388 CX 869111 0.004505
869388 CX 869387 0.004505
869388 CX 869112 0.004505
869388 CX 869386 0.004505
869388 CX 869110 0.004505
869388 CX 869385 0.004505
869388 CX 869109 0.004505
869388 P2 871344 0.989600
869388 P2 869388 0.010400
869388 X0 869387 0.999426
869388 X0 869388 0.000191
869388 X0 869385 0.000191
869388 X0 869386 0.000191
869391 CX 869391 0.968464
869391 CX 870507 0.004505
869391 CX 869670 0.004505
869391 CX 870786 0.004505
869391 CX 870228 0.004505
869391 CX 871065 0.004505
869391 CX 869949 0.004505
869391 CX 871344 0.004505
869391 P2 869109 0.997800
869391 P2 869391 0.002200
869391 X0 869670 0.999426
869391 X0 869391 0.000191
869391 X0 869949 0.000191
869391 X0 870228 0.000191
869670 CX 870786 0.968464
869670 CX 869670 0.004505
869670 CX 870507 0.004505
869670 CX 869391 0.004505
869670 CX 871344 0.004505
869670 CX 869949 0.004505
869670 CX 871065 0.004505
869670 CX 870228 0.004505
869670 P2 869110 0.997800
869670 P2 869670 0.002200
869670 X0 869391 0.999426
869670 X0 869670 0.000191
869670 X0 870228 0.000191
869670 X0 869949 0.000191
869949 CX 869949 0.968464
869949 CX 871344 0.004505
869949 CX 870228 0.004505
869949 CX 871065 0.004505
869949 CX 869670 0.004505
869949 CX 870786 0.004505
869949 CX 869391 0.004505
869949 CX 870507 0.004505
869949 P2 869111 0.997800
869949 P2 869949 0.002200
869949 X0 870228 0.999426
869949 X0 869949 0.000191
869949 X0 869391 0.000191
869949 X0 869670 0.000191
870228 CX 871065 0.968464
870228 CX 870228 0.004505
870228 CX 871344 0.004505
870228 CX 869949 0.004505
870228 CX 870507 0.004505
870228 CX 869391 0.004505
870228 CX 870786 0.004505
870228 CX 869670 0.004505
870228 P2 869112 0.997800
870228 P2 870228 0.002200
870228 X0 869949 0.999426
870228 X0 870228 0.000191
870228 X0 869670 0.000191
870228 X0 869391 0.000191
870507 CX 870507 0.968464
870507 CX 869391 0.004505
870507 CX 870786 0.004505
870507 CX 869670 0.004505
870507 CX 871065 0.004505
870507 CX 870228 0.004505
870507 CX 871344 0.004505
870507 CX 869949 0.004505
870507 P2 870507 0.989600
870507 P2 869385 0.010400
870507 X0 870786 0.999426
870507 X0 870507 0.000191
870507 X0 871344 0.000191
870507 X0 871065 0.000191
870786 CX 869670 0.968464
870786 CX 870786 0.004505
870786 CX 869391 0.004505
870786 CX 870507 0.004505
870786 CX 869949 0.004505
870786 CX 871344 0.004505
870786 CX 870228 0.004505
870786 CX 871065 0.004505
870786 P2 870786 0.989600
870786 P2 869386 0.010400
870786 X0 870507 0.999426
870786 X0 870786 0.000191
870786 X0 871065 0.000191
870786 X0 871344 0.000191
871065 CX 870228 0.968464
871065 CX 871065 0.004505
871065 CX 869949 0.004505
871065 CX 871344 0.004505
871065 CX 869391 0.004505
871065 CX 870507 0.004505
871065 CX 869670 0.004505
871065 CX 870786 0.004505
871065 P2 871065 0.989600
871065 P2 869387 0.010400
871065 X0 871344 0.999426
871065 X0 871065 0.000191
871065 X0 870786 0.000191
871065 X0 870507 0.000191
871344 CX 871344 0.968464
871344 CX 869949 0.004505
871344 CX 871065 0.004505
871344 CX 870228 0.004505
871344 CX 870786 0.004505
871344 CX 869670 0.004505
871344 CX 870507 0.004505
871344 CX 869391 0.004505
871344 P2 871344 0.989600
871344 P2 869388 0.010400
871344 X0 871065 0.999426
871344 X0 871344 0.000191
871344 X0 870507 0.000191
871344 X0 870786 0.000191
ENDPOMDP
