BEGINPOMDP
INITIALSTATE: 267901
STATES: 267904,268161,267905,268162,268164,268163,269477,268167,269739,268429,267903,270001,268691,268953,267901,267902,269215
REWARDS: 267904:1.0,268161:1.0,267905:0.0,268162:0.0,268164:1.0,268163:0.0,269477:0.0,268167:1.0,269739:0.0,268429:0.0,267903:0.0,270001:1.0,268691:1.0,268953:0.0,267901:0.0,267902:1.0,269215:1.0
GAMMA: 267904:0,268161:0,267905:0,268162:0,268164:0,268163:0,269477:1,268167:1,269739:1,268429:1,267903:0,270001:1,268691:1,268953:1,267901:0,267902:0,269215:1
BEGINACTIONS
CX
P2
X0
ENDACTIONS
267901 INIT_ 267902 0.250000
267901 INIT_ 267903 0.250000
267901 INIT_ 267904 0.250000
267901 INIT_ 267905 0.250000
267902 CX 268161 0.132991
267902 CX 267902 0.069062
267902 CX 268162 0.132991
267902 CX 267903 0.132991
267902 CX 268163 0.132991
267902 CX 267905 0.132991
267902 CX 268164 0.132991
267902 CX 267904 0.132991
267902 P2 267902 0.945600
267902 P2 268167 0.054400
267902 X0 267903 0.999606
267902 X0 267902 0.000131
267902 X0 267904 0.000131
267902 X0 267905 0.000131
267903 CX 267903 0.132991
267903 CX 268162 0.069062
267903 CX 267902 0.132991
267903 CX 268161 0.132991
267903 CX 267904 0.132991
267903 CX 268164 0.132991
267903 CX 267905 0.132991
267903 CX 268163 0.132991
267903 P2 267903 0.945600
267903 P2 268429 0.054400
267903 X0 267902 0.999606
267903 X0 267903 0.000131
267903 X0 267905 0.000131
267903 X0 267904 0.000131
267904 CX 268164 0.132991
267904 CX 267904 0.069062
267904 CX 268163 0.132991
267904 CX 267905 0.132991
267904 CX 268162 0.132991
267904 CX 267903 0.132991
267904 CX 268161 0.132991
267904 CX 267902 0.132991
267904 P2 267904 0.945600
267904 P2 268691 0.054400
267904 X0 267905 0.999606
267904 X0 267904 0.000131
267904 X0 267902 0.000131
267904 X0 267903 0.000131
267905 CX 267905 0.132991
267905 CX 268163 0.069062
267905 CX 267904 0.132991
267905 CX 268164 0.132991
267905 CX 267902 0.132991
267905 CX 268161 0.132991
267905 CX 267903 0.132991
267905 CX 268162 0.132991
267905 P2 267905 0.945600
267905 P2 268953 0.054400
267905 X0 267904 0.999606
267905 X0 267905 0.000131
267905 X0 267903 0.000131
267905 X0 267902 0.000131
268161 CX 267902 0.132991
268161 CX 268161 0.069062
268161 CX 267903 0.132991
268161 CX 268162 0.132991
268161 CX 267905 0.132991
268161 CX 268163 0.132991
268161 CX 267904 0.132991
268161 CX 268164 0.132991
268161 P2 269215 0.945400
268161 P2 268161 0.054600
268161 X0 268162 0.999606
268161 X0 268161 0.000131
268161 X0 268164 0.000131
268161 X0 268163 0.000131
268162 CX 268162 0.132991
268162 CX 267903 0.069062
268162 CX 268161 0.132991
268162 CX 267902 0.132991
268162 CX 268164 0.132991
268162 CX 267904 0.132991
268162 CX 268163 0.132991
268162 CX 267905 0.132991
268162 P2 269477 0.945400
268162 P2 268162 0.054600
268162 X0 268161 0.999606
268162 X0 268162 0.000131
268162 X0 268163 0.000131
268162 X0 268164 0.000131
268163 CX 268163 0.132991
268163 CX 267905 0.069062
268163 CX 268164 0.132991
268163 CX 267904 0.132991
268163 CX 268161 0.132991
268163 CX 267902 0.132991
268163 CX 268162 0.132991
268163 CX 267903 0.132991
268163 P2 269739 0.945400
268163 P2 268163 0.054600
268163 X0 268164 0.999606
268163 X0 268163 0.000131
268163 X0 268162 0.000131
268163 X0 268161 0.000131
268164 CX 267904 0.132991
268164 CX 268164 0.069062
268164 CX 267905 0.132991
268164 CX 268163 0.132991
268164 CX 267903 0.132991
268164 CX 268162 0.132991
268164 CX 267902 0.132991
268164 CX 268161 0.132991
268164 P2 270001 0.945400
268164 P2 268164 0.054600
268164 X0 268163 0.999606
268164 X0 268164 0.000131
268164 X0 268161 0.000131
268164 X0 268162 0.000131
268167 CX 269215 0.132991
268167 CX 268167 0.069062
268167 CX 269477 0.132991
268167 CX 268429 0.132991
268167 CX 269739 0.132991
268167 CX 268953 0.132991
268167 CX 270001 0.132991
268167 CX 268691 0.132991
268167 P2 267902 0.945600
268167 P2 268167 0.054400
268167 X0 268429 0.999606
268167 X0 268167 0.000131
268167 X0 268691 0.000131
268167 X0 268953 0.000131
268429 CX 268429 0.132991
268429 CX 269477 0.069062
268429 CX 268167 0.132991
268429 CX 269215 0.132991
268429 CX 268691 0.132991
268429 CX 270001 0.132991
268429 CX 268953 0.132991
268429 CX 269739 0.132991
268429 P2 267903 0.945600
268429 P2 268429 0.054400
268429 X0 268167 0.999606
268429 X0 268429 0.000131
268429 X0 268953 0.000131
268429 X0 268691 0.000131
268691 CX 270001 0.132991
268691 CX 268691 0.069062
268691 CX 269739 0.132991
268691 CX 268953 0.132991
268691 CX 269477 0.132991
268691 CX 268429 0.132991
268691 CX 269215 0.132991
268691 CX 268167 0.132991
268691 P2 267904 0.945600
268691 P2 268691 0.054400
268691 X0 268953 0.999606
268691 X0 268691 0.000131
268691 X0 268167 0.000131
268691 X0 268429 0.000131
268953 CX 268953 0.132991
268953 CX 269739 0.069062
268953 CX 268691 0.132991
268953 CX 270001 0.132991
268953 CX 268167 0.132991
268953 CX 269215 0.132991
268953 CX 268429 0.132991
268953 CX 269477 0.132991
268953 P2 267905 0.945600
268953 P2 268953 0.054400
268953 X0 268691 0.999606
268953 X0 268953 0.000131
268953 X0 268429 0.000131
268953 X0 268167 0.000131
269215 CX 268167 0.132991
269215 CX 269215 0.069062
269215 CX 268429 0.132991
269215 CX 269477 0.132991
269215 CX 268953 0.132991
269215 CX 269739 0.132991
269215 CX 268691 0.132991
269215 CX 270001 0.132991
269215 P2 269215 0.945400
269215 P2 268161 0.054600
269215 X0 269477 0.999606
269215 X0 269215 0.000131
269215 X0 270001 0.000131
269215 X0 269739 0.000131
269477 CX 269477 0.132991
269477 CX 268429 0.069062
269477 CX 269215 0.132991
269477 CX 268167 0.132991
269477 CX 270001 0.132991
269477 CX 268691 0.132991
269477 CX 269739 0.132991
269477 CX 268953 0.132991
269477 P2 269477 0.945400
269477 P2 268162 0.054600
269477 X0 269215 0.999606
269477 X0 269477 0.000131
269477 X0 269739 0.000131
269477 X0 270001 0.000131
269739 CX 269739 0.132991
269739 CX 268953 0.069062
269739 CX 270001 0.132991
269739 CX 268691 0.132991
269739 CX 269215 0.132991
269739 CX 268167 0.132991
269739 CX 269477 0.132991
269739 CX 268429 0.132991
269739 P2 269739 0.945400
269739 P2 268163 0.054600
269739 X0 270001 0.999606
269739 X0 269739 0.000131
269739 X0 269477 0.000131
269739 X0 269215 0.000131
270001 CX 268691 0.132991
270001 CX 270001 0.069062
270001 CX 268953 0.132991
270001 CX 269739 0.132991
270001 CX 268429 0.132991
270001 CX 269477 0.132991
270001 CX 268167 0.132991
270001 CX 269215 0.132991
270001 P2 270001 0.945400
270001 P2 268164 0.054600
270001 X0 269739 0.999606
270001 X0 270001 0.000131
270001 X0 269215 0.000131
270001 X0 269477 0.000131
ENDPOMDP
