BEGINPOMDP
INITIALSTATE: 250041
STATES: 250882,251161,251719,250603,250318,250319,251440,250321,250320,250324,252277,250041,250042,250043,250044,250045,251998
REWARDS: 250882:1.0,251161:0.0,251719:0.0,250603:0.0,250318:1.0,250319:0.0,251440:1.0,250321:1.0,250320:0.0,250324:1.0,252277:1.0,250041:0.0,250042:1.0,250043:0.0,250044:1.0,250045:0.0,251998:0.0
GAMMA: 250882:1,251161:1,251719:1,250603:1,250318:0,250319:0,251440:1,250321:0,250320:0,250324:1,252277:1,250041:0,250042:0,250043:0,250044:0,250045:0,251998:1
BEGINACTIONS
CX
P2
X0
ENDACTIONS
250041 INIT_ 250042 0.250000
250041 INIT_ 250043 0.250000
250041 INIT_ 250044 0.250000
250041 INIT_ 250045 0.250000
250042 CX 250042 0.898063
250042 CX 250318 0.014562
250042 CX 250043 0.014562
250042 CX 250319 0.014562
250042 CX 250045 0.014562
250042 CX 250320 0.014562
250042 CX 250044 0.014562
250042 CX 250321 0.014562
250042 P2 250042 0.970800
250042 P2 250324 0.029200
250042 X0 250043 0.999559
250042 X0 250042 0.000147
250042 X0 250044 0.000147
250042 X0 250045 0.000147
250043 CX 250319 0.898063
250043 CX 250043 0.014562
250043 CX 250318 0.014562
250043 CX 250042 0.014562
250043 CX 250321 0.014562
250043 CX 250044 0.014562
250043 CX 250320 0.014562
250043 CX 250045 0.014562
250043 P2 250043 0.970800
250043 P2 250603 0.029200
250043 X0 250042 0.999559
250043 X0 250043 0.000147
250043 X0 250045 0.000147
250043 X0 250044 0.000147
250044 CX 250044 0.898063
250044 CX 250321 0.014562
250044 CX 250045 0.014562
250044 CX 250320 0.014562
250044 CX 250043 0.014562
250044 CX 250319 0.014562
250044 CX 250042 0.014562
250044 CX 250318 0.014562
250044 P2 250044 0.970800
250044 P2 250882 0.029200
250044 X0 250045 0.999559
250044 X0 250044 0.000147
250044 X0 250042 0.000147
250044 X0 250043 0.000147
250045 CX 250320 0.898063
250045 CX 250045 0.014562
250045 CX 250321 0.014562
250045 CX 250044 0.014562
250045 CX 250318 0.014562
250045 CX 250042 0.014562
250045 CX 250319 0.014562
250045 CX 250043 0.014562
250045 P2 250045 0.970800
250045 P2 251161 0.029200
250045 X0 250044 0.999559
250045 X0 250045 0.000147
250045 X0 250043 0.000147
250045 X0 250042 0.000147
250318 CX 250318 0.898063
250318 CX 250042 0.014562
250318 CX 250319 0.014562
250318 CX 250043 0.014562
250318 CX 250320 0.014562
250318 CX 250045 0.014562
250318 CX 250321 0.014562
250318 CX 250044 0.014562
250318 P2 251440 0.855600
250318 P2 250318 0.144400
250318 X0 250319 0.999559
250318 X0 250318 0.000147
250318 X0 250321 0.000147
250318 X0 250320 0.000147
250319 CX 250043 0.898063
250319 CX 250319 0.014562
250319 CX 250042 0.014562
250319 CX 250318 0.014562
250319 CX 250044 0.014562
250319 CX 250321 0.014562
250319 CX 250045 0.014562
250319 CX 250320 0.014562
250319 P2 251719 0.855600
250319 P2 250319 0.144400
250319 X0 250318 0.999559
250319 X0 250319 0.000147
250319 X0 250320 0.000147
250319 X0 250321 0.000147
250320 CX 250045 0.898063
250320 CX 250320 0.014562
250320 CX 250044 0.014562
250320 CX 250321 0.014562
250320 CX 250042 0.014562
250320 CX 250318 0.014562
250320 CX 250043 0.014562
250320 CX 250319 0.014562
250320 P2 251998 0.855600
250320 P2 250320 0.144400
250320 X0 250321 0.999559
250320 X0 250320 0.000147
250320 X0 250319 0.000147
250320 X0 250318 0.000147
250321 CX 250321 0.898063
250321 CX 250044 0.014562
250321 CX 250320 0.014562
250321 CX 250045 0.014562
250321 CX 250319 0.014562
250321 CX 250043 0.014562
250321 CX 250318 0.014562
250321 CX 250042 0.014562
250321 P2 252277 0.855600
250321 P2 250321 0.144400
250321 X0 250320 0.999559
250321 X0 250321 0.000147
250321 X0 250318 0.000147
250321 X0 250319 0.000147
250324 CX 250324 0.898063
250324 CX 251440 0.014562
250324 CX 250603 0.014562
250324 CX 251719 0.014562
250324 CX 251161 0.014562
250324 CX 251998 0.014562
250324 CX 250882 0.014562
250324 CX 252277 0.014562
250324 P2 250042 0.970800
250324 P2 250324 0.029200
250324 X0 250603 0.999559
250324 X0 250324 0.000147
250324 X0 250882 0.000147
250324 X0 251161 0.000147
250603 CX 251719 0.898063
250603 CX 250603 0.014562
250603 CX 251440 0.014562
250603 CX 250324 0.014562
250603 CX 252277 0.014562
250603 CX 250882 0.014562
250603 CX 251998 0.014562
250603 CX 251161 0.014562
250603 P2 250043 0.970800
250603 P2 250603 0.029200
250603 X0 250324 0.999559
250603 X0 250603 0.000147
250603 X0 251161 0.000147
250603 X0 250882 0.000147
250882 CX 250882 0.898063
250882 CX 252277 0.014562
250882 CX 251161 0.014562
250882 CX 251998 0.014562
250882 CX 250603 0.014562
250882 CX 251719 0.014562
250882 CX 250324 0.014562
250882 CX 251440 0.014562
250882 P2 250044 0.970800
250882 P2 250882 0.029200
250882 X0 251161 0.999559
250882 X0 250882 0.000147
250882 X0 250324 0.000147
250882 X0 250603 0.000147
251161 CX 251998 0.898063
251161 CX 251161 0.014562
251161 CX 252277 0.014562
251161 CX 250882 0.014562
251161 CX 251440 0.014562
251161 CX 250324 0.014562
251161 CX 251719 0.014562
251161 CX 250603 0.014562
251161 P2 250045 0.970800
251161 P2 251161 0.029200
251161 X0 250882 0.999559
251161 X0 251161 0.000147
251161 X0 250603 0.000147
251161 X0 250324 0.000147
251440 CX 251440 0.898063
251440 CX 250324 0.014562
251440 CX 251719 0.014562
251440 CX 250603 0.014562
251440 CX 251998 0.014562
251440 CX 251161 0.014562
251440 CX 252277 0.014562
251440 CX 250882 0.014562
251440 P2 251440 0.855600
251440 P2 250318 0.144400
251440 X0 251719 0.999559
251440 X0 251440 0.000147
251440 X0 252277 0.000147
251440 X0 251998 0.000147
251719 CX 250603 0.898063
251719 CX 251719 0.014562
251719 CX 250324 0.014562
251719 CX 251440 0.014562
251719 CX 250882 0.014562
251719 CX 252277 0.014562
251719 CX 251161 0.014562
251719 CX 251998 0.014562
251719 P2 251719 0.855600
251719 P2 250319 0.144400
251719 X0 251440 0.999559
251719 X0 251719 0.000147
251719 X0 251998 0.000147
251719 X0 252277 0.000147
251998 CX 251161 0.898063
251998 CX 251998 0.014562
251998 CX 250882 0.014562
251998 CX 252277 0.014562
251998 CX 250324 0.014562
251998 CX 251440 0.014562
251998 CX 250603 0.014562
251998 CX 251719 0.014562
251998 P2 251998 0.855600
251998 P2 250320 0.144400
251998 X0 252277 0.999559
251998 X0 251998 0.000147
251998 X0 251719 0.000147
251998 X0 251440 0.000147
252277 CX 252277 0.898063
252277 CX 250882 0.014562
252277 CX 251998 0.014562
252277 CX 251161 0.014562
252277 CX 251719 0.014562
252277 CX 250603 0.014562
252277 CX 251440 0.014562
252277 CX 250324 0.014562
252277 P2 252277 0.855600
252277 P2 250321 0.144400
252277 X0 251998 0.999559
252277 X0 252277 0.000147
252277 X0 251440 0.000147
252277 X0 251719 0.000147
ENDPOMDP
