BEGINPOMDP
INITIALSTATE: 258154
STATES: 258432,258433,258434,260418,258720,258437,260135,258154,258155,258156,258157,258158,259852,259569,259286,259003,258431
REWARDS: 258432:0.0,258433:0.0,258434:1.0,260418:1.0,258720:0.0,258437:1.0,260135:0.0,258154:0.0,258155:1.0,258156:0.0,258157:1.0,258158:0.0,259852:0.0,259569:1.0,259286:0.0,259003:1.0,258431:1.0
GAMMA: 258432:0,258433:0,258434:0,260418:1,258720:1,258437:1,260135:1,258154:0,258155:0,258156:0,258157:0,258158:0,259852:1,259569:1,259286:1,259003:1,258431:0
BEGINACTIONS
CX
P2
X0
X2
ENDACTIONS
258154 INIT_ 258155 0.250000
258154 INIT_ 258156 0.250000
258154 INIT_ 258157 0.250000
258154 INIT_ 258158 0.250000
258155 CX 258155 0.980489
258155 CX 258431 0.002787
258155 CX 258156 0.002787
258155 CX 258432 0.002787
258155 CX 258158 0.002787
258155 CX 258433 0.002787
258155 CX 258157 0.002787
258155 CX 258434 0.002787
258155 P2 258155 0.992200
258155 P2 258437 0.007800
258155 X0 258156 0.999397
258155 X0 258155 0.000201
258155 X0 258157 0.000201
258155 X0 258158 0.000201
258155 X2 258431 0.999721
258155 X2 258155 0.000279
258156 CX 258432 0.980489
258156 CX 258156 0.002787
258156 CX 258431 0.002787
258156 CX 258155 0.002787
258156 CX 258434 0.002787
258156 CX 258157 0.002787
258156 CX 258433 0.002787
258156 CX 258158 0.002787
258156 P2 258156 0.992200
258156 P2 258720 0.007800
258156 X0 258155 0.999397
258156 X0 258156 0.000201
258156 X0 258158 0.000201
258156 X0 258157 0.000201
258156 X2 258432 0.999721
258156 X2 258156 0.000279
258157 CX 258157 0.980489
258157 CX 258434 0.002787
258157 CX 258158 0.002787
258157 CX 258433 0.002787
258157 CX 258156 0.002787
258157 CX 258432 0.002787
258157 CX 258155 0.002787
258157 CX 258431 0.002787
258157 P2 258157 0.992200
258157 P2 259003 0.007800
258157 X0 258158 0.999397
258157 X0 258157 0.000201
258157 X0 258155 0.000201
258157 X0 258156 0.000201
258157 X2 258434 0.999721
258157 X2 258157 0.000279
258158 CX 258433 0.980489
258158 CX 258158 0.002787
258158 CX 258434 0.002787
258158 CX 258157 0.002787
258158 CX 258431 0.002787
258158 CX 258155 0.002787
258158 CX 258432 0.002787
258158 CX 258156 0.002787
258158 P2 258158 0.992200
258158 P2 259286 0.007800
258158 X0 258157 0.999397
258158 X0 258158 0.000201
258158 X0 258156 0.000201
258158 X0 258155 0.000201
258158 X2 258433 0.999721
258158 X2 258158 0.000279
258431 CX 258431 0.980489
258431 CX 258155 0.002787
258431 CX 258432 0.002787
258431 CX 258156 0.002787
258431 CX 258433 0.002787
258431 CX 258158 0.002787
258431 CX 258434 0.002787
258431 CX 258157 0.002787
258431 P2 259569 0.982800
258431 P2 258431 0.017200
258431 X0 258432 0.999397
258431 X0 258431 0.000201
258431 X0 258434 0.000201
258431 X0 258433 0.000201
258431 X2 258155 0.999721
258431 X2 258431 0.000279
258432 CX 258156 0.980489
258432 CX 258432 0.002787
258432 CX 258155 0.002787
258432 CX 258431 0.002787
258432 CX 258157 0.002787
258432 CX 258434 0.002787
258432 CX 258158 0.002787
258432 CX 258433 0.002787
258432 P2 259852 0.982800
258432 P2 258432 0.017200
258432 X0 258431 0.999397
258432 X0 258432 0.000201
258432 X0 258433 0.000201
258432 X0 258434 0.000201
258432 X2 258156 0.999721
258432 X2 258432 0.000279
258433 CX 258158 0.980489
258433 CX 258433 0.002787
258433 CX 258157 0.002787
258433 CX 258434 0.002787
258433 CX 258155 0.002787
258433 CX 258431 0.002787
258433 CX 258156 0.002787
258433 CX 258432 0.002787
258433 P2 260135 0.982800
258433 P2 258433 0.017200
258433 X0 258434 0.999397
258433 X0 258433 0.000201
258433 X0 258432 0.000201
258433 X0 258431 0.000201
258433 X2 258158 0.999721
258433 X2 258433 0.000279
258434 CX 258434 0.980489
258434 CX 258157 0.002787
258434 CX 258433 0.002787
258434 CX 258158 0.002787
258434 CX 258432 0.002787
258434 CX 258156 0.002787
258434 CX 258431 0.002787
258434 CX 258155 0.002787
258434 P2 260418 0.982800
258434 P2 258434 0.017200
258434 X0 258433 0.999397
258434 X0 258434 0.000201
258434 X0 258431 0.000201
258434 X0 258432 0.000201
258434 X2 258157 0.999721
258434 X2 258434 0.000279
258437 CX 258437 0.980489
258437 CX 259569 0.002787
258437 CX 258720 0.002787
258437 CX 259852 0.002787
258437 CX 259286 0.002787
258437 CX 260135 0.002787
258437 CX 259003 0.002787
258437 CX 260418 0.002787
258437 P2 258155 0.992200
258437 P2 258437 0.007800
258437 X0 258720 0.999397
258437 X0 258437 0.000201
258437 X0 259003 0.000201
258437 X0 259286 0.000201
258437 X2 259569 0.999721
258437 X2 258437 0.000279
258720 CX 259852 0.980489
258720 CX 258720 0.002787
258720 CX 259569 0.002787
258720 CX 258437 0.002787
258720 CX 260418 0.002787
258720 CX 259003 0.002787
258720 CX 260135 0.002787
258720 CX 259286 0.002787
258720 P2 258156 0.992200
258720 P2 258720 0.007800
258720 X0 258437 0.999397
258720 X0 258720 0.000201
258720 X0 259286 0.000201
258720 X0 259003 0.000201
258720 X2 259852 0.999721
258720 X2 258720 0.000279
259003 CX 259003 0.980489
259003 CX 260418 0.002787
259003 CX 259286 0.002787
259003 CX 260135 0.002787
259003 CX 258720 0.002787
259003 CX 259852 0.002787
259003 CX 258437 0.002787
259003 CX 259569 0.002787
259003 P2 258157 0.992200
259003 P2 259003 0.007800
259003 X0 259286 0.999397
259003 X0 259003 0.000201
259003 X0 258437 0.000201
259003 X0 258720 0.000201
259003 X2 260418 0.999721
259003 X2 259003 0.000279
259286 CX 260135 0.980489
259286 CX 259286 0.002787
259286 CX 260418 0.002787
259286 CX 259003 0.002787
259286 CX 259569 0.002787
259286 CX 258437 0.002787
259286 CX 259852 0.002787
259286 CX 258720 0.002787
259286 P2 258158 0.992200
259286 P2 259286 0.007800
259286 X0 259003 0.999397
259286 X0 259286 0.000201
259286 X0 258720 0.000201
259286 X0 258437 0.000201
259286 X2 260135 0.999721
259286 X2 259286 0.000279
259569 CX 259569 0.980489
259569 CX 258437 0.002787
259569 CX 259852 0.002787
259569 CX 258720 0.002787
259569 CX 260135 0.002787
259569 CX 259286 0.002787
259569 CX 260418 0.002787
259569 CX 259003 0.002787
259569 P2 259569 0.982800
259569 P2 258431 0.017200
259569 X0 259852 0.999397
259569 X0 259569 0.000201
259569 X0 260418 0.000201
259569 X0 260135 0.000201
259569 X2 258437 0.999721
259569 X2 259569 0.000279
259852 CX 258720 0.980489
259852 CX 259852 0.002787
259852 CX 258437 0.002787
259852 CX 259569 0.002787
259852 CX 259003 0.002787
259852 CX 260418 0.002787
259852 CX 259286 0.002787
259852 CX 260135 0.002787
259852 P2 259852 0.982800
259852 P2 258432 0.017200
259852 X0 259569 0.999397
259852 X0 259852 0.000201
259852 X0 260135 0.000201
259852 X0 260418 0.000201
259852 X2 258720 0.999721
259852 X2 259852 0.000279
260135 CX 259286 0.980489
260135 CX 260135 0.002787
260135 CX 259003 0.002787
260135 CX 260418 0.002787
260135 CX 258437 0.002787
260135 CX 259569 0.002787
260135 CX 258720 0.002787
260135 CX 259852 0.002787
260135 P2 260135 0.982800
260135 P2 258433 0.017200
260135 X0 260418 0.999397
260135 X0 260135 0.000201
260135 X0 259852 0.000201
260135 X0 259569 0.000201
260135 X2 259286 0.999721
260135 X2 260135 0.000279
260418 CX 260418 0.980489
260418 CX 259003 0.002787
260418 CX 260135 0.002787
260418 CX 259286 0.002787
260418 CX 259852 0.002787
260418 CX 258720 0.002787
260418 CX 259569 0.002787
260418 CX 258437 0.002787
260418 P2 260418 0.982800
260418 P2 258434 0.017200
260418 X0 260135 0.999397
260418 X0 260418 0.000201
260418 X0 259569 0.000201
260418 X0 259852 0.000201
260418 X2 259003 0.999721
260418 X2 260418 0.000279
ENDPOMDP
