BEGINPOMDP
INITIALSTATE: 275998
STATES: 276000,276001,276258,276002,276259,276261,276260,277062,276264,277860,278126,277328,276530,277594,276796,275998,275999
REWARDS: 276000:0.0,276001:1.0,276258:1.0,276002:0.0,276259:0.0,276261:1.0,276260:0.0,277062:0.0,276264:1.0,277860:0.0,278126:1.0,277328:1.0,276530:0.0,277594:0.0,276796:1.0,275998:0.0,275999:1.0
GAMMA: 276000:0,276001:0,276258:0,276002:0,276259:0,276261:0,276260:0,277062:1,276264:1,277860:1,278126:1,277328:1,276530:1,277594:1,276796:1,275998:0,275999:0
BEGINACTIONS
CX
P2
X0
X2
ENDACTIONS
275998 INIT_ 275999 0.250000
275998 INIT_ 276000 0.250000
275998 INIT_ 276001 0.250000
275998 INIT_ 276002 0.250000
275999 CX 276258 0.133151
275999 CX 275999 0.067940
275999 CX 276259 0.133151
275999 CX 276000 0.133151
275999 CX 276260 0.133151
275999 CX 276002 0.133151
275999 CX 276261 0.133151
275999 CX 276001 0.133151
275999 P2 275999 0.935400
275999 P2 276264 0.064600
275999 X0 276000 0.999303
275999 X0 275999 0.000232
275999 X0 276001 0.000232
275999 X0 276002 0.000232
275999 X2 276258 0.999725
275999 X2 275999 0.000275
276000 CX 276000 0.133151
276000 CX 276259 0.067940
276000 CX 275999 0.133151
276000 CX 276258 0.133151
276000 CX 276001 0.133151
276000 CX 276261 0.133151
276000 CX 276002 0.133151
276000 CX 276260 0.133151
276000 P2 276000 0.935400
276000 P2 276530 0.064600
276000 X0 275999 0.999303
276000 X0 276000 0.000232
276000 X0 276002 0.000232
276000 X0 276001 0.000232
276000 X2 276259 0.999725
276000 X2 276000 0.000275
276001 CX 276261 0.133151
276001 CX 276001 0.067940
276001 CX 276260 0.133151
276001 CX 276002 0.133151
276001 CX 276259 0.133151
276001 CX 276000 0.133151
276001 CX 276258 0.133151
276001 CX 275999 0.133151
276001 P2 276001 0.935400
276001 P2 276796 0.064600
276001 X0 276002 0.999303
276001 X0 276001 0.000232
276001 X0 275999 0.000232
276001 X0 276000 0.000232
276001 X2 276261 0.999725
276001 X2 276001 0.000275
276002 CX 276002 0.133151
276002 CX 276260 0.067940
276002 CX 276001 0.133151
276002 CX 276261 0.133151
276002 CX 275999 0.133151
276002 CX 276258 0.133151
276002 CX 276000 0.133151
276002 CX 276259 0.133151
276002 P2 276002 0.935400
276002 P2 277062 0.064600
276002 X0 276001 0.999303
276002 X0 276002 0.000232
276002 X0 276000 0.000232
276002 X0 275999 0.000232
276002 X2 276260 0.999725
276002 X2 276002 0.000275
276258 CX 275999 0.133151
276258 CX 276258 0.067940
276258 CX 276000 0.133151
276258 CX 276259 0.133151
276258 CX 276002 0.133151
276258 CX 276260 0.133151
276258 CX 276001 0.133151
276258 CX 276261 0.133151
276258 P2 277328 0.984600
276258 P2 276258 0.015400
276258 X0 276259 0.999303
276258 X0 276258 0.000232
276258 X0 276261 0.000232
276258 X0 276260 0.000232
276258 X2 275999 0.999725
276258 X2 276258 0.000275
276259 CX 276259 0.133151
276259 CX 276000 0.067940
276259 CX 276258 0.133151
276259 CX 275999 0.133151
276259 CX 276261 0.133151
276259 CX 276001 0.133151
276259 CX 276260 0.133151
276259 CX 276002 0.133151
276259 P2 277594 0.984600
276259 P2 276259 0.015400
276259 X0 276258 0.999303
276259 X0 276259 0.000232
276259 X0 276260 0.000232
276259 X0 276261 0.000232
276259 X2 276000 0.999725
276259 X2 276259 0.000275
276260 CX 276260 0.133151
276260 CX 276002 0.067940
276260 CX 276261 0.133151
276260 CX 276001 0.133151
276260 CX 276258 0.133151
276260 CX 275999 0.133151
276260 CX 276259 0.133151
276260 CX 276000 0.133151
276260 P2 277860 0.984600
276260 P2 276260 0.015400
276260 X0 276261 0.999303
276260 X0 276260 0.000232
276260 X0 276259 0.000232
276260 X0 276258 0.000232
276260 X2 276002 0.999725
276260 X2 276260 0.000275
276261 CX 276001 0.133151
276261 CX 276261 0.067940
276261 CX 276002 0.133151
276261 CX 276260 0.133151
276261 CX 276000 0.133151
276261 CX 276259 0.133151
276261 CX 275999 0.133151
276261 CX 276258 0.133151
276261 P2 278126 0.984600
276261 P2 276261 0.015400
276261 X0 276260 0.999303
276261 X0 276261 0.000232
276261 X0 276258 0.000232
276261 X0 276259 0.000232
276261 X2 276001 0.999725
276261 X2 276261 0.000275
276264 CX 277328 0.133151
276264 CX 276264 0.067940
276264 CX 277594 0.133151
276264 CX 276530 0.133151
276264 CX 277860 0.133151
276264 CX 277062 0.133151
276264 CX 278126 0.133151
276264 CX 276796 0.133151
276264 P2 275999 0.935400
276264 P2 276264 0.064600
276264 X0 276530 0.999303
276264 X0 276264 0.000232
276264 X0 276796 0.000232
276264 X0 277062 0.000232
276264 X2 277328 0.999725
276264 X2 276264 0.000275
276530 CX 276530 0.133151
276530 CX 277594 0.067940
276530 CX 276264 0.133151
276530 CX 277328 0.133151
276530 CX 276796 0.133151
276530 CX 278126 0.133151
276530 CX 277062 0.133151
276530 CX 277860 0.133151
276530 P2 276000 0.935400
276530 P2 276530 0.064600
276530 X0 276264 0.999303
276530 X0 276530 0.000232
276530 X0 277062 0.000232
276530 X0 276796 0.000232
276530 X2 277594 0.999725
276530 X2 276530 0.000275
276796 CX 278126 0.133151
276796 CX 276796 0.067940
276796 CX 277860 0.133151
276796 CX 277062 0.133151
276796 CX 277594 0.133151
276796 CX 276530 0.133151
276796 CX 277328 0.133151
276796 CX 276264 0.133151
276796 P2 276001 0.935400
276796 P2 276796 0.064600
276796 X0 277062 0.999303
276796 X0 276796 0.000232
276796 X0 276264 0.000232
276796 X0 276530 0.000232
276796 X2 278126 0.999725
276796 X2 276796 0.000275
277062 CX 277062 0.133151
277062 CX 277860 0.067940
277062 CX 276796 0.133151
277062 CX 278126 0.133151
277062 CX 276264 0.133151
277062 CX 277328 0.133151
277062 CX 276530 0.133151
277062 CX 277594 0.133151
277062 P2 276002 0.935400
277062 P2 277062 0.064600
277062 X0 276796 0.999303
277062 X0 277062 0.000232
277062 X0 276530 0.000232
277062 X0 276264 0.000232
277062 X2 277860 0.999725
277062 X2 277062 0.000275
277328 CX 276264 0.133151
277328 CX 277328 0.067940
277328 CX 276530 0.133151
277328 CX 277594 0.133151
277328 CX 277062 0.133151
277328 CX 277860 0.133151
277328 CX 276796 0.133151
277328 CX 278126 0.133151
277328 P2 277328 0.984600
277328 P2 276258 0.015400
277328 X0 277594 0.999303
277328 X0 277328 0.000232
277328 X0 278126 0.000232
277328 X0 277860 0.000232
277328 X2 276264 0.999725
277328 X2 277328 0.000275
277594 CX 277594 0.133151
277594 CX 276530 0.067940
277594 CX 277328 0.133151
277594 CX 276264 0.133151
277594 CX 278126 0.133151
277594 CX 276796 0.133151
277594 CX 277860 0.133151
277594 CX 277062 0.133151
277594 P2 277594 0.984600
277594 P2 276259 0.015400
277594 X0 277328 0.999303
277594 X0 277594 0.000232
277594 X0 277860 0.000232
277594 X0 278126 0.000232
277594 X2 276530 0.999725
277594 X2 277594 0.000275
277860 CX 277860 0.133151
277860 CX 277062 0.067940
277860 CX 278126 0.133151
277860 CX 276796 0.133151
277860 CX 277328 0.133151
277860 CX 276264 0.133151
277860 CX 277594 0.133151
277860 CX 276530 0.133151
277860 P2 277860 0.984600
277860 P2 276260 0.015400
277860 X0 278126 0.999303
277860 X0 277860 0.000232
277860 X0 277594 0.000232
277860 X0 277328 0.000232
277860 X2 277062 0.999725
277860 X2 277860 0.000275
278126 CX 276796 0.133151
278126 CX 278126 0.067940
278126 CX 277062 0.133151
278126 CX 277860 0.133151
278126 CX 276530 0.133151
278126 CX 277594 0.133151
278126 CX 276264 0.133151
278126 CX 277328 0.133151
278126 P2 278126 0.984600
278126 P2 276261 0.015400
278126 X0 277860 0.999303
278126 X0 278126 0.000232
278126 X0 277328 0.000232
278126 X0 277594 0.000232
278126 X2 276796 0.999725
278126 X2 278126 0.000275
ENDPOMDP
