BEGINPOMDP
INITIALSTATE: 2189139
STATES: 2189139,2189140,2189141,2189142,2189143,2189160,2189161,2189162,2189163,2189164,2189165,2189166,2189167,2189186,2189225,2189264,2189303,2189324,2189325,2189326,2189327,2189616,2189617,2189618,2189619,2189620,2189621,2189622,2189623,2189794,2189833,2189872,2189911
TARGETV: 2189140,2189142,2189186,2189264,2189324,2189327,2189794,2189911
GAMMA: 2189139:0,2189140:0,2189141:0,2189142:0,2189143:0,2189160:0,2189161:0,2189162:0,2189163:0,2189164:0,2189165:0,2189166:0,2189167:0,2189186:1,2189225:1,2189264:1,2189303:1,2189324:0,2189325:0,2189326:0,2189327:0,2189616:1,2189617:1,2189618:1,2189619:1,2189620:1,2189621:1,2189622:1,2189623:1,2189794:1,2189833:1,2189872:1,2189911:1
BEGINACTIONS
CX02
CX12
P2
X0
ENDACTIONS
2189139 INIT_ 2189140 0.250000
2189139 INIT_ 2189141 0.250000
2189139 INIT_ 2189142 0.250000
2189139 INIT_ 2189143 0.250000
2189140 CX02 2189160 0.972568
2189140 CX02 2189161 0.003919
2189140 CX02 2189162 0.003919
2189140 CX02 2189163 0.003919
2189140 CX02 2189164 0.003919
2189140 CX02 2189165 0.003919
2189140 CX02 2189166 0.003919
2189140 CX02 2189167 0.003919
2189140 CX12 2189160 0.988082
2189140 CX12 2189161 0.001703
2189140 CX12 2189162 0.001703
2189140 CX12 2189163 0.001703
2189140 CX12 2189165 0.001703
2189140 CX12 2189164 0.001703
2189140 CX12 2189167 0.001703
2189140 CX12 2189166 0.001703
2189140 P2 2189140 0.858600
2189140 P2 2189186 0.141400
2189140 X0 2189141 0.999502
2189140 X0 2189140 0.000166
2189140 X0 2189142 0.000166
2189140 X0 2189143 0.000166
2189141 CX02 2189165 0.972568
2189141 CX02 2189164 0.003919
2189141 CX02 2189167 0.003919
2189141 CX02 2189166 0.003919
2189141 CX02 2189161 0.003919
2189141 CX02 2189160 0.003919
2189141 CX02 2189163 0.003919
2189141 CX02 2189162 0.003919
2189141 CX12 2189164 0.988082
2189141 CX12 2189165 0.001703
2189141 CX12 2189166 0.001703
2189141 CX12 2189167 0.001703
2189141 CX12 2189161 0.001703
2189141 CX12 2189160 0.001703
2189141 CX12 2189163 0.001703
2189141 CX12 2189162 0.001703
2189141 P2 2189141 0.858600
2189141 P2 2189225 0.141400
2189141 X0 2189140 0.999502
2189141 X0 2189141 0.000166
2189141 X0 2189143 0.000166
2189141 X0 2189142 0.000166
2189142 CX02 2189163 0.972568
2189142 CX02 2189162 0.003919
2189142 CX02 2189161 0.003919
2189142 CX02 2189160 0.003919
2189142 CX02 2189167 0.003919
2189142 CX02 2189166 0.003919
2189142 CX02 2189165 0.003919
2189142 CX02 2189164 0.003919
2189142 CX12 2189163 0.988082
2189142 CX12 2189162 0.001703
2189142 CX12 2189161 0.001703
2189142 CX12 2189160 0.001703
2189142 CX12 2189166 0.001703
2189142 CX12 2189167 0.001703
2189142 CX12 2189164 0.001703
2189142 CX12 2189165 0.001703
2189142 P2 2189142 0.858600
2189142 P2 2189264 0.141400
2189142 X0 2189143 0.999502
2189142 X0 2189142 0.000166
2189142 X0 2189140 0.000166
2189142 X0 2189141 0.000166
2189143 CX02 2189166 0.972568
2189143 CX02 2189167 0.003919
2189143 CX02 2189164 0.003919
2189143 CX02 2189165 0.003919
2189143 CX02 2189162 0.003919
2189143 CX02 2189163 0.003919
2189143 CX02 2189160 0.003919
2189143 CX02 2189161 0.003919
2189143 CX12 2189167 0.988082
2189143 CX12 2189166 0.001703
2189143 CX12 2189165 0.001703
2189143 CX12 2189164 0.001703
2189143 CX12 2189162 0.001703
2189143 CX12 2189163 0.001703
2189143 CX12 2189160 0.001703
2189143 CX12 2189161 0.001703
2189143 P2 2189143 0.858600
2189143 P2 2189303 0.141400
2189143 X0 2189142 0.999502
2189143 X0 2189143 0.000166
2189143 X0 2189141 0.000166
2189143 X0 2189140 0.000166
2189160 CX02 2189140 0.972568
2189160 CX02 2189324 0.003919
2189160 CX02 2189141 0.003919
2189160 CX02 2189325 0.003919
2189160 CX02 2189143 0.003919
2189160 CX02 2189326 0.003919
2189160 CX02 2189142 0.003919
2189160 CX02 2189327 0.003919
2189160 CX12 2189140 0.988082
2189160 CX12 2189324 0.001703
2189160 CX12 2189141 0.001703
2189160 CX12 2189325 0.001703
2189160 CX12 2189143 0.001703
2189160 CX12 2189326 0.001703
2189160 CX12 2189142 0.001703
2189160 CX12 2189327 0.001703
2189160 X0 2189164 0.999502
2189160 X0 2189160 0.000166
2189160 X0 2189163 0.000166
2189160 X0 2189167 0.000166
2189161 CX02 2189324 0.972568
2189161 CX02 2189140 0.003919
2189161 CX02 2189325 0.003919
2189161 CX02 2189141 0.003919
2189161 CX02 2189326 0.003919
2189161 CX02 2189143 0.003919
2189161 CX02 2189327 0.003919
2189161 CX02 2189142 0.003919
2189161 CX12 2189324 0.988082
2189161 CX12 2189140 0.001703
2189161 CX12 2189325 0.001703
2189161 CX12 2189141 0.001703
2189161 CX12 2189326 0.001703
2189161 CX12 2189143 0.001703
2189161 CX12 2189327 0.001703
2189161 CX12 2189142 0.001703
2189161 X0 2189165 0.999502
2189161 X0 2189161 0.000166
2189161 X0 2189162 0.000166
2189161 X0 2189166 0.000166
2189162 CX02 2189327 0.972568
2189162 CX02 2189142 0.003919
2189162 CX02 2189326 0.003919
2189162 CX02 2189143 0.003919
2189162 CX02 2189325 0.003919
2189162 CX02 2189141 0.003919
2189162 CX02 2189324 0.003919
2189162 CX02 2189140 0.003919
2189162 CX12 2189327 0.988082
2189162 CX12 2189142 0.001703
2189162 CX12 2189326 0.001703
2189162 CX12 2189143 0.001703
2189162 CX12 2189325 0.001703
2189162 CX12 2189141 0.001703
2189162 CX12 2189324 0.001703
2189162 CX12 2189140 0.001703
2189162 X0 2189166 0.999502
2189162 X0 2189162 0.000166
2189162 X0 2189161 0.000166
2189162 X0 2189165 0.000166
2189163 CX02 2189142 0.972568
2189163 CX02 2189327 0.003919
2189163 CX02 2189143 0.003919
2189163 CX02 2189326 0.003919
2189163 CX02 2189141 0.003919
2189163 CX02 2189325 0.003919
2189163 CX02 2189140 0.003919
2189163 CX02 2189324 0.003919
2189163 CX12 2189142 0.988082
2189163 CX12 2189327 0.001703
2189163 CX12 2189143 0.001703
2189163 CX12 2189326 0.001703
2189163 CX12 2189141 0.001703
2189163 CX12 2189325 0.001703
2189163 CX12 2189140 0.001703
2189163 CX12 2189324 0.001703
2189163 X0 2189167 0.999502
2189163 X0 2189163 0.000166
2189163 X0 2189160 0.000166
2189163 X0 2189164 0.000166
2189164 CX02 2189325 0.972568
2189164 CX02 2189141 0.003919
2189164 CX02 2189324 0.003919
2189164 CX02 2189140 0.003919
2189164 CX02 2189327 0.003919
2189164 CX02 2189142 0.003919
2189164 CX02 2189326 0.003919
2189164 CX02 2189143 0.003919
2189164 CX12 2189141 0.988082
2189164 CX12 2189325 0.001703
2189164 CX12 2189140 0.001703
2189164 CX12 2189324 0.001703
2189164 CX12 2189142 0.001703
2189164 CX12 2189327 0.001703
2189164 CX12 2189143 0.001703
2189164 CX12 2189326 0.001703
2189164 X0 2189160 0.999502
2189164 X0 2189164 0.000166
2189164 X0 2189167 0.000166
2189164 X0 2189163 0.000166
2189165 CX02 2189141 0.972568
2189165 CX02 2189325 0.003919
2189165 CX02 2189140 0.003919
2189165 CX02 2189324 0.003919
2189165 CX02 2189142 0.003919
2189165 CX02 2189327 0.003919
2189165 CX02 2189143 0.003919
2189165 CX02 2189326 0.003919
2189165 CX12 2189325 0.988082
2189165 CX12 2189141 0.001703
2189165 CX12 2189324 0.001703
2189165 CX12 2189140 0.001703
2189165 CX12 2189327 0.001703
2189165 CX12 2189142 0.001703
2189165 CX12 2189326 0.001703
2189165 CX12 2189143 0.001703
2189165 X0 2189161 0.999502
2189165 X0 2189165 0.000166
2189165 X0 2189166 0.000166
2189165 X0 2189162 0.000166
2189166 CX02 2189143 0.972568
2189166 CX02 2189326 0.003919
2189166 CX02 2189142 0.003919
2189166 CX02 2189327 0.003919
2189166 CX02 2189140 0.003919
2189166 CX02 2189324 0.003919
2189166 CX02 2189141 0.003919
2189166 CX02 2189325 0.003919
2189166 CX12 2189326 0.988082
2189166 CX12 2189143 0.001703
2189166 CX12 2189327 0.001703
2189166 CX12 2189142 0.001703
2189166 CX12 2189324 0.001703
2189166 CX12 2189140 0.001703
2189166 CX12 2189325 0.001703
2189166 CX12 2189141 0.001703
2189166 X0 2189162 0.999502
2189166 X0 2189166 0.000166
2189166 X0 2189165 0.000166
2189166 X0 2189161 0.000166
2189167 CX02 2189326 0.972568
2189167 CX02 2189143 0.003919
2189167 CX02 2189327 0.003919
2189167 CX02 2189142 0.003919
2189167 CX02 2189324 0.003919
2189167 CX02 2189140 0.003919
2189167 CX02 2189325 0.003919
2189167 CX02 2189141 0.003919
2189167 CX12 2189143 0.988082
2189167 CX12 2189326 0.001703
2189167 CX12 2189142 0.001703
2189167 CX12 2189327 0.001703
2189167 CX12 2189140 0.001703
2189167 CX12 2189324 0.001703
2189167 CX12 2189141 0.001703
2189167 CX12 2189325 0.001703
2189167 X0 2189163 0.999502
2189167 X0 2189167 0.000166
2189167 X0 2189164 0.000166
2189167 X0 2189160 0.000166
2189186 CX02 2189616 0.972568
2189186 CX02 2189617 0.003919
2189186 CX02 2189618 0.003919
2189186 CX02 2189619 0.003919
2189186 CX02 2189620 0.003919
2189186 CX02 2189621 0.003919
2189186 CX02 2189622 0.003919
2189186 CX02 2189623 0.003919
2189186 CX12 2189616 0.988082
2189186 CX12 2189617 0.001703
2189186 CX12 2189618 0.001703
2189186 CX12 2189619 0.001703
2189186 CX12 2189621 0.001703
2189186 CX12 2189620 0.001703
2189186 CX12 2189623 0.001703
2189186 CX12 2189622 0.001703
2189186 P2 2189140 0.858600
2189186 P2 2189186 0.141400
2189186 X0 2189225 0.999502
2189186 X0 2189186 0.000166
2189186 X0 2189264 0.000166
2189186 X0 2189303 0.000166
2189225 CX02 2189621 0.972568
2189225 CX02 2189620 0.003919
2189225 CX02 2189623 0.003919
2189225 CX02 2189622 0.003919
2189225 CX02 2189617 0.003919
2189225 CX02 2189616 0.003919
2189225 CX02 2189619 0.003919
2189225 CX02 2189618 0.003919
2189225 CX12 2189620 0.988082
2189225 CX12 2189621 0.001703
2189225 CX12 2189622 0.001703
2189225 CX12 2189623 0.001703
2189225 CX12 2189617 0.001703
2189225 CX12 2189616 0.001703
2189225 CX12 2189619 0.001703
2189225 CX12 2189618 0.001703
2189225 P2 2189141 0.858600
2189225 P2 2189225 0.141400
2189225 X0 2189186 0.999502
2189225 X0 2189225 0.000166
2189225 X0 2189303 0.000166
2189225 X0 2189264 0.000166
2189264 CX02 2189619 0.972568
2189264 CX02 2189618 0.003919
2189264 CX02 2189617 0.003919
2189264 CX02 2189616 0.003919
2189264 CX02 2189623 0.003919
2189264 CX02 2189622 0.003919
2189264 CX02 2189621 0.003919
2189264 CX02 2189620 0.003919
2189264 CX12 2189619 0.988082
2189264 CX12 2189618 0.001703
2189264 CX12 2189617 0.001703
2189264 CX12 2189616 0.001703
2189264 CX12 2189622 0.001703
2189264 CX12 2189623 0.001703
2189264 CX12 2189620 0.001703
2189264 CX12 2189621 0.001703
2189264 P2 2189142 0.858600
2189264 P2 2189264 0.141400
2189264 X0 2189303 0.999502
2189264 X0 2189264 0.000166
2189264 X0 2189186 0.000166
2189264 X0 2189225 0.000166
2189303 CX02 2189622 0.972568
2189303 CX02 2189623 0.003919
2189303 CX02 2189620 0.003919
2189303 CX02 2189621 0.003919
2189303 CX02 2189618 0.003919
2189303 CX02 2189619 0.003919
2189303 CX02 2189616 0.003919
2189303 CX02 2189617 0.003919
2189303 CX12 2189623 0.988082
2189303 CX12 2189622 0.001703
2189303 CX12 2189621 0.001703
2189303 CX12 2189620 0.001703
2189303 CX12 2189618 0.001703
2189303 CX12 2189619 0.001703
2189303 CX12 2189616 0.001703
2189303 CX12 2189617 0.001703
2189303 P2 2189143 0.858600
2189303 P2 2189303 0.141400
2189303 X0 2189264 0.999502
2189303 X0 2189303 0.000166
2189303 X0 2189225 0.000166
2189303 X0 2189186 0.000166
2189324 CX02 2189161 0.972568
2189324 CX02 2189160 0.003919
2189324 CX02 2189163 0.003919
2189324 CX02 2189162 0.003919
2189324 CX02 2189165 0.003919
2189324 CX02 2189164 0.003919
2189324 CX02 2189167 0.003919
2189324 CX02 2189166 0.003919
2189324 CX12 2189161 0.988082
2189324 CX12 2189160 0.001703
2189324 CX12 2189163 0.001703
2189324 CX12 2189162 0.001703
2189324 CX12 2189164 0.001703
2189324 CX12 2189165 0.001703
2189324 CX12 2189166 0.001703
2189324 CX12 2189167 0.001703
2189324 P2 2189794 0.858600
2189324 P2 2189324 0.141400
2189324 X0 2189325 0.999502
2189324 X0 2189324 0.000166
2189324 X0 2189327 0.000166
2189324 X0 2189326 0.000166
2189325 CX02 2189164 0.972568
2189325 CX02 2189165 0.003919
2189325 CX02 2189166 0.003919
2189325 CX02 2189167 0.003919
2189325 CX02 2189160 0.003919
2189325 CX02 2189161 0.003919
2189325 CX02 2189162 0.003919
2189325 CX02 2189163 0.003919
2189325 CX12 2189165 0.988082
2189325 CX12 2189164 0.001703
2189325 CX12 2189167 0.001703
2189325 CX12 2189166 0.001703
2189325 CX12 2189160 0.001703
2189325 CX12 2189161 0.001703
2189325 CX12 2189162 0.001703
2189325 CX12 2189163 0.001703
2189325 P2 2189833 0.858600
2189325 P2 2189325 0.141400
2189325 X0 2189324 0.999502
2189325 X0 2189325 0.000166
2189325 X0 2189326 0.000166
2189325 X0 2189327 0.000166
2189326 CX02 2189167 0.972568
2189326 CX02 2189166 0.003919
2189326 CX02 2189165 0.003919
2189326 CX02 2189164 0.003919
2189326 CX02 2189163 0.003919
2189326 CX02 2189162 0.003919
2189326 CX02 2189161 0.003919
2189326 CX02 2189160 0.003919
2189326 CX12 2189166 0.988082
2189326 CX12 2189167 0.001703
2189326 CX12 2189164 0.001703
2189326 CX12 2189165 0.001703
2189326 CX12 2189163 0.001703
2189326 CX12 2189162 0.001703
2189326 CX12 2189161 0.001703
2189326 CX12 2189160 0.001703
2189326 P2 2189872 0.858600
2189326 P2 2189326 0.141400
2189326 X0 2189327 0.999502
2189326 X0 2189326 0.000166
2189326 X0 2189325 0.000166
2189326 X0 2189324 0.000166
2189327 CX02 2189162 0.972568
2189327 CX02 2189163 0.003919
2189327 CX02 2189160 0.003919
2189327 CX02 2189161 0.003919
2189327 CX02 2189166 0.003919
2189327 CX02 2189167 0.003919
2189327 CX02 2189164 0.003919
2189327 CX02 2189165 0.003919
2189327 CX12 2189162 0.988082
2189327 CX12 2189163 0.001703
2189327 CX12 2189160 0.001703
2189327 CX12 2189161 0.001703
2189327 CX12 2189167 0.001703
2189327 CX12 2189166 0.001703
2189327 CX12 2189165 0.001703
2189327 CX12 2189164 0.001703
2189327 P2 2189911 0.858600
2189327 P2 2189327 0.141400
2189327 X0 2189326 0.999502
2189327 X0 2189327 0.000166
2189327 X0 2189324 0.000166
2189327 X0 2189325 0.000166
2189616 CX02 2189186 0.972568
2189616 CX02 2189794 0.003919
2189616 CX02 2189225 0.003919
2189616 CX02 2189833 0.003919
2189616 CX02 2189303 0.003919
2189616 CX02 2189872 0.003919
2189616 CX02 2189264 0.003919
2189616 CX02 2189911 0.003919
2189616 CX12 2189186 0.988082
2189616 CX12 2189794 0.001703
2189616 CX12 2189225 0.001703
2189616 CX12 2189833 0.001703
2189616 CX12 2189303 0.001703
2189616 CX12 2189872 0.001703
2189616 CX12 2189264 0.001703
2189616 CX12 2189911 0.001703
2189616 X0 2189620 0.999502
2189616 X0 2189616 0.000166
2189616 X0 2189619 0.000166
2189616 X0 2189623 0.000166
2189617 CX02 2189794 0.972568
2189617 CX02 2189186 0.003919
2189617 CX02 2189833 0.003919
2189617 CX02 2189225 0.003919
2189617 CX02 2189872 0.003919
2189617 CX02 2189303 0.003919
2189617 CX02 2189911 0.003919
2189617 CX02 2189264 0.003919
2189617 CX12 2189794 0.988082
2189617 CX12 2189186 0.001703
2189617 CX12 2189833 0.001703
2189617 CX12 2189225 0.001703
2189617 CX12 2189872 0.001703
2189617 CX12 2189303 0.001703
2189617 CX12 2189911 0.001703
2189617 CX12 2189264 0.001703
2189617 X0 2189621 0.999502
2189617 X0 2189617 0.000166
2189617 X0 2189618 0.000166
2189617 X0 2189622 0.000166
2189618 CX02 2189911 0.972568
2189618 CX02 2189264 0.003919
2189618 CX02 2189872 0.003919
2189618 CX02 2189303 0.003919
2189618 CX02 2189833 0.003919
2189618 CX02 2189225 0.003919
2189618 CX02 2189794 0.003919
2189618 CX02 2189186 0.003919
2189618 CX12 2189911 0.988082
2189618 CX12 2189264 0.001703
2189618 CX12 2189872 0.001703
2189618 CX12 2189303 0.001703
2189618 CX12 2189833 0.001703
2189618 CX12 2189225 0.001703
2189618 CX12 2189794 0.001703
2189618 CX12 2189186 0.001703
2189618 X0 2189622 0.999502
2189618 X0 2189618 0.000166
2189618 X0 2189617 0.000166
2189618 X0 2189621 0.000166
2189619 CX02 2189264 0.972568
2189619 CX02 2189911 0.003919
2189619 CX02 2189303 0.003919
2189619 CX02 2189872 0.003919
2189619 CX02 2189225 0.003919
2189619 CX02 2189833 0.003919
2189619 CX02 2189186 0.003919
2189619 CX02 2189794 0.003919
2189619 CX12 2189264 0.988082
2189619 CX12 2189911 0.001703
2189619 CX12 2189303 0.001703
2189619 CX12 2189872 0.001703
2189619 CX12 2189225 0.001703
2189619 CX12 2189833 0.001703
2189619 CX12 2189186 0.001703
2189619 CX12 2189794 0.001703
2189619 X0 2189623 0.999502
2189619 X0 2189619 0.000166
2189619 X0 2189616 0.000166
2189619 X0 2189620 0.000166
2189620 CX02 2189833 0.972568
2189620 CX02 2189225 0.003919
2189620 CX02 2189794 0.003919
2189620 CX02 2189186 0.003919
2189620 CX02 2189911 0.003919
2189620 CX02 2189264 0.003919
2189620 CX02 2189872 0.003919
2189620 CX02 2189303 0.003919
2189620 CX12 2189225 0.988082
2189620 CX12 2189833 0.001703
2189620 CX12 2189186 0.001703
2189620 CX12 2189794 0.001703
2189620 CX12 2189264 0.001703
2189620 CX12 2189911 0.001703
2189620 CX12 2189303 0.001703
2189620 CX12 2189872 0.001703
2189620 X0 2189616 0.999502
2189620 X0 2189620 0.000166
2189620 X0 2189623 0.000166
2189620 X0 2189619 0.000166
2189621 CX02 2189225 0.972568
2189621 CX02 2189833 0.003919
2189621 CX02 2189186 0.003919
2189621 CX02 2189794 0.003919
2189621 CX02 2189264 0.003919
2189621 CX02 2189911 0.003919
2189621 CX02 2189303 0.003919
2189621 CX02 2189872 0.003919
2189621 CX12 2189833 0.988082
2189621 CX12 2189225 0.001703
2189621 CX12 2189794 0.001703
2189621 CX12 2189186 0.001703
2189621 CX12 2189911 0.001703
2189621 CX12 2189264 0.001703
2189621 CX12 2189872 0.001703
2189621 CX12 2189303 0.001703
2189621 X0 2189617 0.999502
2189621 X0 2189621 0.000166
2189621 X0 2189622 0.000166
2189621 X0 2189618 0.000166
2189622 CX02 2189303 0.972568
2189622 CX02 2189872 0.003919
2189622 CX02 2189264 0.003919
2189622 CX02 2189911 0.003919
2189622 CX02 2189186 0.003919
2189622 CX02 2189794 0.003919
2189622 CX02 2189225 0.003919
2189622 CX02 2189833 0.003919
2189622 CX12 2189872 0.988082
2189622 CX12 2189303 0.001703
2189622 CX12 2189911 0.001703
2189622 CX12 2189264 0.001703
2189622 CX12 2189794 0.001703
2189622 CX12 2189186 0.001703
2189622 CX12 2189833 0.001703
2189622 CX12 2189225 0.001703
2189622 X0 2189618 0.999502
2189622 X0 2189622 0.000166
2189622 X0 2189621 0.000166
2189622 X0 2189617 0.000166
2189623 CX02 2189872 0.972568
2189623 CX02 2189303 0.003919
2189623 CX02 2189911 0.003919
2189623 CX02 2189264 0.003919
2189623 CX02 2189794 0.003919
2189623 CX02 2189186 0.003919
2189623 CX02 2189833 0.003919
2189623 CX02 2189225 0.003919
2189623 CX12 2189303 0.988082
2189623 CX12 2189872 0.001703
2189623 CX12 2189264 0.001703
2189623 CX12 2189911 0.001703
2189623 CX12 2189186 0.001703
2189623 CX12 2189794 0.001703
2189623 CX12 2189225 0.001703
2189623 CX12 2189833 0.001703
2189623 X0 2189619 0.999502
2189623 X0 2189623 0.000166
2189623 X0 2189620 0.000166
2189623 X0 2189616 0.000166
2189794 CX02 2189617 0.972568
2189794 CX02 2189616 0.003919
2189794 CX02 2189619 0.003919
2189794 CX02 2189618 0.003919
2189794 CX02 2189621 0.003919
2189794 CX02 2189620 0.003919
2189794 CX02 2189623 0.003919
2189794 CX02 2189622 0.003919
2189794 CX12 2189617 0.988082
2189794 CX12 2189616 0.001703
2189794 CX12 2189619 0.001703
2189794 CX12 2189618 0.001703
2189794 CX12 2189620 0.001703
2189794 CX12 2189621 0.001703
2189794 CX12 2189622 0.001703
2189794 CX12 2189623 0.001703
2189794 P2 2189794 0.858600
2189794 P2 2189324 0.141400
2189794 X0 2189833 0.999502
2189794 X0 2189794 0.000166
2189794 X0 2189911 0.000166
2189794 X0 2189872 0.000166
2189833 CX02 2189620 0.972568
2189833 CX02 2189621 0.003919
2189833 CX02 2189622 0.003919
2189833 CX02 2189623 0.003919
2189833 CX02 2189616 0.003919
2189833 CX02 2189617 0.003919
2189833 CX02 2189618 0.003919
2189833 CX02 2189619 0.003919
2189833 CX12 2189621 0.988082
2189833 CX12 2189620 0.001703
2189833 CX12 2189623 0.001703
2189833 CX12 2189622 0.001703
2189833 CX12 2189616 0.001703
2189833 CX12 2189617 0.001703
2189833 CX12 2189618 0.001703
2189833 CX12 2189619 0.001703
2189833 P2 2189833 0.858600
2189833 P2 2189325 0.141400
2189833 X0 2189794 0.999502
2189833 X0 2189833 0.000166
2189833 X0 2189872 0.000166
2189833 X0 2189911 0.000166
2189872 CX02 2189623 0.972568
2189872 CX02 2189622 0.003919
2189872 CX02 2189621 0.003919
2189872 CX02 2189620 0.003919
2189872 CX02 2189619 0.003919
2189872 CX02 2189618 0.003919
2189872 CX02 2189617 0.003919
2189872 CX02 2189616 0.003919
2189872 CX12 2189622 0.988082
2189872 CX12 2189623 0.001703
2189872 CX12 2189620 0.001703
2189872 CX12 2189621 0.001703
2189872 CX12 2189619 0.001703
2189872 CX12 2189618 0.001703
2189872 CX12 2189617 0.001703
2189872 CX12 2189616 0.001703
2189872 P2 2189872 0.858600
2189872 P2 2189326 0.141400
2189872 X0 2189911 0.999502
2189872 X0 2189872 0.000166
2189872 X0 2189833 0.000166
2189872 X0 2189794 0.000166
2189911 CX02 2189618 0.972568
2189911 CX02 2189619 0.003919
2189911 CX02 2189616 0.003919
2189911 CX02 2189617 0.003919
2189911 CX02 2189622 0.003919
2189911 CX02 2189623 0.003919
2189911 CX02 2189620 0.003919
2189911 CX02 2189621 0.003919
2189911 CX12 2189618 0.988082
2189911 CX12 2189619 0.001703
2189911 CX12 2189616 0.001703
2189911 CX12 2189617 0.001703
2189911 CX12 2189623 0.001703
2189911 CX12 2189622 0.001703
2189911 CX12 2189621 0.001703
2189911 CX12 2189620 0.001703
2189911 P2 2189911 0.858600
2189911 P2 2189327 0.141400
2189911 X0 2189872 0.999502
2189911 X0 2189911 0.000166
2189911 X0 2189794 0.000166
2189911 X0 2189833 0.000166
ENDPOMDP
