BEGINPOMDP
INITIALSTATE: 2212262
STATES: 2212262,2212263,2212264,2212265,2212266,2212283,2212284,2212285,2212286,2212287,2212288,2212289,2212290,2212309,2212348,2212387,2212426,2212447,2212448,2212449,2212450,2212739,2212740,2212741,2212742,2212743,2212744,2212745,2212746,2212917,2212956,2212995,2213034
TARGETV: 2212263,2212265,2212309,2212387,2212447,2212450,2212917,2213034
GAMMA: 2212262:0,2212263:0,2212264:0,2212265:0,2212266:0,2212283:0,2212284:0,2212285:0,2212286:0,2212287:0,2212288:0,2212289:0,2212290:0,2212309:1,2212348:1,2212387:1,2212426:1,2212447:0,2212448:0,2212449:0,2212450:0,2212739:1,2212740:1,2212741:1,2212742:1,2212743:1,2212744:1,2212745:1,2212746:1,2212917:1,2212956:1,2212995:1,2213034:1
BEGINACTIONS
CX02
CX12
P2
X0
ENDACTIONS
2212262 INIT_ 2212263 0.250000
2212262 INIT_ 2212264 0.250000
2212262 INIT_ 2212265 0.250000
2212262 INIT_ 2212266 0.250000
2212263 CX02 2212283 0.986463
2212263 CX02 2212284 0.001934
2212263 CX02 2212285 0.001934
2212263 CX02 2212286 0.001934
2212263 CX02 2212287 0.001934
2212263 CX02 2212288 0.001934
2212263 CX02 2212289 0.001934
2212263 CX02 2212290 0.001934
2212263 CX12 2212283 0.993495
2212263 CX12 2212284 0.000929
2212263 CX12 2212285 0.000929
2212263 CX12 2212286 0.000929
2212263 CX12 2212288 0.000929
2212263 CX12 2212287 0.000929
2212263 CX12 2212290 0.000929
2212263 CX12 2212289 0.000929
2212263 P2 2212263 0.994600
2212263 P2 2212309 0.005400
2212263 X0 2212264 0.999356
2212263 X0 2212263 0.000215
2212263 X0 2212265 0.000215
2212263 X0 2212266 0.000215
2212264 CX02 2212288 0.986463
2212264 CX02 2212287 0.001934
2212264 CX02 2212290 0.001934
2212264 CX02 2212289 0.001934
2212264 CX02 2212284 0.001934
2212264 CX02 2212283 0.001934
2212264 CX02 2212286 0.001934
2212264 CX02 2212285 0.001934
2212264 CX12 2212287 0.993495
2212264 CX12 2212288 0.000929
2212264 CX12 2212289 0.000929
2212264 CX12 2212290 0.000929
2212264 CX12 2212284 0.000929
2212264 CX12 2212283 0.000929
2212264 CX12 2212286 0.000929
2212264 CX12 2212285 0.000929
2212264 P2 2212264 0.994600
2212264 P2 2212348 0.005400
2212264 X0 2212263 0.999356
2212264 X0 2212264 0.000215
2212264 X0 2212266 0.000215
2212264 X0 2212265 0.000215
2212265 CX02 2212286 0.986463
2212265 CX02 2212285 0.001934
2212265 CX02 2212284 0.001934
2212265 CX02 2212283 0.001934
2212265 CX02 2212290 0.001934
2212265 CX02 2212289 0.001934
2212265 CX02 2212288 0.001934
2212265 CX02 2212287 0.001934
2212265 CX12 2212286 0.993495
2212265 CX12 2212285 0.000929
2212265 CX12 2212284 0.000929
2212265 CX12 2212283 0.000929
2212265 CX12 2212289 0.000929
2212265 CX12 2212290 0.000929
2212265 CX12 2212287 0.000929
2212265 CX12 2212288 0.000929
2212265 P2 2212265 0.994600
2212265 P2 2212387 0.005400
2212265 X0 2212266 0.999356
2212265 X0 2212265 0.000215
2212265 X0 2212263 0.000215
2212265 X0 2212264 0.000215
2212266 CX02 2212289 0.986463
2212266 CX02 2212290 0.001934
2212266 CX02 2212287 0.001934
2212266 CX02 2212288 0.001934
2212266 CX02 2212285 0.001934
2212266 CX02 2212286 0.001934
2212266 CX02 2212283 0.001934
2212266 CX02 2212284 0.001934
2212266 CX12 2212290 0.993495
2212266 CX12 2212289 0.000929
2212266 CX12 2212288 0.000929
2212266 CX12 2212287 0.000929
2212266 CX12 2212285 0.000929
2212266 CX12 2212286 0.000929
2212266 CX12 2212283 0.000929
2212266 CX12 2212284 0.000929
2212266 P2 2212266 0.994600
2212266 P2 2212426 0.005400
2212266 X0 2212265 0.999356
2212266 X0 2212266 0.000215
2212266 X0 2212264 0.000215
2212266 X0 2212263 0.000215
2212283 CX02 2212263 0.986463
2212283 CX02 2212447 0.001934
2212283 CX02 2212264 0.001934
2212283 CX02 2212448 0.001934
2212283 CX02 2212266 0.001934
2212283 CX02 2212449 0.001934
2212283 CX02 2212265 0.001934
2212283 CX02 2212450 0.001934
2212283 CX12 2212263 0.993495
2212283 CX12 2212447 0.000929
2212283 CX12 2212264 0.000929
2212283 CX12 2212448 0.000929
2212283 CX12 2212266 0.000929
2212283 CX12 2212449 0.000929
2212283 CX12 2212265 0.000929
2212283 CX12 2212450 0.000929
2212283 X0 2212287 0.999356
2212283 X0 2212283 0.000215
2212283 X0 2212286 0.000215
2212283 X0 2212290 0.000215
2212284 CX02 2212447 0.986463
2212284 CX02 2212263 0.001934
2212284 CX02 2212448 0.001934
2212284 CX02 2212264 0.001934
2212284 CX02 2212449 0.001934
2212284 CX02 2212266 0.001934
2212284 CX02 2212450 0.001934
2212284 CX02 2212265 0.001934
2212284 CX12 2212447 0.993495
2212284 CX12 2212263 0.000929
2212284 CX12 2212448 0.000929
2212284 CX12 2212264 0.000929
2212284 CX12 2212449 0.000929
2212284 CX12 2212266 0.000929
2212284 CX12 2212450 0.000929
2212284 CX12 2212265 0.000929
2212284 X0 2212288 0.999356
2212284 X0 2212284 0.000215
2212284 X0 2212285 0.000215
2212284 X0 2212289 0.000215
2212285 CX02 2212450 0.986463
2212285 CX02 2212265 0.001934
2212285 CX02 2212449 0.001934
2212285 CX02 2212266 0.001934
2212285 CX02 2212448 0.001934
2212285 CX02 2212264 0.001934
2212285 CX02 2212447 0.001934
2212285 CX02 2212263 0.001934
2212285 CX12 2212450 0.993495
2212285 CX12 2212265 0.000929
2212285 CX12 2212449 0.000929
2212285 CX12 2212266 0.000929
2212285 CX12 2212448 0.000929
2212285 CX12 2212264 0.000929
2212285 CX12 2212447 0.000929
2212285 CX12 2212263 0.000929
2212285 X0 2212289 0.999356
2212285 X0 2212285 0.000215
2212285 X0 2212284 0.000215
2212285 X0 2212288 0.000215
2212286 CX02 2212265 0.986463
2212286 CX02 2212450 0.001934
2212286 CX02 2212266 0.001934
2212286 CX02 2212449 0.001934
2212286 CX02 2212264 0.001934
2212286 CX02 2212448 0.001934
2212286 CX02 2212263 0.001934
2212286 CX02 2212447 0.001934
2212286 CX12 2212265 0.993495
2212286 CX12 2212450 0.000929
2212286 CX12 2212266 0.000929
2212286 CX12 2212449 0.000929
2212286 CX12 2212264 0.000929
2212286 CX12 2212448 0.000929
2212286 CX12 2212263 0.000929
2212286 CX12 2212447 0.000929
2212286 X0 2212290 0.999356
2212286 X0 2212286 0.000215
2212286 X0 2212283 0.000215
2212286 X0 2212287 0.000215
2212287 CX02 2212448 0.986463
2212287 CX02 2212264 0.001934
2212287 CX02 2212447 0.001934
2212287 CX02 2212263 0.001934
2212287 CX02 2212450 0.001934
2212287 CX02 2212265 0.001934
2212287 CX02 2212449 0.001934
2212287 CX02 2212266 0.001934
2212287 CX12 2212264 0.993495
2212287 CX12 2212448 0.000929
2212287 CX12 2212263 0.000929
2212287 CX12 2212447 0.000929
2212287 CX12 2212265 0.000929
2212287 CX12 2212450 0.000929
2212287 CX12 2212266 0.000929
2212287 CX12 2212449 0.000929
2212287 X0 2212283 0.999356
2212287 X0 2212287 0.000215
2212287 X0 2212290 0.000215
2212287 X0 2212286 0.000215
2212288 CX02 2212264 0.986463
2212288 CX02 2212448 0.001934
2212288 CX02 2212263 0.001934
2212288 CX02 2212447 0.001934
2212288 CX02 2212265 0.001934
2212288 CX02 2212450 0.001934
2212288 CX02 2212266 0.001934
2212288 CX02 2212449 0.001934
2212288 CX12 2212448 0.993495
2212288 CX12 2212264 0.000929
2212288 CX12 2212447 0.000929
2212288 CX12 2212263 0.000929
2212288 CX12 2212450 0.000929
2212288 CX12 2212265 0.000929
2212288 CX12 2212449 0.000929
2212288 CX12 2212266 0.000929
2212288 X0 2212284 0.999356
2212288 X0 2212288 0.000215
2212288 X0 2212289 0.000215
2212288 X0 2212285 0.000215
2212289 CX02 2212266 0.986463
2212289 CX02 2212449 0.001934
2212289 CX02 2212265 0.001934
2212289 CX02 2212450 0.001934
2212289 CX02 2212263 0.001934
2212289 CX02 2212447 0.001934
2212289 CX02 2212264 0.001934
2212289 CX02 2212448 0.001934
2212289 CX12 2212449 0.993495
2212289 CX12 2212266 0.000929
2212289 CX12 2212450 0.000929
2212289 CX12 2212265 0.000929
2212289 CX12 2212447 0.000929
2212289 CX12 2212263 0.000929
2212289 CX12 2212448 0.000929
2212289 CX12 2212264 0.000929
2212289 X0 2212285 0.999356
2212289 X0 2212289 0.000215
2212289 X0 2212288 0.000215
2212289 X0 2212284 0.000215
2212290 CX02 2212449 0.986463
2212290 CX02 2212266 0.001934
2212290 CX02 2212450 0.001934
2212290 CX02 2212265 0.001934
2212290 CX02 2212447 0.001934
2212290 CX02 2212263 0.001934
2212290 CX02 2212448 0.001934
2212290 CX02 2212264 0.001934
2212290 CX12 2212266 0.993495
2212290 CX12 2212449 0.000929
2212290 CX12 2212265 0.000929
2212290 CX12 2212450 0.000929
2212290 CX12 2212263 0.000929
2212290 CX12 2212447 0.000929
2212290 CX12 2212264 0.000929
2212290 CX12 2212448 0.000929
2212290 X0 2212286 0.999356
2212290 X0 2212290 0.000215
2212290 X0 2212287 0.000215
2212290 X0 2212283 0.000215
2212309 CX02 2212739 0.986463
2212309 CX02 2212740 0.001934
2212309 CX02 2212741 0.001934
2212309 CX02 2212742 0.001934
2212309 CX02 2212743 0.001934
2212309 CX02 2212744 0.001934
2212309 CX02 2212745 0.001934
2212309 CX02 2212746 0.001934
2212309 CX12 2212739 0.993495
2212309 CX12 2212740 0.000929
2212309 CX12 2212741 0.000929
2212309 CX12 2212742 0.000929
2212309 CX12 2212744 0.000929
2212309 CX12 2212743 0.000929
2212309 CX12 2212746 0.000929
2212309 CX12 2212745 0.000929
2212309 P2 2212263 0.994600
2212309 P2 2212309 0.005400
2212309 X0 2212348 0.999356
2212309 X0 2212309 0.000215
2212309 X0 2212387 0.000215
2212309 X0 2212426 0.000215
2212348 CX02 2212744 0.986463
2212348 CX02 2212743 0.001934
2212348 CX02 2212746 0.001934
2212348 CX02 2212745 0.001934
2212348 CX02 2212740 0.001934
2212348 CX02 2212739 0.001934
2212348 CX02 2212742 0.001934
2212348 CX02 2212741 0.001934
2212348 CX12 2212743 0.993495
2212348 CX12 2212744 0.000929
2212348 CX12 2212745 0.000929
2212348 CX12 2212746 0.000929
2212348 CX12 2212740 0.000929
2212348 CX12 2212739 0.000929
2212348 CX12 2212742 0.000929
2212348 CX12 2212741 0.000929
2212348 P2 2212264 0.994600
2212348 P2 2212348 0.005400
2212348 X0 2212309 0.999356
2212348 X0 2212348 0.000215
2212348 X0 2212426 0.000215
2212348 X0 2212387 0.000215
2212387 CX02 2212742 0.986463
2212387 CX02 2212741 0.001934
2212387 CX02 2212740 0.001934
2212387 CX02 2212739 0.001934
2212387 CX02 2212746 0.001934
2212387 CX02 2212745 0.001934
2212387 CX02 2212744 0.001934
2212387 CX02 2212743 0.001934
2212387 CX12 2212742 0.993495
2212387 CX12 2212741 0.000929
2212387 CX12 2212740 0.000929
2212387 CX12 2212739 0.000929
2212387 CX12 2212745 0.000929
2212387 CX12 2212746 0.000929
2212387 CX12 2212743 0.000929
2212387 CX12 2212744 0.000929
2212387 P2 2212265 0.994600
2212387 P2 2212387 0.005400
2212387 X0 2212426 0.999356
2212387 X0 2212387 0.000215
2212387 X0 2212309 0.000215
2212387 X0 2212348 0.000215
2212426 CX02 2212745 0.986463
2212426 CX02 2212746 0.001934
2212426 CX02 2212743 0.001934
2212426 CX02 2212744 0.001934
2212426 CX02 2212741 0.001934
2212426 CX02 2212742 0.001934
2212426 CX02 2212739 0.001934
2212426 CX02 2212740 0.001934
2212426 CX12 2212746 0.993495
2212426 CX12 2212745 0.000929
2212426 CX12 2212744 0.000929
2212426 CX12 2212743 0.000929
2212426 CX12 2212741 0.000929
2212426 CX12 2212742 0.000929
2212426 CX12 2212739 0.000929
2212426 CX12 2212740 0.000929
2212426 P2 2212266 0.994600
2212426 P2 2212426 0.005400
2212426 X0 2212387 0.999356
2212426 X0 2212426 0.000215
2212426 X0 2212348 0.000215
2212426 X0 2212309 0.000215
2212447 CX02 2212284 0.986463
2212447 CX02 2212283 0.001934
2212447 CX02 2212286 0.001934
2212447 CX02 2212285 0.001934
2212447 CX02 2212288 0.001934
2212447 CX02 2212287 0.001934
2212447 CX02 2212290 0.001934
2212447 CX02 2212289 0.001934
2212447 CX12 2212284 0.993495
2212447 CX12 2212283 0.000929
2212447 CX12 2212286 0.000929
2212447 CX12 2212285 0.000929
2212447 CX12 2212287 0.000929
2212447 CX12 2212288 0.000929
2212447 CX12 2212289 0.000929
2212447 CX12 2212290 0.000929
2212447 P2 2212917 0.973200
2212447 P2 2212447 0.026800
2212447 X0 2212448 0.999356
2212447 X0 2212447 0.000215
2212447 X0 2212450 0.000215
2212447 X0 2212449 0.000215
2212448 CX02 2212287 0.986463
2212448 CX02 2212288 0.001934
2212448 CX02 2212289 0.001934
2212448 CX02 2212290 0.001934
2212448 CX02 2212283 0.001934
2212448 CX02 2212284 0.001934
2212448 CX02 2212285 0.001934
2212448 CX02 2212286 0.001934
2212448 CX12 2212288 0.993495
2212448 CX12 2212287 0.000929
2212448 CX12 2212290 0.000929
2212448 CX12 2212289 0.000929
2212448 CX12 2212283 0.000929
2212448 CX12 2212284 0.000929
2212448 CX12 2212285 0.000929
2212448 CX12 2212286 0.000929
2212448 P2 2212956 0.973200
2212448 P2 2212448 0.026800
2212448 X0 2212447 0.999356
2212448 X0 2212448 0.000215
2212448 X0 2212449 0.000215
2212448 X0 2212450 0.000215
2212449 CX02 2212290 0.986463
2212449 CX02 2212289 0.001934
2212449 CX02 2212288 0.001934
2212449 CX02 2212287 0.001934
2212449 CX02 2212286 0.001934
2212449 CX02 2212285 0.001934
2212449 CX02 2212284 0.001934
2212449 CX02 2212283 0.001934
2212449 CX12 2212289 0.993495
2212449 CX12 2212290 0.000929
2212449 CX12 2212287 0.000929
2212449 CX12 2212288 0.000929
2212449 CX12 2212286 0.000929
2212449 CX12 2212285 0.000929
2212449 CX12 2212284 0.000929
2212449 CX12 2212283 0.000929
2212449 P2 2212995 0.973200
2212449 P2 2212449 0.026800
2212449 X0 2212450 0.999356
2212449 X0 2212449 0.000215
2212449 X0 2212448 0.000215
2212449 X0 2212447 0.000215
2212450 CX02 2212285 0.986463
2212450 CX02 2212286 0.001934
2212450 CX02 2212283 0.001934
2212450 CX02 2212284 0.001934
2212450 CX02 2212289 0.001934
2212450 CX02 2212290 0.001934
2212450 CX02 2212287 0.001934
2212450 CX02 2212288 0.001934
2212450 CX12 2212285 0.993495
2212450 CX12 2212286 0.000929
2212450 CX12 2212283 0.000929
2212450 CX12 2212284 0.000929
2212450 CX12 2212290 0.000929
2212450 CX12 2212289 0.000929
2212450 CX12 2212288 0.000929
2212450 CX12 2212287 0.000929
2212450 P2 2213034 0.973200
2212450 P2 2212450 0.026800
2212450 X0 2212449 0.999356
2212450 X0 2212450 0.000215
2212450 X0 2212447 0.000215
2212450 X0 2212448 0.000215
2212739 CX02 2212309 0.986463
2212739 CX02 2212917 0.001934
2212739 CX02 2212348 0.001934
2212739 CX02 2212956 0.001934
2212739 CX02 2212426 0.001934
2212739 CX02 2212995 0.001934
2212739 CX02 2212387 0.001934
2212739 CX02 2213034 0.001934
2212739 CX12 2212309 0.993495
2212739 CX12 2212917 0.000929
2212739 CX12 2212348 0.000929
2212739 CX12 2212956 0.000929
2212739 CX12 2212426 0.000929
2212739 CX12 2212995 0.000929
2212739 CX12 2212387 0.000929
2212739 CX12 2213034 0.000929
2212739 X0 2212743 0.999356
2212739 X0 2212739 0.000215
2212739 X0 2212742 0.000215
2212739 X0 2212746 0.000215
2212740 CX02 2212917 0.986463
2212740 CX02 2212309 0.001934
2212740 CX02 2212956 0.001934
2212740 CX02 2212348 0.001934
2212740 CX02 2212995 0.001934
2212740 CX02 2212426 0.001934
2212740 CX02 2213034 0.001934
2212740 CX02 2212387 0.001934
2212740 CX12 2212917 0.993495
2212740 CX12 2212309 0.000929
2212740 CX12 2212956 0.000929
2212740 CX12 2212348 0.000929
2212740 CX12 2212995 0.000929
2212740 CX12 2212426 0.000929
2212740 CX12 2213034 0.000929
2212740 CX12 2212387 0.000929
2212740 X0 2212744 0.999356
2212740 X0 2212740 0.000215
2212740 X0 2212741 0.000215
2212740 X0 2212745 0.000215
2212741 CX02 2213034 0.986463
2212741 CX02 2212387 0.001934
2212741 CX02 2212995 0.001934
2212741 CX02 2212426 0.001934
2212741 CX02 2212956 0.001934
2212741 CX02 2212348 0.001934
2212741 CX02 2212917 0.001934
2212741 CX02 2212309 0.001934
2212741 CX12 2213034 0.993495
2212741 CX12 2212387 0.000929
2212741 CX12 2212995 0.000929
2212741 CX12 2212426 0.000929
2212741 CX12 2212956 0.000929
2212741 CX12 2212348 0.000929
2212741 CX12 2212917 0.000929
2212741 CX12 2212309 0.000929
2212741 X0 2212745 0.999356
2212741 X0 2212741 0.000215
2212741 X0 2212740 0.000215
2212741 X0 2212744 0.000215
2212742 CX02 2212387 0.986463
2212742 CX02 2213034 0.001934
2212742 CX02 2212426 0.001934
2212742 CX02 2212995 0.001934
2212742 CX02 2212348 0.001934
2212742 CX02 2212956 0.001934
2212742 CX02 2212309 0.001934
2212742 CX02 2212917 0.001934
2212742 CX12 2212387 0.993495
2212742 CX12 2213034 0.000929
2212742 CX12 2212426 0.000929
2212742 CX12 2212995 0.000929
2212742 CX12 2212348 0.000929
2212742 CX12 2212956 0.000929
2212742 CX12 2212309 0.000929
2212742 CX12 2212917 0.000929
2212742 X0 2212746 0.999356
2212742 X0 2212742 0.000215
2212742 X0 2212739 0.000215
2212742 X0 2212743 0.000215
2212743 CX02 2212956 0.986463
2212743 CX02 2212348 0.001934
2212743 CX02 2212917 0.001934
2212743 CX02 2212309 0.001934
2212743 CX02 2213034 0.001934
2212743 CX02 2212387 0.001934
2212743 CX02 2212995 0.001934
2212743 CX02 2212426 0.001934
2212743 CX12 2212348 0.993495
2212743 CX12 2212956 0.000929
2212743 CX12 2212309 0.000929
2212743 CX12 2212917 0.000929
2212743 CX12 2212387 0.000929
2212743 CX12 2213034 0.000929
2212743 CX12 2212426 0.000929
2212743 CX12 2212995 0.000929
2212743 X0 2212739 0.999356
2212743 X0 2212743 0.000215
2212743 X0 2212746 0.000215
2212743 X0 2212742 0.000215
2212744 CX02 2212348 0.986463
2212744 CX02 2212956 0.001934
2212744 CX02 2212309 0.001934
2212744 CX02 2212917 0.001934
2212744 CX02 2212387 0.001934
2212744 CX02 2213034 0.001934
2212744 CX02 2212426 0.001934
2212744 CX02 2212995 0.001934
2212744 CX12 2212956 0.993495
2212744 CX12 2212348 0.000929
2212744 CX12 2212917 0.000929
2212744 CX12 2212309 0.000929
2212744 CX12 2213034 0.000929
2212744 CX12 2212387 0.000929
2212744 CX12 2212995 0.000929
2212744 CX12 2212426 0.000929
2212744 X0 2212740 0.999356
2212744 X0 2212744 0.000215
2212744 X0 2212745 0.000215
2212744 X0 2212741 0.000215
2212745 CX02 2212426 0.986463
2212745 CX02 2212995 0.001934
2212745 CX02 2212387 0.001934
2212745 CX02 2213034 0.001934
2212745 CX02 2212309 0.001934
2212745 CX02 2212917 0.001934
2212745 CX02 2212348 0.001934
2212745 CX02 2212956 0.001934
2212745 CX12 2212995 0.993495
2212745 CX12 2212426 0.000929
2212745 CX12 2213034 0.000929
2212745 CX12 2212387 0.000929
2212745 CX12 2212917 0.000929
2212745 CX12 2212309 0.000929
2212745 CX12 2212956 0.000929
2212745 CX12 2212348 0.000929
2212745 X0 2212741 0.999356
2212745 X0 2212745 0.000215
2212745 X0 2212744 0.000215
2212745 X0 2212740 0.000215
2212746 CX02 2212995 0.986463
2212746 CX02 2212426 0.001934
2212746 CX02 2213034 0.001934
2212746 CX02 2212387 0.001934
2212746 CX02 2212917 0.001934
2212746 CX02 2212309 0.001934
2212746 CX02 2212956 0.001934
2212746 CX02 2212348 0.001934
2212746 CX12 2212426 0.993495
2212746 CX12 2212995 0.000929
2212746 CX12 2212387 0.000929
2212746 CX12 2213034 0.000929
2212746 CX12 2212309 0.000929
2212746 CX12 2212917 0.000929
2212746 CX12 2212348 0.000929
2212746 CX12 2212956 0.000929
2212746 X0 2212742 0.999356
2212746 X0 2212746 0.000215
2212746 X0 2212743 0.000215
2212746 X0 2212739 0.000215
2212917 CX02 2212740 0.986463
2212917 CX02 2212739 0.001934
2212917 CX02 2212742 0.001934
2212917 CX02 2212741 0.001934
2212917 CX02 2212744 0.001934
2212917 CX02 2212743 0.001934
2212917 CX02 2212746 0.001934
2212917 CX02 2212745 0.001934
2212917 CX12 2212740 0.993495
2212917 CX12 2212739 0.000929
2212917 CX12 2212742 0.000929
2212917 CX12 2212741 0.000929
2212917 CX12 2212743 0.000929
2212917 CX12 2212744 0.000929
2212917 CX12 2212745 0.000929
2212917 CX12 2212746 0.000929
2212917 P2 2212917 0.973200
2212917 P2 2212447 0.026800
2212917 X0 2212956 0.999356
2212917 X0 2212917 0.000215
2212917 X0 2213034 0.000215
2212917 X0 2212995 0.000215
2212956 CX02 2212743 0.986463
2212956 CX02 2212744 0.001934
2212956 CX02 2212745 0.001934
2212956 CX02 2212746 0.001934
2212956 CX02 2212739 0.001934
2212956 CX02 2212740 0.001934
2212956 CX02 2212741 0.001934
2212956 CX02 2212742 0.001934
2212956 CX12 2212744 0.993495
2212956 CX12 2212743 0.000929
2212956 CX12 2212746 0.000929
2212956 CX12 2212745 0.000929
2212956 CX12 2212739 0.000929
2212956 CX12 2212740 0.000929
2212956 CX12 2212741 0.000929
2212956 CX12 2212742 0.000929
2212956 P2 2212956 0.973200
2212956 P2 2212448 0.026800
2212956 X0 2212917 0.999356
2212956 X0 2212956 0.000215
2212956 X0 2212995 0.000215
2212956 X0 2213034 0.000215
2212995 CX02 2212746 0.986463
2212995 CX02 2212745 0.001934
2212995 CX02 2212744 0.001934
2212995 CX02 2212743 0.001934
2212995 CX02 2212742 0.001934
2212995 CX02 2212741 0.001934
2212995 CX02 2212740 0.001934
2212995 CX02 2212739 0.001934
2212995 CX12 2212745 0.993495
2212995 CX12 2212746 0.000929
2212995 CX12 2212743 0.000929
2212995 CX12 2212744 0.000929
2212995 CX12 2212742 0.000929
2212995 CX12 2212741 0.000929
2212995 CX12 2212740 0.000929
2212995 CX12 2212739 0.000929
2212995 P2 2212995 0.973200
2212995 P2 2212449 0.026800
2212995 X0 2213034 0.999356
2212995 X0 2212995 0.000215
2212995 X0 2212956 0.000215
2212995 X0 2212917 0.000215
2213034 CX02 2212741 0.986463
2213034 CX02 2212742 0.001934
2213034 CX02 2212739 0.001934
2213034 CX02 2212740 0.001934
2213034 CX02 2212745 0.001934
2213034 CX02 2212746 0.001934
2213034 CX02 2212743 0.001934
2213034 CX02 2212744 0.001934
2213034 CX12 2212741 0.993495
2213034 CX12 2212742 0.000929
2213034 CX12 2212739 0.000929
2213034 CX12 2212740 0.000929
2213034 CX12 2212746 0.000929
2213034 CX12 2212745 0.000929
2213034 CX12 2212744 0.000929
2213034 CX12 2212743 0.000929
2213034 P2 2213034 0.973200
2213034 P2 2212450 0.026800
2213034 X0 2212995 0.999356
2213034 X0 2213034 0.000215
2213034 X0 2212917 0.000215
2213034 X0 2212956 0.000215
ENDPOMDP
