BEGINPOMDP
INITIALSTATE: 2147761
STATES: 2147761,2147762,2147763,2147764,2147765,2147782,2147783,2147784,2147785,2147786,2147787,2147788,2147789,2147808,2147847,2147886,2147925,2147946,2147947,2147948,2147949,2148238,2148239,2148240,2148241,2148242,2148243,2148244,2148245,2148416,2148455,2148494,2148533
TARGETV: 2147762,2147764,2147808,2147886,2147946,2147949,2148416,2148533
GAMMA: 2147761:0,2147762:0,2147763:0,2147764:0,2147765:0,2147782:0,2147783:0,2147784:0,2147785:0,2147786:0,2147787:0,2147788:0,2147789:0,2147808:1,2147847:1,2147886:1,2147925:1,2147946:0,2147947:0,2147948:0,2147949:0,2148238:1,2148239:1,2148240:1,2148241:1,2148242:1,2148243:1,2148244:1,2148245:1,2148416:1,2148455:1,2148494:1,2148533:1
BEGINACTIONS
CX02
CX12
P2
X0
ENDACTIONS
2147761 INIT_ 2147762 0.250000
2147761 INIT_ 2147763 0.250000
2147761 INIT_ 2147764 0.250000
2147761 INIT_ 2147765 0.250000
2147762 CX02 2147782 0.971771
2147762 CX02 2147783 0.004033
2147762 CX02 2147784 0.004033
2147762 CX02 2147785 0.004033
2147762 CX02 2147786 0.004033
2147762 CX02 2147787 0.004033
2147762 CX02 2147788 0.004033
2147762 CX02 2147789 0.004033
2147762 CX12 2147782 0.990075
2147762 CX12 2147783 0.001418
2147762 CX12 2147784 0.001418
2147762 CX12 2147785 0.001418
2147762 CX12 2147787 0.001418
2147762 CX12 2147786 0.001418
2147762 CX12 2147789 0.001418
2147762 CX12 2147788 0.001418
2147762 P2 2147762 0.957200
2147762 P2 2147808 0.042800
2147762 X0 2147763 0.999584
2147762 X0 2147762 0.000139
2147762 X0 2147764 0.000139
2147762 X0 2147765 0.000139
2147763 CX02 2147787 0.971771
2147763 CX02 2147786 0.004033
2147763 CX02 2147789 0.004033
2147763 CX02 2147788 0.004033
2147763 CX02 2147783 0.004033
2147763 CX02 2147782 0.004033
2147763 CX02 2147785 0.004033
2147763 CX02 2147784 0.004033
2147763 CX12 2147786 0.990075
2147763 CX12 2147787 0.001418
2147763 CX12 2147788 0.001418
2147763 CX12 2147789 0.001418
2147763 CX12 2147783 0.001418
2147763 CX12 2147782 0.001418
2147763 CX12 2147785 0.001418
2147763 CX12 2147784 0.001418
2147763 P2 2147763 0.957200
2147763 P2 2147847 0.042800
2147763 X0 2147762 0.999584
2147763 X0 2147763 0.000139
2147763 X0 2147765 0.000139
2147763 X0 2147764 0.000139
2147764 CX02 2147785 0.971771
2147764 CX02 2147784 0.004033
2147764 CX02 2147783 0.004033
2147764 CX02 2147782 0.004033
2147764 CX02 2147789 0.004033
2147764 CX02 2147788 0.004033
2147764 CX02 2147787 0.004033
2147764 CX02 2147786 0.004033
2147764 CX12 2147785 0.990075
2147764 CX12 2147784 0.001418
2147764 CX12 2147783 0.001418
2147764 CX12 2147782 0.001418
2147764 CX12 2147788 0.001418
2147764 CX12 2147789 0.001418
2147764 CX12 2147786 0.001418
2147764 CX12 2147787 0.001418
2147764 P2 2147764 0.957200
2147764 P2 2147886 0.042800
2147764 X0 2147765 0.999584
2147764 X0 2147764 0.000139
2147764 X0 2147762 0.000139
2147764 X0 2147763 0.000139
2147765 CX02 2147788 0.971771
2147765 CX02 2147789 0.004033
2147765 CX02 2147786 0.004033
2147765 CX02 2147787 0.004033
2147765 CX02 2147784 0.004033
2147765 CX02 2147785 0.004033
2147765 CX02 2147782 0.004033
2147765 CX02 2147783 0.004033
2147765 CX12 2147789 0.990075
2147765 CX12 2147788 0.001418
2147765 CX12 2147787 0.001418
2147765 CX12 2147786 0.001418
2147765 CX12 2147784 0.001418
2147765 CX12 2147785 0.001418
2147765 CX12 2147782 0.001418
2147765 CX12 2147783 0.001418
2147765 P2 2147765 0.957200
2147765 P2 2147925 0.042800
2147765 X0 2147764 0.999584
2147765 X0 2147765 0.000139
2147765 X0 2147763 0.000139
2147765 X0 2147762 0.000139
2147782 CX02 2147762 0.971771
2147782 CX02 2147946 0.004033
2147782 CX02 2147763 0.004033
2147782 CX02 2147947 0.004033
2147782 CX02 2147765 0.004033
2147782 CX02 2147948 0.004033
2147782 CX02 2147764 0.004033
2147782 CX02 2147949 0.004033
2147782 CX12 2147762 0.990075
2147782 CX12 2147946 0.001418
2147782 CX12 2147763 0.001418
2147782 CX12 2147947 0.001418
2147782 CX12 2147765 0.001418
2147782 CX12 2147948 0.001418
2147782 CX12 2147764 0.001418
2147782 CX12 2147949 0.001418
2147782 X0 2147786 0.999584
2147782 X0 2147782 0.000139
2147782 X0 2147785 0.000139
2147782 X0 2147789 0.000139
2147783 CX02 2147946 0.971771
2147783 CX02 2147762 0.004033
2147783 CX02 2147947 0.004033
2147783 CX02 2147763 0.004033
2147783 CX02 2147948 0.004033
2147783 CX02 2147765 0.004033
2147783 CX02 2147949 0.004033
2147783 CX02 2147764 0.004033
2147783 CX12 2147946 0.990075
2147783 CX12 2147762 0.001418
2147783 CX12 2147947 0.001418
2147783 CX12 2147763 0.001418
2147783 CX12 2147948 0.001418
2147783 CX12 2147765 0.001418
2147783 CX12 2147949 0.001418
2147783 CX12 2147764 0.001418
2147783 X0 2147787 0.999584
2147783 X0 2147783 0.000139
2147783 X0 2147784 0.000139
2147783 X0 2147788 0.000139
2147784 CX02 2147949 0.971771
2147784 CX02 2147764 0.004033
2147784 CX02 2147948 0.004033
2147784 CX02 2147765 0.004033
2147784 CX02 2147947 0.004033
2147784 CX02 2147763 0.004033
2147784 CX02 2147946 0.004033
2147784 CX02 2147762 0.004033
2147784 CX12 2147949 0.990075
2147784 CX12 2147764 0.001418
2147784 CX12 2147948 0.001418
2147784 CX12 2147765 0.001418
2147784 CX12 2147947 0.001418
2147784 CX12 2147763 0.001418
2147784 CX12 2147946 0.001418
2147784 CX12 2147762 0.001418
2147784 X0 2147788 0.999584
2147784 X0 2147784 0.000139
2147784 X0 2147783 0.000139
2147784 X0 2147787 0.000139
2147785 CX02 2147764 0.971771
2147785 CX02 2147949 0.004033
2147785 CX02 2147765 0.004033
2147785 CX02 2147948 0.004033
2147785 CX02 2147763 0.004033
2147785 CX02 2147947 0.004033
2147785 CX02 2147762 0.004033
2147785 CX02 2147946 0.004033
2147785 CX12 2147764 0.990075
2147785 CX12 2147949 0.001418
2147785 CX12 2147765 0.001418
2147785 CX12 2147948 0.001418
2147785 CX12 2147763 0.001418
2147785 CX12 2147947 0.001418
2147785 CX12 2147762 0.001418
2147785 CX12 2147946 0.001418
2147785 X0 2147789 0.999584
2147785 X0 2147785 0.000139
2147785 X0 2147782 0.000139
2147785 X0 2147786 0.000139
2147786 CX02 2147947 0.971771
2147786 CX02 2147763 0.004033
2147786 CX02 2147946 0.004033
2147786 CX02 2147762 0.004033
2147786 CX02 2147949 0.004033
2147786 CX02 2147764 0.004033
2147786 CX02 2147948 0.004033
2147786 CX02 2147765 0.004033
2147786 CX12 2147763 0.990075
2147786 CX12 2147947 0.001418
2147786 CX12 2147762 0.001418
2147786 CX12 2147946 0.001418
2147786 CX12 2147764 0.001418
2147786 CX12 2147949 0.001418
2147786 CX12 2147765 0.001418
2147786 CX12 2147948 0.001418
2147786 X0 2147782 0.999584
2147786 X0 2147786 0.000139
2147786 X0 2147789 0.000139
2147786 X0 2147785 0.000139
2147787 CX02 2147763 0.971771
2147787 CX02 2147947 0.004033
2147787 CX02 2147762 0.004033
2147787 CX02 2147946 0.004033
2147787 CX02 2147764 0.004033
2147787 CX02 2147949 0.004033
2147787 CX02 2147765 0.004033
2147787 CX02 2147948 0.004033
2147787 CX12 2147947 0.990075
2147787 CX12 2147763 0.001418
2147787 CX12 2147946 0.001418
2147787 CX12 2147762 0.001418
2147787 CX12 2147949 0.001418
2147787 CX12 2147764 0.001418
2147787 CX12 2147948 0.001418
2147787 CX12 2147765 0.001418
2147787 X0 2147783 0.999584
2147787 X0 2147787 0.000139
2147787 X0 2147788 0.000139
2147787 X0 2147784 0.000139
2147788 CX02 2147765 0.971771
2147788 CX02 2147948 0.004033
2147788 CX02 2147764 0.004033
2147788 CX02 2147949 0.004033
2147788 CX02 2147762 0.004033
2147788 CX02 2147946 0.004033
2147788 CX02 2147763 0.004033
2147788 CX02 2147947 0.004033
2147788 CX12 2147948 0.990075
2147788 CX12 2147765 0.001418
2147788 CX12 2147949 0.001418
2147788 CX12 2147764 0.001418
2147788 CX12 2147946 0.001418
2147788 CX12 2147762 0.001418
2147788 CX12 2147947 0.001418
2147788 CX12 2147763 0.001418
2147788 X0 2147784 0.999584
2147788 X0 2147788 0.000139
2147788 X0 2147787 0.000139
2147788 X0 2147783 0.000139
2147789 CX02 2147948 0.971771
2147789 CX02 2147765 0.004033
2147789 CX02 2147949 0.004033
2147789 CX02 2147764 0.004033
2147789 CX02 2147946 0.004033
2147789 CX02 2147762 0.004033
2147789 CX02 2147947 0.004033
2147789 CX02 2147763 0.004033
2147789 CX12 2147765 0.990075
2147789 CX12 2147948 0.001418
2147789 CX12 2147764 0.001418
2147789 CX12 2147949 0.001418
2147789 CX12 2147762 0.001418
2147789 CX12 2147946 0.001418
2147789 CX12 2147763 0.001418
2147789 CX12 2147947 0.001418
2147789 X0 2147785 0.999584
2147789 X0 2147789 0.000139
2147789 X0 2147786 0.000139
2147789 X0 2147782 0.000139
2147808 CX02 2148238 0.971771
2147808 CX02 2148239 0.004033
2147808 CX02 2148240 0.004033
2147808 CX02 2148241 0.004033
2147808 CX02 2148242 0.004033
2147808 CX02 2148243 0.004033
2147808 CX02 2148244 0.004033
2147808 CX02 2148245 0.004033
2147808 CX12 2148238 0.990075
2147808 CX12 2148239 0.001418
2147808 CX12 2148240 0.001418
2147808 CX12 2148241 0.001418
2147808 CX12 2148243 0.001418
2147808 CX12 2148242 0.001418
2147808 CX12 2148245 0.001418
2147808 CX12 2148244 0.001418
2147808 P2 2147762 0.957200
2147808 P2 2147808 0.042800
2147808 X0 2147847 0.999584
2147808 X0 2147808 0.000139
2147808 X0 2147886 0.000139
2147808 X0 2147925 0.000139
2147847 CX02 2148243 0.971771
2147847 CX02 2148242 0.004033
2147847 CX02 2148245 0.004033
2147847 CX02 2148244 0.004033
2147847 CX02 2148239 0.004033
2147847 CX02 2148238 0.004033
2147847 CX02 2148241 0.004033
2147847 CX02 2148240 0.004033
2147847 CX12 2148242 0.990075
2147847 CX12 2148243 0.001418
2147847 CX12 2148244 0.001418
2147847 CX12 2148245 0.001418
2147847 CX12 2148239 0.001418
2147847 CX12 2148238 0.001418
2147847 CX12 2148241 0.001418
2147847 CX12 2148240 0.001418
2147847 P2 2147763 0.957200
2147847 P2 2147847 0.042800
2147847 X0 2147808 0.999584
2147847 X0 2147847 0.000139
2147847 X0 2147925 0.000139
2147847 X0 2147886 0.000139
2147886 CX02 2148241 0.971771
2147886 CX02 2148240 0.004033
2147886 CX02 2148239 0.004033
2147886 CX02 2148238 0.004033
2147886 CX02 2148245 0.004033
2147886 CX02 2148244 0.004033
2147886 CX02 2148243 0.004033
2147886 CX02 2148242 0.004033
2147886 CX12 2148241 0.990075
2147886 CX12 2148240 0.001418
2147886 CX12 2148239 0.001418
2147886 CX12 2148238 0.001418
2147886 CX12 2148244 0.001418
2147886 CX12 2148245 0.001418
2147886 CX12 2148242 0.001418
2147886 CX12 2148243 0.001418
2147886 P2 2147764 0.957200
2147886 P2 2147886 0.042800
2147886 X0 2147925 0.999584
2147886 X0 2147886 0.000139
2147886 X0 2147808 0.000139
2147886 X0 2147847 0.000139
2147925 CX02 2148244 0.971771
2147925 CX02 2148245 0.004033
2147925 CX02 2148242 0.004033
2147925 CX02 2148243 0.004033
2147925 CX02 2148240 0.004033
2147925 CX02 2148241 0.004033
2147925 CX02 2148238 0.004033
2147925 CX02 2148239 0.004033
2147925 CX12 2148245 0.990075
2147925 CX12 2148244 0.001418
2147925 CX12 2148243 0.001418
2147925 CX12 2148242 0.001418
2147925 CX12 2148240 0.001418
2147925 CX12 2148241 0.001418
2147925 CX12 2148238 0.001418
2147925 CX12 2148239 0.001418
2147925 P2 2147765 0.957200
2147925 P2 2147925 0.042800
2147925 X0 2147886 0.999584
2147925 X0 2147925 0.000139
2147925 X0 2147847 0.000139
2147925 X0 2147808 0.000139
2147946 CX02 2147783 0.971771
2147946 CX02 2147782 0.004033
2147946 CX02 2147785 0.004033
2147946 CX02 2147784 0.004033
2147946 CX02 2147787 0.004033
2147946 CX02 2147786 0.004033
2147946 CX02 2147789 0.004033
2147946 CX02 2147788 0.004033
2147946 CX12 2147783 0.990075
2147946 CX12 2147782 0.001418
2147946 CX12 2147785 0.001418
2147946 CX12 2147784 0.001418
2147946 CX12 2147786 0.001418
2147946 CX12 2147787 0.001418
2147946 CX12 2147788 0.001418
2147946 CX12 2147789 0.001418
2147946 P2 2148416 0.977200
2147946 P2 2147946 0.022800
2147946 X0 2147947 0.999584
2147946 X0 2147946 0.000139
2147946 X0 2147949 0.000139
2147946 X0 2147948 0.000139
2147947 CX02 2147786 0.971771
2147947 CX02 2147787 0.004033
2147947 CX02 2147788 0.004033
2147947 CX02 2147789 0.004033
2147947 CX02 2147782 0.004033
2147947 CX02 2147783 0.004033
2147947 CX02 2147784 0.004033
2147947 CX02 2147785 0.004033
2147947 CX12 2147787 0.990075
2147947 CX12 2147786 0.001418
2147947 CX12 2147789 0.001418
2147947 CX12 2147788 0.001418
2147947 CX12 2147782 0.001418
2147947 CX12 2147783 0.001418
2147947 CX12 2147784 0.001418
2147947 CX12 2147785 0.001418
2147947 P2 2148455 0.977200
2147947 P2 2147947 0.022800
2147947 X0 2147946 0.999584
2147947 X0 2147947 0.000139
2147947 X0 2147948 0.000139
2147947 X0 2147949 0.000139
2147948 CX02 2147789 0.971771
2147948 CX02 2147788 0.004033
2147948 CX02 2147787 0.004033
2147948 CX02 2147786 0.004033
2147948 CX02 2147785 0.004033
2147948 CX02 2147784 0.004033
2147948 CX02 2147783 0.004033
2147948 CX02 2147782 0.004033
2147948 CX12 2147788 0.990075
2147948 CX12 2147789 0.001418
2147948 CX12 2147786 0.001418
2147948 CX12 2147787 0.001418
2147948 CX12 2147785 0.001418
2147948 CX12 2147784 0.001418
2147948 CX12 2147783 0.001418
2147948 CX12 2147782 0.001418
2147948 P2 2148494 0.977200
2147948 P2 2147948 0.022800
2147948 X0 2147949 0.999584
2147948 X0 2147948 0.000139
2147948 X0 2147947 0.000139
2147948 X0 2147946 0.000139
2147949 CX02 2147784 0.971771
2147949 CX02 2147785 0.004033
2147949 CX02 2147782 0.004033
2147949 CX02 2147783 0.004033
2147949 CX02 2147788 0.004033
2147949 CX02 2147789 0.004033
2147949 CX02 2147786 0.004033
2147949 CX02 2147787 0.004033
2147949 CX12 2147784 0.990075
2147949 CX12 2147785 0.001418
2147949 CX12 2147782 0.001418
2147949 CX12 2147783 0.001418
2147949 CX12 2147789 0.001418
2147949 CX12 2147788 0.001418
2147949 CX12 2147787 0.001418
2147949 CX12 2147786 0.001418
2147949 P2 2148533 0.977200
2147949 P2 2147949 0.022800
2147949 X0 2147948 0.999584
2147949 X0 2147949 0.000139
2147949 X0 2147946 0.000139
2147949 X0 2147947 0.000139
2148238 CX02 2147808 0.971771
2148238 CX02 2148416 0.004033
2148238 CX02 2147847 0.004033
2148238 CX02 2148455 0.004033
2148238 CX02 2147925 0.004033
2148238 CX02 2148494 0.004033
2148238 CX02 2147886 0.004033
2148238 CX02 2148533 0.004033
2148238 CX12 2147808 0.990075
2148238 CX12 2148416 0.001418
2148238 CX12 2147847 0.001418
2148238 CX12 2148455 0.001418
2148238 CX12 2147925 0.001418
2148238 CX12 2148494 0.001418
2148238 CX12 2147886 0.001418
2148238 CX12 2148533 0.001418
2148238 X0 2148242 0.999584
2148238 X0 2148238 0.000139
2148238 X0 2148241 0.000139
2148238 X0 2148245 0.000139
2148239 CX02 2148416 0.971771
2148239 CX02 2147808 0.004033
2148239 CX02 2148455 0.004033
2148239 CX02 2147847 0.004033
2148239 CX02 2148494 0.004033
2148239 CX02 2147925 0.004033
2148239 CX02 2148533 0.004033
2148239 CX02 2147886 0.004033
2148239 CX12 2148416 0.990075
2148239 CX12 2147808 0.001418
2148239 CX12 2148455 0.001418
2148239 CX12 2147847 0.001418
2148239 CX12 2148494 0.001418
2148239 CX12 2147925 0.001418
2148239 CX12 2148533 0.001418
2148239 CX12 2147886 0.001418
2148239 X0 2148243 0.999584
2148239 X0 2148239 0.000139
2148239 X0 2148240 0.000139
2148239 X0 2148244 0.000139
2148240 CX02 2148533 0.971771
2148240 CX02 2147886 0.004033
2148240 CX02 2148494 0.004033
2148240 CX02 2147925 0.004033
2148240 CX02 2148455 0.004033
2148240 CX02 2147847 0.004033
2148240 CX02 2148416 0.004033
2148240 CX02 2147808 0.004033
2148240 CX12 2148533 0.990075
2148240 CX12 2147886 0.001418
2148240 CX12 2148494 0.001418
2148240 CX12 2147925 0.001418
2148240 CX12 2148455 0.001418
2148240 CX12 2147847 0.001418
2148240 CX12 2148416 0.001418
2148240 CX12 2147808 0.001418
2148240 X0 2148244 0.999584
2148240 X0 2148240 0.000139
2148240 X0 2148239 0.000139
2148240 X0 2148243 0.000139
2148241 CX02 2147886 0.971771
2148241 CX02 2148533 0.004033
2148241 CX02 2147925 0.004033
2148241 CX02 2148494 0.004033
2148241 CX02 2147847 0.004033
2148241 CX02 2148455 0.004033
2148241 CX02 2147808 0.004033
2148241 CX02 2148416 0.004033
2148241 CX12 2147886 0.990075
2148241 CX12 2148533 0.001418
2148241 CX12 2147925 0.001418
2148241 CX12 2148494 0.001418
2148241 CX12 2147847 0.001418
2148241 CX12 2148455 0.001418
2148241 CX12 2147808 0.001418
2148241 CX12 2148416 0.001418
2148241 X0 2148245 0.999584
2148241 X0 2148241 0.000139
2148241 X0 2148238 0.000139
2148241 X0 2148242 0.000139
2148242 CX02 2148455 0.971771
2148242 CX02 2147847 0.004033
2148242 CX02 2148416 0.004033
2148242 CX02 2147808 0.004033
2148242 CX02 2148533 0.004033
2148242 CX02 2147886 0.004033
2148242 CX02 2148494 0.004033
2148242 CX02 2147925 0.004033
2148242 CX12 2147847 0.990075
2148242 CX12 2148455 0.001418
2148242 CX12 2147808 0.001418
2148242 CX12 2148416 0.001418
2148242 CX12 2147886 0.001418
2148242 CX12 2148533 0.001418
2148242 CX12 2147925 0.001418
2148242 CX12 2148494 0.001418
2148242 X0 2148238 0.999584
2148242 X0 2148242 0.000139
2148242 X0 2148245 0.000139
2148242 X0 2148241 0.000139
2148243 CX02 2147847 0.971771
2148243 CX02 2148455 0.004033
2148243 CX02 2147808 0.004033
2148243 CX02 2148416 0.004033
2148243 CX02 2147886 0.004033
2148243 CX02 2148533 0.004033
2148243 CX02 2147925 0.004033
2148243 CX02 2148494 0.004033
2148243 CX12 2148455 0.990075
2148243 CX12 2147847 0.001418
2148243 CX12 2148416 0.001418
2148243 CX12 2147808 0.001418
2148243 CX12 2148533 0.001418
2148243 CX12 2147886 0.001418
2148243 CX12 2148494 0.001418
2148243 CX12 2147925 0.001418
2148243 X0 2148239 0.999584
2148243 X0 2148243 0.000139
2148243 X0 2148244 0.000139
2148243 X0 2148240 0.000139
2148244 CX02 2147925 0.971771
2148244 CX02 2148494 0.004033
2148244 CX02 2147886 0.004033
2148244 CX02 2148533 0.004033
2148244 CX02 2147808 0.004033
2148244 CX02 2148416 0.004033
2148244 CX02 2147847 0.004033
2148244 CX02 2148455 0.004033
2148244 CX12 2148494 0.990075
2148244 CX12 2147925 0.001418
2148244 CX12 2148533 0.001418
2148244 CX12 2147886 0.001418
2148244 CX12 2148416 0.001418
2148244 CX12 2147808 0.001418
2148244 CX12 2148455 0.001418
2148244 CX12 2147847 0.001418
2148244 X0 2148240 0.999584
2148244 X0 2148244 0.000139
2148244 X0 2148243 0.000139
2148244 X0 2148239 0.000139
2148245 CX02 2148494 0.971771
2148245 CX02 2147925 0.004033
2148245 CX02 2148533 0.004033
2148245 CX02 2147886 0.004033
2148245 CX02 2148416 0.004033
2148245 CX02 2147808 0.004033
2148245 CX02 2148455 0.004033
2148245 CX02 2147847 0.004033
2148245 CX12 2147925 0.990075
2148245 CX12 2148494 0.001418
2148245 CX12 2147886 0.001418
2148245 CX12 2148533 0.001418
2148245 CX12 2147808 0.001418
2148245 CX12 2148416 0.001418
2148245 CX12 2147847 0.001418
2148245 CX12 2148455 0.001418
2148245 X0 2148241 0.999584
2148245 X0 2148245 0.000139
2148245 X0 2148242 0.000139
2148245 X0 2148238 0.000139
2148416 CX02 2148239 0.971771
2148416 CX02 2148238 0.004033
2148416 CX02 2148241 0.004033
2148416 CX02 2148240 0.004033
2148416 CX02 2148243 0.004033
2148416 CX02 2148242 0.004033
2148416 CX02 2148245 0.004033
2148416 CX02 2148244 0.004033
2148416 CX12 2148239 0.990075
2148416 CX12 2148238 0.001418
2148416 CX12 2148241 0.001418
2148416 CX12 2148240 0.001418
2148416 CX12 2148242 0.001418
2148416 CX12 2148243 0.001418
2148416 CX12 2148244 0.001418
2148416 CX12 2148245 0.001418
2148416 P2 2148416 0.977200
2148416 P2 2147946 0.022800
2148416 X0 2148455 0.999584
2148416 X0 2148416 0.000139
2148416 X0 2148533 0.000139
2148416 X0 2148494 0.000139
2148455 CX02 2148242 0.971771
2148455 CX02 2148243 0.004033
2148455 CX02 2148244 0.004033
2148455 CX02 2148245 0.004033
2148455 CX02 2148238 0.004033
2148455 CX02 2148239 0.004033
2148455 CX02 2148240 0.004033
2148455 CX02 2148241 0.004033
2148455 CX12 2148243 0.990075
2148455 CX12 2148242 0.001418
2148455 CX12 2148245 0.001418
2148455 CX12 2148244 0.001418
2148455 CX12 2148238 0.001418
2148455 CX12 2148239 0.001418
2148455 CX12 2148240 0.001418
2148455 CX12 2148241 0.001418
2148455 P2 2148455 0.977200
2148455 P2 2147947 0.022800
2148455 X0 2148416 0.999584
2148455 X0 2148455 0.000139
2148455 X0 2148494 0.000139
2148455 X0 2148533 0.000139
2148494 CX02 2148245 0.971771
2148494 CX02 2148244 0.004033
2148494 CX02 2148243 0.004033
2148494 CX02 2148242 0.004033
2148494 CX02 2148241 0.004033
2148494 CX02 2148240 0.004033
2148494 CX02 2148239 0.004033
2148494 CX02 2148238 0.004033
2148494 CX12 2148244 0.990075
2148494 CX12 2148245 0.001418
2148494 CX12 2148242 0.001418
2148494 CX12 2148243 0.001418
2148494 CX12 2148241 0.001418
2148494 CX12 2148240 0.001418
2148494 CX12 2148239 0.001418
2148494 CX12 2148238 0.001418
2148494 P2 2148494 0.977200
2148494 P2 2147948 0.022800
2148494 X0 2148533 0.999584
2148494 X0 2148494 0.000139
2148494 X0 2148455 0.000139
2148494 X0 2148416 0.000139
2148533 CX02 2148240 0.971771
2148533 CX02 2148241 0.004033
2148533 CX02 2148238 0.004033
2148533 CX02 2148239 0.004033
2148533 CX02 2148244 0.004033
2148533 CX02 2148245 0.004033
2148533 CX02 2148242 0.004033
2148533 CX02 2148243 0.004033
2148533 CX12 2148240 0.990075
2148533 CX12 2148241 0.001418
2148533 CX12 2148238 0.001418
2148533 CX12 2148239 0.001418
2148533 CX12 2148245 0.001418
2148533 CX12 2148244 0.001418
2148533 CX12 2148243 0.001418
2148533 CX12 2148242 0.001418
2148533 P2 2148533 0.977200
2148533 P2 2147949 0.022800
2148533 X0 2148494 0.999584
2148533 X0 2148533 0.000139
2148533 X0 2148416 0.000139
2148533 X0 2148455 0.000139
ENDPOMDP
