BEGINPOMDP
INITIALSTATE: 2202526
STATES: 2202526,2202527,2202528,2202529,2202530,2202547,2202548,2202549,2202550,2202551,2202552,2202553,2202554,2202573,2202612,2202651,2202690,2202711,2202712,2202713,2202714,2203003,2203004,2203005,2203006,2203007,2203008,2203009,2203010,2203181,2203220,2203259,2203298
TARGETV: 2202527,2202529,2202573,2202651,2202711,2202714,2203181,2203298
GAMMA: 2202526:0,2202527:0,2202528:0,2202529:0,2202530:0,2202547:0,2202548:0,2202549:0,2202550:0,2202551:0,2202552:0,2202553:0,2202554:0,2202573:1,2202612:1,2202651:1,2202690:1,2202711:0,2202712:0,2202713:0,2202714:0,2203003:1,2203004:1,2203005:1,2203006:1,2203007:1,2203008:1,2203009:1,2203010:1,2203181:1,2203220:1,2203259:1,2203298:1
BEGINACTIONS
CX02
CX12
P2
X0
ENDACTIONS
2202526 INIT_ 2202527 0.250000
2202526 INIT_ 2202528 0.250000
2202526 INIT_ 2202529 0.250000
2202526 INIT_ 2202530 0.250000
2202527 CX02 2202547 0.971952
2202527 CX02 2202548 0.004007
2202527 CX02 2202549 0.004007
2202527 CX02 2202550 0.004007
2202527 CX02 2202551 0.004007
2202527 CX02 2202552 0.004007
2202527 CX02 2202553 0.004007
2202527 CX02 2202554 0.004007
2202527 CX12 2202547 0.984950
2202527 CX12 2202548 0.002150
2202527 CX12 2202549 0.002150
2202527 CX12 2202550 0.002150
2202527 CX12 2202552 0.002150
2202527 CX12 2202551 0.002150
2202527 CX12 2202554 0.002150
2202527 CX12 2202553 0.002150
2202527 P2 2202527 0.812600
2202527 P2 2202573 0.187400
2202527 X0 2202528 0.999261
2202527 X0 2202527 0.000246
2202527 X0 2202529 0.000246
2202527 X0 2202530 0.000246
2202528 CX02 2202552 0.971952
2202528 CX02 2202551 0.004007
2202528 CX02 2202554 0.004007
2202528 CX02 2202553 0.004007
2202528 CX02 2202548 0.004007
2202528 CX02 2202547 0.004007
2202528 CX02 2202550 0.004007
2202528 CX02 2202549 0.004007
2202528 CX12 2202551 0.984950
2202528 CX12 2202552 0.002150
2202528 CX12 2202553 0.002150
2202528 CX12 2202554 0.002150
2202528 CX12 2202548 0.002150
2202528 CX12 2202547 0.002150
2202528 CX12 2202550 0.002150
2202528 CX12 2202549 0.002150
2202528 P2 2202528 0.812600
2202528 P2 2202612 0.187400
2202528 X0 2202527 0.999261
2202528 X0 2202528 0.000246
2202528 X0 2202530 0.000246
2202528 X0 2202529 0.000246
2202529 CX02 2202550 0.971952
2202529 CX02 2202549 0.004007
2202529 CX02 2202548 0.004007
2202529 CX02 2202547 0.004007
2202529 CX02 2202554 0.004007
2202529 CX02 2202553 0.004007
2202529 CX02 2202552 0.004007
2202529 CX02 2202551 0.004007
2202529 CX12 2202550 0.984950
2202529 CX12 2202549 0.002150
2202529 CX12 2202548 0.002150
2202529 CX12 2202547 0.002150
2202529 CX12 2202553 0.002150
2202529 CX12 2202554 0.002150
2202529 CX12 2202551 0.002150
2202529 CX12 2202552 0.002150
2202529 P2 2202529 0.812600
2202529 P2 2202651 0.187400
2202529 X0 2202530 0.999261
2202529 X0 2202529 0.000246
2202529 X0 2202527 0.000246
2202529 X0 2202528 0.000246
2202530 CX02 2202553 0.971952
2202530 CX02 2202554 0.004007
2202530 CX02 2202551 0.004007
2202530 CX02 2202552 0.004007
2202530 CX02 2202549 0.004007
2202530 CX02 2202550 0.004007
2202530 CX02 2202547 0.004007
2202530 CX02 2202548 0.004007
2202530 CX12 2202554 0.984950
2202530 CX12 2202553 0.002150
2202530 CX12 2202552 0.002150
2202530 CX12 2202551 0.002150
2202530 CX12 2202549 0.002150
2202530 CX12 2202550 0.002150
2202530 CX12 2202547 0.002150
2202530 CX12 2202548 0.002150
2202530 P2 2202530 0.812600
2202530 P2 2202690 0.187400
2202530 X0 2202529 0.999261
2202530 X0 2202530 0.000246
2202530 X0 2202528 0.000246
2202530 X0 2202527 0.000246
2202547 CX02 2202527 0.971952
2202547 CX02 2202711 0.004007
2202547 CX02 2202528 0.004007
2202547 CX02 2202712 0.004007
2202547 CX02 2202530 0.004007
2202547 CX02 2202713 0.004007
2202547 CX02 2202529 0.004007
2202547 CX02 2202714 0.004007
2202547 CX12 2202527 0.984950
2202547 CX12 2202711 0.002150
2202547 CX12 2202528 0.002150
2202547 CX12 2202712 0.002150
2202547 CX12 2202530 0.002150
2202547 CX12 2202713 0.002150
2202547 CX12 2202529 0.002150
2202547 CX12 2202714 0.002150
2202547 X0 2202551 0.999261
2202547 X0 2202547 0.000246
2202547 X0 2202550 0.000246
2202547 X0 2202554 0.000246
2202548 CX02 2202711 0.971952
2202548 CX02 2202527 0.004007
2202548 CX02 2202712 0.004007
2202548 CX02 2202528 0.004007
2202548 CX02 2202713 0.004007
2202548 CX02 2202530 0.004007
2202548 CX02 2202714 0.004007
2202548 CX02 2202529 0.004007
2202548 CX12 2202711 0.984950
2202548 CX12 2202527 0.002150
2202548 CX12 2202712 0.002150
2202548 CX12 2202528 0.002150
2202548 CX12 2202713 0.002150
2202548 CX12 2202530 0.002150
2202548 CX12 2202714 0.002150
2202548 CX12 2202529 0.002150
2202548 X0 2202552 0.999261
2202548 X0 2202548 0.000246
2202548 X0 2202549 0.000246
2202548 X0 2202553 0.000246
2202549 CX02 2202714 0.971952
2202549 CX02 2202529 0.004007
2202549 CX02 2202713 0.004007
2202549 CX02 2202530 0.004007
2202549 CX02 2202712 0.004007
2202549 CX02 2202528 0.004007
2202549 CX02 2202711 0.004007
2202549 CX02 2202527 0.004007
2202549 CX12 2202714 0.984950
2202549 CX12 2202529 0.002150
2202549 CX12 2202713 0.002150
2202549 CX12 2202530 0.002150
2202549 CX12 2202712 0.002150
2202549 CX12 2202528 0.002150
2202549 CX12 2202711 0.002150
2202549 CX12 2202527 0.002150
2202549 X0 2202553 0.999261
2202549 X0 2202549 0.000246
2202549 X0 2202548 0.000246
2202549 X0 2202552 0.000246
2202550 CX02 2202529 0.971952
2202550 CX02 2202714 0.004007
2202550 CX02 2202530 0.004007
2202550 CX02 2202713 0.004007
2202550 CX02 2202528 0.004007
2202550 CX02 2202712 0.004007
2202550 CX02 2202527 0.004007
2202550 CX02 2202711 0.004007
2202550 CX12 2202529 0.984950
2202550 CX12 2202714 0.002150
2202550 CX12 2202530 0.002150
2202550 CX12 2202713 0.002150
2202550 CX12 2202528 0.002150
2202550 CX12 2202712 0.002150
2202550 CX12 2202527 0.002150
2202550 CX12 2202711 0.002150
2202550 X0 2202554 0.999261
2202550 X0 2202550 0.000246
2202550 X0 2202547 0.000246
2202550 X0 2202551 0.000246
2202551 CX02 2202712 0.971952
2202551 CX02 2202528 0.004007
2202551 CX02 2202711 0.004007
2202551 CX02 2202527 0.004007
2202551 CX02 2202714 0.004007
2202551 CX02 2202529 0.004007
2202551 CX02 2202713 0.004007
2202551 CX02 2202530 0.004007
2202551 CX12 2202528 0.984950
2202551 CX12 2202712 0.002150
2202551 CX12 2202527 0.002150
2202551 CX12 2202711 0.002150
2202551 CX12 2202529 0.002150
2202551 CX12 2202714 0.002150
2202551 CX12 2202530 0.002150
2202551 CX12 2202713 0.002150
2202551 X0 2202547 0.999261
2202551 X0 2202551 0.000246
2202551 X0 2202554 0.000246
2202551 X0 2202550 0.000246
2202552 CX02 2202528 0.971952
2202552 CX02 2202712 0.004007
2202552 CX02 2202527 0.004007
2202552 CX02 2202711 0.004007
2202552 CX02 2202529 0.004007
2202552 CX02 2202714 0.004007
2202552 CX02 2202530 0.004007
2202552 CX02 2202713 0.004007
2202552 CX12 2202712 0.984950
2202552 CX12 2202528 0.002150
2202552 CX12 2202711 0.002150
2202552 CX12 2202527 0.002150
2202552 CX12 2202714 0.002150
2202552 CX12 2202529 0.002150
2202552 CX12 2202713 0.002150
2202552 CX12 2202530 0.002150
2202552 X0 2202548 0.999261
2202552 X0 2202552 0.000246
2202552 X0 2202553 0.000246
2202552 X0 2202549 0.000246
2202553 CX02 2202530 0.971952
2202553 CX02 2202713 0.004007
2202553 CX02 2202529 0.004007
2202553 CX02 2202714 0.004007
2202553 CX02 2202527 0.004007
2202553 CX02 2202711 0.004007
2202553 CX02 2202528 0.004007
2202553 CX02 2202712 0.004007
2202553 CX12 2202713 0.984950
2202553 CX12 2202530 0.002150
2202553 CX12 2202714 0.002150
2202553 CX12 2202529 0.002150
2202553 CX12 2202711 0.002150
2202553 CX12 2202527 0.002150
2202553 CX12 2202712 0.002150
2202553 CX12 2202528 0.002150
2202553 X0 2202549 0.999261
2202553 X0 2202553 0.000246
2202553 X0 2202552 0.000246
2202553 X0 2202548 0.000246
2202554 CX02 2202713 0.971952
2202554 CX02 2202530 0.004007
2202554 CX02 2202714 0.004007
2202554 CX02 2202529 0.004007
2202554 CX02 2202711 0.004007
2202554 CX02 2202527 0.004007
2202554 CX02 2202712 0.004007
2202554 CX02 2202528 0.004007
2202554 CX12 2202530 0.984950
2202554 CX12 2202713 0.002150
2202554 CX12 2202529 0.002150
2202554 CX12 2202714 0.002150
2202554 CX12 2202527 0.002150
2202554 CX12 2202711 0.002150
2202554 CX12 2202528 0.002150
2202554 CX12 2202712 0.002150
2202554 X0 2202550 0.999261
2202554 X0 2202554 0.000246
2202554 X0 2202551 0.000246
2202554 X0 2202547 0.000246
2202573 CX02 2203003 0.971952
2202573 CX02 2203004 0.004007
2202573 CX02 2203005 0.004007
2202573 CX02 2203006 0.004007
2202573 CX02 2203007 0.004007
2202573 CX02 2203008 0.004007
2202573 CX02 2203009 0.004007
2202573 CX02 2203010 0.004007
2202573 CX12 2203003 0.984950
2202573 CX12 2203004 0.002150
2202573 CX12 2203005 0.002150
2202573 CX12 2203006 0.002150
2202573 CX12 2203008 0.002150
2202573 CX12 2203007 0.002150
2202573 CX12 2203010 0.002150
2202573 CX12 2203009 0.002150
2202573 P2 2202527 0.812600
2202573 P2 2202573 0.187400
2202573 X0 2202612 0.999261
2202573 X0 2202573 0.000246
2202573 X0 2202651 0.000246
2202573 X0 2202690 0.000246
2202612 CX02 2203008 0.971952
2202612 CX02 2203007 0.004007
2202612 CX02 2203010 0.004007
2202612 CX02 2203009 0.004007
2202612 CX02 2203004 0.004007
2202612 CX02 2203003 0.004007
2202612 CX02 2203006 0.004007
2202612 CX02 2203005 0.004007
2202612 CX12 2203007 0.984950
2202612 CX12 2203008 0.002150
2202612 CX12 2203009 0.002150
2202612 CX12 2203010 0.002150
2202612 CX12 2203004 0.002150
2202612 CX12 2203003 0.002150
2202612 CX12 2203006 0.002150
2202612 CX12 2203005 0.002150
2202612 P2 2202528 0.812600
2202612 P2 2202612 0.187400
2202612 X0 2202573 0.999261
2202612 X0 2202612 0.000246
2202612 X0 2202690 0.000246
2202612 X0 2202651 0.000246
2202651 CX02 2203006 0.971952
2202651 CX02 2203005 0.004007
2202651 CX02 2203004 0.004007
2202651 CX02 2203003 0.004007
2202651 CX02 2203010 0.004007
2202651 CX02 2203009 0.004007
2202651 CX02 2203008 0.004007
2202651 CX02 2203007 0.004007
2202651 CX12 2203006 0.984950
2202651 CX12 2203005 0.002150
2202651 CX12 2203004 0.002150
2202651 CX12 2203003 0.002150
2202651 CX12 2203009 0.002150
2202651 CX12 2203010 0.002150
2202651 CX12 2203007 0.002150
2202651 CX12 2203008 0.002150
2202651 P2 2202529 0.812600
2202651 P2 2202651 0.187400
2202651 X0 2202690 0.999261
2202651 X0 2202651 0.000246
2202651 X0 2202573 0.000246
2202651 X0 2202612 0.000246
2202690 CX02 2203009 0.971952
2202690 CX02 2203010 0.004007
2202690 CX02 2203007 0.004007
2202690 CX02 2203008 0.004007
2202690 CX02 2203005 0.004007
2202690 CX02 2203006 0.004007
2202690 CX02 2203003 0.004007
2202690 CX02 2203004 0.004007
2202690 CX12 2203010 0.984950
2202690 CX12 2203009 0.002150
2202690 CX12 2203008 0.002150
2202690 CX12 2203007 0.002150
2202690 CX12 2203005 0.002150
2202690 CX12 2203006 0.002150
2202690 CX12 2203003 0.002150
2202690 CX12 2203004 0.002150
2202690 P2 2202530 0.812600
2202690 P2 2202690 0.187400
2202690 X0 2202651 0.999261
2202690 X0 2202690 0.000246
2202690 X0 2202612 0.000246
2202690 X0 2202573 0.000246
2202711 CX02 2202548 0.971952
2202711 CX02 2202547 0.004007
2202711 CX02 2202550 0.004007
2202711 CX02 2202549 0.004007
2202711 CX02 2202552 0.004007
2202711 CX02 2202551 0.004007
2202711 CX02 2202554 0.004007
2202711 CX02 2202553 0.004007
2202711 CX12 2202548 0.984950
2202711 CX12 2202547 0.002150
2202711 CX12 2202550 0.002150
2202711 CX12 2202549 0.002150
2202711 CX12 2202551 0.002150
2202711 CX12 2202552 0.002150
2202711 CX12 2202553 0.002150
2202711 CX12 2202554 0.002150
2202711 P2 2203181 0.981600
2202711 P2 2202711 0.018400
2202711 X0 2202712 0.999261
2202711 X0 2202711 0.000246
2202711 X0 2202714 0.000246
2202711 X0 2202713 0.000246
2202712 CX02 2202551 0.971952
2202712 CX02 2202552 0.004007
2202712 CX02 2202553 0.004007
2202712 CX02 2202554 0.004007
2202712 CX02 2202547 0.004007
2202712 CX02 2202548 0.004007
2202712 CX02 2202549 0.004007
2202712 CX02 2202550 0.004007
2202712 CX12 2202552 0.984950
2202712 CX12 2202551 0.002150
2202712 CX12 2202554 0.002150
2202712 CX12 2202553 0.002150
2202712 CX12 2202547 0.002150
2202712 CX12 2202548 0.002150
2202712 CX12 2202549 0.002150
2202712 CX12 2202550 0.002150
2202712 P2 2203220 0.981600
2202712 P2 2202712 0.018400
2202712 X0 2202711 0.999261
2202712 X0 2202712 0.000246
2202712 X0 2202713 0.000246
2202712 X0 2202714 0.000246
2202713 CX02 2202554 0.971952
2202713 CX02 2202553 0.004007
2202713 CX02 2202552 0.004007
2202713 CX02 2202551 0.004007
2202713 CX02 2202550 0.004007
2202713 CX02 2202549 0.004007
2202713 CX02 2202548 0.004007
2202713 CX02 2202547 0.004007
2202713 CX12 2202553 0.984950
2202713 CX12 2202554 0.002150
2202713 CX12 2202551 0.002150
2202713 CX12 2202552 0.002150
2202713 CX12 2202550 0.002150
2202713 CX12 2202549 0.002150
2202713 CX12 2202548 0.002150
2202713 CX12 2202547 0.002150
2202713 P2 2203259 0.981600
2202713 P2 2202713 0.018400
2202713 X0 2202714 0.999261
2202713 X0 2202713 0.000246
2202713 X0 2202712 0.000246
2202713 X0 2202711 0.000246
2202714 CX02 2202549 0.971952
2202714 CX02 2202550 0.004007
2202714 CX02 2202547 0.004007
2202714 CX02 2202548 0.004007
2202714 CX02 2202553 0.004007
2202714 CX02 2202554 0.004007
2202714 CX02 2202551 0.004007
2202714 CX02 2202552 0.004007
2202714 CX12 2202549 0.984950
2202714 CX12 2202550 0.002150
2202714 CX12 2202547 0.002150
2202714 CX12 2202548 0.002150
2202714 CX12 2202554 0.002150
2202714 CX12 2202553 0.002150
2202714 CX12 2202552 0.002150
2202714 CX12 2202551 0.002150
2202714 P2 2203298 0.981600
2202714 P2 2202714 0.018400
2202714 X0 2202713 0.999261
2202714 X0 2202714 0.000246
2202714 X0 2202711 0.000246
2202714 X0 2202712 0.000246
2203003 CX02 2202573 0.971952
2203003 CX02 2203181 0.004007
2203003 CX02 2202612 0.004007
2203003 CX02 2203220 0.004007
2203003 CX02 2202690 0.004007
2203003 CX02 2203259 0.004007
2203003 CX02 2202651 0.004007
2203003 CX02 2203298 0.004007
2203003 CX12 2202573 0.984950
2203003 CX12 2203181 0.002150
2203003 CX12 2202612 0.002150
2203003 CX12 2203220 0.002150
2203003 CX12 2202690 0.002150
2203003 CX12 2203259 0.002150
2203003 CX12 2202651 0.002150
2203003 CX12 2203298 0.002150
2203003 X0 2203007 0.999261
2203003 X0 2203003 0.000246
2203003 X0 2203006 0.000246
2203003 X0 2203010 0.000246
2203004 CX02 2203181 0.971952
2203004 CX02 2202573 0.004007
2203004 CX02 2203220 0.004007
2203004 CX02 2202612 0.004007
2203004 CX02 2203259 0.004007
2203004 CX02 2202690 0.004007
2203004 CX02 2203298 0.004007
2203004 CX02 2202651 0.004007
2203004 CX12 2203181 0.984950
2203004 CX12 2202573 0.002150
2203004 CX12 2203220 0.002150
2203004 CX12 2202612 0.002150
2203004 CX12 2203259 0.002150
2203004 CX12 2202690 0.002150
2203004 CX12 2203298 0.002150
2203004 CX12 2202651 0.002150
2203004 X0 2203008 0.999261
2203004 X0 2203004 0.000246
2203004 X0 2203005 0.000246
2203004 X0 2203009 0.000246
2203005 CX02 2203298 0.971952
2203005 CX02 2202651 0.004007
2203005 CX02 2203259 0.004007
2203005 CX02 2202690 0.004007
2203005 CX02 2203220 0.004007
2203005 CX02 2202612 0.004007
2203005 CX02 2203181 0.004007
2203005 CX02 2202573 0.004007
2203005 CX12 2203298 0.984950
2203005 CX12 2202651 0.002150
2203005 CX12 2203259 0.002150
2203005 CX12 2202690 0.002150
2203005 CX12 2203220 0.002150
2203005 CX12 2202612 0.002150
2203005 CX12 2203181 0.002150
2203005 CX12 2202573 0.002150
2203005 X0 2203009 0.999261
2203005 X0 2203005 0.000246
2203005 X0 2203004 0.000246
2203005 X0 2203008 0.000246
2203006 CX02 2202651 0.971952
2203006 CX02 2203298 0.004007
2203006 CX02 2202690 0.004007
2203006 CX02 2203259 0.004007
2203006 CX02 2202612 0.004007
2203006 CX02 2203220 0.004007
2203006 CX02 2202573 0.004007
2203006 CX02 2203181 0.004007
2203006 CX12 2202651 0.984950
2203006 CX12 2203298 0.002150
2203006 CX12 2202690 0.002150
2203006 CX12 2203259 0.002150
2203006 CX12 2202612 0.002150
2203006 CX12 2203220 0.002150
2203006 CX12 2202573 0.002150
2203006 CX12 2203181 0.002150
2203006 X0 2203010 0.999261
2203006 X0 2203006 0.000246
2203006 X0 2203003 0.000246
2203006 X0 2203007 0.000246
2203007 CX02 2203220 0.971952
2203007 CX02 2202612 0.004007
2203007 CX02 2203181 0.004007
2203007 CX02 2202573 0.004007
2203007 CX02 2203298 0.004007
2203007 CX02 2202651 0.004007
2203007 CX02 2203259 0.004007
2203007 CX02 2202690 0.004007
2203007 CX12 2202612 0.984950
2203007 CX12 2203220 0.002150
2203007 CX12 2202573 0.002150
2203007 CX12 2203181 0.002150
2203007 CX12 2202651 0.002150
2203007 CX12 2203298 0.002150
2203007 CX12 2202690 0.002150
2203007 CX12 2203259 0.002150
2203007 X0 2203003 0.999261
2203007 X0 2203007 0.000246
2203007 X0 2203010 0.000246
2203007 X0 2203006 0.000246
2203008 CX02 2202612 0.971952
2203008 CX02 2203220 0.004007
2203008 CX02 2202573 0.004007
2203008 CX02 2203181 0.004007
2203008 CX02 2202651 0.004007
2203008 CX02 2203298 0.004007
2203008 CX02 2202690 0.004007
2203008 CX02 2203259 0.004007
2203008 CX12 2203220 0.984950
2203008 CX12 2202612 0.002150
2203008 CX12 2203181 0.002150
2203008 CX12 2202573 0.002150
2203008 CX12 2203298 0.002150
2203008 CX12 2202651 0.002150
2203008 CX12 2203259 0.002150
2203008 CX12 2202690 0.002150
2203008 X0 2203004 0.999261
2203008 X0 2203008 0.000246
2203008 X0 2203009 0.000246
2203008 X0 2203005 0.000246
2203009 CX02 2202690 0.971952
2203009 CX02 2203259 0.004007
2203009 CX02 2202651 0.004007
2203009 CX02 2203298 0.004007
2203009 CX02 2202573 0.004007
2203009 CX02 2203181 0.004007
2203009 CX02 2202612 0.004007
2203009 CX02 2203220 0.004007
2203009 CX12 2203259 0.984950
2203009 CX12 2202690 0.002150
2203009 CX12 2203298 0.002150
2203009 CX12 2202651 0.002150
2203009 CX12 2203181 0.002150
2203009 CX12 2202573 0.002150
2203009 CX12 2203220 0.002150
2203009 CX12 2202612 0.002150
2203009 X0 2203005 0.999261
2203009 X0 2203009 0.000246
2203009 X0 2203008 0.000246
2203009 X0 2203004 0.000246
2203010 CX02 2203259 0.971952
2203010 CX02 2202690 0.004007
2203010 CX02 2203298 0.004007
2203010 CX02 2202651 0.004007
2203010 CX02 2203181 0.004007
2203010 CX02 2202573 0.004007
2203010 CX02 2203220 0.004007
2203010 CX02 2202612 0.004007
2203010 CX12 2202690 0.984950
2203010 CX12 2203259 0.002150
2203010 CX12 2202651 0.002150
2203010 CX12 2203298 0.002150
2203010 CX12 2202573 0.002150
2203010 CX12 2203181 0.002150
2203010 CX12 2202612 0.002150
2203010 CX12 2203220 0.002150
2203010 X0 2203006 0.999261
2203010 X0 2203010 0.000246
2203010 X0 2203007 0.000246
2203010 X0 2203003 0.000246
2203181 CX02 2203004 0.971952
2203181 CX02 2203003 0.004007
2203181 CX02 2203006 0.004007
2203181 CX02 2203005 0.004007
2203181 CX02 2203008 0.004007
2203181 CX02 2203007 0.004007
2203181 CX02 2203010 0.004007
2203181 CX02 2203009 0.004007
2203181 CX12 2203004 0.984950
2203181 CX12 2203003 0.002150
2203181 CX12 2203006 0.002150
2203181 CX12 2203005 0.002150
2203181 CX12 2203007 0.002150
2203181 CX12 2203008 0.002150
2203181 CX12 2203009 0.002150
2203181 CX12 2203010 0.002150
2203181 P2 2203181 0.981600
2203181 P2 2202711 0.018400
2203181 X0 2203220 0.999261
2203181 X0 2203181 0.000246
2203181 X0 2203298 0.000246
2203181 X0 2203259 0.000246
2203220 CX02 2203007 0.971952
2203220 CX02 2203008 0.004007
2203220 CX02 2203009 0.004007
2203220 CX02 2203010 0.004007
2203220 CX02 2203003 0.004007
2203220 CX02 2203004 0.004007
2203220 CX02 2203005 0.004007
2203220 CX02 2203006 0.004007
2203220 CX12 2203008 0.984950
2203220 CX12 2203007 0.002150
2203220 CX12 2203010 0.002150
2203220 CX12 2203009 0.002150
2203220 CX12 2203003 0.002150
2203220 CX12 2203004 0.002150
2203220 CX12 2203005 0.002150
2203220 CX12 2203006 0.002150
2203220 P2 2203220 0.981600
2203220 P2 2202712 0.018400
2203220 X0 2203181 0.999261
2203220 X0 2203220 0.000246
2203220 X0 2203259 0.000246
2203220 X0 2203298 0.000246
2203259 CX02 2203010 0.971952
2203259 CX02 2203009 0.004007
2203259 CX02 2203008 0.004007
2203259 CX02 2203007 0.004007
2203259 CX02 2203006 0.004007
2203259 CX02 2203005 0.004007
2203259 CX02 2203004 0.004007
2203259 CX02 2203003 0.004007
2203259 CX12 2203009 0.984950
2203259 CX12 2203010 0.002150
2203259 CX12 2203007 0.002150
2203259 CX12 2203008 0.002150
2203259 CX12 2203006 0.002150
2203259 CX12 2203005 0.002150
2203259 CX12 2203004 0.002150
2203259 CX12 2203003 0.002150
2203259 P2 2203259 0.981600
2203259 P2 2202713 0.018400
2203259 X0 2203298 0.999261
2203259 X0 2203259 0.000246
2203259 X0 2203220 0.000246
2203259 X0 2203181 0.000246
2203298 CX02 2203005 0.971952
2203298 CX02 2203006 0.004007
2203298 CX02 2203003 0.004007
2203298 CX02 2203004 0.004007
2203298 CX02 2203009 0.004007
2203298 CX02 2203010 0.004007
2203298 CX02 2203007 0.004007
2203298 CX02 2203008 0.004007
2203298 CX12 2203005 0.984950
2203298 CX12 2203006 0.002150
2203298 CX12 2203003 0.002150
2203298 CX12 2203004 0.002150
2203298 CX12 2203010 0.002150
2203298 CX12 2203009 0.002150
2203298 CX12 2203008 0.002150
2203298 CX12 2203007 0.002150
2203298 P2 2203298 0.981600
2203298 P2 2202714 0.018400
2203298 X0 2203259 0.999261
2203298 X0 2203298 0.000246
2203298 X0 2203181 0.000246
2203298 X0 2203220 0.000246
ENDPOMDP
