BEGINPOMDP
INITIALSTATE: 2220781
STATES: 2220781,2220782,2220783,2220784,2220785,2220802,2220803,2220804,2220805,2220806,2220807,2220808,2220809,2220828,2220867,2220906,2220945,2220966,2220967,2220968,2220969,2221258,2221259,2221260,2221261,2221262,2221263,2221264,2221265,2221436,2221475,2221514,2221553
TARGETV: 2220782,2220784,2220828,2220906,2220966,2220969,2221436,2221553
GAMMA: 2220781:0,2220782:0,2220783:0,2220784:0,2220785:0,2220802:0,2220803:0,2220804:0,2220805:0,2220806:0,2220807:0,2220808:0,2220809:0,2220828:1,2220867:1,2220906:1,2220945:1,2220966:0,2220967:0,2220968:0,2220969:0,2221258:1,2221259:1,2221260:1,2221261:1,2221262:1,2221263:1,2221264:1,2221265:1,2221436:1,2221475:1,2221514:1,2221553:1
BEGINACTIONS
CX02
CX12
P2
X0
ENDACTIONS
2220781 INIT_ 2220782 0.250000
2220781 INIT_ 2220783 0.250000
2220781 INIT_ 2220784 0.250000
2220781 INIT_ 2220785 0.250000
2220782 CX02 2220802 0.978387
2220782 CX02 2220803 0.003088
2220782 CX02 2220804 0.003088
2220782 CX02 2220805 0.003088
2220782 CX02 2220806 0.003088
2220782 CX02 2220807 0.003088
2220782 CX02 2220808 0.003088
2220782 CX02 2220809 0.003088
2220782 CX12 2220802 0.947996
2220782 CX12 2220803 0.007429
2220782 CX12 2220804 0.007429
2220782 CX12 2220805 0.007429
2220782 CX12 2220807 0.007429
2220782 CX12 2220806 0.007429
2220782 CX12 2220809 0.007429
2220782 CX12 2220808 0.007429
2220782 P2 2220782 0.987800
2220782 P2 2220828 0.012200
2220782 X0 2220783 0.999364
2220782 X0 2220782 0.000212
2220782 X0 2220784 0.000212
2220782 X0 2220785 0.000212
2220783 CX02 2220807 0.978387
2220783 CX02 2220806 0.003088
2220783 CX02 2220809 0.003088
2220783 CX02 2220808 0.003088
2220783 CX02 2220803 0.003088
2220783 CX02 2220802 0.003088
2220783 CX02 2220805 0.003088
2220783 CX02 2220804 0.003088
2220783 CX12 2220806 0.947996
2220783 CX12 2220807 0.007429
2220783 CX12 2220808 0.007429
2220783 CX12 2220809 0.007429
2220783 CX12 2220803 0.007429
2220783 CX12 2220802 0.007429
2220783 CX12 2220805 0.007429
2220783 CX12 2220804 0.007429
2220783 P2 2220783 0.987800
2220783 P2 2220867 0.012200
2220783 X0 2220782 0.999364
2220783 X0 2220783 0.000212
2220783 X0 2220785 0.000212
2220783 X0 2220784 0.000212
2220784 CX02 2220805 0.978387
2220784 CX02 2220804 0.003088
2220784 CX02 2220803 0.003088
2220784 CX02 2220802 0.003088
2220784 CX02 2220809 0.003088
2220784 CX02 2220808 0.003088
2220784 CX02 2220807 0.003088
2220784 CX02 2220806 0.003088
2220784 CX12 2220805 0.947996
2220784 CX12 2220804 0.007429
2220784 CX12 2220803 0.007429
2220784 CX12 2220802 0.007429
2220784 CX12 2220808 0.007429
2220784 CX12 2220809 0.007429
2220784 CX12 2220806 0.007429
2220784 CX12 2220807 0.007429
2220784 P2 2220784 0.987800
2220784 P2 2220906 0.012200
2220784 X0 2220785 0.999364
2220784 X0 2220784 0.000212
2220784 X0 2220782 0.000212
2220784 X0 2220783 0.000212
2220785 CX02 2220808 0.978387
2220785 CX02 2220809 0.003088
2220785 CX02 2220806 0.003088
2220785 CX02 2220807 0.003088
2220785 CX02 2220804 0.003088
2220785 CX02 2220805 0.003088
2220785 CX02 2220802 0.003088
2220785 CX02 2220803 0.003088
2220785 CX12 2220809 0.947996
2220785 CX12 2220808 0.007429
2220785 CX12 2220807 0.007429
2220785 CX12 2220806 0.007429
2220785 CX12 2220804 0.007429
2220785 CX12 2220805 0.007429
2220785 CX12 2220802 0.007429
2220785 CX12 2220803 0.007429
2220785 P2 2220785 0.987800
2220785 P2 2220945 0.012200
2220785 X0 2220784 0.999364
2220785 X0 2220785 0.000212
2220785 X0 2220783 0.000212
2220785 X0 2220782 0.000212
2220802 CX02 2220782 0.978387
2220802 CX02 2220966 0.003088
2220802 CX02 2220783 0.003088
2220802 CX02 2220967 0.003088
2220802 CX02 2220785 0.003088
2220802 CX02 2220968 0.003088
2220802 CX02 2220784 0.003088
2220802 CX02 2220969 0.003088
2220802 CX12 2220782 0.947996
2220802 CX12 2220966 0.007429
2220802 CX12 2220783 0.007429
2220802 CX12 2220967 0.007429
2220802 CX12 2220785 0.007429
2220802 CX12 2220968 0.007429
2220802 CX12 2220784 0.007429
2220802 CX12 2220969 0.007429
2220802 X0 2220806 0.999364
2220802 X0 2220802 0.000212
2220802 X0 2220805 0.000212
2220802 X0 2220809 0.000212
2220803 CX02 2220966 0.978387
2220803 CX02 2220782 0.003088
2220803 CX02 2220967 0.003088
2220803 CX02 2220783 0.003088
2220803 CX02 2220968 0.003088
2220803 CX02 2220785 0.003088
2220803 CX02 2220969 0.003088
2220803 CX02 2220784 0.003088
2220803 CX12 2220966 0.947996
2220803 CX12 2220782 0.007429
2220803 CX12 2220967 0.007429
2220803 CX12 2220783 0.007429
2220803 CX12 2220968 0.007429
2220803 CX12 2220785 0.007429
2220803 CX12 2220969 0.007429
2220803 CX12 2220784 0.007429
2220803 X0 2220807 0.999364
2220803 X0 2220803 0.000212
2220803 X0 2220804 0.000212
2220803 X0 2220808 0.000212
2220804 CX02 2220969 0.978387
2220804 CX02 2220784 0.003088
2220804 CX02 2220968 0.003088
2220804 CX02 2220785 0.003088
2220804 CX02 2220967 0.003088
2220804 CX02 2220783 0.003088
2220804 CX02 2220966 0.003088
2220804 CX02 2220782 0.003088
2220804 CX12 2220969 0.947996
2220804 CX12 2220784 0.007429
2220804 CX12 2220968 0.007429
2220804 CX12 2220785 0.007429
2220804 CX12 2220967 0.007429
2220804 CX12 2220783 0.007429
2220804 CX12 2220966 0.007429
2220804 CX12 2220782 0.007429
2220804 X0 2220808 0.999364
2220804 X0 2220804 0.000212
2220804 X0 2220803 0.000212
2220804 X0 2220807 0.000212
2220805 CX02 2220784 0.978387
2220805 CX02 2220969 0.003088
2220805 CX02 2220785 0.003088
2220805 CX02 2220968 0.003088
2220805 CX02 2220783 0.003088
2220805 CX02 2220967 0.003088
2220805 CX02 2220782 0.003088
2220805 CX02 2220966 0.003088
2220805 CX12 2220784 0.947996
2220805 CX12 2220969 0.007429
2220805 CX12 2220785 0.007429
2220805 CX12 2220968 0.007429
2220805 CX12 2220783 0.007429
2220805 CX12 2220967 0.007429
2220805 CX12 2220782 0.007429
2220805 CX12 2220966 0.007429
2220805 X0 2220809 0.999364
2220805 X0 2220805 0.000212
2220805 X0 2220802 0.000212
2220805 X0 2220806 0.000212
2220806 CX02 2220967 0.978387
2220806 CX02 2220783 0.003088
2220806 CX02 2220966 0.003088
2220806 CX02 2220782 0.003088
2220806 CX02 2220969 0.003088
2220806 CX02 2220784 0.003088
2220806 CX02 2220968 0.003088
2220806 CX02 2220785 0.003088
2220806 CX12 2220783 0.947996
2220806 CX12 2220967 0.007429
2220806 CX12 2220782 0.007429
2220806 CX12 2220966 0.007429
2220806 CX12 2220784 0.007429
2220806 CX12 2220969 0.007429
2220806 CX12 2220785 0.007429
2220806 CX12 2220968 0.007429
2220806 X0 2220802 0.999364
2220806 X0 2220806 0.000212
2220806 X0 2220809 0.000212
2220806 X0 2220805 0.000212
2220807 CX02 2220783 0.978387
2220807 CX02 2220967 0.003088
2220807 CX02 2220782 0.003088
2220807 CX02 2220966 0.003088
2220807 CX02 2220784 0.003088
2220807 CX02 2220969 0.003088
2220807 CX02 2220785 0.003088
2220807 CX02 2220968 0.003088
2220807 CX12 2220967 0.947996
2220807 CX12 2220783 0.007429
2220807 CX12 2220966 0.007429
2220807 CX12 2220782 0.007429
2220807 CX12 2220969 0.007429
2220807 CX12 2220784 0.007429
2220807 CX12 2220968 0.007429
2220807 CX12 2220785 0.007429
2220807 X0 2220803 0.999364
2220807 X0 2220807 0.000212
2220807 X0 2220808 0.000212
2220807 X0 2220804 0.000212
2220808 CX02 2220785 0.978387
2220808 CX02 2220968 0.003088
2220808 CX02 2220784 0.003088
2220808 CX02 2220969 0.003088
2220808 CX02 2220782 0.003088
2220808 CX02 2220966 0.003088
2220808 CX02 2220783 0.003088
2220808 CX02 2220967 0.003088
2220808 CX12 2220968 0.947996
2220808 CX12 2220785 0.007429
2220808 CX12 2220969 0.007429
2220808 CX12 2220784 0.007429
2220808 CX12 2220966 0.007429
2220808 CX12 2220782 0.007429
2220808 CX12 2220967 0.007429
2220808 CX12 2220783 0.007429
2220808 X0 2220804 0.999364
2220808 X0 2220808 0.000212
2220808 X0 2220807 0.000212
2220808 X0 2220803 0.000212
2220809 CX02 2220968 0.978387
2220809 CX02 2220785 0.003088
2220809 CX02 2220969 0.003088
2220809 CX02 2220784 0.003088
2220809 CX02 2220966 0.003088
2220809 CX02 2220782 0.003088
2220809 CX02 2220967 0.003088
2220809 CX02 2220783 0.003088
2220809 CX12 2220785 0.947996
2220809 CX12 2220968 0.007429
2220809 CX12 2220784 0.007429
2220809 CX12 2220969 0.007429
2220809 CX12 2220782 0.007429
2220809 CX12 2220966 0.007429
2220809 CX12 2220783 0.007429
2220809 CX12 2220967 0.007429
2220809 X0 2220805 0.999364
2220809 X0 2220809 0.000212
2220809 X0 2220806 0.000212
2220809 X0 2220802 0.000212
2220828 CX02 2221258 0.978387
2220828 CX02 2221259 0.003088
2220828 CX02 2221260 0.003088
2220828 CX02 2221261 0.003088
2220828 CX02 2221262 0.003088
2220828 CX02 2221263 0.003088
2220828 CX02 2221264 0.003088
2220828 CX02 2221265 0.003088
2220828 CX12 2221258 0.947996
2220828 CX12 2221259 0.007429
2220828 CX12 2221260 0.007429
2220828 CX12 2221261 0.007429
2220828 CX12 2221263 0.007429
2220828 CX12 2221262 0.007429
2220828 CX12 2221265 0.007429
2220828 CX12 2221264 0.007429
2220828 P2 2220782 0.987800
2220828 P2 2220828 0.012200
2220828 X0 2220867 0.999364
2220828 X0 2220828 0.000212
2220828 X0 2220906 0.000212
2220828 X0 2220945 0.000212
2220867 CX02 2221263 0.978387
2220867 CX02 2221262 0.003088
2220867 CX02 2221265 0.003088
2220867 CX02 2221264 0.003088
2220867 CX02 2221259 0.003088
2220867 CX02 2221258 0.003088
2220867 CX02 2221261 0.003088
2220867 CX02 2221260 0.003088
2220867 CX12 2221262 0.947996
2220867 CX12 2221263 0.007429
2220867 CX12 2221264 0.007429
2220867 CX12 2221265 0.007429
2220867 CX12 2221259 0.007429
2220867 CX12 2221258 0.007429
2220867 CX12 2221261 0.007429
2220867 CX12 2221260 0.007429
2220867 P2 2220783 0.987800
2220867 P2 2220867 0.012200
2220867 X0 2220828 0.999364
2220867 X0 2220867 0.000212
2220867 X0 2220945 0.000212
2220867 X0 2220906 0.000212
2220906 CX02 2221261 0.978387
2220906 CX02 2221260 0.003088
2220906 CX02 2221259 0.003088
2220906 CX02 2221258 0.003088
2220906 CX02 2221265 0.003088
2220906 CX02 2221264 0.003088
2220906 CX02 2221263 0.003088
2220906 CX02 2221262 0.003088
2220906 CX12 2221261 0.947996
2220906 CX12 2221260 0.007429
2220906 CX12 2221259 0.007429
2220906 CX12 2221258 0.007429
2220906 CX12 2221264 0.007429
2220906 CX12 2221265 0.007429
2220906 CX12 2221262 0.007429
2220906 CX12 2221263 0.007429
2220906 P2 2220784 0.987800
2220906 P2 2220906 0.012200
2220906 X0 2220945 0.999364
2220906 X0 2220906 0.000212
2220906 X0 2220828 0.000212
2220906 X0 2220867 0.000212
2220945 CX02 2221264 0.978387
2220945 CX02 2221265 0.003088
2220945 CX02 2221262 0.003088
2220945 CX02 2221263 0.003088
2220945 CX02 2221260 0.003088
2220945 CX02 2221261 0.003088
2220945 CX02 2221258 0.003088
2220945 CX02 2221259 0.003088
2220945 CX12 2221265 0.947996
2220945 CX12 2221264 0.007429
2220945 CX12 2221263 0.007429
2220945 CX12 2221262 0.007429
2220945 CX12 2221260 0.007429
2220945 CX12 2221261 0.007429
2220945 CX12 2221258 0.007429
2220945 CX12 2221259 0.007429
2220945 P2 2220785 0.987800
2220945 P2 2220945 0.012200
2220945 X0 2220906 0.999364
2220945 X0 2220945 0.000212
2220945 X0 2220867 0.000212
2220945 X0 2220828 0.000212
2220966 CX02 2220803 0.978387
2220966 CX02 2220802 0.003088
2220966 CX02 2220805 0.003088
2220966 CX02 2220804 0.003088
2220966 CX02 2220807 0.003088
2220966 CX02 2220806 0.003088
2220966 CX02 2220809 0.003088
2220966 CX02 2220808 0.003088
2220966 CX12 2220803 0.947996
2220966 CX12 2220802 0.007429
2220966 CX12 2220805 0.007429
2220966 CX12 2220804 0.007429
2220966 CX12 2220806 0.007429
2220966 CX12 2220807 0.007429
2220966 CX12 2220808 0.007429
2220966 CX12 2220809 0.007429
2220966 P2 2221436 0.984400
2220966 P2 2220966 0.015600
2220966 X0 2220967 0.999364
2220966 X0 2220966 0.000212
2220966 X0 2220969 0.000212
2220966 X0 2220968 0.000212
2220967 CX02 2220806 0.978387
2220967 CX02 2220807 0.003088
2220967 CX02 2220808 0.003088
2220967 CX02 2220809 0.003088
2220967 CX02 2220802 0.003088
2220967 CX02 2220803 0.003088
2220967 CX02 2220804 0.003088
2220967 CX02 2220805 0.003088
2220967 CX12 2220807 0.947996
2220967 CX12 2220806 0.007429
2220967 CX12 2220809 0.007429
2220967 CX12 2220808 0.007429
2220967 CX12 2220802 0.007429
2220967 CX12 2220803 0.007429
2220967 CX12 2220804 0.007429
2220967 CX12 2220805 0.007429
2220967 P2 2221475 0.984400
2220967 P2 2220967 0.015600
2220967 X0 2220966 0.999364
2220967 X0 2220967 0.000212
2220967 X0 2220968 0.000212
2220967 X0 2220969 0.000212
2220968 CX02 2220809 0.978387
2220968 CX02 2220808 0.003088
2220968 CX02 2220807 0.003088
2220968 CX02 2220806 0.003088
2220968 CX02 2220805 0.003088
2220968 CX02 2220804 0.003088
2220968 CX02 2220803 0.003088
2220968 CX02 2220802 0.003088
2220968 CX12 2220808 0.947996
2220968 CX12 2220809 0.007429
2220968 CX12 2220806 0.007429
2220968 CX12 2220807 0.007429
2220968 CX12 2220805 0.007429
2220968 CX12 2220804 0.007429
2220968 CX12 2220803 0.007429
2220968 CX12 2220802 0.007429
2220968 P2 2221514 0.984400
2220968 P2 2220968 0.015600
2220968 X0 2220969 0.999364
2220968 X0 2220968 0.000212
2220968 X0 2220967 0.000212
2220968 X0 2220966 0.000212
2220969 CX02 2220804 0.978387
2220969 CX02 2220805 0.003088
2220969 CX02 2220802 0.003088
2220969 CX02 2220803 0.003088
2220969 CX02 2220808 0.003088
2220969 CX02 2220809 0.003088
2220969 CX02 2220806 0.003088
2220969 CX02 2220807 0.003088
2220969 CX12 2220804 0.947996
2220969 CX12 2220805 0.007429
2220969 CX12 2220802 0.007429
2220969 CX12 2220803 0.007429
2220969 CX12 2220809 0.007429
2220969 CX12 2220808 0.007429
2220969 CX12 2220807 0.007429
2220969 CX12 2220806 0.007429
2220969 P2 2221553 0.984400
2220969 P2 2220969 0.015600
2220969 X0 2220968 0.999364
2220969 X0 2220969 0.000212
2220969 X0 2220966 0.000212
2220969 X0 2220967 0.000212
2221258 CX02 2220828 0.978387
2221258 CX02 2221436 0.003088
2221258 CX02 2220867 0.003088
2221258 CX02 2221475 0.003088
2221258 CX02 2220945 0.003088
2221258 CX02 2221514 0.003088
2221258 CX02 2220906 0.003088
2221258 CX02 2221553 0.003088
2221258 CX12 2220828 0.947996
2221258 CX12 2221436 0.007429
2221258 CX12 2220867 0.007429
2221258 CX12 2221475 0.007429
2221258 CX12 2220945 0.007429
2221258 CX12 2221514 0.007429
2221258 CX12 2220906 0.007429
2221258 CX12 2221553 0.007429
2221258 X0 2221262 0.999364
2221258 X0 2221258 0.000212
2221258 X0 2221261 0.000212
2221258 X0 2221265 0.000212
2221259 CX02 2221436 0.978387
2221259 CX02 2220828 0.003088
2221259 CX02 2221475 0.003088
2221259 CX02 2220867 0.003088
2221259 CX02 2221514 0.003088
2221259 CX02 2220945 0.003088
2221259 CX02 2221553 0.003088
2221259 CX02 2220906 0.003088
2221259 CX12 2221436 0.947996
2221259 CX12 2220828 0.007429
2221259 CX12 2221475 0.007429
2221259 CX12 2220867 0.007429
2221259 CX12 2221514 0.007429
2221259 CX12 2220945 0.007429
2221259 CX12 2221553 0.007429
2221259 CX12 2220906 0.007429
2221259 X0 2221263 0.999364
2221259 X0 2221259 0.000212
2221259 X0 2221260 0.000212
2221259 X0 2221264 0.000212
2221260 CX02 2221553 0.978387
2221260 CX02 2220906 0.003088
2221260 CX02 2221514 0.003088
2221260 CX02 2220945 0.003088
2221260 CX02 2221475 0.003088
2221260 CX02 2220867 0.003088
2221260 CX02 2221436 0.003088
2221260 CX02 2220828 0.003088
2221260 CX12 2221553 0.947996
2221260 CX12 2220906 0.007429
2221260 CX12 2221514 0.007429
2221260 CX12 2220945 0.007429
2221260 CX12 2221475 0.007429
2221260 CX12 2220867 0.007429
2221260 CX12 2221436 0.007429
2221260 CX12 2220828 0.007429
2221260 X0 2221264 0.999364
2221260 X0 2221260 0.000212
2221260 X0 2221259 0.000212
2221260 X0 2221263 0.000212
2221261 CX02 2220906 0.978387
2221261 CX02 2221553 0.003088
2221261 CX02 2220945 0.003088
2221261 CX02 2221514 0.003088
2221261 CX02 2220867 0.003088
2221261 CX02 2221475 0.003088
2221261 CX02 2220828 0.003088
2221261 CX02 2221436 0.003088
2221261 CX12 2220906 0.947996
2221261 CX12 2221553 0.007429
2221261 CX12 2220945 0.007429
2221261 CX12 2221514 0.007429
2221261 CX12 2220867 0.007429
2221261 CX12 2221475 0.007429
2221261 CX12 2220828 0.007429
2221261 CX12 2221436 0.007429
2221261 X0 2221265 0.999364
2221261 X0 2221261 0.000212
2221261 X0 2221258 0.000212
2221261 X0 2221262 0.000212
2221262 CX02 2221475 0.978387
2221262 CX02 2220867 0.003088
2221262 CX02 2221436 0.003088
2221262 CX02 2220828 0.003088
2221262 CX02 2221553 0.003088
2221262 CX02 2220906 0.003088
2221262 CX02 2221514 0.003088
2221262 CX02 2220945 0.003088
2221262 CX12 2220867 0.947996
2221262 CX12 2221475 0.007429
2221262 CX12 2220828 0.007429
2221262 CX12 2221436 0.007429
2221262 CX12 2220906 0.007429
2221262 CX12 2221553 0.007429
2221262 CX12 2220945 0.007429
2221262 CX12 2221514 0.007429
2221262 X0 2221258 0.999364
2221262 X0 2221262 0.000212
2221262 X0 2221265 0.000212
2221262 X0 2221261 0.000212
2221263 CX02 2220867 0.978387
2221263 CX02 2221475 0.003088
2221263 CX02 2220828 0.003088
2221263 CX02 2221436 0.003088
2221263 CX02 2220906 0.003088
2221263 CX02 2221553 0.003088
2221263 CX02 2220945 0.003088
2221263 CX02 2221514 0.003088
2221263 CX12 2221475 0.947996
2221263 CX12 2220867 0.007429
2221263 CX12 2221436 0.007429
2221263 CX12 2220828 0.007429
2221263 CX12 2221553 0.007429
2221263 CX12 2220906 0.007429
2221263 CX12 2221514 0.007429
2221263 CX12 2220945 0.007429
2221263 X0 2221259 0.999364
2221263 X0 2221263 0.000212
2221263 X0 2221264 0.000212
2221263 X0 2221260 0.000212
2221264 CX02 2220945 0.978387
2221264 CX02 2221514 0.003088
2221264 CX02 2220906 0.003088
2221264 CX02 2221553 0.003088
2221264 CX02 2220828 0.003088
2221264 CX02 2221436 0.003088
2221264 CX02 2220867 0.003088
2221264 CX02 2221475 0.003088
2221264 CX12 2221514 0.947996
2221264 CX12 2220945 0.007429
2221264 CX12 2221553 0.007429
2221264 CX12 2220906 0.007429
2221264 CX12 2221436 0.007429
2221264 CX12 2220828 0.007429
2221264 CX12 2221475 0.007429
2221264 CX12 2220867 0.007429
2221264 X0 2221260 0.999364
2221264 X0 2221264 0.000212
2221264 X0 2221263 0.000212
2221264 X0 2221259 0.000212
2221265 CX02 2221514 0.978387
2221265 CX02 2220945 0.003088
2221265 CX02 2221553 0.003088
2221265 CX02 2220906 0.003088
2221265 CX02 2221436 0.003088
2221265 CX02 2220828 0.003088
2221265 CX02 2221475 0.003088
2221265 CX02 2220867 0.003088
2221265 CX12 2220945 0.947996
2221265 CX12 2221514 0.007429
2221265 CX12 2220906 0.007429
2221265 CX12 2221553 0.007429
2221265 CX12 2220828 0.007429
2221265 CX12 2221436 0.007429
2221265 CX12 2220867 0.007429
2221265 CX12 2221475 0.007429
2221265 X0 2221261 0.999364
2221265 X0 2221265 0.000212
2221265 X0 2221262 0.000212
2221265 X0 2221258 0.000212
2221436 CX02 2221259 0.978387
2221436 CX02 2221258 0.003088
2221436 CX02 2221261 0.003088
2221436 CX02 2221260 0.003088
2221436 CX02 2221263 0.003088
2221436 CX02 2221262 0.003088
2221436 CX02 2221265 0.003088
2221436 CX02 2221264 0.003088
2221436 CX12 2221259 0.947996
2221436 CX12 2221258 0.007429
2221436 CX12 2221261 0.007429
2221436 CX12 2221260 0.007429
2221436 CX12 2221262 0.007429
2221436 CX12 2221263 0.007429
2221436 CX12 2221264 0.007429
2221436 CX12 2221265 0.007429
2221436 P2 2221436 0.984400
2221436 P2 2220966 0.015600
2221436 X0 2221475 0.999364
2221436 X0 2221436 0.000212
2221436 X0 2221553 0.000212
2221436 X0 2221514 0.000212
2221475 CX02 2221262 0.978387
2221475 CX02 2221263 0.003088
2221475 CX02 2221264 0.003088
2221475 CX02 2221265 0.003088
2221475 CX02 2221258 0.003088
2221475 CX02 2221259 0.003088
2221475 CX02 2221260 0.003088
2221475 CX02 2221261 0.003088
2221475 CX12 2221263 0.947996
2221475 CX12 2221262 0.007429
2221475 CX12 2221265 0.007429
2221475 CX12 2221264 0.007429
2221475 CX12 2221258 0.007429
2221475 CX12 2221259 0.007429
2221475 CX12 2221260 0.007429
2221475 CX12 2221261 0.007429
2221475 P2 2221475 0.984400
2221475 P2 2220967 0.015600
2221475 X0 2221436 0.999364
2221475 X0 2221475 0.000212
2221475 X0 2221514 0.000212
2221475 X0 2221553 0.000212
2221514 CX02 2221265 0.978387
2221514 CX02 2221264 0.003088
2221514 CX02 2221263 0.003088
2221514 CX02 2221262 0.003088
2221514 CX02 2221261 0.003088
2221514 CX02 2221260 0.003088
2221514 CX02 2221259 0.003088
2221514 CX02 2221258 0.003088
2221514 CX12 2221264 0.947996
2221514 CX12 2221265 0.007429
2221514 CX12 2221262 0.007429
2221514 CX12 2221263 0.007429
2221514 CX12 2221261 0.007429
2221514 CX12 2221260 0.007429
2221514 CX12 2221259 0.007429
2221514 CX12 2221258 0.007429
2221514 P2 2221514 0.984400
2221514 P2 2220968 0.015600
2221514 X0 2221553 0.999364
2221514 X0 2221514 0.000212
2221514 X0 2221475 0.000212
2221514 X0 2221436 0.000212
2221553 CX02 2221260 0.978387
2221553 CX02 2221261 0.003088
2221553 CX02 2221258 0.003088
2221553 CX02 2221259 0.003088
2221553 CX02 2221264 0.003088
2221553 CX02 2221265 0.003088
2221553 CX02 2221262 0.003088
2221553 CX02 2221263 0.003088
2221553 CX12 2221260 0.947996
2221553 CX12 2221261 0.007429
2221553 CX12 2221258 0.007429
2221553 CX12 2221259 0.007429
2221553 CX12 2221265 0.007429
2221553 CX12 2221264 0.007429
2221553 CX12 2221263 0.007429
2221553 CX12 2221262 0.007429
2221553 P2 2221553 0.984400
2221553 P2 2220969 0.015600
2221553 X0 2221514 0.999364
2221553 X0 2221553 0.000212
2221553 X0 2221436 0.000212
2221553 X0 2221475 0.000212
ENDPOMDP
