BEGINPOMDP
INITIALSTATE: 3709166
STATES: 3709166,3709167,3709168,3709169,3709170,3709187,3709188,3709189,3709190,3709191,3709192,3709193,3709194,3709213,3709252,3709291,3709330,3709351,3709352,3709353,3709354,3709643,3709644,3709645,3709646,3709647,3709648,3709649,3709650,3709821,3709860,3709899,3709938
TARGETV: 3709167,3709169,3709213,3709291,3709351,3709354,3709821,3709938
GAMMA: 3709166:0,3709167:0,3709168:0,3709169:0,3709170:0,3709187:0,3709188:0,3709189:0,3709190:0,3709191:0,3709192:0,3709193:0,3709194:0,3709213:1,3709252:1,3709291:1,3709330:1,3709351:0,3709352:0,3709353:0,3709354:0,3709643:1,3709644:1,3709645:1,3709646:1,3709647:1,3709648:1,3709649:1,3709650:1,3709821:1,3709860:1,3709899:1,3709938:1
BEGINACTIONS
CX02
CX12
P2
X0
ENDACTIONS
3709166 INIT_ 3709167 0.250000
3709166 INIT_ 3709168 0.250000
3709166 INIT_ 3709169 0.250000
3709166 INIT_ 3709170 0.250000
3709167 CX02 3709187 0.985894
3709167 CX02 3709188 0.002015
3709167 CX02 3709189 0.002015
3709167 CX02 3709190 0.002015
3709167 CX02 3709191 0.002015
3709167 CX02 3709192 0.002015
3709167 CX02 3709193 0.002015
3709167 CX02 3709194 0.002015
3709167 CX12 3709187 0.987653
3709167 CX12 3709188 0.001764
3709167 CX12 3709189 0.001764
3709167 CX12 3709190 0.001764
3709167 CX12 3709192 0.001764
3709167 CX12 3709191 0.001764
3709167 CX12 3709194 0.001764
3709167 CX12 3709193 0.001764
3709167 P2 3709167 0.995600
3709167 P2 3709213 0.004400
3709167 X0 3709168 0.999631
3709167 X0 3709167 0.000123
3709167 X0 3709169 0.000123
3709167 X0 3709170 0.000123
3709168 CX02 3709192 0.985894
3709168 CX02 3709191 0.002015
3709168 CX02 3709194 0.002015
3709168 CX02 3709193 0.002015
3709168 CX02 3709188 0.002015
3709168 CX02 3709187 0.002015
3709168 CX02 3709190 0.002015
3709168 CX02 3709189 0.002015
3709168 CX12 3709191 0.987653
3709168 CX12 3709192 0.001764
3709168 CX12 3709193 0.001764
3709168 CX12 3709194 0.001764
3709168 CX12 3709188 0.001764
3709168 CX12 3709187 0.001764
3709168 CX12 3709190 0.001764
3709168 CX12 3709189 0.001764
3709168 P2 3709168 0.995600
3709168 P2 3709252 0.004400
3709168 X0 3709167 0.999631
3709168 X0 3709168 0.000123
3709168 X0 3709170 0.000123
3709168 X0 3709169 0.000123
3709169 CX02 3709190 0.985894
3709169 CX02 3709189 0.002015
3709169 CX02 3709188 0.002015
3709169 CX02 3709187 0.002015
3709169 CX02 3709194 0.002015
3709169 CX02 3709193 0.002015
3709169 CX02 3709192 0.002015
3709169 CX02 3709191 0.002015
3709169 CX12 3709190 0.987653
3709169 CX12 3709189 0.001764
3709169 CX12 3709188 0.001764
3709169 CX12 3709187 0.001764
3709169 CX12 3709193 0.001764
3709169 CX12 3709194 0.001764
3709169 CX12 3709191 0.001764
3709169 CX12 3709192 0.001764
3709169 P2 3709169 0.995600
3709169 P2 3709291 0.004400
3709169 X0 3709170 0.999631
3709169 X0 3709169 0.000123
3709169 X0 3709167 0.000123
3709169 X0 3709168 0.000123
3709170 CX02 3709193 0.985894
3709170 CX02 3709194 0.002015
3709170 CX02 3709191 0.002015
3709170 CX02 3709192 0.002015
3709170 CX02 3709189 0.002015
3709170 CX02 3709190 0.002015
3709170 CX02 3709187 0.002015
3709170 CX02 3709188 0.002015
3709170 CX12 3709194 0.987653
3709170 CX12 3709193 0.001764
3709170 CX12 3709192 0.001764
3709170 CX12 3709191 0.001764
3709170 CX12 3709189 0.001764
3709170 CX12 3709190 0.001764
3709170 CX12 3709187 0.001764
3709170 CX12 3709188 0.001764
3709170 P2 3709170 0.995600
3709170 P2 3709330 0.004400
3709170 X0 3709169 0.999631
3709170 X0 3709170 0.000123
3709170 X0 3709168 0.000123
3709170 X0 3709167 0.000123
3709187 CX02 3709167 0.985894
3709187 CX02 3709351 0.002015
3709187 CX02 3709168 0.002015
3709187 CX02 3709352 0.002015
3709187 CX02 3709170 0.002015
3709187 CX02 3709353 0.002015
3709187 CX02 3709169 0.002015
3709187 CX02 3709354 0.002015
3709187 CX12 3709167 0.987653
3709187 CX12 3709351 0.001764
3709187 CX12 3709168 0.001764
3709187 CX12 3709352 0.001764
3709187 CX12 3709170 0.001764
3709187 CX12 3709353 0.001764
3709187 CX12 3709169 0.001764
3709187 CX12 3709354 0.001764
3709187 X0 3709191 0.999631
3709187 X0 3709187 0.000123
3709187 X0 3709190 0.000123
3709187 X0 3709194 0.000123
3709188 CX02 3709351 0.985894
3709188 CX02 3709167 0.002015
3709188 CX02 3709352 0.002015
3709188 CX02 3709168 0.002015
3709188 CX02 3709353 0.002015
3709188 CX02 3709170 0.002015
3709188 CX02 3709354 0.002015
3709188 CX02 3709169 0.002015
3709188 CX12 3709351 0.987653
3709188 CX12 3709167 0.001764
3709188 CX12 3709352 0.001764
3709188 CX12 3709168 0.001764
3709188 CX12 3709353 0.001764
3709188 CX12 3709170 0.001764
3709188 CX12 3709354 0.001764
3709188 CX12 3709169 0.001764
3709188 X0 3709192 0.999631
3709188 X0 3709188 0.000123
3709188 X0 3709189 0.000123
3709188 X0 3709193 0.000123
3709189 CX02 3709354 0.985894
3709189 CX02 3709169 0.002015
3709189 CX02 3709353 0.002015
3709189 CX02 3709170 0.002015
3709189 CX02 3709352 0.002015
3709189 CX02 3709168 0.002015
3709189 CX02 3709351 0.002015
3709189 CX02 3709167 0.002015
3709189 CX12 3709354 0.987653
3709189 CX12 3709169 0.001764
3709189 CX12 3709353 0.001764
3709189 CX12 3709170 0.001764
3709189 CX12 3709352 0.001764
3709189 CX12 3709168 0.001764
3709189 CX12 3709351 0.001764
3709189 CX12 3709167 0.001764
3709189 X0 3709193 0.999631
3709189 X0 3709189 0.000123
3709189 X0 3709188 0.000123
3709189 X0 3709192 0.000123
3709190 CX02 3709169 0.985894
3709190 CX02 3709354 0.002015
3709190 CX02 3709170 0.002015
3709190 CX02 3709353 0.002015
3709190 CX02 3709168 0.002015
3709190 CX02 3709352 0.002015
3709190 CX02 3709167 0.002015
3709190 CX02 3709351 0.002015
3709190 CX12 3709169 0.987653
3709190 CX12 3709354 0.001764
3709190 CX12 3709170 0.001764
3709190 CX12 3709353 0.001764
3709190 CX12 3709168 0.001764
3709190 CX12 3709352 0.001764
3709190 CX12 3709167 0.001764
3709190 CX12 3709351 0.001764
3709190 X0 3709194 0.999631
3709190 X0 3709190 0.000123
3709190 X0 3709187 0.000123
3709190 X0 3709191 0.000123
3709191 CX02 3709352 0.985894
3709191 CX02 3709168 0.002015
3709191 CX02 3709351 0.002015
3709191 CX02 3709167 0.002015
3709191 CX02 3709354 0.002015
3709191 CX02 3709169 0.002015
3709191 CX02 3709353 0.002015
3709191 CX02 3709170 0.002015
3709191 CX12 3709168 0.987653
3709191 CX12 3709352 0.001764
3709191 CX12 3709167 0.001764
3709191 CX12 3709351 0.001764
3709191 CX12 3709169 0.001764
3709191 CX12 3709354 0.001764
3709191 CX12 3709170 0.001764
3709191 CX12 3709353 0.001764
3709191 X0 3709187 0.999631
3709191 X0 3709191 0.000123
3709191 X0 3709194 0.000123
3709191 X0 3709190 0.000123
3709192 CX02 3709168 0.985894
3709192 CX02 3709352 0.002015
3709192 CX02 3709167 0.002015
3709192 CX02 3709351 0.002015
3709192 CX02 3709169 0.002015
3709192 CX02 3709354 0.002015
3709192 CX02 3709170 0.002015
3709192 CX02 3709353 0.002015
3709192 CX12 3709352 0.987653
3709192 CX12 3709168 0.001764
3709192 CX12 3709351 0.001764
3709192 CX12 3709167 0.001764
3709192 CX12 3709354 0.001764
3709192 CX12 3709169 0.001764
3709192 CX12 3709353 0.001764
3709192 CX12 3709170 0.001764
3709192 X0 3709188 0.999631
3709192 X0 3709192 0.000123
3709192 X0 3709193 0.000123
3709192 X0 3709189 0.000123
3709193 CX02 3709170 0.985894
3709193 CX02 3709353 0.002015
3709193 CX02 3709169 0.002015
3709193 CX02 3709354 0.002015
3709193 CX02 3709167 0.002015
3709193 CX02 3709351 0.002015
3709193 CX02 3709168 0.002015
3709193 CX02 3709352 0.002015
3709193 CX12 3709353 0.987653
3709193 CX12 3709170 0.001764
3709193 CX12 3709354 0.001764
3709193 CX12 3709169 0.001764
3709193 CX12 3709351 0.001764
3709193 CX12 3709167 0.001764
3709193 CX12 3709352 0.001764
3709193 CX12 3709168 0.001764
3709193 X0 3709189 0.999631
3709193 X0 3709193 0.000123
3709193 X0 3709192 0.000123
3709193 X0 3709188 0.000123
3709194 CX02 3709353 0.985894
3709194 CX02 3709170 0.002015
3709194 CX02 3709354 0.002015
3709194 CX02 3709169 0.002015
3709194 CX02 3709351 0.002015
3709194 CX02 3709167 0.002015
3709194 CX02 3709352 0.002015
3709194 CX02 3709168 0.002015
3709194 CX12 3709170 0.987653
3709194 CX12 3709353 0.001764
3709194 CX12 3709169 0.001764
3709194 CX12 3709354 0.001764
3709194 CX12 3709167 0.001764
3709194 CX12 3709351 0.001764
3709194 CX12 3709168 0.001764
3709194 CX12 3709352 0.001764
3709194 X0 3709190 0.999631
3709194 X0 3709194 0.000123
3709194 X0 3709191 0.000123
3709194 X0 3709187 0.000123
3709213 CX02 3709643 0.985894
3709213 CX02 3709644 0.002015
3709213 CX02 3709645 0.002015
3709213 CX02 3709646 0.002015
3709213 CX02 3709647 0.002015
3709213 CX02 3709648 0.002015
3709213 CX02 3709649 0.002015
3709213 CX02 3709650 0.002015
3709213 CX12 3709643 0.987653
3709213 CX12 3709644 0.001764
3709213 CX12 3709645 0.001764
3709213 CX12 3709646 0.001764
3709213 CX12 3709648 0.001764
3709213 CX12 3709647 0.001764
3709213 CX12 3709650 0.001764
3709213 CX12 3709649 0.001764
3709213 P2 3709167 0.995600
3709213 P2 3709213 0.004400
3709213 X0 3709252 0.999631
3709213 X0 3709213 0.000123
3709213 X0 3709291 0.000123
3709213 X0 3709330 0.000123
3709252 CX02 3709648 0.985894
3709252 CX02 3709647 0.002015
3709252 CX02 3709650 0.002015
3709252 CX02 3709649 0.002015
3709252 CX02 3709644 0.002015
3709252 CX02 3709643 0.002015
3709252 CX02 3709646 0.002015
3709252 CX02 3709645 0.002015
3709252 CX12 3709647 0.987653
3709252 CX12 3709648 0.001764
3709252 CX12 3709649 0.001764
3709252 CX12 3709650 0.001764
3709252 CX12 3709644 0.001764
3709252 CX12 3709643 0.001764
3709252 CX12 3709646 0.001764
3709252 CX12 3709645 0.001764
3709252 P2 3709168 0.995600
3709252 P2 3709252 0.004400
3709252 X0 3709213 0.999631
3709252 X0 3709252 0.000123
3709252 X0 3709330 0.000123
3709252 X0 3709291 0.000123
3709291 CX02 3709646 0.985894
3709291 CX02 3709645 0.002015
3709291 CX02 3709644 0.002015
3709291 CX02 3709643 0.002015
3709291 CX02 3709650 0.002015
3709291 CX02 3709649 0.002015
3709291 CX02 3709648 0.002015
3709291 CX02 3709647 0.002015
3709291 CX12 3709646 0.987653
3709291 CX12 3709645 0.001764
3709291 CX12 3709644 0.001764
3709291 CX12 3709643 0.001764
3709291 CX12 3709649 0.001764
3709291 CX12 3709650 0.001764
3709291 CX12 3709647 0.001764
3709291 CX12 3709648 0.001764
3709291 P2 3709169 0.995600
3709291 P2 3709291 0.004400
3709291 X0 3709330 0.999631
3709291 X0 3709291 0.000123
3709291 X0 3709213 0.000123
3709291 X0 3709252 0.000123
3709330 CX02 3709649 0.985894
3709330 CX02 3709650 0.002015
3709330 CX02 3709647 0.002015
3709330 CX02 3709648 0.002015
3709330 CX02 3709645 0.002015
3709330 CX02 3709646 0.002015
3709330 CX02 3709643 0.002015
3709330 CX02 3709644 0.002015
3709330 CX12 3709650 0.987653
3709330 CX12 3709649 0.001764
3709330 CX12 3709648 0.001764
3709330 CX12 3709647 0.001764
3709330 CX12 3709645 0.001764
3709330 CX12 3709646 0.001764
3709330 CX12 3709643 0.001764
3709330 CX12 3709644 0.001764
3709330 P2 3709170 0.995600
3709330 P2 3709330 0.004400
3709330 X0 3709291 0.999631
3709330 X0 3709330 0.000123
3709330 X0 3709252 0.000123
3709330 X0 3709213 0.000123
3709351 CX02 3709188 0.985894
3709351 CX02 3709187 0.002015
3709351 CX02 3709190 0.002015
3709351 CX02 3709189 0.002015
3709351 CX02 3709192 0.002015
3709351 CX02 3709191 0.002015
3709351 CX02 3709194 0.002015
3709351 CX02 3709193 0.002015
3709351 CX12 3709188 0.987653
3709351 CX12 3709187 0.001764
3709351 CX12 3709190 0.001764
3709351 CX12 3709189 0.001764
3709351 CX12 3709191 0.001764
3709351 CX12 3709192 0.001764
3709351 CX12 3709193 0.001764
3709351 CX12 3709194 0.001764
3709351 P2 3709821 0.962600
3709351 P2 3709351 0.037400
3709351 X0 3709352 0.999631
3709351 X0 3709351 0.000123
3709351 X0 3709354 0.000123
3709351 X0 3709353 0.000123
3709352 CX02 3709191 0.985894
3709352 CX02 3709192 0.002015
3709352 CX02 3709193 0.002015
3709352 CX02 3709194 0.002015
3709352 CX02 3709187 0.002015
3709352 CX02 3709188 0.002015
3709352 CX02 3709189 0.002015
3709352 CX02 3709190 0.002015
3709352 CX12 3709192 0.987653
3709352 CX12 3709191 0.001764
3709352 CX12 3709194 0.001764
3709352 CX12 3709193 0.001764
3709352 CX12 3709187 0.001764
3709352 CX12 3709188 0.001764
3709352 CX12 3709189 0.001764
3709352 CX12 3709190 0.001764
3709352 P2 3709860 0.962600
3709352 P2 3709352 0.037400
3709352 X0 3709351 0.999631
3709352 X0 3709352 0.000123
3709352 X0 3709353 0.000123
3709352 X0 3709354 0.000123
3709353 CX02 3709194 0.985894
3709353 CX02 3709193 0.002015
3709353 CX02 3709192 0.002015
3709353 CX02 3709191 0.002015
3709353 CX02 3709190 0.002015
3709353 CX02 3709189 0.002015
3709353 CX02 3709188 0.002015
3709353 CX02 3709187 0.002015
3709353 CX12 3709193 0.987653
3709353 CX12 3709194 0.001764
3709353 CX12 3709191 0.001764
3709353 CX12 3709192 0.001764
3709353 CX12 3709190 0.001764
3709353 CX12 3709189 0.001764
3709353 CX12 3709188 0.001764
3709353 CX12 3709187 0.001764
3709353 P2 3709899 0.962600
3709353 P2 3709353 0.037400
3709353 X0 3709354 0.999631
3709353 X0 3709353 0.000123
3709353 X0 3709352 0.000123
3709353 X0 3709351 0.000123
3709354 CX02 3709189 0.985894
3709354 CX02 3709190 0.002015
3709354 CX02 3709187 0.002015
3709354 CX02 3709188 0.002015
3709354 CX02 3709193 0.002015
3709354 CX02 3709194 0.002015
3709354 CX02 3709191 0.002015
3709354 CX02 3709192 0.002015
3709354 CX12 3709189 0.987653
3709354 CX12 3709190 0.001764
3709354 CX12 3709187 0.001764
3709354 CX12 3709188 0.001764
3709354 CX12 3709194 0.001764
3709354 CX12 3709193 0.001764
3709354 CX12 3709192 0.001764
3709354 CX12 3709191 0.001764
3709354 P2 3709938 0.962600
3709354 P2 3709354 0.037400
3709354 X0 3709353 0.999631
3709354 X0 3709354 0.000123
3709354 X0 3709351 0.000123
3709354 X0 3709352 0.000123
3709643 CX02 3709213 0.985894
3709643 CX02 3709821 0.002015
3709643 CX02 3709252 0.002015
3709643 CX02 3709860 0.002015
3709643 CX02 3709330 0.002015
3709643 CX02 3709899 0.002015
3709643 CX02 3709291 0.002015
3709643 CX02 3709938 0.002015
3709643 CX12 3709213 0.987653
3709643 CX12 3709821 0.001764
3709643 CX12 3709252 0.001764
3709643 CX12 3709860 0.001764
3709643 CX12 3709330 0.001764
3709643 CX12 3709899 0.001764
3709643 CX12 3709291 0.001764
3709643 CX12 3709938 0.001764
3709643 X0 3709647 0.999631
3709643 X0 3709643 0.000123
3709643 X0 3709646 0.000123
3709643 X0 3709650 0.000123
3709644 CX02 3709821 0.985894
3709644 CX02 3709213 0.002015
3709644 CX02 3709860 0.002015
3709644 CX02 3709252 0.002015
3709644 CX02 3709899 0.002015
3709644 CX02 3709330 0.002015
3709644 CX02 3709938 0.002015
3709644 CX02 3709291 0.002015
3709644 CX12 3709821 0.987653
3709644 CX12 3709213 0.001764
3709644 CX12 3709860 0.001764
3709644 CX12 3709252 0.001764
3709644 CX12 3709899 0.001764
3709644 CX12 3709330 0.001764
3709644 CX12 3709938 0.001764
3709644 CX12 3709291 0.001764
3709644 X0 3709648 0.999631
3709644 X0 3709644 0.000123
3709644 X0 3709645 0.000123
3709644 X0 3709649 0.000123
3709645 CX02 3709938 0.985894
3709645 CX02 3709291 0.002015
3709645 CX02 3709899 0.002015
3709645 CX02 3709330 0.002015
3709645 CX02 3709860 0.002015
3709645 CX02 3709252 0.002015
3709645 CX02 3709821 0.002015
3709645 CX02 3709213 0.002015
3709645 CX12 3709938 0.987653
3709645 CX12 3709291 0.001764
3709645 CX12 3709899 0.001764
3709645 CX12 3709330 0.001764
3709645 CX12 3709860 0.001764
3709645 CX12 3709252 0.001764
3709645 CX12 3709821 0.001764
3709645 CX12 3709213 0.001764
3709645 X0 3709649 0.999631
3709645 X0 3709645 0.000123
3709645 X0 3709644 0.000123
3709645 X0 3709648 0.000123
3709646 CX02 3709291 0.985894
3709646 CX02 3709938 0.002015
3709646 CX02 3709330 0.002015
3709646 CX02 3709899 0.002015
3709646 CX02 3709252 0.002015
3709646 CX02 3709860 0.002015
3709646 CX02 3709213 0.002015
3709646 CX02 3709821 0.002015
3709646 CX12 3709291 0.987653
3709646 CX12 3709938 0.001764
3709646 CX12 3709330 0.001764
3709646 CX12 3709899 0.001764
3709646 CX12 3709252 0.001764
3709646 CX12 3709860 0.001764
3709646 CX12 3709213 0.001764
3709646 CX12 3709821 0.001764
3709646 X0 3709650 0.999631
3709646 X0 3709646 0.000123
3709646 X0 3709643 0.000123
3709646 X0 3709647 0.000123
3709647 CX02 3709860 0.985894
3709647 CX02 3709252 0.002015
3709647 CX02 3709821 0.002015
3709647 CX02 3709213 0.002015
3709647 CX02 3709938 0.002015
3709647 CX02 3709291 0.002015
3709647 CX02 3709899 0.002015
3709647 CX02 3709330 0.002015
3709647 CX12 3709252 0.987653
3709647 CX12 3709860 0.001764
3709647 CX12 3709213 0.001764
3709647 CX12 3709821 0.001764
3709647 CX12 3709291 0.001764
3709647 CX12 3709938 0.001764
3709647 CX12 3709330 0.001764
3709647 CX12 3709899 0.001764
3709647 X0 3709643 0.999631
3709647 X0 3709647 0.000123
3709647 X0 3709650 0.000123
3709647 X0 3709646 0.000123
3709648 CX02 3709252 0.985894
3709648 CX02 3709860 0.002015
3709648 CX02 3709213 0.002015
3709648 CX02 3709821 0.002015
3709648 CX02 3709291 0.002015
3709648 CX02 3709938 0.002015
3709648 CX02 3709330 0.002015
3709648 CX02 3709899 0.002015
3709648 CX12 3709860 0.987653
3709648 CX12 3709252 0.001764
3709648 CX12 3709821 0.001764
3709648 CX12 3709213 0.001764
3709648 CX12 3709938 0.001764
3709648 CX12 3709291 0.001764
3709648 CX12 3709899 0.001764
3709648 CX12 3709330 0.001764
3709648 X0 3709644 0.999631
3709648 X0 3709648 0.000123
3709648 X0 3709649 0.000123
3709648 X0 3709645 0.000123
3709649 CX02 3709330 0.985894
3709649 CX02 3709899 0.002015
3709649 CX02 3709291 0.002015
3709649 CX02 3709938 0.002015
3709649 CX02 3709213 0.002015
3709649 CX02 3709821 0.002015
3709649 CX02 3709252 0.002015
3709649 CX02 3709860 0.002015
3709649 CX12 3709899 0.987653
3709649 CX12 3709330 0.001764
3709649 CX12 3709938 0.001764
3709649 CX12 3709291 0.001764
3709649 CX12 3709821 0.001764
3709649 CX12 3709213 0.001764
3709649 CX12 3709860 0.001764
3709649 CX12 3709252 0.001764
3709649 X0 3709645 0.999631
3709649 X0 3709649 0.000123
3709649 X0 3709648 0.000123
3709649 X0 3709644 0.000123
3709650 CX02 3709899 0.985894
3709650 CX02 3709330 0.002015
3709650 CX02 3709938 0.002015
3709650 CX02 3709291 0.002015
3709650 CX02 3709821 0.002015
3709650 CX02 3709213 0.002015
3709650 CX02 3709860 0.002015
3709650 CX02 3709252 0.002015
3709650 CX12 3709330 0.987653
3709650 CX12 3709899 0.001764
3709650 CX12 3709291 0.001764
3709650 CX12 3709938 0.001764
3709650 CX12 3709213 0.001764
3709650 CX12 3709821 0.001764
3709650 CX12 3709252 0.001764
3709650 CX12 3709860 0.001764
3709650 X0 3709646 0.999631
3709650 X0 3709650 0.000123
3709650 X0 3709647 0.000123
3709650 X0 3709643 0.000123
3709821 CX02 3709644 0.985894
3709821 CX02 3709643 0.002015
3709821 CX02 3709646 0.002015
3709821 CX02 3709645 0.002015
3709821 CX02 3709648 0.002015
3709821 CX02 3709647 0.002015
3709821 CX02 3709650 0.002015
3709821 CX02 3709649 0.002015
3709821 CX12 3709644 0.987653
3709821 CX12 3709643 0.001764
3709821 CX12 3709646 0.001764
3709821 CX12 3709645 0.001764
3709821 CX12 3709647 0.001764
3709821 CX12 3709648 0.001764
3709821 CX12 3709649 0.001764
3709821 CX12 3709650 0.001764
3709821 P2 3709821 0.962600
3709821 P2 3709351 0.037400
3709821 X0 3709860 0.999631
3709821 X0 3709821 0.000123
3709821 X0 3709938 0.000123
3709821 X0 3709899 0.000123
3709860 CX02 3709647 0.985894
3709860 CX02 3709648 0.002015
3709860 CX02 3709649 0.002015
3709860 CX02 3709650 0.002015
3709860 CX02 3709643 0.002015
3709860 CX02 3709644 0.002015
3709860 CX02 3709645 0.002015
3709860 CX02 3709646 0.002015
3709860 CX12 3709648 0.987653
3709860 CX12 3709647 0.001764
3709860 CX12 3709650 0.001764
3709860 CX12 3709649 0.001764
3709860 CX12 3709643 0.001764
3709860 CX12 3709644 0.001764
3709860 CX12 3709645 0.001764
3709860 CX12 3709646 0.001764
3709860 P2 3709860 0.962600
3709860 P2 3709352 0.037400
3709860 X0 3709821 0.999631
3709860 X0 3709860 0.000123
3709860 X0 3709899 0.000123
3709860 X0 3709938 0.000123
3709899 CX02 3709650 0.985894
3709899 CX02 3709649 0.002015
3709899 CX02 3709648 0.002015
3709899 CX02 3709647 0.002015
3709899 CX02 3709646 0.002015
3709899 CX02 3709645 0.002015
3709899 CX02 3709644 0.002015
3709899 CX02 3709643 0.002015
3709899 CX12 3709649 0.987653
3709899 CX12 3709650 0.001764
3709899 CX12 3709647 0.001764
3709899 CX12 3709648 0.001764
3709899 CX12 3709646 0.001764
3709899 CX12 3709645 0.001764
3709899 CX12 3709644 0.001764
3709899 CX12 3709643 0.001764
3709899 P2 3709899 0.962600
3709899 P2 3709353 0.037400
3709899 X0 3709938 0.999631
3709899 X0 3709899 0.000123
3709899 X0 3709860 0.000123
3709899 X0 3709821 0.000123
3709938 CX02 3709645 0.985894
3709938 CX02 3709646 0.002015
3709938 CX02 3709643 0.002015
3709938 CX02 3709644 0.002015
3709938 CX02 3709649 0.002015
3709938 CX02 3709650 0.002015
3709938 CX02 3709647 0.002015
3709938 CX02 3709648 0.002015
3709938 CX12 3709645 0.987653
3709938 CX12 3709646 0.001764
3709938 CX12 3709643 0.001764
3709938 CX12 3709644 0.001764
3709938 CX12 3709650 0.001764
3709938 CX12 3709649 0.001764
3709938 CX12 3709648 0.001764
3709938 CX12 3709647 0.001764
3709938 P2 3709938 0.962600
3709938 P2 3709354 0.037400
3709938 X0 3709899 0.999631
3709938 X0 3709938 0.000123
3709938 X0 3709821 0.000123
3709938 X0 3709860 0.000123
ENDPOMDP
