BEGINPOMDP
INITIALSTATE: 120556
STATES: 120833,120834,121955,120836,120835,120839,122792,120556,120557,120558,120559,120560,121676,122513,121397,122234,121118
REWARDS: 120833:1.0,120834:0.0,121955:1.0,120836:1.0,120835:0.0,120839:1.0,122792:1.0,120556:0.0,120557:1.0,120558:0.0,120559:1.0,120560:0.0,121676:0.0,122513:0.0,121397:1.0,122234:0.0,121118:0.0
GAMMA: 120833:0,120834:0,121955:1,120836:0,120835:0,120839:1,122792:1,120556:0,120557:0,120558:0,120559:0,120560:0,121676:1,122513:1,121397:1,122234:1,121118:1
BEGINACTIONS
CX
P2
X0
ENDACTIONS
120556 INIT_ 120557 0.250000
120556 INIT_ 120558 0.250000
120556 INIT_ 120559 0.250000
120556 INIT_ 120560 0.250000
120557 CX 120557 0.984584
120557 CX 120833 0.002202
120557 CX 120558 0.002202
120557 CX 120834 0.002202
120557 CX 120560 0.002202
120557 CX 120835 0.002202
120557 CX 120559 0.002202
120557 CX 120836 0.002202
120557 P2 120557 0.975000
120557 P2 120839 0.025000
120557 X0 120558 0.999548
120557 X0 120557 0.000151
120557 X0 120559 0.000151
120557 X0 120560 0.000151
120558 CX 120834 0.984584
120558 CX 120558 0.002202
120558 CX 120833 0.002202
120558 CX 120557 0.002202
120558 CX 120836 0.002202
120558 CX 120559 0.002202
120558 CX 120835 0.002202
120558 CX 120560 0.002202
120558 P2 120558 0.975000
120558 P2 121118 0.025000
120558 X0 120557 0.999548
120558 X0 120558 0.000151
120558 X0 120560 0.000151
120558 X0 120559 0.000151
120559 CX 120559 0.984584
120559 CX 120836 0.002202
120559 CX 120560 0.002202
120559 CX 120835 0.002202
120559 CX 120558 0.002202
120559 CX 120834 0.002202
120559 CX 120557 0.002202
120559 CX 120833 0.002202
120559 P2 120559 0.975000
120559 P2 121397 0.025000
120559 X0 120560 0.999548
120559 X0 120559 0.000151
120559 X0 120557 0.000151
120559 X0 120558 0.000151
120560 CX 120835 0.984584
120560 CX 120560 0.002202
120560 CX 120836 0.002202
120560 CX 120559 0.002202
120560 CX 120833 0.002202
120560 CX 120557 0.002202
120560 CX 120834 0.002202
120560 CX 120558 0.002202
120560 P2 120560 0.975000
120560 P2 121676 0.025000
120560 X0 120559 0.999548
120560 X0 120560 0.000151
120560 X0 120558 0.000151
120560 X0 120557 0.000151
120833 CX 120833 0.984584
120833 CX 120557 0.002202
120833 CX 120834 0.002202
120833 CX 120558 0.002202
120833 CX 120835 0.002202
120833 CX 120560 0.002202
120833 CX 120836 0.002202
120833 CX 120559 0.002202
120833 P2 121955 0.966000
120833 P2 120833 0.034000
120833 X0 120834 0.999548
120833 X0 120833 0.000151
120833 X0 120836 0.000151
120833 X0 120835 0.000151
120834 CX 120558 0.984584
120834 CX 120834 0.002202
120834 CX 120557 0.002202
120834 CX 120833 0.002202
120834 CX 120559 0.002202
120834 CX 120836 0.002202
120834 CX 120560 0.002202
120834 CX 120835 0.002202
120834 P2 122234 0.966000
120834 P2 120834 0.034000
120834 X0 120833 0.999548
120834 X0 120834 0.000151
120834 X0 120835 0.000151
120834 X0 120836 0.000151
120835 CX 120560 0.984584
120835 CX 120835 0.002202
120835 CX 120559 0.002202
120835 CX 120836 0.002202
120835 CX 120557 0.002202
120835 CX 120833 0.002202
120835 CX 120558 0.002202
120835 CX 120834 0.002202
120835 P2 122513 0.966000
120835 P2 120835 0.034000
120835 X0 120836 0.999548
120835 X0 120835 0.000151
120835 X0 120834 0.000151
120835 X0 120833 0.000151
120836 CX 120836 0.984584
120836 CX 120559 0.002202
120836 CX 120835 0.002202
120836 CX 120560 0.002202
120836 CX 120834 0.002202
120836 CX 120558 0.002202
120836 CX 120833 0.002202
120836 CX 120557 0.002202
120836 P2 122792 0.966000
120836 P2 120836 0.034000
120836 X0 120835 0.999548
120836 X0 120836 0.000151
120836 X0 120833 0.000151
120836 X0 120834 0.000151
120839 CX 120839 0.984584
120839 CX 121955 0.002202
120839 CX 121118 0.002202
120839 CX 122234 0.002202
120839 CX 121676 0.002202
120839 CX 122513 0.002202
120839 CX 121397 0.002202
120839 CX 122792 0.002202
120839 P2 120557 0.975000
120839 P2 120839 0.025000
120839 X0 121118 0.999548
120839 X0 120839 0.000151
120839 X0 121397 0.000151
120839 X0 121676 0.000151
121118 CX 122234 0.984584
121118 CX 121118 0.002202
121118 CX 121955 0.002202
121118 CX 120839 0.002202
121118 CX 122792 0.002202
121118 CX 121397 0.002202
121118 CX 122513 0.002202
121118 CX 121676 0.002202
121118 P2 120558 0.975000
121118 P2 121118 0.025000
121118 X0 120839 0.999548
121118 X0 121118 0.000151
121118 X0 121676 0.000151
121118 X0 121397 0.000151
121397 CX 121397 0.984584
121397 CX 122792 0.002202
121397 CX 121676 0.002202
121397 CX 122513 0.002202
121397 CX 121118 0.002202
121397 CX 122234 0.002202
121397 CX 120839 0.002202
121397 CX 121955 0.002202
121397 P2 120559 0.975000
121397 P2 121397 0.025000
121397 X0 121676 0.999548
121397 X0 121397 0.000151
121397 X0 120839 0.000151
121397 X0 121118 0.000151
121676 CX 122513 0.984584
121676 CX 121676 0.002202
121676 CX 122792 0.002202
121676 CX 121397 0.002202
121676 CX 121955 0.002202
121676 CX 120839 0.002202
121676 CX 122234 0.002202
121676 CX 121118 0.002202
121676 P2 120560 0.975000
121676 P2 121676 0.025000
121676 X0 121397 0.999548
121676 X0 121676 0.000151
121676 X0 121118 0.000151
121676 X0 120839 0.000151
121955 CX 121955 0.984584
121955 CX 120839 0.002202
121955 CX 122234 0.002202
121955 CX 121118 0.002202
121955 CX 122513 0.002202
121955 CX 121676 0.002202
121955 CX 122792 0.002202
121955 CX 121397 0.002202
121955 P2 121955 0.966000
121955 P2 120833 0.034000
121955 X0 122234 0.999548
121955 X0 121955 0.000151
121955 X0 122792 0.000151
121955 X0 122513 0.000151
122234 CX 121118 0.984584
122234 CX 122234 0.002202
122234 CX 120839 0.002202
122234 CX 121955 0.002202
122234 CX 121397 0.002202
122234 CX 122792 0.002202
122234 CX 121676 0.002202
122234 CX 122513 0.002202
122234 P2 122234 0.966000
122234 P2 120834 0.034000
122234 X0 121955 0.999548
122234 X0 122234 0.000151
122234 X0 122513 0.000151
122234 X0 122792 0.000151
122513 CX 121676 0.984584
122513 CX 122513 0.002202
122513 CX 121397 0.002202
122513 CX 122792 0.002202
122513 CX 120839 0.002202
122513 CX 121955 0.002202
122513 CX 121118 0.002202
122513 CX 122234 0.002202
122513 P2 122513 0.966000
122513 P2 120835 0.034000
122513 X0 122792 0.999548
122513 X0 122513 0.000151
122513 X0 122234 0.000151
122513 X0 121955 0.000151
122792 CX 122792 0.984584
122792 CX 121397 0.002202
122792 CX 122513 0.002202
122792 CX 121676 0.002202
122792 CX 122234 0.002202
122792 CX 121118 0.002202
122792 CX 121955 0.002202
122792 CX 120839 0.002202
122792 P2 122792 0.966000
122792 P2 120836 0.034000
122792 X0 122513 0.999548
122792 X0 122792 0.000151
122792 X0 121955 0.000151
122792 X0 122234 0.000151
ENDPOMDP
