BEGINPOMDP
INITIALSTATE: 116091
STATES: 118048,116932,117769,116653,116368,116369,117490,116371,116370,116374,118327,117211,116091,116092,116093,116094,116095
REWARDS: 118048:0.0,116932:1.0,117769:0.0,116653:0.0,116368:1.0,116369:0.0,117490:1.0,116371:1.0,116370:0.0,116374:1.0,118327:1.0,117211:0.0,116091:0.0,116092:1.0,116093:0.0,116094:1.0,116095:0.0
GAMMA: 118048:1,116932:1,117769:1,116653:1,116368:0,116369:0,117490:1,116371:0,116370:0,116374:1,118327:1,117211:1,116091:0,116092:0,116093:0,116094:0,116095:0
BEGINACTIONS
CX
P2
X0
ENDACTIONS
116091 INIT_ 116092 0.250000
116091 INIT_ 116093 0.250000
116091 INIT_ 116094 0.250000
116091 INIT_ 116095 0.250000
116092 CX 116092 0.980152
116092 CX 116368 0.002835
116092 CX 116093 0.002835
116092 CX 116369 0.002835
116092 CX 116095 0.002835
116092 CX 116370 0.002835
116092 CX 116094 0.002835
116092 CX 116371 0.002835
116092 P2 116092 0.975000
116092 P2 116374 0.025000
116092 X0 116093 0.999490
116092 X0 116092 0.000170
116092 X0 116094 0.000170
116092 X0 116095 0.000170
116093 CX 116369 0.980152
116093 CX 116093 0.002835
116093 CX 116368 0.002835
116093 CX 116092 0.002835
116093 CX 116371 0.002835
116093 CX 116094 0.002835
116093 CX 116370 0.002835
116093 CX 116095 0.002835
116093 P2 116093 0.975000
116093 P2 116653 0.025000
116093 X0 116092 0.999490
116093 X0 116093 0.000170
116093 X0 116095 0.000170
116093 X0 116094 0.000170
116094 CX 116094 0.980152
116094 CX 116371 0.002835
116094 CX 116095 0.002835
116094 CX 116370 0.002835
116094 CX 116093 0.002835
116094 CX 116369 0.002835
116094 CX 116092 0.002835
116094 CX 116368 0.002835
116094 P2 116094 0.975000
116094 P2 116932 0.025000
116094 X0 116095 0.999490
116094 X0 116094 0.000170
116094 X0 116092 0.000170
116094 X0 116093 0.000170
116095 CX 116370 0.980152
116095 CX 116095 0.002835
116095 CX 116371 0.002835
116095 CX 116094 0.002835
116095 CX 116368 0.002835
116095 CX 116092 0.002835
116095 CX 116369 0.002835
116095 CX 116093 0.002835
116095 P2 116095 0.975000
116095 P2 117211 0.025000
116095 X0 116094 0.999490
116095 X0 116095 0.000170
116095 X0 116093 0.000170
116095 X0 116092 0.000170
116368 CX 116368 0.980152
116368 CX 116092 0.002835
116368 CX 116369 0.002835
116368 CX 116093 0.002835
116368 CX 116370 0.002835
116368 CX 116095 0.002835
116368 CX 116371 0.002835
116368 CX 116094 0.002835
116368 P2 117490 0.966000
116368 P2 116368 0.034000
116368 X0 116369 0.999490
116368 X0 116368 0.000170
116368 X0 116371 0.000170
116368 X0 116370 0.000170
116369 CX 116093 0.980152
116369 CX 116369 0.002835
116369 CX 116092 0.002835
116369 CX 116368 0.002835
116369 CX 116094 0.002835
116369 CX 116371 0.002835
116369 CX 116095 0.002835
116369 CX 116370 0.002835
116369 P2 117769 0.966000
116369 P2 116369 0.034000
116369 X0 116368 0.999490
116369 X0 116369 0.000170
116369 X0 116370 0.000170
116369 X0 116371 0.000170
116370 CX 116095 0.980152
116370 CX 116370 0.002835
116370 CX 116094 0.002835
116370 CX 116371 0.002835
116370 CX 116092 0.002835
116370 CX 116368 0.002835
116370 CX 116093 0.002835
116370 CX 116369 0.002835
116370 P2 118048 0.966000
116370 P2 116370 0.034000
116370 X0 116371 0.999490
116370 X0 116370 0.000170
116370 X0 116369 0.000170
116370 X0 116368 0.000170
116371 CX 116371 0.980152
116371 CX 116094 0.002835
116371 CX 116370 0.002835
116371 CX 116095 0.002835
116371 CX 116369 0.002835
116371 CX 116093 0.002835
116371 CX 116368 0.002835
116371 CX 116092 0.002835
116371 P2 118327 0.966000
116371 P2 116371 0.034000
116371 X0 116370 0.999490
116371 X0 116371 0.000170
116371 X0 116368 0.000170
116371 X0 116369 0.000170
116374 CX 116374 0.980152
116374 CX 117490 0.002835
116374 CX 116653 0.002835
116374 CX 117769 0.002835
116374 CX 117211 0.002835
116374 CX 118048 0.002835
116374 CX 116932 0.002835
116374 CX 118327 0.002835
116374 P2 116092 0.975000
116374 P2 116374 0.025000
116374 X0 116653 0.999490
116374 X0 116374 0.000170
116374 X0 116932 0.000170
116374 X0 117211 0.000170
116653 CX 117769 0.980152
116653 CX 116653 0.002835
116653 CX 117490 0.002835
116653 CX 116374 0.002835
116653 CX 118327 0.002835
116653 CX 116932 0.002835
116653 CX 118048 0.002835
116653 CX 117211 0.002835
116653 P2 116093 0.975000
116653 P2 116653 0.025000
116653 X0 116374 0.999490
116653 X0 116653 0.000170
116653 X0 117211 0.000170
116653 X0 116932 0.000170
116932 CX 116932 0.980152
116932 CX 118327 0.002835
116932 CX 117211 0.002835
116932 CX 118048 0.002835
116932 CX 116653 0.002835
116932 CX 117769 0.002835
116932 CX 116374 0.002835
116932 CX 117490 0.002835
116932 P2 116094 0.975000
116932 P2 116932 0.025000
116932 X0 117211 0.999490
116932 X0 116932 0.000170
116932 X0 116374 0.000170
116932 X0 116653 0.000170
117211 CX 118048 0.980152
117211 CX 117211 0.002835
117211 CX 118327 0.002835
117211 CX 116932 0.002835
117211 CX 117490 0.002835
117211 CX 116374 0.002835
117211 CX 117769 0.002835
117211 CX 116653 0.002835
117211 P2 116095 0.975000
117211 P2 117211 0.025000
117211 X0 116932 0.999490
117211 X0 117211 0.000170
117211 X0 116653 0.000170
117211 X0 116374 0.000170
117490 CX 117490 0.980152
117490 CX 116374 0.002835
117490 CX 117769 0.002835
117490 CX 116653 0.002835
117490 CX 118048 0.002835
117490 CX 117211 0.002835
117490 CX 118327 0.002835
117490 CX 116932 0.002835
117490 P2 117490 0.966000
117490 P2 116368 0.034000
117490 X0 117769 0.999490
117490 X0 117490 0.000170
117490 X0 118327 0.000170
117490 X0 118048 0.000170
117769 CX 116653 0.980152
117769 CX 117769 0.002835
117769 CX 116374 0.002835
117769 CX 117490 0.002835
117769 CX 116932 0.002835
117769 CX 118327 0.002835
117769 CX 117211 0.002835
117769 CX 118048 0.002835
117769 P2 117769 0.966000
117769 P2 116369 0.034000
117769 X0 117490 0.999490
117769 X0 117769 0.000170
117769 X0 118048 0.000170
117769 X0 118327 0.000170
118048 CX 117211 0.980152
118048 CX 118048 0.002835
118048 CX 116932 0.002835
118048 CX 118327 0.002835
118048 CX 116374 0.002835
118048 CX 117490 0.002835
118048 CX 116653 0.002835
118048 CX 117769 0.002835
118048 P2 118048 0.966000
118048 P2 116370 0.034000
118048 X0 118327 0.999490
118048 X0 118048 0.000170
118048 X0 117769 0.000170
118048 X0 117490 0.000170
118327 CX 118327 0.980152
118327 CX 116932 0.002835
118327 CX 118048 0.002835
118327 CX 117211 0.002835
118327 CX 117769 0.002835
118327 CX 116653 0.002835
118327 CX 117490 0.002835
118327 CX 116374 0.002835
118327 P2 118327 0.966000
118327 P2 116371 0.034000
118327 X0 118048 0.999490
118327 X0 118327 0.000170
118327 X0 117490 0.000170
118327 X0 117769 0.000170
ENDPOMDP
