BEGINPOMDP
INITIALSTATE: 107161
STATES: 108002,108839,107723,107438,107439,108560,107441,107440,107444,109397,108281,107161,107162,107163,107164,107165,109118
REWARDS: 108002:1.0,108839:0.0,107723:0.0,107438:1.0,107439:0.0,108560:1.0,107441:1.0,107440:0.0,107444:1.0,109397:1.0,108281:0.0,107161:0.0,107162:1.0,107163:0.0,107164:1.0,107165:0.0,109118:0.0
GAMMA: 108002:1,108839:1,107723:1,107438:0,107439:0,108560:1,107441:0,107440:0,107444:1,109397:1,108281:1,107161:0,107162:0,107163:0,107164:0,107165:0,109118:1
BEGINACTIONS
CX
P2
X0
ENDACTIONS
107161 INIT_ 107162 0.250000
107161 INIT_ 107163 0.250000
107161 INIT_ 107164 0.250000
107161 INIT_ 107165 0.250000
107162 CX 107162 0.976620
107162 CX 107438 0.003340
107162 CX 107163 0.003340
107162 CX 107439 0.003340
107162 CX 107165 0.003340
107162 CX 107440 0.003340
107162 CX 107164 0.003340
107162 CX 107441 0.003340
107162 P2 107162 0.983400
107162 P2 107444 0.016600
107162 X0 107163 0.999609
107162 X0 107162 0.000130
107162 X0 107164 0.000130
107162 X0 107165 0.000130
107163 CX 107439 0.976620
107163 CX 107163 0.003340
107163 CX 107438 0.003340
107163 CX 107162 0.003340
107163 CX 107441 0.003340
107163 CX 107164 0.003340
107163 CX 107440 0.003340
107163 CX 107165 0.003340
107163 P2 107163 0.983400
107163 P2 107723 0.016600
107163 X0 107162 0.999609
107163 X0 107163 0.000130
107163 X0 107165 0.000130
107163 X0 107164 0.000130
107164 CX 107164 0.976620
107164 CX 107441 0.003340
107164 CX 107165 0.003340
107164 CX 107440 0.003340
107164 CX 107163 0.003340
107164 CX 107439 0.003340
107164 CX 107162 0.003340
107164 CX 107438 0.003340
107164 P2 107164 0.983400
107164 P2 108002 0.016600
107164 X0 107165 0.999609
107164 X0 107164 0.000130
107164 X0 107162 0.000130
107164 X0 107163 0.000130
107165 CX 107440 0.976620
107165 CX 107165 0.003340
107165 CX 107441 0.003340
107165 CX 107164 0.003340
107165 CX 107438 0.003340
107165 CX 107162 0.003340
107165 CX 107439 0.003340
107165 CX 107163 0.003340
107165 P2 107165 0.983400
107165 P2 108281 0.016600
107165 X0 107164 0.999609
107165 X0 107165 0.000130
107165 X0 107163 0.000130
107165 X0 107162 0.000130
107438 CX 107438 0.976620
107438 CX 107162 0.003340
107438 CX 107439 0.003340
107438 CX 107163 0.003340
107438 CX 107440 0.003340
107438 CX 107165 0.003340
107438 CX 107441 0.003340
107438 CX 107164 0.003340
107438 P2 108560 0.948600
107438 P2 107438 0.051400
107438 X0 107439 0.999609
107438 X0 107438 0.000130
107438 X0 107441 0.000130
107438 X0 107440 0.000130
107439 CX 107163 0.976620
107439 CX 107439 0.003340
107439 CX 107162 0.003340
107439 CX 107438 0.003340
107439 CX 107164 0.003340
107439 CX 107441 0.003340
107439 CX 107165 0.003340
107439 CX 107440 0.003340
107439 P2 108839 0.948600
107439 P2 107439 0.051400
107439 X0 107438 0.999609
107439 X0 107439 0.000130
107439 X0 107440 0.000130
107439 X0 107441 0.000130
107440 CX 107165 0.976620
107440 CX 107440 0.003340
107440 CX 107164 0.003340
107440 CX 107441 0.003340
107440 CX 107162 0.003340
107440 CX 107438 0.003340
107440 CX 107163 0.003340
107440 CX 107439 0.003340
107440 P2 109118 0.948600
107440 P2 107440 0.051400
107440 X0 107441 0.999609
107440 X0 107440 0.000130
107440 X0 107439 0.000130
107440 X0 107438 0.000130
107441 CX 107441 0.976620
107441 CX 107164 0.003340
107441 CX 107440 0.003340
107441 CX 107165 0.003340
107441 CX 107439 0.003340
107441 CX 107163 0.003340
107441 CX 107438 0.003340
107441 CX 107162 0.003340
107441 P2 109397 0.948600
107441 P2 107441 0.051400
107441 X0 107440 0.999609
107441 X0 107441 0.000130
107441 X0 107438 0.000130
107441 X0 107439 0.000130
107444 CX 107444 0.976620
107444 CX 108560 0.003340
107444 CX 107723 0.003340
107444 CX 108839 0.003340
107444 CX 108281 0.003340
107444 CX 109118 0.003340
107444 CX 108002 0.003340
107444 CX 109397 0.003340
107444 P2 107162 0.983400
107444 P2 107444 0.016600
107444 X0 107723 0.999609
107444 X0 107444 0.000130
107444 X0 108002 0.000130
107444 X0 108281 0.000130
107723 CX 108839 0.976620
107723 CX 107723 0.003340
107723 CX 108560 0.003340
107723 CX 107444 0.003340
107723 CX 109397 0.003340
107723 CX 108002 0.003340
107723 CX 109118 0.003340
107723 CX 108281 0.003340
107723 P2 107163 0.983400
107723 P2 107723 0.016600
107723 X0 107444 0.999609
107723 X0 107723 0.000130
107723 X0 108281 0.000130
107723 X0 108002 0.000130
108002 CX 108002 0.976620
108002 CX 109397 0.003340
108002 CX 108281 0.003340
108002 CX 109118 0.003340
108002 CX 107723 0.003340
108002 CX 108839 0.003340
108002 CX 107444 0.003340
108002 CX 108560 0.003340
108002 P2 107164 0.983400
108002 P2 108002 0.016600
108002 X0 108281 0.999609
108002 X0 108002 0.000130
108002 X0 107444 0.000130
108002 X0 107723 0.000130
108281 CX 109118 0.976620
108281 CX 108281 0.003340
108281 CX 109397 0.003340
108281 CX 108002 0.003340
108281 CX 108560 0.003340
108281 CX 107444 0.003340
108281 CX 108839 0.003340
108281 CX 107723 0.003340
108281 P2 107165 0.983400
108281 P2 108281 0.016600
108281 X0 108002 0.999609
108281 X0 108281 0.000130
108281 X0 107723 0.000130
108281 X0 107444 0.000130
108560 CX 108560 0.976620
108560 CX 107444 0.003340
108560 CX 108839 0.003340
108560 CX 107723 0.003340
108560 CX 109118 0.003340
108560 CX 108281 0.003340
108560 CX 109397 0.003340
108560 CX 108002 0.003340
108560 P2 108560 0.948600
108560 P2 107438 0.051400
108560 X0 108839 0.999609
108560 X0 108560 0.000130
108560 X0 109397 0.000130
108560 X0 109118 0.000130
108839 CX 107723 0.976620
108839 CX 108839 0.003340
108839 CX 107444 0.003340
108839 CX 108560 0.003340
108839 CX 108002 0.003340
108839 CX 109397 0.003340
108839 CX 108281 0.003340
108839 CX 109118 0.003340
108839 P2 108839 0.948600
108839 P2 107439 0.051400
108839 X0 108560 0.999609
108839 X0 108839 0.000130
108839 X0 109118 0.000130
108839 X0 109397 0.000130
109118 CX 108281 0.976620
109118 CX 109118 0.003340
109118 CX 108002 0.003340
109118 CX 109397 0.003340
109118 CX 107444 0.003340
109118 CX 108560 0.003340
109118 CX 107723 0.003340
109118 CX 108839 0.003340
109118 P2 109118 0.948600
109118 P2 107440 0.051400
109118 X0 109397 0.999609
109118 X0 109118 0.000130
109118 X0 108839 0.000130
109118 X0 108560 0.000130
109397 CX 109397 0.976620
109397 CX 108002 0.003340
109397 CX 109118 0.003340
109397 CX 108281 0.003340
109397 CX 108839 0.003340
109397 CX 107723 0.003340
109397 CX 108560 0.003340
109397 CX 107444 0.003340
109397 P2 109397 0.948600
109397 P2 107441 0.051400
109397 X0 109118 0.999609
109397 X0 109397 0.000130
109397 X0 108560 0.000130
109397 X0 108839 0.000130
ENDPOMDP
