BEGINPOMDP
INITIALSTATE: 147346
STATES: 149024,147908,147623,147624,148745,147626,147625,147629,149582,149303,147346,147347,147348,147349,147350,148466,148187
REWARDS: 149024:0.0,147908:0.0,147623:1.0,147624:0.0,148745:1.0,147626:1.0,147625:0.0,147629:1.0,149582:1.0,149303:0.0,147346:0.0,147347:1.0,147348:0.0,147349:1.0,147350:0.0,148466:0.0,148187:1.0
GAMMA: 149024:1,147908:1,147623:0,147624:0,148745:1,147626:0,147625:0,147629:1,149582:1,149303:1,147346:0,147347:0,147348:0,147349:0,147350:0,148466:1,148187:1
BEGINACTIONS
CX
P2
X0
ENDACTIONS
147346 INIT_ 147347 0.250000
147346 INIT_ 147348 0.250000
147346 INIT_ 147349 0.250000
147346 INIT_ 147350 0.250000
147347 CX 147347 0.970344
147347 CX 147623 0.004237
147347 CX 147348 0.004237
147347 CX 147624 0.004237
147347 CX 147350 0.004237
147347 CX 147625 0.004237
147347 CX 147349 0.004237
147347 CX 147626 0.004237
147347 P2 147347 0.983000
147347 P2 147629 0.017000
147347 X0 147348 0.999607
147347 X0 147347 0.000131
147347 X0 147349 0.000131
147347 X0 147350 0.000131
147348 CX 147624 0.970344
147348 CX 147348 0.004237
147348 CX 147623 0.004237
147348 CX 147347 0.004237
147348 CX 147626 0.004237
147348 CX 147349 0.004237
147348 CX 147625 0.004237
147348 CX 147350 0.004237
147348 P2 147348 0.983000
147348 P2 147908 0.017000
147348 X0 147347 0.999607
147348 X0 147348 0.000131
147348 X0 147350 0.000131
147348 X0 147349 0.000131
147349 CX 147349 0.970344
147349 CX 147626 0.004237
147349 CX 147350 0.004237
147349 CX 147625 0.004237
147349 CX 147348 0.004237
147349 CX 147624 0.004237
147349 CX 147347 0.004237
147349 CX 147623 0.004237
147349 P2 147349 0.983000
147349 P2 148187 0.017000
147349 X0 147350 0.999607
147349 X0 147349 0.000131
147349 X0 147347 0.000131
147349 X0 147348 0.000131
147350 CX 147625 0.970344
147350 CX 147350 0.004237
147350 CX 147626 0.004237
147350 CX 147349 0.004237
147350 CX 147623 0.004237
147350 CX 147347 0.004237
147350 CX 147624 0.004237
147350 CX 147348 0.004237
147350 P2 147350 0.983000
147350 P2 148466 0.017000
147350 X0 147349 0.999607
147350 X0 147350 0.000131
147350 X0 147348 0.000131
147350 X0 147347 0.000131
147623 CX 147623 0.970344
147623 CX 147347 0.004237
147623 CX 147624 0.004237
147623 CX 147348 0.004237
147623 CX 147625 0.004237
147623 CX 147350 0.004237
147623 CX 147626 0.004237
147623 CX 147349 0.004237
147623 P2 148745 0.974200
147623 P2 147623 0.025800
147623 X0 147624 0.999607
147623 X0 147623 0.000131
147623 X0 147626 0.000131
147623 X0 147625 0.000131
147624 CX 147348 0.970344
147624 CX 147624 0.004237
147624 CX 147347 0.004237
147624 CX 147623 0.004237
147624 CX 147349 0.004237
147624 CX 147626 0.004237
147624 CX 147350 0.004237
147624 CX 147625 0.004237
147624 P2 149024 0.974200
147624 P2 147624 0.025800
147624 X0 147623 0.999607
147624 X0 147624 0.000131
147624 X0 147625 0.000131
147624 X0 147626 0.000131
147625 CX 147350 0.970344
147625 CX 147625 0.004237
147625 CX 147349 0.004237
147625 CX 147626 0.004237
147625 CX 147347 0.004237
147625 CX 147623 0.004237
147625 CX 147348 0.004237
147625 CX 147624 0.004237
147625 P2 149303 0.974200
147625 P2 147625 0.025800
147625 X0 147626 0.999607
147625 X0 147625 0.000131
147625 X0 147624 0.000131
147625 X0 147623 0.000131
147626 CX 147626 0.970344
147626 CX 147349 0.004237
147626 CX 147625 0.004237
147626 CX 147350 0.004237
147626 CX 147624 0.004237
147626 CX 147348 0.004237
147626 CX 147623 0.004237
147626 CX 147347 0.004237
147626 P2 149582 0.974200
147626 P2 147626 0.025800
147626 X0 147625 0.999607
147626 X0 147626 0.000131
147626 X0 147623 0.000131
147626 X0 147624 0.000131
147629 CX 147629 0.970344
147629 CX 148745 0.004237
147629 CX 147908 0.004237
147629 CX 149024 0.004237
147629 CX 148466 0.004237
147629 CX 149303 0.004237
147629 CX 148187 0.004237
147629 CX 149582 0.004237
147629 P2 147347 0.983000
147629 P2 147629 0.017000
147629 X0 147908 0.999607
147629 X0 147629 0.000131
147629 X0 148187 0.000131
147629 X0 148466 0.000131
147908 CX 149024 0.970344
147908 CX 147908 0.004237
147908 CX 148745 0.004237
147908 CX 147629 0.004237
147908 CX 149582 0.004237
147908 CX 148187 0.004237
147908 CX 149303 0.004237
147908 CX 148466 0.004237
147908 P2 147348 0.983000
147908 P2 147908 0.017000
147908 X0 147629 0.999607
147908 X0 147908 0.000131
147908 X0 148466 0.000131
147908 X0 148187 0.000131
148187 CX 148187 0.970344
148187 CX 149582 0.004237
148187 CX 148466 0.004237
148187 CX 149303 0.004237
148187 CX 147908 0.004237
148187 CX 149024 0.004237
148187 CX 147629 0.004237
148187 CX 148745 0.004237
148187 P2 147349 0.983000
148187 P2 148187 0.017000
148187 X0 148466 0.999607
148187 X0 148187 0.000131
148187 X0 147629 0.000131
148187 X0 147908 0.000131
148466 CX 149303 0.970344
148466 CX 148466 0.004237
148466 CX 149582 0.004237
148466 CX 148187 0.004237
148466 CX 148745 0.004237
148466 CX 147629 0.004237
148466 CX 149024 0.004237
148466 CX 147908 0.004237
148466 P2 147350 0.983000
148466 P2 148466 0.017000
148466 X0 148187 0.999607
148466 X0 148466 0.000131
148466 X0 147908 0.000131
148466 X0 147629 0.000131
148745 CX 148745 0.970344
148745 CX 147629 0.004237
148745 CX 149024 0.004237
148745 CX 147908 0.004237
148745 CX 149303 0.004237
148745 CX 148466 0.004237
148745 CX 149582 0.004237
148745 CX 148187 0.004237
148745 P2 148745 0.974200
148745 P2 147623 0.025800
148745 X0 149024 0.999607
148745 X0 148745 0.000131
148745 X0 149582 0.000131
148745 X0 149303 0.000131
149024 CX 147908 0.970344
149024 CX 149024 0.004237
149024 CX 147629 0.004237
149024 CX 148745 0.004237
149024 CX 148187 0.004237
149024 CX 149582 0.004237
149024 CX 148466 0.004237
149024 CX 149303 0.004237
149024 P2 149024 0.974200
149024 P2 147624 0.025800
149024 X0 148745 0.999607
149024 X0 149024 0.000131
149024 X0 149303 0.000131
149024 X0 149582 0.000131
149303 CX 148466 0.970344
149303 CX 149303 0.004237
149303 CX 148187 0.004237
149303 CX 149582 0.004237
149303 CX 147629 0.004237
149303 CX 148745 0.004237
149303 CX 147908 0.004237
149303 CX 149024 0.004237
149303 P2 149303 0.974200
149303 P2 147625 0.025800
149303 X0 149582 0.999607
149303 X0 149303 0.000131
149303 X0 149024 0.000131
149303 X0 148745 0.000131
149582 CX 149582 0.970344
149582 CX 148187 0.004237
149582 CX 149303 0.004237
149582 CX 148466 0.004237
149582 CX 149024 0.004237
149582 CX 147908 0.004237
149582 CX 148745 0.004237
149582 CX 147629 0.004237
149582 P2 149582 0.974200
149582 P2 147626 0.025800
149582 X0 149303 0.999607
149582 X0 149582 0.000131
149582 X0 148745 0.000131
149582 X0 149024 0.000131
ENDPOMDP
