BEGINPOMDP
INITIALSTATE: 8483697
STATES: 8535424,8494052,8504396,8494045,8483697,8483698,8483699,8483700,8483701,8514740,8483704,8494042,8494043,8494044,8535421,8535422,8535423
REWARDS: 8535424:0.0,8494052:1.0,8504396:0.0,8494045:0.0,8483697:0.0,8483698:1.0,8483699:1.0,8483700:0.0,8483701:0.0,8514740:0.0,8483704:1.0,8494042:1.0,8494043:1.0,8494044:0.0,8535421:1.0,8535422:1.0,8535423:0.0
GAMMA: 8535424:1,8494052:1,8504396:1,8494045:0,8483697:0,8483698:0,8483699:0,8483700:0,8483701:0,8514740:1,8483704:1,8494042:0,8494043:0,8494044:0,8535421:1,8535422:1,8535423:1
BEGINACTIONS
P2
Z0
H
X2
ENDACTIONS
8483697 INIT_ 8483698 0.250000
8483697 INIT_ 8483699 0.250000
8483697 INIT_ 8483700 0.250000
8483697 INIT_ 8483701 0.250000
8483698 P2 8483698 0.997800
8483698 P2 8483704 0.002200
8483698 Z0 8483700 0.998851
8483698 Z0 8483701 0.000383
8483698 Z0 8483699 0.000383
8483698 Z0 8483698 0.000383
8483698 H 8483698 0.967829
8483698 H 8494042 0.005140
8483698 H 8483699 0.004505
8483698 H 8494043 0.004505
8483698 H 8483701 0.004505
8483698 H 8494044 0.004505
8483698 H 8483700 0.004505
8483698 H 8494045 0.004505
8483698 X2 8494042 0.999671
8483698 X2 8483698 0.000329
8483699 P2 8483699 0.997800
8483699 P2 8494052 0.002200
8483699 Z0 8483701 0.998851
8483699 Z0 8483700 0.000383
8483699 Z0 8483698 0.000383
8483699 Z0 8483699 0.000383
8483699 H 8483699 0.967829
8483699 H 8494043 0.005140
8483699 H 8483698 0.004505
8483699 H 8494042 0.004505
8483699 H 8483700 0.004505
8483699 H 8494045 0.004505
8483699 H 8483701 0.004505
8483699 H 8494044 0.004505
8483699 X2 8494043 0.999671
8483699 X2 8483699 0.000329
8483700 P2 8483700 0.997800
8483700 P2 8504396 0.002200
8483700 Z0 8483698 0.998851
8483700 Z0 8483699 0.000383
8483700 Z0 8483701 0.000383
8483700 Z0 8483700 0.000383
8483700 H 8494045 0.967829
8483700 H 8483700 0.005140
8483700 H 8494044 0.004505
8483700 H 8483701 0.004505
8483700 H 8494043 0.004505
8483700 H 8483699 0.004505
8483700 H 8494042 0.004505
8483700 H 8483698 0.004505
8483700 X2 8494045 0.999671
8483700 X2 8483700 0.000329
8483701 P2 8483701 0.997800
8483701 P2 8514740 0.002200
8483701 Z0 8483699 0.998851
8483701 Z0 8483698 0.000383
8483701 Z0 8483700 0.000383
8483701 Z0 8483701 0.000383
8483701 H 8494044 0.967829
8483701 H 8483701 0.005140
8483701 H 8494045 0.004505
8483701 H 8483700 0.004505
8483701 H 8494042 0.004505
8483701 H 8483698 0.004505
8483701 H 8494043 0.004505
8483701 H 8483699 0.004505
8483701 X2 8494044 0.999671
8483701 X2 8483701 0.000329
8483704 P2 8483698 0.997800
8483704 P2 8483704 0.002200
8483704 Z0 8504396 0.998851
8483704 Z0 8514740 0.000383
8483704 Z0 8494052 0.000383
8483704 Z0 8483704 0.000383
8483704 H 8483704 0.967829
8483704 H 8535421 0.005140
8483704 H 8494052 0.004505
8483704 H 8535422 0.004505
8483704 H 8514740 0.004505
8483704 H 8535423 0.004505
8483704 H 8504396 0.004505
8483704 H 8535424 0.004505
8483704 X2 8535421 0.999671
8483704 X2 8483704 0.000329
8494042 P2 8535421 0.989600
8494042 P2 8494042 0.010400
8494042 Z0 8494045 0.998851
8494042 Z0 8494044 0.000383
8494042 Z0 8494043 0.000383
8494042 Z0 8494042 0.000383
8494042 H 8494042 0.967829
8494042 H 8483698 0.005140
8494042 H 8494043 0.004505
8494042 H 8483699 0.004505
8494042 H 8494044 0.004505
8494042 H 8483701 0.004505
8494042 H 8494045 0.004505
8494042 H 8483700 0.004505
8494042 X2 8483698 0.999671
8494042 X2 8494042 0.000329
8494043 P2 8535422 0.989600
8494043 P2 8494043 0.010400
8494043 Z0 8494044 0.998851
8494043 Z0 8494045 0.000383
8494043 Z0 8494042 0.000383
8494043 Z0 8494043 0.000383
8494043 H 8494043 0.967829
8494043 H 8483699 0.005140
8494043 H 8494042 0.004505
8494043 H 8483698 0.004505
8494043 H 8494045 0.004505
8494043 H 8483700 0.004505
8494043 H 8494044 0.004505
8494043 H 8483701 0.004505
8494043 X2 8483699 0.999671
8494043 X2 8494043 0.000329
8494044 P2 8535423 0.989600
8494044 P2 8494044 0.010400
8494044 Z0 8494043 0.998851
8494044 Z0 8494042 0.000383
8494044 Z0 8494045 0.000383
8494044 Z0 8494044 0.000383
8494044 H 8483701 0.967829
8494044 H 8494044 0.005140
8494044 H 8483700 0.004505
8494044 H 8494045 0.004505
8494044 H 8483698 0.004505
8494044 H 8494042 0.004505
8494044 H 8483699 0.004505
8494044 H 8494043 0.004505
8494044 X2 8483701 0.999671
8494044 X2 8494044 0.000329
8494045 P2 8535424 0.989600
8494045 P2 8494045 0.010400
8494045 Z0 8494042 0.998851
8494045 Z0 8494043 0.000383
8494045 Z0 8494044 0.000383
8494045 Z0 8494045 0.000383
8494045 H 8483700 0.967829
8494045 H 8494045 0.005140
8494045 H 8483701 0.004505
8494045 H 8494044 0.004505
8494045 H 8483699 0.004505
8494045 H 8494043 0.004505
8494045 H 8483698 0.004505
8494045 H 8494042 0.004505
8494045 X2 8483700 0.999671
8494045 X2 8494045 0.000329
8494052 P2 8483699 0.997800
8494052 P2 8494052 0.002200
8494052 Z0 8514740 0.998851
8494052 Z0 8504396 0.000383
8494052 Z0 8483704 0.000383
8494052 Z0 8494052 0.000383
8494052 H 8494052 0.967829
8494052 H 8535422 0.005140
8494052 H 8483704 0.004505
8494052 H 8535421 0.004505
8494052 H 8504396 0.004505
8494052 H 8535424 0.004505
8494052 H 8514740 0.004505
8494052 H 8535423 0.004505
8494052 X2 8535422 0.999671
8494052 X2 8494052 0.000329
8504396 P2 8483700 0.997800
8504396 P2 8504396 0.002200
8504396 Z0 8483704 0.998851
8504396 Z0 8494052 0.000383
8504396 Z0 8514740 0.000383
8504396 Z0 8504396 0.000383
8504396 H 8535424 0.967829
8504396 H 8504396 0.005140
8504396 H 8535423 0.004505
8504396 H 8514740 0.004505
8504396 H 8535422 0.004505
8504396 H 8494052 0.004505
8504396 H 8535421 0.004505
8504396 H 8483704 0.004505
8504396 X2 8535424 0.999671
8504396 X2 8504396 0.000329
8514740 P2 8483701 0.997800
8514740 P2 8514740 0.002200
8514740 Z0 8494052 0.998851
8514740 Z0 8483704 0.000383
8514740 Z0 8504396 0.000383
8514740 Z0 8514740 0.000383
8514740 H 8535423 0.967829
8514740 H 8514740 0.005140
8514740 H 8535424 0.004505
8514740 H 8504396 0.004505
8514740 H 8535421 0.004505
8514740 H 8483704 0.004505
8514740 H 8535422 0.004505
8514740 H 8494052 0.004505
8514740 X2 8535423 0.999671
8514740 X2 8514740 0.000329
8535421 P2 8535421 0.989600
8535421 P2 8494042 0.010400
8535421 Z0 8535424 0.998851
8535421 Z0 8535423 0.000383
8535421 Z0 8535422 0.000383
8535421 Z0 8535421 0.000383
8535421 H 8535421 0.967829
8535421 H 8483704 0.005140
8535421 H 8535422 0.004505
8535421 H 8494052 0.004505
8535421 H 8535423 0.004505
8535421 H 8514740 0.004505
8535421 H 8535424 0.004505
8535421 H 8504396 0.004505
8535421 X2 8483704 0.999671
8535421 X2 8535421 0.000329
8535422 P2 8535422 0.989600
8535422 P2 8494043 0.010400
8535422 Z0 8535423 0.998851
8535422 Z0 8535424 0.000383
8535422 Z0 8535421 0.000383
8535422 Z0 8535422 0.000383
8535422 H 8535422 0.967829
8535422 H 8494052 0.005140
8535422 H 8535421 0.004505
8535422 H 8483704 0.004505
8535422 H 8535424 0.004505
8535422 H 8504396 0.004505
8535422 H 8535423 0.004505
8535422 H 8514740 0.004505
8535422 X2 8494052 0.999671
8535422 X2 8535422 0.000329
8535423 P2 8535423 0.989600
8535423 P2 8494044 0.010400
8535423 Z0 8535422 0.998851
8535423 Z0 8535421 0.000383
8535423 Z0 8535424 0.000383
8535423 Z0 8535423 0.000383
8535423 H 8514740 0.967829
8535423 H 8535423 0.005140
8535423 H 8504396 0.004505
8535423 H 8535424 0.004505
8535423 H 8483704 0.004505
8535423 H 8535421 0.004505
8535423 H 8494052 0.004505
8535423 H 8535422 0.004505
8535423 X2 8514740 0.999671
8535423 X2 8535423 0.000329
8535424 P2 8535424 0.989600
8535424 P2 8494045 0.010400
8535424 Z0 8535421 0.998851
8535424 Z0 8535422 0.000383
8535424 Z0 8535423 0.000383
8535424 Z0 8535424 0.000383
8535424 H 8504396 0.967829
8535424 H 8535424 0.005140
8535424 H 8514740 0.004505
8535424 H 8535423 0.004505
8535424 H 8494052 0.004505
8535424 H 8535422 0.004505
8535424 H 8483704 0.004505
8535424 H 8535421 0.004505
8535424 X2 8504396 0.999671
8535424 X2 8535424 0.000329
ENDPOMDP
