BEGINPOMDP
INITIALSTATE: 7862061
STATES: 7871776,7910585,7881480,7862061,7862062,7862063,7862064,7862065,7891184,7862068,7871766,7871767,7871768,7871769,7910586,7910587,7910588
REWARDS: 7871776:1.0,7910585:1.0,7881480:0.0,7862061:0.0,7862062:1.0,7862063:1.0,7862064:0.0,7862065:0.0,7891184:0.0,7862068:1.0,7871766:1.0,7871767:0.0,7871768:0.0,7871769:1.0,7910586:0.0,7910587:0.0,7910588:1.0
GAMMA: 7871776:1,7910585:1,7881480:1,7862061:0,7862062:0,7862063:0,7862064:0,7862065:0,7891184:1,7862068:1,7871766:0,7871767:0,7871768:0,7871769:0,7910586:1,7910587:1,7910588:1
BEGINACTIONS
P2
Z0
H
X2
ENDACTIONS
7862061 INIT_ 7862062 0.250000
7862061 INIT_ 7862063 0.250000
7862061 INIT_ 7862064 0.250000
7862061 INIT_ 7862065 0.250000
7862062 P2 7862062 0.945600
7862062 P2 7862068 0.054400
7862062 Z0 7862064 0.999212
7862062 Z0 7862065 0.000263
7862062 Z0 7862063 0.000263
7862062 Z0 7862062 0.000263
7862062 H 7862063 0.132991
7862062 H 7871766 0.132991
7862062 H 7862065 0.132991
7862062 H 7871767 0.132991
7862062 H 7862064 0.132991
7862062 H 7871768 0.132991
7862062 H 7862062 0.069097
7862062 H 7871769 0.132956
7862062 X2 7871769 0.999724
7862062 X2 7862062 0.000276
7862063 P2 7862063 0.945600
7862063 P2 7871776 0.054400
7862063 Z0 7862065 0.999212
7862063 Z0 7862064 0.000263
7862063 Z0 7862062 0.000263
7862063 Z0 7862063 0.000263
7862063 H 7862062 0.132991
7862063 H 7871769 0.132991
7862063 H 7862064 0.132991
7862063 H 7871768 0.132991
7862063 H 7862065 0.132991
7862063 H 7871767 0.132991
7862063 H 7862063 0.069097
7862063 H 7871766 0.132956
7862063 X2 7871766 0.999724
7862063 X2 7862063 0.000276
7862064 P2 7862064 0.945600
7862064 P2 7881480 0.054400
7862064 Z0 7862062 0.999212
7862064 Z0 7862063 0.000263
7862064 Z0 7862065 0.000263
7862064 Z0 7862064 0.000263
7862064 H 7871767 0.132991
7862064 H 7862065 0.132991
7862064 H 7871766 0.132991
7862064 H 7862063 0.132991
7862064 H 7871769 0.132991
7862064 H 7862062 0.132991
7862064 H 7871768 0.069097
7862064 H 7862064 0.132956
7862064 X2 7871768 0.999724
7862064 X2 7862064 0.000276
7862065 P2 7862065 0.945600
7862065 P2 7891184 0.054400
7862065 Z0 7862063 0.999212
7862065 Z0 7862062 0.000263
7862065 Z0 7862064 0.000263
7862065 Z0 7862065 0.000263
7862065 H 7871768 0.132991
7862065 H 7862064 0.132991
7862065 H 7871769 0.132991
7862065 H 7862062 0.132991
7862065 H 7871766 0.132991
7862065 H 7862063 0.132991
7862065 H 7871767 0.069097
7862065 H 7862065 0.132956
7862065 X2 7871767 0.999724
7862065 X2 7862065 0.000276
7862068 P2 7862062 0.945600
7862068 P2 7862068 0.054400
7862068 Z0 7881480 0.999212
7862068 Z0 7891184 0.000263
7862068 Z0 7871776 0.000263
7862068 Z0 7862068 0.000263
7862068 H 7871776 0.132991
7862068 H 7910585 0.132991
7862068 H 7891184 0.132991
7862068 H 7910586 0.132991
7862068 H 7881480 0.132991
7862068 H 7910587 0.132991
7862068 H 7862068 0.069097
7862068 H 7910588 0.132956
7862068 X2 7910588 0.999724
7862068 X2 7862068 0.000276
7871766 P2 7910585 0.945400
7871766 P2 7871766 0.054600
7871766 Z0 7871767 0.999212
7871766 Z0 7871768 0.000263
7871766 Z0 7871769 0.000263
7871766 Z0 7871766 0.000263
7871766 H 7871769 0.132991
7871766 H 7862062 0.132991
7871766 H 7871768 0.132991
7871766 H 7862064 0.132991
7871766 H 7871767 0.132991
7871766 H 7862065 0.132991
7871766 H 7871766 0.069097
7871766 H 7862063 0.132956
7871766 X2 7862063 0.999724
7871766 X2 7871766 0.000276
7871767 P2 7910586 0.945400
7871767 P2 7871767 0.054600
7871767 Z0 7871766 0.999212
7871767 Z0 7871769 0.000263
7871767 Z0 7871768 0.000263
7871767 Z0 7871767 0.000263
7871767 H 7862064 0.132991
7871767 H 7871768 0.132991
7871767 H 7862062 0.132991
7871767 H 7871769 0.132991
7871767 H 7862063 0.132991
7871767 H 7871766 0.132991
7871767 H 7862065 0.069097
7871767 H 7871767 0.132956
7871767 X2 7862065 0.999724
7871767 X2 7871767 0.000276
7871768 P2 7910587 0.945400
7871768 P2 7871768 0.054600
7871768 Z0 7871769 0.999212
7871768 Z0 7871766 0.000263
7871768 Z0 7871767 0.000263
7871768 Z0 7871768 0.000263
7871768 H 7862065 0.132991
7871768 H 7871767 0.132991
7871768 H 7862063 0.132991
7871768 H 7871766 0.132991
7871768 H 7862062 0.132991
7871768 H 7871769 0.132991
7871768 H 7862064 0.069097
7871768 H 7871768 0.132956
7871768 X2 7862064 0.999724
7871768 X2 7871768 0.000276
7871769 P2 7910588 0.945400
7871769 P2 7871769 0.054600
7871769 Z0 7871768 0.999212
7871769 Z0 7871767 0.000263
7871769 Z0 7871766 0.000263
7871769 Z0 7871769 0.000263
7871769 H 7871766 0.132991
7871769 H 7862063 0.132991
7871769 H 7871767 0.132991
7871769 H 7862065 0.132991
7871769 H 7871768 0.132991
7871769 H 7862064 0.132991
7871769 H 7871769 0.069097
7871769 H 7862062 0.132956
7871769 X2 7862062 0.999724
7871769 X2 7871769 0.000276
7871776 P2 7862063 0.945600
7871776 P2 7871776 0.054400
7871776 Z0 7891184 0.999212
7871776 Z0 7881480 0.000263
7871776 Z0 7862068 0.000263
7871776 Z0 7871776 0.000263
7871776 H 7862068 0.132991
7871776 H 7910588 0.132991
7871776 H 7881480 0.132991
7871776 H 7910587 0.132991
7871776 H 7891184 0.132991
7871776 H 7910586 0.132991
7871776 H 7871776 0.069097
7871776 H 7910585 0.132956
7871776 X2 7910585 0.999724
7871776 X2 7871776 0.000276
7881480 P2 7862064 0.945600
7881480 P2 7881480 0.054400
7881480 Z0 7862068 0.999212
7881480 Z0 7871776 0.000263
7881480 Z0 7891184 0.000263
7881480 Z0 7881480 0.000263
7881480 H 7910586 0.132991
7881480 H 7891184 0.132991
7881480 H 7910585 0.132991
7881480 H 7871776 0.132991
7881480 H 7910588 0.132991
7881480 H 7862068 0.132991
7881480 H 7910587 0.069097
7881480 H 7881480 0.132956
7881480 X2 7910587 0.999724
7881480 X2 7881480 0.000276
7891184 P2 7862065 0.945600
7891184 P2 7891184 0.054400
7891184 Z0 7871776 0.999212
7891184 Z0 7862068 0.000263
7891184 Z0 7881480 0.000263
7891184 Z0 7891184 0.000263
7891184 H 7910587 0.132991
7891184 H 7881480 0.132991
7891184 H 7910588 0.132991
7891184 H 7862068 0.132991
7891184 H 7910585 0.132991
7891184 H 7871776 0.132991
7891184 H 7910586 0.069097
7891184 H 7891184 0.132956
7891184 X2 7910586 0.999724
7891184 X2 7891184 0.000276
7910585 P2 7910585 0.945400
7910585 P2 7871766 0.054600
7910585 Z0 7910586 0.999212
7910585 Z0 7910587 0.000263
7910585 Z0 7910588 0.000263
7910585 Z0 7910585 0.000263
7910585 H 7910588 0.132991
7910585 H 7862068 0.132991
7910585 H 7910587 0.132991
7910585 H 7881480 0.132991
7910585 H 7910586 0.132991
7910585 H 7891184 0.132991
7910585 H 7910585 0.069097
7910585 H 7871776 0.132956
7910585 X2 7871776 0.999724
7910585 X2 7910585 0.000276
7910586 P2 7910586 0.945400
7910586 P2 7871767 0.054600
7910586 Z0 7910585 0.999212
7910586 Z0 7910588 0.000263
7910586 Z0 7910587 0.000263
7910586 Z0 7910586 0.000263
7910586 H 7881480 0.132991
7910586 H 7910587 0.132991
7910586 H 7862068 0.132991
7910586 H 7910588 0.132991
7910586 H 7871776 0.132991
7910586 H 7910585 0.132991
7910586 H 7891184 0.069097
7910586 H 7910586 0.132956
7910586 X2 7891184 0.999724
7910586 X2 7910586 0.000276
7910587 P2 7910587 0.945400
7910587 P2 7871768 0.054600
7910587 Z0 7910588 0.999212
7910587 Z0 7910585 0.000263
7910587 Z0 7910586 0.000263
7910587 Z0 7910587 0.000263
7910587 H 7891184 0.132991
7910587 H 7910586 0.132991
7910587 H 7871776 0.132991
7910587 H 7910585 0.132991
7910587 H 7862068 0.132991
7910587 H 7910588 0.132991
7910587 H 7881480 0.069097
7910587 H 7910587 0.132956
7910587 X2 7881480 0.999724
7910587 X2 7910587 0.000276
7910588 P2 7910588 0.945400
7910588 P2 7871769 0.054600
7910588 Z0 7910587 0.999212
7910588 Z0 7910586 0.000263
7910588 Z0 7910585 0.000263
7910588 Z0 7910588 0.000263
7910588 H 7910585 0.132991
7910588 H 7871776 0.132991
7910588 H 7910586 0.132991
7910588 H 7891184 0.132991
7910588 H 7910587 0.132991
7910588 H 7881480 0.132991
7910588 H 7910588 0.069097
7910588 H 7862068 0.132956
7910588 X2 7862068 0.999724
7910588 X2 7910588 0.000276
ENDPOMDP
