BEGINPOMDP
INITIALSTATE: 7200041
STATES: 7220740,7200041,7200042,7200043,7200044,7200045,7231084,7251767,7200048,7210386,7210387,7210388,7251765,7251766,7210389,7251768,7210396
REWARDS: 7220740:0.0,7200041:0.0,7200042:1.0,7200043:1.0,7200044:0.0,7200045:0.0,7231084:0.0,7251767:0.0,7200048:1.0,7210386:1.0,7210387:1.0,7210388:0.0,7251765:1.0,7251766:1.0,7210389:0.0,7251768:0.0,7210396:1.0
GAMMA: 7220740:1,7200041:0,7200042:0,7200043:0,7200044:0,7200045:0,7231084:1,7251767:1,7200048:1,7210386:0,7210387:0,7210388:0,7251765:1,7251766:1,7210389:0,7251768:1,7210396:1
BEGINACTIONS
P2
Z0
H
X2
ENDACTIONS
7200041 INIT_ 7200042 0.250000
7200041 INIT_ 7200043 0.250000
7200041 INIT_ 7200044 0.250000
7200041 INIT_ 7200045 0.250000
7200042 P2 7200042 0.970800
7200042 P2 7200048 0.029200
7200042 Z0 7200044 0.999119
7200042 Z0 7200045 0.000294
7200042 Z0 7200043 0.000294
7200042 Z0 7200042 0.000294
7200042 H 7200042 0.889111
7200042 H 7210386 0.023514
7200042 H 7200043 0.014562
7200042 H 7210387 0.014562
7200042 H 7200045 0.014562
7200042 H 7210388 0.014562
7200042 H 7200044 0.014562
7200042 H 7210389 0.014562
7200042 X2 7210386 0.994908
7200042 X2 7200042 0.005092
7200043 P2 7200043 0.970800
7200043 P2 7210396 0.029200
7200043 Z0 7200045 0.999119
7200043 Z0 7200044 0.000294
7200043 Z0 7200042 0.000294
7200043 Z0 7200043 0.000294
7200043 H 7200043 0.889111
7200043 H 7210387 0.023514
7200043 H 7200042 0.014562
7200043 H 7210386 0.014562
7200043 H 7200044 0.014562
7200043 H 7210389 0.014562
7200043 H 7200045 0.014562
7200043 H 7210388 0.014562
7200043 X2 7210387 0.994908
7200043 X2 7200043 0.005092
7200044 P2 7200044 0.970800
7200044 P2 7220740 0.029200
7200044 Z0 7200042 0.999119
7200044 Z0 7200043 0.000294
7200044 Z0 7200045 0.000294
7200044 Z0 7200044 0.000294
7200044 H 7210389 0.889111
7200044 H 7200044 0.023514
7200044 H 7210388 0.014562
7200044 H 7200045 0.014562
7200044 H 7210387 0.014562
7200044 H 7200043 0.014562
7200044 H 7210386 0.014562
7200044 H 7200042 0.014562
7200044 X2 7210389 0.994908
7200044 X2 7200044 0.005092
7200045 P2 7200045 0.970800
7200045 P2 7231084 0.029200
7200045 Z0 7200043 0.999119
7200045 Z0 7200042 0.000294
7200045 Z0 7200044 0.000294
7200045 Z0 7200045 0.000294
7200045 H 7210388 0.889111
7200045 H 7200045 0.023514
7200045 H 7210389 0.014562
7200045 H 7200044 0.014562
7200045 H 7210386 0.014562
7200045 H 7200042 0.014562
7200045 H 7210387 0.014562
7200045 H 7200043 0.014562
7200045 X2 7210388 0.994908
7200045 X2 7200045 0.005092
7200048 P2 7200042 0.970800
7200048 P2 7200048 0.029200
7200048 Z0 7220740 0.999119
7200048 Z0 7231084 0.000294
7200048 Z0 7210396 0.000294
7200048 Z0 7200048 0.000294
7200048 H 7200048 0.889111
7200048 H 7251765 0.023514
7200048 H 7210396 0.014562
7200048 H 7251766 0.014562
7200048 H 7231084 0.014562
7200048 H 7251767 0.014562
7200048 H 7220740 0.014562
7200048 H 7251768 0.014562
7200048 X2 7251765 0.994908
7200048 X2 7200048 0.005092
7210386 P2 7251765 0.855600
7210386 P2 7210386 0.144400
7210386 Z0 7210389 0.999119
7210386 Z0 7210388 0.000294
7210386 Z0 7210387 0.000294
7210386 Z0 7210386 0.000294
7210386 H 7210386 0.889111
7210386 H 7200042 0.023514
7210386 H 7210387 0.014562
7210386 H 7200043 0.014562
7210386 H 7210388 0.014562
7210386 H 7200045 0.014562
7210386 H 7210389 0.014562
7210386 H 7200044 0.014562
7210386 X2 7200042 0.994908
7210386 X2 7210386 0.005092
7210387 P2 7251766 0.855600
7210387 P2 7210387 0.144400
7210387 Z0 7210388 0.999119
7210387 Z0 7210389 0.000294
7210387 Z0 7210386 0.000294
7210387 Z0 7210387 0.000294
7210387 H 7210387 0.889111
7210387 H 7200043 0.023514
7210387 H 7210386 0.014562
7210387 H 7200042 0.014562
7210387 H 7210389 0.014562
7210387 H 7200044 0.014562
7210387 H 7210388 0.014562
7210387 H 7200045 0.014562
7210387 X2 7200043 0.994908
7210387 X2 7210387 0.005092
7210388 P2 7251767 0.855600
7210388 P2 7210388 0.144400
7210388 Z0 7210387 0.999119
7210388 Z0 7210386 0.000294
7210388 Z0 7210389 0.000294
7210388 Z0 7210388 0.000294
7210388 H 7200045 0.889111
7210388 H 7210388 0.023514
7210388 H 7200044 0.014562
7210388 H 7210389 0.014562
7210388 H 7200042 0.014562
7210388 H 7210386 0.014562
7210388 H 7200043 0.014562
7210388 H 7210387 0.014562
7210388 X2 7200045 0.994908
7210388 X2 7210388 0.005092
7210389 P2 7251768 0.855600
7210389 P2 7210389 0.144400
7210389 Z0 7210386 0.999119
7210389 Z0 7210387 0.000294
7210389 Z0 7210388 0.000294
7210389 Z0 7210389 0.000294
7210389 H 7200044 0.889111
7210389 H 7210389 0.023514
7210389 H 7200045 0.014562
7210389 H 7210388 0.014562
7210389 H 7200043 0.014562
7210389 H 7210387 0.014562
7210389 H 7200042 0.014562
7210389 H 7210386 0.014562
7210389 X2 7200044 0.994908
7210389 X2 7210389 0.005092
7210396 P2 7200043 0.970800
7210396 P2 7210396 0.029200
7210396 Z0 7231084 0.999119
7210396 Z0 7220740 0.000294
7210396 Z0 7200048 0.000294
7210396 Z0 7210396 0.000294
7210396 H 7210396 0.889111
7210396 H 7251766 0.023514
7210396 H 7200048 0.014562
7210396 H 7251765 0.014562
7210396 H 7220740 0.014562
7210396 H 7251768 0.014562
7210396 H 7231084 0.014562
7210396 H 7251767 0.014562
7210396 X2 7251766 0.994908
7210396 X2 7210396 0.005092
7220740 P2 7200044 0.970800
7220740 P2 7220740 0.029200
7220740 Z0 7200048 0.999119
7220740 Z0 7210396 0.000294
7220740 Z0 7231084 0.000294
7220740 Z0 7220740 0.000294
7220740 H 7251768 0.889111
7220740 H 7220740 0.023514
7220740 H 7251767 0.014562
7220740 H 7231084 0.014562
7220740 H 7251766 0.014562
7220740 H 7210396 0.014562
7220740 H 7251765 0.014562
7220740 H 7200048 0.014562
7220740 X2 7251768 0.994908
7220740 X2 7220740 0.005092
7231084 P2 7200045 0.970800
7231084 P2 7231084 0.029200
7231084 Z0 7210396 0.999119
7231084 Z0 7200048 0.000294
7231084 Z0 7220740 0.000294
7231084 Z0 7231084 0.000294
7231084 H 7251767 0.889111
7231084 H 7231084 0.023514
7231084 H 7251768 0.014562
7231084 H 7220740 0.014562
7231084 H 7251765 0.014562
7231084 H 7200048 0.014562
7231084 H 7251766 0.014562
7231084 H 7210396 0.014562
7231084 X2 7251767 0.994908
7231084 X2 7231084 0.005092
7251765 P2 7251765 0.855600
7251765 P2 7210386 0.144400
7251765 Z0 7251768 0.999119
7251765 Z0 7251767 0.000294
7251765 Z0 7251766 0.000294
7251765 Z0 7251765 0.000294
7251765 H 7251765 0.889111
7251765 H 7200048 0.023514
7251765 H 7251766 0.014562
7251765 H 7210396 0.014562
7251765 H 7251767 0.014562
7251765 H 7231084 0.014562
7251765 H 7251768 0.014562
7251765 H 7220740 0.014562
7251765 X2 7200048 0.994908
7251765 X2 7251765 0.005092
7251766 P2 7251766 0.855600
7251766 P2 7210387 0.144400
7251766 Z0 7251767 0.999119
7251766 Z0 7251768 0.000294
7251766 Z0 7251765 0.000294
7251766 Z0 7251766 0.000294
7251766 H 7251766 0.889111
7251766 H 7210396 0.023514
7251766 H 7251765 0.014562
7251766 H 7200048 0.014562
7251766 H 7251768 0.014562
7251766 H 7220740 0.014562
7251766 H 7251767 0.014562
7251766 H 7231084 0.014562
7251766 X2 7210396 0.994908
7251766 X2 7251766 0.005092
7251767 P2 7251767 0.855600
7251767 P2 7210388 0.144400
7251767 Z0 7251766 0.999119
7251767 Z0 7251765 0.000294
7251767 Z0 7251768 0.000294
7251767 Z0 7251767 0.000294
7251767 H 7231084 0.889111
7251767 H 7251767 0.023514
7251767 H 7220740 0.014562
7251767 H 7251768 0.014562
7251767 H 7200048 0.014562
7251767 H 7251765 0.014562
7251767 H 7210396 0.014562
7251767 H 7251766 0.014562
7251767 X2 7231084 0.994908
7251767 X2 7251767 0.005092
7251768 P2 7251768 0.855600
7251768 P2 7210389 0.144400
7251768 Z0 7251765 0.999119
7251768 Z0 7251766 0.000294
7251768 Z0 7251767 0.000294
7251768 Z0 7251768 0.000294
7251768 H 7220740 0.889111
7251768 H 7251768 0.023514
7251768 H 7231084 0.014562
7251768 H 7251767 0.014562
7251768 H 7210396 0.014562
7251768 H 7251766 0.014562
7251768 H 7200048 0.014562
7251768 H 7251765 0.014562
7251768 X2 7220740 0.994908
7251768 X2 7251768 0.005092
ENDPOMDP
