BEGINPOMDP
INITIALSTATE: 3706732
STATES: 3706732,3706733,3706734,3706735,3706736,3706753,3706754,3706755,3706756,3706757,3706758,3706759,3706760,3706779,3706818,3706857,3706896,3706917,3706918,3706919,3706920,3707209,3707210,3707211,3707212,3707213,3707214,3707215,3707216,3707387,3707426,3707465,3707504
TARGETV: 3706733,3706735,3706779,3706857,3706917,3706920,3707387,3707504
GAMMA: 3706732:0,3706733:0,3706734:0,3706735:0,3706736:0,3706753:0,3706754:0,3706755:0,3706756:0,3706757:0,3706758:0,3706759:0,3706760:0,3706779:1,3706818:1,3706857:1,3706896:1,3706917:0,3706918:0,3706919:0,3706920:0,3707209:1,3707210:1,3707211:1,3707212:1,3707213:1,3707214:1,3707215:1,3707216:1,3707387:1,3707426:1,3707465:1,3707504:1
BEGINACTIONS
CX02
CX12
P2
X0
ENDACTIONS
3706732 INIT_ 3706733 0.250000
3706732 INIT_ 3706734 0.250000
3706732 INIT_ 3706735 0.250000
3706732 INIT_ 3706736 0.250000
3706733 CX02 3706753 0.989654
3706733 CX02 3706754 0.001478
3706733 CX02 3706755 0.001478
3706733 CX02 3706756 0.001478
3706733 CX02 3706757 0.001478
3706733 CX02 3706758 0.001478
3706733 CX02 3706759 0.001478
3706733 CX02 3706760 0.001478
3706733 CX12 3706753 0.989272
3706733 CX12 3706754 0.001533
3706733 CX12 3706755 0.001533
3706733 CX12 3706756 0.001533
3706733 CX12 3706758 0.001533
3706733 CX12 3706757 0.001533
3706733 CX12 3706760 0.001533
3706733 CX12 3706759 0.001533
3706733 P2 3706733 0.970200
3706733 P2 3706779 0.029800
3706733 X0 3706734 0.999428
3706733 X0 3706733 0.000191
3706733 X0 3706735 0.000191
3706733 X0 3706736 0.000191
3706734 CX02 3706758 0.989654
3706734 CX02 3706757 0.001478
3706734 CX02 3706760 0.001478
3706734 CX02 3706759 0.001478
3706734 CX02 3706754 0.001478
3706734 CX02 3706753 0.001478
3706734 CX02 3706756 0.001478
3706734 CX02 3706755 0.001478
3706734 CX12 3706757 0.989272
3706734 CX12 3706758 0.001533
3706734 CX12 3706759 0.001533
3706734 CX12 3706760 0.001533
3706734 CX12 3706754 0.001533
3706734 CX12 3706753 0.001533
3706734 CX12 3706756 0.001533
3706734 CX12 3706755 0.001533
3706734 P2 3706734 0.970200
3706734 P2 3706818 0.029800
3706734 X0 3706733 0.999428
3706734 X0 3706734 0.000191
3706734 X0 3706736 0.000191
3706734 X0 3706735 0.000191
3706735 CX02 3706756 0.989654
3706735 CX02 3706755 0.001478
3706735 CX02 3706754 0.001478
3706735 CX02 3706753 0.001478
3706735 CX02 3706760 0.001478
3706735 CX02 3706759 0.001478
3706735 CX02 3706758 0.001478
3706735 CX02 3706757 0.001478
3706735 CX12 3706756 0.989272
3706735 CX12 3706755 0.001533
3706735 CX12 3706754 0.001533
3706735 CX12 3706753 0.001533
3706735 CX12 3706759 0.001533
3706735 CX12 3706760 0.001533
3706735 CX12 3706757 0.001533
3706735 CX12 3706758 0.001533
3706735 P2 3706735 0.970200
3706735 P2 3706857 0.029800
3706735 X0 3706736 0.999428
3706735 X0 3706735 0.000191
3706735 X0 3706733 0.000191
3706735 X0 3706734 0.000191
3706736 CX02 3706759 0.989654
3706736 CX02 3706760 0.001478
3706736 CX02 3706757 0.001478
3706736 CX02 3706758 0.001478
3706736 CX02 3706755 0.001478
3706736 CX02 3706756 0.001478
3706736 CX02 3706753 0.001478
3706736 CX02 3706754 0.001478
3706736 CX12 3706760 0.989272
3706736 CX12 3706759 0.001533
3706736 CX12 3706758 0.001533
3706736 CX12 3706757 0.001533
3706736 CX12 3706755 0.001533
3706736 CX12 3706756 0.001533
3706736 CX12 3706753 0.001533
3706736 CX12 3706754 0.001533
3706736 P2 3706736 0.970200
3706736 P2 3706896 0.029800
3706736 X0 3706735 0.999428
3706736 X0 3706736 0.000191
3706736 X0 3706734 0.000191
3706736 X0 3706733 0.000191
3706753 CX02 3706733 0.989654
3706753 CX02 3706917 0.001478
3706753 CX02 3706734 0.001478
3706753 CX02 3706918 0.001478
3706753 CX02 3706736 0.001478
3706753 CX02 3706919 0.001478
3706753 CX02 3706735 0.001478
3706753 CX02 3706920 0.001478
3706753 CX12 3706733 0.989272
3706753 CX12 3706917 0.001533
3706753 CX12 3706734 0.001533
3706753 CX12 3706918 0.001533
3706753 CX12 3706736 0.001533
3706753 CX12 3706919 0.001533
3706753 CX12 3706735 0.001533
3706753 CX12 3706920 0.001533
3706753 X0 3706757 0.999428
3706753 X0 3706753 0.000191
3706753 X0 3706756 0.000191
3706753 X0 3706760 0.000191
3706754 CX02 3706917 0.989654
3706754 CX02 3706733 0.001478
3706754 CX02 3706918 0.001478
3706754 CX02 3706734 0.001478
3706754 CX02 3706919 0.001478
3706754 CX02 3706736 0.001478
3706754 CX02 3706920 0.001478
3706754 CX02 3706735 0.001478
3706754 CX12 3706917 0.989272
3706754 CX12 3706733 0.001533
3706754 CX12 3706918 0.001533
3706754 CX12 3706734 0.001533
3706754 CX12 3706919 0.001533
3706754 CX12 3706736 0.001533
3706754 CX12 3706920 0.001533
3706754 CX12 3706735 0.001533
3706754 X0 3706758 0.999428
3706754 X0 3706754 0.000191
3706754 X0 3706755 0.000191
3706754 X0 3706759 0.000191
3706755 CX02 3706920 0.989654
3706755 CX02 3706735 0.001478
3706755 CX02 3706919 0.001478
3706755 CX02 3706736 0.001478
3706755 CX02 3706918 0.001478
3706755 CX02 3706734 0.001478
3706755 CX02 3706917 0.001478
3706755 CX02 3706733 0.001478
3706755 CX12 3706920 0.989272
3706755 CX12 3706735 0.001533
3706755 CX12 3706919 0.001533
3706755 CX12 3706736 0.001533
3706755 CX12 3706918 0.001533
3706755 CX12 3706734 0.001533
3706755 CX12 3706917 0.001533
3706755 CX12 3706733 0.001533
3706755 X0 3706759 0.999428
3706755 X0 3706755 0.000191
3706755 X0 3706754 0.000191
3706755 X0 3706758 0.000191
3706756 CX02 3706735 0.989654
3706756 CX02 3706920 0.001478
3706756 CX02 3706736 0.001478
3706756 CX02 3706919 0.001478
3706756 CX02 3706734 0.001478
3706756 CX02 3706918 0.001478
3706756 CX02 3706733 0.001478
3706756 CX02 3706917 0.001478
3706756 CX12 3706735 0.989272
3706756 CX12 3706920 0.001533
3706756 CX12 3706736 0.001533
3706756 CX12 3706919 0.001533
3706756 CX12 3706734 0.001533
3706756 CX12 3706918 0.001533
3706756 CX12 3706733 0.001533
3706756 CX12 3706917 0.001533
3706756 X0 3706760 0.999428
3706756 X0 3706756 0.000191
3706756 X0 3706753 0.000191
3706756 X0 3706757 0.000191
3706757 CX02 3706918 0.989654
3706757 CX02 3706734 0.001478
3706757 CX02 3706917 0.001478
3706757 CX02 3706733 0.001478
3706757 CX02 3706920 0.001478
3706757 CX02 3706735 0.001478
3706757 CX02 3706919 0.001478
3706757 CX02 3706736 0.001478
3706757 CX12 3706734 0.989272
3706757 CX12 3706918 0.001533
3706757 CX12 3706733 0.001533
3706757 CX12 3706917 0.001533
3706757 CX12 3706735 0.001533
3706757 CX12 3706920 0.001533
3706757 CX12 3706736 0.001533
3706757 CX12 3706919 0.001533
3706757 X0 3706753 0.999428
3706757 X0 3706757 0.000191
3706757 X0 3706760 0.000191
3706757 X0 3706756 0.000191
3706758 CX02 3706734 0.989654
3706758 CX02 3706918 0.001478
3706758 CX02 3706733 0.001478
3706758 CX02 3706917 0.001478
3706758 CX02 3706735 0.001478
3706758 CX02 3706920 0.001478
3706758 CX02 3706736 0.001478
3706758 CX02 3706919 0.001478
3706758 CX12 3706918 0.989272
3706758 CX12 3706734 0.001533
3706758 CX12 3706917 0.001533
3706758 CX12 3706733 0.001533
3706758 CX12 3706920 0.001533
3706758 CX12 3706735 0.001533
3706758 CX12 3706919 0.001533
3706758 CX12 3706736 0.001533
3706758 X0 3706754 0.999428
3706758 X0 3706758 0.000191
3706758 X0 3706759 0.000191
3706758 X0 3706755 0.000191
3706759 CX02 3706736 0.989654
3706759 CX02 3706919 0.001478
3706759 CX02 3706735 0.001478
3706759 CX02 3706920 0.001478
3706759 CX02 3706733 0.001478
3706759 CX02 3706917 0.001478
3706759 CX02 3706734 0.001478
3706759 CX02 3706918 0.001478
3706759 CX12 3706919 0.989272
3706759 CX12 3706736 0.001533
3706759 CX12 3706920 0.001533
3706759 CX12 3706735 0.001533
3706759 CX12 3706917 0.001533
3706759 CX12 3706733 0.001533
3706759 CX12 3706918 0.001533
3706759 CX12 3706734 0.001533
3706759 X0 3706755 0.999428
3706759 X0 3706759 0.000191
3706759 X0 3706758 0.000191
3706759 X0 3706754 0.000191
3706760 CX02 3706919 0.989654
3706760 CX02 3706736 0.001478
3706760 CX02 3706920 0.001478
3706760 CX02 3706735 0.001478
3706760 CX02 3706917 0.001478
3706760 CX02 3706733 0.001478
3706760 CX02 3706918 0.001478
3706760 CX02 3706734 0.001478
3706760 CX12 3706736 0.989272
3706760 CX12 3706919 0.001533
3706760 CX12 3706735 0.001533
3706760 CX12 3706920 0.001533
3706760 CX12 3706733 0.001533
3706760 CX12 3706917 0.001533
3706760 CX12 3706734 0.001533
3706760 CX12 3706918 0.001533
3706760 X0 3706756 0.999428
3706760 X0 3706760 0.000191
3706760 X0 3706757 0.000191
3706760 X0 3706753 0.000191
3706779 CX02 3707209 0.989654
3706779 CX02 3707210 0.001478
3706779 CX02 3707211 0.001478
3706779 CX02 3707212 0.001478
3706779 CX02 3707213 0.001478
3706779 CX02 3707214 0.001478
3706779 CX02 3707215 0.001478
3706779 CX02 3707216 0.001478
3706779 CX12 3707209 0.989272
3706779 CX12 3707210 0.001533
3706779 CX12 3707211 0.001533
3706779 CX12 3707212 0.001533
3706779 CX12 3707214 0.001533
3706779 CX12 3707213 0.001533
3706779 CX12 3707216 0.001533
3706779 CX12 3707215 0.001533
3706779 P2 3706733 0.970200
3706779 P2 3706779 0.029800
3706779 X0 3706818 0.999428
3706779 X0 3706779 0.000191
3706779 X0 3706857 0.000191
3706779 X0 3706896 0.000191
3706818 CX02 3707214 0.989654
3706818 CX02 3707213 0.001478
3706818 CX02 3707216 0.001478
3706818 CX02 3707215 0.001478
3706818 CX02 3707210 0.001478
3706818 CX02 3707209 0.001478
3706818 CX02 3707212 0.001478
3706818 CX02 3707211 0.001478
3706818 CX12 3707213 0.989272
3706818 CX12 3707214 0.001533
3706818 CX12 3707215 0.001533
3706818 CX12 3707216 0.001533
3706818 CX12 3707210 0.001533
3706818 CX12 3707209 0.001533
3706818 CX12 3707212 0.001533
3706818 CX12 3707211 0.001533
3706818 P2 3706734 0.970200
3706818 P2 3706818 0.029800
3706818 X0 3706779 0.999428
3706818 X0 3706818 0.000191
3706818 X0 3706896 0.000191
3706818 X0 3706857 0.000191
3706857 CX02 3707212 0.989654
3706857 CX02 3707211 0.001478
3706857 CX02 3707210 0.001478
3706857 CX02 3707209 0.001478
3706857 CX02 3707216 0.001478
3706857 CX02 3707215 0.001478
3706857 CX02 3707214 0.001478
3706857 CX02 3707213 0.001478
3706857 CX12 3707212 0.989272
3706857 CX12 3707211 0.001533
3706857 CX12 3707210 0.001533
3706857 CX12 3707209 0.001533
3706857 CX12 3707215 0.001533
3706857 CX12 3707216 0.001533
3706857 CX12 3707213 0.001533
3706857 CX12 3707214 0.001533
3706857 P2 3706735 0.970200
3706857 P2 3706857 0.029800
3706857 X0 3706896 0.999428
3706857 X0 3706857 0.000191
3706857 X0 3706779 0.000191
3706857 X0 3706818 0.000191
3706896 CX02 3707215 0.989654
3706896 CX02 3707216 0.001478
3706896 CX02 3707213 0.001478
3706896 CX02 3707214 0.001478
3706896 CX02 3707211 0.001478
3706896 CX02 3707212 0.001478
3706896 CX02 3707209 0.001478
3706896 CX02 3707210 0.001478
3706896 CX12 3707216 0.989272
3706896 CX12 3707215 0.001533
3706896 CX12 3707214 0.001533
3706896 CX12 3707213 0.001533
3706896 CX12 3707211 0.001533
3706896 CX12 3707212 0.001533
3706896 CX12 3707209 0.001533
3706896 CX12 3707210 0.001533
3706896 P2 3706736 0.970200
3706896 P2 3706896 0.029800
3706896 X0 3706857 0.999428
3706896 X0 3706896 0.000191
3706896 X0 3706818 0.000191
3706896 X0 3706779 0.000191
3706917 CX02 3706754 0.989654
3706917 CX02 3706753 0.001478
3706917 CX02 3706756 0.001478
3706917 CX02 3706755 0.001478
3706917 CX02 3706758 0.001478
3706917 CX02 3706757 0.001478
3706917 CX02 3706760 0.001478
3706917 CX02 3706759 0.001478
3706917 CX12 3706754 0.989272
3706917 CX12 3706753 0.001533
3706917 CX12 3706756 0.001533
3706917 CX12 3706755 0.001533
3706917 CX12 3706757 0.001533
3706917 CX12 3706758 0.001533
3706917 CX12 3706759 0.001533
3706917 CX12 3706760 0.001533
3706917 P2 3707387 0.908800
3706917 P2 3706917 0.091200
3706917 X0 3706918 0.999428
3706917 X0 3706917 0.000191
3706917 X0 3706920 0.000191
3706917 X0 3706919 0.000191
3706918 CX02 3706757 0.989654
3706918 CX02 3706758 0.001478
3706918 CX02 3706759 0.001478
3706918 CX02 3706760 0.001478
3706918 CX02 3706753 0.001478
3706918 CX02 3706754 0.001478
3706918 CX02 3706755 0.001478
3706918 CX02 3706756 0.001478
3706918 CX12 3706758 0.989272
3706918 CX12 3706757 0.001533
3706918 CX12 3706760 0.001533
3706918 CX12 3706759 0.001533
3706918 CX12 3706753 0.001533
3706918 CX12 3706754 0.001533
3706918 CX12 3706755 0.001533
3706918 CX12 3706756 0.001533
3706918 P2 3707426 0.908800
3706918 P2 3706918 0.091200
3706918 X0 3706917 0.999428
3706918 X0 3706918 0.000191
3706918 X0 3706919 0.000191
3706918 X0 3706920 0.000191
3706919 CX02 3706760 0.989654
3706919 CX02 3706759 0.001478
3706919 CX02 3706758 0.001478
3706919 CX02 3706757 0.001478
3706919 CX02 3706756 0.001478
3706919 CX02 3706755 0.001478
3706919 CX02 3706754 0.001478
3706919 CX02 3706753 0.001478
3706919 CX12 3706759 0.989272
3706919 CX12 3706760 0.001533
3706919 CX12 3706757 0.001533
3706919 CX12 3706758 0.001533
3706919 CX12 3706756 0.001533
3706919 CX12 3706755 0.001533
3706919 CX12 3706754 0.001533
3706919 CX12 3706753 0.001533
3706919 P2 3707465 0.908800
3706919 P2 3706919 0.091200
3706919 X0 3706920 0.999428
3706919 X0 3706919 0.000191
3706919 X0 3706918 0.000191
3706919 X0 3706917 0.000191
3706920 CX02 3706755 0.989654
3706920 CX02 3706756 0.001478
3706920 CX02 3706753 0.001478
3706920 CX02 3706754 0.001478
3706920 CX02 3706759 0.001478
3706920 CX02 3706760 0.001478
3706920 CX02 3706757 0.001478
3706920 CX02 3706758 0.001478
3706920 CX12 3706755 0.989272
3706920 CX12 3706756 0.001533
3706920 CX12 3706753 0.001533
3706920 CX12 3706754 0.001533
3706920 CX12 3706760 0.001533
3706920 CX12 3706759 0.001533
3706920 CX12 3706758 0.001533
3706920 CX12 3706757 0.001533
3706920 P2 3707504 0.908800
3706920 P2 3706920 0.091200
3706920 X0 3706919 0.999428
3706920 X0 3706920 0.000191
3706920 X0 3706917 0.000191
3706920 X0 3706918 0.000191
3707209 CX02 3706779 0.989654
3707209 CX02 3707387 0.001478
3707209 CX02 3706818 0.001478
3707209 CX02 3707426 0.001478
3707209 CX02 3706896 0.001478
3707209 CX02 3707465 0.001478
3707209 CX02 3706857 0.001478
3707209 CX02 3707504 0.001478
3707209 CX12 3706779 0.989272
3707209 CX12 3707387 0.001533
3707209 CX12 3706818 0.001533
3707209 CX12 3707426 0.001533
3707209 CX12 3706896 0.001533
3707209 CX12 3707465 0.001533
3707209 CX12 3706857 0.001533
3707209 CX12 3707504 0.001533
3707209 X0 3707213 0.999428
3707209 X0 3707209 0.000191
3707209 X0 3707212 0.000191
3707209 X0 3707216 0.000191
3707210 CX02 3707387 0.989654
3707210 CX02 3706779 0.001478
3707210 CX02 3707426 0.001478
3707210 CX02 3706818 0.001478
3707210 CX02 3707465 0.001478
3707210 CX02 3706896 0.001478
3707210 CX02 3707504 0.001478
3707210 CX02 3706857 0.001478
3707210 CX12 3707387 0.989272
3707210 CX12 3706779 0.001533
3707210 CX12 3707426 0.001533
3707210 CX12 3706818 0.001533
3707210 CX12 3707465 0.001533
3707210 CX12 3706896 0.001533
3707210 CX12 3707504 0.001533
3707210 CX12 3706857 0.001533
3707210 X0 3707214 0.999428
3707210 X0 3707210 0.000191
3707210 X0 3707211 0.000191
3707210 X0 3707215 0.000191
3707211 CX02 3707504 0.989654
3707211 CX02 3706857 0.001478
3707211 CX02 3707465 0.001478
3707211 CX02 3706896 0.001478
3707211 CX02 3707426 0.001478
3707211 CX02 3706818 0.001478
3707211 CX02 3707387 0.001478
3707211 CX02 3706779 0.001478
3707211 CX12 3707504 0.989272
3707211 CX12 3706857 0.001533
3707211 CX12 3707465 0.001533
3707211 CX12 3706896 0.001533
3707211 CX12 3707426 0.001533
3707211 CX12 3706818 0.001533
3707211 CX12 3707387 0.001533
3707211 CX12 3706779 0.001533
3707211 X0 3707215 0.999428
3707211 X0 3707211 0.000191
3707211 X0 3707210 0.000191
3707211 X0 3707214 0.000191
3707212 CX02 3706857 0.989654
3707212 CX02 3707504 0.001478
3707212 CX02 3706896 0.001478
3707212 CX02 3707465 0.001478
3707212 CX02 3706818 0.001478
3707212 CX02 3707426 0.001478
3707212 CX02 3706779 0.001478
3707212 CX02 3707387 0.001478
3707212 CX12 3706857 0.989272
3707212 CX12 3707504 0.001533
3707212 CX12 3706896 0.001533
3707212 CX12 3707465 0.001533
3707212 CX12 3706818 0.001533
3707212 CX12 3707426 0.001533
3707212 CX12 3706779 0.001533
3707212 CX12 3707387 0.001533
3707212 X0 3707216 0.999428
3707212 X0 3707212 0.000191
3707212 X0 3707209 0.000191
3707212 X0 3707213 0.000191
3707213 CX02 3707426 0.989654
3707213 CX02 3706818 0.001478
3707213 CX02 3707387 0.001478
3707213 CX02 3706779 0.001478
3707213 CX02 3707504 0.001478
3707213 CX02 3706857 0.001478
3707213 CX02 3707465 0.001478
3707213 CX02 3706896 0.001478
3707213 CX12 3706818 0.989272
3707213 CX12 3707426 0.001533
3707213 CX12 3706779 0.001533
3707213 CX12 3707387 0.001533
3707213 CX12 3706857 0.001533
3707213 CX12 3707504 0.001533
3707213 CX12 3706896 0.001533
3707213 CX12 3707465 0.001533
3707213 X0 3707209 0.999428
3707213 X0 3707213 0.000191
3707213 X0 3707216 0.000191
3707213 X0 3707212 0.000191
3707214 CX02 3706818 0.989654
3707214 CX02 3707426 0.001478
3707214 CX02 3706779 0.001478
3707214 CX02 3707387 0.001478
3707214 CX02 3706857 0.001478
3707214 CX02 3707504 0.001478
3707214 CX02 3706896 0.001478
3707214 CX02 3707465 0.001478
3707214 CX12 3707426 0.989272
3707214 CX12 3706818 0.001533
3707214 CX12 3707387 0.001533
3707214 CX12 3706779 0.001533
3707214 CX12 3707504 0.001533
3707214 CX12 3706857 0.001533
3707214 CX12 3707465 0.001533
3707214 CX12 3706896 0.001533
3707214 X0 3707210 0.999428
3707214 X0 3707214 0.000191
3707214 X0 3707215 0.000191
3707214 X0 3707211 0.000191
3707215 CX02 3706896 0.989654
3707215 CX02 3707465 0.001478
3707215 CX02 3706857 0.001478
3707215 CX02 3707504 0.001478
3707215 CX02 3706779 0.001478
3707215 CX02 3707387 0.001478
3707215 CX02 3706818 0.001478
3707215 CX02 3707426 0.001478
3707215 CX12 3707465 0.989272
3707215 CX12 3706896 0.001533
3707215 CX12 3707504 0.001533
3707215 CX12 3706857 0.001533
3707215 CX12 3707387 0.001533
3707215 CX12 3706779 0.001533
3707215 CX12 3707426 0.001533
3707215 CX12 3706818 0.001533
3707215 X0 3707211 0.999428
3707215 X0 3707215 0.000191
3707215 X0 3707214 0.000191
3707215 X0 3707210 0.000191
3707216 CX02 3707465 0.989654
3707216 CX02 3706896 0.001478
3707216 CX02 3707504 0.001478
3707216 CX02 3706857 0.001478
3707216 CX02 3707387 0.001478
3707216 CX02 3706779 0.001478
3707216 CX02 3707426 0.001478
3707216 CX02 3706818 0.001478
3707216 CX12 3706896 0.989272
3707216 CX12 3707465 0.001533
3707216 CX12 3706857 0.001533
3707216 CX12 3707504 0.001533
3707216 CX12 3706779 0.001533
3707216 CX12 3707387 0.001533
3707216 CX12 3706818 0.001533
3707216 CX12 3707426 0.001533
3707216 X0 3707212 0.999428
3707216 X0 3707216 0.000191
3707216 X0 3707213 0.000191
3707216 X0 3707209 0.000191
3707387 CX02 3707210 0.989654
3707387 CX02 3707209 0.001478
3707387 CX02 3707212 0.001478
3707387 CX02 3707211 0.001478
3707387 CX02 3707214 0.001478
3707387 CX02 3707213 0.001478
3707387 CX02 3707216 0.001478
3707387 CX02 3707215 0.001478
3707387 CX12 3707210 0.989272
3707387 CX12 3707209 0.001533
3707387 CX12 3707212 0.001533
3707387 CX12 3707211 0.001533
3707387 CX12 3707213 0.001533
3707387 CX12 3707214 0.001533
3707387 CX12 3707215 0.001533
3707387 CX12 3707216 0.001533
3707387 P2 3707387 0.908800
3707387 P2 3706917 0.091200
3707387 X0 3707426 0.999428
3707387 X0 3707387 0.000191
3707387 X0 3707504 0.000191
3707387 X0 3707465 0.000191
3707426 CX02 3707213 0.989654
3707426 CX02 3707214 0.001478
3707426 CX02 3707215 0.001478
3707426 CX02 3707216 0.001478
3707426 CX02 3707209 0.001478
3707426 CX02 3707210 0.001478
3707426 CX02 3707211 0.001478
3707426 CX02 3707212 0.001478
3707426 CX12 3707214 0.989272
3707426 CX12 3707213 0.001533
3707426 CX12 3707216 0.001533
3707426 CX12 3707215 0.001533
3707426 CX12 3707209 0.001533
3707426 CX12 3707210 0.001533
3707426 CX12 3707211 0.001533
3707426 CX12 3707212 0.001533
3707426 P2 3707426 0.908800
3707426 P2 3706918 0.091200
3707426 X0 3707387 0.999428
3707426 X0 3707426 0.000191
3707426 X0 3707465 0.000191
3707426 X0 3707504 0.000191
3707465 CX02 3707216 0.989654
3707465 CX02 3707215 0.001478
3707465 CX02 3707214 0.001478
3707465 CX02 3707213 0.001478
3707465 CX02 3707212 0.001478
3707465 CX02 3707211 0.001478
3707465 CX02 3707210 0.001478
3707465 CX02 3707209 0.001478
3707465 CX12 3707215 0.989272
3707465 CX12 3707216 0.001533
3707465 CX12 3707213 0.001533
3707465 CX12 3707214 0.001533
3707465 CX12 3707212 0.001533
3707465 CX12 3707211 0.001533
3707465 CX12 3707210 0.001533
3707465 CX12 3707209 0.001533
3707465 P2 3707465 0.908800
3707465 P2 3706919 0.091200
3707465 X0 3707504 0.999428
3707465 X0 3707465 0.000191
3707465 X0 3707426 0.000191
3707465 X0 3707387 0.000191
3707504 CX02 3707211 0.989654
3707504 CX02 3707212 0.001478
3707504 CX02 3707209 0.001478
3707504 CX02 3707210 0.001478
3707504 CX02 3707215 0.001478
3707504 CX02 3707216 0.001478
3707504 CX02 3707213 0.001478
3707504 CX02 3707214 0.001478
3707504 CX12 3707211 0.989272
3707504 CX12 3707212 0.001533
3707504 CX12 3707209 0.001533
3707504 CX12 3707210 0.001533
3707504 CX12 3707216 0.001533
3707504 CX12 3707215 0.001533
3707504 CX12 3707214 0.001533
3707504 CX12 3707213 0.001533
3707504 P2 3707504 0.908800
3707504 P2 3706920 0.091200
3707504 X0 3707465 0.999428
3707504 X0 3707504 0.000191
3707504 X0 3707387 0.000191
3707504 X0 3707426 0.000191
ENDPOMDP
