BEGINPOMDP
INITIALSTATE: 315703
STATES: 316835,316552,315980,315981,315982,315983,317967,316269,315986,317684,315703,315704,315705,315706,315707,317401,317118
REWARDS: 316835:0.0,316552:1.0,315980:1.0,315981:0.0,315982:0.0,315983:1.0,317967:1.0,316269:0.0,315986:1.0,317684:0.0,315703:0.0,315704:1.0,315705:0.0,315706:1.0,315707:0.0,317401:0.0,317118:1.0
GAMMA: 316835:1,316552:1,315980:0,315981:0,315982:0,315983:0,317967:1,316269:1,315986:1,317684:1,315703:0,315704:0,315705:0,315706:0,315707:0,317401:1,317118:1
BEGINACTIONS
CX
P2
X0
X2
ENDACTIONS
315703 INIT_ 315704 0.250000
315703 INIT_ 315705 0.250000
315703 INIT_ 315706 0.250000
315703 INIT_ 315707 0.250000
315704 CX 315704 0.977628
315704 CX 315980 0.003196
315704 CX 315705 0.003196
315704 CX 315981 0.003196
315704 CX 315707 0.003196
315704 CX 315982 0.003196
315704 CX 315706 0.003196
315704 CX 315983 0.003196
315704 P2 315704 0.995200
315704 P2 315986 0.004800
315704 X0 315705 0.999436
315704 X0 315704 0.000188
315704 X0 315706 0.000188
315704 X0 315707 0.000188
315704 X2 315980 0.999754
315704 X2 315704 0.000246
315705 CX 315981 0.977628
315705 CX 315705 0.003196
315705 CX 315980 0.003196
315705 CX 315704 0.003196
315705 CX 315983 0.003196
315705 CX 315706 0.003196
315705 CX 315982 0.003196
315705 CX 315707 0.003196
315705 P2 315705 0.995200
315705 P2 316269 0.004800
315705 X0 315704 0.999436
315705 X0 315705 0.000188
315705 X0 315707 0.000188
315705 X0 315706 0.000188
315705 X2 315981 0.999754
315705 X2 315705 0.000246
315706 CX 315706 0.977628
315706 CX 315983 0.003196
315706 CX 315707 0.003196
315706 CX 315982 0.003196
315706 CX 315705 0.003196
315706 CX 315981 0.003196
315706 CX 315704 0.003196
315706 CX 315980 0.003196
315706 P2 315706 0.995200
315706 P2 316552 0.004800
315706 X0 315707 0.999436
315706 X0 315706 0.000188
315706 X0 315704 0.000188
315706 X0 315705 0.000188
315706 X2 315983 0.999754
315706 X2 315706 0.000246
315707 CX 315982 0.977628
315707 CX 315707 0.003196
315707 CX 315983 0.003196
315707 CX 315706 0.003196
315707 CX 315980 0.003196
315707 CX 315704 0.003196
315707 CX 315981 0.003196
315707 CX 315705 0.003196
315707 P2 315707 0.995200
315707 P2 316835 0.004800
315707 X0 315706 0.999436
315707 X0 315707 0.000188
315707 X0 315705 0.000188
315707 X0 315704 0.000188
315707 X2 315982 0.999754
315707 X2 315707 0.000246
315980 CX 315980 0.977628
315980 CX 315704 0.003196
315980 CX 315981 0.003196
315980 CX 315705 0.003196
315980 CX 315982 0.003196
315980 CX 315707 0.003196
315980 CX 315983 0.003196
315980 CX 315706 0.003196
315980 P2 317118 0.981400
315980 P2 315980 0.018600
315980 X0 315981 0.999436
315980 X0 315980 0.000188
315980 X0 315983 0.000188
315980 X0 315982 0.000188
315980 X2 315704 0.999754
315980 X2 315980 0.000246
315981 CX 315705 0.977628
315981 CX 315981 0.003196
315981 CX 315704 0.003196
315981 CX 315980 0.003196
315981 CX 315706 0.003196
315981 CX 315983 0.003196
315981 CX 315707 0.003196
315981 CX 315982 0.003196
315981 P2 317401 0.981400
315981 P2 315981 0.018600
315981 X0 315980 0.999436
315981 X0 315981 0.000188
315981 X0 315982 0.000188
315981 X0 315983 0.000188
315981 X2 315705 0.999754
315981 X2 315981 0.000246
315982 CX 315707 0.977628
315982 CX 315982 0.003196
315982 CX 315706 0.003196
315982 CX 315983 0.003196
315982 CX 315704 0.003196
315982 CX 315980 0.003196
315982 CX 315705 0.003196
315982 CX 315981 0.003196
315982 P2 317684 0.981400
315982 P2 315982 0.018600
315982 X0 315983 0.999436
315982 X0 315982 0.000188
315982 X0 315981 0.000188
315982 X0 315980 0.000188
315982 X2 315707 0.999754
315982 X2 315982 0.000246
315983 CX 315983 0.977628
315983 CX 315706 0.003196
315983 CX 315982 0.003196
315983 CX 315707 0.003196
315983 CX 315981 0.003196
315983 CX 315705 0.003196
315983 CX 315980 0.003196
315983 CX 315704 0.003196
315983 P2 317967 0.981400
315983 P2 315983 0.018600
315983 X0 315982 0.999436
315983 X0 315983 0.000188
315983 X0 315980 0.000188
315983 X0 315981 0.000188
315983 X2 315706 0.999754
315983 X2 315983 0.000246
315986 CX 315986 0.977628
315986 CX 317118 0.003196
315986 CX 316269 0.003196
315986 CX 317401 0.003196
315986 CX 316835 0.003196
315986 CX 317684 0.003196
315986 CX 316552 0.003196
315986 CX 317967 0.003196
315986 P2 315704 0.995200
315986 P2 315986 0.004800
315986 X0 316269 0.999436
315986 X0 315986 0.000188
315986 X0 316552 0.000188
315986 X0 316835 0.000188
315986 X2 317118 0.999754
315986 X2 315986 0.000246
316269 CX 317401 0.977628
316269 CX 316269 0.003196
316269 CX 317118 0.003196
316269 CX 315986 0.003196
316269 CX 317967 0.003196
316269 CX 316552 0.003196
316269 CX 317684 0.003196
316269 CX 316835 0.003196
316269 P2 315705 0.995200
316269 P2 316269 0.004800
316269 X0 315986 0.999436
316269 X0 316269 0.000188
316269 X0 316835 0.000188
316269 X0 316552 0.000188
316269 X2 317401 0.999754
316269 X2 316269 0.000246
316552 CX 316552 0.977628
316552 CX 317967 0.003196
316552 CX 316835 0.003196
316552 CX 317684 0.003196
316552 CX 316269 0.003196
316552 CX 317401 0.003196
316552 CX 315986 0.003196
316552 CX 317118 0.003196
316552 P2 315706 0.995200
316552 P2 316552 0.004800
316552 X0 316835 0.999436
316552 X0 316552 0.000188
316552 X0 315986 0.000188
316552 X0 316269 0.000188
316552 X2 317967 0.999754
316552 X2 316552 0.000246
316835 CX 317684 0.977628
316835 CX 316835 0.003196
316835 CX 317967 0.003196
316835 CX 316552 0.003196
316835 CX 317118 0.003196
316835 CX 315986 0.003196
316835 CX 317401 0.003196
316835 CX 316269 0.003196
316835 P2 315707 0.995200
316835 P2 316835 0.004800
316835 X0 316552 0.999436
316835 X0 316835 0.000188
316835 X0 316269 0.000188
316835 X0 315986 0.000188
316835 X2 317684 0.999754
316835 X2 316835 0.000246
317118 CX 317118 0.977628
317118 CX 315986 0.003196
317118 CX 317401 0.003196
317118 CX 316269 0.003196
317118 CX 317684 0.003196
317118 CX 316835 0.003196
317118 CX 317967 0.003196
317118 CX 316552 0.003196
317118 P2 317118 0.981400
317118 P2 315980 0.018600
317118 X0 317401 0.999436
317118 X0 317118 0.000188
317118 X0 317967 0.000188
317118 X0 317684 0.000188
317118 X2 315986 0.999754
317118 X2 317118 0.000246
317401 CX 316269 0.977628
317401 CX 317401 0.003196
317401 CX 315986 0.003196
317401 CX 317118 0.003196
317401 CX 316552 0.003196
317401 CX 317967 0.003196
317401 CX 316835 0.003196
317401 CX 317684 0.003196
317401 P2 317401 0.981400
317401 P2 315981 0.018600
317401 X0 317118 0.999436
317401 X0 317401 0.000188
317401 X0 317684 0.000188
317401 X0 317967 0.000188
317401 X2 316269 0.999754
317401 X2 317401 0.000246
317684 CX 316835 0.977628
317684 CX 317684 0.003196
317684 CX 316552 0.003196
317684 CX 317967 0.003196
317684 CX 315986 0.003196
317684 CX 317118 0.003196
317684 CX 316269 0.003196
317684 CX 317401 0.003196
317684 P2 317684 0.981400
317684 P2 315982 0.018600
317684 X0 317967 0.999436
317684 X0 317684 0.000188
317684 X0 317401 0.000188
317684 X0 317118 0.000188
317684 X2 316835 0.999754
317684 X2 317684 0.000246
317967 CX 317967 0.977628
317967 CX 316552 0.003196
317967 CX 317684 0.003196
317967 CX 316835 0.003196
317967 CX 317401 0.003196
317967 CX 316269 0.003196
317967 CX 317118 0.003196
317967 CX 315986 0.003196
317967 P2 317967 0.981400
317967 P2 315983 0.018600
317967 X0 317684 0.999436
317967 X0 317967 0.000188
317967 X0 317118 0.000188
317967 X0 317401 0.000188
317967 X2 316552 0.999754
317967 X2 317967 0.000246
ENDPOMDP
