BEGINPOMDP
INITIALSTATE: 3976487
STATES: 3976487,3976488,3976489,3976490,3976491,3976508,3976509,3976510,3976511,3976512,3976513,3976514,3976515,3976534,3976573,3976612,3976651,3976672,3976673,3976674,3976675,3976964,3976965,3976966,3976967,3976968,3976969,3976970,3976971,3977142,3977181,3977220,3977259
TARGETV: 3976488,3976490,3976534,3976612,3976672,3976675,3977142,3977259
GAMMA: 3976487:0,3976488:0,3976489:0,3976490:0,3976491:0,3976508:0,3976509:0,3976510:0,3976511:0,3976512:0,3976513:0,3976514:0,3976515:0,3976534:1,3976573:1,3976612:1,3976651:1,3976672:0,3976673:0,3976674:0,3976675:0,3976964:1,3976965:1,3976966:1,3976967:1,3976968:1,3976969:1,3976970:1,3976971:1,3977142:1,3977181:1,3977220:1,3977259:1
BEGINACTIONS
CX02
CX12
P2
X0
ENDACTIONS
3976487 INIT_ 3976488 0.250000
3976487 INIT_ 3976489 0.250000
3976487 INIT_ 3976490 0.250000
3976487 INIT_ 3976491 0.250000
3976488 CX02 3976508 0.974547
3976488 CX02 3976509 0.003636
3976488 CX02 3976510 0.003636
3976488 CX02 3976511 0.003636
3976488 CX02 3976512 0.003636
3976488 CX02 3976513 0.003636
3976488 CX02 3976514 0.003636
3976488 CX02 3976515 0.003636
3976488 CX12 3976508 0.980189
3976488 CX12 3976509 0.002830
3976488 CX12 3976510 0.002830
3976488 CX12 3976511 0.002830
3976488 CX12 3976513 0.002830
3976488 CX12 3976512 0.002830
3976488 CX12 3976515 0.002830
3976488 CX12 3976514 0.002830
3976488 P2 3976488 0.998200
3976488 P2 3976534 0.001800
3976488 X0 3976489 0.997204
3976488 X0 3976488 0.000932
3976488 X0 3976490 0.000932
3976488 X0 3976491 0.000932
3976489 CX02 3976513 0.974547
3976489 CX02 3976512 0.003636
3976489 CX02 3976515 0.003636
3976489 CX02 3976514 0.003636
3976489 CX02 3976509 0.003636
3976489 CX02 3976508 0.003636
3976489 CX02 3976511 0.003636
3976489 CX02 3976510 0.003636
3976489 CX12 3976512 0.980189
3976489 CX12 3976513 0.002830
3976489 CX12 3976514 0.002830
3976489 CX12 3976515 0.002830
3976489 CX12 3976509 0.002830
3976489 CX12 3976508 0.002830
3976489 CX12 3976511 0.002830
3976489 CX12 3976510 0.002830
3976489 P2 3976489 0.998200
3976489 P2 3976573 0.001800
3976489 X0 3976488 0.997204
3976489 X0 3976489 0.000932
3976489 X0 3976491 0.000932
3976489 X0 3976490 0.000932
3976490 CX02 3976511 0.974547
3976490 CX02 3976510 0.003636
3976490 CX02 3976509 0.003636
3976490 CX02 3976508 0.003636
3976490 CX02 3976515 0.003636
3976490 CX02 3976514 0.003636
3976490 CX02 3976513 0.003636
3976490 CX02 3976512 0.003636
3976490 CX12 3976511 0.980189
3976490 CX12 3976510 0.002830
3976490 CX12 3976509 0.002830
3976490 CX12 3976508 0.002830
3976490 CX12 3976514 0.002830
3976490 CX12 3976515 0.002830
3976490 CX12 3976512 0.002830
3976490 CX12 3976513 0.002830
3976490 P2 3976490 0.998200
3976490 P2 3976612 0.001800
3976490 X0 3976491 0.997204
3976490 X0 3976490 0.000932
3976490 X0 3976488 0.000932
3976490 X0 3976489 0.000932
3976491 CX02 3976514 0.974547
3976491 CX02 3976515 0.003636
3976491 CX02 3976512 0.003636
3976491 CX02 3976513 0.003636
3976491 CX02 3976510 0.003636
3976491 CX02 3976511 0.003636
3976491 CX02 3976508 0.003636
3976491 CX02 3976509 0.003636
3976491 CX12 3976515 0.980189
3976491 CX12 3976514 0.002830
3976491 CX12 3976513 0.002830
3976491 CX12 3976512 0.002830
3976491 CX12 3976510 0.002830
3976491 CX12 3976511 0.002830
3976491 CX12 3976508 0.002830
3976491 CX12 3976509 0.002830
3976491 P2 3976491 0.998200
3976491 P2 3976651 0.001800
3976491 X0 3976490 0.997204
3976491 X0 3976491 0.000932
3976491 X0 3976489 0.000932
3976491 X0 3976488 0.000932
3976508 CX02 3976488 0.974547
3976508 CX02 3976672 0.003636
3976508 CX02 3976489 0.003636
3976508 CX02 3976673 0.003636
3976508 CX02 3976491 0.003636
3976508 CX02 3976674 0.003636
3976508 CX02 3976490 0.003636
3976508 CX02 3976675 0.003636
3976508 CX12 3976488 0.980189
3976508 CX12 3976672 0.002830
3976508 CX12 3976489 0.002830
3976508 CX12 3976673 0.002830
3976508 CX12 3976491 0.002830
3976508 CX12 3976674 0.002830
3976508 CX12 3976490 0.002830
3976508 CX12 3976675 0.002830
3976508 X0 3976512 0.997204
3976508 X0 3976508 0.000932
3976508 X0 3976511 0.000932
3976508 X0 3976515 0.000932
3976509 CX02 3976672 0.974547
3976509 CX02 3976488 0.003636
3976509 CX02 3976673 0.003636
3976509 CX02 3976489 0.003636
3976509 CX02 3976674 0.003636
3976509 CX02 3976491 0.003636
3976509 CX02 3976675 0.003636
3976509 CX02 3976490 0.003636
3976509 CX12 3976672 0.980189
3976509 CX12 3976488 0.002830
3976509 CX12 3976673 0.002830
3976509 CX12 3976489 0.002830
3976509 CX12 3976674 0.002830
3976509 CX12 3976491 0.002830
3976509 CX12 3976675 0.002830
3976509 CX12 3976490 0.002830
3976509 X0 3976513 0.997204
3976509 X0 3976509 0.000932
3976509 X0 3976510 0.000932
3976509 X0 3976514 0.000932
3976510 CX02 3976675 0.974547
3976510 CX02 3976490 0.003636
3976510 CX02 3976674 0.003636
3976510 CX02 3976491 0.003636
3976510 CX02 3976673 0.003636
3976510 CX02 3976489 0.003636
3976510 CX02 3976672 0.003636
3976510 CX02 3976488 0.003636
3976510 CX12 3976675 0.980189
3976510 CX12 3976490 0.002830
3976510 CX12 3976674 0.002830
3976510 CX12 3976491 0.002830
3976510 CX12 3976673 0.002830
3976510 CX12 3976489 0.002830
3976510 CX12 3976672 0.002830
3976510 CX12 3976488 0.002830
3976510 X0 3976514 0.997204
3976510 X0 3976510 0.000932
3976510 X0 3976509 0.000932
3976510 X0 3976513 0.000932
3976511 CX02 3976490 0.974547
3976511 CX02 3976675 0.003636
3976511 CX02 3976491 0.003636
3976511 CX02 3976674 0.003636
3976511 CX02 3976489 0.003636
3976511 CX02 3976673 0.003636
3976511 CX02 3976488 0.003636
3976511 CX02 3976672 0.003636
3976511 CX12 3976490 0.980189
3976511 CX12 3976675 0.002830
3976511 CX12 3976491 0.002830
3976511 CX12 3976674 0.002830
3976511 CX12 3976489 0.002830
3976511 CX12 3976673 0.002830
3976511 CX12 3976488 0.002830
3976511 CX12 3976672 0.002830
3976511 X0 3976515 0.997204
3976511 X0 3976511 0.000932
3976511 X0 3976508 0.000932
3976511 X0 3976512 0.000932
3976512 CX02 3976673 0.974547
3976512 CX02 3976489 0.003636
3976512 CX02 3976672 0.003636
3976512 CX02 3976488 0.003636
3976512 CX02 3976675 0.003636
3976512 CX02 3976490 0.003636
3976512 CX02 3976674 0.003636
3976512 CX02 3976491 0.003636
3976512 CX12 3976489 0.980189
3976512 CX12 3976673 0.002830
3976512 CX12 3976488 0.002830
3976512 CX12 3976672 0.002830
3976512 CX12 3976490 0.002830
3976512 CX12 3976675 0.002830
3976512 CX12 3976491 0.002830
3976512 CX12 3976674 0.002830
3976512 X0 3976508 0.997204
3976512 X0 3976512 0.000932
3976512 X0 3976515 0.000932
3976512 X0 3976511 0.000932
3976513 CX02 3976489 0.974547
3976513 CX02 3976673 0.003636
3976513 CX02 3976488 0.003636
3976513 CX02 3976672 0.003636
3976513 CX02 3976490 0.003636
3976513 CX02 3976675 0.003636
3976513 CX02 3976491 0.003636
3976513 CX02 3976674 0.003636
3976513 CX12 3976673 0.980189
3976513 CX12 3976489 0.002830
3976513 CX12 3976672 0.002830
3976513 CX12 3976488 0.002830
3976513 CX12 3976675 0.002830
3976513 CX12 3976490 0.002830
3976513 CX12 3976674 0.002830
3976513 CX12 3976491 0.002830
3976513 X0 3976509 0.997204
3976513 X0 3976513 0.000932
3976513 X0 3976514 0.000932
3976513 X0 3976510 0.000932
3976514 CX02 3976491 0.974547
3976514 CX02 3976674 0.003636
3976514 CX02 3976490 0.003636
3976514 CX02 3976675 0.003636
3976514 CX02 3976488 0.003636
3976514 CX02 3976672 0.003636
3976514 CX02 3976489 0.003636
3976514 CX02 3976673 0.003636
3976514 CX12 3976674 0.980189
3976514 CX12 3976491 0.002830
3976514 CX12 3976675 0.002830
3976514 CX12 3976490 0.002830
3976514 CX12 3976672 0.002830
3976514 CX12 3976488 0.002830
3976514 CX12 3976673 0.002830
3976514 CX12 3976489 0.002830
3976514 X0 3976510 0.997204
3976514 X0 3976514 0.000932
3976514 X0 3976513 0.000932
3976514 X0 3976509 0.000932
3976515 CX02 3976674 0.974547
3976515 CX02 3976491 0.003636
3976515 CX02 3976675 0.003636
3976515 CX02 3976490 0.003636
3976515 CX02 3976672 0.003636
3976515 CX02 3976488 0.003636
3976515 CX02 3976673 0.003636
3976515 CX02 3976489 0.003636
3976515 CX12 3976491 0.980189
3976515 CX12 3976674 0.002830
3976515 CX12 3976490 0.002830
3976515 CX12 3976675 0.002830
3976515 CX12 3976488 0.002830
3976515 CX12 3976672 0.002830
3976515 CX12 3976489 0.002830
3976515 CX12 3976673 0.002830
3976515 X0 3976511 0.997204
3976515 X0 3976515 0.000932
3976515 X0 3976512 0.000932
3976515 X0 3976508 0.000932
3976534 CX02 3976964 0.974547
3976534 CX02 3976965 0.003636
3976534 CX02 3976966 0.003636
3976534 CX02 3976967 0.003636
3976534 CX02 3976968 0.003636
3976534 CX02 3976969 0.003636
3976534 CX02 3976970 0.003636
3976534 CX02 3976971 0.003636
3976534 CX12 3976964 0.980189
3976534 CX12 3976965 0.002830
3976534 CX12 3976966 0.002830
3976534 CX12 3976967 0.002830
3976534 CX12 3976969 0.002830
3976534 CX12 3976968 0.002830
3976534 CX12 3976971 0.002830
3976534 CX12 3976970 0.002830
3976534 P2 3976488 0.998200
3976534 P2 3976534 0.001800
3976534 X0 3976573 0.997204
3976534 X0 3976534 0.000932
3976534 X0 3976612 0.000932
3976534 X0 3976651 0.000932
3976573 CX02 3976969 0.974547
3976573 CX02 3976968 0.003636
3976573 CX02 3976971 0.003636
3976573 CX02 3976970 0.003636
3976573 CX02 3976965 0.003636
3976573 CX02 3976964 0.003636
3976573 CX02 3976967 0.003636
3976573 CX02 3976966 0.003636
3976573 CX12 3976968 0.980189
3976573 CX12 3976969 0.002830
3976573 CX12 3976970 0.002830
3976573 CX12 3976971 0.002830
3976573 CX12 3976965 0.002830
3976573 CX12 3976964 0.002830
3976573 CX12 3976967 0.002830
3976573 CX12 3976966 0.002830
3976573 P2 3976489 0.998200
3976573 P2 3976573 0.001800
3976573 X0 3976534 0.997204
3976573 X0 3976573 0.000932
3976573 X0 3976651 0.000932
3976573 X0 3976612 0.000932
3976612 CX02 3976967 0.974547
3976612 CX02 3976966 0.003636
3976612 CX02 3976965 0.003636
3976612 CX02 3976964 0.003636
3976612 CX02 3976971 0.003636
3976612 CX02 3976970 0.003636
3976612 CX02 3976969 0.003636
3976612 CX02 3976968 0.003636
3976612 CX12 3976967 0.980189
3976612 CX12 3976966 0.002830
3976612 CX12 3976965 0.002830
3976612 CX12 3976964 0.002830
3976612 CX12 3976970 0.002830
3976612 CX12 3976971 0.002830
3976612 CX12 3976968 0.002830
3976612 CX12 3976969 0.002830
3976612 P2 3976490 0.998200
3976612 P2 3976612 0.001800
3976612 X0 3976651 0.997204
3976612 X0 3976612 0.000932
3976612 X0 3976534 0.000932
3976612 X0 3976573 0.000932
3976651 CX02 3976970 0.974547
3976651 CX02 3976971 0.003636
3976651 CX02 3976968 0.003636
3976651 CX02 3976969 0.003636
3976651 CX02 3976966 0.003636
3976651 CX02 3976967 0.003636
3976651 CX02 3976964 0.003636
3976651 CX02 3976965 0.003636
3976651 CX12 3976971 0.980189
3976651 CX12 3976970 0.002830
3976651 CX12 3976969 0.002830
3976651 CX12 3976968 0.002830
3976651 CX12 3976966 0.002830
3976651 CX12 3976967 0.002830
3976651 CX12 3976964 0.002830
3976651 CX12 3976965 0.002830
3976651 P2 3976491 0.998200
3976651 P2 3976651 0.001800
3976651 X0 3976612 0.997204
3976651 X0 3976651 0.000932
3976651 X0 3976573 0.000932
3976651 X0 3976534 0.000932
3976672 CX02 3976509 0.974547
3976672 CX02 3976508 0.003636
3976672 CX02 3976511 0.003636
3976672 CX02 3976510 0.003636
3976672 CX02 3976513 0.003636
3976672 CX02 3976512 0.003636
3976672 CX02 3976515 0.003636
3976672 CX02 3976514 0.003636
3976672 CX12 3976509 0.980189
3976672 CX12 3976508 0.002830
3976672 CX12 3976511 0.002830
3976672 CX12 3976510 0.002830
3976672 CX12 3976512 0.002830
3976672 CX12 3976513 0.002830
3976672 CX12 3976514 0.002830
3976672 CX12 3976515 0.002830
3976672 P2 3977142 0.995200
3976672 P2 3976672 0.004800
3976672 X0 3976673 0.997204
3976672 X0 3976672 0.000932
3976672 X0 3976675 0.000932
3976672 X0 3976674 0.000932
3976673 CX02 3976512 0.974547
3976673 CX02 3976513 0.003636
3976673 CX02 3976514 0.003636
3976673 CX02 3976515 0.003636
3976673 CX02 3976508 0.003636
3976673 CX02 3976509 0.003636
3976673 CX02 3976510 0.003636
3976673 CX02 3976511 0.003636
3976673 CX12 3976513 0.980189
3976673 CX12 3976512 0.002830
3976673 CX12 3976515 0.002830
3976673 CX12 3976514 0.002830
3976673 CX12 3976508 0.002830
3976673 CX12 3976509 0.002830
3976673 CX12 3976510 0.002830
3976673 CX12 3976511 0.002830
3976673 P2 3977181 0.995200
3976673 P2 3976673 0.004800
3976673 X0 3976672 0.997204
3976673 X0 3976673 0.000932
3976673 X0 3976674 0.000932
3976673 X0 3976675 0.000932
3976674 CX02 3976515 0.974547
3976674 CX02 3976514 0.003636
3976674 CX02 3976513 0.003636
3976674 CX02 3976512 0.003636
3976674 CX02 3976511 0.003636
3976674 CX02 3976510 0.003636
3976674 CX02 3976509 0.003636
3976674 CX02 3976508 0.003636
3976674 CX12 3976514 0.980189
3976674 CX12 3976515 0.002830
3976674 CX12 3976512 0.002830
3976674 CX12 3976513 0.002830
3976674 CX12 3976511 0.002830
3976674 CX12 3976510 0.002830
3976674 CX12 3976509 0.002830
3976674 CX12 3976508 0.002830
3976674 P2 3977220 0.995200
3976674 P2 3976674 0.004800
3976674 X0 3976675 0.997204
3976674 X0 3976674 0.000932
3976674 X0 3976673 0.000932
3976674 X0 3976672 0.000932
3976675 CX02 3976510 0.974547
3976675 CX02 3976511 0.003636
3976675 CX02 3976508 0.003636
3976675 CX02 3976509 0.003636
3976675 CX02 3976514 0.003636
3976675 CX02 3976515 0.003636
3976675 CX02 3976512 0.003636
3976675 CX02 3976513 0.003636
3976675 CX12 3976510 0.980189
3976675 CX12 3976511 0.002830
3976675 CX12 3976508 0.002830
3976675 CX12 3976509 0.002830
3976675 CX12 3976515 0.002830
3976675 CX12 3976514 0.002830
3976675 CX12 3976513 0.002830
3976675 CX12 3976512 0.002830
3976675 P2 3977259 0.995200
3976675 P2 3976675 0.004800
3976675 X0 3976674 0.997204
3976675 X0 3976675 0.000932
3976675 X0 3976672 0.000932
3976675 X0 3976673 0.000932
3976964 CX02 3976534 0.974547
3976964 CX02 3977142 0.003636
3976964 CX02 3976573 0.003636
3976964 CX02 3977181 0.003636
3976964 CX02 3976651 0.003636
3976964 CX02 3977220 0.003636
3976964 CX02 3976612 0.003636
3976964 CX02 3977259 0.003636
3976964 CX12 3976534 0.980189
3976964 CX12 3977142 0.002830
3976964 CX12 3976573 0.002830
3976964 CX12 3977181 0.002830
3976964 CX12 3976651 0.002830
3976964 CX12 3977220 0.002830
3976964 CX12 3976612 0.002830
3976964 CX12 3977259 0.002830
3976964 X0 3976968 0.997204
3976964 X0 3976964 0.000932
3976964 X0 3976967 0.000932
3976964 X0 3976971 0.000932
3976965 CX02 3977142 0.974547
3976965 CX02 3976534 0.003636
3976965 CX02 3977181 0.003636
3976965 CX02 3976573 0.003636
3976965 CX02 3977220 0.003636
3976965 CX02 3976651 0.003636
3976965 CX02 3977259 0.003636
3976965 CX02 3976612 0.003636
3976965 CX12 3977142 0.980189
3976965 CX12 3976534 0.002830
3976965 CX12 3977181 0.002830
3976965 CX12 3976573 0.002830
3976965 CX12 3977220 0.002830
3976965 CX12 3976651 0.002830
3976965 CX12 3977259 0.002830
3976965 CX12 3976612 0.002830
3976965 X0 3976969 0.997204
3976965 X0 3976965 0.000932
3976965 X0 3976966 0.000932
3976965 X0 3976970 0.000932
3976966 CX02 3977259 0.974547
3976966 CX02 3976612 0.003636
3976966 CX02 3977220 0.003636
3976966 CX02 3976651 0.003636
3976966 CX02 3977181 0.003636
3976966 CX02 3976573 0.003636
3976966 CX02 3977142 0.003636
3976966 CX02 3976534 0.003636
3976966 CX12 3977259 0.980189
3976966 CX12 3976612 0.002830
3976966 CX12 3977220 0.002830
3976966 CX12 3976651 0.002830
3976966 CX12 3977181 0.002830
3976966 CX12 3976573 0.002830
3976966 CX12 3977142 0.002830
3976966 CX12 3976534 0.002830
3976966 X0 3976970 0.997204
3976966 X0 3976966 0.000932
3976966 X0 3976965 0.000932
3976966 X0 3976969 0.000932
3976967 CX02 3976612 0.974547
3976967 CX02 3977259 0.003636
3976967 CX02 3976651 0.003636
3976967 CX02 3977220 0.003636
3976967 CX02 3976573 0.003636
3976967 CX02 3977181 0.003636
3976967 CX02 3976534 0.003636
3976967 CX02 3977142 0.003636
3976967 CX12 3976612 0.980189
3976967 CX12 3977259 0.002830
3976967 CX12 3976651 0.002830
3976967 CX12 3977220 0.002830
3976967 CX12 3976573 0.002830
3976967 CX12 3977181 0.002830
3976967 CX12 3976534 0.002830
3976967 CX12 3977142 0.002830
3976967 X0 3976971 0.997204
3976967 X0 3976967 0.000932
3976967 X0 3976964 0.000932
3976967 X0 3976968 0.000932
3976968 CX02 3977181 0.974547
3976968 CX02 3976573 0.003636
3976968 CX02 3977142 0.003636
3976968 CX02 3976534 0.003636
3976968 CX02 3977259 0.003636
3976968 CX02 3976612 0.003636
3976968 CX02 3977220 0.003636
3976968 CX02 3976651 0.003636
3976968 CX12 3976573 0.980189
3976968 CX12 3977181 0.002830
3976968 CX12 3976534 0.002830
3976968 CX12 3977142 0.002830
3976968 CX12 3976612 0.002830
3976968 CX12 3977259 0.002830
3976968 CX12 3976651 0.002830
3976968 CX12 3977220 0.002830
3976968 X0 3976964 0.997204
3976968 X0 3976968 0.000932
3976968 X0 3976971 0.000932
3976968 X0 3976967 0.000932
3976969 CX02 3976573 0.974547
3976969 CX02 3977181 0.003636
3976969 CX02 3976534 0.003636
3976969 CX02 3977142 0.003636
3976969 CX02 3976612 0.003636
3976969 CX02 3977259 0.003636
3976969 CX02 3976651 0.003636
3976969 CX02 3977220 0.003636
3976969 CX12 3977181 0.980189
3976969 CX12 3976573 0.002830
3976969 CX12 3977142 0.002830
3976969 CX12 3976534 0.002830
3976969 CX12 3977259 0.002830
3976969 CX12 3976612 0.002830
3976969 CX12 3977220 0.002830
3976969 CX12 3976651 0.002830
3976969 X0 3976965 0.997204
3976969 X0 3976969 0.000932
3976969 X0 3976970 0.000932
3976969 X0 3976966 0.000932
3976970 CX02 3976651 0.974547
3976970 CX02 3977220 0.003636
3976970 CX02 3976612 0.003636
3976970 CX02 3977259 0.003636
3976970 CX02 3976534 0.003636
3976970 CX02 3977142 0.003636
3976970 CX02 3976573 0.003636
3976970 CX02 3977181 0.003636
3976970 CX12 3977220 0.980189
3976970 CX12 3976651 0.002830
3976970 CX12 3977259 0.002830
3976970 CX12 3976612 0.002830
3976970 CX12 3977142 0.002830
3976970 CX12 3976534 0.002830
3976970 CX12 3977181 0.002830
3976970 CX12 3976573 0.002830
3976970 X0 3976966 0.997204
3976970 X0 3976970 0.000932
3976970 X0 3976969 0.000932
3976970 X0 3976965 0.000932
3976971 CX02 3977220 0.974547
3976971 CX02 3976651 0.003636
3976971 CX02 3977259 0.003636
3976971 CX02 3976612 0.003636
3976971 CX02 3977142 0.003636
3976971 CX02 3976534 0.003636
3976971 CX02 3977181 0.003636
3976971 CX02 3976573 0.003636
3976971 CX12 3976651 0.980189
3976971 CX12 3977220 0.002830
3976971 CX12 3976612 0.002830
3976971 CX12 3977259 0.002830
3976971 CX12 3976534 0.002830
3976971 CX12 3977142 0.002830
3976971 CX12 3976573 0.002830
3976971 CX12 3977181 0.002830
3976971 X0 3976967 0.997204
3976971 X0 3976971 0.000932
3976971 X0 3976968 0.000932
3976971 X0 3976964 0.000932
3977142 CX02 3976965 0.974547
3977142 CX02 3976964 0.003636
3977142 CX02 3976967 0.003636
3977142 CX02 3976966 0.003636
3977142 CX02 3976969 0.003636
3977142 CX02 3976968 0.003636
3977142 CX02 3976971 0.003636
3977142 CX02 3976970 0.003636
3977142 CX12 3976965 0.980189
3977142 CX12 3976964 0.002830
3977142 CX12 3976967 0.002830
3977142 CX12 3976966 0.002830
3977142 CX12 3976968 0.002830
3977142 CX12 3976969 0.002830
3977142 CX12 3976970 0.002830
3977142 CX12 3976971 0.002830
3977142 P2 3977142 0.995200
3977142 P2 3976672 0.004800
3977142 X0 3977181 0.997204
3977142 X0 3977142 0.000932
3977142 X0 3977259 0.000932
3977142 X0 3977220 0.000932
3977181 CX02 3976968 0.974547
3977181 CX02 3976969 0.003636
3977181 CX02 3976970 0.003636
3977181 CX02 3976971 0.003636
3977181 CX02 3976964 0.003636
3977181 CX02 3976965 0.003636
3977181 CX02 3976966 0.003636
3977181 CX02 3976967 0.003636
3977181 CX12 3976969 0.980189
3977181 CX12 3976968 0.002830
3977181 CX12 3976971 0.002830
3977181 CX12 3976970 0.002830
3977181 CX12 3976964 0.002830
3977181 CX12 3976965 0.002830
3977181 CX12 3976966 0.002830
3977181 CX12 3976967 0.002830
3977181 P2 3977181 0.995200
3977181 P2 3976673 0.004800
3977181 X0 3977142 0.997204
3977181 X0 3977181 0.000932
3977181 X0 3977220 0.000932
3977181 X0 3977259 0.000932
3977220 CX02 3976971 0.974547
3977220 CX02 3976970 0.003636
3977220 CX02 3976969 0.003636
3977220 CX02 3976968 0.003636
3977220 CX02 3976967 0.003636
3977220 CX02 3976966 0.003636
3977220 CX02 3976965 0.003636
3977220 CX02 3976964 0.003636
3977220 CX12 3976970 0.980189
3977220 CX12 3976971 0.002830
3977220 CX12 3976968 0.002830
3977220 CX12 3976969 0.002830
3977220 CX12 3976967 0.002830
3977220 CX12 3976966 0.002830
3977220 CX12 3976965 0.002830
3977220 CX12 3976964 0.002830
3977220 P2 3977220 0.995200
3977220 P2 3976674 0.004800
3977220 X0 3977259 0.997204
3977220 X0 3977220 0.000932
3977220 X0 3977181 0.000932
3977220 X0 3977142 0.000932
3977259 CX02 3976966 0.974547
3977259 CX02 3976967 0.003636
3977259 CX02 3976964 0.003636
3977259 CX02 3976965 0.003636
3977259 CX02 3976970 0.003636
3977259 CX02 3976971 0.003636
3977259 CX02 3976968 0.003636
3977259 CX02 3976969 0.003636
3977259 CX12 3976966 0.980189
3977259 CX12 3976967 0.002830
3977259 CX12 3976964 0.002830
3977259 CX12 3976965 0.002830
3977259 CX12 3976971 0.002830
3977259 CX12 3976970 0.002830
3977259 CX12 3976969 0.002830
3977259 CX12 3976968 0.002830
3977259 P2 3977259 0.995200
3977259 P2 3976675 0.004800
3977259 X0 3977220 0.997204
3977259 X0 3977259 0.000932
3977259 X0 3977142 0.000932
3977259 X0 3977181 0.000932
ENDPOMDP
