BEGINPOMDP
INITIALSTATE: 45291
STATES: 45568,45569,45570,45571,47555,45857,45574,47272,45291,45292,45293,45294,45295,46989,46706,46423,46140
REWARDS: 45568:1.0,45569:0.0,45570:0.0,45571:1.0,47555:1.0,45857:0.0,45574:1.0,47272:0.0,45291:0.0,45292:1.0,45293:0.0,45294:1.0,45295:0.0,46989:0.0,46706:1.0,46423:0.0,46140:1.0
GAMMA: 45568:0,45569:0,45570:0,45571:0,47555:1,45857:1,45574:1,47272:1,45291:0,45292:0,45293:0,45294:0,45295:0,46989:1,46706:1,46423:1,46140:1
BEGINACTIONS
CX
P2
X0
X2
ENDACTIONS
45291 INIT_ 45292 0.250000
45291 INIT_ 45293 0.250000
45291 INIT_ 45294 0.250000
45291 INIT_ 45295 0.250000
45292 CX 45292 0.955845
45292 CX 45568 0.006308
45292 CX 45293 0.006308
45292 CX 45569 0.006308
45292 CX 45295 0.006308
45292 CX 45570 0.006308
45292 CX 45294 0.006308
45292 CX 45571 0.006308
45292 P2 45292 0.989400
45292 P2 45574 0.010600
45292 X0 45293 0.995674
45292 X0 45292 0.001442
45292 X0 45294 0.001442
45292 X0 45295 0.001442
45292 X2 45568 0.998610
45292 X2 45292 0.001390
45293 CX 45569 0.955845
45293 CX 45293 0.006308
45293 CX 45568 0.006308
45293 CX 45292 0.006308
45293 CX 45571 0.006308
45293 CX 45294 0.006308
45293 CX 45570 0.006308
45293 CX 45295 0.006308
45293 P2 45293 0.989400
45293 P2 45857 0.010600
45293 X0 45292 0.995674
45293 X0 45293 0.001442
45293 X0 45295 0.001442
45293 X0 45294 0.001442
45293 X2 45569 0.998610
45293 X2 45293 0.001390
45294 CX 45294 0.955845
45294 CX 45571 0.006308
45294 CX 45295 0.006308
45294 CX 45570 0.006308
45294 CX 45293 0.006308
45294 CX 45569 0.006308
45294 CX 45292 0.006308
45294 CX 45568 0.006308
45294 P2 45294 0.989400
45294 P2 46140 0.010600
45294 X0 45295 0.995674
45294 X0 45294 0.001442
45294 X0 45292 0.001442
45294 X0 45293 0.001442
45294 X2 45571 0.998610
45294 X2 45294 0.001390
45295 CX 45570 0.955845
45295 CX 45295 0.006308
45295 CX 45571 0.006308
45295 CX 45294 0.006308
45295 CX 45568 0.006308
45295 CX 45292 0.006308
45295 CX 45569 0.006308
45295 CX 45293 0.006308
45295 P2 45295 0.989400
45295 P2 46423 0.010600
45295 X0 45294 0.995674
45295 X0 45295 0.001442
45295 X0 45293 0.001442
45295 X0 45292 0.001442
45295 X2 45570 0.998610
45295 X2 45295 0.001390
45568 CX 45568 0.955845
45568 CX 45292 0.006308
45568 CX 45569 0.006308
45568 CX 45293 0.006308
45568 CX 45570 0.006308
45568 CX 45295 0.006308
45568 CX 45571 0.006308
45568 CX 45294 0.006308
45568 P2 46706 0.975000
45568 P2 45568 0.025000
45568 X0 45569 0.995674
45568 X0 45568 0.001442
45568 X0 45571 0.001442
45568 X0 45570 0.001442
45568 X2 45292 0.998610
45568 X2 45568 0.001390
45569 CX 45293 0.955845
45569 CX 45569 0.006308
45569 CX 45292 0.006308
45569 CX 45568 0.006308
45569 CX 45294 0.006308
45569 CX 45571 0.006308
45569 CX 45295 0.006308
45569 CX 45570 0.006308
45569 P2 46989 0.975000
45569 P2 45569 0.025000
45569 X0 45568 0.995674
45569 X0 45569 0.001442
45569 X0 45570 0.001442
45569 X0 45571 0.001442
45569 X2 45293 0.998610
45569 X2 45569 0.001390
45570 CX 45295 0.955845
45570 CX 45570 0.006308
45570 CX 45294 0.006308
45570 CX 45571 0.006308
45570 CX 45292 0.006308
45570 CX 45568 0.006308
45570 CX 45293 0.006308
45570 CX 45569 0.006308
45570 P2 47272 0.975000
45570 P2 45570 0.025000
45570 X0 45571 0.995674
45570 X0 45570 0.001442
45570 X0 45569 0.001442
45570 X0 45568 0.001442
45570 X2 45295 0.998610
45570 X2 45570 0.001390
45571 CX 45571 0.955845
45571 CX 45294 0.006308
45571 CX 45570 0.006308
45571 CX 45295 0.006308
45571 CX 45569 0.006308
45571 CX 45293 0.006308
45571 CX 45568 0.006308
45571 CX 45292 0.006308
45571 P2 47555 0.975000
45571 P2 45571 0.025000
45571 X0 45570 0.995674
45571 X0 45571 0.001442
45571 X0 45568 0.001442
45571 X0 45569 0.001442
45571 X2 45294 0.998610
45571 X2 45571 0.001390
45574 CX 45574 0.955845
45574 CX 46706 0.006308
45574 CX 45857 0.006308
45574 CX 46989 0.006308
45574 CX 46423 0.006308
45574 CX 47272 0.006308
45574 CX 46140 0.006308
45574 CX 47555 0.006308
45574 P2 45292 0.989400
45574 P2 45574 0.010600
45574 X0 45857 0.995674
45574 X0 45574 0.001442
45574 X0 46140 0.001442
45574 X0 46423 0.001442
45574 X2 46706 0.998610
45574 X2 45574 0.001390
45857 CX 46989 0.955845
45857 CX 45857 0.006308
45857 CX 46706 0.006308
45857 CX 45574 0.006308
45857 CX 47555 0.006308
45857 CX 46140 0.006308
45857 CX 47272 0.006308
45857 CX 46423 0.006308
45857 P2 45293 0.989400
45857 P2 45857 0.010600
45857 X0 45574 0.995674
45857 X0 45857 0.001442
45857 X0 46423 0.001442
45857 X0 46140 0.001442
45857 X2 46989 0.998610
45857 X2 45857 0.001390
46140 CX 46140 0.955845
46140 CX 47555 0.006308
46140 CX 46423 0.006308
46140 CX 47272 0.006308
46140 CX 45857 0.006308
46140 CX 46989 0.006308
46140 CX 45574 0.006308
46140 CX 46706 0.006308
46140 P2 45294 0.989400
46140 P2 46140 0.010600
46140 X0 46423 0.995674
46140 X0 46140 0.001442
46140 X0 45574 0.001442
46140 X0 45857 0.001442
46140 X2 47555 0.998610
46140 X2 46140 0.001390
46423 CX 47272 0.955845
46423 CX 46423 0.006308
46423 CX 47555 0.006308
46423 CX 46140 0.006308
46423 CX 46706 0.006308
46423 CX 45574 0.006308
46423 CX 46989 0.006308
46423 CX 45857 0.006308
46423 P2 45295 0.989400
46423 P2 46423 0.010600
46423 X0 46140 0.995674
46423 X0 46423 0.001442
46423 X0 45857 0.001442
46423 X0 45574 0.001442
46423 X2 47272 0.998610
46423 X2 46423 0.001390
46706 CX 46706 0.955845
46706 CX 45574 0.006308
46706 CX 46989 0.006308
46706 CX 45857 0.006308
46706 CX 47272 0.006308
46706 CX 46423 0.006308
46706 CX 47555 0.006308
46706 CX 46140 0.006308
46706 P2 46706 0.975000
46706 P2 45568 0.025000
46706 X0 46989 0.995674
46706 X0 46706 0.001442
46706 X0 47555 0.001442
46706 X0 47272 0.001442
46706 X2 45574 0.998610
46706 X2 46706 0.001390
46989 CX 45857 0.955845
46989 CX 46989 0.006308
46989 CX 45574 0.006308
46989 CX 46706 0.006308
46989 CX 46140 0.006308
46989 CX 47555 0.006308
46989 CX 46423 0.006308
46989 CX 47272 0.006308
46989 P2 46989 0.975000
46989 P2 45569 0.025000
46989 X0 46706 0.995674
46989 X0 46989 0.001442
46989 X0 47272 0.001442
46989 X0 47555 0.001442
46989 X2 45857 0.998610
46989 X2 46989 0.001390
47272 CX 46423 0.955845
47272 CX 47272 0.006308
47272 CX 46140 0.006308
47272 CX 47555 0.006308
47272 CX 45574 0.006308
47272 CX 46706 0.006308
47272 CX 45857 0.006308
47272 CX 46989 0.006308
47272 P2 47272 0.975000
47272 P2 45570 0.025000
47272 X0 47555 0.995674
47272 X0 47272 0.001442
47272 X0 46989 0.001442
47272 X0 46706 0.001442
47272 X2 46423 0.998610
47272 X2 47272 0.001390
47555 CX 47555 0.955845
47555 CX 46140 0.006308
47555 CX 47272 0.006308
47555 CX 46423 0.006308
47555 CX 46989 0.006308
47555 CX 45857 0.006308
47555 CX 46706 0.006308
47555 CX 45574 0.006308
47555 P2 47555 0.975000
47555 P2 45571 0.025000
47555 X0 47272 0.995674
47555 X0 47555 0.001442
47555 X0 46706 0.001442
47555 X0 46989 0.001442
47555 X2 46140 0.998610
47555 X2 47555 0.001390
ENDPOMDP
