BEGINPOMDP
INITIALSTATE: 54349
STATES: 54626,54627,54628,54629,56613,54915,54632,56330,54349,54350,54351,54352,54353,56047,55764,55481,55198
REWARDS: 54626:1.0,54627:0.0,54628:0.0,54629:1.0,56613:1.0,54915:0.0,54632:1.0,56330:0.0,54349:0.0,54350:1.0,54351:0.0,54352:1.0,54353:0.0,56047:0.0,55764:1.0,55481:0.0,55198:1.0
GAMMA: 54626:0,54627:0,54628:0,54629:0,56613:1,54915:1,54632:1,56330:1,54349:0,54350:0,54351:0,54352:0,54353:0,56047:1,55764:1,55481:1,55198:1
BEGINACTIONS
CX
P2
X0
X2
ENDACTIONS
54349 INIT_ 54350 0.250000
54349 INIT_ 54351 0.250000
54349 INIT_ 54352 0.250000
54349 INIT_ 54353 0.250000
54350 CX 54350 0.958083
54350 CX 54626 0.005988
54350 CX 54351 0.005988
54350 CX 54627 0.005988
54350 CX 54353 0.005988
54350 CX 54628 0.005988
54350 CX 54352 0.005988
54350 CX 54629 0.005988
54350 P2 54350 0.994000
54350 P2 54632 0.006000
54350 X0 54351 0.997954
54350 X0 54350 0.000682
54350 X0 54352 0.000682
54350 X0 54353 0.000682
54350 X2 54626 0.998560
54350 X2 54350 0.001440
54351 CX 54627 0.958083
54351 CX 54351 0.005988
54351 CX 54626 0.005988
54351 CX 54350 0.005988
54351 CX 54629 0.005988
54351 CX 54352 0.005988
54351 CX 54628 0.005988
54351 CX 54353 0.005988
54351 P2 54351 0.994000
54351 P2 54915 0.006000
54351 X0 54350 0.997954
54351 X0 54351 0.000682
54351 X0 54353 0.000682
54351 X0 54352 0.000682
54351 X2 54627 0.998560
54351 X2 54351 0.001440
54352 CX 54352 0.958083
54352 CX 54629 0.005988
54352 CX 54353 0.005988
54352 CX 54628 0.005988
54352 CX 54351 0.005988
54352 CX 54627 0.005988
54352 CX 54350 0.005988
54352 CX 54626 0.005988
54352 P2 54352 0.994000
54352 P2 55198 0.006000
54352 X0 54353 0.997954
54352 X0 54352 0.000682
54352 X0 54350 0.000682
54352 X0 54351 0.000682
54352 X2 54629 0.998560
54352 X2 54352 0.001440
54353 CX 54628 0.958083
54353 CX 54353 0.005988
54353 CX 54629 0.005988
54353 CX 54352 0.005988
54353 CX 54626 0.005988
54353 CX 54350 0.005988
54353 CX 54627 0.005988
54353 CX 54351 0.005988
54353 P2 54353 0.994000
54353 P2 55481 0.006000
54353 X0 54352 0.997954
54353 X0 54353 0.000682
54353 X0 54351 0.000682
54353 X0 54350 0.000682
54353 X2 54628 0.998560
54353 X2 54353 0.001440
54626 CX 54626 0.958083
54626 CX 54350 0.005988
54626 CX 54627 0.005988
54626 CX 54351 0.005988
54626 CX 54628 0.005988
54626 CX 54353 0.005988
54626 CX 54629 0.005988
54626 CX 54352 0.005988
54626 P2 55764 0.964000
54626 P2 54626 0.036000
54626 X0 54627 0.997954
54626 X0 54626 0.000682
54626 X0 54629 0.000682
54626 X0 54628 0.000682
54626 X2 54350 0.998560
54626 X2 54626 0.001440
54627 CX 54351 0.958083
54627 CX 54627 0.005988
54627 CX 54350 0.005988
54627 CX 54626 0.005988
54627 CX 54352 0.005988
54627 CX 54629 0.005988
54627 CX 54353 0.005988
54627 CX 54628 0.005988
54627 P2 56047 0.964000
54627 P2 54627 0.036000
54627 X0 54626 0.997954
54627 X0 54627 0.000682
54627 X0 54628 0.000682
54627 X0 54629 0.000682
54627 X2 54351 0.998560
54627 X2 54627 0.001440
54628 CX 54353 0.958083
54628 CX 54628 0.005988
54628 CX 54352 0.005988
54628 CX 54629 0.005988
54628 CX 54350 0.005988
54628 CX 54626 0.005988
54628 CX 54351 0.005988
54628 CX 54627 0.005988
54628 P2 56330 0.964000
54628 P2 54628 0.036000
54628 X0 54629 0.997954
54628 X0 54628 0.000682
54628 X0 54627 0.000682
54628 X0 54626 0.000682
54628 X2 54353 0.998560
54628 X2 54628 0.001440
54629 CX 54629 0.958083
54629 CX 54352 0.005988
54629 CX 54628 0.005988
54629 CX 54353 0.005988
54629 CX 54627 0.005988
54629 CX 54351 0.005988
54629 CX 54626 0.005988
54629 CX 54350 0.005988
54629 P2 56613 0.964000
54629 P2 54629 0.036000
54629 X0 54628 0.997954
54629 X0 54629 0.000682
54629 X0 54626 0.000682
54629 X0 54627 0.000682
54629 X2 54352 0.998560
54629 X2 54629 0.001440
54632 CX 54632 0.958083
54632 CX 55764 0.005988
54632 CX 54915 0.005988
54632 CX 56047 0.005988
54632 CX 55481 0.005988
54632 CX 56330 0.005988
54632 CX 55198 0.005988
54632 CX 56613 0.005988
54632 P2 54350 0.994000
54632 P2 54632 0.006000
54632 X0 54915 0.997954
54632 X0 54632 0.000682
54632 X0 55198 0.000682
54632 X0 55481 0.000682
54632 X2 55764 0.998560
54632 X2 54632 0.001440
54915 CX 56047 0.958083
54915 CX 54915 0.005988
54915 CX 55764 0.005988
54915 CX 54632 0.005988
54915 CX 56613 0.005988
54915 CX 55198 0.005988
54915 CX 56330 0.005988
54915 CX 55481 0.005988
54915 P2 54351 0.994000
54915 P2 54915 0.006000
54915 X0 54632 0.997954
54915 X0 54915 0.000682
54915 X0 55481 0.000682
54915 X0 55198 0.000682
54915 X2 56047 0.998560
54915 X2 54915 0.001440
55198 CX 55198 0.958083
55198 CX 56613 0.005988
55198 CX 55481 0.005988
55198 CX 56330 0.005988
55198 CX 54915 0.005988
55198 CX 56047 0.005988
55198 CX 54632 0.005988
55198 CX 55764 0.005988
55198 P2 54352 0.994000
55198 P2 55198 0.006000
55198 X0 55481 0.997954
55198 X0 55198 0.000682
55198 X0 54632 0.000682
55198 X0 54915 0.000682
55198 X2 56613 0.998560
55198 X2 55198 0.001440
55481 CX 56330 0.958083
55481 CX 55481 0.005988
55481 CX 56613 0.005988
55481 CX 55198 0.005988
55481 CX 55764 0.005988
55481 CX 54632 0.005988
55481 CX 56047 0.005988
55481 CX 54915 0.005988
55481 P2 54353 0.994000
55481 P2 55481 0.006000
55481 X0 55198 0.997954
55481 X0 55481 0.000682
55481 X0 54915 0.000682
55481 X0 54632 0.000682
55481 X2 56330 0.998560
55481 X2 55481 0.001440
55764 CX 55764 0.958083
55764 CX 54632 0.005988
55764 CX 56047 0.005988
55764 CX 54915 0.005988
55764 CX 56330 0.005988
55764 CX 55481 0.005988
55764 CX 56613 0.005988
55764 CX 55198 0.005988
55764 P2 55764 0.964000
55764 P2 54626 0.036000
55764 X0 56047 0.997954
55764 X0 55764 0.000682
55764 X0 56613 0.000682
55764 X0 56330 0.000682
55764 X2 54632 0.998560
55764 X2 55764 0.001440
56047 CX 54915 0.958083
56047 CX 56047 0.005988
56047 CX 54632 0.005988
56047 CX 55764 0.005988
56047 CX 55198 0.005988
56047 CX 56613 0.005988
56047 CX 55481 0.005988
56047 CX 56330 0.005988
56047 P2 56047 0.964000
56047 P2 54627 0.036000
56047 X0 55764 0.997954
56047 X0 56047 0.000682
56047 X0 56330 0.000682
56047 X0 56613 0.000682
56047 X2 54915 0.998560
56047 X2 56047 0.001440
56330 CX 55481 0.958083
56330 CX 56330 0.005988
56330 CX 55198 0.005988
56330 CX 56613 0.005988
56330 CX 54632 0.005988
56330 CX 55764 0.005988
56330 CX 54915 0.005988
56330 CX 56047 0.005988
56330 P2 56330 0.964000
56330 P2 54628 0.036000
56330 X0 56613 0.997954
56330 X0 56330 0.000682
56330 X0 56047 0.000682
56330 X0 55764 0.000682
56330 X2 55481 0.998560
56330 X2 56330 0.001440
56613 CX 56613 0.958083
56613 CX 55198 0.005988
56613 CX 56330 0.005988
56613 CX 55481 0.005988
56613 CX 56047 0.005988
56613 CX 54915 0.005988
56613 CX 55764 0.005988
56613 CX 54632 0.005988
56613 P2 56613 0.964000
56613 P2 54629 0.036000
56613 X0 56330 0.997954
56613 X0 56613 0.000682
56613 X0 55764 0.000682
56613 X0 56047 0.000682
56613 X2 55198 0.998560
56613 X2 56613 0.001440
ENDPOMDP
