BEGINPOMDP
INITIALSTATE: 9059
STATES: 11040,9059,9060,9061,9062,9063,10757,11323,10474,9625,10191,9908,9336,9337,9338,9339,9342
REWARDS: 11040:0.0,9059:0.0,9060:1.0,9061:0.0,9062:1.0,9063:0.0,10757:0.0,11323:1.0,10474:1.0,9625:0.0,10191:0.0,9908:1.0,9336:1.0,9337:0.0,9338:0.0,9339:1.0,9342:1.0
GAMMA: 11040:1,9059:0,9060:0,9061:0,9062:0,9063:0,10757:1,11323:1,10474:1,9625:1,10191:1,9908:1,9336:0,9337:0,9338:0,9339:0,9342:1
BEGINACTIONS
CX
P2
X0
X2
ENDACTIONS
9059 INIT_ 9060 0.250000
9059 INIT_ 9061 0.250000
9059 INIT_ 9062 0.250000
9059 INIT_ 9063 0.250000
9060 CX 9060 0.922391
9060 CX 9336 0.011087
9060 CX 9061 0.011087
9060 CX 9337 0.011087
9060 CX 9063 0.011087
9060 CX 9338 0.011087
9060 CX 9062 0.011087
9060 CX 9339 0.011087
9060 P2 9060 0.932400
9060 P2 9342 0.067600
9060 X0 9061 0.997547
9060 X0 9060 0.000818
9060 X0 9062 0.000818
9060 X0 9063 0.000818
9060 X2 9336 0.998348
9060 X2 9060 0.001652
9061 CX 9337 0.922391
9061 CX 9061 0.011087
9061 CX 9336 0.011087
9061 CX 9060 0.011087
9061 CX 9339 0.011087
9061 CX 9062 0.011087
9061 CX 9338 0.011087
9061 CX 9063 0.011087
9061 P2 9061 0.932400
9061 P2 9625 0.067600
9061 X0 9060 0.997547
9061 X0 9061 0.000818
9061 X0 9063 0.000818
9061 X0 9062 0.000818
9061 X2 9337 0.998348
9061 X2 9061 0.001652
9062 CX 9062 0.922391
9062 CX 9339 0.011087
9062 CX 9063 0.011087
9062 CX 9338 0.011087
9062 CX 9061 0.011087
9062 CX 9337 0.011087
9062 CX 9060 0.011087
9062 CX 9336 0.011087
9062 P2 9062 0.932400
9062 P2 9908 0.067600
9062 X0 9063 0.997547
9062 X0 9062 0.000818
9062 X0 9060 0.000818
9062 X0 9061 0.000818
9062 X2 9339 0.998348
9062 X2 9062 0.001652
9063 CX 9338 0.922391
9063 CX 9063 0.011087
9063 CX 9339 0.011087
9063 CX 9062 0.011087
9063 CX 9336 0.011087
9063 CX 9060 0.011087
9063 CX 9337 0.011087
9063 CX 9061 0.011087
9063 P2 9063 0.932400
9063 P2 10191 0.067600
9063 X0 9062 0.997547
9063 X0 9063 0.000818
9063 X0 9061 0.000818
9063 X0 9060 0.000818
9063 X2 9338 0.998348
9063 X2 9063 0.001652
9336 CX 9336 0.922391
9336 CX 9060 0.011087
9336 CX 9337 0.011087
9336 CX 9061 0.011087
9336 CX 9338 0.011087
9336 CX 9063 0.011087
9336 CX 9339 0.011087
9336 CX 9062 0.011087
9336 P2 10474 0.931400
9336 P2 9336 0.068600
9336 X0 9337 0.997547
9336 X0 9336 0.000818
9336 X0 9339 0.000818
9336 X0 9338 0.000818
9336 X2 9060 0.998348
9336 X2 9336 0.001652
9337 CX 9061 0.922391
9337 CX 9337 0.011087
9337 CX 9060 0.011087
9337 CX 9336 0.011087
9337 CX 9062 0.011087
9337 CX 9339 0.011087
9337 CX 9063 0.011087
9337 CX 9338 0.011087
9337 P2 10757 0.931400
9337 P2 9337 0.068600
9337 X0 9336 0.997547
9337 X0 9337 0.000818
9337 X0 9338 0.000818
9337 X0 9339 0.000818
9337 X2 9061 0.998348
9337 X2 9337 0.001652
9338 CX 9063 0.922391
9338 CX 9338 0.011087
9338 CX 9062 0.011087
9338 CX 9339 0.011087
9338 CX 9060 0.011087
9338 CX 9336 0.011087
9338 CX 9061 0.011087
9338 CX 9337 0.011087
9338 P2 11040 0.931400
9338 P2 9338 0.068600
9338 X0 9339 0.997547
9338 X0 9338 0.000818
9338 X0 9337 0.000818
9338 X0 9336 0.000818
9338 X2 9063 0.998348
9338 X2 9338 0.001652
9339 CX 9339 0.922391
9339 CX 9062 0.011087
9339 CX 9338 0.011087
9339 CX 9063 0.011087
9339 CX 9337 0.011087
9339 CX 9061 0.011087
9339 CX 9336 0.011087
9339 CX 9060 0.011087
9339 P2 11323 0.931400
9339 P2 9339 0.068600
9339 X0 9338 0.997547
9339 X0 9339 0.000818
9339 X0 9336 0.000818
9339 X0 9337 0.000818
9339 X2 9062 0.998348
9339 X2 9339 0.001652
9342 CX 9342 0.922391
9342 CX 10474 0.011087
9342 CX 9625 0.011087
9342 CX 10757 0.011087
9342 CX 10191 0.011087
9342 CX 11040 0.011087
9342 CX 9908 0.011087
9342 CX 11323 0.011087
9342 P2 9060 0.932400
9342 P2 9342 0.067600
9342 X0 9625 0.997547
9342 X0 9342 0.000818
9342 X0 9908 0.000818
9342 X0 10191 0.000818
9342 X2 10474 0.998348
9342 X2 9342 0.001652
9625 CX 10757 0.922391
9625 CX 9625 0.011087
9625 CX 10474 0.011087
9625 CX 9342 0.011087
9625 CX 11323 0.011087
9625 CX 9908 0.011087
9625 CX 11040 0.011087
9625 CX 10191 0.011087
9625 P2 9061 0.932400
9625 P2 9625 0.067600
9625 X0 9342 0.997547
9625 X0 9625 0.000818
9625 X0 10191 0.000818
9625 X0 9908 0.000818
9625 X2 10757 0.998348
9625 X2 9625 0.001652
9908 CX 9908 0.922391
9908 CX 11323 0.011087
9908 CX 10191 0.011087
9908 CX 11040 0.011087
9908 CX 9625 0.011087
9908 CX 10757 0.011087
9908 CX 9342 0.011087
9908 CX 10474 0.011087
9908 P2 9062 0.932400
9908 P2 9908 0.067600
9908 X0 10191 0.997547
9908 X0 9908 0.000818
9908 X0 9342 0.000818
9908 X0 9625 0.000818
9908 X2 11323 0.998348
9908 X2 9908 0.001652
10191 CX 11040 0.922391
10191 CX 10191 0.011087
10191 CX 11323 0.011087
10191 CX 9908 0.011087
10191 CX 10474 0.011087
10191 CX 9342 0.011087
10191 CX 10757 0.011087
10191 CX 9625 0.011087
10191 P2 9063 0.932400
10191 P2 10191 0.067600
10191 X0 9908 0.997547
10191 X0 10191 0.000818
10191 X0 9625 0.000818
10191 X0 9342 0.000818
10191 X2 11040 0.998348
10191 X2 10191 0.001652
10474 CX 10474 0.922391
10474 CX 9342 0.011087
10474 CX 10757 0.011087
10474 CX 9625 0.011087
10474 CX 11040 0.011087
10474 CX 10191 0.011087
10474 CX 11323 0.011087
10474 CX 9908 0.011087
10474 P2 10474 0.931400
10474 P2 9336 0.068600
10474 X0 10757 0.997547
10474 X0 10474 0.000818
10474 X0 11323 0.000818
10474 X0 11040 0.000818
10474 X2 9342 0.998348
10474 X2 10474 0.001652
10757 CX 9625 0.922391
10757 CX 10757 0.011087
10757 CX 9342 0.011087
10757 CX 10474 0.011087
10757 CX 9908 0.011087
10757 CX 11323 0.011087
10757 CX 10191 0.011087
10757 CX 11040 0.011087
10757 P2 10757 0.931400
10757 P2 9337 0.068600
10757 X0 10474 0.997547
10757 X0 10757 0.000818
10757 X0 11040 0.000818
10757 X0 11323 0.000818
10757 X2 9625 0.998348
10757 X2 10757 0.001652
11040 CX 10191 0.922391
11040 CX 11040 0.011087
11040 CX 9908 0.011087
11040 CX 11323 0.011087
11040 CX 9342 0.011087
11040 CX 10474 0.011087
11040 CX 9625 0.011087
11040 CX 10757 0.011087
11040 P2 11040 0.931400
11040 P2 9338 0.068600
11040 X0 11323 0.997547
11040 X0 11040 0.000818
11040 X0 10757 0.000818
11040 X0 10474 0.000818
11040 X2 10191 0.998348
11040 X2 11040 0.001652
11323 CX 11323 0.922391
11323 CX 9908 0.011087
11323 CX 11040 0.011087
11323 CX 10191 0.011087
11323 CX 10757 0.011087
11323 CX 9625 0.011087
11323 CX 10474 0.011087
11323 CX 9342 0.011087
11323 P2 11323 0.931400
11323 P2 9339 0.068600
11323 X0 11040 0.997547
11323 X0 11323 0.000818
11323 X0 10474 0.000818
11323 X0 10757 0.000818
11323 X2 9908 0.998348
11323 X2 11323 0.001652
ENDPOMDP
