BEGINPOMDP
INITIALSTATE: 13588
STATES: 14720,14437,13865,13866,13867,13868,15852,14154,13871,15569,13588,13589,13590,13591,13592,15286,15003
REWARDS: 14720:0.0,14437:1.0,13865:1.0,13866:0.0,13867:0.0,13868:1.0,15852:1.0,14154:0.0,13871:1.0,15569:0.0,13588:0.0,13589:1.0,13590:0.0,13591:1.0,13592:0.0,15286:0.0,15003:1.0
GAMMA: 14720:1,14437:1,13865:0,13866:0,13867:0,13868:0,15852:1,14154:1,13871:1,15569:1,13588:0,13589:0,13590:0,13591:0,13592:0,15286:1,15003:1
BEGINACTIONS
CX
P2
X0
X2
ENDACTIONS
13588 INIT_ 13589 0.250000
13588 INIT_ 13590 0.250000
13588 INIT_ 13591 0.250000
13588 INIT_ 13592 0.250000
13589 CX 13589 0.922307
13589 CX 13865 0.011099
13589 CX 13590 0.011099
13589 CX 13866 0.011099
13589 CX 13592 0.011099
13589 CX 13867 0.011099
13589 CX 13591 0.011099
13589 CX 13868 0.011099
13589 P2 13589 0.990200
13589 P2 13871 0.009800
13589 X0 13590 0.996087
13589 X0 13589 0.001304
13589 X0 13591 0.001304
13589 X0 13592 0.001304
13589 X2 13865 0.998065
13589 X2 13589 0.001935
13590 CX 13866 0.922307
13590 CX 13590 0.011099
13590 CX 13865 0.011099
13590 CX 13589 0.011099
13590 CX 13868 0.011099
13590 CX 13591 0.011099
13590 CX 13867 0.011099
13590 CX 13592 0.011099
13590 P2 13590 0.990200
13590 P2 14154 0.009800
13590 X0 13589 0.996087
13590 X0 13590 0.001304
13590 X0 13592 0.001304
13590 X0 13591 0.001304
13590 X2 13866 0.998065
13590 X2 13590 0.001935
13591 CX 13591 0.922307
13591 CX 13868 0.011099
13591 CX 13592 0.011099
13591 CX 13867 0.011099
13591 CX 13590 0.011099
13591 CX 13866 0.011099
13591 CX 13589 0.011099
13591 CX 13865 0.011099
13591 P2 13591 0.990200
13591 P2 14437 0.009800
13591 X0 13592 0.996087
13591 X0 13591 0.001304
13591 X0 13589 0.001304
13591 X0 13590 0.001304
13591 X2 13868 0.998065
13591 X2 13591 0.001935
13592 CX 13867 0.922307
13592 CX 13592 0.011099
13592 CX 13868 0.011099
13592 CX 13591 0.011099
13592 CX 13865 0.011099
13592 CX 13589 0.011099
13592 CX 13866 0.011099
13592 CX 13590 0.011099
13592 P2 13592 0.990200
13592 P2 14720 0.009800
13592 X0 13591 0.996087
13592 X0 13592 0.001304
13592 X0 13590 0.001304
13592 X0 13589 0.001304
13592 X2 13867 0.998065
13592 X2 13592 0.001935
13865 CX 13865 0.922307
13865 CX 13589 0.011099
13865 CX 13866 0.011099
13865 CX 13590 0.011099
13865 CX 13867 0.011099
13865 CX 13592 0.011099
13865 CX 13868 0.011099
13865 CX 13591 0.011099
13865 P2 15003 0.974800
13865 P2 13865 0.025200
13865 X0 13866 0.996087
13865 X0 13865 0.001304
13865 X0 13868 0.001304
13865 X0 13867 0.001304
13865 X2 13589 0.998065
13865 X2 13865 0.001935
13866 CX 13590 0.922307
13866 CX 13866 0.011099
13866 CX 13589 0.011099
13866 CX 13865 0.011099
13866 CX 13591 0.011099
13866 CX 13868 0.011099
13866 CX 13592 0.011099
13866 CX 13867 0.011099
13866 P2 15286 0.974800
13866 P2 13866 0.025200
13866 X0 13865 0.996087
13866 X0 13866 0.001304
13866 X0 13867 0.001304
13866 X0 13868 0.001304
13866 X2 13590 0.998065
13866 X2 13866 0.001935
13867 CX 13592 0.922307
13867 CX 13867 0.011099
13867 CX 13591 0.011099
13867 CX 13868 0.011099
13867 CX 13589 0.011099
13867 CX 13865 0.011099
13867 CX 13590 0.011099
13867 CX 13866 0.011099
13867 P2 15569 0.974800
13867 P2 13867 0.025200
13867 X0 13868 0.996087
13867 X0 13867 0.001304
13867 X0 13866 0.001304
13867 X0 13865 0.001304
13867 X2 13592 0.998065
13867 X2 13867 0.001935
13868 CX 13868 0.922307
13868 CX 13591 0.011099
13868 CX 13867 0.011099
13868 CX 13592 0.011099
13868 CX 13866 0.011099
13868 CX 13590 0.011099
13868 CX 13865 0.011099
13868 CX 13589 0.011099
13868 P2 15852 0.974800
13868 P2 13868 0.025200
13868 X0 13867 0.996087
13868 X0 13868 0.001304
13868 X0 13865 0.001304
13868 X0 13866 0.001304
13868 X2 13591 0.998065
13868 X2 13868 0.001935
13871 CX 13871 0.922307
13871 CX 15003 0.011099
13871 CX 14154 0.011099
13871 CX 15286 0.011099
13871 CX 14720 0.011099
13871 CX 15569 0.011099
13871 CX 14437 0.011099
13871 CX 15852 0.011099
13871 P2 13589 0.990200
13871 P2 13871 0.009800
13871 X0 14154 0.996087
13871 X0 13871 0.001304
13871 X0 14437 0.001304
13871 X0 14720 0.001304
13871 X2 15003 0.998065
13871 X2 13871 0.001935
14154 CX 15286 0.922307
14154 CX 14154 0.011099
14154 CX 15003 0.011099
14154 CX 13871 0.011099
14154 CX 15852 0.011099
14154 CX 14437 0.011099
14154 CX 15569 0.011099
14154 CX 14720 0.011099
14154 P2 13590 0.990200
14154 P2 14154 0.009800
14154 X0 13871 0.996087
14154 X0 14154 0.001304
14154 X0 14720 0.001304
14154 X0 14437 0.001304
14154 X2 15286 0.998065
14154 X2 14154 0.001935
14437 CX 14437 0.922307
14437 CX 15852 0.011099
14437 CX 14720 0.011099
14437 CX 15569 0.011099
14437 CX 14154 0.011099
14437 CX 15286 0.011099
14437 CX 13871 0.011099
14437 CX 15003 0.011099
14437 P2 13591 0.990200
14437 P2 14437 0.009800
14437 X0 14720 0.996087
14437 X0 14437 0.001304
14437 X0 13871 0.001304
14437 X0 14154 0.001304
14437 X2 15852 0.998065
14437 X2 14437 0.001935
14720 CX 15569 0.922307
14720 CX 14720 0.011099
14720 CX 15852 0.011099
14720 CX 14437 0.011099
14720 CX 15003 0.011099
14720 CX 13871 0.011099
14720 CX 15286 0.011099
14720 CX 14154 0.011099
14720 P2 13592 0.990200
14720 P2 14720 0.009800
14720 X0 14437 0.996087
14720 X0 14720 0.001304
14720 X0 14154 0.001304
14720 X0 13871 0.001304
14720 X2 15569 0.998065
14720 X2 14720 0.001935
15003 CX 15003 0.922307
15003 CX 13871 0.011099
15003 CX 15286 0.011099
15003 CX 14154 0.011099
15003 CX 15569 0.011099
15003 CX 14720 0.011099
15003 CX 15852 0.011099
15003 CX 14437 0.011099
15003 P2 15003 0.974800
15003 P2 13865 0.025200
15003 X0 15286 0.996087
15003 X0 15003 0.001304
15003 X0 15852 0.001304
15003 X0 15569 0.001304
15003 X2 13871 0.998065
15003 X2 15003 0.001935
15286 CX 14154 0.922307
15286 CX 15286 0.011099
15286 CX 13871 0.011099
15286 CX 15003 0.011099
15286 CX 14437 0.011099
15286 CX 15852 0.011099
15286 CX 14720 0.011099
15286 CX 15569 0.011099
15286 P2 15286 0.974800
15286 P2 13866 0.025200
15286 X0 15003 0.996087
15286 X0 15286 0.001304
15286 X0 15569 0.001304
15286 X0 15852 0.001304
15286 X2 14154 0.998065
15286 X2 15286 0.001935
15569 CX 14720 0.922307
15569 CX 15569 0.011099
15569 CX 14437 0.011099
15569 CX 15852 0.011099
15569 CX 13871 0.011099
15569 CX 15003 0.011099
15569 CX 14154 0.011099
15569 CX 15286 0.011099
15569 P2 15569 0.974800
15569 P2 13867 0.025200
15569 X0 15852 0.996087
15569 X0 15569 0.001304
15569 X0 15286 0.001304
15569 X0 15003 0.001304
15569 X2 14720 0.998065
15569 X2 15569 0.001935
15852 CX 15852 0.922307
15852 CX 14437 0.011099
15852 CX 15569 0.011099
15852 CX 14720 0.011099
15852 CX 15286 0.011099
15852 CX 14154 0.011099
15852 CX 15003 0.011099
15852 CX 13871 0.011099
15852 P2 15852 0.974800
15852 P2 13868 0.025200
15852 X0 15569 0.996087
15852 X0 15852 0.001304
15852 X0 15003 0.001304
15852 X0 15286 0.001304
15852 X2 14437 0.998065
15852 X2 15852 0.001935
ENDPOMDP
