BEGINPOMDP
INITIALSTATE: 99639
STATES: 100771,100488,99916,99917,99918,99919,101903,100205,99922,101620,99639,99640,99641,99642,99643,101337,101054
REWARDS: 100771:0.0,100488:1.0,99916:1.0,99917:0.0,99918:0.0,99919:1.0,101903:1.0,100205:0.0,99922:1.0,101620:0.0,99639:0.0,99640:1.0,99641:0.0,99642:1.0,99643:0.0,101337:0.0,101054:1.0
GAMMA: 100771:1,100488:1,99916:0,99917:0,99918:0,99919:0,101903:1,100205:1,99922:1,101620:1,99639:0,99640:0,99641:0,99642:0,99643:0,101337:1,101054:1
BEGINACTIONS
CX
P2
X0
X2
ENDACTIONS
99639 INIT_ 99640 0.250000
99639 INIT_ 99641 0.250000
99639 INIT_ 99642 0.250000
99639 INIT_ 99643 0.250000
99640 CX 99640 0.880056
99640 CX 99916 0.017135
99640 CX 99641 0.017135
99640 CX 99917 0.017135
99640 CX 99643 0.017135
99640 CX 99918 0.017135
99640 CX 99642 0.017135
99640 CX 99919 0.017135
99640 P2 99640 0.916000
99640 P2 99922 0.084000
99640 X0 99641 0.987470
99640 X0 99640 0.004177
99640 X0 99642 0.004177
99640 X0 99643 0.004177
99640 X2 99916 0.996829
99640 X2 99640 0.003171
99641 CX 99917 0.880056
99641 CX 99641 0.017135
99641 CX 99916 0.017135
99641 CX 99640 0.017135
99641 CX 99919 0.017135
99641 CX 99642 0.017135
99641 CX 99918 0.017135
99641 CX 99643 0.017135
99641 P2 99641 0.916000
99641 P2 100205 0.084000
99641 X0 99640 0.987470
99641 X0 99641 0.004177
99641 X0 99643 0.004177
99641 X0 99642 0.004177
99641 X2 99917 0.996829
99641 X2 99641 0.003171
99642 CX 99642 0.880056
99642 CX 99919 0.017135
99642 CX 99643 0.017135
99642 CX 99918 0.017135
99642 CX 99641 0.017135
99642 CX 99917 0.017135
99642 CX 99640 0.017135
99642 CX 99916 0.017135
99642 P2 99642 0.916000
99642 P2 100488 0.084000
99642 X0 99643 0.987470
99642 X0 99642 0.004177
99642 X0 99640 0.004177
99642 X0 99641 0.004177
99642 X2 99919 0.996829
99642 X2 99642 0.003171
99643 CX 99918 0.880056
99643 CX 99643 0.017135
99643 CX 99919 0.017135
99643 CX 99642 0.017135
99643 CX 99916 0.017135
99643 CX 99640 0.017135
99643 CX 99917 0.017135
99643 CX 99641 0.017135
99643 P2 99643 0.916000
99643 P2 100771 0.084000
99643 X0 99642 0.987470
99643 X0 99643 0.004177
99643 X0 99641 0.004177
99643 X0 99640 0.004177
99643 X2 99918 0.996829
99643 X2 99643 0.003171
99916 CX 99916 0.880056
99916 CX 99640 0.017135
99916 CX 99917 0.017135
99916 CX 99641 0.017135
99916 CX 99918 0.017135
99916 CX 99643 0.017135
99916 CX 99919 0.017135
99916 CX 99642 0.017135
99916 P2 101054 0.706000
99916 P2 99916 0.294000
99916 X0 99917 0.987470
99916 X0 99916 0.004177
99916 X0 99919 0.004177
99916 X0 99918 0.004177
99916 X2 99640 0.996829
99916 X2 99916 0.003171
99917 CX 99641 0.880056
99917 CX 99917 0.017135
99917 CX 99640 0.017135
99917 CX 99916 0.017135
99917 CX 99642 0.017135
99917 CX 99919 0.017135
99917 CX 99643 0.017135
99917 CX 99918 0.017135
99917 P2 101337 0.706000
99917 P2 99917 0.294000
99917 X0 99916 0.987470
99917 X0 99917 0.004177
99917 X0 99918 0.004177
99917 X0 99919 0.004177
99917 X2 99641 0.996829
99917 X2 99917 0.003171
99918 CX 99643 0.880056
99918 CX 99918 0.017135
99918 CX 99642 0.017135
99918 CX 99919 0.017135
99918 CX 99640 0.017135
99918 CX 99916 0.017135
99918 CX 99641 0.017135
99918 CX 99917 0.017135
99918 P2 101620 0.706000
99918 P2 99918 0.294000
99918 X0 99919 0.987470
99918 X0 99918 0.004177
99918 X0 99917 0.004177
99918 X0 99916 0.004177
99918 X2 99643 0.996829
99918 X2 99918 0.003171
99919 CX 99919 0.880056
99919 CX 99642 0.017135
99919 CX 99918 0.017135
99919 CX 99643 0.017135
99919 CX 99917 0.017135
99919 CX 99641 0.017135
99919 CX 99916 0.017135
99919 CX 99640 0.017135
99919 P2 101903 0.706000
99919 P2 99919 0.294000
99919 X0 99918 0.987470
99919 X0 99919 0.004177
99919 X0 99916 0.004177
99919 X0 99917 0.004177
99919 X2 99642 0.996829
99919 X2 99919 0.003171
99922 CX 99922 0.880056
99922 CX 101054 0.017135
99922 CX 100205 0.017135
99922 CX 101337 0.017135
99922 CX 100771 0.017135
99922 CX 101620 0.017135
99922 CX 100488 0.017135
99922 CX 101903 0.017135
99922 P2 99640 0.916000
99922 P2 99922 0.084000
99922 X0 100205 0.987470
99922 X0 99922 0.004177
99922 X0 100488 0.004177
99922 X0 100771 0.004177
99922 X2 101054 0.996829
99922 X2 99922 0.003171
100205 CX 101337 0.880056
100205 CX 100205 0.017135
100205 CX 101054 0.017135
100205 CX 99922 0.017135
100205 CX 101903 0.017135
100205 CX 100488 0.017135
100205 CX 101620 0.017135
100205 CX 100771 0.017135
100205 P2 99641 0.916000
100205 P2 100205 0.084000
100205 X0 99922 0.987470
100205 X0 100205 0.004177
100205 X0 100771 0.004177
100205 X0 100488 0.004177
100205 X2 101337 0.996829
100205 X2 100205 0.003171
100488 CX 100488 0.880056
100488 CX 101903 0.017135
100488 CX 100771 0.017135
100488 CX 101620 0.017135
100488 CX 100205 0.017135
100488 CX 101337 0.017135
100488 CX 99922 0.017135
100488 CX 101054 0.017135
100488 P2 99642 0.916000
100488 P2 100488 0.084000
100488 X0 100771 0.987470
100488 X0 100488 0.004177
100488 X0 99922 0.004177
100488 X0 100205 0.004177
100488 X2 101903 0.996829
100488 X2 100488 0.003171
100771 CX 101620 0.880056
100771 CX 100771 0.017135
100771 CX 101903 0.017135
100771 CX 100488 0.017135
100771 CX 101054 0.017135
100771 CX 99922 0.017135
100771 CX 101337 0.017135
100771 CX 100205 0.017135
100771 P2 99643 0.916000
100771 P2 100771 0.084000
100771 X0 100488 0.987470
100771 X0 100771 0.004177
100771 X0 100205 0.004177
100771 X0 99922 0.004177
100771 X2 101620 0.996829
100771 X2 100771 0.003171
101054 CX 101054 0.880056
101054 CX 99922 0.017135
101054 CX 101337 0.017135
101054 CX 100205 0.017135
101054 CX 101620 0.017135
101054 CX 100771 0.017135
101054 CX 101903 0.017135
101054 CX 100488 0.017135
101054 P2 101054 0.706000
101054 P2 99916 0.294000
101054 X0 101337 0.987470
101054 X0 101054 0.004177
101054 X0 101903 0.004177
101054 X0 101620 0.004177
101054 X2 99922 0.996829
101054 X2 101054 0.003171
101337 CX 100205 0.880056
101337 CX 101337 0.017135
101337 CX 99922 0.017135
101337 CX 101054 0.017135
101337 CX 100488 0.017135
101337 CX 101903 0.017135
101337 CX 100771 0.017135
101337 CX 101620 0.017135
101337 P2 101337 0.706000
101337 P2 99917 0.294000
101337 X0 101054 0.987470
101337 X0 101337 0.004177
101337 X0 101620 0.004177
101337 X0 101903 0.004177
101337 X2 100205 0.996829
101337 X2 101337 0.003171
101620 CX 100771 0.880056
101620 CX 101620 0.017135
101620 CX 100488 0.017135
101620 CX 101903 0.017135
101620 CX 99922 0.017135
101620 CX 101054 0.017135
101620 CX 100205 0.017135
101620 CX 101337 0.017135
101620 P2 101620 0.706000
101620 P2 99918 0.294000
101620 X0 101903 0.987470
101620 X0 101620 0.004177
101620 X0 101337 0.004177
101620 X0 101054 0.004177
101620 X2 100771 0.996829
101620 X2 101620 0.003171
101903 CX 101903 0.880056
101903 CX 100488 0.017135
101903 CX 101620 0.017135
101903 CX 100771 0.017135
101903 CX 101337 0.017135
101903 CX 100205 0.017135
101903 CX 101054 0.017135
101903 CX 99922 0.017135
101903 P2 101903 0.706000
101903 P2 99919 0.294000
101903 X0 101620 0.987470
101903 X0 101903 0.004177
101903 X0 101054 0.004177
101903 X0 101337 0.004177
101903 X2 100488 0.996829
101903 X2 101903 0.003171
ENDPOMDP
