BEGINPOMDP
INITIALSTATE: 108697
STATES: 110112,110395,109829,109546,108974,108975,108976,108977,110961,109263,108980,110678,108697,108698,108699,108700,108701
REWARDS: 110112:1.0,110395:0.0,109829:0.0,109546:1.0,108974:1.0,108975:0.0,108976:0.0,108977:1.0,110961:1.0,109263:0.0,108980:1.0,110678:0.0,108697:0.0,108698:1.0,108699:0.0,108700:1.0,108701:0.0
GAMMA: 110112:1,110395:1,109829:1,109546:1,108974:0,108975:0,108976:0,108977:0,110961:1,109263:1,108980:1,110678:1,108697:0,108698:0,108699:0,108700:0,108701:0
BEGINACTIONS
CX
P2
X0
X2
ENDACTIONS
108697 INIT_ 108698 0.250000
108697 INIT_ 108699 0.250000
108697 INIT_ 108700 0.250000
108697 INIT_ 108701 0.250000
108698 CX 108698 0.927073
108698 CX 108974 0.010418
108698 CX 108699 0.010418
108698 CX 108975 0.010418
108698 CX 108701 0.010418
108698 CX 108976 0.010418
108698 CX 108700 0.010418
108698 CX 108977 0.010418
108698 P2 108698 0.952000
108698 P2 108980 0.048000
108698 X0 108699 0.997519
108698 X0 108698 0.000827
108698 X0 108700 0.000827
108698 X0 108701 0.000827
108698 X2 108974 0.985339
108698 X2 108698 0.014661
108699 CX 108975 0.927073
108699 CX 108699 0.010418
108699 CX 108974 0.010418
108699 CX 108698 0.010418
108699 CX 108977 0.010418
108699 CX 108700 0.010418
108699 CX 108976 0.010418
108699 CX 108701 0.010418
108699 P2 108699 0.952000
108699 P2 109263 0.048000
108699 X0 108698 0.997519
108699 X0 108699 0.000827
108699 X0 108701 0.000827
108699 X0 108700 0.000827
108699 X2 108975 0.985339
108699 X2 108699 0.014661
108700 CX 108700 0.927073
108700 CX 108977 0.010418
108700 CX 108701 0.010418
108700 CX 108976 0.010418
108700 CX 108699 0.010418
108700 CX 108975 0.010418
108700 CX 108698 0.010418
108700 CX 108974 0.010418
108700 P2 108700 0.952000
108700 P2 109546 0.048000
108700 X0 108701 0.997519
108700 X0 108700 0.000827
108700 X0 108698 0.000827
108700 X0 108699 0.000827
108700 X2 108977 0.985339
108700 X2 108700 0.014661
108701 CX 108976 0.927073
108701 CX 108701 0.010418
108701 CX 108977 0.010418
108701 CX 108700 0.010418
108701 CX 108974 0.010418
108701 CX 108698 0.010418
108701 CX 108975 0.010418
108701 CX 108699 0.010418
108701 P2 108701 0.952000
108701 P2 109829 0.048000
108701 X0 108700 0.997519
108701 X0 108701 0.000827
108701 X0 108699 0.000827
108701 X0 108698 0.000827
108701 X2 108976 0.985339
108701 X2 108701 0.014661
108974 CX 108974 0.927073
108974 CX 108698 0.010418
108974 CX 108975 0.010418
108974 CX 108699 0.010418
108974 CX 108976 0.010418
108974 CX 108701 0.010418
108974 CX 108977 0.010418
108974 CX 108700 0.010418
108974 P2 110112 0.962000
108974 P2 108974 0.038000
108974 X0 108975 0.997519
108974 X0 108974 0.000827
108974 X0 108977 0.000827
108974 X0 108976 0.000827
108974 X2 108698 0.985339
108974 X2 108974 0.014661
108975 CX 108699 0.927073
108975 CX 108975 0.010418
108975 CX 108698 0.010418
108975 CX 108974 0.010418
108975 CX 108700 0.010418
108975 CX 108977 0.010418
108975 CX 108701 0.010418
108975 CX 108976 0.010418
108975 P2 110395 0.962000
108975 P2 108975 0.038000
108975 X0 108974 0.997519
108975 X0 108975 0.000827
108975 X0 108976 0.000827
108975 X0 108977 0.000827
108975 X2 108699 0.985339
108975 X2 108975 0.014661
108976 CX 108701 0.927073
108976 CX 108976 0.010418
108976 CX 108700 0.010418
108976 CX 108977 0.010418
108976 CX 108698 0.010418
108976 CX 108974 0.010418
108976 CX 108699 0.010418
108976 CX 108975 0.010418
108976 P2 110678 0.962000
108976 P2 108976 0.038000
108976 X0 108977 0.997519
108976 X0 108976 0.000827
108976 X0 108975 0.000827
108976 X0 108974 0.000827
108976 X2 108701 0.985339
108976 X2 108976 0.014661
108977 CX 108977 0.927073
108977 CX 108700 0.010418
108977 CX 108976 0.010418
108977 CX 108701 0.010418
108977 CX 108975 0.010418
108977 CX 108699 0.010418
108977 CX 108974 0.010418
108977 CX 108698 0.010418
108977 P2 110961 0.962000
108977 P2 108977 0.038000
108977 X0 108976 0.997519
108977 X0 108977 0.000827
108977 X0 108974 0.000827
108977 X0 108975 0.000827
108977 X2 108700 0.985339
108977 X2 108977 0.014661
108980 CX 108980 0.927073
108980 CX 110112 0.010418
108980 CX 109263 0.010418
108980 CX 110395 0.010418
108980 CX 109829 0.010418
108980 CX 110678 0.010418
108980 CX 109546 0.010418
108980 CX 110961 0.010418
108980 P2 108698 0.952000
108980 P2 108980 0.048000
108980 X0 109263 0.997519
108980 X0 108980 0.000827
108980 X0 109546 0.000827
108980 X0 109829 0.000827
108980 X2 110112 0.985339
108980 X2 108980 0.014661
109263 CX 110395 0.927073
109263 CX 109263 0.010418
109263 CX 110112 0.010418
109263 CX 108980 0.010418
109263 CX 110961 0.010418
109263 CX 109546 0.010418
109263 CX 110678 0.010418
109263 CX 109829 0.010418
109263 P2 108699 0.952000
109263 P2 109263 0.048000
109263 X0 108980 0.997519
109263 X0 109263 0.000827
109263 X0 109829 0.000827
109263 X0 109546 0.000827
109263 X2 110395 0.985339
109263 X2 109263 0.014661
109546 CX 109546 0.927073
109546 CX 110961 0.010418
109546 CX 109829 0.010418
109546 CX 110678 0.010418
109546 CX 109263 0.010418
109546 CX 110395 0.010418
109546 CX 108980 0.010418
109546 CX 110112 0.010418
109546 P2 108700 0.952000
109546 P2 109546 0.048000
109546 X0 109829 0.997519
109546 X0 109546 0.000827
109546 X0 108980 0.000827
109546 X0 109263 0.000827
109546 X2 110961 0.985339
109546 X2 109546 0.014661
109829 CX 110678 0.927073
109829 CX 109829 0.010418
109829 CX 110961 0.010418
109829 CX 109546 0.010418
109829 CX 110112 0.010418
109829 CX 108980 0.010418
109829 CX 110395 0.010418
109829 CX 109263 0.010418
109829 P2 108701 0.952000
109829 P2 109829 0.048000
109829 X0 109546 0.997519
109829 X0 109829 0.000827
109829 X0 109263 0.000827
109829 X0 108980 0.000827
109829 X2 110678 0.985339
109829 X2 109829 0.014661
110112 CX 110112 0.927073
110112 CX 108980 0.010418
110112 CX 110395 0.010418
110112 CX 109263 0.010418
110112 CX 110678 0.010418
110112 CX 109829 0.010418
110112 CX 110961 0.010418
110112 CX 109546 0.010418
110112 P2 110112 0.962000
110112 P2 108974 0.038000
110112 X0 110395 0.997519
110112 X0 110112 0.000827
110112 X0 110961 0.000827
110112 X0 110678 0.000827
110112 X2 108980 0.985339
110112 X2 110112 0.014661
110395 CX 109263 0.927073
110395 CX 110395 0.010418
110395 CX 108980 0.010418
110395 CX 110112 0.010418
110395 CX 109546 0.010418
110395 CX 110961 0.010418
110395 CX 109829 0.010418
110395 CX 110678 0.010418
110395 P2 110395 0.962000
110395 P2 108975 0.038000
110395 X0 110112 0.997519
110395 X0 110395 0.000827
110395 X0 110678 0.000827
110395 X0 110961 0.000827
110395 X2 109263 0.985339
110395 X2 110395 0.014661
110678 CX 109829 0.927073
110678 CX 110678 0.010418
110678 CX 109546 0.010418
110678 CX 110961 0.010418
110678 CX 108980 0.010418
110678 CX 110112 0.010418
110678 CX 109263 0.010418
110678 CX 110395 0.010418
110678 P2 110678 0.962000
110678 P2 108976 0.038000
110678 X0 110961 0.997519
110678 X0 110678 0.000827
110678 X0 110395 0.000827
110678 X0 110112 0.000827
110678 X2 109829 0.985339
110678 X2 110678 0.014661
110961 CX 110961 0.927073
110961 CX 109546 0.010418
110961 CX 110678 0.010418
110961 CX 109829 0.010418
110961 CX 110395 0.010418
110961 CX 109263 0.010418
110961 CX 110112 0.010418
110961 CX 108980 0.010418
110961 P2 110961 0.962000
110961 P2 108977 0.038000
110961 X0 110678 0.997519
110961 X0 110961 0.000827
110961 X0 110112 0.000827
110961 X0 110395 0.000827
110961 X2 109546 0.985339
110961 X2 110961 0.014661
ENDPOMDP
