BEGINPOMDP
INITIALSTATE: 8810452
STATES: 8836451,8815652,8815653,8836452,8815654,8815655,8836453,8836454,8826060,8815662,8810452,8810453,8810454,8810455,8810456,8810459,8820861
REWARDS: 8836451:1.0,8815652:1.0,8815653:1.0,8836452:1.0,8815654:0.0,8815655:0.0,8836453:0.0,8836454:0.0,8826060:0.0,8815662:1.0,8810452:0.0,8810453:1.0,8810454:1.0,8810455:0.0,8810456:0.0,8810459:1.0,8820861:0.0
GAMMA: 8836451:1,8815652:0,8815653:0,8836452:1,8815654:0,8815655:0,8836453:1,8836454:1,8826060:1,8815662:1,8810452:0,8810453:0,8810454:0,8810455:0,8810456:0,8810459:1,8820861:1
BEGINACTIONS
P2
Z0
H
X2
ENDACTIONS
8810452 INIT_ 8810453 0.250000
8810452 INIT_ 8810454 0.250000
8810452 INIT_ 8810455 0.250000
8810452 INIT_ 8810456 0.250000
8810453 P2 8810453 0.352000
8810453 P2 8810459 0.648000
8810453 Z0 8810455 0.997479
8810453 Z0 8810456 0.000840
8810453 Z0 8810454 0.000840
8810453 Z0 8810453 0.000840
8810453 H 8810453 0.942827
8810453 H 8815652 0.009398
8810453 H 8810454 0.007963
8810453 H 8815653 0.007963
8810453 H 8810456 0.007963
8810453 H 8815654 0.007963
8810453 H 8810455 0.007963
8810453 H 8815655 0.007963
8810453 X2 8815652 0.998466
8810453 X2 8810453 0.001534
8810454 P2 8810454 0.352000
8810454 P2 8815662 0.648000
8810454 Z0 8810456 0.997479
8810454 Z0 8810455 0.000840
8810454 Z0 8810453 0.000840
8810454 Z0 8810454 0.000840
8810454 H 8810454 0.942827
8810454 H 8815653 0.009398
8810454 H 8810453 0.007963
8810454 H 8815652 0.007963
8810454 H 8810455 0.007963
8810454 H 8815655 0.007963
8810454 H 8810456 0.007963
8810454 H 8815654 0.007963
8810454 X2 8815653 0.998466
8810454 X2 8810454 0.001534
8810455 P2 8810455 0.352000
8810455 P2 8820861 0.648000
8810455 Z0 8810453 0.997479
8810455 Z0 8810454 0.000840
8810455 Z0 8810456 0.000840
8810455 Z0 8810455 0.000840
8810455 H 8815655 0.942827
8810455 H 8810455 0.009398
8810455 H 8815654 0.007963
8810455 H 8810456 0.007963
8810455 H 8815653 0.007963
8810455 H 8810454 0.007963
8810455 H 8815652 0.007963
8810455 H 8810453 0.007963
8810455 X2 8815655 0.998466
8810455 X2 8810455 0.001534
8810456 P2 8810456 0.352000
8810456 P2 8826060 0.648000
8810456 Z0 8810454 0.997479
8810456 Z0 8810453 0.000840
8810456 Z0 8810455 0.000840
8810456 Z0 8810456 0.000840
8810456 H 8815654 0.942827
8810456 H 8810456 0.009398
8810456 H 8815655 0.007963
8810456 H 8810455 0.007963
8810456 H 8815652 0.007963
8810456 H 8810453 0.007963
8810456 H 8815653 0.007963
8810456 H 8810454 0.007963
8810456 X2 8815654 0.998466
8810456 X2 8810456 0.001534
8810459 P2 8810453 0.352000
8810459 P2 8810459 0.648000
8810459 Z0 8820861 0.997479
8810459 Z0 8826060 0.000840
8810459 Z0 8815662 0.000840
8810459 Z0 8810459 0.000840
8810459 H 8810459 0.942827
8810459 H 8836451 0.009398
8810459 H 8815662 0.007963
8810459 H 8836452 0.007963
8810459 H 8826060 0.007963
8810459 H 8836453 0.007963
8810459 H 8820861 0.007963
8810459 H 8836454 0.007963
8810459 X2 8836451 0.998466
8810459 X2 8810459 0.001534
8815652 P2 8836451 0.870000
8815652 P2 8815652 0.130000
8815652 Z0 8815655 0.997479
8815652 Z0 8815654 0.000840
8815652 Z0 8815653 0.000840
8815652 Z0 8815652 0.000840
8815652 H 8815652 0.942827
8815652 H 8810453 0.009398
8815652 H 8815653 0.007963
8815652 H 8810454 0.007963
8815652 H 8815654 0.007963
8815652 H 8810456 0.007963
8815652 H 8815655 0.007963
8815652 H 8810455 0.007963
8815652 X2 8810453 0.998466
8815652 X2 8815652 0.001534
8815653 P2 8836452 0.870000
8815653 P2 8815653 0.130000
8815653 Z0 8815654 0.997479
8815653 Z0 8815655 0.000840
8815653 Z0 8815652 0.000840
8815653 Z0 8815653 0.000840
8815653 H 8815653 0.942827
8815653 H 8810454 0.009398
8815653 H 8815652 0.007963
8815653 H 8810453 0.007963
8815653 H 8815655 0.007963
8815653 H 8810455 0.007963
8815653 H 8815654 0.007963
8815653 H 8810456 0.007963
8815653 X2 8810454 0.998466
8815653 X2 8815653 0.001534
8815654 P2 8836453 0.870000
8815654 P2 8815654 0.130000
8815654 Z0 8815653 0.997479
8815654 Z0 8815652 0.000840
8815654 Z0 8815655 0.000840
8815654 Z0 8815654 0.000840
8815654 H 8810456 0.942827
8815654 H 8815654 0.009398
8815654 H 8810455 0.007963
8815654 H 8815655 0.007963
8815654 H 8810453 0.007963
8815654 H 8815652 0.007963
8815654 H 8810454 0.007963
8815654 H 8815653 0.007963
8815654 X2 8810456 0.998466
8815654 X2 8815654 0.001534
8815655 P2 8836454 0.870000
8815655 P2 8815655 0.130000
8815655 Z0 8815652 0.997479
8815655 Z0 8815653 0.000840
8815655 Z0 8815654 0.000840
8815655 Z0 8815655 0.000840
8815655 H 8810455 0.942827
8815655 H 8815655 0.009398
8815655 H 8810456 0.007963
8815655 H 8815654 0.007963
8815655 H 8810454 0.007963
8815655 H 8815653 0.007963
8815655 H 8810453 0.007963
8815655 H 8815652 0.007963
8815655 X2 8810455 0.998466
8815655 X2 8815655 0.001534
8815662 P2 8810454 0.352000
8815662 P2 8815662 0.648000
8815662 Z0 8826060 0.997479
8815662 Z0 8820861 0.000840
8815662 Z0 8810459 0.000840
8815662 Z0 8815662 0.000840
8815662 H 8815662 0.942827
8815662 H 8836452 0.009398
8815662 H 8810459 0.007963
8815662 H 8836451 0.007963
8815662 H 8820861 0.007963
8815662 H 8836454 0.007963
8815662 H 8826060 0.007963
8815662 H 8836453 0.007963
8815662 X2 8836452 0.998466
8815662 X2 8815662 0.001534
8820861 P2 8810455 0.352000
8820861 P2 8820861 0.648000
8820861 Z0 8810459 0.997479
8820861 Z0 8815662 0.000840
8820861 Z0 8826060 0.000840
8820861 Z0 8820861 0.000840
8820861 H 8836454 0.942827
8820861 H 8820861 0.009398
8820861 H 8836453 0.007963
8820861 H 8826060 0.007963
8820861 H 8836452 0.007963
8820861 H 8815662 0.007963
8820861 H 8836451 0.007963
8820861 H 8810459 0.007963
8820861 X2 8836454 0.998466
8820861 X2 8820861 0.001534
8826060 P2 8810456 0.352000
8826060 P2 8826060 0.648000
8826060 Z0 8815662 0.997479
8826060 Z0 8810459 0.000840
8826060 Z0 8820861 0.000840
8826060 Z0 8826060 0.000840
8826060 H 8836453 0.942827
8826060 H 8826060 0.009398
8826060 H 8836454 0.007963
8826060 H 8820861 0.007963
8826060 H 8836451 0.007963
8826060 H 8810459 0.007963
8826060 H 8836452 0.007963
8826060 H 8815662 0.007963
8826060 X2 8836453 0.998466
8826060 X2 8826060 0.001534
8836451 P2 8836451 0.870000
8836451 P2 8815652 0.130000
8836451 Z0 8836454 0.997479
8836451 Z0 8836453 0.000840
8836451 Z0 8836452 0.000840
8836451 Z0 8836451 0.000840
8836451 H 8836451 0.942827
8836451 H 8810459 0.009398
8836451 H 8836452 0.007963
8836451 H 8815662 0.007963
8836451 H 8836453 0.007963
8836451 H 8826060 0.007963
8836451 H 8836454 0.007963
8836451 H 8820861 0.007963
8836451 X2 8810459 0.998466
8836451 X2 8836451 0.001534
8836452 P2 8836452 0.870000
8836452 P2 8815653 0.130000
8836452 Z0 8836453 0.997479
8836452 Z0 8836454 0.000840
8836452 Z0 8836451 0.000840
8836452 Z0 8836452 0.000840
8836452 H 8836452 0.942827
8836452 H 8815662 0.009398
8836452 H 8836451 0.007963
8836452 H 8810459 0.007963
8836452 H 8836454 0.007963
8836452 H 8820861 0.007963
8836452 H 8836453 0.007963
8836452 H 8826060 0.007963
8836452 X2 8815662 0.998466
8836452 X2 8836452 0.001534
8836453 P2 8836453 0.870000
8836453 P2 8815654 0.130000
8836453 Z0 8836452 0.997479
8836453 Z0 8836451 0.000840
8836453 Z0 8836454 0.000840
8836453 Z0 8836453 0.000840
8836453 H 8826060 0.942827
8836453 H 8836453 0.009398
8836453 H 8820861 0.007963
8836453 H 8836454 0.007963
8836453 H 8810459 0.007963
8836453 H 8836451 0.007963
8836453 H 8815662 0.007963
8836453 H 8836452 0.007963
8836453 X2 8826060 0.998466
8836453 X2 8836453 0.001534
8836454 P2 8836454 0.870000
8836454 P2 8815655 0.130000
8836454 Z0 8836451 0.997479
8836454 Z0 8836452 0.000840
8836454 Z0 8836453 0.000840
8836454 Z0 8836454 0.000840
8836454 H 8820861 0.942827
8836454 H 8836454 0.009398
8836454 H 8826060 0.007963
8836454 H 8836453 0.007963
8836454 H 8815662 0.007963
8836454 H 8836452 0.007963
8836454 H 8810459 0.007963
8836454 H 8836451 0.007963
8836454 X2 8820861 0.998466
8836454 X2 8836454 0.001534
ENDPOMDP
