BEGINPOMDP
INITIALSTATE: 324761
STATES: 326176,326459,325893,325610,325038,325039,325040,325041,327025,325327,325044,326742,324761,324762,324763,324764,324765
REWARDS: 326176:1.0,326459:0.0,325893:0.0,325610:1.0,325038:1.0,325039:0.0,325040:0.0,325041:1.0,327025:1.0,325327:0.0,325044:1.0,326742:0.0,324761:0.0,324762:1.0,324763:0.0,324764:1.0,324765:0.0
GAMMA: 326176:1,326459:1,325893:1,325610:1,325038:0,325039:0,325040:0,325041:0,327025:1,325327:1,325044:1,326742:1,324761:0,324762:0,324763:0,324764:0,324765:0
BEGINACTIONS
CX
P2
X0
X2
ENDACTIONS
324761 INIT_ 324762 0.250000
324761 INIT_ 324763 0.250000
324761 INIT_ 324764 0.250000
324761 INIT_ 324765 0.250000
324762 CX 324762 0.932967
324762 CX 325038 0.009576
324762 CX 324763 0.009576
324762 CX 325039 0.009576
324762 CX 324765 0.009576
324762 CX 325040 0.009576
324762 CX 324764 0.009576
324762 CX 325041 0.009576
324762 P2 324762 0.979600
324762 P2 325044 0.020400
324762 X0 324763 0.997511
324762 X0 324762 0.000830
324762 X0 324764 0.000830
324762 X0 324765 0.000830
324762 X2 325038 0.999242
324762 X2 324762 0.000758
324763 CX 325039 0.932967
324763 CX 324763 0.009576
324763 CX 325038 0.009576
324763 CX 324762 0.009576
324763 CX 325041 0.009576
324763 CX 324764 0.009576
324763 CX 325040 0.009576
324763 CX 324765 0.009576
324763 P2 324763 0.979600
324763 P2 325327 0.020400
324763 X0 324762 0.997511
324763 X0 324763 0.000830
324763 X0 324765 0.000830
324763 X0 324764 0.000830
324763 X2 325039 0.999242
324763 X2 324763 0.000758
324764 CX 324764 0.932967
324764 CX 325041 0.009576
324764 CX 324765 0.009576
324764 CX 325040 0.009576
324764 CX 324763 0.009576
324764 CX 325039 0.009576
324764 CX 324762 0.009576
324764 CX 325038 0.009576
324764 P2 324764 0.979600
324764 P2 325610 0.020400
324764 X0 324765 0.997511
324764 X0 324764 0.000830
324764 X0 324762 0.000830
324764 X0 324763 0.000830
324764 X2 325041 0.999242
324764 X2 324764 0.000758
324765 CX 325040 0.932967
324765 CX 324765 0.009576
324765 CX 325041 0.009576
324765 CX 324764 0.009576
324765 CX 325038 0.009576
324765 CX 324762 0.009576
324765 CX 325039 0.009576
324765 CX 324763 0.009576
324765 P2 324765 0.979600
324765 P2 325893 0.020400
324765 X0 324764 0.997511
324765 X0 324765 0.000830
324765 X0 324763 0.000830
324765 X0 324762 0.000830
324765 X2 325040 0.999242
324765 X2 324765 0.000758
325038 CX 325038 0.932967
325038 CX 324762 0.009576
325038 CX 325039 0.009576
325038 CX 324763 0.009576
325038 CX 325040 0.009576
325038 CX 324765 0.009576
325038 CX 325041 0.009576
325038 CX 324764 0.009576
325038 P2 326176 0.960400
325038 P2 325038 0.039600
325038 X0 325039 0.997511
325038 X0 325038 0.000830
325038 X0 325041 0.000830
325038 X0 325040 0.000830
325038 X2 324762 0.999242
325038 X2 325038 0.000758
325039 CX 324763 0.932967
325039 CX 325039 0.009576
325039 CX 324762 0.009576
325039 CX 325038 0.009576
325039 CX 324764 0.009576
325039 CX 325041 0.009576
325039 CX 324765 0.009576
325039 CX 325040 0.009576
325039 P2 326459 0.960400
325039 P2 325039 0.039600
325039 X0 325038 0.997511
325039 X0 325039 0.000830
325039 X0 325040 0.000830
325039 X0 325041 0.000830
325039 X2 324763 0.999242
325039 X2 325039 0.000758
325040 CX 324765 0.932967
325040 CX 325040 0.009576
325040 CX 324764 0.009576
325040 CX 325041 0.009576
325040 CX 324762 0.009576
325040 CX 325038 0.009576
325040 CX 324763 0.009576
325040 CX 325039 0.009576
325040 P2 326742 0.960400
325040 P2 325040 0.039600
325040 X0 325041 0.997511
325040 X0 325040 0.000830
325040 X0 325039 0.000830
325040 X0 325038 0.000830
325040 X2 324765 0.999242
325040 X2 325040 0.000758
325041 CX 325041 0.932967
325041 CX 324764 0.009576
325041 CX 325040 0.009576
325041 CX 324765 0.009576
325041 CX 325039 0.009576
325041 CX 324763 0.009576
325041 CX 325038 0.009576
325041 CX 324762 0.009576
325041 P2 327025 0.960400
325041 P2 325041 0.039600
325041 X0 325040 0.997511
325041 X0 325041 0.000830
325041 X0 325038 0.000830
325041 X0 325039 0.000830
325041 X2 324764 0.999242
325041 X2 325041 0.000758
325044 CX 325044 0.932967
325044 CX 326176 0.009576
325044 CX 325327 0.009576
325044 CX 326459 0.009576
325044 CX 325893 0.009576
325044 CX 326742 0.009576
325044 CX 325610 0.009576
325044 CX 327025 0.009576
325044 P2 324762 0.979600
325044 P2 325044 0.020400
325044 X0 325327 0.997511
325044 X0 325044 0.000830
325044 X0 325610 0.000830
325044 X0 325893 0.000830
325044 X2 326176 0.999242
325044 X2 325044 0.000758
325327 CX 326459 0.932967
325327 CX 325327 0.009576
325327 CX 326176 0.009576
325327 CX 325044 0.009576
325327 CX 327025 0.009576
325327 CX 325610 0.009576
325327 CX 326742 0.009576
325327 CX 325893 0.009576
325327 P2 324763 0.979600
325327 P2 325327 0.020400
325327 X0 325044 0.997511
325327 X0 325327 0.000830
325327 X0 325893 0.000830
325327 X0 325610 0.000830
325327 X2 326459 0.999242
325327 X2 325327 0.000758
325610 CX 325610 0.932967
325610 CX 327025 0.009576
325610 CX 325893 0.009576
325610 CX 326742 0.009576
325610 CX 325327 0.009576
325610 CX 326459 0.009576
325610 CX 325044 0.009576
325610 CX 326176 0.009576
325610 P2 324764 0.979600
325610 P2 325610 0.020400
325610 X0 325893 0.997511
325610 X0 325610 0.000830
325610 X0 325044 0.000830
325610 X0 325327 0.000830
325610 X2 327025 0.999242
325610 X2 325610 0.000758
325893 CX 326742 0.932967
325893 CX 325893 0.009576
325893 CX 327025 0.009576
325893 CX 325610 0.009576
325893 CX 326176 0.009576
325893 CX 325044 0.009576
325893 CX 326459 0.009576
325893 CX 325327 0.009576
325893 P2 324765 0.979600
325893 P2 325893 0.020400
325893 X0 325610 0.997511
325893 X0 325893 0.000830
325893 X0 325327 0.000830
325893 X0 325044 0.000830
325893 X2 326742 0.999242
325893 X2 325893 0.000758
326176 CX 326176 0.932967
326176 CX 325044 0.009576
326176 CX 326459 0.009576
326176 CX 325327 0.009576
326176 CX 326742 0.009576
326176 CX 325893 0.009576
326176 CX 327025 0.009576
326176 CX 325610 0.009576
326176 P2 326176 0.960400
326176 P2 325038 0.039600
326176 X0 326459 0.997511
326176 X0 326176 0.000830
326176 X0 327025 0.000830
326176 X0 326742 0.000830
326176 X2 325044 0.999242
326176 X2 326176 0.000758
326459 CX 325327 0.932967
326459 CX 326459 0.009576
326459 CX 325044 0.009576
326459 CX 326176 0.009576
326459 CX 325610 0.009576
326459 CX 327025 0.009576
326459 CX 325893 0.009576
326459 CX 326742 0.009576
326459 P2 326459 0.960400
326459 P2 325039 0.039600
326459 X0 326176 0.997511
326459 X0 326459 0.000830
326459 X0 326742 0.000830
326459 X0 327025 0.000830
326459 X2 325327 0.999242
326459 X2 326459 0.000758
326742 CX 325893 0.932967
326742 CX 326742 0.009576
326742 CX 325610 0.009576
326742 CX 327025 0.009576
326742 CX 325044 0.009576
326742 CX 326176 0.009576
326742 CX 325327 0.009576
326742 CX 326459 0.009576
326742 P2 326742 0.960400
326742 P2 325040 0.039600
326742 X0 327025 0.997511
326742 X0 326742 0.000830
326742 X0 326459 0.000830
326742 X0 326176 0.000830
326742 X2 325893 0.999242
326742 X2 326742 0.000758
327025 CX 327025 0.932967
327025 CX 325610 0.009576
327025 CX 326742 0.009576
327025 CX 325893 0.009576
327025 CX 326459 0.009576
327025 CX 325327 0.009576
327025 CX 326176 0.009576
327025 CX 325044 0.009576
327025 P2 327025 0.960400
327025 P2 325041 0.039600
327025 X0 326742 0.997511
327025 X0 327025 0.000830
327025 X0 326176 0.000830
327025 X0 326459 0.000830
327025 X2 325610 0.999242
327025 X2 327025 0.000758
ENDPOMDP
