BEGINPOMDP
INITIALSTATE: 333819
STATES: 335234,335517,334951,334668,334096,334097,334098,334099,336083,334385,334102,335800,333819,333820,333821,333822,333823
REWARDS: 335234:1.0,335517:0.0,334951:0.0,334668:1.0,334096:1.0,334097:0.0,334098:0.0,334099:1.0,336083:1.0,334385:0.0,334102:1.0,335800:0.0,333819:0.0,333820:1.0,333821:0.0,333822:1.0,333823:0.0
GAMMA: 335234:1,335517:1,334951:1,334668:1,334096:0,334097:0,334098:0,334099:0,336083:1,334385:1,334102:1,335800:1,333819:0,333820:0,333821:0,333822:0,333823:0
BEGINACTIONS
CX
P2
X0
X2
ENDACTIONS
333819 INIT_ 333820 0.250000
333819 INIT_ 333821 0.250000
333819 INIT_ 333822 0.250000
333819 INIT_ 333823 0.250000
333820 CX 333820 0.906598
333820 CX 334096 0.013343
333820 CX 333821 0.013343
333820 CX 334097 0.013343
333820 CX 333823 0.013343
333820 CX 334098 0.013343
333820 CX 333822 0.013343
333820 CX 334099 0.013343
333820 P2 333820 0.697000
333820 P2 334102 0.303000
333820 X0 333821 0.995818
333820 X0 333820 0.001394
333820 X0 333822 0.001394
333820 X0 333823 0.001394
333820 X2 334096 0.998341
333820 X2 333820 0.001659
333821 CX 334097 0.906598
333821 CX 333821 0.013343
333821 CX 334096 0.013343
333821 CX 333820 0.013343
333821 CX 334099 0.013343
333821 CX 333822 0.013343
333821 CX 334098 0.013343
333821 CX 333823 0.013343
333821 P2 333821 0.697000
333821 P2 334385 0.303000
333821 X0 333820 0.995818
333821 X0 333821 0.001394
333821 X0 333823 0.001394
333821 X0 333822 0.001394
333821 X2 334097 0.998341
333821 X2 333821 0.001659
333822 CX 333822 0.906598
333822 CX 334099 0.013343
333822 CX 333823 0.013343
333822 CX 334098 0.013343
333822 CX 333821 0.013343
333822 CX 334097 0.013343
333822 CX 333820 0.013343
333822 CX 334096 0.013343
333822 P2 333822 0.697000
333822 P2 334668 0.303000
333822 X0 333823 0.995818
333822 X0 333822 0.001394
333822 X0 333820 0.001394
333822 X0 333821 0.001394
333822 X2 334099 0.998341
333822 X2 333822 0.001659
333823 CX 334098 0.906598
333823 CX 333823 0.013343
333823 CX 334099 0.013343
333823 CX 333822 0.013343
333823 CX 334096 0.013343
333823 CX 333820 0.013343
333823 CX 334097 0.013343
333823 CX 333821 0.013343
333823 P2 333823 0.697000
333823 P2 334951 0.303000
333823 X0 333822 0.995818
333823 X0 333823 0.001394
333823 X0 333821 0.001394
333823 X0 333820 0.001394
333823 X2 334098 0.998341
333823 X2 333823 0.001659
334096 CX 334096 0.906598
334096 CX 333820 0.013343
334096 CX 334097 0.013343
334096 CX 333821 0.013343
334096 CX 334098 0.013343
334096 CX 333823 0.013343
334096 CX 334099 0.013343
334096 CX 333822 0.013343
334096 P2 335234 0.929800
334096 P2 334096 0.070200
334096 X0 334097 0.995818
334096 X0 334096 0.001394
334096 X0 334099 0.001394
334096 X0 334098 0.001394
334096 X2 333820 0.998341
334096 X2 334096 0.001659
334097 CX 333821 0.906598
334097 CX 334097 0.013343
334097 CX 333820 0.013343
334097 CX 334096 0.013343
334097 CX 333822 0.013343
334097 CX 334099 0.013343
334097 CX 333823 0.013343
334097 CX 334098 0.013343
334097 P2 335517 0.929800
334097 P2 334097 0.070200
334097 X0 334096 0.995818
334097 X0 334097 0.001394
334097 X0 334098 0.001394
334097 X0 334099 0.001394
334097 X2 333821 0.998341
334097 X2 334097 0.001659
334098 CX 333823 0.906598
334098 CX 334098 0.013343
334098 CX 333822 0.013343
334098 CX 334099 0.013343
334098 CX 333820 0.013343
334098 CX 334096 0.013343
334098 CX 333821 0.013343
334098 CX 334097 0.013343
334098 P2 335800 0.929800
334098 P2 334098 0.070200
334098 X0 334099 0.995818
334098 X0 334098 0.001394
334098 X0 334097 0.001394
334098 X0 334096 0.001394
334098 X2 333823 0.998341
334098 X2 334098 0.001659
334099 CX 334099 0.906598
334099 CX 333822 0.013343
334099 CX 334098 0.013343
334099 CX 333823 0.013343
334099 CX 334097 0.013343
334099 CX 333821 0.013343
334099 CX 334096 0.013343
334099 CX 333820 0.013343
334099 P2 336083 0.929800
334099 P2 334099 0.070200
334099 X0 334098 0.995818
334099 X0 334099 0.001394
334099 X0 334096 0.001394
334099 X0 334097 0.001394
334099 X2 333822 0.998341
334099 X2 334099 0.001659
334102 CX 334102 0.906598
334102 CX 335234 0.013343
334102 CX 334385 0.013343
334102 CX 335517 0.013343
334102 CX 334951 0.013343
334102 CX 335800 0.013343
334102 CX 334668 0.013343
334102 CX 336083 0.013343
334102 P2 333820 0.697000
334102 P2 334102 0.303000
334102 X0 334385 0.995818
334102 X0 334102 0.001394
334102 X0 334668 0.001394
334102 X0 334951 0.001394
334102 X2 335234 0.998341
334102 X2 334102 0.001659
334385 CX 335517 0.906598
334385 CX 334385 0.013343
334385 CX 335234 0.013343
334385 CX 334102 0.013343
334385 CX 336083 0.013343
334385 CX 334668 0.013343
334385 CX 335800 0.013343
334385 CX 334951 0.013343
334385 P2 333821 0.697000
334385 P2 334385 0.303000
334385 X0 334102 0.995818
334385 X0 334385 0.001394
334385 X0 334951 0.001394
334385 X0 334668 0.001394
334385 X2 335517 0.998341
334385 X2 334385 0.001659
334668 CX 334668 0.906598
334668 CX 336083 0.013343
334668 CX 334951 0.013343
334668 CX 335800 0.013343
334668 CX 334385 0.013343
334668 CX 335517 0.013343
334668 CX 334102 0.013343
334668 CX 335234 0.013343
334668 P2 333822 0.697000
334668 P2 334668 0.303000
334668 X0 334951 0.995818
334668 X0 334668 0.001394
334668 X0 334102 0.001394
334668 X0 334385 0.001394
334668 X2 336083 0.998341
334668 X2 334668 0.001659
334951 CX 335800 0.906598
334951 CX 334951 0.013343
334951 CX 336083 0.013343
334951 CX 334668 0.013343
334951 CX 335234 0.013343
334951 CX 334102 0.013343
334951 CX 335517 0.013343
334951 CX 334385 0.013343
334951 P2 333823 0.697000
334951 P2 334951 0.303000
334951 X0 334668 0.995818
334951 X0 334951 0.001394
334951 X0 334385 0.001394
334951 X0 334102 0.001394
334951 X2 335800 0.998341
334951 X2 334951 0.001659
335234 CX 335234 0.906598
335234 CX 334102 0.013343
335234 CX 335517 0.013343
335234 CX 334385 0.013343
335234 CX 335800 0.013343
335234 CX 334951 0.013343
335234 CX 336083 0.013343
335234 CX 334668 0.013343
335234 P2 335234 0.929800
335234 P2 334096 0.070200
335234 X0 335517 0.995818
335234 X0 335234 0.001394
335234 X0 336083 0.001394
335234 X0 335800 0.001394
335234 X2 334102 0.998341
335234 X2 335234 0.001659
335517 CX 334385 0.906598
335517 CX 335517 0.013343
335517 CX 334102 0.013343
335517 CX 335234 0.013343
335517 CX 334668 0.013343
335517 CX 336083 0.013343
335517 CX 334951 0.013343
335517 CX 335800 0.013343
335517 P2 335517 0.929800
335517 P2 334097 0.070200
335517 X0 335234 0.995818
335517 X0 335517 0.001394
335517 X0 335800 0.001394
335517 X0 336083 0.001394
335517 X2 334385 0.998341
335517 X2 335517 0.001659
335800 CX 334951 0.906598
335800 CX 335800 0.013343
335800 CX 334668 0.013343
335800 CX 336083 0.013343
335800 CX 334102 0.013343
335800 CX 335234 0.013343
335800 CX 334385 0.013343
335800 CX 335517 0.013343
335800 P2 335800 0.929800
335800 P2 334098 0.070200
335800 X0 336083 0.995818
335800 X0 335800 0.001394
335800 X0 335517 0.001394
335800 X0 335234 0.001394
335800 X2 334951 0.998341
335800 X2 335800 0.001659
336083 CX 336083 0.906598
336083 CX 334668 0.013343
336083 CX 335800 0.013343
336083 CX 334951 0.013343
336083 CX 335517 0.013343
336083 CX 334385 0.013343
336083 CX 335234 0.013343
336083 CX 334102 0.013343
336083 P2 336083 0.929800
336083 P2 334099 0.070200
336083 X0 335800 0.995818
336083 X0 336083 0.001394
336083 X0 335234 0.001394
336083 X0 335517 0.001394
336083 X2 334668 0.998341
336083 X2 336083 0.001659
ENDPOMDP
