BEGINPOMDP
INITIALSTATE: 1588858
STATES: 1588858,1588859,1588860,1588861,1588862,1588879,1588880,1588881,1588882,1588883,1588884,1588885,1588886,1588905,1588944,1588983,1589022,1589043,1589044,1589045,1589046,1589335,1589336,1589337,1589338,1589339,1589340,1589341,1589342,1589513,1589552,1589591,1589630
TARGETV: 1588859,1588861,1588905,1588983,1589043,1589046,1589513,1589630
GAMMA: 1588858:0,1588859:0,1588860:0,1588861:0,1588862:0,1588879:0,1588880:0,1588881:0,1588882:0,1588883:0,1588884:0,1588885:0,1588886:0,1588905:1,1588944:1,1588983:1,1589022:1,1589043:0,1589044:0,1589045:0,1589046:0,1589335:1,1589336:1,1589337:1,1589338:1,1589339:1,1589340:1,1589341:1,1589342:1,1589513:1,1589552:1,1589591:1,1589630:1
BEGINACTIONS
CX02
CX12
P2
X0
ENDACTIONS
1588858 INIT_ 1588859 0.250000
1588858 INIT_ 1588860 0.250000
1588858 INIT_ 1588861 0.250000
1588858 INIT_ 1588862 0.250000
1588859 CX02 1588879 0.992183
1588859 CX02 1588880 0.001117
1588859 CX02 1588881 0.001117
1588859 CX02 1588882 0.001117
1588859 CX02 1588883 0.001117
1588859 CX02 1588884 0.001117
1588859 CX02 1588885 0.001117
1588859 CX02 1588886 0.001117
1588859 CX12 1588879 0.989548
1588859 CX12 1588880 0.001493
1588859 CX12 1588881 0.001493
1588859 CX12 1588882 0.001493
1588859 CX12 1588884 0.001493
1588859 CX12 1588883 0.001493
1588859 CX12 1588886 0.001493
1588859 CX12 1588885 0.001493
1588859 P2 1588859 0.985700
1588859 P2 1588905 0.014300
1588859 X0 1588860 0.999610
1588859 X0 1588859 0.000130
1588859 X0 1588861 0.000130
1588859 X0 1588862 0.000130
1588860 CX02 1588884 0.992183
1588860 CX02 1588883 0.001117
1588860 CX02 1588886 0.001117
1588860 CX02 1588885 0.001117
1588860 CX02 1588880 0.001117
1588860 CX02 1588879 0.001117
1588860 CX02 1588882 0.001117
1588860 CX02 1588881 0.001117
1588860 CX12 1588883 0.989548
1588860 CX12 1588884 0.001493
1588860 CX12 1588885 0.001493
1588860 CX12 1588886 0.001493
1588860 CX12 1588880 0.001493
1588860 CX12 1588879 0.001493
1588860 CX12 1588882 0.001493
1588860 CX12 1588881 0.001493
1588860 P2 1588860 0.985700
1588860 P2 1588944 0.014300
1588860 X0 1588859 0.999610
1588860 X0 1588860 0.000130
1588860 X0 1588862 0.000130
1588860 X0 1588861 0.000130
1588861 CX02 1588882 0.992183
1588861 CX02 1588881 0.001117
1588861 CX02 1588880 0.001117
1588861 CX02 1588879 0.001117
1588861 CX02 1588886 0.001117
1588861 CX02 1588885 0.001117
1588861 CX02 1588884 0.001117
1588861 CX02 1588883 0.001117
1588861 CX12 1588882 0.989548
1588861 CX12 1588881 0.001493
1588861 CX12 1588880 0.001493
1588861 CX12 1588879 0.001493
1588861 CX12 1588885 0.001493
1588861 CX12 1588886 0.001493
1588861 CX12 1588883 0.001493
1588861 CX12 1588884 0.001493
1588861 P2 1588861 0.985700
1588861 P2 1588983 0.014300
1588861 X0 1588862 0.999610
1588861 X0 1588861 0.000130
1588861 X0 1588859 0.000130
1588861 X0 1588860 0.000130
1588862 CX02 1588885 0.992183
1588862 CX02 1588886 0.001117
1588862 CX02 1588883 0.001117
1588862 CX02 1588884 0.001117
1588862 CX02 1588881 0.001117
1588862 CX02 1588882 0.001117
1588862 CX02 1588879 0.001117
1588862 CX02 1588880 0.001117
1588862 CX12 1588886 0.989548
1588862 CX12 1588885 0.001493
1588862 CX12 1588884 0.001493
1588862 CX12 1588883 0.001493
1588862 CX12 1588881 0.001493
1588862 CX12 1588882 0.001493
1588862 CX12 1588879 0.001493
1588862 CX12 1588880 0.001493
1588862 P2 1588862 0.985700
1588862 P2 1589022 0.014300
1588862 X0 1588861 0.999610
1588862 X0 1588862 0.000130
1588862 X0 1588860 0.000130
1588862 X0 1588859 0.000130
1588879 CX02 1588859 0.992183
1588879 CX02 1589043 0.001117
1588879 CX02 1588860 0.001117
1588879 CX02 1589044 0.001117
1588879 CX02 1588862 0.001117
1588879 CX02 1589045 0.001117
1588879 CX02 1588861 0.001117
1588879 CX02 1589046 0.001117
1588879 CX12 1588859 0.989548
1588879 CX12 1589043 0.001493
1588879 CX12 1588860 0.001493
1588879 CX12 1589044 0.001493
1588879 CX12 1588862 0.001493
1588879 CX12 1589045 0.001493
1588879 CX12 1588861 0.001493
1588879 CX12 1589046 0.001493
1588879 X0 1588883 0.999610
1588879 X0 1588879 0.000130
1588879 X0 1588882 0.000130
1588879 X0 1588886 0.000130
1588880 CX02 1589043 0.992183
1588880 CX02 1588859 0.001117
1588880 CX02 1589044 0.001117
1588880 CX02 1588860 0.001117
1588880 CX02 1589045 0.001117
1588880 CX02 1588862 0.001117
1588880 CX02 1589046 0.001117
1588880 CX02 1588861 0.001117
1588880 CX12 1589043 0.989548
1588880 CX12 1588859 0.001493
1588880 CX12 1589044 0.001493
1588880 CX12 1588860 0.001493
1588880 CX12 1589045 0.001493
1588880 CX12 1588862 0.001493
1588880 CX12 1589046 0.001493
1588880 CX12 1588861 0.001493
1588880 X0 1588884 0.999610
1588880 X0 1588880 0.000130
1588880 X0 1588881 0.000130
1588880 X0 1588885 0.000130
1588881 CX02 1589046 0.992183
1588881 CX02 1588861 0.001117
1588881 CX02 1589045 0.001117
1588881 CX02 1588862 0.001117
1588881 CX02 1589044 0.001117
1588881 CX02 1588860 0.001117
1588881 CX02 1589043 0.001117
1588881 CX02 1588859 0.001117
1588881 CX12 1589046 0.989548
1588881 CX12 1588861 0.001493
1588881 CX12 1589045 0.001493
1588881 CX12 1588862 0.001493
1588881 CX12 1589044 0.001493
1588881 CX12 1588860 0.001493
1588881 CX12 1589043 0.001493
1588881 CX12 1588859 0.001493
1588881 X0 1588885 0.999610
1588881 X0 1588881 0.000130
1588881 X0 1588880 0.000130
1588881 X0 1588884 0.000130
1588882 CX02 1588861 0.992183
1588882 CX02 1589046 0.001117
1588882 CX02 1588862 0.001117
1588882 CX02 1589045 0.001117
1588882 CX02 1588860 0.001117
1588882 CX02 1589044 0.001117
1588882 CX02 1588859 0.001117
1588882 CX02 1589043 0.001117
1588882 CX12 1588861 0.989548
1588882 CX12 1589046 0.001493
1588882 CX12 1588862 0.001493
1588882 CX12 1589045 0.001493
1588882 CX12 1588860 0.001493
1588882 CX12 1589044 0.001493
1588882 CX12 1588859 0.001493
1588882 CX12 1589043 0.001493
1588882 X0 1588886 0.999610
1588882 X0 1588882 0.000130
1588882 X0 1588879 0.000130
1588882 X0 1588883 0.000130
1588883 CX02 1589044 0.992183
1588883 CX02 1588860 0.001117
1588883 CX02 1589043 0.001117
1588883 CX02 1588859 0.001117
1588883 CX02 1589046 0.001117
1588883 CX02 1588861 0.001117
1588883 CX02 1589045 0.001117
1588883 CX02 1588862 0.001117
1588883 CX12 1588860 0.989548
1588883 CX12 1589044 0.001493
1588883 CX12 1588859 0.001493
1588883 CX12 1589043 0.001493
1588883 CX12 1588861 0.001493
1588883 CX12 1589046 0.001493
1588883 CX12 1588862 0.001493
1588883 CX12 1589045 0.001493
1588883 X0 1588879 0.999610
1588883 X0 1588883 0.000130
1588883 X0 1588886 0.000130
1588883 X0 1588882 0.000130
1588884 CX02 1588860 0.992183
1588884 CX02 1589044 0.001117
1588884 CX02 1588859 0.001117
1588884 CX02 1589043 0.001117
1588884 CX02 1588861 0.001117
1588884 CX02 1589046 0.001117
1588884 CX02 1588862 0.001117
1588884 CX02 1589045 0.001117
1588884 CX12 1589044 0.989548
1588884 CX12 1588860 0.001493
1588884 CX12 1589043 0.001493
1588884 CX12 1588859 0.001493
1588884 CX12 1589046 0.001493
1588884 CX12 1588861 0.001493
1588884 CX12 1589045 0.001493
1588884 CX12 1588862 0.001493
1588884 X0 1588880 0.999610
1588884 X0 1588884 0.000130
1588884 X0 1588885 0.000130
1588884 X0 1588881 0.000130
1588885 CX02 1588862 0.992183
1588885 CX02 1589045 0.001117
1588885 CX02 1588861 0.001117
1588885 CX02 1589046 0.001117
1588885 CX02 1588859 0.001117
1588885 CX02 1589043 0.001117
1588885 CX02 1588860 0.001117
1588885 CX02 1589044 0.001117
1588885 CX12 1589045 0.989548
1588885 CX12 1588862 0.001493
1588885 CX12 1589046 0.001493
1588885 CX12 1588861 0.001493
1588885 CX12 1589043 0.001493
1588885 CX12 1588859 0.001493
1588885 CX12 1589044 0.001493
1588885 CX12 1588860 0.001493
1588885 X0 1588881 0.999610
1588885 X0 1588885 0.000130
1588885 X0 1588884 0.000130
1588885 X0 1588880 0.000130
1588886 CX02 1589045 0.992183
1588886 CX02 1588862 0.001117
1588886 CX02 1589046 0.001117
1588886 CX02 1588861 0.001117
1588886 CX02 1589043 0.001117
1588886 CX02 1588859 0.001117
1588886 CX02 1589044 0.001117
1588886 CX02 1588860 0.001117
1588886 CX12 1588862 0.989548
1588886 CX12 1589045 0.001493
1588886 CX12 1588861 0.001493
1588886 CX12 1589046 0.001493
1588886 CX12 1588859 0.001493
1588886 CX12 1589043 0.001493
1588886 CX12 1588860 0.001493
1588886 CX12 1589044 0.001493
1588886 X0 1588882 0.999610
1588886 X0 1588886 0.000130
1588886 X0 1588883 0.000130
1588886 X0 1588879 0.000130
1588905 CX02 1589335 0.992183
1588905 CX02 1589336 0.001117
1588905 CX02 1589337 0.001117
1588905 CX02 1589338 0.001117
1588905 CX02 1589339 0.001117
1588905 CX02 1589340 0.001117
1588905 CX02 1589341 0.001117
1588905 CX02 1589342 0.001117
1588905 CX12 1589335 0.989548
1588905 CX12 1589336 0.001493
1588905 CX12 1589337 0.001493
1588905 CX12 1589338 0.001493
1588905 CX12 1589340 0.001493
1588905 CX12 1589339 0.001493
1588905 CX12 1589342 0.001493
1588905 CX12 1589341 0.001493
1588905 P2 1588859 0.985700
1588905 P2 1588905 0.014300
1588905 X0 1588944 0.999610
1588905 X0 1588905 0.000130
1588905 X0 1588983 0.000130
1588905 X0 1589022 0.000130
1588944 CX02 1589340 0.992183
1588944 CX02 1589339 0.001117
1588944 CX02 1589342 0.001117
1588944 CX02 1589341 0.001117
1588944 CX02 1589336 0.001117
1588944 CX02 1589335 0.001117
1588944 CX02 1589338 0.001117
1588944 CX02 1589337 0.001117
1588944 CX12 1589339 0.989548
1588944 CX12 1589340 0.001493
1588944 CX12 1589341 0.001493
1588944 CX12 1589342 0.001493
1588944 CX12 1589336 0.001493
1588944 CX12 1589335 0.001493
1588944 CX12 1589338 0.001493
1588944 CX12 1589337 0.001493
1588944 P2 1588860 0.985700
1588944 P2 1588944 0.014300
1588944 X0 1588905 0.999610
1588944 X0 1588944 0.000130
1588944 X0 1589022 0.000130
1588944 X0 1588983 0.000130
1588983 CX02 1589338 0.992183
1588983 CX02 1589337 0.001117
1588983 CX02 1589336 0.001117
1588983 CX02 1589335 0.001117
1588983 CX02 1589342 0.001117
1588983 CX02 1589341 0.001117
1588983 CX02 1589340 0.001117
1588983 CX02 1589339 0.001117
1588983 CX12 1589338 0.989548
1588983 CX12 1589337 0.001493
1588983 CX12 1589336 0.001493
1588983 CX12 1589335 0.001493
1588983 CX12 1589341 0.001493
1588983 CX12 1589342 0.001493
1588983 CX12 1589339 0.001493
1588983 CX12 1589340 0.001493
1588983 P2 1588861 0.985700
1588983 P2 1588983 0.014300
1588983 X0 1589022 0.999610
1588983 X0 1588983 0.000130
1588983 X0 1588905 0.000130
1588983 X0 1588944 0.000130
1589022 CX02 1589341 0.992183
1589022 CX02 1589342 0.001117
1589022 CX02 1589339 0.001117
1589022 CX02 1589340 0.001117
1589022 CX02 1589337 0.001117
1589022 CX02 1589338 0.001117
1589022 CX02 1589335 0.001117
1589022 CX02 1589336 0.001117
1589022 CX12 1589342 0.989548
1589022 CX12 1589341 0.001493
1589022 CX12 1589340 0.001493
1589022 CX12 1589339 0.001493
1589022 CX12 1589337 0.001493
1589022 CX12 1589338 0.001493
1589022 CX12 1589335 0.001493
1589022 CX12 1589336 0.001493
1589022 P2 1588862 0.985700
1589022 P2 1589022 0.014300
1589022 X0 1588983 0.999610
1589022 X0 1589022 0.000130
1589022 X0 1588944 0.000130
1589022 X0 1588905 0.000130
1589043 CX02 1588880 0.992183
1589043 CX02 1588879 0.001117
1589043 CX02 1588882 0.001117
1589043 CX02 1588881 0.001117
1589043 CX02 1588884 0.001117
1589043 CX02 1588883 0.001117
1589043 CX02 1588886 0.001117
1589043 CX02 1588885 0.001117
1589043 CX12 1588880 0.989548
1589043 CX12 1588879 0.001493
1589043 CX12 1588882 0.001493
1589043 CX12 1588881 0.001493
1589043 CX12 1588883 0.001493
1589043 CX12 1588884 0.001493
1589043 CX12 1588885 0.001493
1589043 CX12 1588886 0.001493
1589043 P2 1589513 0.985700
1589043 P2 1589043 0.014300
1589043 X0 1589044 0.999610
1589043 X0 1589043 0.000130
1589043 X0 1589046 0.000130
1589043 X0 1589045 0.000130
1589044 CX02 1588883 0.992183
1589044 CX02 1588884 0.001117
1589044 CX02 1588885 0.001117
1589044 CX02 1588886 0.001117
1589044 CX02 1588879 0.001117
1589044 CX02 1588880 0.001117
1589044 CX02 1588881 0.001117
1589044 CX02 1588882 0.001117
1589044 CX12 1588884 0.989548
1589044 CX12 1588883 0.001493
1589044 CX12 1588886 0.001493
1589044 CX12 1588885 0.001493
1589044 CX12 1588879 0.001493
1589044 CX12 1588880 0.001493
1589044 CX12 1588881 0.001493
1589044 CX12 1588882 0.001493
1589044 P2 1589552 0.985700
1589044 P2 1589044 0.014300
1589044 X0 1589043 0.999610
1589044 X0 1589044 0.000130
1589044 X0 1589045 0.000130
1589044 X0 1589046 0.000130
1589045 CX02 1588886 0.992183
1589045 CX02 1588885 0.001117
1589045 CX02 1588884 0.001117
1589045 CX02 1588883 0.001117
1589045 CX02 1588882 0.001117
1589045 CX02 1588881 0.001117
1589045 CX02 1588880 0.001117
1589045 CX02 1588879 0.001117
1589045 CX12 1588885 0.989548
1589045 CX12 1588886 0.001493
1589045 CX12 1588883 0.001493
1589045 CX12 1588884 0.001493
1589045 CX12 1588882 0.001493
1589045 CX12 1588881 0.001493
1589045 CX12 1588880 0.001493
1589045 CX12 1588879 0.001493
1589045 P2 1589591 0.985700
1589045 P2 1589045 0.014300
1589045 X0 1589046 0.999610
1589045 X0 1589045 0.000130
1589045 X0 1589044 0.000130
1589045 X0 1589043 0.000130
1589046 CX02 1588881 0.992183
1589046 CX02 1588882 0.001117
1589046 CX02 1588879 0.001117
1589046 CX02 1588880 0.001117
1589046 CX02 1588885 0.001117
1589046 CX02 1588886 0.001117
1589046 CX02 1588883 0.001117
1589046 CX02 1588884 0.001117
1589046 CX12 1588881 0.989548
1589046 CX12 1588882 0.001493
1589046 CX12 1588879 0.001493
1589046 CX12 1588880 0.001493
1589046 CX12 1588886 0.001493
1589046 CX12 1588885 0.001493
1589046 CX12 1588884 0.001493
1589046 CX12 1588883 0.001493
1589046 P2 1589630 0.985700
1589046 P2 1589046 0.014300
1589046 X0 1589045 0.999610
1589046 X0 1589046 0.000130
1589046 X0 1589043 0.000130
1589046 X0 1589044 0.000130
1589335 CX02 1588905 0.992183
1589335 CX02 1589513 0.001117
1589335 CX02 1588944 0.001117
1589335 CX02 1589552 0.001117
1589335 CX02 1589022 0.001117
1589335 CX02 1589591 0.001117
1589335 CX02 1588983 0.001117
1589335 CX02 1589630 0.001117
1589335 CX12 1588905 0.989548
1589335 CX12 1589513 0.001493
1589335 CX12 1588944 0.001493
1589335 CX12 1589552 0.001493
1589335 CX12 1589022 0.001493
1589335 CX12 1589591 0.001493
1589335 CX12 1588983 0.001493
1589335 CX12 1589630 0.001493
1589335 X0 1589339 0.999610
1589335 X0 1589335 0.000130
1589335 X0 1589338 0.000130
1589335 X0 1589342 0.000130
1589336 CX02 1589513 0.992183
1589336 CX02 1588905 0.001117
1589336 CX02 1589552 0.001117
1589336 CX02 1588944 0.001117
1589336 CX02 1589591 0.001117
1589336 CX02 1589022 0.001117
1589336 CX02 1589630 0.001117
1589336 CX02 1588983 0.001117
1589336 CX12 1589513 0.989548
1589336 CX12 1588905 0.001493
1589336 CX12 1589552 0.001493
1589336 CX12 1588944 0.001493
1589336 CX12 1589591 0.001493
1589336 CX12 1589022 0.001493
1589336 CX12 1589630 0.001493
1589336 CX12 1588983 0.001493
1589336 X0 1589340 0.999610
1589336 X0 1589336 0.000130
1589336 X0 1589337 0.000130
1589336 X0 1589341 0.000130
1589337 CX02 1589630 0.992183
1589337 CX02 1588983 0.001117
1589337 CX02 1589591 0.001117
1589337 CX02 1589022 0.001117
1589337 CX02 1589552 0.001117
1589337 CX02 1588944 0.001117
1589337 CX02 1589513 0.001117
1589337 CX02 1588905 0.001117
1589337 CX12 1589630 0.989548
1589337 CX12 1588983 0.001493
1589337 CX12 1589591 0.001493
1589337 CX12 1589022 0.001493
1589337 CX12 1589552 0.001493
1589337 CX12 1588944 0.001493
1589337 CX12 1589513 0.001493
1589337 CX12 1588905 0.001493
1589337 X0 1589341 0.999610
1589337 X0 1589337 0.000130
1589337 X0 1589336 0.000130
1589337 X0 1589340 0.000130
1589338 CX02 1588983 0.992183
1589338 CX02 1589630 0.001117
1589338 CX02 1589022 0.001117
1589338 CX02 1589591 0.001117
1589338 CX02 1588944 0.001117
1589338 CX02 1589552 0.001117
1589338 CX02 1588905 0.001117
1589338 CX02 1589513 0.001117
1589338 CX12 1588983 0.989548
1589338 CX12 1589630 0.001493
1589338 CX12 1589022 0.001493
1589338 CX12 1589591 0.001493
1589338 CX12 1588944 0.001493
1589338 CX12 1589552 0.001493
1589338 CX12 1588905 0.001493
1589338 CX12 1589513 0.001493
1589338 X0 1589342 0.999610
1589338 X0 1589338 0.000130
1589338 X0 1589335 0.000130
1589338 X0 1589339 0.000130
1589339 CX02 1589552 0.992183
1589339 CX02 1588944 0.001117
1589339 CX02 1589513 0.001117
1589339 CX02 1588905 0.001117
1589339 CX02 1589630 0.001117
1589339 CX02 1588983 0.001117
1589339 CX02 1589591 0.001117
1589339 CX02 1589022 0.001117
1589339 CX12 1588944 0.989548
1589339 CX12 1589552 0.001493
1589339 CX12 1588905 0.001493
1589339 CX12 1589513 0.001493
1589339 CX12 1588983 0.001493
1589339 CX12 1589630 0.001493
1589339 CX12 1589022 0.001493
1589339 CX12 1589591 0.001493
1589339 X0 1589335 0.999610
1589339 X0 1589339 0.000130
1589339 X0 1589342 0.000130
1589339 X0 1589338 0.000130
1589340 CX02 1588944 0.992183
1589340 CX02 1589552 0.001117
1589340 CX02 1588905 0.001117
1589340 CX02 1589513 0.001117
1589340 CX02 1588983 0.001117
1589340 CX02 1589630 0.001117
1589340 CX02 1589022 0.001117
1589340 CX02 1589591 0.001117
1589340 CX12 1589552 0.989548
1589340 CX12 1588944 0.001493
1589340 CX12 1589513 0.001493
1589340 CX12 1588905 0.001493
1589340 CX12 1589630 0.001493
1589340 CX12 1588983 0.001493
1589340 CX12 1589591 0.001493
1589340 CX12 1589022 0.001493
1589340 X0 1589336 0.999610
1589340 X0 1589340 0.000130
1589340 X0 1589341 0.000130
1589340 X0 1589337 0.000130
1589341 CX02 1589022 0.992183
1589341 CX02 1589591 0.001117
1589341 CX02 1588983 0.001117
1589341 CX02 1589630 0.001117
1589341 CX02 1588905 0.001117
1589341 CX02 1589513 0.001117
1589341 CX02 1588944 0.001117
1589341 CX02 1589552 0.001117
1589341 CX12 1589591 0.989548
1589341 CX12 1589022 0.001493
1589341 CX12 1589630 0.001493
1589341 CX12 1588983 0.001493
1589341 CX12 1589513 0.001493
1589341 CX12 1588905 0.001493
1589341 CX12 1589552 0.001493
1589341 CX12 1588944 0.001493
1589341 X0 1589337 0.999610
1589341 X0 1589341 0.000130
1589341 X0 1589340 0.000130
1589341 X0 1589336 0.000130
1589342 CX02 1589591 0.992183
1589342 CX02 1589022 0.001117
1589342 CX02 1589630 0.001117
1589342 CX02 1588983 0.001117
1589342 CX02 1589513 0.001117
1589342 CX02 1588905 0.001117
1589342 CX02 1589552 0.001117
1589342 CX02 1588944 0.001117
1589342 CX12 1589022 0.989548
1589342 CX12 1589591 0.001493
1589342 CX12 1588983 0.001493
1589342 CX12 1589630 0.001493
1589342 CX12 1588905 0.001493
1589342 CX12 1589513 0.001493
1589342 CX12 1588944 0.001493
1589342 CX12 1589552 0.001493
1589342 X0 1589338 0.999610
1589342 X0 1589342 0.000130
1589342 X0 1589339 0.000130
1589342 X0 1589335 0.000130
1589513 CX02 1589336 0.992183
1589513 CX02 1589335 0.001117
1589513 CX02 1589338 0.001117
1589513 CX02 1589337 0.001117
1589513 CX02 1589340 0.001117
1589513 CX02 1589339 0.001117
1589513 CX02 1589342 0.001117
1589513 CX02 1589341 0.001117
1589513 CX12 1589336 0.989548
1589513 CX12 1589335 0.001493
1589513 CX12 1589338 0.001493
1589513 CX12 1589337 0.001493
1589513 CX12 1589339 0.001493
1589513 CX12 1589340 0.001493
1589513 CX12 1589341 0.001493
1589513 CX12 1589342 0.001493
1589513 P2 1589513 0.985700
1589513 P2 1589043 0.014300
1589513 X0 1589552 0.999610
1589513 X0 1589513 0.000130
1589513 X0 1589630 0.000130
1589513 X0 1589591 0.000130
1589552 CX02 1589339 0.992183
1589552 CX02 1589340 0.001117
1589552 CX02 1589341 0.001117
1589552 CX02 1589342 0.001117
1589552 CX02 1589335 0.001117
1589552 CX02 1589336 0.001117
1589552 CX02 1589337 0.001117
1589552 CX02 1589338 0.001117
1589552 CX12 1589340 0.989548
1589552 CX12 1589339 0.001493
1589552 CX12 1589342 0.001493
1589552 CX12 1589341 0.001493
1589552 CX12 1589335 0.001493
1589552 CX12 1589336 0.001493
1589552 CX12 1589337 0.001493
1589552 CX12 1589338 0.001493
1589552 P2 1589552 0.985700
1589552 P2 1589044 0.014300
1589552 X0 1589513 0.999610
1589552 X0 1589552 0.000130
1589552 X0 1589591 0.000130
1589552 X0 1589630 0.000130
1589591 CX02 1589342 0.992183
1589591 CX02 1589341 0.001117
1589591 CX02 1589340 0.001117
1589591 CX02 1589339 0.001117
1589591 CX02 1589338 0.001117
1589591 CX02 1589337 0.001117
1589591 CX02 1589336 0.001117
1589591 CX02 1589335 0.001117
1589591 CX12 1589341 0.989548
1589591 CX12 1589342 0.001493
1589591 CX12 1589339 0.001493
1589591 CX12 1589340 0.001493
1589591 CX12 1589338 0.001493
1589591 CX12 1589337 0.001493
1589591 CX12 1589336 0.001493
1589591 CX12 1589335 0.001493
1589591 P2 1589591 0.985700
1589591 P2 1589045 0.014300
1589591 X0 1589630 0.999610
1589591 X0 1589591 0.000130
1589591 X0 1589552 0.000130
1589591 X0 1589513 0.000130
1589630 CX02 1589337 0.992183
1589630 CX02 1589338 0.001117
1589630 CX02 1589335 0.001117
1589630 CX02 1589336 0.001117
1589630 CX02 1589341 0.001117
1589630 CX02 1589342 0.001117
1589630 CX02 1589339 0.001117
1589630 CX02 1589340 0.001117
1589630 CX12 1589337 0.989548
1589630 CX12 1589338 0.001493
1589630 CX12 1589335 0.001493
1589630 CX12 1589336 0.001493
1589630 CX12 1589342 0.001493
1589630 CX12 1589341 0.001493
1589630 CX12 1589340 0.001493
1589630 CX12 1589339 0.001493
1589630 P2 1589630 0.985700
1589630 P2 1589046 0.014300
1589630 X0 1589591 0.999610
1589630 X0 1589630 0.000130
1589630 X0 1589513 0.000130
1589630 X0 1589552 0.000130
ENDPOMDP
