BEGINPOMDP
INITIALSTATE: 1568169
STATES: 1568169,1568170,1568171,1568172,1568173,1568190,1568191,1568192,1568193,1568194,1568195,1568196,1568197,1568216,1568255,1568294,1568333,1568354,1568355,1568356,1568357,1568646,1568647,1568648,1568649,1568650,1568651,1568652,1568653,1568824,1568863,1568902,1568941
TARGETV: 1568170,1568172,1568216,1568294,1568354,1568357,1568824,1568941
GAMMA: 1568169:0,1568170:0,1568171:0,1568172:0,1568173:0,1568190:0,1568191:0,1568192:0,1568193:0,1568194:0,1568195:0,1568196:0,1568197:0,1568216:1,1568255:1,1568294:1,1568333:1,1568354:0,1568355:0,1568356:0,1568357:0,1568646:1,1568647:1,1568648:1,1568649:1,1568650:1,1568651:1,1568652:1,1568653:1,1568824:1,1568863:1,1568902:1,1568941:1
BEGINACTIONS
CX02
CX12
P2
X0
ENDACTIONS
1568169 INIT_ 1568170 0.250000
1568169 INIT_ 1568171 0.250000
1568169 INIT_ 1568172 0.250000
1568169 INIT_ 1568173 0.250000
1568170 CX02 1568190 0.989485
1568170 CX02 1568191 0.001502
1568170 CX02 1568192 0.001502
1568170 CX02 1568193 0.001502
1568170 CX02 1568194 0.001502
1568170 CX02 1568195 0.001502
1568170 CX02 1568196 0.001502
1568170 CX02 1568197 0.001502
1568170 CX12 1568190 0.985173
1568170 CX12 1568191 0.002118
1568170 CX12 1568192 0.002118
1568170 CX12 1568193 0.002118
1568170 CX12 1568195 0.002118
1568170 CX12 1568194 0.002118
1568170 CX12 1568197 0.002118
1568170 CX12 1568196 0.002118
1568170 P2 1568170 0.979600
1568170 P2 1568216 0.020400
1568170 X0 1568171 0.999558
1568170 X0 1568170 0.000147
1568170 X0 1568172 0.000147
1568170 X0 1568173 0.000147
1568171 CX02 1568195 0.989485
1568171 CX02 1568194 0.001502
1568171 CX02 1568197 0.001502
1568171 CX02 1568196 0.001502
1568171 CX02 1568191 0.001502
1568171 CX02 1568190 0.001502
1568171 CX02 1568193 0.001502
1568171 CX02 1568192 0.001502
1568171 CX12 1568194 0.985173
1568171 CX12 1568195 0.002118
1568171 CX12 1568196 0.002118
1568171 CX12 1568197 0.002118
1568171 CX12 1568191 0.002118
1568171 CX12 1568190 0.002118
1568171 CX12 1568193 0.002118
1568171 CX12 1568192 0.002118
1568171 P2 1568171 0.979600
1568171 P2 1568255 0.020400
1568171 X0 1568170 0.999558
1568171 X0 1568171 0.000147
1568171 X0 1568173 0.000147
1568171 X0 1568172 0.000147
1568172 CX02 1568193 0.989485
1568172 CX02 1568192 0.001502
1568172 CX02 1568191 0.001502
1568172 CX02 1568190 0.001502
1568172 CX02 1568197 0.001502
1568172 CX02 1568196 0.001502
1568172 CX02 1568195 0.001502
1568172 CX02 1568194 0.001502
1568172 CX12 1568193 0.985173
1568172 CX12 1568192 0.002118
1568172 CX12 1568191 0.002118
1568172 CX12 1568190 0.002118
1568172 CX12 1568196 0.002118
1568172 CX12 1568197 0.002118
1568172 CX12 1568194 0.002118
1568172 CX12 1568195 0.002118
1568172 P2 1568172 0.979600
1568172 P2 1568294 0.020400
1568172 X0 1568173 0.999558
1568172 X0 1568172 0.000147
1568172 X0 1568170 0.000147
1568172 X0 1568171 0.000147
1568173 CX02 1568196 0.989485
1568173 CX02 1568197 0.001502
1568173 CX02 1568194 0.001502
1568173 CX02 1568195 0.001502
1568173 CX02 1568192 0.001502
1568173 CX02 1568193 0.001502
1568173 CX02 1568190 0.001502
1568173 CX02 1568191 0.001502
1568173 CX12 1568197 0.985173
1568173 CX12 1568196 0.002118
1568173 CX12 1568195 0.002118
1568173 CX12 1568194 0.002118
1568173 CX12 1568192 0.002118
1568173 CX12 1568193 0.002118
1568173 CX12 1568190 0.002118
1568173 CX12 1568191 0.002118
1568173 P2 1568173 0.979600
1568173 P2 1568333 0.020400
1568173 X0 1568172 0.999558
1568173 X0 1568173 0.000147
1568173 X0 1568171 0.000147
1568173 X0 1568170 0.000147
1568190 CX02 1568170 0.989485
1568190 CX02 1568354 0.001502
1568190 CX02 1568171 0.001502
1568190 CX02 1568355 0.001502
1568190 CX02 1568173 0.001502
1568190 CX02 1568356 0.001502
1568190 CX02 1568172 0.001502
1568190 CX02 1568357 0.001502
1568190 CX12 1568170 0.985173
1568190 CX12 1568354 0.002118
1568190 CX12 1568171 0.002118
1568190 CX12 1568355 0.002118
1568190 CX12 1568173 0.002118
1568190 CX12 1568356 0.002118
1568190 CX12 1568172 0.002118
1568190 CX12 1568357 0.002118
1568190 X0 1568194 0.999558
1568190 X0 1568190 0.000147
1568190 X0 1568193 0.000147
1568190 X0 1568197 0.000147
1568191 CX02 1568354 0.989485
1568191 CX02 1568170 0.001502
1568191 CX02 1568355 0.001502
1568191 CX02 1568171 0.001502
1568191 CX02 1568356 0.001502
1568191 CX02 1568173 0.001502
1568191 CX02 1568357 0.001502
1568191 CX02 1568172 0.001502
1568191 CX12 1568354 0.985173
1568191 CX12 1568170 0.002118
1568191 CX12 1568355 0.002118
1568191 CX12 1568171 0.002118
1568191 CX12 1568356 0.002118
1568191 CX12 1568173 0.002118
1568191 CX12 1568357 0.002118
1568191 CX12 1568172 0.002118
1568191 X0 1568195 0.999558
1568191 X0 1568191 0.000147
1568191 X0 1568192 0.000147
1568191 X0 1568196 0.000147
1568192 CX02 1568357 0.989485
1568192 CX02 1568172 0.001502
1568192 CX02 1568356 0.001502
1568192 CX02 1568173 0.001502
1568192 CX02 1568355 0.001502
1568192 CX02 1568171 0.001502
1568192 CX02 1568354 0.001502
1568192 CX02 1568170 0.001502
1568192 CX12 1568357 0.985173
1568192 CX12 1568172 0.002118
1568192 CX12 1568356 0.002118
1568192 CX12 1568173 0.002118
1568192 CX12 1568355 0.002118
1568192 CX12 1568171 0.002118
1568192 CX12 1568354 0.002118
1568192 CX12 1568170 0.002118
1568192 X0 1568196 0.999558
1568192 X0 1568192 0.000147
1568192 X0 1568191 0.000147
1568192 X0 1568195 0.000147
1568193 CX02 1568172 0.989485
1568193 CX02 1568357 0.001502
1568193 CX02 1568173 0.001502
1568193 CX02 1568356 0.001502
1568193 CX02 1568171 0.001502
1568193 CX02 1568355 0.001502
1568193 CX02 1568170 0.001502
1568193 CX02 1568354 0.001502
1568193 CX12 1568172 0.985173
1568193 CX12 1568357 0.002118
1568193 CX12 1568173 0.002118
1568193 CX12 1568356 0.002118
1568193 CX12 1568171 0.002118
1568193 CX12 1568355 0.002118
1568193 CX12 1568170 0.002118
1568193 CX12 1568354 0.002118
1568193 X0 1568197 0.999558
1568193 X0 1568193 0.000147
1568193 X0 1568190 0.000147
1568193 X0 1568194 0.000147
1568194 CX02 1568355 0.989485
1568194 CX02 1568171 0.001502
1568194 CX02 1568354 0.001502
1568194 CX02 1568170 0.001502
1568194 CX02 1568357 0.001502
1568194 CX02 1568172 0.001502
1568194 CX02 1568356 0.001502
1568194 CX02 1568173 0.001502
1568194 CX12 1568171 0.985173
1568194 CX12 1568355 0.002118
1568194 CX12 1568170 0.002118
1568194 CX12 1568354 0.002118
1568194 CX12 1568172 0.002118
1568194 CX12 1568357 0.002118
1568194 CX12 1568173 0.002118
1568194 CX12 1568356 0.002118
1568194 X0 1568190 0.999558
1568194 X0 1568194 0.000147
1568194 X0 1568197 0.000147
1568194 X0 1568193 0.000147
1568195 CX02 1568171 0.989485
1568195 CX02 1568355 0.001502
1568195 CX02 1568170 0.001502
1568195 CX02 1568354 0.001502
1568195 CX02 1568172 0.001502
1568195 CX02 1568357 0.001502
1568195 CX02 1568173 0.001502
1568195 CX02 1568356 0.001502
1568195 CX12 1568355 0.985173
1568195 CX12 1568171 0.002118
1568195 CX12 1568354 0.002118
1568195 CX12 1568170 0.002118
1568195 CX12 1568357 0.002118
1568195 CX12 1568172 0.002118
1568195 CX12 1568356 0.002118
1568195 CX12 1568173 0.002118
1568195 X0 1568191 0.999558
1568195 X0 1568195 0.000147
1568195 X0 1568196 0.000147
1568195 X0 1568192 0.000147
1568196 CX02 1568173 0.989485
1568196 CX02 1568356 0.001502
1568196 CX02 1568172 0.001502
1568196 CX02 1568357 0.001502
1568196 CX02 1568170 0.001502
1568196 CX02 1568354 0.001502
1568196 CX02 1568171 0.001502
1568196 CX02 1568355 0.001502
1568196 CX12 1568356 0.985173
1568196 CX12 1568173 0.002118
1568196 CX12 1568357 0.002118
1568196 CX12 1568172 0.002118
1568196 CX12 1568354 0.002118
1568196 CX12 1568170 0.002118
1568196 CX12 1568355 0.002118
1568196 CX12 1568171 0.002118
1568196 X0 1568192 0.999558
1568196 X0 1568196 0.000147
1568196 X0 1568195 0.000147
1568196 X0 1568191 0.000147
1568197 CX02 1568356 0.989485
1568197 CX02 1568173 0.001502
1568197 CX02 1568357 0.001502
1568197 CX02 1568172 0.001502
1568197 CX02 1568354 0.001502
1568197 CX02 1568170 0.001502
1568197 CX02 1568355 0.001502
1568197 CX02 1568171 0.001502
1568197 CX12 1568173 0.985173
1568197 CX12 1568356 0.002118
1568197 CX12 1568172 0.002118
1568197 CX12 1568357 0.002118
1568197 CX12 1568170 0.002118
1568197 CX12 1568354 0.002118
1568197 CX12 1568171 0.002118
1568197 CX12 1568355 0.002118
1568197 X0 1568193 0.999558
1568197 X0 1568197 0.000147
1568197 X0 1568194 0.000147
1568197 X0 1568190 0.000147
1568216 CX02 1568646 0.989485
1568216 CX02 1568647 0.001502
1568216 CX02 1568648 0.001502
1568216 CX02 1568649 0.001502
1568216 CX02 1568650 0.001502
1568216 CX02 1568651 0.001502
1568216 CX02 1568652 0.001502
1568216 CX02 1568653 0.001502
1568216 CX12 1568646 0.985173
1568216 CX12 1568647 0.002118
1568216 CX12 1568648 0.002118
1568216 CX12 1568649 0.002118
1568216 CX12 1568651 0.002118
1568216 CX12 1568650 0.002118
1568216 CX12 1568653 0.002118
1568216 CX12 1568652 0.002118
1568216 P2 1568170 0.979600
1568216 P2 1568216 0.020400
1568216 X0 1568255 0.999558
1568216 X0 1568216 0.000147
1568216 X0 1568294 0.000147
1568216 X0 1568333 0.000147
1568255 CX02 1568651 0.989485
1568255 CX02 1568650 0.001502
1568255 CX02 1568653 0.001502
1568255 CX02 1568652 0.001502
1568255 CX02 1568647 0.001502
1568255 CX02 1568646 0.001502
1568255 CX02 1568649 0.001502
1568255 CX02 1568648 0.001502
1568255 CX12 1568650 0.985173
1568255 CX12 1568651 0.002118
1568255 CX12 1568652 0.002118
1568255 CX12 1568653 0.002118
1568255 CX12 1568647 0.002118
1568255 CX12 1568646 0.002118
1568255 CX12 1568649 0.002118
1568255 CX12 1568648 0.002118
1568255 P2 1568171 0.979600
1568255 P2 1568255 0.020400
1568255 X0 1568216 0.999558
1568255 X0 1568255 0.000147
1568255 X0 1568333 0.000147
1568255 X0 1568294 0.000147
1568294 CX02 1568649 0.989485
1568294 CX02 1568648 0.001502
1568294 CX02 1568647 0.001502
1568294 CX02 1568646 0.001502
1568294 CX02 1568653 0.001502
1568294 CX02 1568652 0.001502
1568294 CX02 1568651 0.001502
1568294 CX02 1568650 0.001502
1568294 CX12 1568649 0.985173
1568294 CX12 1568648 0.002118
1568294 CX12 1568647 0.002118
1568294 CX12 1568646 0.002118
1568294 CX12 1568652 0.002118
1568294 CX12 1568653 0.002118
1568294 CX12 1568650 0.002118
1568294 CX12 1568651 0.002118
1568294 P2 1568172 0.979600
1568294 P2 1568294 0.020400
1568294 X0 1568333 0.999558
1568294 X0 1568294 0.000147
1568294 X0 1568216 0.000147
1568294 X0 1568255 0.000147
1568333 CX02 1568652 0.989485
1568333 CX02 1568653 0.001502
1568333 CX02 1568650 0.001502
1568333 CX02 1568651 0.001502
1568333 CX02 1568648 0.001502
1568333 CX02 1568649 0.001502
1568333 CX02 1568646 0.001502
1568333 CX02 1568647 0.001502
1568333 CX12 1568653 0.985173
1568333 CX12 1568652 0.002118
1568333 CX12 1568651 0.002118
1568333 CX12 1568650 0.002118
1568333 CX12 1568648 0.002118
1568333 CX12 1568649 0.002118
1568333 CX12 1568646 0.002118
1568333 CX12 1568647 0.002118
1568333 P2 1568173 0.979600
1568333 P2 1568333 0.020400
1568333 X0 1568294 0.999558
1568333 X0 1568333 0.000147
1568333 X0 1568255 0.000147
1568333 X0 1568216 0.000147
1568354 CX02 1568191 0.989485
1568354 CX02 1568190 0.001502
1568354 CX02 1568193 0.001502
1568354 CX02 1568192 0.001502
1568354 CX02 1568195 0.001502
1568354 CX02 1568194 0.001502
1568354 CX02 1568197 0.001502
1568354 CX02 1568196 0.001502
1568354 CX12 1568191 0.985173
1568354 CX12 1568190 0.002118
1568354 CX12 1568193 0.002118
1568354 CX12 1568192 0.002118
1568354 CX12 1568194 0.002118
1568354 CX12 1568195 0.002118
1568354 CX12 1568196 0.002118
1568354 CX12 1568197 0.002118
1568354 P2 1568824 0.979600
1568354 P2 1568354 0.020400
1568354 X0 1568355 0.999558
1568354 X0 1568354 0.000147
1568354 X0 1568357 0.000147
1568354 X0 1568356 0.000147
1568355 CX02 1568194 0.989485
1568355 CX02 1568195 0.001502
1568355 CX02 1568196 0.001502
1568355 CX02 1568197 0.001502
1568355 CX02 1568190 0.001502
1568355 CX02 1568191 0.001502
1568355 CX02 1568192 0.001502
1568355 CX02 1568193 0.001502
1568355 CX12 1568195 0.985173
1568355 CX12 1568194 0.002118
1568355 CX12 1568197 0.002118
1568355 CX12 1568196 0.002118
1568355 CX12 1568190 0.002118
1568355 CX12 1568191 0.002118
1568355 CX12 1568192 0.002118
1568355 CX12 1568193 0.002118
1568355 P2 1568863 0.979600
1568355 P2 1568355 0.020400
1568355 X0 1568354 0.999558
1568355 X0 1568355 0.000147
1568355 X0 1568356 0.000147
1568355 X0 1568357 0.000147
1568356 CX02 1568197 0.989485
1568356 CX02 1568196 0.001502
1568356 CX02 1568195 0.001502
1568356 CX02 1568194 0.001502
1568356 CX02 1568193 0.001502
1568356 CX02 1568192 0.001502
1568356 CX02 1568191 0.001502
1568356 CX02 1568190 0.001502
1568356 CX12 1568196 0.985173
1568356 CX12 1568197 0.002118
1568356 CX12 1568194 0.002118
1568356 CX12 1568195 0.002118
1568356 CX12 1568193 0.002118
1568356 CX12 1568192 0.002118
1568356 CX12 1568191 0.002118
1568356 CX12 1568190 0.002118
1568356 P2 1568902 0.979600
1568356 P2 1568356 0.020400
1568356 X0 1568357 0.999558
1568356 X0 1568356 0.000147
1568356 X0 1568355 0.000147
1568356 X0 1568354 0.000147
1568357 CX02 1568192 0.989485
1568357 CX02 1568193 0.001502
1568357 CX02 1568190 0.001502
1568357 CX02 1568191 0.001502
1568357 CX02 1568196 0.001502
1568357 CX02 1568197 0.001502
1568357 CX02 1568194 0.001502
1568357 CX02 1568195 0.001502
1568357 CX12 1568192 0.985173
1568357 CX12 1568193 0.002118
1568357 CX12 1568190 0.002118
1568357 CX12 1568191 0.002118
1568357 CX12 1568197 0.002118
1568357 CX12 1568196 0.002118
1568357 CX12 1568195 0.002118
1568357 CX12 1568194 0.002118
1568357 P2 1568941 0.979600
1568357 P2 1568357 0.020400
1568357 X0 1568356 0.999558
1568357 X0 1568357 0.000147
1568357 X0 1568354 0.000147
1568357 X0 1568355 0.000147
1568646 CX02 1568216 0.989485
1568646 CX02 1568824 0.001502
1568646 CX02 1568255 0.001502
1568646 CX02 1568863 0.001502
1568646 CX02 1568333 0.001502
1568646 CX02 1568902 0.001502
1568646 CX02 1568294 0.001502
1568646 CX02 1568941 0.001502
1568646 CX12 1568216 0.985173
1568646 CX12 1568824 0.002118
1568646 CX12 1568255 0.002118
1568646 CX12 1568863 0.002118
1568646 CX12 1568333 0.002118
1568646 CX12 1568902 0.002118
1568646 CX12 1568294 0.002118
1568646 CX12 1568941 0.002118
1568646 X0 1568650 0.999558
1568646 X0 1568646 0.000147
1568646 X0 1568649 0.000147
1568646 X0 1568653 0.000147
1568647 CX02 1568824 0.989485
1568647 CX02 1568216 0.001502
1568647 CX02 1568863 0.001502
1568647 CX02 1568255 0.001502
1568647 CX02 1568902 0.001502
1568647 CX02 1568333 0.001502
1568647 CX02 1568941 0.001502
1568647 CX02 1568294 0.001502
1568647 CX12 1568824 0.985173
1568647 CX12 1568216 0.002118
1568647 CX12 1568863 0.002118
1568647 CX12 1568255 0.002118
1568647 CX12 1568902 0.002118
1568647 CX12 1568333 0.002118
1568647 CX12 1568941 0.002118
1568647 CX12 1568294 0.002118
1568647 X0 1568651 0.999558
1568647 X0 1568647 0.000147
1568647 X0 1568648 0.000147
1568647 X0 1568652 0.000147
1568648 CX02 1568941 0.989485
1568648 CX02 1568294 0.001502
1568648 CX02 1568902 0.001502
1568648 CX02 1568333 0.001502
1568648 CX02 1568863 0.001502
1568648 CX02 1568255 0.001502
1568648 CX02 1568824 0.001502
1568648 CX02 1568216 0.001502
1568648 CX12 1568941 0.985173
1568648 CX12 1568294 0.002118
1568648 CX12 1568902 0.002118
1568648 CX12 1568333 0.002118
1568648 CX12 1568863 0.002118
1568648 CX12 1568255 0.002118
1568648 CX12 1568824 0.002118
1568648 CX12 1568216 0.002118
1568648 X0 1568652 0.999558
1568648 X0 1568648 0.000147
1568648 X0 1568647 0.000147
1568648 X0 1568651 0.000147
1568649 CX02 1568294 0.989485
1568649 CX02 1568941 0.001502
1568649 CX02 1568333 0.001502
1568649 CX02 1568902 0.001502
1568649 CX02 1568255 0.001502
1568649 CX02 1568863 0.001502
1568649 CX02 1568216 0.001502
1568649 CX02 1568824 0.001502
1568649 CX12 1568294 0.985173
1568649 CX12 1568941 0.002118
1568649 CX12 1568333 0.002118
1568649 CX12 1568902 0.002118
1568649 CX12 1568255 0.002118
1568649 CX12 1568863 0.002118
1568649 CX12 1568216 0.002118
1568649 CX12 1568824 0.002118
1568649 X0 1568653 0.999558
1568649 X0 1568649 0.000147
1568649 X0 1568646 0.000147
1568649 X0 1568650 0.000147
1568650 CX02 1568863 0.989485
1568650 CX02 1568255 0.001502
1568650 CX02 1568824 0.001502
1568650 CX02 1568216 0.001502
1568650 CX02 1568941 0.001502
1568650 CX02 1568294 0.001502
1568650 CX02 1568902 0.001502
1568650 CX02 1568333 0.001502
1568650 CX12 1568255 0.985173
1568650 CX12 1568863 0.002118
1568650 CX12 1568216 0.002118
1568650 CX12 1568824 0.002118
1568650 CX12 1568294 0.002118
1568650 CX12 1568941 0.002118
1568650 CX12 1568333 0.002118
1568650 CX12 1568902 0.002118
1568650 X0 1568646 0.999558
1568650 X0 1568650 0.000147
1568650 X0 1568653 0.000147
1568650 X0 1568649 0.000147
1568651 CX02 1568255 0.989485
1568651 CX02 1568863 0.001502
1568651 CX02 1568216 0.001502
1568651 CX02 1568824 0.001502
1568651 CX02 1568294 0.001502
1568651 CX02 1568941 0.001502
1568651 CX02 1568333 0.001502
1568651 CX02 1568902 0.001502
1568651 CX12 1568863 0.985173
1568651 CX12 1568255 0.002118
1568651 CX12 1568824 0.002118
1568651 CX12 1568216 0.002118
1568651 CX12 1568941 0.002118
1568651 CX12 1568294 0.002118
1568651 CX12 1568902 0.002118
1568651 CX12 1568333 0.002118
1568651 X0 1568647 0.999558
1568651 X0 1568651 0.000147
1568651 X0 1568652 0.000147
1568651 X0 1568648 0.000147
1568652 CX02 1568333 0.989485
1568652 CX02 1568902 0.001502
1568652 CX02 1568294 0.001502
1568652 CX02 1568941 0.001502
1568652 CX02 1568216 0.001502
1568652 CX02 1568824 0.001502
1568652 CX02 1568255 0.001502
1568652 CX02 1568863 0.001502
1568652 CX12 1568902 0.985173
1568652 CX12 1568333 0.002118
1568652 CX12 1568941 0.002118
1568652 CX12 1568294 0.002118
1568652 CX12 1568824 0.002118
1568652 CX12 1568216 0.002118
1568652 CX12 1568863 0.002118
1568652 CX12 1568255 0.002118
1568652 X0 1568648 0.999558
1568652 X0 1568652 0.000147
1568652 X0 1568651 0.000147
1568652 X0 1568647 0.000147
1568653 CX02 1568902 0.989485
1568653 CX02 1568333 0.001502
1568653 CX02 1568941 0.001502
1568653 CX02 1568294 0.001502
1568653 CX02 1568824 0.001502
1568653 CX02 1568216 0.001502
1568653 CX02 1568863 0.001502
1568653 CX02 1568255 0.001502
1568653 CX12 1568333 0.985173
1568653 CX12 1568902 0.002118
1568653 CX12 1568294 0.002118
1568653 CX12 1568941 0.002118
1568653 CX12 1568216 0.002118
1568653 CX12 1568824 0.002118
1568653 CX12 1568255 0.002118
1568653 CX12 1568863 0.002118
1568653 X0 1568649 0.999558
1568653 X0 1568653 0.000147
1568653 X0 1568650 0.000147
1568653 X0 1568646 0.000147
1568824 CX02 1568647 0.989485
1568824 CX02 1568646 0.001502
1568824 CX02 1568649 0.001502
1568824 CX02 1568648 0.001502
1568824 CX02 1568651 0.001502
1568824 CX02 1568650 0.001502
1568824 CX02 1568653 0.001502
1568824 CX02 1568652 0.001502
1568824 CX12 1568647 0.985173
1568824 CX12 1568646 0.002118
1568824 CX12 1568649 0.002118
1568824 CX12 1568648 0.002118
1568824 CX12 1568650 0.002118
1568824 CX12 1568651 0.002118
1568824 CX12 1568652 0.002118
1568824 CX12 1568653 0.002118
1568824 P2 1568824 0.979600
1568824 P2 1568354 0.020400
1568824 X0 1568863 0.999558
1568824 X0 1568824 0.000147
1568824 X0 1568941 0.000147
1568824 X0 1568902 0.000147
1568863 CX02 1568650 0.989485
1568863 CX02 1568651 0.001502
1568863 CX02 1568652 0.001502
1568863 CX02 1568653 0.001502
1568863 CX02 1568646 0.001502
1568863 CX02 1568647 0.001502
1568863 CX02 1568648 0.001502
1568863 CX02 1568649 0.001502
1568863 CX12 1568651 0.985173
1568863 CX12 1568650 0.002118
1568863 CX12 1568653 0.002118
1568863 CX12 1568652 0.002118
1568863 CX12 1568646 0.002118
1568863 CX12 1568647 0.002118
1568863 CX12 1568648 0.002118
1568863 CX12 1568649 0.002118
1568863 P2 1568863 0.979600
1568863 P2 1568355 0.020400
1568863 X0 1568824 0.999558
1568863 X0 1568863 0.000147
1568863 X0 1568902 0.000147
1568863 X0 1568941 0.000147
1568902 CX02 1568653 0.989485
1568902 CX02 1568652 0.001502
1568902 CX02 1568651 0.001502
1568902 CX02 1568650 0.001502
1568902 CX02 1568649 0.001502
1568902 CX02 1568648 0.001502
1568902 CX02 1568647 0.001502
1568902 CX02 1568646 0.001502
1568902 CX12 1568652 0.985173
1568902 CX12 1568653 0.002118
1568902 CX12 1568650 0.002118
1568902 CX12 1568651 0.002118
1568902 CX12 1568649 0.002118
1568902 CX12 1568648 0.002118
1568902 CX12 1568647 0.002118
1568902 CX12 1568646 0.002118
1568902 P2 1568902 0.979600
1568902 P2 1568356 0.020400
1568902 X0 1568941 0.999558
1568902 X0 1568902 0.000147
1568902 X0 1568863 0.000147
1568902 X0 1568824 0.000147
1568941 CX02 1568648 0.989485
1568941 CX02 1568649 0.001502
1568941 CX02 1568646 0.001502
1568941 CX02 1568647 0.001502
1568941 CX02 1568652 0.001502
1568941 CX02 1568653 0.001502
1568941 CX02 1568650 0.001502
1568941 CX02 1568651 0.001502
1568941 CX12 1568648 0.985173
1568941 CX12 1568649 0.002118
1568941 CX12 1568646 0.002118
1568941 CX12 1568647 0.002118
1568941 CX12 1568653 0.002118
1568941 CX12 1568652 0.002118
1568941 CX12 1568651 0.002118
1568941 CX12 1568650 0.002118
1568941 P2 1568941 0.979600
1568941 P2 1568357 0.020400
1568941 X0 1568902 0.999558
1568941 X0 1568941 0.000147
1568941 X0 1568824 0.000147
1568941 X0 1568863 0.000147
ENDPOMDP
