BEGINPOMDP
INITIALSTATE: 1574254
STATES: 1574254,1574255,1574256,1574257,1574258,1574275,1574276,1574277,1574278,1574279,1574280,1574281,1574282,1574301,1574340,1574379,1574418,1574439,1574440,1574441,1574442,1574731,1574732,1574733,1574734,1574735,1574736,1574737,1574738,1574909,1574948,1574987,1575026
TARGETV: 1574255,1574257,1574301,1574379,1574439,1574442,1574909,1575026
GAMMA: 1574254:0,1574255:0,1574256:0,1574257:0,1574258:0,1574275:0,1574276:0,1574277:0,1574278:0,1574279:0,1574280:0,1574281:0,1574282:0,1574301:1,1574340:1,1574379:1,1574418:1,1574439:0,1574440:0,1574441:0,1574442:0,1574731:1,1574732:1,1574733:1,1574734:1,1574735:1,1574736:1,1574737:1,1574738:1,1574909:1,1574948:1,1574987:1,1575026:1
BEGINACTIONS
CX02
CX12
P2
X0
ENDACTIONS
1574254 INIT_ 1574255 0.250000
1574254 INIT_ 1574256 0.250000
1574254 INIT_ 1574257 0.250000
1574254 INIT_ 1574258 0.250000
1574255 CX02 1574275 0.993589
1574255 CX02 1574276 0.000916
1574255 CX02 1574277 0.000916
1574255 CX02 1574278 0.000916
1574255 CX02 1574279 0.000916
1574255 CX02 1574280 0.000916
1574255 CX02 1574281 0.000916
1574255 CX02 1574282 0.000916
1574255 CX12 1574275 0.991323
1574255 CX12 1574276 0.001240
1574255 CX12 1574277 0.001240
1574255 CX12 1574278 0.001240
1574255 CX12 1574280 0.001240
1574255 CX12 1574279 0.001240
1574255 CX12 1574282 0.001240
1574255 CX12 1574281 0.001240
1574255 P2 1574255 0.993600
1574255 P2 1574301 0.006400
1574255 X0 1574256 0.999762
1574255 X0 1574255 0.000079
1574255 X0 1574257 0.000079
1574255 X0 1574258 0.000079
1574256 CX02 1574280 0.993589
1574256 CX02 1574279 0.000916
1574256 CX02 1574282 0.000916
1574256 CX02 1574281 0.000916
1574256 CX02 1574276 0.000916
1574256 CX02 1574275 0.000916
1574256 CX02 1574278 0.000916
1574256 CX02 1574277 0.000916
1574256 CX12 1574279 0.991323
1574256 CX12 1574280 0.001240
1574256 CX12 1574281 0.001240
1574256 CX12 1574282 0.001240
1574256 CX12 1574276 0.001240
1574256 CX12 1574275 0.001240
1574256 CX12 1574278 0.001240
1574256 CX12 1574277 0.001240
1574256 P2 1574256 0.993600
1574256 P2 1574340 0.006400
1574256 X0 1574255 0.999762
1574256 X0 1574256 0.000079
1574256 X0 1574258 0.000079
1574256 X0 1574257 0.000079
1574257 CX02 1574278 0.993589
1574257 CX02 1574277 0.000916
1574257 CX02 1574276 0.000916
1574257 CX02 1574275 0.000916
1574257 CX02 1574282 0.000916
1574257 CX02 1574281 0.000916
1574257 CX02 1574280 0.000916
1574257 CX02 1574279 0.000916
1574257 CX12 1574278 0.991323
1574257 CX12 1574277 0.001240
1574257 CX12 1574276 0.001240
1574257 CX12 1574275 0.001240
1574257 CX12 1574281 0.001240
1574257 CX12 1574282 0.001240
1574257 CX12 1574279 0.001240
1574257 CX12 1574280 0.001240
1574257 P2 1574257 0.993600
1574257 P2 1574379 0.006400
1574257 X0 1574258 0.999762
1574257 X0 1574257 0.000079
1574257 X0 1574255 0.000079
1574257 X0 1574256 0.000079
1574258 CX02 1574281 0.993589
1574258 CX02 1574282 0.000916
1574258 CX02 1574279 0.000916
1574258 CX02 1574280 0.000916
1574258 CX02 1574277 0.000916
1574258 CX02 1574278 0.000916
1574258 CX02 1574275 0.000916
1574258 CX02 1574276 0.000916
1574258 CX12 1574282 0.991323
1574258 CX12 1574281 0.001240
1574258 CX12 1574280 0.001240
1574258 CX12 1574279 0.001240
1574258 CX12 1574277 0.001240
1574258 CX12 1574278 0.001240
1574258 CX12 1574275 0.001240
1574258 CX12 1574276 0.001240
1574258 P2 1574258 0.993600
1574258 P2 1574418 0.006400
1574258 X0 1574257 0.999762
1574258 X0 1574258 0.000079
1574258 X0 1574256 0.000079
1574258 X0 1574255 0.000079
1574275 CX02 1574255 0.993589
1574275 CX02 1574439 0.000916
1574275 CX02 1574256 0.000916
1574275 CX02 1574440 0.000916
1574275 CX02 1574258 0.000916
1574275 CX02 1574441 0.000916
1574275 CX02 1574257 0.000916
1574275 CX02 1574442 0.000916
1574275 CX12 1574255 0.991323
1574275 CX12 1574439 0.001240
1574275 CX12 1574256 0.001240
1574275 CX12 1574440 0.001240
1574275 CX12 1574258 0.001240
1574275 CX12 1574441 0.001240
1574275 CX12 1574257 0.001240
1574275 CX12 1574442 0.001240
1574275 X0 1574279 0.999762
1574275 X0 1574275 0.000079
1574275 X0 1574278 0.000079
1574275 X0 1574282 0.000079
1574276 CX02 1574439 0.993589
1574276 CX02 1574255 0.000916
1574276 CX02 1574440 0.000916
1574276 CX02 1574256 0.000916
1574276 CX02 1574441 0.000916
1574276 CX02 1574258 0.000916
1574276 CX02 1574442 0.000916
1574276 CX02 1574257 0.000916
1574276 CX12 1574439 0.991323
1574276 CX12 1574255 0.001240
1574276 CX12 1574440 0.001240
1574276 CX12 1574256 0.001240
1574276 CX12 1574441 0.001240
1574276 CX12 1574258 0.001240
1574276 CX12 1574442 0.001240
1574276 CX12 1574257 0.001240
1574276 X0 1574280 0.999762
1574276 X0 1574276 0.000079
1574276 X0 1574277 0.000079
1574276 X0 1574281 0.000079
1574277 CX02 1574442 0.993589
1574277 CX02 1574257 0.000916
1574277 CX02 1574441 0.000916
1574277 CX02 1574258 0.000916
1574277 CX02 1574440 0.000916
1574277 CX02 1574256 0.000916
1574277 CX02 1574439 0.000916
1574277 CX02 1574255 0.000916
1574277 CX12 1574442 0.991323
1574277 CX12 1574257 0.001240
1574277 CX12 1574441 0.001240
1574277 CX12 1574258 0.001240
1574277 CX12 1574440 0.001240
1574277 CX12 1574256 0.001240
1574277 CX12 1574439 0.001240
1574277 CX12 1574255 0.001240
1574277 X0 1574281 0.999762
1574277 X0 1574277 0.000079
1574277 X0 1574276 0.000079
1574277 X0 1574280 0.000079
1574278 CX02 1574257 0.993589
1574278 CX02 1574442 0.000916
1574278 CX02 1574258 0.000916
1574278 CX02 1574441 0.000916
1574278 CX02 1574256 0.000916
1574278 CX02 1574440 0.000916
1574278 CX02 1574255 0.000916
1574278 CX02 1574439 0.000916
1574278 CX12 1574257 0.991323
1574278 CX12 1574442 0.001240
1574278 CX12 1574258 0.001240
1574278 CX12 1574441 0.001240
1574278 CX12 1574256 0.001240
1574278 CX12 1574440 0.001240
1574278 CX12 1574255 0.001240
1574278 CX12 1574439 0.001240
1574278 X0 1574282 0.999762
1574278 X0 1574278 0.000079
1574278 X0 1574275 0.000079
1574278 X0 1574279 0.000079
1574279 CX02 1574440 0.993589
1574279 CX02 1574256 0.000916
1574279 CX02 1574439 0.000916
1574279 CX02 1574255 0.000916
1574279 CX02 1574442 0.000916
1574279 CX02 1574257 0.000916
1574279 CX02 1574441 0.000916
1574279 CX02 1574258 0.000916
1574279 CX12 1574256 0.991323
1574279 CX12 1574440 0.001240
1574279 CX12 1574255 0.001240
1574279 CX12 1574439 0.001240
1574279 CX12 1574257 0.001240
1574279 CX12 1574442 0.001240
1574279 CX12 1574258 0.001240
1574279 CX12 1574441 0.001240
1574279 X0 1574275 0.999762
1574279 X0 1574279 0.000079
1574279 X0 1574282 0.000079
1574279 X0 1574278 0.000079
1574280 CX02 1574256 0.993589
1574280 CX02 1574440 0.000916
1574280 CX02 1574255 0.000916
1574280 CX02 1574439 0.000916
1574280 CX02 1574257 0.000916
1574280 CX02 1574442 0.000916
1574280 CX02 1574258 0.000916
1574280 CX02 1574441 0.000916
1574280 CX12 1574440 0.991323
1574280 CX12 1574256 0.001240
1574280 CX12 1574439 0.001240
1574280 CX12 1574255 0.001240
1574280 CX12 1574442 0.001240
1574280 CX12 1574257 0.001240
1574280 CX12 1574441 0.001240
1574280 CX12 1574258 0.001240
1574280 X0 1574276 0.999762
1574280 X0 1574280 0.000079
1574280 X0 1574281 0.000079
1574280 X0 1574277 0.000079
1574281 CX02 1574258 0.993589
1574281 CX02 1574441 0.000916
1574281 CX02 1574257 0.000916
1574281 CX02 1574442 0.000916
1574281 CX02 1574255 0.000916
1574281 CX02 1574439 0.000916
1574281 CX02 1574256 0.000916
1574281 CX02 1574440 0.000916
1574281 CX12 1574441 0.991323
1574281 CX12 1574258 0.001240
1574281 CX12 1574442 0.001240
1574281 CX12 1574257 0.001240
1574281 CX12 1574439 0.001240
1574281 CX12 1574255 0.001240
1574281 CX12 1574440 0.001240
1574281 CX12 1574256 0.001240
1574281 X0 1574277 0.999762
1574281 X0 1574281 0.000079
1574281 X0 1574280 0.000079
1574281 X0 1574276 0.000079
1574282 CX02 1574441 0.993589
1574282 CX02 1574258 0.000916
1574282 CX02 1574442 0.000916
1574282 CX02 1574257 0.000916
1574282 CX02 1574439 0.000916
1574282 CX02 1574255 0.000916
1574282 CX02 1574440 0.000916
1574282 CX02 1574256 0.000916
1574282 CX12 1574258 0.991323
1574282 CX12 1574441 0.001240
1574282 CX12 1574257 0.001240
1574282 CX12 1574442 0.001240
1574282 CX12 1574255 0.001240
1574282 CX12 1574439 0.001240
1574282 CX12 1574256 0.001240
1574282 CX12 1574440 0.001240
1574282 X0 1574278 0.999762
1574282 X0 1574282 0.000079
1574282 X0 1574279 0.000079
1574282 X0 1574275 0.000079
1574301 CX02 1574731 0.993589
1574301 CX02 1574732 0.000916
1574301 CX02 1574733 0.000916
1574301 CX02 1574734 0.000916
1574301 CX02 1574735 0.000916
1574301 CX02 1574736 0.000916
1574301 CX02 1574737 0.000916
1574301 CX02 1574738 0.000916
1574301 CX12 1574731 0.991323
1574301 CX12 1574732 0.001240
1574301 CX12 1574733 0.001240
1574301 CX12 1574734 0.001240
1574301 CX12 1574736 0.001240
1574301 CX12 1574735 0.001240
1574301 CX12 1574738 0.001240
1574301 CX12 1574737 0.001240
1574301 P2 1574255 0.993600
1574301 P2 1574301 0.006400
1574301 X0 1574340 0.999762
1574301 X0 1574301 0.000079
1574301 X0 1574379 0.000079
1574301 X0 1574418 0.000079
1574340 CX02 1574736 0.993589
1574340 CX02 1574735 0.000916
1574340 CX02 1574738 0.000916
1574340 CX02 1574737 0.000916
1574340 CX02 1574732 0.000916
1574340 CX02 1574731 0.000916
1574340 CX02 1574734 0.000916
1574340 CX02 1574733 0.000916
1574340 CX12 1574735 0.991323
1574340 CX12 1574736 0.001240
1574340 CX12 1574737 0.001240
1574340 CX12 1574738 0.001240
1574340 CX12 1574732 0.001240
1574340 CX12 1574731 0.001240
1574340 CX12 1574734 0.001240
1574340 CX12 1574733 0.001240
1574340 P2 1574256 0.993600
1574340 P2 1574340 0.006400
1574340 X0 1574301 0.999762
1574340 X0 1574340 0.000079
1574340 X0 1574418 0.000079
1574340 X0 1574379 0.000079
1574379 CX02 1574734 0.993589
1574379 CX02 1574733 0.000916
1574379 CX02 1574732 0.000916
1574379 CX02 1574731 0.000916
1574379 CX02 1574738 0.000916
1574379 CX02 1574737 0.000916
1574379 CX02 1574736 0.000916
1574379 CX02 1574735 0.000916
1574379 CX12 1574734 0.991323
1574379 CX12 1574733 0.001240
1574379 CX12 1574732 0.001240
1574379 CX12 1574731 0.001240
1574379 CX12 1574737 0.001240
1574379 CX12 1574738 0.001240
1574379 CX12 1574735 0.001240
1574379 CX12 1574736 0.001240
1574379 P2 1574257 0.993600
1574379 P2 1574379 0.006400
1574379 X0 1574418 0.999762
1574379 X0 1574379 0.000079
1574379 X0 1574301 0.000079
1574379 X0 1574340 0.000079
1574418 CX02 1574737 0.993589
1574418 CX02 1574738 0.000916
1574418 CX02 1574735 0.000916
1574418 CX02 1574736 0.000916
1574418 CX02 1574733 0.000916
1574418 CX02 1574734 0.000916
1574418 CX02 1574731 0.000916
1574418 CX02 1574732 0.000916
1574418 CX12 1574738 0.991323
1574418 CX12 1574737 0.001240
1574418 CX12 1574736 0.001240
1574418 CX12 1574735 0.001240
1574418 CX12 1574733 0.001240
1574418 CX12 1574734 0.001240
1574418 CX12 1574731 0.001240
1574418 CX12 1574732 0.001240
1574418 P2 1574258 0.993600
1574418 P2 1574418 0.006400
1574418 X0 1574379 0.999762
1574418 X0 1574418 0.000079
1574418 X0 1574340 0.000079
1574418 X0 1574301 0.000079
1574439 CX02 1574276 0.993589
1574439 CX02 1574275 0.000916
1574439 CX02 1574278 0.000916
1574439 CX02 1574277 0.000916
1574439 CX02 1574280 0.000916
1574439 CX02 1574279 0.000916
1574439 CX02 1574282 0.000916
1574439 CX02 1574281 0.000916
1574439 CX12 1574276 0.991323
1574439 CX12 1574275 0.001240
1574439 CX12 1574278 0.001240
1574439 CX12 1574277 0.001240
1574439 CX12 1574279 0.001240
1574439 CX12 1574280 0.001240
1574439 CX12 1574281 0.001240
1574439 CX12 1574282 0.001240
1574439 P2 1574909 0.986400
1574439 P2 1574439 0.013600
1574439 X0 1574440 0.999762
1574439 X0 1574439 0.000079
1574439 X0 1574442 0.000079
1574439 X0 1574441 0.000079
1574440 CX02 1574279 0.993589
1574440 CX02 1574280 0.000916
1574440 CX02 1574281 0.000916
1574440 CX02 1574282 0.000916
1574440 CX02 1574275 0.000916
1574440 CX02 1574276 0.000916
1574440 CX02 1574277 0.000916
1574440 CX02 1574278 0.000916
1574440 CX12 1574280 0.991323
1574440 CX12 1574279 0.001240
1574440 CX12 1574282 0.001240
1574440 CX12 1574281 0.001240
1574440 CX12 1574275 0.001240
1574440 CX12 1574276 0.001240
1574440 CX12 1574277 0.001240
1574440 CX12 1574278 0.001240
1574440 P2 1574948 0.986400
1574440 P2 1574440 0.013600
1574440 X0 1574439 0.999762
1574440 X0 1574440 0.000079
1574440 X0 1574441 0.000079
1574440 X0 1574442 0.000079
1574441 CX02 1574282 0.993589
1574441 CX02 1574281 0.000916
1574441 CX02 1574280 0.000916
1574441 CX02 1574279 0.000916
1574441 CX02 1574278 0.000916
1574441 CX02 1574277 0.000916
1574441 CX02 1574276 0.000916
1574441 CX02 1574275 0.000916
1574441 CX12 1574281 0.991323
1574441 CX12 1574282 0.001240
1574441 CX12 1574279 0.001240
1574441 CX12 1574280 0.001240
1574441 CX12 1574278 0.001240
1574441 CX12 1574277 0.001240
1574441 CX12 1574276 0.001240
1574441 CX12 1574275 0.001240
1574441 P2 1574987 0.986400
1574441 P2 1574441 0.013600
1574441 X0 1574442 0.999762
1574441 X0 1574441 0.000079
1574441 X0 1574440 0.000079
1574441 X0 1574439 0.000079
1574442 CX02 1574277 0.993589
1574442 CX02 1574278 0.000916
1574442 CX02 1574275 0.000916
1574442 CX02 1574276 0.000916
1574442 CX02 1574281 0.000916
1574442 CX02 1574282 0.000916
1574442 CX02 1574279 0.000916
1574442 CX02 1574280 0.000916
1574442 CX12 1574277 0.991323
1574442 CX12 1574278 0.001240
1574442 CX12 1574275 0.001240
1574442 CX12 1574276 0.001240
1574442 CX12 1574282 0.001240
1574442 CX12 1574281 0.001240
1574442 CX12 1574280 0.001240
1574442 CX12 1574279 0.001240
1574442 P2 1575026 0.986400
1574442 P2 1574442 0.013600
1574442 X0 1574441 0.999762
1574442 X0 1574442 0.000079
1574442 X0 1574439 0.000079
1574442 X0 1574440 0.000079
1574731 CX02 1574301 0.993589
1574731 CX02 1574909 0.000916
1574731 CX02 1574340 0.000916
1574731 CX02 1574948 0.000916
1574731 CX02 1574418 0.000916
1574731 CX02 1574987 0.000916
1574731 CX02 1574379 0.000916
1574731 CX02 1575026 0.000916
1574731 CX12 1574301 0.991323
1574731 CX12 1574909 0.001240
1574731 CX12 1574340 0.001240
1574731 CX12 1574948 0.001240
1574731 CX12 1574418 0.001240
1574731 CX12 1574987 0.001240
1574731 CX12 1574379 0.001240
1574731 CX12 1575026 0.001240
1574731 X0 1574735 0.999762
1574731 X0 1574731 0.000079
1574731 X0 1574734 0.000079
1574731 X0 1574738 0.000079
1574732 CX02 1574909 0.993589
1574732 CX02 1574301 0.000916
1574732 CX02 1574948 0.000916
1574732 CX02 1574340 0.000916
1574732 CX02 1574987 0.000916
1574732 CX02 1574418 0.000916
1574732 CX02 1575026 0.000916
1574732 CX02 1574379 0.000916
1574732 CX12 1574909 0.991323
1574732 CX12 1574301 0.001240
1574732 CX12 1574948 0.001240
1574732 CX12 1574340 0.001240
1574732 CX12 1574987 0.001240
1574732 CX12 1574418 0.001240
1574732 CX12 1575026 0.001240
1574732 CX12 1574379 0.001240
1574732 X0 1574736 0.999762
1574732 X0 1574732 0.000079
1574732 X0 1574733 0.000079
1574732 X0 1574737 0.000079
1574733 CX02 1575026 0.993589
1574733 CX02 1574379 0.000916
1574733 CX02 1574987 0.000916
1574733 CX02 1574418 0.000916
1574733 CX02 1574948 0.000916
1574733 CX02 1574340 0.000916
1574733 CX02 1574909 0.000916
1574733 CX02 1574301 0.000916
1574733 CX12 1575026 0.991323
1574733 CX12 1574379 0.001240
1574733 CX12 1574987 0.001240
1574733 CX12 1574418 0.001240
1574733 CX12 1574948 0.001240
1574733 CX12 1574340 0.001240
1574733 CX12 1574909 0.001240
1574733 CX12 1574301 0.001240
1574733 X0 1574737 0.999762
1574733 X0 1574733 0.000079
1574733 X0 1574732 0.000079
1574733 X0 1574736 0.000079
1574734 CX02 1574379 0.993589
1574734 CX02 1575026 0.000916
1574734 CX02 1574418 0.000916
1574734 CX02 1574987 0.000916
1574734 CX02 1574340 0.000916
1574734 CX02 1574948 0.000916
1574734 CX02 1574301 0.000916
1574734 CX02 1574909 0.000916
1574734 CX12 1574379 0.991323
1574734 CX12 1575026 0.001240
1574734 CX12 1574418 0.001240
1574734 CX12 1574987 0.001240
1574734 CX12 1574340 0.001240
1574734 CX12 1574948 0.001240
1574734 CX12 1574301 0.001240
1574734 CX12 1574909 0.001240
1574734 X0 1574738 0.999762
1574734 X0 1574734 0.000079
1574734 X0 1574731 0.000079
1574734 X0 1574735 0.000079
1574735 CX02 1574948 0.993589
1574735 CX02 1574340 0.000916
1574735 CX02 1574909 0.000916
1574735 CX02 1574301 0.000916
1574735 CX02 1575026 0.000916
1574735 CX02 1574379 0.000916
1574735 CX02 1574987 0.000916
1574735 CX02 1574418 0.000916
1574735 CX12 1574340 0.991323
1574735 CX12 1574948 0.001240
1574735 CX12 1574301 0.001240
1574735 CX12 1574909 0.001240
1574735 CX12 1574379 0.001240
1574735 CX12 1575026 0.001240
1574735 CX12 1574418 0.001240
1574735 CX12 1574987 0.001240
1574735 X0 1574731 0.999762
1574735 X0 1574735 0.000079
1574735 X0 1574738 0.000079
1574735 X0 1574734 0.000079
1574736 CX02 1574340 0.993589
1574736 CX02 1574948 0.000916
1574736 CX02 1574301 0.000916
1574736 CX02 1574909 0.000916
1574736 CX02 1574379 0.000916
1574736 CX02 1575026 0.000916
1574736 CX02 1574418 0.000916
1574736 CX02 1574987 0.000916
1574736 CX12 1574948 0.991323
1574736 CX12 1574340 0.001240
1574736 CX12 1574909 0.001240
1574736 CX12 1574301 0.001240
1574736 CX12 1575026 0.001240
1574736 CX12 1574379 0.001240
1574736 CX12 1574987 0.001240
1574736 CX12 1574418 0.001240
1574736 X0 1574732 0.999762
1574736 X0 1574736 0.000079
1574736 X0 1574737 0.000079
1574736 X0 1574733 0.000079
1574737 CX02 1574418 0.993589
1574737 CX02 1574987 0.000916
1574737 CX02 1574379 0.000916
1574737 CX02 1575026 0.000916
1574737 CX02 1574301 0.000916
1574737 CX02 1574909 0.000916
1574737 CX02 1574340 0.000916
1574737 CX02 1574948 0.000916
1574737 CX12 1574987 0.991323
1574737 CX12 1574418 0.001240
1574737 CX12 1575026 0.001240
1574737 CX12 1574379 0.001240
1574737 CX12 1574909 0.001240
1574737 CX12 1574301 0.001240
1574737 CX12 1574948 0.001240
1574737 CX12 1574340 0.001240
1574737 X0 1574733 0.999762
1574737 X0 1574737 0.000079
1574737 X0 1574736 0.000079
1574737 X0 1574732 0.000079
1574738 CX02 1574987 0.993589
1574738 CX02 1574418 0.000916
1574738 CX02 1575026 0.000916
1574738 CX02 1574379 0.000916
1574738 CX02 1574909 0.000916
1574738 CX02 1574301 0.000916
1574738 CX02 1574948 0.000916
1574738 CX02 1574340 0.000916
1574738 CX12 1574418 0.991323
1574738 CX12 1574987 0.001240
1574738 CX12 1574379 0.001240
1574738 CX12 1575026 0.001240
1574738 CX12 1574301 0.001240
1574738 CX12 1574909 0.001240
1574738 CX12 1574340 0.001240
1574738 CX12 1574948 0.001240
1574738 X0 1574734 0.999762
1574738 X0 1574738 0.000079
1574738 X0 1574735 0.000079
1574738 X0 1574731 0.000079
1574909 CX02 1574732 0.993589
1574909 CX02 1574731 0.000916
1574909 CX02 1574734 0.000916
1574909 CX02 1574733 0.000916
1574909 CX02 1574736 0.000916
1574909 CX02 1574735 0.000916
1574909 CX02 1574738 0.000916
1574909 CX02 1574737 0.000916
1574909 CX12 1574732 0.991323
1574909 CX12 1574731 0.001240
1574909 CX12 1574734 0.001240
1574909 CX12 1574733 0.001240
1574909 CX12 1574735 0.001240
1574909 CX12 1574736 0.001240
1574909 CX12 1574737 0.001240
1574909 CX12 1574738 0.001240
1574909 P2 1574909 0.986400
1574909 P2 1574439 0.013600
1574909 X0 1574948 0.999762
1574909 X0 1574909 0.000079
1574909 X0 1575026 0.000079
1574909 X0 1574987 0.000079
1574948 CX02 1574735 0.993589
1574948 CX02 1574736 0.000916
1574948 CX02 1574737 0.000916
1574948 CX02 1574738 0.000916
1574948 CX02 1574731 0.000916
1574948 CX02 1574732 0.000916
1574948 CX02 1574733 0.000916
1574948 CX02 1574734 0.000916
1574948 CX12 1574736 0.991323
1574948 CX12 1574735 0.001240
1574948 CX12 1574738 0.001240
1574948 CX12 1574737 0.001240
1574948 CX12 1574731 0.001240
1574948 CX12 1574732 0.001240
1574948 CX12 1574733 0.001240
1574948 CX12 1574734 0.001240
1574948 P2 1574948 0.986400
1574948 P2 1574440 0.013600
1574948 X0 1574909 0.999762
1574948 X0 1574948 0.000079
1574948 X0 1574987 0.000079
1574948 X0 1575026 0.000079
1574987 CX02 1574738 0.993589
1574987 CX02 1574737 0.000916
1574987 CX02 1574736 0.000916
1574987 CX02 1574735 0.000916
1574987 CX02 1574734 0.000916
1574987 CX02 1574733 0.000916
1574987 CX02 1574732 0.000916
1574987 CX02 1574731 0.000916
1574987 CX12 1574737 0.991323
1574987 CX12 1574738 0.001240
1574987 CX12 1574735 0.001240
1574987 CX12 1574736 0.001240
1574987 CX12 1574734 0.001240
1574987 CX12 1574733 0.001240
1574987 CX12 1574732 0.001240
1574987 CX12 1574731 0.001240
1574987 P2 1574987 0.986400
1574987 P2 1574441 0.013600
1574987 X0 1575026 0.999762
1574987 X0 1574987 0.000079
1574987 X0 1574948 0.000079
1574987 X0 1574909 0.000079
1575026 CX02 1574733 0.993589
1575026 CX02 1574734 0.000916
1575026 CX02 1574731 0.000916
1575026 CX02 1574732 0.000916
1575026 CX02 1574737 0.000916
1575026 CX02 1574738 0.000916
1575026 CX02 1574735 0.000916
1575026 CX02 1574736 0.000916
1575026 CX12 1574733 0.991323
1575026 CX12 1574734 0.001240
1575026 CX12 1574731 0.001240
1575026 CX12 1574732 0.001240
1575026 CX12 1574738 0.001240
1575026 CX12 1574737 0.001240
1575026 CX12 1574736 0.001240
1575026 CX12 1574735 0.001240
1575026 P2 1575026 0.986400
1575026 P2 1574442 0.013600
1575026 X0 1574987 0.999762
1575026 X0 1575026 0.000079
1575026 X0 1574909 0.000079
1575026 X0 1574948 0.000079
ENDPOMDP
