BEGINPOMDP
INITIALSTATE: 1582773
STATES: 1582773,1582774,1582775,1582776,1582777,1582794,1582795,1582796,1582797,1582798,1582799,1582800,1582801,1582820,1582859,1582898,1582937,1582958,1582959,1582960,1582961,1583250,1583251,1583252,1583253,1583254,1583255,1583256,1583257,1583428,1583467,1583506,1583545
TARGETV: 1582774,1582776,1582820,1582898,1582958,1582961,1583428,1583545
GAMMA: 1582773:0,1582774:0,1582775:0,1582776:0,1582777:0,1582794:0,1582795:0,1582796:0,1582797:0,1582798:0,1582799:0,1582800:0,1582801:0,1582820:1,1582859:1,1582898:1,1582937:1,1582958:0,1582959:0,1582960:0,1582961:0,1583250:1,1583251:1,1583252:1,1583253:1,1583254:1,1583255:1,1583256:1,1583257:1,1583428:1,1583467:1,1583506:1,1583545:1
BEGINACTIONS
CX02
CX12
P2
X0
ENDACTIONS
1582773 INIT_ 1582774 0.250000
1582773 INIT_ 1582775 0.250000
1582773 INIT_ 1582776 0.250000
1582773 INIT_ 1582777 0.250000
1582774 CX02 1582794 0.991265
1582774 CX02 1582795 0.001248
1582774 CX02 1582796 0.001248
1582774 CX02 1582797 0.001248
1582774 CX02 1582798 0.001248
1582774 CX02 1582799 0.001248
1582774 CX02 1582800 0.001248
1582774 CX02 1582801 0.001248
1582774 CX12 1582794 0.981072
1582774 CX12 1582795 0.002704
1582774 CX12 1582796 0.002704
1582774 CX12 1582797 0.002704
1582774 CX12 1582799 0.002704
1582774 CX12 1582798 0.002704
1582774 CX12 1582801 0.002704
1582774 CX12 1582800 0.002704
1582774 P2 1582774 0.992200
1582774 P2 1582820 0.007800
1582774 X0 1582775 0.999608
1582774 X0 1582774 0.000131
1582774 X0 1582776 0.000131
1582774 X0 1582777 0.000131
1582775 CX02 1582799 0.991265
1582775 CX02 1582798 0.001248
1582775 CX02 1582801 0.001248
1582775 CX02 1582800 0.001248
1582775 CX02 1582795 0.001248
1582775 CX02 1582794 0.001248
1582775 CX02 1582797 0.001248
1582775 CX02 1582796 0.001248
1582775 CX12 1582798 0.981072
1582775 CX12 1582799 0.002704
1582775 CX12 1582800 0.002704
1582775 CX12 1582801 0.002704
1582775 CX12 1582795 0.002704
1582775 CX12 1582794 0.002704
1582775 CX12 1582797 0.002704
1582775 CX12 1582796 0.002704
1582775 P2 1582775 0.992200
1582775 P2 1582859 0.007800
1582775 X0 1582774 0.999608
1582775 X0 1582775 0.000131
1582775 X0 1582777 0.000131
1582775 X0 1582776 0.000131
1582776 CX02 1582797 0.991265
1582776 CX02 1582796 0.001248
1582776 CX02 1582795 0.001248
1582776 CX02 1582794 0.001248
1582776 CX02 1582801 0.001248
1582776 CX02 1582800 0.001248
1582776 CX02 1582799 0.001248
1582776 CX02 1582798 0.001248
1582776 CX12 1582797 0.981072
1582776 CX12 1582796 0.002704
1582776 CX12 1582795 0.002704
1582776 CX12 1582794 0.002704
1582776 CX12 1582800 0.002704
1582776 CX12 1582801 0.002704
1582776 CX12 1582798 0.002704
1582776 CX12 1582799 0.002704
1582776 P2 1582776 0.992200
1582776 P2 1582898 0.007800
1582776 X0 1582777 0.999608
1582776 X0 1582776 0.000131
1582776 X0 1582774 0.000131
1582776 X0 1582775 0.000131
1582777 CX02 1582800 0.991265
1582777 CX02 1582801 0.001248
1582777 CX02 1582798 0.001248
1582777 CX02 1582799 0.001248
1582777 CX02 1582796 0.001248
1582777 CX02 1582797 0.001248
1582777 CX02 1582794 0.001248
1582777 CX02 1582795 0.001248
1582777 CX12 1582801 0.981072
1582777 CX12 1582800 0.002704
1582777 CX12 1582799 0.002704
1582777 CX12 1582798 0.002704
1582777 CX12 1582796 0.002704
1582777 CX12 1582797 0.002704
1582777 CX12 1582794 0.002704
1582777 CX12 1582795 0.002704
1582777 P2 1582777 0.992200
1582777 P2 1582937 0.007800
1582777 X0 1582776 0.999608
1582777 X0 1582777 0.000131
1582777 X0 1582775 0.000131
1582777 X0 1582774 0.000131
1582794 CX02 1582774 0.991265
1582794 CX02 1582958 0.001248
1582794 CX02 1582775 0.001248
1582794 CX02 1582959 0.001248
1582794 CX02 1582777 0.001248
1582794 CX02 1582960 0.001248
1582794 CX02 1582776 0.001248
1582794 CX02 1582961 0.001248
1582794 CX12 1582774 0.981072
1582794 CX12 1582958 0.002704
1582794 CX12 1582775 0.002704
1582794 CX12 1582959 0.002704
1582794 CX12 1582777 0.002704
1582794 CX12 1582960 0.002704
1582794 CX12 1582776 0.002704
1582794 CX12 1582961 0.002704
1582794 X0 1582798 0.999608
1582794 X0 1582794 0.000131
1582794 X0 1582797 0.000131
1582794 X0 1582801 0.000131
1582795 CX02 1582958 0.991265
1582795 CX02 1582774 0.001248
1582795 CX02 1582959 0.001248
1582795 CX02 1582775 0.001248
1582795 CX02 1582960 0.001248
1582795 CX02 1582777 0.001248
1582795 CX02 1582961 0.001248
1582795 CX02 1582776 0.001248
1582795 CX12 1582958 0.981072
1582795 CX12 1582774 0.002704
1582795 CX12 1582959 0.002704
1582795 CX12 1582775 0.002704
1582795 CX12 1582960 0.002704
1582795 CX12 1582777 0.002704
1582795 CX12 1582961 0.002704
1582795 CX12 1582776 0.002704
1582795 X0 1582799 0.999608
1582795 X0 1582795 0.000131
1582795 X0 1582796 0.000131
1582795 X0 1582800 0.000131
1582796 CX02 1582961 0.991265
1582796 CX02 1582776 0.001248
1582796 CX02 1582960 0.001248
1582796 CX02 1582777 0.001248
1582796 CX02 1582959 0.001248
1582796 CX02 1582775 0.001248
1582796 CX02 1582958 0.001248
1582796 CX02 1582774 0.001248
1582796 CX12 1582961 0.981072
1582796 CX12 1582776 0.002704
1582796 CX12 1582960 0.002704
1582796 CX12 1582777 0.002704
1582796 CX12 1582959 0.002704
1582796 CX12 1582775 0.002704
1582796 CX12 1582958 0.002704
1582796 CX12 1582774 0.002704
1582796 X0 1582800 0.999608
1582796 X0 1582796 0.000131
1582796 X0 1582795 0.000131
1582796 X0 1582799 0.000131
1582797 CX02 1582776 0.991265
1582797 CX02 1582961 0.001248
1582797 CX02 1582777 0.001248
1582797 CX02 1582960 0.001248
1582797 CX02 1582775 0.001248
1582797 CX02 1582959 0.001248
1582797 CX02 1582774 0.001248
1582797 CX02 1582958 0.001248
1582797 CX12 1582776 0.981072
1582797 CX12 1582961 0.002704
1582797 CX12 1582777 0.002704
1582797 CX12 1582960 0.002704
1582797 CX12 1582775 0.002704
1582797 CX12 1582959 0.002704
1582797 CX12 1582774 0.002704
1582797 CX12 1582958 0.002704
1582797 X0 1582801 0.999608
1582797 X0 1582797 0.000131
1582797 X0 1582794 0.000131
1582797 X0 1582798 0.000131
1582798 CX02 1582959 0.991265
1582798 CX02 1582775 0.001248
1582798 CX02 1582958 0.001248
1582798 CX02 1582774 0.001248
1582798 CX02 1582961 0.001248
1582798 CX02 1582776 0.001248
1582798 CX02 1582960 0.001248
1582798 CX02 1582777 0.001248
1582798 CX12 1582775 0.981072
1582798 CX12 1582959 0.002704
1582798 CX12 1582774 0.002704
1582798 CX12 1582958 0.002704
1582798 CX12 1582776 0.002704
1582798 CX12 1582961 0.002704
1582798 CX12 1582777 0.002704
1582798 CX12 1582960 0.002704
1582798 X0 1582794 0.999608
1582798 X0 1582798 0.000131
1582798 X0 1582801 0.000131
1582798 X0 1582797 0.000131
1582799 CX02 1582775 0.991265
1582799 CX02 1582959 0.001248
1582799 CX02 1582774 0.001248
1582799 CX02 1582958 0.001248
1582799 CX02 1582776 0.001248
1582799 CX02 1582961 0.001248
1582799 CX02 1582777 0.001248
1582799 CX02 1582960 0.001248
1582799 CX12 1582959 0.981072
1582799 CX12 1582775 0.002704
1582799 CX12 1582958 0.002704
1582799 CX12 1582774 0.002704
1582799 CX12 1582961 0.002704
1582799 CX12 1582776 0.002704
1582799 CX12 1582960 0.002704
1582799 CX12 1582777 0.002704
1582799 X0 1582795 0.999608
1582799 X0 1582799 0.000131
1582799 X0 1582800 0.000131
1582799 X0 1582796 0.000131
1582800 CX02 1582777 0.991265
1582800 CX02 1582960 0.001248
1582800 CX02 1582776 0.001248
1582800 CX02 1582961 0.001248
1582800 CX02 1582774 0.001248
1582800 CX02 1582958 0.001248
1582800 CX02 1582775 0.001248
1582800 CX02 1582959 0.001248
1582800 CX12 1582960 0.981072
1582800 CX12 1582777 0.002704
1582800 CX12 1582961 0.002704
1582800 CX12 1582776 0.002704
1582800 CX12 1582958 0.002704
1582800 CX12 1582774 0.002704
1582800 CX12 1582959 0.002704
1582800 CX12 1582775 0.002704
1582800 X0 1582796 0.999608
1582800 X0 1582800 0.000131
1582800 X0 1582799 0.000131
1582800 X0 1582795 0.000131
1582801 CX02 1582960 0.991265
1582801 CX02 1582777 0.001248
1582801 CX02 1582961 0.001248
1582801 CX02 1582776 0.001248
1582801 CX02 1582958 0.001248
1582801 CX02 1582774 0.001248
1582801 CX02 1582959 0.001248
1582801 CX02 1582775 0.001248
1582801 CX12 1582777 0.981072
1582801 CX12 1582960 0.002704
1582801 CX12 1582776 0.002704
1582801 CX12 1582961 0.002704
1582801 CX12 1582774 0.002704
1582801 CX12 1582958 0.002704
1582801 CX12 1582775 0.002704
1582801 CX12 1582959 0.002704
1582801 X0 1582797 0.999608
1582801 X0 1582801 0.000131
1582801 X0 1582798 0.000131
1582801 X0 1582794 0.000131
1582820 CX02 1583250 0.991265
1582820 CX02 1583251 0.001248
1582820 CX02 1583252 0.001248
1582820 CX02 1583253 0.001248
1582820 CX02 1583254 0.001248
1582820 CX02 1583255 0.001248
1582820 CX02 1583256 0.001248
1582820 CX02 1583257 0.001248
1582820 CX12 1583250 0.981072
1582820 CX12 1583251 0.002704
1582820 CX12 1583252 0.002704
1582820 CX12 1583253 0.002704
1582820 CX12 1583255 0.002704
1582820 CX12 1583254 0.002704
1582820 CX12 1583257 0.002704
1582820 CX12 1583256 0.002704
1582820 P2 1582774 0.992200
1582820 P2 1582820 0.007800
1582820 X0 1582859 0.999608
1582820 X0 1582820 0.000131
1582820 X0 1582898 0.000131
1582820 X0 1582937 0.000131
1582859 CX02 1583255 0.991265
1582859 CX02 1583254 0.001248
1582859 CX02 1583257 0.001248
1582859 CX02 1583256 0.001248
1582859 CX02 1583251 0.001248
1582859 CX02 1583250 0.001248
1582859 CX02 1583253 0.001248
1582859 CX02 1583252 0.001248
1582859 CX12 1583254 0.981072
1582859 CX12 1583255 0.002704
1582859 CX12 1583256 0.002704
1582859 CX12 1583257 0.002704
1582859 CX12 1583251 0.002704
1582859 CX12 1583250 0.002704
1582859 CX12 1583253 0.002704
1582859 CX12 1583252 0.002704
1582859 P2 1582775 0.992200
1582859 P2 1582859 0.007800
1582859 X0 1582820 0.999608
1582859 X0 1582859 0.000131
1582859 X0 1582937 0.000131
1582859 X0 1582898 0.000131
1582898 CX02 1583253 0.991265
1582898 CX02 1583252 0.001248
1582898 CX02 1583251 0.001248
1582898 CX02 1583250 0.001248
1582898 CX02 1583257 0.001248
1582898 CX02 1583256 0.001248
1582898 CX02 1583255 0.001248
1582898 CX02 1583254 0.001248
1582898 CX12 1583253 0.981072
1582898 CX12 1583252 0.002704
1582898 CX12 1583251 0.002704
1582898 CX12 1583250 0.002704
1582898 CX12 1583256 0.002704
1582898 CX12 1583257 0.002704
1582898 CX12 1583254 0.002704
1582898 CX12 1583255 0.002704
1582898 P2 1582776 0.992200
1582898 P2 1582898 0.007800
1582898 X0 1582937 0.999608
1582898 X0 1582898 0.000131
1582898 X0 1582820 0.000131
1582898 X0 1582859 0.000131
1582937 CX02 1583256 0.991265
1582937 CX02 1583257 0.001248
1582937 CX02 1583254 0.001248
1582937 CX02 1583255 0.001248
1582937 CX02 1583252 0.001248
1582937 CX02 1583253 0.001248
1582937 CX02 1583250 0.001248
1582937 CX02 1583251 0.001248
1582937 CX12 1583257 0.981072
1582937 CX12 1583256 0.002704
1582937 CX12 1583255 0.002704
1582937 CX12 1583254 0.002704
1582937 CX12 1583252 0.002704
1582937 CX12 1583253 0.002704
1582937 CX12 1583250 0.002704
1582937 CX12 1583251 0.002704
1582937 P2 1582777 0.992200
1582937 P2 1582937 0.007800
1582937 X0 1582898 0.999608
1582937 X0 1582937 0.000131
1582937 X0 1582859 0.000131
1582937 X0 1582820 0.000131
1582958 CX02 1582795 0.991265
1582958 CX02 1582794 0.001248
1582958 CX02 1582797 0.001248
1582958 CX02 1582796 0.001248
1582958 CX02 1582799 0.001248
1582958 CX02 1582798 0.001248
1582958 CX02 1582801 0.001248
1582958 CX02 1582800 0.001248
1582958 CX12 1582795 0.981072
1582958 CX12 1582794 0.002704
1582958 CX12 1582797 0.002704
1582958 CX12 1582796 0.002704
1582958 CX12 1582798 0.002704
1582958 CX12 1582799 0.002704
1582958 CX12 1582800 0.002704
1582958 CX12 1582801 0.002704
1582958 P2 1583428 0.979000
1582958 P2 1582958 0.021000
1582958 X0 1582959 0.999608
1582958 X0 1582958 0.000131
1582958 X0 1582961 0.000131
1582958 X0 1582960 0.000131
1582959 CX02 1582798 0.991265
1582959 CX02 1582799 0.001248
1582959 CX02 1582800 0.001248
1582959 CX02 1582801 0.001248
1582959 CX02 1582794 0.001248
1582959 CX02 1582795 0.001248
1582959 CX02 1582796 0.001248
1582959 CX02 1582797 0.001248
1582959 CX12 1582799 0.981072
1582959 CX12 1582798 0.002704
1582959 CX12 1582801 0.002704
1582959 CX12 1582800 0.002704
1582959 CX12 1582794 0.002704
1582959 CX12 1582795 0.002704
1582959 CX12 1582796 0.002704
1582959 CX12 1582797 0.002704
1582959 P2 1583467 0.979000
1582959 P2 1582959 0.021000
1582959 X0 1582958 0.999608
1582959 X0 1582959 0.000131
1582959 X0 1582960 0.000131
1582959 X0 1582961 0.000131
1582960 CX02 1582801 0.991265
1582960 CX02 1582800 0.001248
1582960 CX02 1582799 0.001248
1582960 CX02 1582798 0.001248
1582960 CX02 1582797 0.001248
1582960 CX02 1582796 0.001248
1582960 CX02 1582795 0.001248
1582960 CX02 1582794 0.001248
1582960 CX12 1582800 0.981072
1582960 CX12 1582801 0.002704
1582960 CX12 1582798 0.002704
1582960 CX12 1582799 0.002704
1582960 CX12 1582797 0.002704
1582960 CX12 1582796 0.002704
1582960 CX12 1582795 0.002704
1582960 CX12 1582794 0.002704
1582960 P2 1583506 0.979000
1582960 P2 1582960 0.021000
1582960 X0 1582961 0.999608
1582960 X0 1582960 0.000131
1582960 X0 1582959 0.000131
1582960 X0 1582958 0.000131
1582961 CX02 1582796 0.991265
1582961 CX02 1582797 0.001248
1582961 CX02 1582794 0.001248
1582961 CX02 1582795 0.001248
1582961 CX02 1582800 0.001248
1582961 CX02 1582801 0.001248
1582961 CX02 1582798 0.001248
1582961 CX02 1582799 0.001248
1582961 CX12 1582796 0.981072
1582961 CX12 1582797 0.002704
1582961 CX12 1582794 0.002704
1582961 CX12 1582795 0.002704
1582961 CX12 1582801 0.002704
1582961 CX12 1582800 0.002704
1582961 CX12 1582799 0.002704
1582961 CX12 1582798 0.002704
1582961 P2 1583545 0.979000
1582961 P2 1582961 0.021000
1582961 X0 1582960 0.999608
1582961 X0 1582961 0.000131
1582961 X0 1582958 0.000131
1582961 X0 1582959 0.000131
1583250 CX02 1582820 0.991265
1583250 CX02 1583428 0.001248
1583250 CX02 1582859 0.001248
1583250 CX02 1583467 0.001248
1583250 CX02 1582937 0.001248
1583250 CX02 1583506 0.001248
1583250 CX02 1582898 0.001248
1583250 CX02 1583545 0.001248
1583250 CX12 1582820 0.981072
1583250 CX12 1583428 0.002704
1583250 CX12 1582859 0.002704
1583250 CX12 1583467 0.002704
1583250 CX12 1582937 0.002704
1583250 CX12 1583506 0.002704
1583250 CX12 1582898 0.002704
1583250 CX12 1583545 0.002704
1583250 X0 1583254 0.999608
1583250 X0 1583250 0.000131
1583250 X0 1583253 0.000131
1583250 X0 1583257 0.000131
1583251 CX02 1583428 0.991265
1583251 CX02 1582820 0.001248
1583251 CX02 1583467 0.001248
1583251 CX02 1582859 0.001248
1583251 CX02 1583506 0.001248
1583251 CX02 1582937 0.001248
1583251 CX02 1583545 0.001248
1583251 CX02 1582898 0.001248
1583251 CX12 1583428 0.981072
1583251 CX12 1582820 0.002704
1583251 CX12 1583467 0.002704
1583251 CX12 1582859 0.002704
1583251 CX12 1583506 0.002704
1583251 CX12 1582937 0.002704
1583251 CX12 1583545 0.002704
1583251 CX12 1582898 0.002704
1583251 X0 1583255 0.999608
1583251 X0 1583251 0.000131
1583251 X0 1583252 0.000131
1583251 X0 1583256 0.000131
1583252 CX02 1583545 0.991265
1583252 CX02 1582898 0.001248
1583252 CX02 1583506 0.001248
1583252 CX02 1582937 0.001248
1583252 CX02 1583467 0.001248
1583252 CX02 1582859 0.001248
1583252 CX02 1583428 0.001248
1583252 CX02 1582820 0.001248
1583252 CX12 1583545 0.981072
1583252 CX12 1582898 0.002704
1583252 CX12 1583506 0.002704
1583252 CX12 1582937 0.002704
1583252 CX12 1583467 0.002704
1583252 CX12 1582859 0.002704
1583252 CX12 1583428 0.002704
1583252 CX12 1582820 0.002704
1583252 X0 1583256 0.999608
1583252 X0 1583252 0.000131
1583252 X0 1583251 0.000131
1583252 X0 1583255 0.000131
1583253 CX02 1582898 0.991265
1583253 CX02 1583545 0.001248
1583253 CX02 1582937 0.001248
1583253 CX02 1583506 0.001248
1583253 CX02 1582859 0.001248
1583253 CX02 1583467 0.001248
1583253 CX02 1582820 0.001248
1583253 CX02 1583428 0.001248
1583253 CX12 1582898 0.981072
1583253 CX12 1583545 0.002704
1583253 CX12 1582937 0.002704
1583253 CX12 1583506 0.002704
1583253 CX12 1582859 0.002704
1583253 CX12 1583467 0.002704
1583253 CX12 1582820 0.002704
1583253 CX12 1583428 0.002704
1583253 X0 1583257 0.999608
1583253 X0 1583253 0.000131
1583253 X0 1583250 0.000131
1583253 X0 1583254 0.000131
1583254 CX02 1583467 0.991265
1583254 CX02 1582859 0.001248
1583254 CX02 1583428 0.001248
1583254 CX02 1582820 0.001248
1583254 CX02 1583545 0.001248
1583254 CX02 1582898 0.001248
1583254 CX02 1583506 0.001248
1583254 CX02 1582937 0.001248
1583254 CX12 1582859 0.981072
1583254 CX12 1583467 0.002704
1583254 CX12 1582820 0.002704
1583254 CX12 1583428 0.002704
1583254 CX12 1582898 0.002704
1583254 CX12 1583545 0.002704
1583254 CX12 1582937 0.002704
1583254 CX12 1583506 0.002704
1583254 X0 1583250 0.999608
1583254 X0 1583254 0.000131
1583254 X0 1583257 0.000131
1583254 X0 1583253 0.000131
1583255 CX02 1582859 0.991265
1583255 CX02 1583467 0.001248
1583255 CX02 1582820 0.001248
1583255 CX02 1583428 0.001248
1583255 CX02 1582898 0.001248
1583255 CX02 1583545 0.001248
1583255 CX02 1582937 0.001248
1583255 CX02 1583506 0.001248
1583255 CX12 1583467 0.981072
1583255 CX12 1582859 0.002704
1583255 CX12 1583428 0.002704
1583255 CX12 1582820 0.002704
1583255 CX12 1583545 0.002704
1583255 CX12 1582898 0.002704
1583255 CX12 1583506 0.002704
1583255 CX12 1582937 0.002704
1583255 X0 1583251 0.999608
1583255 X0 1583255 0.000131
1583255 X0 1583256 0.000131
1583255 X0 1583252 0.000131
1583256 CX02 1582937 0.991265
1583256 CX02 1583506 0.001248
1583256 CX02 1582898 0.001248
1583256 CX02 1583545 0.001248
1583256 CX02 1582820 0.001248
1583256 CX02 1583428 0.001248
1583256 CX02 1582859 0.001248
1583256 CX02 1583467 0.001248
1583256 CX12 1583506 0.981072
1583256 CX12 1582937 0.002704
1583256 CX12 1583545 0.002704
1583256 CX12 1582898 0.002704
1583256 CX12 1583428 0.002704
1583256 CX12 1582820 0.002704
1583256 CX12 1583467 0.002704
1583256 CX12 1582859 0.002704
1583256 X0 1583252 0.999608
1583256 X0 1583256 0.000131
1583256 X0 1583255 0.000131
1583256 X0 1583251 0.000131
1583257 CX02 1583506 0.991265
1583257 CX02 1582937 0.001248
1583257 CX02 1583545 0.001248
1583257 CX02 1582898 0.001248
1583257 CX02 1583428 0.001248
1583257 CX02 1582820 0.001248
1583257 CX02 1583467 0.001248
1583257 CX02 1582859 0.001248
1583257 CX12 1582937 0.981072
1583257 CX12 1583506 0.002704
1583257 CX12 1582898 0.002704
1583257 CX12 1583545 0.002704
1583257 CX12 1582820 0.002704
1583257 CX12 1583428 0.002704
1583257 CX12 1582859 0.002704
1583257 CX12 1583467 0.002704
1583257 X0 1583253 0.999608
1583257 X0 1583257 0.000131
1583257 X0 1583254 0.000131
1583257 X0 1583250 0.000131
1583428 CX02 1583251 0.991265
1583428 CX02 1583250 0.001248
1583428 CX02 1583253 0.001248
1583428 CX02 1583252 0.001248
1583428 CX02 1583255 0.001248
1583428 CX02 1583254 0.001248
1583428 CX02 1583257 0.001248
1583428 CX02 1583256 0.001248
1583428 CX12 1583251 0.981072
1583428 CX12 1583250 0.002704
1583428 CX12 1583253 0.002704
1583428 CX12 1583252 0.002704
1583428 CX12 1583254 0.002704
1583428 CX12 1583255 0.002704
1583428 CX12 1583256 0.002704
1583428 CX12 1583257 0.002704
1583428 P2 1583428 0.979000
1583428 P2 1582958 0.021000
1583428 X0 1583467 0.999608
1583428 X0 1583428 0.000131
1583428 X0 1583545 0.000131
1583428 X0 1583506 0.000131
1583467 CX02 1583254 0.991265
1583467 CX02 1583255 0.001248
1583467 CX02 1583256 0.001248
1583467 CX02 1583257 0.001248
1583467 CX02 1583250 0.001248
1583467 CX02 1583251 0.001248
1583467 CX02 1583252 0.001248
1583467 CX02 1583253 0.001248
1583467 CX12 1583255 0.981072
1583467 CX12 1583254 0.002704
1583467 CX12 1583257 0.002704
1583467 CX12 1583256 0.002704
1583467 CX12 1583250 0.002704
1583467 CX12 1583251 0.002704
1583467 CX12 1583252 0.002704
1583467 CX12 1583253 0.002704
1583467 P2 1583467 0.979000
1583467 P2 1582959 0.021000
1583467 X0 1583428 0.999608
1583467 X0 1583467 0.000131
1583467 X0 1583506 0.000131
1583467 X0 1583545 0.000131
1583506 CX02 1583257 0.991265
1583506 CX02 1583256 0.001248
1583506 CX02 1583255 0.001248
1583506 CX02 1583254 0.001248
1583506 CX02 1583253 0.001248
1583506 CX02 1583252 0.001248
1583506 CX02 1583251 0.001248
1583506 CX02 1583250 0.001248
1583506 CX12 1583256 0.981072
1583506 CX12 1583257 0.002704
1583506 CX12 1583254 0.002704
1583506 CX12 1583255 0.002704
1583506 CX12 1583253 0.002704
1583506 CX12 1583252 0.002704
1583506 CX12 1583251 0.002704
1583506 CX12 1583250 0.002704
1583506 P2 1583506 0.979000
1583506 P2 1582960 0.021000
1583506 X0 1583545 0.999608
1583506 X0 1583506 0.000131
1583506 X0 1583467 0.000131
1583506 X0 1583428 0.000131
1583545 CX02 1583252 0.991265
1583545 CX02 1583253 0.001248
1583545 CX02 1583250 0.001248
1583545 CX02 1583251 0.001248
1583545 CX02 1583256 0.001248
1583545 CX02 1583257 0.001248
1583545 CX02 1583254 0.001248
1583545 CX02 1583255 0.001248
1583545 CX12 1583252 0.981072
1583545 CX12 1583253 0.002704
1583545 CX12 1583250 0.002704
1583545 CX12 1583251 0.002704
1583545 CX12 1583257 0.002704
1583545 CX12 1583256 0.002704
1583545 CX12 1583255 0.002704
1583545 CX12 1583254 0.002704
1583545 P2 1583545 0.979000
1583545 P2 1582961 0.021000
1583545 X0 1583506 0.999608
1583545 X0 1583545 0.000131
1583545 X0 1583428 0.000131
1583545 X0 1583467 0.000131
ENDPOMDP
