BEGINPOMDP
INITIALSTATE: 1585207
STATES: 1585207,1585208,1585209,1585210,1585211,1585228,1585229,1585230,1585231,1585232,1585233,1585234,1585235,1585254,1585293,1585332,1585371,1585392,1585393,1585394,1585395,1585684,1585685,1585686,1585687,1585688,1585689,1585690,1585691,1585862,1585901,1585940,1585979
TARGETV: 1585208,1585210,1585254,1585332,1585392,1585395,1585862,1585979
GAMMA: 1585207:0,1585208:0,1585209:0,1585210:0,1585211:0,1585228:0,1585229:0,1585230:0,1585231:0,1585232:0,1585233:0,1585234:0,1585235:0,1585254:1,1585293:1,1585332:1,1585371:1,1585392:0,1585393:0,1585394:0,1585395:0,1585684:1,1585685:1,1585686:1,1585687:1,1585688:1,1585689:1,1585690:1,1585691:1,1585862:1,1585901:1,1585940:1,1585979:1
BEGINACTIONS
CX02
CX12
P2
X0
ENDACTIONS
1585207 INIT_ 1585208 0.250000
1585207 INIT_ 1585209 0.250000
1585207 INIT_ 1585210 0.250000
1585207 INIT_ 1585211 0.250000
1585208 CX02 1585228 0.984728
1585208 CX02 1585229 0.002182
1585208 CX02 1585230 0.002182
1585208 CX02 1585231 0.002182
1585208 CX02 1585232 0.002182
1585208 CX02 1585233 0.002182
1585208 CX02 1585234 0.002182
1585208 CX02 1585235 0.002182
1585208 CX12 1585228 0.985266
1585208 CX12 1585229 0.002105
1585208 CX12 1585230 0.002105
1585208 CX12 1585231 0.002105
1585208 CX12 1585233 0.002105
1585208 CX12 1585232 0.002105
1585208 CX12 1585235 0.002105
1585208 CX12 1585234 0.002105
1585208 P2 1585208 0.992800
1585208 P2 1585254 0.007200
1585208 X0 1585209 0.999186
1585208 X0 1585208 0.000271
1585208 X0 1585210 0.000271
1585208 X0 1585211 0.000271
1585209 CX02 1585233 0.984728
1585209 CX02 1585232 0.002182
1585209 CX02 1585235 0.002182
1585209 CX02 1585234 0.002182
1585209 CX02 1585229 0.002182
1585209 CX02 1585228 0.002182
1585209 CX02 1585231 0.002182
1585209 CX02 1585230 0.002182
1585209 CX12 1585232 0.985266
1585209 CX12 1585233 0.002105
1585209 CX12 1585234 0.002105
1585209 CX12 1585235 0.002105
1585209 CX12 1585229 0.002105
1585209 CX12 1585228 0.002105
1585209 CX12 1585231 0.002105
1585209 CX12 1585230 0.002105
1585209 P2 1585209 0.992800
1585209 P2 1585293 0.007200
1585209 X0 1585208 0.999186
1585209 X0 1585209 0.000271
1585209 X0 1585211 0.000271
1585209 X0 1585210 0.000271
1585210 CX02 1585231 0.984728
1585210 CX02 1585230 0.002182
1585210 CX02 1585229 0.002182
1585210 CX02 1585228 0.002182
1585210 CX02 1585235 0.002182
1585210 CX02 1585234 0.002182
1585210 CX02 1585233 0.002182
1585210 CX02 1585232 0.002182
1585210 CX12 1585231 0.985266
1585210 CX12 1585230 0.002105
1585210 CX12 1585229 0.002105
1585210 CX12 1585228 0.002105
1585210 CX12 1585234 0.002105
1585210 CX12 1585235 0.002105
1585210 CX12 1585232 0.002105
1585210 CX12 1585233 0.002105
1585210 P2 1585210 0.992800
1585210 P2 1585332 0.007200
1585210 X0 1585211 0.999186
1585210 X0 1585210 0.000271
1585210 X0 1585208 0.000271
1585210 X0 1585209 0.000271
1585211 CX02 1585234 0.984728
1585211 CX02 1585235 0.002182
1585211 CX02 1585232 0.002182
1585211 CX02 1585233 0.002182
1585211 CX02 1585230 0.002182
1585211 CX02 1585231 0.002182
1585211 CX02 1585228 0.002182
1585211 CX02 1585229 0.002182
1585211 CX12 1585235 0.985266
1585211 CX12 1585234 0.002105
1585211 CX12 1585233 0.002105
1585211 CX12 1585232 0.002105
1585211 CX12 1585230 0.002105
1585211 CX12 1585231 0.002105
1585211 CX12 1585228 0.002105
1585211 CX12 1585229 0.002105
1585211 P2 1585211 0.992800
1585211 P2 1585371 0.007200
1585211 X0 1585210 0.999186
1585211 X0 1585211 0.000271
1585211 X0 1585209 0.000271
1585211 X0 1585208 0.000271
1585228 CX02 1585208 0.984728
1585228 CX02 1585392 0.002182
1585228 CX02 1585209 0.002182
1585228 CX02 1585393 0.002182
1585228 CX02 1585211 0.002182
1585228 CX02 1585394 0.002182
1585228 CX02 1585210 0.002182
1585228 CX02 1585395 0.002182
1585228 CX12 1585208 0.985266
1585228 CX12 1585392 0.002105
1585228 CX12 1585209 0.002105
1585228 CX12 1585393 0.002105
1585228 CX12 1585211 0.002105
1585228 CX12 1585394 0.002105
1585228 CX12 1585210 0.002105
1585228 CX12 1585395 0.002105
1585228 X0 1585232 0.999186
1585228 X0 1585228 0.000271
1585228 X0 1585231 0.000271
1585228 X0 1585235 0.000271
1585229 CX02 1585392 0.984728
1585229 CX02 1585208 0.002182
1585229 CX02 1585393 0.002182
1585229 CX02 1585209 0.002182
1585229 CX02 1585394 0.002182
1585229 CX02 1585211 0.002182
1585229 CX02 1585395 0.002182
1585229 CX02 1585210 0.002182
1585229 CX12 1585392 0.985266
1585229 CX12 1585208 0.002105
1585229 CX12 1585393 0.002105
1585229 CX12 1585209 0.002105
1585229 CX12 1585394 0.002105
1585229 CX12 1585211 0.002105
1585229 CX12 1585395 0.002105
1585229 CX12 1585210 0.002105
1585229 X0 1585233 0.999186
1585229 X0 1585229 0.000271
1585229 X0 1585230 0.000271
1585229 X0 1585234 0.000271
1585230 CX02 1585395 0.984728
1585230 CX02 1585210 0.002182
1585230 CX02 1585394 0.002182
1585230 CX02 1585211 0.002182
1585230 CX02 1585393 0.002182
1585230 CX02 1585209 0.002182
1585230 CX02 1585392 0.002182
1585230 CX02 1585208 0.002182
1585230 CX12 1585395 0.985266
1585230 CX12 1585210 0.002105
1585230 CX12 1585394 0.002105
1585230 CX12 1585211 0.002105
1585230 CX12 1585393 0.002105
1585230 CX12 1585209 0.002105
1585230 CX12 1585392 0.002105
1585230 CX12 1585208 0.002105
1585230 X0 1585234 0.999186
1585230 X0 1585230 0.000271
1585230 X0 1585229 0.000271
1585230 X0 1585233 0.000271
1585231 CX02 1585210 0.984728
1585231 CX02 1585395 0.002182
1585231 CX02 1585211 0.002182
1585231 CX02 1585394 0.002182
1585231 CX02 1585209 0.002182
1585231 CX02 1585393 0.002182
1585231 CX02 1585208 0.002182
1585231 CX02 1585392 0.002182
1585231 CX12 1585210 0.985266
1585231 CX12 1585395 0.002105
1585231 CX12 1585211 0.002105
1585231 CX12 1585394 0.002105
1585231 CX12 1585209 0.002105
1585231 CX12 1585393 0.002105
1585231 CX12 1585208 0.002105
1585231 CX12 1585392 0.002105
1585231 X0 1585235 0.999186
1585231 X0 1585231 0.000271
1585231 X0 1585228 0.000271
1585231 X0 1585232 0.000271
1585232 CX02 1585393 0.984728
1585232 CX02 1585209 0.002182
1585232 CX02 1585392 0.002182
1585232 CX02 1585208 0.002182
1585232 CX02 1585395 0.002182
1585232 CX02 1585210 0.002182
1585232 CX02 1585394 0.002182
1585232 CX02 1585211 0.002182
1585232 CX12 1585209 0.985266
1585232 CX12 1585393 0.002105
1585232 CX12 1585208 0.002105
1585232 CX12 1585392 0.002105
1585232 CX12 1585210 0.002105
1585232 CX12 1585395 0.002105
1585232 CX12 1585211 0.002105
1585232 CX12 1585394 0.002105
1585232 X0 1585228 0.999186
1585232 X0 1585232 0.000271
1585232 X0 1585235 0.000271
1585232 X0 1585231 0.000271
1585233 CX02 1585209 0.984728
1585233 CX02 1585393 0.002182
1585233 CX02 1585208 0.002182
1585233 CX02 1585392 0.002182
1585233 CX02 1585210 0.002182
1585233 CX02 1585395 0.002182
1585233 CX02 1585211 0.002182
1585233 CX02 1585394 0.002182
1585233 CX12 1585393 0.985266
1585233 CX12 1585209 0.002105
1585233 CX12 1585392 0.002105
1585233 CX12 1585208 0.002105
1585233 CX12 1585395 0.002105
1585233 CX12 1585210 0.002105
1585233 CX12 1585394 0.002105
1585233 CX12 1585211 0.002105
1585233 X0 1585229 0.999186
1585233 X0 1585233 0.000271
1585233 X0 1585234 0.000271
1585233 X0 1585230 0.000271
1585234 CX02 1585211 0.984728
1585234 CX02 1585394 0.002182
1585234 CX02 1585210 0.002182
1585234 CX02 1585395 0.002182
1585234 CX02 1585208 0.002182
1585234 CX02 1585392 0.002182
1585234 CX02 1585209 0.002182
1585234 CX02 1585393 0.002182
1585234 CX12 1585394 0.985266
1585234 CX12 1585211 0.002105
1585234 CX12 1585395 0.002105
1585234 CX12 1585210 0.002105
1585234 CX12 1585392 0.002105
1585234 CX12 1585208 0.002105
1585234 CX12 1585393 0.002105
1585234 CX12 1585209 0.002105
1585234 X0 1585230 0.999186
1585234 X0 1585234 0.000271
1585234 X0 1585233 0.000271
1585234 X0 1585229 0.000271
1585235 CX02 1585394 0.984728
1585235 CX02 1585211 0.002182
1585235 CX02 1585395 0.002182
1585235 CX02 1585210 0.002182
1585235 CX02 1585392 0.002182
1585235 CX02 1585208 0.002182
1585235 CX02 1585393 0.002182
1585235 CX02 1585209 0.002182
1585235 CX12 1585211 0.985266
1585235 CX12 1585394 0.002105
1585235 CX12 1585210 0.002105
1585235 CX12 1585395 0.002105
1585235 CX12 1585208 0.002105
1585235 CX12 1585392 0.002105
1585235 CX12 1585209 0.002105
1585235 CX12 1585393 0.002105
1585235 X0 1585231 0.999186
1585235 X0 1585235 0.000271
1585235 X0 1585232 0.000271
1585235 X0 1585228 0.000271
1585254 CX02 1585684 0.984728
1585254 CX02 1585685 0.002182
1585254 CX02 1585686 0.002182
1585254 CX02 1585687 0.002182
1585254 CX02 1585688 0.002182
1585254 CX02 1585689 0.002182
1585254 CX02 1585690 0.002182
1585254 CX02 1585691 0.002182
1585254 CX12 1585684 0.985266
1585254 CX12 1585685 0.002105
1585254 CX12 1585686 0.002105
1585254 CX12 1585687 0.002105
1585254 CX12 1585689 0.002105
1585254 CX12 1585688 0.002105
1585254 CX12 1585691 0.002105
1585254 CX12 1585690 0.002105
1585254 P2 1585208 0.992800
1585254 P2 1585254 0.007200
1585254 X0 1585293 0.999186
1585254 X0 1585254 0.000271
1585254 X0 1585332 0.000271
1585254 X0 1585371 0.000271
1585293 CX02 1585689 0.984728
1585293 CX02 1585688 0.002182
1585293 CX02 1585691 0.002182
1585293 CX02 1585690 0.002182
1585293 CX02 1585685 0.002182
1585293 CX02 1585684 0.002182
1585293 CX02 1585687 0.002182
1585293 CX02 1585686 0.002182
1585293 CX12 1585688 0.985266
1585293 CX12 1585689 0.002105
1585293 CX12 1585690 0.002105
1585293 CX12 1585691 0.002105
1585293 CX12 1585685 0.002105
1585293 CX12 1585684 0.002105
1585293 CX12 1585687 0.002105
1585293 CX12 1585686 0.002105
1585293 P2 1585209 0.992800
1585293 P2 1585293 0.007200
1585293 X0 1585254 0.999186
1585293 X0 1585293 0.000271
1585293 X0 1585371 0.000271
1585293 X0 1585332 0.000271
1585332 CX02 1585687 0.984728
1585332 CX02 1585686 0.002182
1585332 CX02 1585685 0.002182
1585332 CX02 1585684 0.002182
1585332 CX02 1585691 0.002182
1585332 CX02 1585690 0.002182
1585332 CX02 1585689 0.002182
1585332 CX02 1585688 0.002182
1585332 CX12 1585687 0.985266
1585332 CX12 1585686 0.002105
1585332 CX12 1585685 0.002105
1585332 CX12 1585684 0.002105
1585332 CX12 1585690 0.002105
1585332 CX12 1585691 0.002105
1585332 CX12 1585688 0.002105
1585332 CX12 1585689 0.002105
1585332 P2 1585210 0.992800
1585332 P2 1585332 0.007200
1585332 X0 1585371 0.999186
1585332 X0 1585332 0.000271
1585332 X0 1585254 0.000271
1585332 X0 1585293 0.000271
1585371 CX02 1585690 0.984728
1585371 CX02 1585691 0.002182
1585371 CX02 1585688 0.002182
1585371 CX02 1585689 0.002182
1585371 CX02 1585686 0.002182
1585371 CX02 1585687 0.002182
1585371 CX02 1585684 0.002182
1585371 CX02 1585685 0.002182
1585371 CX12 1585691 0.985266
1585371 CX12 1585690 0.002105
1585371 CX12 1585689 0.002105
1585371 CX12 1585688 0.002105
1585371 CX12 1585686 0.002105
1585371 CX12 1585687 0.002105
1585371 CX12 1585684 0.002105
1585371 CX12 1585685 0.002105
1585371 P2 1585211 0.992800
1585371 P2 1585371 0.007200
1585371 X0 1585332 0.999186
1585371 X0 1585371 0.000271
1585371 X0 1585293 0.000271
1585371 X0 1585254 0.000271
1585392 CX02 1585229 0.984728
1585392 CX02 1585228 0.002182
1585392 CX02 1585231 0.002182
1585392 CX02 1585230 0.002182
1585392 CX02 1585233 0.002182
1585392 CX02 1585232 0.002182
1585392 CX02 1585235 0.002182
1585392 CX02 1585234 0.002182
1585392 CX12 1585229 0.985266
1585392 CX12 1585228 0.002105
1585392 CX12 1585231 0.002105
1585392 CX12 1585230 0.002105
1585392 CX12 1585232 0.002105
1585392 CX12 1585233 0.002105
1585392 CX12 1585234 0.002105
1585392 CX12 1585235 0.002105
1585392 P2 1585862 0.972400
1585392 P2 1585392 0.027600
1585392 X0 1585393 0.999186
1585392 X0 1585392 0.000271
1585392 X0 1585395 0.000271
1585392 X0 1585394 0.000271
1585393 CX02 1585232 0.984728
1585393 CX02 1585233 0.002182
1585393 CX02 1585234 0.002182
1585393 CX02 1585235 0.002182
1585393 CX02 1585228 0.002182
1585393 CX02 1585229 0.002182
1585393 CX02 1585230 0.002182
1585393 CX02 1585231 0.002182
1585393 CX12 1585233 0.985266
1585393 CX12 1585232 0.002105
1585393 CX12 1585235 0.002105
1585393 CX12 1585234 0.002105
1585393 CX12 1585228 0.002105
1585393 CX12 1585229 0.002105
1585393 CX12 1585230 0.002105
1585393 CX12 1585231 0.002105
1585393 P2 1585901 0.972400
1585393 P2 1585393 0.027600
1585393 X0 1585392 0.999186
1585393 X0 1585393 0.000271
1585393 X0 1585394 0.000271
1585393 X0 1585395 0.000271
1585394 CX02 1585235 0.984728
1585394 CX02 1585234 0.002182
1585394 CX02 1585233 0.002182
1585394 CX02 1585232 0.002182
1585394 CX02 1585231 0.002182
1585394 CX02 1585230 0.002182
1585394 CX02 1585229 0.002182
1585394 CX02 1585228 0.002182
1585394 CX12 1585234 0.985266
1585394 CX12 1585235 0.002105
1585394 CX12 1585232 0.002105
1585394 CX12 1585233 0.002105
1585394 CX12 1585231 0.002105
1585394 CX12 1585230 0.002105
1585394 CX12 1585229 0.002105
1585394 CX12 1585228 0.002105
1585394 P2 1585940 0.972400
1585394 P2 1585394 0.027600
1585394 X0 1585395 0.999186
1585394 X0 1585394 0.000271
1585394 X0 1585393 0.000271
1585394 X0 1585392 0.000271
1585395 CX02 1585230 0.984728
1585395 CX02 1585231 0.002182
1585395 CX02 1585228 0.002182
1585395 CX02 1585229 0.002182
1585395 CX02 1585234 0.002182
1585395 CX02 1585235 0.002182
1585395 CX02 1585232 0.002182
1585395 CX02 1585233 0.002182
1585395 CX12 1585230 0.985266
1585395 CX12 1585231 0.002105
1585395 CX12 1585228 0.002105
1585395 CX12 1585229 0.002105
1585395 CX12 1585235 0.002105
1585395 CX12 1585234 0.002105
1585395 CX12 1585233 0.002105
1585395 CX12 1585232 0.002105
1585395 P2 1585979 0.972400
1585395 P2 1585395 0.027600
1585395 X0 1585394 0.999186
1585395 X0 1585395 0.000271
1585395 X0 1585392 0.000271
1585395 X0 1585393 0.000271
1585684 CX02 1585254 0.984728
1585684 CX02 1585862 0.002182
1585684 CX02 1585293 0.002182
1585684 CX02 1585901 0.002182
1585684 CX02 1585371 0.002182
1585684 CX02 1585940 0.002182
1585684 CX02 1585332 0.002182
1585684 CX02 1585979 0.002182
1585684 CX12 1585254 0.985266
1585684 CX12 1585862 0.002105
1585684 CX12 1585293 0.002105
1585684 CX12 1585901 0.002105
1585684 CX12 1585371 0.002105
1585684 CX12 1585940 0.002105
1585684 CX12 1585332 0.002105
1585684 CX12 1585979 0.002105
1585684 X0 1585688 0.999186
1585684 X0 1585684 0.000271
1585684 X0 1585687 0.000271
1585684 X0 1585691 0.000271
1585685 CX02 1585862 0.984728
1585685 CX02 1585254 0.002182
1585685 CX02 1585901 0.002182
1585685 CX02 1585293 0.002182
1585685 CX02 1585940 0.002182
1585685 CX02 1585371 0.002182
1585685 CX02 1585979 0.002182
1585685 CX02 1585332 0.002182
1585685 CX12 1585862 0.985266
1585685 CX12 1585254 0.002105
1585685 CX12 1585901 0.002105
1585685 CX12 1585293 0.002105
1585685 CX12 1585940 0.002105
1585685 CX12 1585371 0.002105
1585685 CX12 1585979 0.002105
1585685 CX12 1585332 0.002105
1585685 X0 1585689 0.999186
1585685 X0 1585685 0.000271
1585685 X0 1585686 0.000271
1585685 X0 1585690 0.000271
1585686 CX02 1585979 0.984728
1585686 CX02 1585332 0.002182
1585686 CX02 1585940 0.002182
1585686 CX02 1585371 0.002182
1585686 CX02 1585901 0.002182
1585686 CX02 1585293 0.002182
1585686 CX02 1585862 0.002182
1585686 CX02 1585254 0.002182
1585686 CX12 1585979 0.985266
1585686 CX12 1585332 0.002105
1585686 CX12 1585940 0.002105
1585686 CX12 1585371 0.002105
1585686 CX12 1585901 0.002105
1585686 CX12 1585293 0.002105
1585686 CX12 1585862 0.002105
1585686 CX12 1585254 0.002105
1585686 X0 1585690 0.999186
1585686 X0 1585686 0.000271
1585686 X0 1585685 0.000271
1585686 X0 1585689 0.000271
1585687 CX02 1585332 0.984728
1585687 CX02 1585979 0.002182
1585687 CX02 1585371 0.002182
1585687 CX02 1585940 0.002182
1585687 CX02 1585293 0.002182
1585687 CX02 1585901 0.002182
1585687 CX02 1585254 0.002182
1585687 CX02 1585862 0.002182
1585687 CX12 1585332 0.985266
1585687 CX12 1585979 0.002105
1585687 CX12 1585371 0.002105
1585687 CX12 1585940 0.002105
1585687 CX12 1585293 0.002105
1585687 CX12 1585901 0.002105
1585687 CX12 1585254 0.002105
1585687 CX12 1585862 0.002105
1585687 X0 1585691 0.999186
1585687 X0 1585687 0.000271
1585687 X0 1585684 0.000271
1585687 X0 1585688 0.000271
1585688 CX02 1585901 0.984728
1585688 CX02 1585293 0.002182
1585688 CX02 1585862 0.002182
1585688 CX02 1585254 0.002182
1585688 CX02 1585979 0.002182
1585688 CX02 1585332 0.002182
1585688 CX02 1585940 0.002182
1585688 CX02 1585371 0.002182
1585688 CX12 1585293 0.985266
1585688 CX12 1585901 0.002105
1585688 CX12 1585254 0.002105
1585688 CX12 1585862 0.002105
1585688 CX12 1585332 0.002105
1585688 CX12 1585979 0.002105
1585688 CX12 1585371 0.002105
1585688 CX12 1585940 0.002105
1585688 X0 1585684 0.999186
1585688 X0 1585688 0.000271
1585688 X0 1585691 0.000271
1585688 X0 1585687 0.000271
1585689 CX02 1585293 0.984728
1585689 CX02 1585901 0.002182
1585689 CX02 1585254 0.002182
1585689 CX02 1585862 0.002182
1585689 CX02 1585332 0.002182
1585689 CX02 1585979 0.002182
1585689 CX02 1585371 0.002182
1585689 CX02 1585940 0.002182
1585689 CX12 1585901 0.985266
1585689 CX12 1585293 0.002105
1585689 CX12 1585862 0.002105
1585689 CX12 1585254 0.002105
1585689 CX12 1585979 0.002105
1585689 CX12 1585332 0.002105
1585689 CX12 1585940 0.002105
1585689 CX12 1585371 0.002105
1585689 X0 1585685 0.999186
1585689 X0 1585689 0.000271
1585689 X0 1585690 0.000271
1585689 X0 1585686 0.000271
1585690 CX02 1585371 0.984728
1585690 CX02 1585940 0.002182
1585690 CX02 1585332 0.002182
1585690 CX02 1585979 0.002182
1585690 CX02 1585254 0.002182
1585690 CX02 1585862 0.002182
1585690 CX02 1585293 0.002182
1585690 CX02 1585901 0.002182
1585690 CX12 1585940 0.985266
1585690 CX12 1585371 0.002105
1585690 CX12 1585979 0.002105
1585690 CX12 1585332 0.002105
1585690 CX12 1585862 0.002105
1585690 CX12 1585254 0.002105
1585690 CX12 1585901 0.002105
1585690 CX12 1585293 0.002105
1585690 X0 1585686 0.999186
1585690 X0 1585690 0.000271
1585690 X0 1585689 0.000271
1585690 X0 1585685 0.000271
1585691 CX02 1585940 0.984728
1585691 CX02 1585371 0.002182
1585691 CX02 1585979 0.002182
1585691 CX02 1585332 0.002182
1585691 CX02 1585862 0.002182
1585691 CX02 1585254 0.002182
1585691 CX02 1585901 0.002182
1585691 CX02 1585293 0.002182
1585691 CX12 1585371 0.985266
1585691 CX12 1585940 0.002105
1585691 CX12 1585332 0.002105
1585691 CX12 1585979 0.002105
1585691 CX12 1585254 0.002105
1585691 CX12 1585862 0.002105
1585691 CX12 1585293 0.002105
1585691 CX12 1585901 0.002105
1585691 X0 1585687 0.999186
1585691 X0 1585691 0.000271
1585691 X0 1585688 0.000271
1585691 X0 1585684 0.000271
1585862 CX02 1585685 0.984728
1585862 CX02 1585684 0.002182
1585862 CX02 1585687 0.002182
1585862 CX02 1585686 0.002182
1585862 CX02 1585689 0.002182
1585862 CX02 1585688 0.002182
1585862 CX02 1585691 0.002182
1585862 CX02 1585690 0.002182
1585862 CX12 1585685 0.985266
1585862 CX12 1585684 0.002105
1585862 CX12 1585687 0.002105
1585862 CX12 1585686 0.002105
1585862 CX12 1585688 0.002105
1585862 CX12 1585689 0.002105
1585862 CX12 1585690 0.002105
1585862 CX12 1585691 0.002105
1585862 P2 1585862 0.972400
1585862 P2 1585392 0.027600
1585862 X0 1585901 0.999186
1585862 X0 1585862 0.000271
1585862 X0 1585979 0.000271
1585862 X0 1585940 0.000271
1585901 CX02 1585688 0.984728
1585901 CX02 1585689 0.002182
1585901 CX02 1585690 0.002182
1585901 CX02 1585691 0.002182
1585901 CX02 1585684 0.002182
1585901 CX02 1585685 0.002182
1585901 CX02 1585686 0.002182
1585901 CX02 1585687 0.002182
1585901 CX12 1585689 0.985266
1585901 CX12 1585688 0.002105
1585901 CX12 1585691 0.002105
1585901 CX12 1585690 0.002105
1585901 CX12 1585684 0.002105
1585901 CX12 1585685 0.002105
1585901 CX12 1585686 0.002105
1585901 CX12 1585687 0.002105
1585901 P2 1585901 0.972400
1585901 P2 1585393 0.027600
1585901 X0 1585862 0.999186
1585901 X0 1585901 0.000271
1585901 X0 1585940 0.000271
1585901 X0 1585979 0.000271
1585940 CX02 1585691 0.984728
1585940 CX02 1585690 0.002182
1585940 CX02 1585689 0.002182
1585940 CX02 1585688 0.002182
1585940 CX02 1585687 0.002182
1585940 CX02 1585686 0.002182
1585940 CX02 1585685 0.002182
1585940 CX02 1585684 0.002182
1585940 CX12 1585690 0.985266
1585940 CX12 1585691 0.002105
1585940 CX12 1585688 0.002105
1585940 CX12 1585689 0.002105
1585940 CX12 1585687 0.002105
1585940 CX12 1585686 0.002105
1585940 CX12 1585685 0.002105
1585940 CX12 1585684 0.002105
1585940 P2 1585940 0.972400
1585940 P2 1585394 0.027600
1585940 X0 1585979 0.999186
1585940 X0 1585940 0.000271
1585940 X0 1585901 0.000271
1585940 X0 1585862 0.000271
1585979 CX02 1585686 0.984728
1585979 CX02 1585687 0.002182
1585979 CX02 1585684 0.002182
1585979 CX02 1585685 0.002182
1585979 CX02 1585690 0.002182
1585979 CX02 1585691 0.002182
1585979 CX02 1585688 0.002182
1585979 CX02 1585689 0.002182
1585979 CX12 1585686 0.985266
1585979 CX12 1585687 0.002105
1585979 CX12 1585684 0.002105
1585979 CX12 1585685 0.002105
1585979 CX12 1585691 0.002105
1585979 CX12 1585690 0.002105
1585979 CX12 1585689 0.002105
1585979 CX12 1585688 0.002105
1585979 P2 1585979 0.972400
1585979 P2 1585395 0.027600
1585979 X0 1585940 0.999186
1585979 X0 1585979 0.000271
1585979 X0 1585862 0.000271
1585979 X0 1585901 0.000271
ENDPOMDP
