BEGINPOMDP
INITIALSTATE: 1564518
STATES: 1564518,1564519,1564520,1564521,1564522,1564539,1564540,1564541,1564542,1564543,1564544,1564545,1564546,1564565,1564604,1564643,1564682,1564703,1564704,1564705,1564706,1564995,1564996,1564997,1564998,1564999,1565000,1565001,1565002,1565173,1565212,1565251,1565290
TARGETV: 1564519,1564521,1564565,1564643,1564703,1564706,1565173,1565290
GAMMA: 1564518:0,1564519:0,1564520:0,1564521:0,1564522:0,1564539:0,1564540:0,1564541:0,1564542:0,1564543:0,1564544:0,1564545:0,1564546:0,1564565:1,1564604:1,1564643:1,1564682:1,1564703:0,1564704:0,1564705:0,1564706:0,1564995:1,1564996:1,1564997:1,1564998:1,1564999:1,1565000:1,1565001:1,1565002:1,1565173:1,1565212:1,1565251:1,1565290:1
BEGINACTIONS
CX02
CX12
P2
X0
ENDACTIONS
1564518 INIT_ 1564519 0.250000
1564518 INIT_ 1564520 0.250000
1564518 INIT_ 1564521 0.250000
1564518 INIT_ 1564522 0.250000
1564519 CX02 1564539 0.991798
1564519 CX02 1564540 0.001172
1564519 CX02 1564541 0.001172
1564519 CX02 1564542 0.001172
1564519 CX02 1564543 0.001172
1564519 CX02 1564544 0.001172
1564519 CX02 1564545 0.001172
1564519 CX02 1564546 0.001172
1564519 CX12 1564539 0.990742
1564519 CX12 1564540 0.001323
1564519 CX12 1564541 0.001323
1564519 CX12 1564542 0.001323
1564519 CX12 1564544 0.001323
1564519 CX12 1564543 0.001323
1564519 CX12 1564546 0.001323
1564519 CX12 1564545 0.001323
1564519 P2 1564519 0.982600
1564519 P2 1564565 0.017400
1564519 X0 1564520 0.999757
1564519 X0 1564519 0.000081
1564519 X0 1564521 0.000081
1564519 X0 1564522 0.000081
1564520 CX02 1564544 0.991798
1564520 CX02 1564543 0.001172
1564520 CX02 1564546 0.001172
1564520 CX02 1564545 0.001172
1564520 CX02 1564540 0.001172
1564520 CX02 1564539 0.001172
1564520 CX02 1564542 0.001172
1564520 CX02 1564541 0.001172
1564520 CX12 1564543 0.990742
1564520 CX12 1564544 0.001323
1564520 CX12 1564545 0.001323
1564520 CX12 1564546 0.001323
1564520 CX12 1564540 0.001323
1564520 CX12 1564539 0.001323
1564520 CX12 1564542 0.001323
1564520 CX12 1564541 0.001323
1564520 P2 1564520 0.982600
1564520 P2 1564604 0.017400
1564520 X0 1564519 0.999757
1564520 X0 1564520 0.000081
1564520 X0 1564522 0.000081
1564520 X0 1564521 0.000081
1564521 CX02 1564542 0.991798
1564521 CX02 1564541 0.001172
1564521 CX02 1564540 0.001172
1564521 CX02 1564539 0.001172
1564521 CX02 1564546 0.001172
1564521 CX02 1564545 0.001172
1564521 CX02 1564544 0.001172
1564521 CX02 1564543 0.001172
1564521 CX12 1564542 0.990742
1564521 CX12 1564541 0.001323
1564521 CX12 1564540 0.001323
1564521 CX12 1564539 0.001323
1564521 CX12 1564545 0.001323
1564521 CX12 1564546 0.001323
1564521 CX12 1564543 0.001323
1564521 CX12 1564544 0.001323
1564521 P2 1564521 0.982600
1564521 P2 1564643 0.017400
1564521 X0 1564522 0.999757
1564521 X0 1564521 0.000081
1564521 X0 1564519 0.000081
1564521 X0 1564520 0.000081
1564522 CX02 1564545 0.991798
1564522 CX02 1564546 0.001172
1564522 CX02 1564543 0.001172
1564522 CX02 1564544 0.001172
1564522 CX02 1564541 0.001172
1564522 CX02 1564542 0.001172
1564522 CX02 1564539 0.001172
1564522 CX02 1564540 0.001172
1564522 CX12 1564546 0.990742
1564522 CX12 1564545 0.001323
1564522 CX12 1564544 0.001323
1564522 CX12 1564543 0.001323
1564522 CX12 1564541 0.001323
1564522 CX12 1564542 0.001323
1564522 CX12 1564539 0.001323
1564522 CX12 1564540 0.001323
1564522 P2 1564522 0.982600
1564522 P2 1564682 0.017400
1564522 X0 1564521 0.999757
1564522 X0 1564522 0.000081
1564522 X0 1564520 0.000081
1564522 X0 1564519 0.000081
1564539 CX02 1564519 0.991798
1564539 CX02 1564703 0.001172
1564539 CX02 1564520 0.001172
1564539 CX02 1564704 0.001172
1564539 CX02 1564522 0.001172
1564539 CX02 1564705 0.001172
1564539 CX02 1564521 0.001172
1564539 CX02 1564706 0.001172
1564539 CX12 1564519 0.990742
1564539 CX12 1564703 0.001323
1564539 CX12 1564520 0.001323
1564539 CX12 1564704 0.001323
1564539 CX12 1564522 0.001323
1564539 CX12 1564705 0.001323
1564539 CX12 1564521 0.001323
1564539 CX12 1564706 0.001323
1564539 X0 1564543 0.999757
1564539 X0 1564539 0.000081
1564539 X0 1564542 0.000081
1564539 X0 1564546 0.000081
1564540 CX02 1564703 0.991798
1564540 CX02 1564519 0.001172
1564540 CX02 1564704 0.001172
1564540 CX02 1564520 0.001172
1564540 CX02 1564705 0.001172
1564540 CX02 1564522 0.001172
1564540 CX02 1564706 0.001172
1564540 CX02 1564521 0.001172
1564540 CX12 1564703 0.990742
1564540 CX12 1564519 0.001323
1564540 CX12 1564704 0.001323
1564540 CX12 1564520 0.001323
1564540 CX12 1564705 0.001323
1564540 CX12 1564522 0.001323
1564540 CX12 1564706 0.001323
1564540 CX12 1564521 0.001323
1564540 X0 1564544 0.999757
1564540 X0 1564540 0.000081
1564540 X0 1564541 0.000081
1564540 X0 1564545 0.000081
1564541 CX02 1564706 0.991798
1564541 CX02 1564521 0.001172
1564541 CX02 1564705 0.001172
1564541 CX02 1564522 0.001172
1564541 CX02 1564704 0.001172
1564541 CX02 1564520 0.001172
1564541 CX02 1564703 0.001172
1564541 CX02 1564519 0.001172
1564541 CX12 1564706 0.990742
1564541 CX12 1564521 0.001323
1564541 CX12 1564705 0.001323
1564541 CX12 1564522 0.001323
1564541 CX12 1564704 0.001323
1564541 CX12 1564520 0.001323
1564541 CX12 1564703 0.001323
1564541 CX12 1564519 0.001323
1564541 X0 1564545 0.999757
1564541 X0 1564541 0.000081
1564541 X0 1564540 0.000081
1564541 X0 1564544 0.000081
1564542 CX02 1564521 0.991798
1564542 CX02 1564706 0.001172
1564542 CX02 1564522 0.001172
1564542 CX02 1564705 0.001172
1564542 CX02 1564520 0.001172
1564542 CX02 1564704 0.001172
1564542 CX02 1564519 0.001172
1564542 CX02 1564703 0.001172
1564542 CX12 1564521 0.990742
1564542 CX12 1564706 0.001323
1564542 CX12 1564522 0.001323
1564542 CX12 1564705 0.001323
1564542 CX12 1564520 0.001323
1564542 CX12 1564704 0.001323
1564542 CX12 1564519 0.001323
1564542 CX12 1564703 0.001323
1564542 X0 1564546 0.999757
1564542 X0 1564542 0.000081
1564542 X0 1564539 0.000081
1564542 X0 1564543 0.000081
1564543 CX02 1564704 0.991798
1564543 CX02 1564520 0.001172
1564543 CX02 1564703 0.001172
1564543 CX02 1564519 0.001172
1564543 CX02 1564706 0.001172
1564543 CX02 1564521 0.001172
1564543 CX02 1564705 0.001172
1564543 CX02 1564522 0.001172
1564543 CX12 1564520 0.990742
1564543 CX12 1564704 0.001323
1564543 CX12 1564519 0.001323
1564543 CX12 1564703 0.001323
1564543 CX12 1564521 0.001323
1564543 CX12 1564706 0.001323
1564543 CX12 1564522 0.001323
1564543 CX12 1564705 0.001323
1564543 X0 1564539 0.999757
1564543 X0 1564543 0.000081
1564543 X0 1564546 0.000081
1564543 X0 1564542 0.000081
1564544 CX02 1564520 0.991798
1564544 CX02 1564704 0.001172
1564544 CX02 1564519 0.001172
1564544 CX02 1564703 0.001172
1564544 CX02 1564521 0.001172
1564544 CX02 1564706 0.001172
1564544 CX02 1564522 0.001172
1564544 CX02 1564705 0.001172
1564544 CX12 1564704 0.990742
1564544 CX12 1564520 0.001323
1564544 CX12 1564703 0.001323
1564544 CX12 1564519 0.001323
1564544 CX12 1564706 0.001323
1564544 CX12 1564521 0.001323
1564544 CX12 1564705 0.001323
1564544 CX12 1564522 0.001323
1564544 X0 1564540 0.999757
1564544 X0 1564544 0.000081
1564544 X0 1564545 0.000081
1564544 X0 1564541 0.000081
1564545 CX02 1564522 0.991798
1564545 CX02 1564705 0.001172
1564545 CX02 1564521 0.001172
1564545 CX02 1564706 0.001172
1564545 CX02 1564519 0.001172
1564545 CX02 1564703 0.001172
1564545 CX02 1564520 0.001172
1564545 CX02 1564704 0.001172
1564545 CX12 1564705 0.990742
1564545 CX12 1564522 0.001323
1564545 CX12 1564706 0.001323
1564545 CX12 1564521 0.001323
1564545 CX12 1564703 0.001323
1564545 CX12 1564519 0.001323
1564545 CX12 1564704 0.001323
1564545 CX12 1564520 0.001323
1564545 X0 1564541 0.999757
1564545 X0 1564545 0.000081
1564545 X0 1564544 0.000081
1564545 X0 1564540 0.000081
1564546 CX02 1564705 0.991798
1564546 CX02 1564522 0.001172
1564546 CX02 1564706 0.001172
1564546 CX02 1564521 0.001172
1564546 CX02 1564703 0.001172
1564546 CX02 1564519 0.001172
1564546 CX02 1564704 0.001172
1564546 CX02 1564520 0.001172
1564546 CX12 1564522 0.990742
1564546 CX12 1564705 0.001323
1564546 CX12 1564521 0.001323
1564546 CX12 1564706 0.001323
1564546 CX12 1564519 0.001323
1564546 CX12 1564703 0.001323
1564546 CX12 1564520 0.001323
1564546 CX12 1564704 0.001323
1564546 X0 1564542 0.999757
1564546 X0 1564546 0.000081
1564546 X0 1564543 0.000081
1564546 X0 1564539 0.000081
1564565 CX02 1564995 0.991798
1564565 CX02 1564996 0.001172
1564565 CX02 1564997 0.001172
1564565 CX02 1564998 0.001172
1564565 CX02 1564999 0.001172
1564565 CX02 1565000 0.001172
1564565 CX02 1565001 0.001172
1564565 CX02 1565002 0.001172
1564565 CX12 1564995 0.990742
1564565 CX12 1564996 0.001323
1564565 CX12 1564997 0.001323
1564565 CX12 1564998 0.001323
1564565 CX12 1565000 0.001323
1564565 CX12 1564999 0.001323
1564565 CX12 1565002 0.001323
1564565 CX12 1565001 0.001323
1564565 P2 1564519 0.982600
1564565 P2 1564565 0.017400
1564565 X0 1564604 0.999757
1564565 X0 1564565 0.000081
1564565 X0 1564643 0.000081
1564565 X0 1564682 0.000081
1564604 CX02 1565000 0.991798
1564604 CX02 1564999 0.001172
1564604 CX02 1565002 0.001172
1564604 CX02 1565001 0.001172
1564604 CX02 1564996 0.001172
1564604 CX02 1564995 0.001172
1564604 CX02 1564998 0.001172
1564604 CX02 1564997 0.001172
1564604 CX12 1564999 0.990742
1564604 CX12 1565000 0.001323
1564604 CX12 1565001 0.001323
1564604 CX12 1565002 0.001323
1564604 CX12 1564996 0.001323
1564604 CX12 1564995 0.001323
1564604 CX12 1564998 0.001323
1564604 CX12 1564997 0.001323
1564604 P2 1564520 0.982600
1564604 P2 1564604 0.017400
1564604 X0 1564565 0.999757
1564604 X0 1564604 0.000081
1564604 X0 1564682 0.000081
1564604 X0 1564643 0.000081
1564643 CX02 1564998 0.991798
1564643 CX02 1564997 0.001172
1564643 CX02 1564996 0.001172
1564643 CX02 1564995 0.001172
1564643 CX02 1565002 0.001172
1564643 CX02 1565001 0.001172
1564643 CX02 1565000 0.001172
1564643 CX02 1564999 0.001172
1564643 CX12 1564998 0.990742
1564643 CX12 1564997 0.001323
1564643 CX12 1564996 0.001323
1564643 CX12 1564995 0.001323
1564643 CX12 1565001 0.001323
1564643 CX12 1565002 0.001323
1564643 CX12 1564999 0.001323
1564643 CX12 1565000 0.001323
1564643 P2 1564521 0.982600
1564643 P2 1564643 0.017400
1564643 X0 1564682 0.999757
1564643 X0 1564643 0.000081
1564643 X0 1564565 0.000081
1564643 X0 1564604 0.000081
1564682 CX02 1565001 0.991798
1564682 CX02 1565002 0.001172
1564682 CX02 1564999 0.001172
1564682 CX02 1565000 0.001172
1564682 CX02 1564997 0.001172
1564682 CX02 1564998 0.001172
1564682 CX02 1564995 0.001172
1564682 CX02 1564996 0.001172
1564682 CX12 1565002 0.990742
1564682 CX12 1565001 0.001323
1564682 CX12 1565000 0.001323
1564682 CX12 1564999 0.001323
1564682 CX12 1564997 0.001323
1564682 CX12 1564998 0.001323
1564682 CX12 1564995 0.001323
1564682 CX12 1564996 0.001323
1564682 P2 1564522 0.982600
1564682 P2 1564682 0.017400
1564682 X0 1564643 0.999757
1564682 X0 1564682 0.000081
1564682 X0 1564604 0.000081
1564682 X0 1564565 0.000081
1564703 CX02 1564540 0.991798
1564703 CX02 1564539 0.001172
1564703 CX02 1564542 0.001172
1564703 CX02 1564541 0.001172
1564703 CX02 1564544 0.001172
1564703 CX02 1564543 0.001172
1564703 CX02 1564546 0.001172
1564703 CX02 1564545 0.001172
1564703 CX12 1564540 0.990742
1564703 CX12 1564539 0.001323
1564703 CX12 1564542 0.001323
1564703 CX12 1564541 0.001323
1564703 CX12 1564543 0.001323
1564703 CX12 1564544 0.001323
1564703 CX12 1564545 0.001323
1564703 CX12 1564546 0.001323
1564703 P2 1565173 0.982600
1564703 P2 1564703 0.017400
1564703 X0 1564704 0.999757
1564703 X0 1564703 0.000081
1564703 X0 1564706 0.000081
1564703 X0 1564705 0.000081
1564704 CX02 1564543 0.991798
1564704 CX02 1564544 0.001172
1564704 CX02 1564545 0.001172
1564704 CX02 1564546 0.001172
1564704 CX02 1564539 0.001172
1564704 CX02 1564540 0.001172
1564704 CX02 1564541 0.001172
1564704 CX02 1564542 0.001172
1564704 CX12 1564544 0.990742
1564704 CX12 1564543 0.001323
1564704 CX12 1564546 0.001323
1564704 CX12 1564545 0.001323
1564704 CX12 1564539 0.001323
1564704 CX12 1564540 0.001323
1564704 CX12 1564541 0.001323
1564704 CX12 1564542 0.001323
1564704 P2 1565212 0.982600
1564704 P2 1564704 0.017400
1564704 X0 1564703 0.999757
1564704 X0 1564704 0.000081
1564704 X0 1564705 0.000081
1564704 X0 1564706 0.000081
1564705 CX02 1564546 0.991798
1564705 CX02 1564545 0.001172
1564705 CX02 1564544 0.001172
1564705 CX02 1564543 0.001172
1564705 CX02 1564542 0.001172
1564705 CX02 1564541 0.001172
1564705 CX02 1564540 0.001172
1564705 CX02 1564539 0.001172
1564705 CX12 1564545 0.990742
1564705 CX12 1564546 0.001323
1564705 CX12 1564543 0.001323
1564705 CX12 1564544 0.001323
1564705 CX12 1564542 0.001323
1564705 CX12 1564541 0.001323
1564705 CX12 1564540 0.001323
1564705 CX12 1564539 0.001323
1564705 P2 1565251 0.982600
1564705 P2 1564705 0.017400
1564705 X0 1564706 0.999757
1564705 X0 1564705 0.000081
1564705 X0 1564704 0.000081
1564705 X0 1564703 0.000081
1564706 CX02 1564541 0.991798
1564706 CX02 1564542 0.001172
1564706 CX02 1564539 0.001172
1564706 CX02 1564540 0.001172
1564706 CX02 1564545 0.001172
1564706 CX02 1564546 0.001172
1564706 CX02 1564543 0.001172
1564706 CX02 1564544 0.001172
1564706 CX12 1564541 0.990742
1564706 CX12 1564542 0.001323
1564706 CX12 1564539 0.001323
1564706 CX12 1564540 0.001323
1564706 CX12 1564546 0.001323
1564706 CX12 1564545 0.001323
1564706 CX12 1564544 0.001323
1564706 CX12 1564543 0.001323
1564706 P2 1565290 0.982600
1564706 P2 1564706 0.017400
1564706 X0 1564705 0.999757
1564706 X0 1564706 0.000081
1564706 X0 1564703 0.000081
1564706 X0 1564704 0.000081
1564995 CX02 1564565 0.991798
1564995 CX02 1565173 0.001172
1564995 CX02 1564604 0.001172
1564995 CX02 1565212 0.001172
1564995 CX02 1564682 0.001172
1564995 CX02 1565251 0.001172
1564995 CX02 1564643 0.001172
1564995 CX02 1565290 0.001172
1564995 CX12 1564565 0.990742
1564995 CX12 1565173 0.001323
1564995 CX12 1564604 0.001323
1564995 CX12 1565212 0.001323
1564995 CX12 1564682 0.001323
1564995 CX12 1565251 0.001323
1564995 CX12 1564643 0.001323
1564995 CX12 1565290 0.001323
1564995 X0 1564999 0.999757
1564995 X0 1564995 0.000081
1564995 X0 1564998 0.000081
1564995 X0 1565002 0.000081
1564996 CX02 1565173 0.991798
1564996 CX02 1564565 0.001172
1564996 CX02 1565212 0.001172
1564996 CX02 1564604 0.001172
1564996 CX02 1565251 0.001172
1564996 CX02 1564682 0.001172
1564996 CX02 1565290 0.001172
1564996 CX02 1564643 0.001172
1564996 CX12 1565173 0.990742
1564996 CX12 1564565 0.001323
1564996 CX12 1565212 0.001323
1564996 CX12 1564604 0.001323
1564996 CX12 1565251 0.001323
1564996 CX12 1564682 0.001323
1564996 CX12 1565290 0.001323
1564996 CX12 1564643 0.001323
1564996 X0 1565000 0.999757
1564996 X0 1564996 0.000081
1564996 X0 1564997 0.000081
1564996 X0 1565001 0.000081
1564997 CX02 1565290 0.991798
1564997 CX02 1564643 0.001172
1564997 CX02 1565251 0.001172
1564997 CX02 1564682 0.001172
1564997 CX02 1565212 0.001172
1564997 CX02 1564604 0.001172
1564997 CX02 1565173 0.001172
1564997 CX02 1564565 0.001172
1564997 CX12 1565290 0.990742
1564997 CX12 1564643 0.001323
1564997 CX12 1565251 0.001323
1564997 CX12 1564682 0.001323
1564997 CX12 1565212 0.001323
1564997 CX12 1564604 0.001323
1564997 CX12 1565173 0.001323
1564997 CX12 1564565 0.001323
1564997 X0 1565001 0.999757
1564997 X0 1564997 0.000081
1564997 X0 1564996 0.000081
1564997 X0 1565000 0.000081
1564998 CX02 1564643 0.991798
1564998 CX02 1565290 0.001172
1564998 CX02 1564682 0.001172
1564998 CX02 1565251 0.001172
1564998 CX02 1564604 0.001172
1564998 CX02 1565212 0.001172
1564998 CX02 1564565 0.001172
1564998 CX02 1565173 0.001172
1564998 CX12 1564643 0.990742
1564998 CX12 1565290 0.001323
1564998 CX12 1564682 0.001323
1564998 CX12 1565251 0.001323
1564998 CX12 1564604 0.001323
1564998 CX12 1565212 0.001323
1564998 CX12 1564565 0.001323
1564998 CX12 1565173 0.001323
1564998 X0 1565002 0.999757
1564998 X0 1564998 0.000081
1564998 X0 1564995 0.000081
1564998 X0 1564999 0.000081
1564999 CX02 1565212 0.991798
1564999 CX02 1564604 0.001172
1564999 CX02 1565173 0.001172
1564999 CX02 1564565 0.001172
1564999 CX02 1565290 0.001172
1564999 CX02 1564643 0.001172
1564999 CX02 1565251 0.001172
1564999 CX02 1564682 0.001172
1564999 CX12 1564604 0.990742
1564999 CX12 1565212 0.001323
1564999 CX12 1564565 0.001323
1564999 CX12 1565173 0.001323
1564999 CX12 1564643 0.001323
1564999 CX12 1565290 0.001323
1564999 CX12 1564682 0.001323
1564999 CX12 1565251 0.001323
1564999 X0 1564995 0.999757
1564999 X0 1564999 0.000081
1564999 X0 1565002 0.000081
1564999 X0 1564998 0.000081
1565000 CX02 1564604 0.991798
1565000 CX02 1565212 0.001172
1565000 CX02 1564565 0.001172
1565000 CX02 1565173 0.001172
1565000 CX02 1564643 0.001172
1565000 CX02 1565290 0.001172
1565000 CX02 1564682 0.001172
1565000 CX02 1565251 0.001172
1565000 CX12 1565212 0.990742
1565000 CX12 1564604 0.001323
1565000 CX12 1565173 0.001323
1565000 CX12 1564565 0.001323
1565000 CX12 1565290 0.001323
1565000 CX12 1564643 0.001323
1565000 CX12 1565251 0.001323
1565000 CX12 1564682 0.001323
1565000 X0 1564996 0.999757
1565000 X0 1565000 0.000081
1565000 X0 1565001 0.000081
1565000 X0 1564997 0.000081
1565001 CX02 1564682 0.991798
1565001 CX02 1565251 0.001172
1565001 CX02 1564643 0.001172
1565001 CX02 1565290 0.001172
1565001 CX02 1564565 0.001172
1565001 CX02 1565173 0.001172
1565001 CX02 1564604 0.001172
1565001 CX02 1565212 0.001172
1565001 CX12 1565251 0.990742
1565001 CX12 1564682 0.001323
1565001 CX12 1565290 0.001323
1565001 CX12 1564643 0.001323
1565001 CX12 1565173 0.001323
1565001 CX12 1564565 0.001323
1565001 CX12 1565212 0.001323
1565001 CX12 1564604 0.001323
1565001 X0 1564997 0.999757
1565001 X0 1565001 0.000081
1565001 X0 1565000 0.000081
1565001 X0 1564996 0.000081
1565002 CX02 1565251 0.991798
1565002 CX02 1564682 0.001172
1565002 CX02 1565290 0.001172
1565002 CX02 1564643 0.001172
1565002 CX02 1565173 0.001172
1565002 CX02 1564565 0.001172
1565002 CX02 1565212 0.001172
1565002 CX02 1564604 0.001172
1565002 CX12 1564682 0.990742
1565002 CX12 1565251 0.001323
1565002 CX12 1564643 0.001323
1565002 CX12 1565290 0.001323
1565002 CX12 1564565 0.001323
1565002 CX12 1565173 0.001323
1565002 CX12 1564604 0.001323
1565002 CX12 1565212 0.001323
1565002 X0 1564998 0.999757
1565002 X0 1565002 0.000081
1565002 X0 1564999 0.000081
1565002 X0 1564995 0.000081
1565173 CX02 1564996 0.991798
1565173 CX02 1564995 0.001172
1565173 CX02 1564998 0.001172
1565173 CX02 1564997 0.001172
1565173 CX02 1565000 0.001172
1565173 CX02 1564999 0.001172
1565173 CX02 1565002 0.001172
1565173 CX02 1565001 0.001172
1565173 CX12 1564996 0.990742
1565173 CX12 1564995 0.001323
1565173 CX12 1564998 0.001323
1565173 CX12 1564997 0.001323
1565173 CX12 1564999 0.001323
1565173 CX12 1565000 0.001323
1565173 CX12 1565001 0.001323
1565173 CX12 1565002 0.001323
1565173 P2 1565173 0.982600
1565173 P2 1564703 0.017400
1565173 X0 1565212 0.999757
1565173 X0 1565173 0.000081
1565173 X0 1565290 0.000081
1565173 X0 1565251 0.000081
1565212 CX02 1564999 0.991798
1565212 CX02 1565000 0.001172
1565212 CX02 1565001 0.001172
1565212 CX02 1565002 0.001172
1565212 CX02 1564995 0.001172
1565212 CX02 1564996 0.001172
1565212 CX02 1564997 0.001172
1565212 CX02 1564998 0.001172
1565212 CX12 1565000 0.990742
1565212 CX12 1564999 0.001323
1565212 CX12 1565002 0.001323
1565212 CX12 1565001 0.001323
1565212 CX12 1564995 0.001323
1565212 CX12 1564996 0.001323
1565212 CX12 1564997 0.001323
1565212 CX12 1564998 0.001323
1565212 P2 1565212 0.982600
1565212 P2 1564704 0.017400
1565212 X0 1565173 0.999757
1565212 X0 1565212 0.000081
1565212 X0 1565251 0.000081
1565212 X0 1565290 0.000081
1565251 CX02 1565002 0.991798
1565251 CX02 1565001 0.001172
1565251 CX02 1565000 0.001172
1565251 CX02 1564999 0.001172
1565251 CX02 1564998 0.001172
1565251 CX02 1564997 0.001172
1565251 CX02 1564996 0.001172
1565251 CX02 1564995 0.001172
1565251 CX12 1565001 0.990742
1565251 CX12 1565002 0.001323
1565251 CX12 1564999 0.001323
1565251 CX12 1565000 0.001323
1565251 CX12 1564998 0.001323
1565251 CX12 1564997 0.001323
1565251 CX12 1564996 0.001323
1565251 CX12 1564995 0.001323
1565251 P2 1565251 0.982600
1565251 P2 1564705 0.017400
1565251 X0 1565290 0.999757
1565251 X0 1565251 0.000081
1565251 X0 1565212 0.000081
1565251 X0 1565173 0.000081
1565290 CX02 1564997 0.991798
1565290 CX02 1564998 0.001172
1565290 CX02 1564995 0.001172
1565290 CX02 1564996 0.001172
1565290 CX02 1565001 0.001172
1565290 CX02 1565002 0.001172
1565290 CX02 1564999 0.001172
1565290 CX02 1565000 0.001172
1565290 CX12 1564997 0.990742
1565290 CX12 1564998 0.001323
1565290 CX12 1564995 0.001323
1565290 CX12 1564996 0.001323
1565290 CX12 1565002 0.001323
1565290 CX12 1565001 0.001323
1565290 CX12 1565000 0.001323
1565290 CX12 1564999 0.001323
1565290 P2 1565290 0.982600
1565290 P2 1564706 0.017400
1565290 X0 1565251 0.999757
1565290 X0 1565290 0.000081
1565290 X0 1565173 0.000081
1565290 X0 1565212 0.000081
ENDPOMDP
