BEGINPOMDP
INITIALSTATE: 1565735
STATES: 1565735,1565736,1565737,1565738,1565739,1565756,1565757,1565758,1565759,1565760,1565761,1565762,1565763,1565782,1565821,1565860,1565899,1565920,1565921,1565922,1565923,1566212,1566213,1566214,1566215,1566216,1566217,1566218,1566219,1566390,1566429,1566468,1566507
TARGETV: 1565736,1565738,1565782,1565860,1565920,1565923,1566390,1566507
GAMMA: 1565735:0,1565736:0,1565737:0,1565738:0,1565739:0,1565756:0,1565757:0,1565758:0,1565759:0,1565760:0,1565761:0,1565762:0,1565763:0,1565782:1,1565821:1,1565860:1,1565899:1,1565920:0,1565921:0,1565922:0,1565923:0,1566212:1,1566213:1,1566214:1,1566215:1,1566216:1,1566217:1,1566218:1,1566219:1,1566390:1,1566429:1,1566468:1,1566507:1
BEGINACTIONS
CX02
CX12
P2
X0
ENDACTIONS
1565735 INIT_ 1565736 0.250000
1565735 INIT_ 1565737 0.250000
1565735 INIT_ 1565738 0.250000
1565735 INIT_ 1565739 0.250000
1565736 CX02 1565756 0.989485
1565736 CX02 1565757 0.001502
1565736 CX02 1565758 0.001502
1565736 CX02 1565759 0.001502
1565736 CX02 1565760 0.001502
1565736 CX02 1565761 0.001502
1565736 CX02 1565762 0.001502
1565736 CX02 1565763 0.001502
1565736 CX12 1565756 0.990128
1565736 CX12 1565757 0.001410
1565736 CX12 1565758 0.001410
1565736 CX12 1565759 0.001410
1565736 CX12 1565761 0.001410
1565736 CX12 1565760 0.001410
1565736 CX12 1565763 0.001410
1565736 CX12 1565762 0.001410
1565736 P2 1565736 0.987100
1565736 P2 1565782 0.012900
1565736 X0 1565737 0.999494
1565736 X0 1565736 0.000169
1565736 X0 1565738 0.000169
1565736 X0 1565739 0.000169
1565737 CX02 1565761 0.989485
1565737 CX02 1565760 0.001502
1565737 CX02 1565763 0.001502
1565737 CX02 1565762 0.001502
1565737 CX02 1565757 0.001502
1565737 CX02 1565756 0.001502
1565737 CX02 1565759 0.001502
1565737 CX02 1565758 0.001502
1565737 CX12 1565760 0.990128
1565737 CX12 1565761 0.001410
1565737 CX12 1565762 0.001410
1565737 CX12 1565763 0.001410
1565737 CX12 1565757 0.001410
1565737 CX12 1565756 0.001410
1565737 CX12 1565759 0.001410
1565737 CX12 1565758 0.001410
1565737 P2 1565737 0.987100
1565737 P2 1565821 0.012900
1565737 X0 1565736 0.999494
1565737 X0 1565737 0.000169
1565737 X0 1565739 0.000169
1565737 X0 1565738 0.000169
1565738 CX02 1565759 0.989485
1565738 CX02 1565758 0.001502
1565738 CX02 1565757 0.001502
1565738 CX02 1565756 0.001502
1565738 CX02 1565763 0.001502
1565738 CX02 1565762 0.001502
1565738 CX02 1565761 0.001502
1565738 CX02 1565760 0.001502
1565738 CX12 1565759 0.990128
1565738 CX12 1565758 0.001410
1565738 CX12 1565757 0.001410
1565738 CX12 1565756 0.001410
1565738 CX12 1565762 0.001410
1565738 CX12 1565763 0.001410
1565738 CX12 1565760 0.001410
1565738 CX12 1565761 0.001410
1565738 P2 1565738 0.987100
1565738 P2 1565860 0.012900
1565738 X0 1565739 0.999494
1565738 X0 1565738 0.000169
1565738 X0 1565736 0.000169
1565738 X0 1565737 0.000169
1565739 CX02 1565762 0.989485
1565739 CX02 1565763 0.001502
1565739 CX02 1565760 0.001502
1565739 CX02 1565761 0.001502
1565739 CX02 1565758 0.001502
1565739 CX02 1565759 0.001502
1565739 CX02 1565756 0.001502
1565739 CX02 1565757 0.001502
1565739 CX12 1565763 0.990128
1565739 CX12 1565762 0.001410
1565739 CX12 1565761 0.001410
1565739 CX12 1565760 0.001410
1565739 CX12 1565758 0.001410
1565739 CX12 1565759 0.001410
1565739 CX12 1565756 0.001410
1565739 CX12 1565757 0.001410
1565739 P2 1565739 0.987100
1565739 P2 1565899 0.012900
1565739 X0 1565738 0.999494
1565739 X0 1565739 0.000169
1565739 X0 1565737 0.000169
1565739 X0 1565736 0.000169
1565756 CX02 1565736 0.989485
1565756 CX02 1565920 0.001502
1565756 CX02 1565737 0.001502
1565756 CX02 1565921 0.001502
1565756 CX02 1565739 0.001502
1565756 CX02 1565922 0.001502
1565756 CX02 1565738 0.001502
1565756 CX02 1565923 0.001502
1565756 CX12 1565736 0.990128
1565756 CX12 1565920 0.001410
1565756 CX12 1565737 0.001410
1565756 CX12 1565921 0.001410
1565756 CX12 1565739 0.001410
1565756 CX12 1565922 0.001410
1565756 CX12 1565738 0.001410
1565756 CX12 1565923 0.001410
1565756 X0 1565760 0.999494
1565756 X0 1565756 0.000169
1565756 X0 1565759 0.000169
1565756 X0 1565763 0.000169
1565757 CX02 1565920 0.989485
1565757 CX02 1565736 0.001502
1565757 CX02 1565921 0.001502
1565757 CX02 1565737 0.001502
1565757 CX02 1565922 0.001502
1565757 CX02 1565739 0.001502
1565757 CX02 1565923 0.001502
1565757 CX02 1565738 0.001502
1565757 CX12 1565920 0.990128
1565757 CX12 1565736 0.001410
1565757 CX12 1565921 0.001410
1565757 CX12 1565737 0.001410
1565757 CX12 1565922 0.001410
1565757 CX12 1565739 0.001410
1565757 CX12 1565923 0.001410
1565757 CX12 1565738 0.001410
1565757 X0 1565761 0.999494
1565757 X0 1565757 0.000169
1565757 X0 1565758 0.000169
1565757 X0 1565762 0.000169
1565758 CX02 1565923 0.989485
1565758 CX02 1565738 0.001502
1565758 CX02 1565922 0.001502
1565758 CX02 1565739 0.001502
1565758 CX02 1565921 0.001502
1565758 CX02 1565737 0.001502
1565758 CX02 1565920 0.001502
1565758 CX02 1565736 0.001502
1565758 CX12 1565923 0.990128
1565758 CX12 1565738 0.001410
1565758 CX12 1565922 0.001410
1565758 CX12 1565739 0.001410
1565758 CX12 1565921 0.001410
1565758 CX12 1565737 0.001410
1565758 CX12 1565920 0.001410
1565758 CX12 1565736 0.001410
1565758 X0 1565762 0.999494
1565758 X0 1565758 0.000169
1565758 X0 1565757 0.000169
1565758 X0 1565761 0.000169
1565759 CX02 1565738 0.989485
1565759 CX02 1565923 0.001502
1565759 CX02 1565739 0.001502
1565759 CX02 1565922 0.001502
1565759 CX02 1565737 0.001502
1565759 CX02 1565921 0.001502
1565759 CX02 1565736 0.001502
1565759 CX02 1565920 0.001502
1565759 CX12 1565738 0.990128
1565759 CX12 1565923 0.001410
1565759 CX12 1565739 0.001410
1565759 CX12 1565922 0.001410
1565759 CX12 1565737 0.001410
1565759 CX12 1565921 0.001410
1565759 CX12 1565736 0.001410
1565759 CX12 1565920 0.001410
1565759 X0 1565763 0.999494
1565759 X0 1565759 0.000169
1565759 X0 1565756 0.000169
1565759 X0 1565760 0.000169
1565760 CX02 1565921 0.989485
1565760 CX02 1565737 0.001502
1565760 CX02 1565920 0.001502
1565760 CX02 1565736 0.001502
1565760 CX02 1565923 0.001502
1565760 CX02 1565738 0.001502
1565760 CX02 1565922 0.001502
1565760 CX02 1565739 0.001502
1565760 CX12 1565737 0.990128
1565760 CX12 1565921 0.001410
1565760 CX12 1565736 0.001410
1565760 CX12 1565920 0.001410
1565760 CX12 1565738 0.001410
1565760 CX12 1565923 0.001410
1565760 CX12 1565739 0.001410
1565760 CX12 1565922 0.001410
1565760 X0 1565756 0.999494
1565760 X0 1565760 0.000169
1565760 X0 1565763 0.000169
1565760 X0 1565759 0.000169
1565761 CX02 1565737 0.989485
1565761 CX02 1565921 0.001502
1565761 CX02 1565736 0.001502
1565761 CX02 1565920 0.001502
1565761 CX02 1565738 0.001502
1565761 CX02 1565923 0.001502
1565761 CX02 1565739 0.001502
1565761 CX02 1565922 0.001502
1565761 CX12 1565921 0.990128
1565761 CX12 1565737 0.001410
1565761 CX12 1565920 0.001410
1565761 CX12 1565736 0.001410
1565761 CX12 1565923 0.001410
1565761 CX12 1565738 0.001410
1565761 CX12 1565922 0.001410
1565761 CX12 1565739 0.001410
1565761 X0 1565757 0.999494
1565761 X0 1565761 0.000169
1565761 X0 1565762 0.000169
1565761 X0 1565758 0.000169
1565762 CX02 1565739 0.989485
1565762 CX02 1565922 0.001502
1565762 CX02 1565738 0.001502
1565762 CX02 1565923 0.001502
1565762 CX02 1565736 0.001502
1565762 CX02 1565920 0.001502
1565762 CX02 1565737 0.001502
1565762 CX02 1565921 0.001502
1565762 CX12 1565922 0.990128
1565762 CX12 1565739 0.001410
1565762 CX12 1565923 0.001410
1565762 CX12 1565738 0.001410
1565762 CX12 1565920 0.001410
1565762 CX12 1565736 0.001410
1565762 CX12 1565921 0.001410
1565762 CX12 1565737 0.001410
1565762 X0 1565758 0.999494
1565762 X0 1565762 0.000169
1565762 X0 1565761 0.000169
1565762 X0 1565757 0.000169
1565763 CX02 1565922 0.989485
1565763 CX02 1565739 0.001502
1565763 CX02 1565923 0.001502
1565763 CX02 1565738 0.001502
1565763 CX02 1565920 0.001502
1565763 CX02 1565736 0.001502
1565763 CX02 1565921 0.001502
1565763 CX02 1565737 0.001502
1565763 CX12 1565739 0.990128
1565763 CX12 1565922 0.001410
1565763 CX12 1565738 0.001410
1565763 CX12 1565923 0.001410
1565763 CX12 1565736 0.001410
1565763 CX12 1565920 0.001410
1565763 CX12 1565737 0.001410
1565763 CX12 1565921 0.001410
1565763 X0 1565759 0.999494
1565763 X0 1565763 0.000169
1565763 X0 1565760 0.000169
1565763 X0 1565756 0.000169
1565782 CX02 1566212 0.989485
1565782 CX02 1566213 0.001502
1565782 CX02 1566214 0.001502
1565782 CX02 1566215 0.001502
1565782 CX02 1566216 0.001502
1565782 CX02 1566217 0.001502
1565782 CX02 1566218 0.001502
1565782 CX02 1566219 0.001502
1565782 CX12 1566212 0.990128
1565782 CX12 1566213 0.001410
1565782 CX12 1566214 0.001410
1565782 CX12 1566215 0.001410
1565782 CX12 1566217 0.001410
1565782 CX12 1566216 0.001410
1565782 CX12 1566219 0.001410
1565782 CX12 1566218 0.001410
1565782 P2 1565736 0.987100
1565782 P2 1565782 0.012900
1565782 X0 1565821 0.999494
1565782 X0 1565782 0.000169
1565782 X0 1565860 0.000169
1565782 X0 1565899 0.000169
1565821 CX02 1566217 0.989485
1565821 CX02 1566216 0.001502
1565821 CX02 1566219 0.001502
1565821 CX02 1566218 0.001502
1565821 CX02 1566213 0.001502
1565821 CX02 1566212 0.001502
1565821 CX02 1566215 0.001502
1565821 CX02 1566214 0.001502
1565821 CX12 1566216 0.990128
1565821 CX12 1566217 0.001410
1565821 CX12 1566218 0.001410
1565821 CX12 1566219 0.001410
1565821 CX12 1566213 0.001410
1565821 CX12 1566212 0.001410
1565821 CX12 1566215 0.001410
1565821 CX12 1566214 0.001410
1565821 P2 1565737 0.987100
1565821 P2 1565821 0.012900
1565821 X0 1565782 0.999494
1565821 X0 1565821 0.000169
1565821 X0 1565899 0.000169
1565821 X0 1565860 0.000169
1565860 CX02 1566215 0.989485
1565860 CX02 1566214 0.001502
1565860 CX02 1566213 0.001502
1565860 CX02 1566212 0.001502
1565860 CX02 1566219 0.001502
1565860 CX02 1566218 0.001502
1565860 CX02 1566217 0.001502
1565860 CX02 1566216 0.001502
1565860 CX12 1566215 0.990128
1565860 CX12 1566214 0.001410
1565860 CX12 1566213 0.001410
1565860 CX12 1566212 0.001410
1565860 CX12 1566218 0.001410
1565860 CX12 1566219 0.001410
1565860 CX12 1566216 0.001410
1565860 CX12 1566217 0.001410
1565860 P2 1565738 0.987100
1565860 P2 1565860 0.012900
1565860 X0 1565899 0.999494
1565860 X0 1565860 0.000169
1565860 X0 1565782 0.000169
1565860 X0 1565821 0.000169
1565899 CX02 1566218 0.989485
1565899 CX02 1566219 0.001502
1565899 CX02 1566216 0.001502
1565899 CX02 1566217 0.001502
1565899 CX02 1566214 0.001502
1565899 CX02 1566215 0.001502
1565899 CX02 1566212 0.001502
1565899 CX02 1566213 0.001502
1565899 CX12 1566219 0.990128
1565899 CX12 1566218 0.001410
1565899 CX12 1566217 0.001410
1565899 CX12 1566216 0.001410
1565899 CX12 1566214 0.001410
1565899 CX12 1566215 0.001410
1565899 CX12 1566212 0.001410
1565899 CX12 1566213 0.001410
1565899 P2 1565739 0.987100
1565899 P2 1565899 0.012900
1565899 X0 1565860 0.999494
1565899 X0 1565899 0.000169
1565899 X0 1565821 0.000169
1565899 X0 1565782 0.000169
1565920 CX02 1565757 0.989485
1565920 CX02 1565756 0.001502
1565920 CX02 1565759 0.001502
1565920 CX02 1565758 0.001502
1565920 CX02 1565761 0.001502
1565920 CX02 1565760 0.001502
1565920 CX02 1565763 0.001502
1565920 CX02 1565762 0.001502
1565920 CX12 1565757 0.990128
1565920 CX12 1565756 0.001410
1565920 CX12 1565759 0.001410
1565920 CX12 1565758 0.001410
1565920 CX12 1565760 0.001410
1565920 CX12 1565761 0.001410
1565920 CX12 1565762 0.001410
1565920 CX12 1565763 0.001410
1565920 P2 1566390 0.987100
1565920 P2 1565920 0.012900
1565920 X0 1565921 0.999494
1565920 X0 1565920 0.000169
1565920 X0 1565923 0.000169
1565920 X0 1565922 0.000169
1565921 CX02 1565760 0.989485
1565921 CX02 1565761 0.001502
1565921 CX02 1565762 0.001502
1565921 CX02 1565763 0.001502
1565921 CX02 1565756 0.001502
1565921 CX02 1565757 0.001502
1565921 CX02 1565758 0.001502
1565921 CX02 1565759 0.001502
1565921 CX12 1565761 0.990128
1565921 CX12 1565760 0.001410
1565921 CX12 1565763 0.001410
1565921 CX12 1565762 0.001410
1565921 CX12 1565756 0.001410
1565921 CX12 1565757 0.001410
1565921 CX12 1565758 0.001410
1565921 CX12 1565759 0.001410
1565921 P2 1566429 0.987100
1565921 P2 1565921 0.012900
1565921 X0 1565920 0.999494
1565921 X0 1565921 0.000169
1565921 X0 1565922 0.000169
1565921 X0 1565923 0.000169
1565922 CX02 1565763 0.989485
1565922 CX02 1565762 0.001502
1565922 CX02 1565761 0.001502
1565922 CX02 1565760 0.001502
1565922 CX02 1565759 0.001502
1565922 CX02 1565758 0.001502
1565922 CX02 1565757 0.001502
1565922 CX02 1565756 0.001502
1565922 CX12 1565762 0.990128
1565922 CX12 1565763 0.001410
1565922 CX12 1565760 0.001410
1565922 CX12 1565761 0.001410
1565922 CX12 1565759 0.001410
1565922 CX12 1565758 0.001410
1565922 CX12 1565757 0.001410
1565922 CX12 1565756 0.001410
1565922 P2 1566468 0.987100
1565922 P2 1565922 0.012900
1565922 X0 1565923 0.999494
1565922 X0 1565922 0.000169
1565922 X0 1565921 0.000169
1565922 X0 1565920 0.000169
1565923 CX02 1565758 0.989485
1565923 CX02 1565759 0.001502
1565923 CX02 1565756 0.001502
1565923 CX02 1565757 0.001502
1565923 CX02 1565762 0.001502
1565923 CX02 1565763 0.001502
1565923 CX02 1565760 0.001502
1565923 CX02 1565761 0.001502
1565923 CX12 1565758 0.990128
1565923 CX12 1565759 0.001410
1565923 CX12 1565756 0.001410
1565923 CX12 1565757 0.001410
1565923 CX12 1565763 0.001410
1565923 CX12 1565762 0.001410
1565923 CX12 1565761 0.001410
1565923 CX12 1565760 0.001410
1565923 P2 1566507 0.987100
1565923 P2 1565923 0.012900
1565923 X0 1565922 0.999494
1565923 X0 1565923 0.000169
1565923 X0 1565920 0.000169
1565923 X0 1565921 0.000169
1566212 CX02 1565782 0.989485
1566212 CX02 1566390 0.001502
1566212 CX02 1565821 0.001502
1566212 CX02 1566429 0.001502
1566212 CX02 1565899 0.001502
1566212 CX02 1566468 0.001502
1566212 CX02 1565860 0.001502
1566212 CX02 1566507 0.001502
1566212 CX12 1565782 0.990128
1566212 CX12 1566390 0.001410
1566212 CX12 1565821 0.001410
1566212 CX12 1566429 0.001410
1566212 CX12 1565899 0.001410
1566212 CX12 1566468 0.001410
1566212 CX12 1565860 0.001410
1566212 CX12 1566507 0.001410
1566212 X0 1566216 0.999494
1566212 X0 1566212 0.000169
1566212 X0 1566215 0.000169
1566212 X0 1566219 0.000169
1566213 CX02 1566390 0.989485
1566213 CX02 1565782 0.001502
1566213 CX02 1566429 0.001502
1566213 CX02 1565821 0.001502
1566213 CX02 1566468 0.001502
1566213 CX02 1565899 0.001502
1566213 CX02 1566507 0.001502
1566213 CX02 1565860 0.001502
1566213 CX12 1566390 0.990128
1566213 CX12 1565782 0.001410
1566213 CX12 1566429 0.001410
1566213 CX12 1565821 0.001410
1566213 CX12 1566468 0.001410
1566213 CX12 1565899 0.001410
1566213 CX12 1566507 0.001410
1566213 CX12 1565860 0.001410
1566213 X0 1566217 0.999494
1566213 X0 1566213 0.000169
1566213 X0 1566214 0.000169
1566213 X0 1566218 0.000169
1566214 CX02 1566507 0.989485
1566214 CX02 1565860 0.001502
1566214 CX02 1566468 0.001502
1566214 CX02 1565899 0.001502
1566214 CX02 1566429 0.001502
1566214 CX02 1565821 0.001502
1566214 CX02 1566390 0.001502
1566214 CX02 1565782 0.001502
1566214 CX12 1566507 0.990128
1566214 CX12 1565860 0.001410
1566214 CX12 1566468 0.001410
1566214 CX12 1565899 0.001410
1566214 CX12 1566429 0.001410
1566214 CX12 1565821 0.001410
1566214 CX12 1566390 0.001410
1566214 CX12 1565782 0.001410
1566214 X0 1566218 0.999494
1566214 X0 1566214 0.000169
1566214 X0 1566213 0.000169
1566214 X0 1566217 0.000169
1566215 CX02 1565860 0.989485
1566215 CX02 1566507 0.001502
1566215 CX02 1565899 0.001502
1566215 CX02 1566468 0.001502
1566215 CX02 1565821 0.001502
1566215 CX02 1566429 0.001502
1566215 CX02 1565782 0.001502
1566215 CX02 1566390 0.001502
1566215 CX12 1565860 0.990128
1566215 CX12 1566507 0.001410
1566215 CX12 1565899 0.001410
1566215 CX12 1566468 0.001410
1566215 CX12 1565821 0.001410
1566215 CX12 1566429 0.001410
1566215 CX12 1565782 0.001410
1566215 CX12 1566390 0.001410
1566215 X0 1566219 0.999494
1566215 X0 1566215 0.000169
1566215 X0 1566212 0.000169
1566215 X0 1566216 0.000169
1566216 CX02 1566429 0.989485
1566216 CX02 1565821 0.001502
1566216 CX02 1566390 0.001502
1566216 CX02 1565782 0.001502
1566216 CX02 1566507 0.001502
1566216 CX02 1565860 0.001502
1566216 CX02 1566468 0.001502
1566216 CX02 1565899 0.001502
1566216 CX12 1565821 0.990128
1566216 CX12 1566429 0.001410
1566216 CX12 1565782 0.001410
1566216 CX12 1566390 0.001410
1566216 CX12 1565860 0.001410
1566216 CX12 1566507 0.001410
1566216 CX12 1565899 0.001410
1566216 CX12 1566468 0.001410
1566216 X0 1566212 0.999494
1566216 X0 1566216 0.000169
1566216 X0 1566219 0.000169
1566216 X0 1566215 0.000169
1566217 CX02 1565821 0.989485
1566217 CX02 1566429 0.001502
1566217 CX02 1565782 0.001502
1566217 CX02 1566390 0.001502
1566217 CX02 1565860 0.001502
1566217 CX02 1566507 0.001502
1566217 CX02 1565899 0.001502
1566217 CX02 1566468 0.001502
1566217 CX12 1566429 0.990128
1566217 CX12 1565821 0.001410
1566217 CX12 1566390 0.001410
1566217 CX12 1565782 0.001410
1566217 CX12 1566507 0.001410
1566217 CX12 1565860 0.001410
1566217 CX12 1566468 0.001410
1566217 CX12 1565899 0.001410
1566217 X0 1566213 0.999494
1566217 X0 1566217 0.000169
1566217 X0 1566218 0.000169
1566217 X0 1566214 0.000169
1566218 CX02 1565899 0.989485
1566218 CX02 1566468 0.001502
1566218 CX02 1565860 0.001502
1566218 CX02 1566507 0.001502
1566218 CX02 1565782 0.001502
1566218 CX02 1566390 0.001502
1566218 CX02 1565821 0.001502
1566218 CX02 1566429 0.001502
1566218 CX12 1566468 0.990128
1566218 CX12 1565899 0.001410
1566218 CX12 1566507 0.001410
1566218 CX12 1565860 0.001410
1566218 CX12 1566390 0.001410
1566218 CX12 1565782 0.001410
1566218 CX12 1566429 0.001410
1566218 CX12 1565821 0.001410
1566218 X0 1566214 0.999494
1566218 X0 1566218 0.000169
1566218 X0 1566217 0.000169
1566218 X0 1566213 0.000169
1566219 CX02 1566468 0.989485
1566219 CX02 1565899 0.001502
1566219 CX02 1566507 0.001502
1566219 CX02 1565860 0.001502
1566219 CX02 1566390 0.001502
1566219 CX02 1565782 0.001502
1566219 CX02 1566429 0.001502
1566219 CX02 1565821 0.001502
1566219 CX12 1565899 0.990128
1566219 CX12 1566468 0.001410
1566219 CX12 1565860 0.001410
1566219 CX12 1566507 0.001410
1566219 CX12 1565782 0.001410
1566219 CX12 1566390 0.001410
1566219 CX12 1565821 0.001410
1566219 CX12 1566429 0.001410
1566219 X0 1566215 0.999494
1566219 X0 1566219 0.000169
1566219 X0 1566216 0.000169
1566219 X0 1566212 0.000169
1566390 CX02 1566213 0.989485
1566390 CX02 1566212 0.001502
1566390 CX02 1566215 0.001502
1566390 CX02 1566214 0.001502
1566390 CX02 1566217 0.001502
1566390 CX02 1566216 0.001502
1566390 CX02 1566219 0.001502
1566390 CX02 1566218 0.001502
1566390 CX12 1566213 0.990128
1566390 CX12 1566212 0.001410
1566390 CX12 1566215 0.001410
1566390 CX12 1566214 0.001410
1566390 CX12 1566216 0.001410
1566390 CX12 1566217 0.001410
1566390 CX12 1566218 0.001410
1566390 CX12 1566219 0.001410
1566390 P2 1566390 0.987100
1566390 P2 1565920 0.012900
1566390 X0 1566429 0.999494
1566390 X0 1566390 0.000169
1566390 X0 1566507 0.000169
1566390 X0 1566468 0.000169
1566429 CX02 1566216 0.989485
1566429 CX02 1566217 0.001502
1566429 CX02 1566218 0.001502
1566429 CX02 1566219 0.001502
1566429 CX02 1566212 0.001502
1566429 CX02 1566213 0.001502
1566429 CX02 1566214 0.001502
1566429 CX02 1566215 0.001502
1566429 CX12 1566217 0.990128
1566429 CX12 1566216 0.001410
1566429 CX12 1566219 0.001410
1566429 CX12 1566218 0.001410
1566429 CX12 1566212 0.001410
1566429 CX12 1566213 0.001410
1566429 CX12 1566214 0.001410
1566429 CX12 1566215 0.001410
1566429 P2 1566429 0.987100
1566429 P2 1565921 0.012900
1566429 X0 1566390 0.999494
1566429 X0 1566429 0.000169
1566429 X0 1566468 0.000169
1566429 X0 1566507 0.000169
1566468 CX02 1566219 0.989485
1566468 CX02 1566218 0.001502
1566468 CX02 1566217 0.001502
1566468 CX02 1566216 0.001502
1566468 CX02 1566215 0.001502
1566468 CX02 1566214 0.001502
1566468 CX02 1566213 0.001502
1566468 CX02 1566212 0.001502
1566468 CX12 1566218 0.990128
1566468 CX12 1566219 0.001410
1566468 CX12 1566216 0.001410
1566468 CX12 1566217 0.001410
1566468 CX12 1566215 0.001410
1566468 CX12 1566214 0.001410
1566468 CX12 1566213 0.001410
1566468 CX12 1566212 0.001410
1566468 P2 1566468 0.987100
1566468 P2 1565922 0.012900
1566468 X0 1566507 0.999494
1566468 X0 1566468 0.000169
1566468 X0 1566429 0.000169
1566468 X0 1566390 0.000169
1566507 CX02 1566214 0.989485
1566507 CX02 1566215 0.001502
1566507 CX02 1566212 0.001502
1566507 CX02 1566213 0.001502
1566507 CX02 1566218 0.001502
1566507 CX02 1566219 0.001502
1566507 CX02 1566216 0.001502
1566507 CX02 1566217 0.001502
1566507 CX12 1566214 0.990128
1566507 CX12 1566215 0.001410
1566507 CX12 1566212 0.001410
1566507 CX12 1566213 0.001410
1566507 CX12 1566219 0.001410
1566507 CX12 1566218 0.001410
1566507 CX12 1566217 0.001410
1566507 CX12 1566216 0.001410
1566507 P2 1566507 0.987100
1566507 P2 1565923 0.012900
1566507 X0 1566468 0.999494
1566507 X0 1566507 0.000169
1566507 X0 1566390 0.000169
1566507 X0 1566429 0.000169
ENDPOMDP
