BEGINPOMDP
INITIALSTATE: 509011
STATES: 510689,509573,509288,509289,510410,509291,509290,510968,509294,511247,509011,509012,509013,509014,509015,510131,509852
REWARDS: 510689:0.0,509573:0.0,509288:1.0,509289:0.0,510410:1.0,509291:1.0,509290:0.0,510968:0.0,509294:1.0,511247:1.0,509011:0.0,509012:1.0,509013:0.0,509014:1.0,509015:0.0,510131:0.0,509852:1.0
GAMMA: 510689:1,509573:1,509288:0,509289:0,510410:1,509291:0,509290:0,510968:1,509294:1,511247:1,509011:0,509012:0,509013:0,509014:0,509015:0,510131:1,509852:1
BEGINACTIONS
CX
P2
X0
ENDACTIONS
509011 INIT_ 509012 0.250000
509011 INIT_ 509013 0.250000
509011 INIT_ 509014 0.250000
509011 INIT_ 509015 0.250000
509012 CX 509012 0.982331
509012 CX 509288 0.002524
509012 CX 509013 0.002524
509012 CX 509289 0.002524
509012 CX 509015 0.002524
509012 CX 509290 0.002524
509012 CX 509014 0.002524
509012 CX 509291 0.002524
509012 P2 509012 0.990100
509012 P2 509294 0.009900
509012 X0 509013 0.999127
509012 X0 509012 0.000291
509012 X0 509014 0.000291
509012 X0 509015 0.000291
509013 CX 509289 0.982331
509013 CX 509013 0.002524
509013 CX 509288 0.002524
509013 CX 509012 0.002524
509013 CX 509291 0.002524
509013 CX 509014 0.002524
509013 CX 509290 0.002524
509013 CX 509015 0.002524
509013 P2 509013 0.990100
509013 P2 509573 0.009900
509013 X0 509012 0.999127
509013 X0 509013 0.000291
509013 X0 509015 0.000291
509013 X0 509014 0.000291
509014 CX 509014 0.982331
509014 CX 509291 0.002524
509014 CX 509015 0.002524
509014 CX 509290 0.002524
509014 CX 509013 0.002524
509014 CX 509289 0.002524
509014 CX 509012 0.002524
509014 CX 509288 0.002524
509014 P2 509014 0.990100
509014 P2 509852 0.009900
509014 X0 509015 0.999127
509014 X0 509014 0.000291
509014 X0 509012 0.000291
509014 X0 509013 0.000291
509015 CX 509290 0.982331
509015 CX 509015 0.002524
509015 CX 509291 0.002524
509015 CX 509014 0.002524
509015 CX 509288 0.002524
509015 CX 509012 0.002524
509015 CX 509289 0.002524
509015 CX 509013 0.002524
509015 P2 509015 0.990100
509015 P2 510131 0.009900
509015 X0 509014 0.999127
509015 X0 509015 0.000291
509015 X0 509013 0.000291
509015 X0 509012 0.000291
509288 CX 509288 0.982331
509288 CX 509012 0.002524
509288 CX 509289 0.002524
509288 CX 509013 0.002524
509288 CX 509290 0.002524
509288 CX 509015 0.002524
509288 CX 509291 0.002524
509288 CX 509014 0.002524
509288 P2 510410 0.990100
509288 P2 509288 0.009900
509288 X0 509289 0.999127
509288 X0 509288 0.000291
509288 X0 509291 0.000291
509288 X0 509290 0.000291
509289 CX 509013 0.982331
509289 CX 509289 0.002524
509289 CX 509012 0.002524
509289 CX 509288 0.002524
509289 CX 509014 0.002524
509289 CX 509291 0.002524
509289 CX 509015 0.002524
509289 CX 509290 0.002524
509289 P2 510689 0.990100
509289 P2 509289 0.009900
509289 X0 509288 0.999127
509289 X0 509289 0.000291
509289 X0 509290 0.000291
509289 X0 509291 0.000291
509290 CX 509015 0.982331
509290 CX 509290 0.002524
509290 CX 509014 0.002524
509290 CX 509291 0.002524
509290 CX 509012 0.002524
509290 CX 509288 0.002524
509290 CX 509013 0.002524
509290 CX 509289 0.002524
509290 P2 510968 0.990100
509290 P2 509290 0.009900
509290 X0 509291 0.999127
509290 X0 509290 0.000291
509290 X0 509289 0.000291
509290 X0 509288 0.000291
509291 CX 509291 0.982331
509291 CX 509014 0.002524
509291 CX 509290 0.002524
509291 CX 509015 0.002524
509291 CX 509289 0.002524
509291 CX 509013 0.002524
509291 CX 509288 0.002524
509291 CX 509012 0.002524
509291 P2 511247 0.990100
509291 P2 509291 0.009900
509291 X0 509290 0.999127
509291 X0 509291 0.000291
509291 X0 509288 0.000291
509291 X0 509289 0.000291
509294 CX 509294 0.982331
509294 CX 510410 0.002524
509294 CX 509573 0.002524
509294 CX 510689 0.002524
509294 CX 510131 0.002524
509294 CX 510968 0.002524
509294 CX 509852 0.002524
509294 CX 511247 0.002524
509294 P2 509012 0.990100
509294 P2 509294 0.009900
509294 X0 509573 0.999127
509294 X0 509294 0.000291
509294 X0 509852 0.000291
509294 X0 510131 0.000291
509573 CX 510689 0.982331
509573 CX 509573 0.002524
509573 CX 510410 0.002524
509573 CX 509294 0.002524
509573 CX 511247 0.002524
509573 CX 509852 0.002524
509573 CX 510968 0.002524
509573 CX 510131 0.002524
509573 P2 509013 0.990100
509573 P2 509573 0.009900
509573 X0 509294 0.999127
509573 X0 509573 0.000291
509573 X0 510131 0.000291
509573 X0 509852 0.000291
509852 CX 509852 0.982331
509852 CX 511247 0.002524
509852 CX 510131 0.002524
509852 CX 510968 0.002524
509852 CX 509573 0.002524
509852 CX 510689 0.002524
509852 CX 509294 0.002524
509852 CX 510410 0.002524
509852 P2 509014 0.990100
509852 P2 509852 0.009900
509852 X0 510131 0.999127
509852 X0 509852 0.000291
509852 X0 509294 0.000291
509852 X0 509573 0.000291
510131 CX 510968 0.982331
510131 CX 510131 0.002524
510131 CX 511247 0.002524
510131 CX 509852 0.002524
510131 CX 510410 0.002524
510131 CX 509294 0.002524
510131 CX 510689 0.002524
510131 CX 509573 0.002524
510131 P2 509015 0.990100
510131 P2 510131 0.009900
510131 X0 509852 0.999127
510131 X0 510131 0.000291
510131 X0 509573 0.000291
510131 X0 509294 0.000291
510410 CX 510410 0.982331
510410 CX 509294 0.002524
510410 CX 510689 0.002524
510410 CX 509573 0.002524
510410 CX 510968 0.002524
510410 CX 510131 0.002524
510410 CX 511247 0.002524
510410 CX 509852 0.002524
510410 P2 510410 0.990100
510410 P2 509288 0.009900
510410 X0 510689 0.999127
510410 X0 510410 0.000291
510410 X0 511247 0.000291
510410 X0 510968 0.000291
510689 CX 509573 0.982331
510689 CX 510689 0.002524
510689 CX 509294 0.002524
510689 CX 510410 0.002524
510689 CX 509852 0.002524
510689 CX 511247 0.002524
510689 CX 510131 0.002524
510689 CX 510968 0.002524
510689 P2 510689 0.990100
510689 P2 509289 0.009900
510689 X0 510410 0.999127
510689 X0 510689 0.000291
510689 X0 510968 0.000291
510689 X0 511247 0.000291
510968 CX 510131 0.982331
510968 CX 510968 0.002524
510968 CX 509852 0.002524
510968 CX 511247 0.002524
510968 CX 509294 0.002524
510968 CX 510410 0.002524
510968 CX 509573 0.002524
510968 CX 510689 0.002524
510968 P2 510968 0.990100
510968 P2 509290 0.009900
510968 X0 511247 0.999127
510968 X0 510968 0.000291
510968 X0 510689 0.000291
510968 X0 510410 0.000291
511247 CX 511247 0.982331
511247 CX 509852 0.002524
511247 CX 510968 0.002524
511247 CX 510131 0.002524
511247 CX 510689 0.002524
511247 CX 509573 0.002524
511247 CX 510410 0.002524
511247 CX 509294 0.002524
511247 P2 511247 0.990100
511247 P2 509291 0.009900
511247 X0 510968 0.999127
511247 X0 511247 0.000291
511247 X0 510410 0.000291
511247 X0 510689 0.000291
ENDPOMDP
