BEGINPOMDP
INITIALSTATE: 459896
STATES: 460737,461574,460458,460173,460174,461295,460176,460175,460179,462132,459896,459897,459898,459899,459900,461853,461016
REWARDS: 460737:1.0,461574:0.0,460458:0.0,460173:1.0,460174:0.0,461295:1.0,460176:1.0,460175:0.0,460179:1.0,462132:1.0,459896:0.0,459897:1.0,459898:0.0,459899:1.0,459900:0.0,461853:0.0,461016:0.0
GAMMA: 460737:1,461574:1,460458:1,460173:0,460174:0,461295:1,460176:0,460175:0,460179:1,462132:1,459896:0,459897:0,459898:0,459899:0,459900:0,461853:1,461016:1
BEGINACTIONS
CX
P2
X0
ENDACTIONS
459896 INIT_ 459897 0.250000
459896 INIT_ 459898 0.250000
459896 INIT_ 459899 0.250000
459896 INIT_ 459900 0.250000
459897 CX 459897 0.977591
459897 CX 460173 0.003201
459897 CX 459898 0.003201
459897 CX 460174 0.003201
459897 CX 459900 0.003201
459897 CX 460175 0.003201
459897 CX 459899 0.003201
459897 CX 460176 0.003201
459897 P2 459897 0.982000
459897 P2 460179 0.018000
459897 X0 459898 0.999568
459897 X0 459897 0.000144
459897 X0 459899 0.000144
459897 X0 459900 0.000144
459898 CX 460174 0.977591
459898 CX 459898 0.003201
459898 CX 460173 0.003201
459898 CX 459897 0.003201
459898 CX 460176 0.003201
459898 CX 459899 0.003201
459898 CX 460175 0.003201
459898 CX 459900 0.003201
459898 P2 459898 0.982000
459898 P2 460458 0.018000
459898 X0 459897 0.999568
459898 X0 459898 0.000144
459898 X0 459900 0.000144
459898 X0 459899 0.000144
459899 CX 459899 0.977591
459899 CX 460176 0.003201
459899 CX 459900 0.003201
459899 CX 460175 0.003201
459899 CX 459898 0.003201
459899 CX 460174 0.003201
459899 CX 459897 0.003201
459899 CX 460173 0.003201
459899 P2 459899 0.982000
459899 P2 460737 0.018000
459899 X0 459900 0.999568
459899 X0 459899 0.000144
459899 X0 459897 0.000144
459899 X0 459898 0.000144
459900 CX 460175 0.977591
459900 CX 459900 0.003201
459900 CX 460176 0.003201
459900 CX 459899 0.003201
459900 CX 460173 0.003201
459900 CX 459897 0.003201
459900 CX 460174 0.003201
459900 CX 459898 0.003201
459900 P2 459900 0.982000
459900 P2 461016 0.018000
459900 X0 459899 0.999568
459900 X0 459900 0.000144
459900 X0 459898 0.000144
459900 X0 459897 0.000144
460173 CX 460173 0.977591
460173 CX 459897 0.003201
460173 CX 460174 0.003201
460173 CX 459898 0.003201
460173 CX 460175 0.003201
460173 CX 459900 0.003201
460173 CX 460176 0.003201
460173 CX 459899 0.003201
460173 P2 461295 0.961400
460173 P2 460173 0.038600
460173 X0 460174 0.999568
460173 X0 460173 0.000144
460173 X0 460176 0.000144
460173 X0 460175 0.000144
460174 CX 459898 0.977591
460174 CX 460174 0.003201
460174 CX 459897 0.003201
460174 CX 460173 0.003201
460174 CX 459899 0.003201
460174 CX 460176 0.003201
460174 CX 459900 0.003201
460174 CX 460175 0.003201
460174 P2 461574 0.961400
460174 P2 460174 0.038600
460174 X0 460173 0.999568
460174 X0 460174 0.000144
460174 X0 460175 0.000144
460174 X0 460176 0.000144
460175 CX 459900 0.977591
460175 CX 460175 0.003201
460175 CX 459899 0.003201
460175 CX 460176 0.003201
460175 CX 459897 0.003201
460175 CX 460173 0.003201
460175 CX 459898 0.003201
460175 CX 460174 0.003201
460175 P2 461853 0.961400
460175 P2 460175 0.038600
460175 X0 460176 0.999568
460175 X0 460175 0.000144
460175 X0 460174 0.000144
460175 X0 460173 0.000144
460176 CX 460176 0.977591
460176 CX 459899 0.003201
460176 CX 460175 0.003201
460176 CX 459900 0.003201
460176 CX 460174 0.003201
460176 CX 459898 0.003201
460176 CX 460173 0.003201
460176 CX 459897 0.003201
460176 P2 462132 0.961400
460176 P2 460176 0.038600
460176 X0 460175 0.999568
460176 X0 460176 0.000144
460176 X0 460173 0.000144
460176 X0 460174 0.000144
460179 CX 460179 0.977591
460179 CX 461295 0.003201
460179 CX 460458 0.003201
460179 CX 461574 0.003201
460179 CX 461016 0.003201
460179 CX 461853 0.003201
460179 CX 460737 0.003201
460179 CX 462132 0.003201
460179 P2 459897 0.982000
460179 P2 460179 0.018000
460179 X0 460458 0.999568
460179 X0 460179 0.000144
460179 X0 460737 0.000144
460179 X0 461016 0.000144
460458 CX 461574 0.977591
460458 CX 460458 0.003201
460458 CX 461295 0.003201
460458 CX 460179 0.003201
460458 CX 462132 0.003201
460458 CX 460737 0.003201
460458 CX 461853 0.003201
460458 CX 461016 0.003201
460458 P2 459898 0.982000
460458 P2 460458 0.018000
460458 X0 460179 0.999568
460458 X0 460458 0.000144
460458 X0 461016 0.000144
460458 X0 460737 0.000144
460737 CX 460737 0.977591
460737 CX 462132 0.003201
460737 CX 461016 0.003201
460737 CX 461853 0.003201
460737 CX 460458 0.003201
460737 CX 461574 0.003201
460737 CX 460179 0.003201
460737 CX 461295 0.003201
460737 P2 459899 0.982000
460737 P2 460737 0.018000
460737 X0 461016 0.999568
460737 X0 460737 0.000144
460737 X0 460179 0.000144
460737 X0 460458 0.000144
461016 CX 461853 0.977591
461016 CX 461016 0.003201
461016 CX 462132 0.003201
461016 CX 460737 0.003201
461016 CX 461295 0.003201
461016 CX 460179 0.003201
461016 CX 461574 0.003201
461016 CX 460458 0.003201
461016 P2 459900 0.982000
461016 P2 461016 0.018000
461016 X0 460737 0.999568
461016 X0 461016 0.000144
461016 X0 460458 0.000144
461016 X0 460179 0.000144
461295 CX 461295 0.977591
461295 CX 460179 0.003201
461295 CX 461574 0.003201
461295 CX 460458 0.003201
461295 CX 461853 0.003201
461295 CX 461016 0.003201
461295 CX 462132 0.003201
461295 CX 460737 0.003201
461295 P2 461295 0.961400
461295 P2 460173 0.038600
461295 X0 461574 0.999568
461295 X0 461295 0.000144
461295 X0 462132 0.000144
461295 X0 461853 0.000144
461574 CX 460458 0.977591
461574 CX 461574 0.003201
461574 CX 460179 0.003201
461574 CX 461295 0.003201
461574 CX 460737 0.003201
461574 CX 462132 0.003201
461574 CX 461016 0.003201
461574 CX 461853 0.003201
461574 P2 461574 0.961400
461574 P2 460174 0.038600
461574 X0 461295 0.999568
461574 X0 461574 0.000144
461574 X0 461853 0.000144
461574 X0 462132 0.000144
461853 CX 461016 0.977591
461853 CX 461853 0.003201
461853 CX 460737 0.003201
461853 CX 462132 0.003201
461853 CX 460179 0.003201
461853 CX 461295 0.003201
461853 CX 460458 0.003201
461853 CX 461574 0.003201
461853 P2 461853 0.961400
461853 P2 460175 0.038600
461853 X0 462132 0.999568
461853 X0 461853 0.000144
461853 X0 461574 0.000144
461853 X0 461295 0.000144
462132 CX 462132 0.977591
462132 CX 460737 0.003201
462132 CX 461853 0.003201
462132 CX 461016 0.003201
462132 CX 461574 0.003201
462132 CX 460458 0.003201
462132 CX 461295 0.003201
462132 CX 460179 0.003201
462132 P2 462132 0.961400
462132 P2 460176 0.038600
462132 X0 461853 0.999568
462132 X0 462132 0.000144
462132 X0 461295 0.000144
462132 X0 461574 0.000144
ENDPOMDP
