BEGINPOMDP
INITIALSTATE: 482221
STATES: 482498,482499,483620,482501,482500,482504,484457,482221,482222,482223,482224,482225,483341,484178,483062,483899,482783
REWARDS: 482498:1.0,482499:0.0,483620:1.0,482501:1.0,482500:0.0,482504:1.0,484457:1.0,482221:0.0,482222:1.0,482223:0.0,482224:1.0,482225:0.0,483341:0.0,484178:0.0,483062:1.0,483899:0.0,482783:0.0
GAMMA: 482498:0,482499:0,483620:1,482501:0,482500:0,482504:1,484457:1,482221:0,482222:0,482223:0,482224:0,482225:0,483341:1,484178:1,483062:1,483899:1,482783:1
BEGINACTIONS
CX
P2
X0
ENDACTIONS
482221 INIT_ 482222 0.250000
482221 INIT_ 482223 0.250000
482221 INIT_ 482224 0.250000
482221 INIT_ 482225 0.250000
482222 CX 482222 0.970251
482222 CX 482498 0.004250
482222 CX 482223 0.004250
482222 CX 482499 0.004250
482222 CX 482225 0.004250
482222 CX 482500 0.004250
482222 CX 482224 0.004250
482222 CX 482501 0.004250
482222 P2 482222 0.992800
482222 P2 482504 0.007200
482222 X0 482223 0.999186
482222 X0 482222 0.000271
482222 X0 482224 0.000271
482222 X0 482225 0.000271
482223 CX 482499 0.970251
482223 CX 482223 0.004250
482223 CX 482498 0.004250
482223 CX 482222 0.004250
482223 CX 482501 0.004250
482223 CX 482224 0.004250
482223 CX 482500 0.004250
482223 CX 482225 0.004250
482223 P2 482223 0.992800
482223 P2 482783 0.007200
482223 X0 482222 0.999186
482223 X0 482223 0.000271
482223 X0 482225 0.000271
482223 X0 482224 0.000271
482224 CX 482224 0.970251
482224 CX 482501 0.004250
482224 CX 482225 0.004250
482224 CX 482500 0.004250
482224 CX 482223 0.004250
482224 CX 482499 0.004250
482224 CX 482222 0.004250
482224 CX 482498 0.004250
482224 P2 482224 0.992800
482224 P2 483062 0.007200
482224 X0 482225 0.999186
482224 X0 482224 0.000271
482224 X0 482222 0.000271
482224 X0 482223 0.000271
482225 CX 482500 0.970251
482225 CX 482225 0.004250
482225 CX 482501 0.004250
482225 CX 482224 0.004250
482225 CX 482498 0.004250
482225 CX 482222 0.004250
482225 CX 482499 0.004250
482225 CX 482223 0.004250
482225 P2 482225 0.992800
482225 P2 483341 0.007200
482225 X0 482224 0.999186
482225 X0 482225 0.000271
482225 X0 482223 0.000271
482225 X0 482222 0.000271
482498 CX 482498 0.970251
482498 CX 482222 0.004250
482498 CX 482499 0.004250
482498 CX 482223 0.004250
482498 CX 482500 0.004250
482498 CX 482225 0.004250
482498 CX 482501 0.004250
482498 CX 482224 0.004250
482498 P2 483620 0.972400
482498 P2 482498 0.027600
482498 X0 482499 0.999186
482498 X0 482498 0.000271
482498 X0 482501 0.000271
482498 X0 482500 0.000271
482499 CX 482223 0.970251
482499 CX 482499 0.004250
482499 CX 482222 0.004250
482499 CX 482498 0.004250
482499 CX 482224 0.004250
482499 CX 482501 0.004250
482499 CX 482225 0.004250
482499 CX 482500 0.004250
482499 P2 483899 0.972400
482499 P2 482499 0.027600
482499 X0 482498 0.999186
482499 X0 482499 0.000271
482499 X0 482500 0.000271
482499 X0 482501 0.000271
482500 CX 482225 0.970251
482500 CX 482500 0.004250
482500 CX 482224 0.004250
482500 CX 482501 0.004250
482500 CX 482222 0.004250
482500 CX 482498 0.004250
482500 CX 482223 0.004250
482500 CX 482499 0.004250
482500 P2 484178 0.972400
482500 P2 482500 0.027600
482500 X0 482501 0.999186
482500 X0 482500 0.000271
482500 X0 482499 0.000271
482500 X0 482498 0.000271
482501 CX 482501 0.970251
482501 CX 482224 0.004250
482501 CX 482500 0.004250
482501 CX 482225 0.004250
482501 CX 482499 0.004250
482501 CX 482223 0.004250
482501 CX 482498 0.004250
482501 CX 482222 0.004250
482501 P2 484457 0.972400
482501 P2 482501 0.027600
482501 X0 482500 0.999186
482501 X0 482501 0.000271
482501 X0 482498 0.000271
482501 X0 482499 0.000271
482504 CX 482504 0.970251
482504 CX 483620 0.004250
482504 CX 482783 0.004250
482504 CX 483899 0.004250
482504 CX 483341 0.004250
482504 CX 484178 0.004250
482504 CX 483062 0.004250
482504 CX 484457 0.004250
482504 P2 482222 0.992800
482504 P2 482504 0.007200
482504 X0 482783 0.999186
482504 X0 482504 0.000271
482504 X0 483062 0.000271
482504 X0 483341 0.000271
482783 CX 483899 0.970251
482783 CX 482783 0.004250
482783 CX 483620 0.004250
482783 CX 482504 0.004250
482783 CX 484457 0.004250
482783 CX 483062 0.004250
482783 CX 484178 0.004250
482783 CX 483341 0.004250
482783 P2 482223 0.992800
482783 P2 482783 0.007200
482783 X0 482504 0.999186
482783 X0 482783 0.000271
482783 X0 483341 0.000271
482783 X0 483062 0.000271
483062 CX 483062 0.970251
483062 CX 484457 0.004250
483062 CX 483341 0.004250
483062 CX 484178 0.004250
483062 CX 482783 0.004250
483062 CX 483899 0.004250
483062 CX 482504 0.004250
483062 CX 483620 0.004250
483062 P2 482224 0.992800
483062 P2 483062 0.007200
483062 X0 483341 0.999186
483062 X0 483062 0.000271
483062 X0 482504 0.000271
483062 X0 482783 0.000271
483341 CX 484178 0.970251
483341 CX 483341 0.004250
483341 CX 484457 0.004250
483341 CX 483062 0.004250
483341 CX 483620 0.004250
483341 CX 482504 0.004250
483341 CX 483899 0.004250
483341 CX 482783 0.004250
483341 P2 482225 0.992800
483341 P2 483341 0.007200
483341 X0 483062 0.999186
483341 X0 483341 0.000271
483341 X0 482783 0.000271
483341 X0 482504 0.000271
483620 CX 483620 0.970251
483620 CX 482504 0.004250
483620 CX 483899 0.004250
483620 CX 482783 0.004250
483620 CX 484178 0.004250
483620 CX 483341 0.004250
483620 CX 484457 0.004250
483620 CX 483062 0.004250
483620 P2 483620 0.972400
483620 P2 482498 0.027600
483620 X0 483899 0.999186
483620 X0 483620 0.000271
483620 X0 484457 0.000271
483620 X0 484178 0.000271
483899 CX 482783 0.970251
483899 CX 483899 0.004250
483899 CX 482504 0.004250
483899 CX 483620 0.004250
483899 CX 483062 0.004250
483899 CX 484457 0.004250
483899 CX 483341 0.004250
483899 CX 484178 0.004250
483899 P2 483899 0.972400
483899 P2 482499 0.027600
483899 X0 483620 0.999186
483899 X0 483899 0.000271
483899 X0 484178 0.000271
483899 X0 484457 0.000271
484178 CX 483341 0.970251
484178 CX 484178 0.004250
484178 CX 483062 0.004250
484178 CX 484457 0.004250
484178 CX 482504 0.004250
484178 CX 483620 0.004250
484178 CX 482783 0.004250
484178 CX 483899 0.004250
484178 P2 484178 0.972400
484178 P2 482500 0.027600
484178 X0 484457 0.999186
484178 X0 484178 0.000271
484178 X0 483899 0.000271
484178 X0 483620 0.000271
484457 CX 484457 0.970251
484457 CX 483062 0.004250
484457 CX 484178 0.004250
484457 CX 483341 0.004250
484457 CX 483899 0.004250
484457 CX 482783 0.004250
484457 CX 483620 0.004250
484457 CX 482504 0.004250
484457 P2 484457 0.972400
484457 P2 482501 0.027600
484457 X0 484178 0.999186
484457 X0 484457 0.000271
484457 X0 483620 0.000271
484457 X0 483899 0.000271
ENDPOMDP
