BEGINPOMDP
INITIALSTATE: 504546
STATES: 504546,504547,504548,504549,504550,504825,505666,506503,505387,506224,505108,504823,504824,505945,504826,504829,506782
REWARDS: 504546:0.0,504547:1.0,504548:0.0,504549:1.0,504550:0.0,504825:0.0,505666:0.0,506503:0.0,505387:1.0,506224:0.0,505108:0.0,504823:1.0,504824:0.0,505945:1.0,504826:1.0,504829:1.0,506782:1.0
GAMMA: 504546:0,504547:0,504548:0,504549:0,504550:0,504825:0,505666:1,506503:1,505387:1,506224:1,505108:1,504823:0,504824:0,505945:1,504826:0,504829:1,506782:1
BEGINACTIONS
CX
P2
X0
ENDACTIONS
504546 INIT_ 504547 0.250000
504546 INIT_ 504548 0.250000
504546 INIT_ 504549 0.250000
504546 INIT_ 504550 0.250000
504547 CX 504547 0.979058
504547 CX 504823 0.002992
504547 CX 504548 0.002992
504547 CX 504824 0.002992
504547 CX 504550 0.002992
504547 CX 504825 0.002992
504547 CX 504549 0.002992
504547 CX 504826 0.002992
504547 P2 504547 0.990100
504547 P2 504829 0.009900
504547 X0 504548 0.999622
504547 X0 504547 0.000126
504547 X0 504549 0.000126
504547 X0 504550 0.000126
504548 CX 504824 0.979058
504548 CX 504548 0.002992
504548 CX 504823 0.002992
504548 CX 504547 0.002992
504548 CX 504826 0.002992
504548 CX 504549 0.002992
504548 CX 504825 0.002992
504548 CX 504550 0.002992
504548 P2 504548 0.990100
504548 P2 505108 0.009900
504548 X0 504547 0.999622
504548 X0 504548 0.000126
504548 X0 504550 0.000126
504548 X0 504549 0.000126
504549 CX 504549 0.979058
504549 CX 504826 0.002992
504549 CX 504550 0.002992
504549 CX 504825 0.002992
504549 CX 504548 0.002992
504549 CX 504824 0.002992
504549 CX 504547 0.002992
504549 CX 504823 0.002992
504549 P2 504549 0.990100
504549 P2 505387 0.009900
504549 X0 504550 0.999622
504549 X0 504549 0.000126
504549 X0 504547 0.000126
504549 X0 504548 0.000126
504550 CX 504825 0.979058
504550 CX 504550 0.002992
504550 CX 504826 0.002992
504550 CX 504549 0.002992
504550 CX 504823 0.002992
504550 CX 504547 0.002992
504550 CX 504824 0.002992
504550 CX 504548 0.002992
504550 P2 504550 0.990100
504550 P2 505666 0.009900
504550 X0 504549 0.999622
504550 X0 504550 0.000126
504550 X0 504548 0.000126
504550 X0 504547 0.000126
504823 CX 504823 0.979058
504823 CX 504547 0.002992
504823 CX 504824 0.002992
504823 CX 504548 0.002992
504823 CX 504825 0.002992
504823 CX 504550 0.002992
504823 CX 504826 0.002992
504823 CX 504549 0.002992
504823 P2 505945 0.990100
504823 P2 504823 0.009900
504823 X0 504824 0.999622
504823 X0 504823 0.000126
504823 X0 504826 0.000126
504823 X0 504825 0.000126
504824 CX 504548 0.979058
504824 CX 504824 0.002992
504824 CX 504547 0.002992
504824 CX 504823 0.002992
504824 CX 504549 0.002992
504824 CX 504826 0.002992
504824 CX 504550 0.002992
504824 CX 504825 0.002992
504824 P2 506224 0.990100
504824 P2 504824 0.009900
504824 X0 504823 0.999622
504824 X0 504824 0.000126
504824 X0 504825 0.000126
504824 X0 504826 0.000126
504825 CX 504550 0.979058
504825 CX 504825 0.002992
504825 CX 504549 0.002992
504825 CX 504826 0.002992
504825 CX 504547 0.002992
504825 CX 504823 0.002992
504825 CX 504548 0.002992
504825 CX 504824 0.002992
504825 P2 506503 0.990100
504825 P2 504825 0.009900
504825 X0 504826 0.999622
504825 X0 504825 0.000126
504825 X0 504824 0.000126
504825 X0 504823 0.000126
504826 CX 504826 0.979058
504826 CX 504549 0.002992
504826 CX 504825 0.002992
504826 CX 504550 0.002992
504826 CX 504824 0.002992
504826 CX 504548 0.002992
504826 CX 504823 0.002992
504826 CX 504547 0.002992
504826 P2 506782 0.990100
504826 P2 504826 0.009900
504826 X0 504825 0.999622
504826 X0 504826 0.000126
504826 X0 504823 0.000126
504826 X0 504824 0.000126
504829 CX 504829 0.979058
504829 CX 505945 0.002992
504829 CX 505108 0.002992
504829 CX 506224 0.002992
504829 CX 505666 0.002992
504829 CX 506503 0.002992
504829 CX 505387 0.002992
504829 CX 506782 0.002992
504829 P2 504547 0.990100
504829 P2 504829 0.009900
504829 X0 505108 0.999622
504829 X0 504829 0.000126
504829 X0 505387 0.000126
504829 X0 505666 0.000126
505108 CX 506224 0.979058
505108 CX 505108 0.002992
505108 CX 505945 0.002992
505108 CX 504829 0.002992
505108 CX 506782 0.002992
505108 CX 505387 0.002992
505108 CX 506503 0.002992
505108 CX 505666 0.002992
505108 P2 504548 0.990100
505108 P2 505108 0.009900
505108 X0 504829 0.999622
505108 X0 505108 0.000126
505108 X0 505666 0.000126
505108 X0 505387 0.000126
505387 CX 505387 0.979058
505387 CX 506782 0.002992
505387 CX 505666 0.002992
505387 CX 506503 0.002992
505387 CX 505108 0.002992
505387 CX 506224 0.002992
505387 CX 504829 0.002992
505387 CX 505945 0.002992
505387 P2 504549 0.990100
505387 P2 505387 0.009900
505387 X0 505666 0.999622
505387 X0 505387 0.000126
505387 X0 504829 0.000126
505387 X0 505108 0.000126
505666 CX 506503 0.979058
505666 CX 505666 0.002992
505666 CX 506782 0.002992
505666 CX 505387 0.002992
505666 CX 505945 0.002992
505666 CX 504829 0.002992
505666 CX 506224 0.002992
505666 CX 505108 0.002992
505666 P2 504550 0.990100
505666 P2 505666 0.009900
505666 X0 505387 0.999622
505666 X0 505666 0.000126
505666 X0 505108 0.000126
505666 X0 504829 0.000126
505945 CX 505945 0.979058
505945 CX 504829 0.002992
505945 CX 506224 0.002992
505945 CX 505108 0.002992
505945 CX 506503 0.002992
505945 CX 505666 0.002992
505945 CX 506782 0.002992
505945 CX 505387 0.002992
505945 P2 505945 0.990100
505945 P2 504823 0.009900
505945 X0 506224 0.999622
505945 X0 505945 0.000126
505945 X0 506782 0.000126
505945 X0 506503 0.000126
506224 CX 505108 0.979058
506224 CX 506224 0.002992
506224 CX 504829 0.002992
506224 CX 505945 0.002992
506224 CX 505387 0.002992
506224 CX 506782 0.002992
506224 CX 505666 0.002992
506224 CX 506503 0.002992
506224 P2 506224 0.990100
506224 P2 504824 0.009900
506224 X0 505945 0.999622
506224 X0 506224 0.000126
506224 X0 506503 0.000126
506224 X0 506782 0.000126
506503 CX 505666 0.979058
506503 CX 506503 0.002992
506503 CX 505387 0.002992
506503 CX 506782 0.002992
506503 CX 504829 0.002992
506503 CX 505945 0.002992
506503 CX 505108 0.002992
506503 CX 506224 0.002992
506503 P2 506503 0.990100
506503 P2 504825 0.009900
506503 X0 506782 0.999622
506503 X0 506503 0.000126
506503 X0 506224 0.000126
506503 X0 505945 0.000126
506782 CX 506782 0.979058
506782 CX 505387 0.002992
506782 CX 506503 0.002992
506782 CX 505666 0.002992
506782 CX 506224 0.002992
506782 CX 505108 0.002992
506782 CX 505945 0.002992
506782 CX 504829 0.002992
506782 P2 506782 0.990100
506782 P2 504826 0.009900
506782 X0 506503 0.999622
506782 X0 506782 0.000126
506782 X0 505945 0.000126
506782 X0 506224 0.000126
ENDPOMDP
