BEGINPOMDP
INITIALSTATE: 522406
STATES: 522689,524642,522406,522407,522408,522409,522410,523526,524363,523247,524084,522968,522683,522684,523805,522686,522685
REWARDS: 522689:1.0,524642:1.0,522406:0.0,522407:1.0,522408:0.0,522409:1.0,522410:0.0,523526:0.0,524363:0.0,523247:1.0,524084:0.0,522968:0.0,522683:1.0,522684:0.0,523805:1.0,522686:1.0,522685:0.0
GAMMA: 522689:1,524642:1,522406:0,522407:0,522408:0,522409:0,522410:0,523526:1,524363:1,523247:1,524084:1,522968:1,522683:0,522684:0,523805:1,522686:0,522685:0
BEGINACTIONS
CX
P2
X0
ENDACTIONS
522406 INIT_ 522407 0.250000
522406 INIT_ 522408 0.250000
522406 INIT_ 522409 0.250000
522406 INIT_ 522410 0.250000
522407 CX 522407 0.960910
522407 CX 522683 0.005584
522407 CX 522408 0.005584
522407 CX 522684 0.005584
522407 CX 522410 0.005584
522407 CX 522685 0.005584
522407 CX 522409 0.005584
522407 CX 522686 0.005584
522407 P2 522407 0.984600
522407 P2 522689 0.015400
522407 X0 522408 0.999603
522407 X0 522407 0.000132
522407 X0 522409 0.000132
522407 X0 522410 0.000132
522408 CX 522684 0.960910
522408 CX 522408 0.005584
522408 CX 522683 0.005584
522408 CX 522407 0.005584
522408 CX 522686 0.005584
522408 CX 522409 0.005584
522408 CX 522685 0.005584
522408 CX 522410 0.005584
522408 P2 522408 0.984600
522408 P2 522968 0.015400
522408 X0 522407 0.999603
522408 X0 522408 0.000132
522408 X0 522410 0.000132
522408 X0 522409 0.000132
522409 CX 522409 0.960910
522409 CX 522686 0.005584
522409 CX 522410 0.005584
522409 CX 522685 0.005584
522409 CX 522408 0.005584
522409 CX 522684 0.005584
522409 CX 522407 0.005584
522409 CX 522683 0.005584
522409 P2 522409 0.984600
522409 P2 523247 0.015400
522409 X0 522410 0.999603
522409 X0 522409 0.000132
522409 X0 522407 0.000132
522409 X0 522408 0.000132
522410 CX 522685 0.960910
522410 CX 522410 0.005584
522410 CX 522686 0.005584
522410 CX 522409 0.005584
522410 CX 522683 0.005584
522410 CX 522407 0.005584
522410 CX 522684 0.005584
522410 CX 522408 0.005584
522410 P2 522410 0.984600
522410 P2 523526 0.015400
522410 X0 522409 0.999603
522410 X0 522410 0.000132
522410 X0 522408 0.000132
522410 X0 522407 0.000132
522683 CX 522683 0.960910
522683 CX 522407 0.005584
522683 CX 522684 0.005584
522683 CX 522408 0.005584
522683 CX 522685 0.005584
522683 CX 522410 0.005584
522683 CX 522686 0.005584
522683 CX 522409 0.005584
522683 P2 523805 0.975400
522683 P2 522683 0.024600
522683 X0 522684 0.999603
522683 X0 522683 0.000132
522683 X0 522686 0.000132
522683 X0 522685 0.000132
522684 CX 522408 0.960910
522684 CX 522684 0.005584
522684 CX 522407 0.005584
522684 CX 522683 0.005584
522684 CX 522409 0.005584
522684 CX 522686 0.005584
522684 CX 522410 0.005584
522684 CX 522685 0.005584
522684 P2 524084 0.975400
522684 P2 522684 0.024600
522684 X0 522683 0.999603
522684 X0 522684 0.000132
522684 X0 522685 0.000132
522684 X0 522686 0.000132
522685 CX 522410 0.960910
522685 CX 522685 0.005584
522685 CX 522409 0.005584
522685 CX 522686 0.005584
522685 CX 522407 0.005584
522685 CX 522683 0.005584
522685 CX 522408 0.005584
522685 CX 522684 0.005584
522685 P2 524363 0.975400
522685 P2 522685 0.024600
522685 X0 522686 0.999603
522685 X0 522685 0.000132
522685 X0 522684 0.000132
522685 X0 522683 0.000132
522686 CX 522686 0.960910
522686 CX 522409 0.005584
522686 CX 522685 0.005584
522686 CX 522410 0.005584
522686 CX 522684 0.005584
522686 CX 522408 0.005584
522686 CX 522683 0.005584
522686 CX 522407 0.005584
522686 P2 524642 0.975400
522686 P2 522686 0.024600
522686 X0 522685 0.999603
522686 X0 522686 0.000132
522686 X0 522683 0.000132
522686 X0 522684 0.000132
522689 CX 522689 0.960910
522689 CX 523805 0.005584
522689 CX 522968 0.005584
522689 CX 524084 0.005584
522689 CX 523526 0.005584
522689 CX 524363 0.005584
522689 CX 523247 0.005584
522689 CX 524642 0.005584
522689 P2 522407 0.984600
522689 P2 522689 0.015400
522689 X0 522968 0.999603
522689 X0 522689 0.000132
522689 X0 523247 0.000132
522689 X0 523526 0.000132
522968 CX 524084 0.960910
522968 CX 522968 0.005584
522968 CX 523805 0.005584
522968 CX 522689 0.005584
522968 CX 524642 0.005584
522968 CX 523247 0.005584
522968 CX 524363 0.005584
522968 CX 523526 0.005584
522968 P2 522408 0.984600
522968 P2 522968 0.015400
522968 X0 522689 0.999603
522968 X0 522968 0.000132
522968 X0 523526 0.000132
522968 X0 523247 0.000132
523247 CX 523247 0.960910
523247 CX 524642 0.005584
523247 CX 523526 0.005584
523247 CX 524363 0.005584
523247 CX 522968 0.005584
523247 CX 524084 0.005584
523247 CX 522689 0.005584
523247 CX 523805 0.005584
523247 P2 522409 0.984600
523247 P2 523247 0.015400
523247 X0 523526 0.999603
523247 X0 523247 0.000132
523247 X0 522689 0.000132
523247 X0 522968 0.000132
523526 CX 524363 0.960910
523526 CX 523526 0.005584
523526 CX 524642 0.005584
523526 CX 523247 0.005584
523526 CX 523805 0.005584
523526 CX 522689 0.005584
523526 CX 524084 0.005584
523526 CX 522968 0.005584
523526 P2 522410 0.984600
523526 P2 523526 0.015400
523526 X0 523247 0.999603
523526 X0 523526 0.000132
523526 X0 522968 0.000132
523526 X0 522689 0.000132
523805 CX 523805 0.960910
523805 CX 522689 0.005584
523805 CX 524084 0.005584
523805 CX 522968 0.005584
523805 CX 524363 0.005584
523805 CX 523526 0.005584
523805 CX 524642 0.005584
523805 CX 523247 0.005584
523805 P2 523805 0.975400
523805 P2 522683 0.024600
523805 X0 524084 0.999603
523805 X0 523805 0.000132
523805 X0 524642 0.000132
523805 X0 524363 0.000132
524084 CX 522968 0.960910
524084 CX 524084 0.005584
524084 CX 522689 0.005584
524084 CX 523805 0.005584
524084 CX 523247 0.005584
524084 CX 524642 0.005584
524084 CX 523526 0.005584
524084 CX 524363 0.005584
524084 P2 524084 0.975400
524084 P2 522684 0.024600
524084 X0 523805 0.999603
524084 X0 524084 0.000132
524084 X0 524363 0.000132
524084 X0 524642 0.000132
524363 CX 523526 0.960910
524363 CX 524363 0.005584
524363 CX 523247 0.005584
524363 CX 524642 0.005584
524363 CX 522689 0.005584
524363 CX 523805 0.005584
524363 CX 522968 0.005584
524363 CX 524084 0.005584
524363 P2 524363 0.975400
524363 P2 522685 0.024600
524363 X0 524642 0.999603
524363 X0 524363 0.000132
524363 X0 524084 0.000132
524363 X0 523805 0.000132
524642 CX 524642 0.960910
524642 CX 523247 0.005584
524642 CX 524363 0.005584
524642 CX 523526 0.005584
524642 CX 524084 0.005584
524642 CX 522968 0.005584
524642 CX 523805 0.005584
524642 CX 522689 0.005584
524642 P2 524642 0.975400
524642 P2 522686 0.024600
524642 X0 524363 0.999603
524642 X0 524642 0.000132
524642 X0 523805 0.000132
524642 X0 524084 0.000132
ENDPOMDP
