BEGINPOMDP
INITIALSTATE: 531336
STATES: 531616,531615,531619,533572,531336,531337,531338,531339,531340,532456,533293,532177,533014,531898,531613,531614,532735
REWARDS: 531616:1.0,531615:0.0,531619:1.0,533572:1.0,531336:0.0,531337:1.0,531338:0.0,531339:1.0,531340:0.0,532456:0.0,533293:0.0,532177:1.0,533014:0.0,531898:0.0,531613:1.0,531614:0.0,532735:1.0
GAMMA: 531616:0,531615:0,531619:1,533572:1,531336:0,531337:0,531338:0,531339:0,531340:0,532456:1,533293:1,532177:1,533014:1,531898:1,531613:0,531614:0,532735:1
BEGINACTIONS
CX
P2
X0
ENDACTIONS
531336 INIT_ 531337 0.250000
531336 INIT_ 531338 0.250000
531336 INIT_ 531339 0.250000
531336 INIT_ 531340 0.250000
531337 CX 531337 0.976847
531337 CX 531613 0.003308
531337 CX 531338 0.003308
531337 CX 531614 0.003308
531337 CX 531340 0.003308
531337 CX 531615 0.003308
531337 CX 531339 0.003308
531337 CX 531616 0.003308
531337 P2 531337 0.982800
531337 P2 531619 0.017200
531337 X0 531338 0.999721
531337 X0 531337 0.000093
531337 X0 531339 0.000093
531337 X0 531340 0.000093
531338 CX 531614 0.976847
531338 CX 531338 0.003308
531338 CX 531613 0.003308
531338 CX 531337 0.003308
531338 CX 531616 0.003308
531338 CX 531339 0.003308
531338 CX 531615 0.003308
531338 CX 531340 0.003308
531338 P2 531338 0.982800
531338 P2 531898 0.017200
531338 X0 531337 0.999721
531338 X0 531338 0.000093
531338 X0 531340 0.000093
531338 X0 531339 0.000093
531339 CX 531339 0.976847
531339 CX 531616 0.003308
531339 CX 531340 0.003308
531339 CX 531615 0.003308
531339 CX 531338 0.003308
531339 CX 531614 0.003308
531339 CX 531337 0.003308
531339 CX 531613 0.003308
531339 P2 531339 0.982800
531339 P2 532177 0.017200
531339 X0 531340 0.999721
531339 X0 531339 0.000093
531339 X0 531337 0.000093
531339 X0 531338 0.000093
531340 CX 531615 0.976847
531340 CX 531340 0.003308
531340 CX 531616 0.003308
531340 CX 531339 0.003308
531340 CX 531613 0.003308
531340 CX 531337 0.003308
531340 CX 531614 0.003308
531340 CX 531338 0.003308
531340 P2 531340 0.982800
531340 P2 532456 0.017200
531340 X0 531339 0.999721
531340 X0 531340 0.000093
531340 X0 531338 0.000093
531340 X0 531337 0.000093
531613 CX 531613 0.976847
531613 CX 531337 0.003308
531613 CX 531614 0.003308
531613 CX 531338 0.003308
531613 CX 531615 0.003308
531613 CX 531340 0.003308
531613 CX 531616 0.003308
531613 CX 531339 0.003308
531613 P2 532735 0.955000
531613 P2 531613 0.045000
531613 X0 531614 0.999721
531613 X0 531613 0.000093
531613 X0 531616 0.000093
531613 X0 531615 0.000093
531614 CX 531338 0.976847
531614 CX 531614 0.003308
531614 CX 531337 0.003308
531614 CX 531613 0.003308
531614 CX 531339 0.003308
531614 CX 531616 0.003308
531614 CX 531340 0.003308
531614 CX 531615 0.003308
531614 P2 533014 0.955000
531614 P2 531614 0.045000
531614 X0 531613 0.999721
531614 X0 531614 0.000093
531614 X0 531615 0.000093
531614 X0 531616 0.000093
531615 CX 531340 0.976847
531615 CX 531615 0.003308
531615 CX 531339 0.003308
531615 CX 531616 0.003308
531615 CX 531337 0.003308
531615 CX 531613 0.003308
531615 CX 531338 0.003308
531615 CX 531614 0.003308
531615 P2 533293 0.955000
531615 P2 531615 0.045000
531615 X0 531616 0.999721
531615 X0 531615 0.000093
531615 X0 531614 0.000093
531615 X0 531613 0.000093
531616 CX 531616 0.976847
531616 CX 531339 0.003308
531616 CX 531615 0.003308
531616 CX 531340 0.003308
531616 CX 531614 0.003308
531616 CX 531338 0.003308
531616 CX 531613 0.003308
531616 CX 531337 0.003308
531616 P2 533572 0.955000
531616 P2 531616 0.045000
531616 X0 531615 0.999721
531616 X0 531616 0.000093
531616 X0 531613 0.000093
531616 X0 531614 0.000093
531619 CX 531619 0.976847
531619 CX 532735 0.003308
531619 CX 531898 0.003308
531619 CX 533014 0.003308
531619 CX 532456 0.003308
531619 CX 533293 0.003308
531619 CX 532177 0.003308
531619 CX 533572 0.003308
531619 P2 531337 0.982800
531619 P2 531619 0.017200
531619 X0 531898 0.999721
531619 X0 531619 0.000093
531619 X0 532177 0.000093
531619 X0 532456 0.000093
531898 CX 533014 0.976847
531898 CX 531898 0.003308
531898 CX 532735 0.003308
531898 CX 531619 0.003308
531898 CX 533572 0.003308
531898 CX 532177 0.003308
531898 CX 533293 0.003308
531898 CX 532456 0.003308
531898 P2 531338 0.982800
531898 P2 531898 0.017200
531898 X0 531619 0.999721
531898 X0 531898 0.000093
531898 X0 532456 0.000093
531898 X0 532177 0.000093
532177 CX 532177 0.976847
532177 CX 533572 0.003308
532177 CX 532456 0.003308
532177 CX 533293 0.003308
532177 CX 531898 0.003308
532177 CX 533014 0.003308
532177 CX 531619 0.003308
532177 CX 532735 0.003308
532177 P2 531339 0.982800
532177 P2 532177 0.017200
532177 X0 532456 0.999721
532177 X0 532177 0.000093
532177 X0 531619 0.000093
532177 X0 531898 0.000093
532456 CX 533293 0.976847
532456 CX 532456 0.003308
532456 CX 533572 0.003308
532456 CX 532177 0.003308
532456 CX 532735 0.003308
532456 CX 531619 0.003308
532456 CX 533014 0.003308
532456 CX 531898 0.003308
532456 P2 531340 0.982800
532456 P2 532456 0.017200
532456 X0 532177 0.999721
532456 X0 532456 0.000093
532456 X0 531898 0.000093
532456 X0 531619 0.000093
532735 CX 532735 0.976847
532735 CX 531619 0.003308
532735 CX 533014 0.003308
532735 CX 531898 0.003308
532735 CX 533293 0.003308
532735 CX 532456 0.003308
532735 CX 533572 0.003308
532735 CX 532177 0.003308
532735 P2 532735 0.955000
532735 P2 531613 0.045000
532735 X0 533014 0.999721
532735 X0 532735 0.000093
532735 X0 533572 0.000093
532735 X0 533293 0.000093
533014 CX 531898 0.976847
533014 CX 533014 0.003308
533014 CX 531619 0.003308
533014 CX 532735 0.003308
533014 CX 532177 0.003308
533014 CX 533572 0.003308
533014 CX 532456 0.003308
533014 CX 533293 0.003308
533014 P2 533014 0.955000
533014 P2 531614 0.045000
533014 X0 532735 0.999721
533014 X0 533014 0.000093
533014 X0 533293 0.000093
533014 X0 533572 0.000093
533293 CX 532456 0.976847
533293 CX 533293 0.003308
533293 CX 532177 0.003308
533293 CX 533572 0.003308
533293 CX 531619 0.003308
533293 CX 532735 0.003308
533293 CX 531898 0.003308
533293 CX 533014 0.003308
533293 P2 533293 0.955000
533293 P2 531615 0.045000
533293 X0 533572 0.999721
533293 X0 533293 0.000093
533293 X0 533014 0.000093
533293 X0 532735 0.000093
533572 CX 533572 0.976847
533572 CX 532177 0.003308
533572 CX 533293 0.003308
533572 CX 532456 0.003308
533572 CX 533014 0.003308
533572 CX 531898 0.003308
533572 CX 532735 0.003308
533572 CX 531619 0.003308
533572 P2 533572 0.955000
533572 P2 531616 0.045000
533572 X0 533293 0.999721
533572 X0 533572 0.000093
533572 X0 532735 0.000093
533572 X0 533014 0.000093
ENDPOMDP
