BEGINPOMDP
INITIALSTATE: 410781
STATES: 410784,410785,412738,411622,412459,411343,411901,411058,411059,412180,411061,411060,411064,413017,410781,410782,410783
REWARDS: 410784:1.0,410785:0.0,412738:0.0,411622:1.0,412459:0.0,411343:0.0,411901:0.0,411058:1.0,411059:0.0,412180:1.0,411061:1.0,411060:0.0,411064:1.0,413017:1.0,410781:0.0,410782:1.0,410783:0.0
GAMMA: 410784:0,410785:0,412738:1,411622:1,412459:1,411343:1,411901:1,411058:0,411059:0,412180:1,411061:0,411060:0,411064:1,413017:1,410781:0,410782:0,410783:0
BEGINACTIONS
CX
P2
X0
ENDACTIONS
410781 INIT_ 410782 0.250000
410781 INIT_ 410783 0.250000
410781 INIT_ 410784 0.250000
410781 INIT_ 410785 0.250000
410782 CX 410782 0.979732
410782 CX 411058 0.002895
410782 CX 410783 0.002895
410782 CX 411059 0.002895
410782 CX 410785 0.002895
410782 CX 411060 0.002895
410782 CX 410784 0.002895
410782 CX 411061 0.002895
410782 P2 410782 0.987100
410782 P2 411064 0.012900
410782 X0 410783 0.999494
410782 X0 410782 0.000169
410782 X0 410784 0.000169
410782 X0 410785 0.000169
410783 CX 411059 0.979732
410783 CX 410783 0.002895
410783 CX 411058 0.002895
410783 CX 410782 0.002895
410783 CX 411061 0.002895
410783 CX 410784 0.002895
410783 CX 411060 0.002895
410783 CX 410785 0.002895
410783 P2 410783 0.987100
410783 P2 411343 0.012900
410783 X0 410782 0.999494
410783 X0 410783 0.000169
410783 X0 410785 0.000169
410783 X0 410784 0.000169
410784 CX 410784 0.979732
410784 CX 411061 0.002895
410784 CX 410785 0.002895
410784 CX 411060 0.002895
410784 CX 410783 0.002895
410784 CX 411059 0.002895
410784 CX 410782 0.002895
410784 CX 411058 0.002895
410784 P2 410784 0.987100
410784 P2 411622 0.012900
410784 X0 410785 0.999494
410784 X0 410784 0.000169
410784 X0 410782 0.000169
410784 X0 410783 0.000169
410785 CX 411060 0.979732
410785 CX 410785 0.002895
410785 CX 411061 0.002895
410785 CX 410784 0.002895
410785 CX 411058 0.002895
410785 CX 410782 0.002895
410785 CX 411059 0.002895
410785 CX 410783 0.002895
410785 P2 410785 0.987100
410785 P2 411901 0.012900
410785 X0 410784 0.999494
410785 X0 410785 0.000169
410785 X0 410783 0.000169
410785 X0 410782 0.000169
411058 CX 411058 0.979732
411058 CX 410782 0.002895
411058 CX 411059 0.002895
411058 CX 410783 0.002895
411058 CX 411060 0.002895
411058 CX 410785 0.002895
411058 CX 411061 0.002895
411058 CX 410784 0.002895
411058 P2 412180 0.987100
411058 P2 411058 0.012900
411058 X0 411059 0.999494
411058 X0 411058 0.000169
411058 X0 411061 0.000169
411058 X0 411060 0.000169
411059 CX 410783 0.979732
411059 CX 411059 0.002895
411059 CX 410782 0.002895
411059 CX 411058 0.002895
411059 CX 410784 0.002895
411059 CX 411061 0.002895
411059 CX 410785 0.002895
411059 CX 411060 0.002895
411059 P2 412459 0.987100
411059 P2 411059 0.012900
411059 X0 411058 0.999494
411059 X0 411059 0.000169
411059 X0 411060 0.000169
411059 X0 411061 0.000169
411060 CX 410785 0.979732
411060 CX 411060 0.002895
411060 CX 410784 0.002895
411060 CX 411061 0.002895
411060 CX 410782 0.002895
411060 CX 411058 0.002895
411060 CX 410783 0.002895
411060 CX 411059 0.002895
411060 P2 412738 0.987100
411060 P2 411060 0.012900
411060 X0 411061 0.999494
411060 X0 411060 0.000169
411060 X0 411059 0.000169
411060 X0 411058 0.000169
411061 CX 411061 0.979732
411061 CX 410784 0.002895
411061 CX 411060 0.002895
411061 CX 410785 0.002895
411061 CX 411059 0.002895
411061 CX 410783 0.002895
411061 CX 411058 0.002895
411061 CX 410782 0.002895
411061 P2 413017 0.987100
411061 P2 411061 0.012900
411061 X0 411060 0.999494
411061 X0 411061 0.000169
411061 X0 411058 0.000169
411061 X0 411059 0.000169
411064 CX 411064 0.979732
411064 CX 412180 0.002895
411064 CX 411343 0.002895
411064 CX 412459 0.002895
411064 CX 411901 0.002895
411064 CX 412738 0.002895
411064 CX 411622 0.002895
411064 CX 413017 0.002895
411064 P2 410782 0.987100
411064 P2 411064 0.012900
411064 X0 411343 0.999494
411064 X0 411064 0.000169
411064 X0 411622 0.000169
411064 X0 411901 0.000169
411343 CX 412459 0.979732
411343 CX 411343 0.002895
411343 CX 412180 0.002895
411343 CX 411064 0.002895
411343 CX 413017 0.002895
411343 CX 411622 0.002895
411343 CX 412738 0.002895
411343 CX 411901 0.002895
411343 P2 410783 0.987100
411343 P2 411343 0.012900
411343 X0 411064 0.999494
411343 X0 411343 0.000169
411343 X0 411901 0.000169
411343 X0 411622 0.000169
411622 CX 411622 0.979732
411622 CX 413017 0.002895
411622 CX 411901 0.002895
411622 CX 412738 0.002895
411622 CX 411343 0.002895
411622 CX 412459 0.002895
411622 CX 411064 0.002895
411622 CX 412180 0.002895
411622 P2 410784 0.987100
411622 P2 411622 0.012900
411622 X0 411901 0.999494
411622 X0 411622 0.000169
411622 X0 411064 0.000169
411622 X0 411343 0.000169
411901 CX 412738 0.979732
411901 CX 411901 0.002895
411901 CX 413017 0.002895
411901 CX 411622 0.002895
411901 CX 412180 0.002895
411901 CX 411064 0.002895
411901 CX 412459 0.002895
411901 CX 411343 0.002895
411901 P2 410785 0.987100
411901 P2 411901 0.012900
411901 X0 411622 0.999494
411901 X0 411901 0.000169
411901 X0 411343 0.000169
411901 X0 411064 0.000169
412180 CX 412180 0.979732
412180 CX 411064 0.002895
412180 CX 412459 0.002895
412180 CX 411343 0.002895
412180 CX 412738 0.002895
412180 CX 411901 0.002895
412180 CX 413017 0.002895
412180 CX 411622 0.002895
412180 P2 412180 0.987100
412180 P2 411058 0.012900
412180 X0 412459 0.999494
412180 X0 412180 0.000169
412180 X0 413017 0.000169
412180 X0 412738 0.000169
412459 CX 411343 0.979732
412459 CX 412459 0.002895
412459 CX 411064 0.002895
412459 CX 412180 0.002895
412459 CX 411622 0.002895
412459 CX 413017 0.002895
412459 CX 411901 0.002895
412459 CX 412738 0.002895
412459 P2 412459 0.987100
412459 P2 411059 0.012900
412459 X0 412180 0.999494
412459 X0 412459 0.000169
412459 X0 412738 0.000169
412459 X0 413017 0.000169
412738 CX 411901 0.979732
412738 CX 412738 0.002895
412738 CX 411622 0.002895
412738 CX 413017 0.002895
412738 CX 411064 0.002895
412738 CX 412180 0.002895
412738 CX 411343 0.002895
412738 CX 412459 0.002895
412738 P2 412738 0.987100
412738 P2 411060 0.012900
412738 X0 413017 0.999494
412738 X0 412738 0.000169
412738 X0 412459 0.000169
412738 X0 412180 0.000169
413017 CX 413017 0.979732
413017 CX 411622 0.002895
413017 CX 412738 0.002895
413017 CX 411901 0.002895
413017 CX 412459 0.002895
413017 CX 411343 0.002895
413017 CX 412180 0.002895
413017 CX 411064 0.002895
413017 P2 413017 0.987100
413017 P2 411061 0.012900
413017 X0 412738 0.999494
413017 X0 413017 0.000169
413017 X0 412180 0.000169
413017 X0 412459 0.000169
ENDPOMDP
