BEGINPOMDP
INITIALSTATE: 57255
STATES: 57255,57256,57257,57258,57259,57276,57277,57278,57279,57280,57281,57282,57283,57302,57341,57380,57419,57440,57441,57442,57443,57732,57733,57734,57735,57736,57737,57738,57739,57910,57949,57988,58027
TARGETV: 57256,57258,57302,57380,57440,57443,57910,58027
GAMMA: 57255:0,57256:0,57257:0,57258:0,57259:0,57276:0,57277:0,57278:0,57279:0,57280:0,57281:0,57282:0,57283:0,57302:1,57341:1,57380:1,57419:1,57440:0,57441:0,57442:0,57443:0,57732:1,57733:1,57734:1,57735:1,57736:1,57737:1,57738:1,57739:1,57910:1,57949:1,57988:1,58027:1
BEGINACTIONS
CX02
CX12
P2
X0
ENDACTIONS
57255 INIT_ 57256 0.250000
57255 INIT_ 57257 0.250000
57255 INIT_ 57258 0.250000
57255 INIT_ 57259 0.250000
57256 CX02 57276 0.972863
57256 CX02 57277 0.003877
57256 CX02 57278 0.003877
57256 CX02 57279 0.003877
57256 CX02 57280 0.003877
57256 CX02 57281 0.003877
57256 CX02 57282 0.003877
57256 CX02 57283 0.003877
57256 CX12 57276 0.974138
57256 CX12 57277 0.003695
57256 CX12 57278 0.003695
57256 CX12 57279 0.003695
57256 CX12 57281 0.003695
57256 CX12 57280 0.003695
57256 CX12 57283 0.003695
57256 CX12 57282 0.003695
57256 P2 57256 0.708200
57256 P2 57302 0.291800
57256 X0 57257 0.997521
57256 X0 57256 0.000826
57256 X0 57258 0.000826
57256 X0 57259 0.000826
57257 CX02 57281 0.972863
57257 CX02 57280 0.003877
57257 CX02 57283 0.003877
57257 CX02 57282 0.003877
57257 CX02 57277 0.003877
57257 CX02 57276 0.003877
57257 CX02 57279 0.003877
57257 CX02 57278 0.003877
57257 CX12 57280 0.974138
57257 CX12 57281 0.003695
57257 CX12 57282 0.003695
57257 CX12 57283 0.003695
57257 CX12 57277 0.003695
57257 CX12 57276 0.003695
57257 CX12 57279 0.003695
57257 CX12 57278 0.003695
57257 P2 57257 0.708200
57257 P2 57341 0.291800
57257 X0 57256 0.997521
57257 X0 57257 0.000826
57257 X0 57259 0.000826
57257 X0 57258 0.000826
57258 CX02 57279 0.972863
57258 CX02 57278 0.003877
57258 CX02 57277 0.003877
57258 CX02 57276 0.003877
57258 CX02 57283 0.003877
57258 CX02 57282 0.003877
57258 CX02 57281 0.003877
57258 CX02 57280 0.003877
57258 CX12 57279 0.974138
57258 CX12 57278 0.003695
57258 CX12 57277 0.003695
57258 CX12 57276 0.003695
57258 CX12 57282 0.003695
57258 CX12 57283 0.003695
57258 CX12 57280 0.003695
57258 CX12 57281 0.003695
57258 P2 57258 0.708200
57258 P2 57380 0.291800
57258 X0 57259 0.997521
57258 X0 57258 0.000826
57258 X0 57256 0.000826
57258 X0 57257 0.000826
57259 CX02 57282 0.972863
57259 CX02 57283 0.003877
57259 CX02 57280 0.003877
57259 CX02 57281 0.003877
57259 CX02 57278 0.003877
57259 CX02 57279 0.003877
57259 CX02 57276 0.003877
57259 CX02 57277 0.003877
57259 CX12 57283 0.974138
57259 CX12 57282 0.003695
57259 CX12 57281 0.003695
57259 CX12 57280 0.003695
57259 CX12 57278 0.003695
57259 CX12 57279 0.003695
57259 CX12 57276 0.003695
57259 CX12 57277 0.003695
57259 P2 57259 0.708200
57259 P2 57419 0.291800
57259 X0 57258 0.997521
57259 X0 57259 0.000826
57259 X0 57257 0.000826
57259 X0 57256 0.000826
57276 CX02 57256 0.972863
57276 CX02 57440 0.003877
57276 CX02 57257 0.003877
57276 CX02 57441 0.003877
57276 CX02 57259 0.003877
57276 CX02 57442 0.003877
57276 CX02 57258 0.003877
57276 CX02 57443 0.003877
57276 CX12 57256 0.974138
57276 CX12 57440 0.003695
57276 CX12 57257 0.003695
57276 CX12 57441 0.003695
57276 CX12 57259 0.003695
57276 CX12 57442 0.003695
57276 CX12 57258 0.003695
57276 CX12 57443 0.003695
57276 X0 57280 0.997521
57276 X0 57276 0.000826
57276 X0 57279 0.000826
57276 X0 57283 0.000826
57277 CX02 57440 0.972863
57277 CX02 57256 0.003877
57277 CX02 57441 0.003877
57277 CX02 57257 0.003877
57277 CX02 57442 0.003877
57277 CX02 57259 0.003877
57277 CX02 57443 0.003877
57277 CX02 57258 0.003877
57277 CX12 57440 0.974138
57277 CX12 57256 0.003695
57277 CX12 57441 0.003695
57277 CX12 57257 0.003695
57277 CX12 57442 0.003695
57277 CX12 57259 0.003695
57277 CX12 57443 0.003695
57277 CX12 57258 0.003695
57277 X0 57281 0.997521
57277 X0 57277 0.000826
57277 X0 57278 0.000826
57277 X0 57282 0.000826
57278 CX02 57443 0.972863
57278 CX02 57258 0.003877
57278 CX02 57442 0.003877
57278 CX02 57259 0.003877
57278 CX02 57441 0.003877
57278 CX02 57257 0.003877
57278 CX02 57440 0.003877
57278 CX02 57256 0.003877
57278 CX12 57443 0.974138
57278 CX12 57258 0.003695
57278 CX12 57442 0.003695
57278 CX12 57259 0.003695
57278 CX12 57441 0.003695
57278 CX12 57257 0.003695
57278 CX12 57440 0.003695
57278 CX12 57256 0.003695
57278 X0 57282 0.997521
57278 X0 57278 0.000826
57278 X0 57277 0.000826
57278 X0 57281 0.000826
57279 CX02 57258 0.972863
57279 CX02 57443 0.003877
57279 CX02 57259 0.003877
57279 CX02 57442 0.003877
57279 CX02 57257 0.003877
57279 CX02 57441 0.003877
57279 CX02 57256 0.003877
57279 CX02 57440 0.003877
57279 CX12 57258 0.974138
57279 CX12 57443 0.003695
57279 CX12 57259 0.003695
57279 CX12 57442 0.003695
57279 CX12 57257 0.003695
57279 CX12 57441 0.003695
57279 CX12 57256 0.003695
57279 CX12 57440 0.003695
57279 X0 57283 0.997521
57279 X0 57279 0.000826
57279 X0 57276 0.000826
57279 X0 57280 0.000826
57280 CX02 57441 0.972863
57280 CX02 57257 0.003877
57280 CX02 57440 0.003877
57280 CX02 57256 0.003877
57280 CX02 57443 0.003877
57280 CX02 57258 0.003877
57280 CX02 57442 0.003877
57280 CX02 57259 0.003877
57280 CX12 57257 0.974138
57280 CX12 57441 0.003695
57280 CX12 57256 0.003695
57280 CX12 57440 0.003695
57280 CX12 57258 0.003695
57280 CX12 57443 0.003695
57280 CX12 57259 0.003695
57280 CX12 57442 0.003695
57280 X0 57276 0.997521
57280 X0 57280 0.000826
57280 X0 57283 0.000826
57280 X0 57279 0.000826
57281 CX02 57257 0.972863
57281 CX02 57441 0.003877
57281 CX02 57256 0.003877
57281 CX02 57440 0.003877
57281 CX02 57258 0.003877
57281 CX02 57443 0.003877
57281 CX02 57259 0.003877
57281 CX02 57442 0.003877
57281 CX12 57441 0.974138
57281 CX12 57257 0.003695
57281 CX12 57440 0.003695
57281 CX12 57256 0.003695
57281 CX12 57443 0.003695
57281 CX12 57258 0.003695
57281 CX12 57442 0.003695
57281 CX12 57259 0.003695
57281 X0 57277 0.997521
57281 X0 57281 0.000826
57281 X0 57282 0.000826
57281 X0 57278 0.000826
57282 CX02 57259 0.972863
57282 CX02 57442 0.003877
57282 CX02 57258 0.003877
57282 CX02 57443 0.003877
57282 CX02 57256 0.003877
57282 CX02 57440 0.003877
57282 CX02 57257 0.003877
57282 CX02 57441 0.003877
57282 CX12 57442 0.974138
57282 CX12 57259 0.003695
57282 CX12 57443 0.003695
57282 CX12 57258 0.003695
57282 CX12 57440 0.003695
57282 CX12 57256 0.003695
57282 CX12 57441 0.003695
57282 CX12 57257 0.003695
57282 X0 57278 0.997521
57282 X0 57282 0.000826
57282 X0 57281 0.000826
57282 X0 57277 0.000826
57283 CX02 57442 0.972863
57283 CX02 57259 0.003877
57283 CX02 57443 0.003877
57283 CX02 57258 0.003877
57283 CX02 57440 0.003877
57283 CX02 57256 0.003877
57283 CX02 57441 0.003877
57283 CX02 57257 0.003877
57283 CX12 57259 0.974138
57283 CX12 57442 0.003695
57283 CX12 57258 0.003695
57283 CX12 57443 0.003695
57283 CX12 57256 0.003695
57283 CX12 57440 0.003695
57283 CX12 57257 0.003695
57283 CX12 57441 0.003695
57283 X0 57279 0.997521
57283 X0 57283 0.000826
57283 X0 57280 0.000826
57283 X0 57276 0.000826
57302 CX02 57732 0.972863
57302 CX02 57733 0.003877
57302 CX02 57734 0.003877
57302 CX02 57735 0.003877
57302 CX02 57736 0.003877
57302 CX02 57737 0.003877
57302 CX02 57738 0.003877
57302 CX02 57739 0.003877
57302 CX12 57732 0.974138
57302 CX12 57733 0.003695
57302 CX12 57734 0.003695
57302 CX12 57735 0.003695
57302 CX12 57737 0.003695
57302 CX12 57736 0.003695
57302 CX12 57739 0.003695
57302 CX12 57738 0.003695
57302 P2 57256 0.708200
57302 P2 57302 0.291800
57302 X0 57341 0.997521
57302 X0 57302 0.000826
57302 X0 57380 0.000826
57302 X0 57419 0.000826
57341 CX02 57737 0.972863
57341 CX02 57736 0.003877
57341 CX02 57739 0.003877
57341 CX02 57738 0.003877
57341 CX02 57733 0.003877
57341 CX02 57732 0.003877
57341 CX02 57735 0.003877
57341 CX02 57734 0.003877
57341 CX12 57736 0.974138
57341 CX12 57737 0.003695
57341 CX12 57738 0.003695
57341 CX12 57739 0.003695
57341 CX12 57733 0.003695
57341 CX12 57732 0.003695
57341 CX12 57735 0.003695
57341 CX12 57734 0.003695
57341 P2 57257 0.708200
57341 P2 57341 0.291800
57341 X0 57302 0.997521
57341 X0 57341 0.000826
57341 X0 57419 0.000826
57341 X0 57380 0.000826
57380 CX02 57735 0.972863
57380 CX02 57734 0.003877
57380 CX02 57733 0.003877
57380 CX02 57732 0.003877
57380 CX02 57739 0.003877
57380 CX02 57738 0.003877
57380 CX02 57737 0.003877
57380 CX02 57736 0.003877
57380 CX12 57735 0.974138
57380 CX12 57734 0.003695
57380 CX12 57733 0.003695
57380 CX12 57732 0.003695
57380 CX12 57738 0.003695
57380 CX12 57739 0.003695
57380 CX12 57736 0.003695
57380 CX12 57737 0.003695
57380 P2 57258 0.708200
57380 P2 57380 0.291800
57380 X0 57419 0.997521
57380 X0 57380 0.000826
57380 X0 57302 0.000826
57380 X0 57341 0.000826
57419 CX02 57738 0.972863
57419 CX02 57739 0.003877
57419 CX02 57736 0.003877
57419 CX02 57737 0.003877
57419 CX02 57734 0.003877
57419 CX02 57735 0.003877
57419 CX02 57732 0.003877
57419 CX02 57733 0.003877
57419 CX12 57739 0.974138
57419 CX12 57738 0.003695
57419 CX12 57737 0.003695
57419 CX12 57736 0.003695
57419 CX12 57734 0.003695
57419 CX12 57735 0.003695
57419 CX12 57732 0.003695
57419 CX12 57733 0.003695
57419 P2 57259 0.708200
57419 P2 57419 0.291800
57419 X0 57380 0.997521
57419 X0 57419 0.000826
57419 X0 57341 0.000826
57419 X0 57302 0.000826
57440 CX02 57277 0.972863
57440 CX02 57276 0.003877
57440 CX02 57279 0.003877
57440 CX02 57278 0.003877
57440 CX02 57281 0.003877
57440 CX02 57280 0.003877
57440 CX02 57283 0.003877
57440 CX02 57282 0.003877
57440 CX12 57277 0.974138
57440 CX12 57276 0.003695
57440 CX12 57279 0.003695
57440 CX12 57278 0.003695
57440 CX12 57280 0.003695
57440 CX12 57281 0.003695
57440 CX12 57282 0.003695
57440 CX12 57283 0.003695
57440 P2 57910 0.946400
57440 P2 57440 0.053600
57440 X0 57441 0.997521
57440 X0 57440 0.000826
57440 X0 57443 0.000826
57440 X0 57442 0.000826
57441 CX02 57280 0.972863
57441 CX02 57281 0.003877
57441 CX02 57282 0.003877
57441 CX02 57283 0.003877
57441 CX02 57276 0.003877
57441 CX02 57277 0.003877
57441 CX02 57278 0.003877
57441 CX02 57279 0.003877
57441 CX12 57281 0.974138
57441 CX12 57280 0.003695
57441 CX12 57283 0.003695
57441 CX12 57282 0.003695
57441 CX12 57276 0.003695
57441 CX12 57277 0.003695
57441 CX12 57278 0.003695
57441 CX12 57279 0.003695
57441 P2 57949 0.946400
57441 P2 57441 0.053600
57441 X0 57440 0.997521
57441 X0 57441 0.000826
57441 X0 57442 0.000826
57441 X0 57443 0.000826
57442 CX02 57283 0.972863
57442 CX02 57282 0.003877
57442 CX02 57281 0.003877
57442 CX02 57280 0.003877
57442 CX02 57279 0.003877
57442 CX02 57278 0.003877
57442 CX02 57277 0.003877
57442 CX02 57276 0.003877
57442 CX12 57282 0.974138
57442 CX12 57283 0.003695
57442 CX12 57280 0.003695
57442 CX12 57281 0.003695
57442 CX12 57279 0.003695
57442 CX12 57278 0.003695
57442 CX12 57277 0.003695
57442 CX12 57276 0.003695
57442 P2 57988 0.946400
57442 P2 57442 0.053600
57442 X0 57443 0.997521
57442 X0 57442 0.000826
57442 X0 57441 0.000826
57442 X0 57440 0.000826
57443 CX02 57278 0.972863
57443 CX02 57279 0.003877
57443 CX02 57276 0.003877
57443 CX02 57277 0.003877
57443 CX02 57282 0.003877
57443 CX02 57283 0.003877
57443 CX02 57280 0.003877
57443 CX02 57281 0.003877
57443 CX12 57278 0.974138
57443 CX12 57279 0.003695
57443 CX12 57276 0.003695
57443 CX12 57277 0.003695
57443 CX12 57283 0.003695
57443 CX12 57282 0.003695
57443 CX12 57281 0.003695
57443 CX12 57280 0.003695
57443 P2 58027 0.946400
57443 P2 57443 0.053600
57443 X0 57442 0.997521
57443 X0 57443 0.000826
57443 X0 57440 0.000826
57443 X0 57441 0.000826
57732 CX02 57302 0.972863
57732 CX02 57910 0.003877
57732 CX02 57341 0.003877
57732 CX02 57949 0.003877
57732 CX02 57419 0.003877
57732 CX02 57988 0.003877
57732 CX02 57380 0.003877
57732 CX02 58027 0.003877
57732 CX12 57302 0.974138
57732 CX12 57910 0.003695
57732 CX12 57341 0.003695
57732 CX12 57949 0.003695
57732 CX12 57419 0.003695
57732 CX12 57988 0.003695
57732 CX12 57380 0.003695
57732 CX12 58027 0.003695
57732 X0 57736 0.997521
57732 X0 57732 0.000826
57732 X0 57735 0.000826
57732 X0 57739 0.000826
57733 CX02 57910 0.972863
57733 CX02 57302 0.003877
57733 CX02 57949 0.003877
57733 CX02 57341 0.003877
57733 CX02 57988 0.003877
57733 CX02 57419 0.003877
57733 CX02 58027 0.003877
57733 CX02 57380 0.003877
57733 CX12 57910 0.974138
57733 CX12 57302 0.003695
57733 CX12 57949 0.003695
57733 CX12 57341 0.003695
57733 CX12 57988 0.003695
57733 CX12 57419 0.003695
57733 CX12 58027 0.003695
57733 CX12 57380 0.003695
57733 X0 57737 0.997521
57733 X0 57733 0.000826
57733 X0 57734 0.000826
57733 X0 57738 0.000826
57734 CX02 58027 0.972863
57734 CX02 57380 0.003877
57734 CX02 57988 0.003877
57734 CX02 57419 0.003877
57734 CX02 57949 0.003877
57734 CX02 57341 0.003877
57734 CX02 57910 0.003877
57734 CX02 57302 0.003877
57734 CX12 58027 0.974138
57734 CX12 57380 0.003695
57734 CX12 57988 0.003695
57734 CX12 57419 0.003695
57734 CX12 57949 0.003695
57734 CX12 57341 0.003695
57734 CX12 57910 0.003695
57734 CX12 57302 0.003695
57734 X0 57738 0.997521
57734 X0 57734 0.000826
57734 X0 57733 0.000826
57734 X0 57737 0.000826
57735 CX02 57380 0.972863
57735 CX02 58027 0.003877
57735 CX02 57419 0.003877
57735 CX02 57988 0.003877
57735 CX02 57341 0.003877
57735 CX02 57949 0.003877
57735 CX02 57302 0.003877
57735 CX02 57910 0.003877
57735 CX12 57380 0.974138
57735 CX12 58027 0.003695
57735 CX12 57419 0.003695
57735 CX12 57988 0.003695
57735 CX12 57341 0.003695
57735 CX12 57949 0.003695
57735 CX12 57302 0.003695
57735 CX12 57910 0.003695
57735 X0 57739 0.997521
57735 X0 57735 0.000826
57735 X0 57732 0.000826
57735 X0 57736 0.000826
57736 CX02 57949 0.972863
57736 CX02 57341 0.003877
57736 CX02 57910 0.003877
57736 CX02 57302 0.003877
57736 CX02 58027 0.003877
57736 CX02 57380 0.003877
57736 CX02 57988 0.003877
57736 CX02 57419 0.003877
57736 CX12 57341 0.974138
57736 CX12 57949 0.003695
57736 CX12 57302 0.003695
57736 CX12 57910 0.003695
57736 CX12 57380 0.003695
57736 CX12 58027 0.003695
57736 CX12 57419 0.003695
57736 CX12 57988 0.003695
57736 X0 57732 0.997521
57736 X0 57736 0.000826
57736 X0 57739 0.000826
57736 X0 57735 0.000826
57737 CX02 57341 0.972863
57737 CX02 57949 0.003877
57737 CX02 57302 0.003877
57737 CX02 57910 0.003877
57737 CX02 57380 0.003877
57737 CX02 58027 0.003877
57737 CX02 57419 0.003877
57737 CX02 57988 0.003877
57737 CX12 57949 0.974138
57737 CX12 57341 0.003695
57737 CX12 57910 0.003695
57737 CX12 57302 0.003695
57737 CX12 58027 0.003695
57737 CX12 57380 0.003695
57737 CX12 57988 0.003695
57737 CX12 57419 0.003695
57737 X0 57733 0.997521
57737 X0 57737 0.000826
57737 X0 57738 0.000826
57737 X0 57734 0.000826
57738 CX02 57419 0.972863
57738 CX02 57988 0.003877
57738 CX02 57380 0.003877
57738 CX02 58027 0.003877
57738 CX02 57302 0.003877
57738 CX02 57910 0.003877
57738 CX02 57341 0.003877
57738 CX02 57949 0.003877
57738 CX12 57988 0.974138
57738 CX12 57419 0.003695
57738 CX12 58027 0.003695
57738 CX12 57380 0.003695
57738 CX12 57910 0.003695
57738 CX12 57302 0.003695
57738 CX12 57949 0.003695
57738 CX12 57341 0.003695
57738 X0 57734 0.997521
57738 X0 57738 0.000826
57738 X0 57737 0.000826
57738 X0 57733 0.000826
57739 CX02 57988 0.972863
57739 CX02 57419 0.003877
57739 CX02 58027 0.003877
57739 CX02 57380 0.003877
57739 CX02 57910 0.003877
57739 CX02 57302 0.003877
57739 CX02 57949 0.003877
57739 CX02 57341 0.003877
57739 CX12 57419 0.974138
57739 CX12 57988 0.003695
57739 CX12 57380 0.003695
57739 CX12 58027 0.003695
57739 CX12 57302 0.003695
57739 CX12 57910 0.003695
57739 CX12 57341 0.003695
57739 CX12 57949 0.003695
57739 X0 57735 0.997521
57739 X0 57739 0.000826
57739 X0 57736 0.000826
57739 X0 57732 0.000826
57910 CX02 57733 0.972863
57910 CX02 57732 0.003877
57910 CX02 57735 0.003877
57910 CX02 57734 0.003877
57910 CX02 57737 0.003877
57910 CX02 57736 0.003877
57910 CX02 57739 0.003877
57910 CX02 57738 0.003877
57910 CX12 57733 0.974138
57910 CX12 57732 0.003695
57910 CX12 57735 0.003695
57910 CX12 57734 0.003695
57910 CX12 57736 0.003695
57910 CX12 57737 0.003695
57910 CX12 57738 0.003695
57910 CX12 57739 0.003695
57910 P2 57910 0.946400
57910 P2 57440 0.053600
57910 X0 57949 0.997521
57910 X0 57910 0.000826
57910 X0 58027 0.000826
57910 X0 57988 0.000826
57949 CX02 57736 0.972863
57949 CX02 57737 0.003877
57949 CX02 57738 0.003877
57949 CX02 57739 0.003877
57949 CX02 57732 0.003877
57949 CX02 57733 0.003877
57949 CX02 57734 0.003877
57949 CX02 57735 0.003877
57949 CX12 57737 0.974138
57949 CX12 57736 0.003695
57949 CX12 57739 0.003695
57949 CX12 57738 0.003695
57949 CX12 57732 0.003695
57949 CX12 57733 0.003695
57949 CX12 57734 0.003695
57949 CX12 57735 0.003695
57949 P2 57949 0.946400
57949 P2 57441 0.053600
57949 X0 57910 0.997521
57949 X0 57949 0.000826
57949 X0 57988 0.000826
57949 X0 58027 0.000826
57988 CX02 57739 0.972863
57988 CX02 57738 0.003877
57988 CX02 57737 0.003877
57988 CX02 57736 0.003877
57988 CX02 57735 0.003877
57988 CX02 57734 0.003877
57988 CX02 57733 0.003877
57988 CX02 57732 0.003877
57988 CX12 57738 0.974138
57988 CX12 57739 0.003695
57988 CX12 57736 0.003695
57988 CX12 57737 0.003695
57988 CX12 57735 0.003695
57988 CX12 57734 0.003695
57988 CX12 57733 0.003695
57988 CX12 57732 0.003695
57988 P2 57988 0.946400
57988 P2 57442 0.053600
57988 X0 58027 0.997521
57988 X0 57988 0.000826
57988 X0 57949 0.000826
57988 X0 57910 0.000826
58027 CX02 57734 0.972863
58027 CX02 57735 0.003877
58027 CX02 57732 0.003877
58027 CX02 57733 0.003877
58027 CX02 57738 0.003877
58027 CX02 57739 0.003877
58027 CX02 57736 0.003877
58027 CX02 57737 0.003877
58027 CX12 57734 0.974138
58027 CX12 57735 0.003695
58027 CX12 57732 0.003695
58027 CX12 57733 0.003695
58027 CX12 57739 0.003695
58027 CX12 57738 0.003695
58027 CX12 57737 0.003695
58027 CX12 57736 0.003695
58027 P2 58027 0.946400
58027 P2 57443 0.053600
58027 X0 57988 0.997521
58027 X0 58027 0.000826
58027 X0 57910 0.000826
58027 X0 57949 0.000826
ENDPOMDP
