BEGINPOMDP
INITIALSTATE: 68208
STATES: 68208,68209,68210,68211,68212,68229,68230,68231,68232,68233,68234,68235,68236,68255,68294,68333,68372,68393,68394,68395,68396,68685,68686,68687,68688,68689,68690,68691,68692,68863,68902,68941,68980
TARGETV: 68209,68211,68255,68333,68393,68396,68863,68980
GAMMA: 68208:0,68209:0,68210:0,68211:0,68212:0,68229:0,68230:0,68231:0,68232:0,68233:0,68234:0,68235:0,68236:0,68255:1,68294:1,68333:1,68372:1,68393:0,68394:0,68395:0,68396:0,68685:1,68686:1,68687:1,68688:1,68689:1,68690:1,68691:1,68692:1,68863:1,68902:1,68941:1,68980:1
BEGINACTIONS
CX02
CX12
P2
X0
ENDACTIONS
68208 INIT_ 68209 0.250000
68208 INIT_ 68210 0.250000
68208 INIT_ 68211 0.250000
68208 INIT_ 68212 0.250000
68209 CX02 68229 0.942611
68209 CX02 68230 0.008198
68209 CX02 68231 0.008198
68209 CX02 68232 0.008198
68209 CX02 68233 0.008198
68209 CX02 68234 0.008198
68209 CX02 68235 0.008198
68209 CX02 68236 0.008198
68209 CX12 68229 0.961910
68209 CX12 68230 0.005441
68209 CX12 68231 0.005441
68209 CX12 68232 0.005441
68209 CX12 68234 0.005441
68209 CX12 68233 0.005441
68209 CX12 68236 0.005441
68209 CX12 68235 0.005441
68209 P2 68209 0.693333
68209 P2 68255 0.306667
68209 X0 68210 0.997614
68209 X0 68209 0.000795
68209 X0 68211 0.000795
68209 X0 68212 0.000795
68210 CX02 68234 0.942611
68210 CX02 68233 0.008198
68210 CX02 68236 0.008198
68210 CX02 68235 0.008198
68210 CX02 68230 0.008198
68210 CX02 68229 0.008198
68210 CX02 68232 0.008198
68210 CX02 68231 0.008198
68210 CX12 68233 0.961910
68210 CX12 68234 0.005441
68210 CX12 68235 0.005441
68210 CX12 68236 0.005441
68210 CX12 68230 0.005441
68210 CX12 68229 0.005441
68210 CX12 68232 0.005441
68210 CX12 68231 0.005441
68210 P2 68210 0.693333
68210 P2 68294 0.306667
68210 X0 68209 0.997614
68210 X0 68210 0.000795
68210 X0 68212 0.000795
68210 X0 68211 0.000795
68211 CX02 68232 0.942611
68211 CX02 68231 0.008198
68211 CX02 68230 0.008198
68211 CX02 68229 0.008198
68211 CX02 68236 0.008198
68211 CX02 68235 0.008198
68211 CX02 68234 0.008198
68211 CX02 68233 0.008198
68211 CX12 68232 0.961910
68211 CX12 68231 0.005441
68211 CX12 68230 0.005441
68211 CX12 68229 0.005441
68211 CX12 68235 0.005441
68211 CX12 68236 0.005441
68211 CX12 68233 0.005441
68211 CX12 68234 0.005441
68211 P2 68211 0.693333
68211 P2 68333 0.306667
68211 X0 68212 0.997614
68211 X0 68211 0.000795
68211 X0 68209 0.000795
68211 X0 68210 0.000795
68212 CX02 68235 0.942611
68212 CX02 68236 0.008198
68212 CX02 68233 0.008198
68212 CX02 68234 0.008198
68212 CX02 68231 0.008198
68212 CX02 68232 0.008198
68212 CX02 68229 0.008198
68212 CX02 68230 0.008198
68212 CX12 68236 0.961910
68212 CX12 68235 0.005441
68212 CX12 68234 0.005441
68212 CX12 68233 0.005441
68212 CX12 68231 0.005441
68212 CX12 68232 0.005441
68212 CX12 68229 0.005441
68212 CX12 68230 0.005441
68212 P2 68212 0.693333
68212 P2 68372 0.306667
68212 X0 68211 0.997614
68212 X0 68212 0.000795
68212 X0 68210 0.000795
68212 X0 68209 0.000795
68229 CX02 68209 0.942611
68229 CX02 68393 0.008198
68229 CX02 68210 0.008198
68229 CX02 68394 0.008198
68229 CX02 68212 0.008198
68229 CX02 68395 0.008198
68229 CX02 68211 0.008198
68229 CX02 68396 0.008198
68229 CX12 68209 0.961910
68229 CX12 68393 0.005441
68229 CX12 68210 0.005441
68229 CX12 68394 0.005441
68229 CX12 68212 0.005441
68229 CX12 68395 0.005441
68229 CX12 68211 0.005441
68229 CX12 68396 0.005441
68229 X0 68233 0.997614
68229 X0 68229 0.000795
68229 X0 68232 0.000795
68229 X0 68236 0.000795
68230 CX02 68393 0.942611
68230 CX02 68209 0.008198
68230 CX02 68394 0.008198
68230 CX02 68210 0.008198
68230 CX02 68395 0.008198
68230 CX02 68212 0.008198
68230 CX02 68396 0.008198
68230 CX02 68211 0.008198
68230 CX12 68393 0.961910
68230 CX12 68209 0.005441
68230 CX12 68394 0.005441
68230 CX12 68210 0.005441
68230 CX12 68395 0.005441
68230 CX12 68212 0.005441
68230 CX12 68396 0.005441
68230 CX12 68211 0.005441
68230 X0 68234 0.997614
68230 X0 68230 0.000795
68230 X0 68231 0.000795
68230 X0 68235 0.000795
68231 CX02 68396 0.942611
68231 CX02 68211 0.008198
68231 CX02 68395 0.008198
68231 CX02 68212 0.008198
68231 CX02 68394 0.008198
68231 CX02 68210 0.008198
68231 CX02 68393 0.008198
68231 CX02 68209 0.008198
68231 CX12 68396 0.961910
68231 CX12 68211 0.005441
68231 CX12 68395 0.005441
68231 CX12 68212 0.005441
68231 CX12 68394 0.005441
68231 CX12 68210 0.005441
68231 CX12 68393 0.005441
68231 CX12 68209 0.005441
68231 X0 68235 0.997614
68231 X0 68231 0.000795
68231 X0 68230 0.000795
68231 X0 68234 0.000795
68232 CX02 68211 0.942611
68232 CX02 68396 0.008198
68232 CX02 68212 0.008198
68232 CX02 68395 0.008198
68232 CX02 68210 0.008198
68232 CX02 68394 0.008198
68232 CX02 68209 0.008198
68232 CX02 68393 0.008198
68232 CX12 68211 0.961910
68232 CX12 68396 0.005441
68232 CX12 68212 0.005441
68232 CX12 68395 0.005441
68232 CX12 68210 0.005441
68232 CX12 68394 0.005441
68232 CX12 68209 0.005441
68232 CX12 68393 0.005441
68232 X0 68236 0.997614
68232 X0 68232 0.000795
68232 X0 68229 0.000795
68232 X0 68233 0.000795
68233 CX02 68394 0.942611
68233 CX02 68210 0.008198
68233 CX02 68393 0.008198
68233 CX02 68209 0.008198
68233 CX02 68396 0.008198
68233 CX02 68211 0.008198
68233 CX02 68395 0.008198
68233 CX02 68212 0.008198
68233 CX12 68210 0.961910
68233 CX12 68394 0.005441
68233 CX12 68209 0.005441
68233 CX12 68393 0.005441
68233 CX12 68211 0.005441
68233 CX12 68396 0.005441
68233 CX12 68212 0.005441
68233 CX12 68395 0.005441
68233 X0 68229 0.997614
68233 X0 68233 0.000795
68233 X0 68236 0.000795
68233 X0 68232 0.000795
68234 CX02 68210 0.942611
68234 CX02 68394 0.008198
68234 CX02 68209 0.008198
68234 CX02 68393 0.008198
68234 CX02 68211 0.008198
68234 CX02 68396 0.008198
68234 CX02 68212 0.008198
68234 CX02 68395 0.008198
68234 CX12 68394 0.961910
68234 CX12 68210 0.005441
68234 CX12 68393 0.005441
68234 CX12 68209 0.005441
68234 CX12 68396 0.005441
68234 CX12 68211 0.005441
68234 CX12 68395 0.005441
68234 CX12 68212 0.005441
68234 X0 68230 0.997614
68234 X0 68234 0.000795
68234 X0 68235 0.000795
68234 X0 68231 0.000795
68235 CX02 68212 0.942611
68235 CX02 68395 0.008198
68235 CX02 68211 0.008198
68235 CX02 68396 0.008198
68235 CX02 68209 0.008198
68235 CX02 68393 0.008198
68235 CX02 68210 0.008198
68235 CX02 68394 0.008198
68235 CX12 68395 0.961910
68235 CX12 68212 0.005441
68235 CX12 68396 0.005441
68235 CX12 68211 0.005441
68235 CX12 68393 0.005441
68235 CX12 68209 0.005441
68235 CX12 68394 0.005441
68235 CX12 68210 0.005441
68235 X0 68231 0.997614
68235 X0 68235 0.000795
68235 X0 68234 0.000795
68235 X0 68230 0.000795
68236 CX02 68395 0.942611
68236 CX02 68212 0.008198
68236 CX02 68396 0.008198
68236 CX02 68211 0.008198
68236 CX02 68393 0.008198
68236 CX02 68209 0.008198
68236 CX02 68394 0.008198
68236 CX02 68210 0.008198
68236 CX12 68212 0.961910
68236 CX12 68395 0.005441
68236 CX12 68211 0.005441
68236 CX12 68396 0.005441
68236 CX12 68209 0.005441
68236 CX12 68393 0.005441
68236 CX12 68210 0.005441
68236 CX12 68394 0.005441
68236 X0 68232 0.997614
68236 X0 68236 0.000795
68236 X0 68233 0.000795
68236 X0 68229 0.000795
68255 CX02 68685 0.942611
68255 CX02 68686 0.008198
68255 CX02 68687 0.008198
68255 CX02 68688 0.008198
68255 CX02 68689 0.008198
68255 CX02 68690 0.008198
68255 CX02 68691 0.008198
68255 CX02 68692 0.008198
68255 CX12 68685 0.961910
68255 CX12 68686 0.005441
68255 CX12 68687 0.005441
68255 CX12 68688 0.005441
68255 CX12 68690 0.005441
68255 CX12 68689 0.005441
68255 CX12 68692 0.005441
68255 CX12 68691 0.005441
68255 P2 68209 0.693333
68255 P2 68255 0.306667
68255 X0 68294 0.997614
68255 X0 68255 0.000795
68255 X0 68333 0.000795
68255 X0 68372 0.000795
68294 CX02 68690 0.942611
68294 CX02 68689 0.008198
68294 CX02 68692 0.008198
68294 CX02 68691 0.008198
68294 CX02 68686 0.008198
68294 CX02 68685 0.008198
68294 CX02 68688 0.008198
68294 CX02 68687 0.008198
68294 CX12 68689 0.961910
68294 CX12 68690 0.005441
68294 CX12 68691 0.005441
68294 CX12 68692 0.005441
68294 CX12 68686 0.005441
68294 CX12 68685 0.005441
68294 CX12 68688 0.005441
68294 CX12 68687 0.005441
68294 P2 68210 0.693333
68294 P2 68294 0.306667
68294 X0 68255 0.997614
68294 X0 68294 0.000795
68294 X0 68372 0.000795
68294 X0 68333 0.000795
68333 CX02 68688 0.942611
68333 CX02 68687 0.008198
68333 CX02 68686 0.008198
68333 CX02 68685 0.008198
68333 CX02 68692 0.008198
68333 CX02 68691 0.008198
68333 CX02 68690 0.008198
68333 CX02 68689 0.008198
68333 CX12 68688 0.961910
68333 CX12 68687 0.005441
68333 CX12 68686 0.005441
68333 CX12 68685 0.005441
68333 CX12 68691 0.005441
68333 CX12 68692 0.005441
68333 CX12 68689 0.005441
68333 CX12 68690 0.005441
68333 P2 68211 0.693333
68333 P2 68333 0.306667
68333 X0 68372 0.997614
68333 X0 68333 0.000795
68333 X0 68255 0.000795
68333 X0 68294 0.000795
68372 CX02 68691 0.942611
68372 CX02 68692 0.008198
68372 CX02 68689 0.008198
68372 CX02 68690 0.008198
68372 CX02 68687 0.008198
68372 CX02 68688 0.008198
68372 CX02 68685 0.008198
68372 CX02 68686 0.008198
68372 CX12 68692 0.961910
68372 CX12 68691 0.005441
68372 CX12 68690 0.005441
68372 CX12 68689 0.005441
68372 CX12 68687 0.005441
68372 CX12 68688 0.005441
68372 CX12 68685 0.005441
68372 CX12 68686 0.005441
68372 P2 68212 0.693333
68372 P2 68372 0.306667
68372 X0 68333 0.997614
68372 X0 68372 0.000795
68372 X0 68294 0.000795
68372 X0 68255 0.000795
68393 CX02 68230 0.942611
68393 CX02 68229 0.008198
68393 CX02 68232 0.008198
68393 CX02 68231 0.008198
68393 CX02 68234 0.008198
68393 CX02 68233 0.008198
68393 CX02 68236 0.008198
68393 CX02 68235 0.008198
68393 CX12 68230 0.961910
68393 CX12 68229 0.005441
68393 CX12 68232 0.005441
68393 CX12 68231 0.005441
68393 CX12 68233 0.005441
68393 CX12 68234 0.005441
68393 CX12 68235 0.005441
68393 CX12 68236 0.005441
68393 P2 68863 0.853333
68393 P2 68393 0.146667
68393 X0 68394 0.997614
68393 X0 68393 0.000795
68393 X0 68396 0.000795
68393 X0 68395 0.000795
68394 CX02 68233 0.942611
68394 CX02 68234 0.008198
68394 CX02 68235 0.008198
68394 CX02 68236 0.008198
68394 CX02 68229 0.008198
68394 CX02 68230 0.008198
68394 CX02 68231 0.008198
68394 CX02 68232 0.008198
68394 CX12 68234 0.961910
68394 CX12 68233 0.005441
68394 CX12 68236 0.005441
68394 CX12 68235 0.005441
68394 CX12 68229 0.005441
68394 CX12 68230 0.005441
68394 CX12 68231 0.005441
68394 CX12 68232 0.005441
68394 P2 68902 0.853333
68394 P2 68394 0.146667
68394 X0 68393 0.997614
68394 X0 68394 0.000795
68394 X0 68395 0.000795
68394 X0 68396 0.000795
68395 CX02 68236 0.942611
68395 CX02 68235 0.008198
68395 CX02 68234 0.008198
68395 CX02 68233 0.008198
68395 CX02 68232 0.008198
68395 CX02 68231 0.008198
68395 CX02 68230 0.008198
68395 CX02 68229 0.008198
68395 CX12 68235 0.961910
68395 CX12 68236 0.005441
68395 CX12 68233 0.005441
68395 CX12 68234 0.005441
68395 CX12 68232 0.005441
68395 CX12 68231 0.005441
68395 CX12 68230 0.005441
68395 CX12 68229 0.005441
68395 P2 68941 0.853333
68395 P2 68395 0.146667
68395 X0 68396 0.997614
68395 X0 68395 0.000795
68395 X0 68394 0.000795
68395 X0 68393 0.000795
68396 CX02 68231 0.942611
68396 CX02 68232 0.008198
68396 CX02 68229 0.008198
68396 CX02 68230 0.008198
68396 CX02 68235 0.008198
68396 CX02 68236 0.008198
68396 CX02 68233 0.008198
68396 CX02 68234 0.008198
68396 CX12 68231 0.961910
68396 CX12 68232 0.005441
68396 CX12 68229 0.005441
68396 CX12 68230 0.005441
68396 CX12 68236 0.005441
68396 CX12 68235 0.005441
68396 CX12 68234 0.005441
68396 CX12 68233 0.005441
68396 P2 68980 0.853333
68396 P2 68396 0.146667
68396 X0 68395 0.997614
68396 X0 68396 0.000795
68396 X0 68393 0.000795
68396 X0 68394 0.000795
68685 CX02 68255 0.942611
68685 CX02 68863 0.008198
68685 CX02 68294 0.008198
68685 CX02 68902 0.008198
68685 CX02 68372 0.008198
68685 CX02 68941 0.008198
68685 CX02 68333 0.008198
68685 CX02 68980 0.008198
68685 CX12 68255 0.961910
68685 CX12 68863 0.005441
68685 CX12 68294 0.005441
68685 CX12 68902 0.005441
68685 CX12 68372 0.005441
68685 CX12 68941 0.005441
68685 CX12 68333 0.005441
68685 CX12 68980 0.005441
68685 X0 68689 0.997614
68685 X0 68685 0.000795
68685 X0 68688 0.000795
68685 X0 68692 0.000795
68686 CX02 68863 0.942611
68686 CX02 68255 0.008198
68686 CX02 68902 0.008198
68686 CX02 68294 0.008198
68686 CX02 68941 0.008198
68686 CX02 68372 0.008198
68686 CX02 68980 0.008198
68686 CX02 68333 0.008198
68686 CX12 68863 0.961910
68686 CX12 68255 0.005441
68686 CX12 68902 0.005441
68686 CX12 68294 0.005441
68686 CX12 68941 0.005441
68686 CX12 68372 0.005441
68686 CX12 68980 0.005441
68686 CX12 68333 0.005441
68686 X0 68690 0.997614
68686 X0 68686 0.000795
68686 X0 68687 0.000795
68686 X0 68691 0.000795
68687 CX02 68980 0.942611
68687 CX02 68333 0.008198
68687 CX02 68941 0.008198
68687 CX02 68372 0.008198
68687 CX02 68902 0.008198
68687 CX02 68294 0.008198
68687 CX02 68863 0.008198
68687 CX02 68255 0.008198
68687 CX12 68980 0.961910
68687 CX12 68333 0.005441
68687 CX12 68941 0.005441
68687 CX12 68372 0.005441
68687 CX12 68902 0.005441
68687 CX12 68294 0.005441
68687 CX12 68863 0.005441
68687 CX12 68255 0.005441
68687 X0 68691 0.997614
68687 X0 68687 0.000795
68687 X0 68686 0.000795
68687 X0 68690 0.000795
68688 CX02 68333 0.942611
68688 CX02 68980 0.008198
68688 CX02 68372 0.008198
68688 CX02 68941 0.008198
68688 CX02 68294 0.008198
68688 CX02 68902 0.008198
68688 CX02 68255 0.008198
68688 CX02 68863 0.008198
68688 CX12 68333 0.961910
68688 CX12 68980 0.005441
68688 CX12 68372 0.005441
68688 CX12 68941 0.005441
68688 CX12 68294 0.005441
68688 CX12 68902 0.005441
68688 CX12 68255 0.005441
68688 CX12 68863 0.005441
68688 X0 68692 0.997614
68688 X0 68688 0.000795
68688 X0 68685 0.000795
68688 X0 68689 0.000795
68689 CX02 68902 0.942611
68689 CX02 68294 0.008198
68689 CX02 68863 0.008198
68689 CX02 68255 0.008198
68689 CX02 68980 0.008198
68689 CX02 68333 0.008198
68689 CX02 68941 0.008198
68689 CX02 68372 0.008198
68689 CX12 68294 0.961910
68689 CX12 68902 0.005441
68689 CX12 68255 0.005441
68689 CX12 68863 0.005441
68689 CX12 68333 0.005441
68689 CX12 68980 0.005441
68689 CX12 68372 0.005441
68689 CX12 68941 0.005441
68689 X0 68685 0.997614
68689 X0 68689 0.000795
68689 X0 68692 0.000795
68689 X0 68688 0.000795
68690 CX02 68294 0.942611
68690 CX02 68902 0.008198
68690 CX02 68255 0.008198
68690 CX02 68863 0.008198
68690 CX02 68333 0.008198
68690 CX02 68980 0.008198
68690 CX02 68372 0.008198
68690 CX02 68941 0.008198
68690 CX12 68902 0.961910
68690 CX12 68294 0.005441
68690 CX12 68863 0.005441
68690 CX12 68255 0.005441
68690 CX12 68980 0.005441
68690 CX12 68333 0.005441
68690 CX12 68941 0.005441
68690 CX12 68372 0.005441
68690 X0 68686 0.997614
68690 X0 68690 0.000795
68690 X0 68691 0.000795
68690 X0 68687 0.000795
68691 CX02 68372 0.942611
68691 CX02 68941 0.008198
68691 CX02 68333 0.008198
68691 CX02 68980 0.008198
68691 CX02 68255 0.008198
68691 CX02 68863 0.008198
68691 CX02 68294 0.008198
68691 CX02 68902 0.008198
68691 CX12 68941 0.961910
68691 CX12 68372 0.005441
68691 CX12 68980 0.005441
68691 CX12 68333 0.005441
68691 CX12 68863 0.005441
68691 CX12 68255 0.005441
68691 CX12 68902 0.005441
68691 CX12 68294 0.005441
68691 X0 68687 0.997614
68691 X0 68691 0.000795
68691 X0 68690 0.000795
68691 X0 68686 0.000795
68692 CX02 68941 0.942611
68692 CX02 68372 0.008198
68692 CX02 68980 0.008198
68692 CX02 68333 0.008198
68692 CX02 68863 0.008198
68692 CX02 68255 0.008198
68692 CX02 68902 0.008198
68692 CX02 68294 0.008198
68692 CX12 68372 0.961910
68692 CX12 68941 0.005441
68692 CX12 68333 0.005441
68692 CX12 68980 0.005441
68692 CX12 68255 0.005441
68692 CX12 68863 0.005441
68692 CX12 68294 0.005441
68692 CX12 68902 0.005441
68692 X0 68688 0.997614
68692 X0 68692 0.000795
68692 X0 68689 0.000795
68692 X0 68685 0.000795
68863 CX02 68686 0.942611
68863 CX02 68685 0.008198
68863 CX02 68688 0.008198
68863 CX02 68687 0.008198
68863 CX02 68690 0.008198
68863 CX02 68689 0.008198
68863 CX02 68692 0.008198
68863 CX02 68691 0.008198
68863 CX12 68686 0.961910
68863 CX12 68685 0.005441
68863 CX12 68688 0.005441
68863 CX12 68687 0.005441
68863 CX12 68689 0.005441
68863 CX12 68690 0.005441
68863 CX12 68691 0.005441
68863 CX12 68692 0.005441
68863 P2 68863 0.853333
68863 P2 68393 0.146667
68863 X0 68902 0.997614
68863 X0 68863 0.000795
68863 X0 68980 0.000795
68863 X0 68941 0.000795
68902 CX02 68689 0.942611
68902 CX02 68690 0.008198
68902 CX02 68691 0.008198
68902 CX02 68692 0.008198
68902 CX02 68685 0.008198
68902 CX02 68686 0.008198
68902 CX02 68687 0.008198
68902 CX02 68688 0.008198
68902 CX12 68690 0.961910
68902 CX12 68689 0.005441
68902 CX12 68692 0.005441
68902 CX12 68691 0.005441
68902 CX12 68685 0.005441
68902 CX12 68686 0.005441
68902 CX12 68687 0.005441
68902 CX12 68688 0.005441
68902 P2 68902 0.853333
68902 P2 68394 0.146667
68902 X0 68863 0.997614
68902 X0 68902 0.000795
68902 X0 68941 0.000795
68902 X0 68980 0.000795
68941 CX02 68692 0.942611
68941 CX02 68691 0.008198
68941 CX02 68690 0.008198
68941 CX02 68689 0.008198
68941 CX02 68688 0.008198
68941 CX02 68687 0.008198
68941 CX02 68686 0.008198
68941 CX02 68685 0.008198
68941 CX12 68691 0.961910
68941 CX12 68692 0.005441
68941 CX12 68689 0.005441
68941 CX12 68690 0.005441
68941 CX12 68688 0.005441
68941 CX12 68687 0.005441
68941 CX12 68686 0.005441
68941 CX12 68685 0.005441
68941 P2 68941 0.853333
68941 P2 68395 0.146667
68941 X0 68980 0.997614
68941 X0 68941 0.000795
68941 X0 68902 0.000795
68941 X0 68863 0.000795
68980 CX02 68687 0.942611
68980 CX02 68688 0.008198
68980 CX02 68685 0.008198
68980 CX02 68686 0.008198
68980 CX02 68691 0.008198
68980 CX02 68692 0.008198
68980 CX02 68689 0.008198
68980 CX02 68690 0.008198
68980 CX12 68687 0.961910
68980 CX12 68688 0.005441
68980 CX12 68685 0.005441
68980 CX12 68686 0.005441
68980 CX12 68692 0.005441
68980 CX12 68691 0.005441
68980 CX12 68690 0.005441
68980 CX12 68689 0.005441
68980 P2 68980 0.853333
68980 P2 68396 0.146667
68980 X0 68941 0.997614
68980 X0 68980 0.000795
68980 X0 68863 0.000795
68980 X0 68902 0.000795
ENDPOMDP
