BEGINPOMDP
INITIALSTATE: 58417
STATES: 58417,58418,58419,58420,58421,58438,58439,58440,58441,58442,58443,58444,58445,58464,58503,58542,58581,58602,58603,58604,58605,58894,58895,58896,58897,58898,58899,58900,58901,59072,59111,59150,59189
TARGETV: 58418,58420,58464,58542,58602,58605,59072,59189
GAMMA: 58417:0,58418:0,58419:0,58420:0,58421:0,58438:0,58439:0,58440:0,58441:0,58442:0,58443:0,58444:0,58445:0,58464:1,58503:1,58542:1,58581:1,58602:0,58603:0,58604:0,58605:0,58894:1,58895:1,58896:1,58897:1,58898:1,58899:1,58900:1,58901:1,59072:1,59111:1,59150:1,59189:1
BEGINACTIONS
CX02
CX12
P2
X0
ENDACTIONS
58417 INIT_ 58418 0.250000
58417 INIT_ 58419 0.250000
58417 INIT_ 58420 0.250000
58417 INIT_ 58421 0.250000
58418 CX02 58438 0.966538
58418 CX02 58439 0.004780
58418 CX02 58440 0.004780
58418 CX02 58441 0.004780
58418 CX02 58442 0.004780
58418 CX02 58443 0.004780
58418 CX02 58444 0.004780
58418 CX02 58445 0.004780
58418 CX12 58438 0.978201
58418 CX12 58439 0.003114
58418 CX12 58440 0.003114
58418 CX12 58441 0.003114
58418 CX12 58443 0.003114
58418 CX12 58442 0.003114
58418 CX12 58445 0.003114
58418 CX12 58444 0.003114
58418 P2 58418 0.989000
58418 P2 58464 0.011000
58418 X0 58419 0.997049
58418 X0 58418 0.000984
58418 X0 58420 0.000984
58418 X0 58421 0.000984
58419 CX02 58443 0.966538
58419 CX02 58442 0.004780
58419 CX02 58445 0.004780
58419 CX02 58444 0.004780
58419 CX02 58439 0.004780
58419 CX02 58438 0.004780
58419 CX02 58441 0.004780
58419 CX02 58440 0.004780
58419 CX12 58442 0.978201
58419 CX12 58443 0.003114
58419 CX12 58444 0.003114
58419 CX12 58445 0.003114
58419 CX12 58439 0.003114
58419 CX12 58438 0.003114
58419 CX12 58441 0.003114
58419 CX12 58440 0.003114
58419 P2 58419 0.989000
58419 P2 58503 0.011000
58419 X0 58418 0.997049
58419 X0 58419 0.000984
58419 X0 58421 0.000984
58419 X0 58420 0.000984
58420 CX02 58441 0.966538
58420 CX02 58440 0.004780
58420 CX02 58439 0.004780
58420 CX02 58438 0.004780
58420 CX02 58445 0.004780
58420 CX02 58444 0.004780
58420 CX02 58443 0.004780
58420 CX02 58442 0.004780
58420 CX12 58441 0.978201
58420 CX12 58440 0.003114
58420 CX12 58439 0.003114
58420 CX12 58438 0.003114
58420 CX12 58444 0.003114
58420 CX12 58445 0.003114
58420 CX12 58442 0.003114
58420 CX12 58443 0.003114
58420 P2 58420 0.989000
58420 P2 58542 0.011000
58420 X0 58421 0.997049
58420 X0 58420 0.000984
58420 X0 58418 0.000984
58420 X0 58419 0.000984
58421 CX02 58444 0.966538
58421 CX02 58445 0.004780
58421 CX02 58442 0.004780
58421 CX02 58443 0.004780
58421 CX02 58440 0.004780
58421 CX02 58441 0.004780
58421 CX02 58438 0.004780
58421 CX02 58439 0.004780
58421 CX12 58445 0.978201
58421 CX12 58444 0.003114
58421 CX12 58443 0.003114
58421 CX12 58442 0.003114
58421 CX12 58440 0.003114
58421 CX12 58441 0.003114
58421 CX12 58438 0.003114
58421 CX12 58439 0.003114
58421 P2 58421 0.989000
58421 P2 58581 0.011000
58421 X0 58420 0.997049
58421 X0 58421 0.000984
58421 X0 58419 0.000984
58421 X0 58418 0.000984
58438 CX02 58418 0.966538
58438 CX02 58602 0.004780
58438 CX02 58419 0.004780
58438 CX02 58603 0.004780
58438 CX02 58421 0.004780
58438 CX02 58604 0.004780
58438 CX02 58420 0.004780
58438 CX02 58605 0.004780
58438 CX12 58418 0.978201
58438 CX12 58602 0.003114
58438 CX12 58419 0.003114
58438 CX12 58603 0.003114
58438 CX12 58421 0.003114
58438 CX12 58604 0.003114
58438 CX12 58420 0.003114
58438 CX12 58605 0.003114
58438 X0 58442 0.997049
58438 X0 58438 0.000984
58438 X0 58441 0.000984
58438 X0 58445 0.000984
58439 CX02 58602 0.966538
58439 CX02 58418 0.004780
58439 CX02 58603 0.004780
58439 CX02 58419 0.004780
58439 CX02 58604 0.004780
58439 CX02 58421 0.004780
58439 CX02 58605 0.004780
58439 CX02 58420 0.004780
58439 CX12 58602 0.978201
58439 CX12 58418 0.003114
58439 CX12 58603 0.003114
58439 CX12 58419 0.003114
58439 CX12 58604 0.003114
58439 CX12 58421 0.003114
58439 CX12 58605 0.003114
58439 CX12 58420 0.003114
58439 X0 58443 0.997049
58439 X0 58439 0.000984
58439 X0 58440 0.000984
58439 X0 58444 0.000984
58440 CX02 58605 0.966538
58440 CX02 58420 0.004780
58440 CX02 58604 0.004780
58440 CX02 58421 0.004780
58440 CX02 58603 0.004780
58440 CX02 58419 0.004780
58440 CX02 58602 0.004780
58440 CX02 58418 0.004780
58440 CX12 58605 0.978201
58440 CX12 58420 0.003114
58440 CX12 58604 0.003114
58440 CX12 58421 0.003114
58440 CX12 58603 0.003114
58440 CX12 58419 0.003114
58440 CX12 58602 0.003114
58440 CX12 58418 0.003114
58440 X0 58444 0.997049
58440 X0 58440 0.000984
58440 X0 58439 0.000984
58440 X0 58443 0.000984
58441 CX02 58420 0.966538
58441 CX02 58605 0.004780
58441 CX02 58421 0.004780
58441 CX02 58604 0.004780
58441 CX02 58419 0.004780
58441 CX02 58603 0.004780
58441 CX02 58418 0.004780
58441 CX02 58602 0.004780
58441 CX12 58420 0.978201
58441 CX12 58605 0.003114
58441 CX12 58421 0.003114
58441 CX12 58604 0.003114
58441 CX12 58419 0.003114
58441 CX12 58603 0.003114
58441 CX12 58418 0.003114
58441 CX12 58602 0.003114
58441 X0 58445 0.997049
58441 X0 58441 0.000984
58441 X0 58438 0.000984
58441 X0 58442 0.000984
58442 CX02 58603 0.966538
58442 CX02 58419 0.004780
58442 CX02 58602 0.004780
58442 CX02 58418 0.004780
58442 CX02 58605 0.004780
58442 CX02 58420 0.004780
58442 CX02 58604 0.004780
58442 CX02 58421 0.004780
58442 CX12 58419 0.978201
58442 CX12 58603 0.003114
58442 CX12 58418 0.003114
58442 CX12 58602 0.003114
58442 CX12 58420 0.003114
58442 CX12 58605 0.003114
58442 CX12 58421 0.003114
58442 CX12 58604 0.003114
58442 X0 58438 0.997049
58442 X0 58442 0.000984
58442 X0 58445 0.000984
58442 X0 58441 0.000984
58443 CX02 58419 0.966538
58443 CX02 58603 0.004780
58443 CX02 58418 0.004780
58443 CX02 58602 0.004780
58443 CX02 58420 0.004780
58443 CX02 58605 0.004780
58443 CX02 58421 0.004780
58443 CX02 58604 0.004780
58443 CX12 58603 0.978201
58443 CX12 58419 0.003114
58443 CX12 58602 0.003114
58443 CX12 58418 0.003114
58443 CX12 58605 0.003114
58443 CX12 58420 0.003114
58443 CX12 58604 0.003114
58443 CX12 58421 0.003114
58443 X0 58439 0.997049
58443 X0 58443 0.000984
58443 X0 58444 0.000984
58443 X0 58440 0.000984
58444 CX02 58421 0.966538
58444 CX02 58604 0.004780
58444 CX02 58420 0.004780
58444 CX02 58605 0.004780
58444 CX02 58418 0.004780
58444 CX02 58602 0.004780
58444 CX02 58419 0.004780
58444 CX02 58603 0.004780
58444 CX12 58604 0.978201
58444 CX12 58421 0.003114
58444 CX12 58605 0.003114
58444 CX12 58420 0.003114
58444 CX12 58602 0.003114
58444 CX12 58418 0.003114
58444 CX12 58603 0.003114
58444 CX12 58419 0.003114
58444 X0 58440 0.997049
58444 X0 58444 0.000984
58444 X0 58443 0.000984
58444 X0 58439 0.000984
58445 CX02 58604 0.966538
58445 CX02 58421 0.004780
58445 CX02 58605 0.004780
58445 CX02 58420 0.004780
58445 CX02 58602 0.004780
58445 CX02 58418 0.004780
58445 CX02 58603 0.004780
58445 CX02 58419 0.004780
58445 CX12 58421 0.978201
58445 CX12 58604 0.003114
58445 CX12 58420 0.003114
58445 CX12 58605 0.003114
58445 CX12 58418 0.003114
58445 CX12 58602 0.003114
58445 CX12 58419 0.003114
58445 CX12 58603 0.003114
58445 X0 58441 0.997049
58445 X0 58445 0.000984
58445 X0 58442 0.000984
58445 X0 58438 0.000984
58464 CX02 58894 0.966538
58464 CX02 58895 0.004780
58464 CX02 58896 0.004780
58464 CX02 58897 0.004780
58464 CX02 58898 0.004780
58464 CX02 58899 0.004780
58464 CX02 58900 0.004780
58464 CX02 58901 0.004780
58464 CX12 58894 0.978201
58464 CX12 58895 0.003114
58464 CX12 58896 0.003114
58464 CX12 58897 0.003114
58464 CX12 58899 0.003114
58464 CX12 58898 0.003114
58464 CX12 58901 0.003114
58464 CX12 58900 0.003114
58464 P2 58418 0.989000
58464 P2 58464 0.011000
58464 X0 58503 0.997049
58464 X0 58464 0.000984
58464 X0 58542 0.000984
58464 X0 58581 0.000984
58503 CX02 58899 0.966538
58503 CX02 58898 0.004780
58503 CX02 58901 0.004780
58503 CX02 58900 0.004780
58503 CX02 58895 0.004780
58503 CX02 58894 0.004780
58503 CX02 58897 0.004780
58503 CX02 58896 0.004780
58503 CX12 58898 0.978201
58503 CX12 58899 0.003114
58503 CX12 58900 0.003114
58503 CX12 58901 0.003114
58503 CX12 58895 0.003114
58503 CX12 58894 0.003114
58503 CX12 58897 0.003114
58503 CX12 58896 0.003114
58503 P2 58419 0.989000
58503 P2 58503 0.011000
58503 X0 58464 0.997049
58503 X0 58503 0.000984
58503 X0 58581 0.000984
58503 X0 58542 0.000984
58542 CX02 58897 0.966538
58542 CX02 58896 0.004780
58542 CX02 58895 0.004780
58542 CX02 58894 0.004780
58542 CX02 58901 0.004780
58542 CX02 58900 0.004780
58542 CX02 58899 0.004780
58542 CX02 58898 0.004780
58542 CX12 58897 0.978201
58542 CX12 58896 0.003114
58542 CX12 58895 0.003114
58542 CX12 58894 0.003114
58542 CX12 58900 0.003114
58542 CX12 58901 0.003114
58542 CX12 58898 0.003114
58542 CX12 58899 0.003114
58542 P2 58420 0.989000
58542 P2 58542 0.011000
58542 X0 58581 0.997049
58542 X0 58542 0.000984
58542 X0 58464 0.000984
58542 X0 58503 0.000984
58581 CX02 58900 0.966538
58581 CX02 58901 0.004780
58581 CX02 58898 0.004780
58581 CX02 58899 0.004780
58581 CX02 58896 0.004780
58581 CX02 58897 0.004780
58581 CX02 58894 0.004780
58581 CX02 58895 0.004780
58581 CX12 58901 0.978201
58581 CX12 58900 0.003114
58581 CX12 58899 0.003114
58581 CX12 58898 0.003114
58581 CX12 58896 0.003114
58581 CX12 58897 0.003114
58581 CX12 58894 0.003114
58581 CX12 58895 0.003114
58581 P2 58421 0.989000
58581 P2 58581 0.011000
58581 X0 58542 0.997049
58581 X0 58581 0.000984
58581 X0 58503 0.000984
58581 X0 58464 0.000984
58602 CX02 58439 0.966538
58602 CX02 58438 0.004780
58602 CX02 58441 0.004780
58602 CX02 58440 0.004780
58602 CX02 58443 0.004780
58602 CX02 58442 0.004780
58602 CX02 58445 0.004780
58602 CX02 58444 0.004780
58602 CX12 58439 0.978201
58602 CX12 58438 0.003114
58602 CX12 58441 0.003114
58602 CX12 58440 0.003114
58602 CX12 58442 0.003114
58602 CX12 58443 0.003114
58602 CX12 58444 0.003114
58602 CX12 58445 0.003114
58602 P2 59072 0.830600
58602 P2 58602 0.169400
58602 X0 58603 0.997049
58602 X0 58602 0.000984
58602 X0 58605 0.000984
58602 X0 58604 0.000984
58603 CX02 58442 0.966538
58603 CX02 58443 0.004780
58603 CX02 58444 0.004780
58603 CX02 58445 0.004780
58603 CX02 58438 0.004780
58603 CX02 58439 0.004780
58603 CX02 58440 0.004780
58603 CX02 58441 0.004780
58603 CX12 58443 0.978201
58603 CX12 58442 0.003114
58603 CX12 58445 0.003114
58603 CX12 58444 0.003114
58603 CX12 58438 0.003114
58603 CX12 58439 0.003114
58603 CX12 58440 0.003114
58603 CX12 58441 0.003114
58603 P2 59111 0.830600
58603 P2 58603 0.169400
58603 X0 58602 0.997049
58603 X0 58603 0.000984
58603 X0 58604 0.000984
58603 X0 58605 0.000984
58604 CX02 58445 0.966538
58604 CX02 58444 0.004780
58604 CX02 58443 0.004780
58604 CX02 58442 0.004780
58604 CX02 58441 0.004780
58604 CX02 58440 0.004780
58604 CX02 58439 0.004780
58604 CX02 58438 0.004780
58604 CX12 58444 0.978201
58604 CX12 58445 0.003114
58604 CX12 58442 0.003114
58604 CX12 58443 0.003114
58604 CX12 58441 0.003114
58604 CX12 58440 0.003114
58604 CX12 58439 0.003114
58604 CX12 58438 0.003114
58604 P2 59150 0.830600
58604 P2 58604 0.169400
58604 X0 58605 0.997049
58604 X0 58604 0.000984
58604 X0 58603 0.000984
58604 X0 58602 0.000984
58605 CX02 58440 0.966538
58605 CX02 58441 0.004780
58605 CX02 58438 0.004780
58605 CX02 58439 0.004780
58605 CX02 58444 0.004780
58605 CX02 58445 0.004780
58605 CX02 58442 0.004780
58605 CX02 58443 0.004780
58605 CX12 58440 0.978201
58605 CX12 58441 0.003114
58605 CX12 58438 0.003114
58605 CX12 58439 0.003114
58605 CX12 58445 0.003114
58605 CX12 58444 0.003114
58605 CX12 58443 0.003114
58605 CX12 58442 0.003114
58605 P2 59189 0.830600
58605 P2 58605 0.169400
58605 X0 58604 0.997049
58605 X0 58605 0.000984
58605 X0 58602 0.000984
58605 X0 58603 0.000984
58894 CX02 58464 0.966538
58894 CX02 59072 0.004780
58894 CX02 58503 0.004780
58894 CX02 59111 0.004780
58894 CX02 58581 0.004780
58894 CX02 59150 0.004780
58894 CX02 58542 0.004780
58894 CX02 59189 0.004780
58894 CX12 58464 0.978201
58894 CX12 59072 0.003114
58894 CX12 58503 0.003114
58894 CX12 59111 0.003114
58894 CX12 58581 0.003114
58894 CX12 59150 0.003114
58894 CX12 58542 0.003114
58894 CX12 59189 0.003114
58894 X0 58898 0.997049
58894 X0 58894 0.000984
58894 X0 58897 0.000984
58894 X0 58901 0.000984
58895 CX02 59072 0.966538
58895 CX02 58464 0.004780
58895 CX02 59111 0.004780
58895 CX02 58503 0.004780
58895 CX02 59150 0.004780
58895 CX02 58581 0.004780
58895 CX02 59189 0.004780
58895 CX02 58542 0.004780
58895 CX12 59072 0.978201
58895 CX12 58464 0.003114
58895 CX12 59111 0.003114
58895 CX12 58503 0.003114
58895 CX12 59150 0.003114
58895 CX12 58581 0.003114
58895 CX12 59189 0.003114
58895 CX12 58542 0.003114
58895 X0 58899 0.997049
58895 X0 58895 0.000984
58895 X0 58896 0.000984
58895 X0 58900 0.000984
58896 CX02 59189 0.966538
58896 CX02 58542 0.004780
58896 CX02 59150 0.004780
58896 CX02 58581 0.004780
58896 CX02 59111 0.004780
58896 CX02 58503 0.004780
58896 CX02 59072 0.004780
58896 CX02 58464 0.004780
58896 CX12 59189 0.978201
58896 CX12 58542 0.003114
58896 CX12 59150 0.003114
58896 CX12 58581 0.003114
58896 CX12 59111 0.003114
58896 CX12 58503 0.003114
58896 CX12 59072 0.003114
58896 CX12 58464 0.003114
58896 X0 58900 0.997049
58896 X0 58896 0.000984
58896 X0 58895 0.000984
58896 X0 58899 0.000984
58897 CX02 58542 0.966538
58897 CX02 59189 0.004780
58897 CX02 58581 0.004780
58897 CX02 59150 0.004780
58897 CX02 58503 0.004780
58897 CX02 59111 0.004780
58897 CX02 58464 0.004780
58897 CX02 59072 0.004780
58897 CX12 58542 0.978201
58897 CX12 59189 0.003114
58897 CX12 58581 0.003114
58897 CX12 59150 0.003114
58897 CX12 58503 0.003114
58897 CX12 59111 0.003114
58897 CX12 58464 0.003114
58897 CX12 59072 0.003114
58897 X0 58901 0.997049
58897 X0 58897 0.000984
58897 X0 58894 0.000984
58897 X0 58898 0.000984
58898 CX02 59111 0.966538
58898 CX02 58503 0.004780
58898 CX02 59072 0.004780
58898 CX02 58464 0.004780
58898 CX02 59189 0.004780
58898 CX02 58542 0.004780
58898 CX02 59150 0.004780
58898 CX02 58581 0.004780
58898 CX12 58503 0.978201
58898 CX12 59111 0.003114
58898 CX12 58464 0.003114
58898 CX12 59072 0.003114
58898 CX12 58542 0.003114
58898 CX12 59189 0.003114
58898 CX12 58581 0.003114
58898 CX12 59150 0.003114
58898 X0 58894 0.997049
58898 X0 58898 0.000984
58898 X0 58901 0.000984
58898 X0 58897 0.000984
58899 CX02 58503 0.966538
58899 CX02 59111 0.004780
58899 CX02 58464 0.004780
58899 CX02 59072 0.004780
58899 CX02 58542 0.004780
58899 CX02 59189 0.004780
58899 CX02 58581 0.004780
58899 CX02 59150 0.004780
58899 CX12 59111 0.978201
58899 CX12 58503 0.003114
58899 CX12 59072 0.003114
58899 CX12 58464 0.003114
58899 CX12 59189 0.003114
58899 CX12 58542 0.003114
58899 CX12 59150 0.003114
58899 CX12 58581 0.003114
58899 X0 58895 0.997049
58899 X0 58899 0.000984
58899 X0 58900 0.000984
58899 X0 58896 0.000984
58900 CX02 58581 0.966538
58900 CX02 59150 0.004780
58900 CX02 58542 0.004780
58900 CX02 59189 0.004780
58900 CX02 58464 0.004780
58900 CX02 59072 0.004780
58900 CX02 58503 0.004780
58900 CX02 59111 0.004780
58900 CX12 59150 0.978201
58900 CX12 58581 0.003114
58900 CX12 59189 0.003114
58900 CX12 58542 0.003114
58900 CX12 59072 0.003114
58900 CX12 58464 0.003114
58900 CX12 59111 0.003114
58900 CX12 58503 0.003114
58900 X0 58896 0.997049
58900 X0 58900 0.000984
58900 X0 58899 0.000984
58900 X0 58895 0.000984
58901 CX02 59150 0.966538
58901 CX02 58581 0.004780
58901 CX02 59189 0.004780
58901 CX02 58542 0.004780
58901 CX02 59072 0.004780
58901 CX02 58464 0.004780
58901 CX02 59111 0.004780
58901 CX02 58503 0.004780
58901 CX12 58581 0.978201
58901 CX12 59150 0.003114
58901 CX12 58542 0.003114
58901 CX12 59189 0.003114
58901 CX12 58464 0.003114
58901 CX12 59072 0.003114
58901 CX12 58503 0.003114
58901 CX12 59111 0.003114
58901 X0 58897 0.997049
58901 X0 58901 0.000984
58901 X0 58898 0.000984
58901 X0 58894 0.000984
59072 CX02 58895 0.966538
59072 CX02 58894 0.004780
59072 CX02 58897 0.004780
59072 CX02 58896 0.004780
59072 CX02 58899 0.004780
59072 CX02 58898 0.004780
59072 CX02 58901 0.004780
59072 CX02 58900 0.004780
59072 CX12 58895 0.978201
59072 CX12 58894 0.003114
59072 CX12 58897 0.003114
59072 CX12 58896 0.003114
59072 CX12 58898 0.003114
59072 CX12 58899 0.003114
59072 CX12 58900 0.003114
59072 CX12 58901 0.003114
59072 P2 59072 0.830600
59072 P2 58602 0.169400
59072 X0 59111 0.997049
59072 X0 59072 0.000984
59072 X0 59189 0.000984
59072 X0 59150 0.000984
59111 CX02 58898 0.966538
59111 CX02 58899 0.004780
59111 CX02 58900 0.004780
59111 CX02 58901 0.004780
59111 CX02 58894 0.004780
59111 CX02 58895 0.004780
59111 CX02 58896 0.004780
59111 CX02 58897 0.004780
59111 CX12 58899 0.978201
59111 CX12 58898 0.003114
59111 CX12 58901 0.003114
59111 CX12 58900 0.003114
59111 CX12 58894 0.003114
59111 CX12 58895 0.003114
59111 CX12 58896 0.003114
59111 CX12 58897 0.003114
59111 P2 59111 0.830600
59111 P2 58603 0.169400
59111 X0 59072 0.997049
59111 X0 59111 0.000984
59111 X0 59150 0.000984
59111 X0 59189 0.000984
59150 CX02 58901 0.966538
59150 CX02 58900 0.004780
59150 CX02 58899 0.004780
59150 CX02 58898 0.004780
59150 CX02 58897 0.004780
59150 CX02 58896 0.004780
59150 CX02 58895 0.004780
59150 CX02 58894 0.004780
59150 CX12 58900 0.978201
59150 CX12 58901 0.003114
59150 CX12 58898 0.003114
59150 CX12 58899 0.003114
59150 CX12 58897 0.003114
59150 CX12 58896 0.003114
59150 CX12 58895 0.003114
59150 CX12 58894 0.003114
59150 P2 59150 0.830600
59150 P2 58604 0.169400
59150 X0 59189 0.997049
59150 X0 59150 0.000984
59150 X0 59111 0.000984
59150 X0 59072 0.000984
59189 CX02 58896 0.966538
59189 CX02 58897 0.004780
59189 CX02 58894 0.004780
59189 CX02 58895 0.004780
59189 CX02 58900 0.004780
59189 CX02 58901 0.004780
59189 CX02 58898 0.004780
59189 CX02 58899 0.004780
59189 CX12 58896 0.978201
59189 CX12 58897 0.003114
59189 CX12 58894 0.003114
59189 CX12 58895 0.003114
59189 CX12 58901 0.003114
59189 CX12 58900 0.003114
59189 CX12 58899 0.003114
59189 CX12 58898 0.003114
59189 P2 59189 0.830600
59189 P2 58605 0.169400
59189 X0 59150 0.997049
59189 X0 59189 0.000984
59189 X0 59072 0.000984
59189 X0 59111 0.000984
ENDPOMDP
