BEGINPOMDP
INITIALSTATE: 65774
STATES: 65774,65775,65776,65777,65778,65795,65796,65797,65798,65799,65800,65801,65802,65821,65860,65899,65938,65959,65960,65961,65962,66251,66252,66253,66254,66255,66256,66257,66258,66429,66468,66507,66546
TARGETV: 65775,65777,65821,65899,65959,65962,66429,66546
GAMMA: 65774:0,65775:0,65776:0,65777:0,65778:0,65795:0,65796:0,65797:0,65798:0,65799:0,65800:0,65801:0,65802:0,65821:1,65860:1,65899:1,65938:1,65959:0,65960:0,65961:0,65962:0,66251:1,66252:1,66253:1,66254:1,66255:1,66256:1,66257:1,66258:1,66429:1,66468:1,66507:1,66546:1
BEGINACTIONS
CX02
CX12
P2
X0
ENDACTIONS
65774 INIT_ 65775 0.250000
65774 INIT_ 65776 0.250000
65774 INIT_ 65777 0.250000
65774 INIT_ 65778 0.250000
65775 CX02 65795 0.942611
65775 CX02 65796 0.008198
65775 CX02 65797 0.008198
65775 CX02 65798 0.008198
65775 CX02 65799 0.008198
65775 CX02 65800 0.008198
65775 CX02 65801 0.008198
65775 CX02 65802 0.008198
65775 CX12 65795 0.979312
65775 CX12 65796 0.002955
65775 CX12 65797 0.002955
65775 CX12 65798 0.002955
65775 CX12 65800 0.002955
65775 CX12 65799 0.002955
65775 CX12 65802 0.002955
65775 CX12 65801 0.002955
65775 P2 65775 0.950000
65775 P2 65821 0.050000
65775 X0 65776 0.992580
65775 X0 65775 0.002473
65775 X0 65777 0.002473
65775 X0 65778 0.002473
65776 CX02 65800 0.942611
65776 CX02 65799 0.008198
65776 CX02 65802 0.008198
65776 CX02 65801 0.008198
65776 CX02 65796 0.008198
65776 CX02 65795 0.008198
65776 CX02 65798 0.008198
65776 CX02 65797 0.008198
65776 CX12 65799 0.979312
65776 CX12 65800 0.002955
65776 CX12 65801 0.002955
65776 CX12 65802 0.002955
65776 CX12 65796 0.002955
65776 CX12 65795 0.002955
65776 CX12 65798 0.002955
65776 CX12 65797 0.002955
65776 P2 65776 0.950000
65776 P2 65860 0.050000
65776 X0 65775 0.992580
65776 X0 65776 0.002473
65776 X0 65778 0.002473
65776 X0 65777 0.002473
65777 CX02 65798 0.942611
65777 CX02 65797 0.008198
65777 CX02 65796 0.008198
65777 CX02 65795 0.008198
65777 CX02 65802 0.008198
65777 CX02 65801 0.008198
65777 CX02 65800 0.008198
65777 CX02 65799 0.008198
65777 CX12 65798 0.979312
65777 CX12 65797 0.002955
65777 CX12 65796 0.002955
65777 CX12 65795 0.002955
65777 CX12 65801 0.002955
65777 CX12 65802 0.002955
65777 CX12 65799 0.002955
65777 CX12 65800 0.002955
65777 P2 65777 0.950000
65777 P2 65899 0.050000
65777 X0 65778 0.992580
65777 X0 65777 0.002473
65777 X0 65775 0.002473
65777 X0 65776 0.002473
65778 CX02 65801 0.942611
65778 CX02 65802 0.008198
65778 CX02 65799 0.008198
65778 CX02 65800 0.008198
65778 CX02 65797 0.008198
65778 CX02 65798 0.008198
65778 CX02 65795 0.008198
65778 CX02 65796 0.008198
65778 CX12 65802 0.979312
65778 CX12 65801 0.002955
65778 CX12 65800 0.002955
65778 CX12 65799 0.002955
65778 CX12 65797 0.002955
65778 CX12 65798 0.002955
65778 CX12 65795 0.002955
65778 CX12 65796 0.002955
65778 P2 65778 0.950000
65778 P2 65938 0.050000
65778 X0 65777 0.992580
65778 X0 65778 0.002473
65778 X0 65776 0.002473
65778 X0 65775 0.002473
65795 CX02 65775 0.942611
65795 CX02 65959 0.008198
65795 CX02 65776 0.008198
65795 CX02 65960 0.008198
65795 CX02 65778 0.008198
65795 CX02 65961 0.008198
65795 CX02 65777 0.008198
65795 CX02 65962 0.008198
65795 CX12 65775 0.979312
65795 CX12 65959 0.002955
65795 CX12 65776 0.002955
65795 CX12 65960 0.002955
65795 CX12 65778 0.002955
65795 CX12 65961 0.002955
65795 CX12 65777 0.002955
65795 CX12 65962 0.002955
65795 X0 65799 0.992580
65795 X0 65795 0.002473
65795 X0 65798 0.002473
65795 X0 65802 0.002473
65796 CX02 65959 0.942611
65796 CX02 65775 0.008198
65796 CX02 65960 0.008198
65796 CX02 65776 0.008198
65796 CX02 65961 0.008198
65796 CX02 65778 0.008198
65796 CX02 65962 0.008198
65796 CX02 65777 0.008198
65796 CX12 65959 0.979312
65796 CX12 65775 0.002955
65796 CX12 65960 0.002955
65796 CX12 65776 0.002955
65796 CX12 65961 0.002955
65796 CX12 65778 0.002955
65796 CX12 65962 0.002955
65796 CX12 65777 0.002955
65796 X0 65800 0.992580
65796 X0 65796 0.002473
65796 X0 65797 0.002473
65796 X0 65801 0.002473
65797 CX02 65962 0.942611
65797 CX02 65777 0.008198
65797 CX02 65961 0.008198
65797 CX02 65778 0.008198
65797 CX02 65960 0.008198
65797 CX02 65776 0.008198
65797 CX02 65959 0.008198
65797 CX02 65775 0.008198
65797 CX12 65962 0.979312
65797 CX12 65777 0.002955
65797 CX12 65961 0.002955
65797 CX12 65778 0.002955
65797 CX12 65960 0.002955
65797 CX12 65776 0.002955
65797 CX12 65959 0.002955
65797 CX12 65775 0.002955
65797 X0 65801 0.992580
65797 X0 65797 0.002473
65797 X0 65796 0.002473
65797 X0 65800 0.002473
65798 CX02 65777 0.942611
65798 CX02 65962 0.008198
65798 CX02 65778 0.008198
65798 CX02 65961 0.008198
65798 CX02 65776 0.008198
65798 CX02 65960 0.008198
65798 CX02 65775 0.008198
65798 CX02 65959 0.008198
65798 CX12 65777 0.979312
65798 CX12 65962 0.002955
65798 CX12 65778 0.002955
65798 CX12 65961 0.002955
65798 CX12 65776 0.002955
65798 CX12 65960 0.002955
65798 CX12 65775 0.002955
65798 CX12 65959 0.002955
65798 X0 65802 0.992580
65798 X0 65798 0.002473
65798 X0 65795 0.002473
65798 X0 65799 0.002473
65799 CX02 65960 0.942611
65799 CX02 65776 0.008198
65799 CX02 65959 0.008198
65799 CX02 65775 0.008198
65799 CX02 65962 0.008198
65799 CX02 65777 0.008198
65799 CX02 65961 0.008198
65799 CX02 65778 0.008198
65799 CX12 65776 0.979312
65799 CX12 65960 0.002955
65799 CX12 65775 0.002955
65799 CX12 65959 0.002955
65799 CX12 65777 0.002955
65799 CX12 65962 0.002955
65799 CX12 65778 0.002955
65799 CX12 65961 0.002955
65799 X0 65795 0.992580
65799 X0 65799 0.002473
65799 X0 65802 0.002473
65799 X0 65798 0.002473
65800 CX02 65776 0.942611
65800 CX02 65960 0.008198
65800 CX02 65775 0.008198
65800 CX02 65959 0.008198
65800 CX02 65777 0.008198
65800 CX02 65962 0.008198
65800 CX02 65778 0.008198
65800 CX02 65961 0.008198
65800 CX12 65960 0.979312
65800 CX12 65776 0.002955
65800 CX12 65959 0.002955
65800 CX12 65775 0.002955
65800 CX12 65962 0.002955
65800 CX12 65777 0.002955
65800 CX12 65961 0.002955
65800 CX12 65778 0.002955
65800 X0 65796 0.992580
65800 X0 65800 0.002473
65800 X0 65801 0.002473
65800 X0 65797 0.002473
65801 CX02 65778 0.942611
65801 CX02 65961 0.008198
65801 CX02 65777 0.008198
65801 CX02 65962 0.008198
65801 CX02 65775 0.008198
65801 CX02 65959 0.008198
65801 CX02 65776 0.008198
65801 CX02 65960 0.008198
65801 CX12 65961 0.979312
65801 CX12 65778 0.002955
65801 CX12 65962 0.002955
65801 CX12 65777 0.002955
65801 CX12 65959 0.002955
65801 CX12 65775 0.002955
65801 CX12 65960 0.002955
65801 CX12 65776 0.002955
65801 X0 65797 0.992580
65801 X0 65801 0.002473
65801 X0 65800 0.002473
65801 X0 65796 0.002473
65802 CX02 65961 0.942611
65802 CX02 65778 0.008198
65802 CX02 65962 0.008198
65802 CX02 65777 0.008198
65802 CX02 65959 0.008198
65802 CX02 65775 0.008198
65802 CX02 65960 0.008198
65802 CX02 65776 0.008198
65802 CX12 65778 0.979312
65802 CX12 65961 0.002955
65802 CX12 65777 0.002955
65802 CX12 65962 0.002955
65802 CX12 65775 0.002955
65802 CX12 65959 0.002955
65802 CX12 65776 0.002955
65802 CX12 65960 0.002955
65802 X0 65798 0.992580
65802 X0 65802 0.002473
65802 X0 65799 0.002473
65802 X0 65795 0.002473
65821 CX02 66251 0.942611
65821 CX02 66252 0.008198
65821 CX02 66253 0.008198
65821 CX02 66254 0.008198
65821 CX02 66255 0.008198
65821 CX02 66256 0.008198
65821 CX02 66257 0.008198
65821 CX02 66258 0.008198
65821 CX12 66251 0.979312
65821 CX12 66252 0.002955
65821 CX12 66253 0.002955
65821 CX12 66254 0.002955
65821 CX12 66256 0.002955
65821 CX12 66255 0.002955
65821 CX12 66258 0.002955
65821 CX12 66257 0.002955
65821 P2 65775 0.950000
65821 P2 65821 0.050000
65821 X0 65860 0.992580
65821 X0 65821 0.002473
65821 X0 65899 0.002473
65821 X0 65938 0.002473
65860 CX02 66256 0.942611
65860 CX02 66255 0.008198
65860 CX02 66258 0.008198
65860 CX02 66257 0.008198
65860 CX02 66252 0.008198
65860 CX02 66251 0.008198
65860 CX02 66254 0.008198
65860 CX02 66253 0.008198
65860 CX12 66255 0.979312
65860 CX12 66256 0.002955
65860 CX12 66257 0.002955
65860 CX12 66258 0.002955
65860 CX12 66252 0.002955
65860 CX12 66251 0.002955
65860 CX12 66254 0.002955
65860 CX12 66253 0.002955
65860 P2 65776 0.950000
65860 P2 65860 0.050000
65860 X0 65821 0.992580
65860 X0 65860 0.002473
65860 X0 65938 0.002473
65860 X0 65899 0.002473
65899 CX02 66254 0.942611
65899 CX02 66253 0.008198
65899 CX02 66252 0.008198
65899 CX02 66251 0.008198
65899 CX02 66258 0.008198
65899 CX02 66257 0.008198
65899 CX02 66256 0.008198
65899 CX02 66255 0.008198
65899 CX12 66254 0.979312
65899 CX12 66253 0.002955
65899 CX12 66252 0.002955
65899 CX12 66251 0.002955
65899 CX12 66257 0.002955
65899 CX12 66258 0.002955
65899 CX12 66255 0.002955
65899 CX12 66256 0.002955
65899 P2 65777 0.950000
65899 P2 65899 0.050000
65899 X0 65938 0.992580
65899 X0 65899 0.002473
65899 X0 65821 0.002473
65899 X0 65860 0.002473
65938 CX02 66257 0.942611
65938 CX02 66258 0.008198
65938 CX02 66255 0.008198
65938 CX02 66256 0.008198
65938 CX02 66253 0.008198
65938 CX02 66254 0.008198
65938 CX02 66251 0.008198
65938 CX02 66252 0.008198
65938 CX12 66258 0.979312
65938 CX12 66257 0.002955
65938 CX12 66256 0.002955
65938 CX12 66255 0.002955
65938 CX12 66253 0.002955
65938 CX12 66254 0.002955
65938 CX12 66251 0.002955
65938 CX12 66252 0.002955
65938 P2 65778 0.950000
65938 P2 65938 0.050000
65938 X0 65899 0.992580
65938 X0 65938 0.002473
65938 X0 65860 0.002473
65938 X0 65821 0.002473
65959 CX02 65796 0.942611
65959 CX02 65795 0.008198
65959 CX02 65798 0.008198
65959 CX02 65797 0.008198
65959 CX02 65800 0.008198
65959 CX02 65799 0.008198
65959 CX02 65802 0.008198
65959 CX02 65801 0.008198
65959 CX12 65796 0.979312
65959 CX12 65795 0.002955
65959 CX12 65798 0.002955
65959 CX12 65797 0.002955
65959 CX12 65799 0.002955
65959 CX12 65800 0.002955
65959 CX12 65801 0.002955
65959 CX12 65802 0.002955
65959 P2 66429 0.943333
65959 P2 65959 0.056667
65959 X0 65960 0.992580
65959 X0 65959 0.002473
65959 X0 65962 0.002473
65959 X0 65961 0.002473
65960 CX02 65799 0.942611
65960 CX02 65800 0.008198
65960 CX02 65801 0.008198
65960 CX02 65802 0.008198
65960 CX02 65795 0.008198
65960 CX02 65796 0.008198
65960 CX02 65797 0.008198
65960 CX02 65798 0.008198
65960 CX12 65800 0.979312
65960 CX12 65799 0.002955
65960 CX12 65802 0.002955
65960 CX12 65801 0.002955
65960 CX12 65795 0.002955
65960 CX12 65796 0.002955
65960 CX12 65797 0.002955
65960 CX12 65798 0.002955
65960 P2 66468 0.943333
65960 P2 65960 0.056667
65960 X0 65959 0.992580
65960 X0 65960 0.002473
65960 X0 65961 0.002473
65960 X0 65962 0.002473
65961 CX02 65802 0.942611
65961 CX02 65801 0.008198
65961 CX02 65800 0.008198
65961 CX02 65799 0.008198
65961 CX02 65798 0.008198
65961 CX02 65797 0.008198
65961 CX02 65796 0.008198
65961 CX02 65795 0.008198
65961 CX12 65801 0.979312
65961 CX12 65802 0.002955
65961 CX12 65799 0.002955
65961 CX12 65800 0.002955
65961 CX12 65798 0.002955
65961 CX12 65797 0.002955
65961 CX12 65796 0.002955
65961 CX12 65795 0.002955
65961 P2 66507 0.943333
65961 P2 65961 0.056667
65961 X0 65962 0.992580
65961 X0 65961 0.002473
65961 X0 65960 0.002473
65961 X0 65959 0.002473
65962 CX02 65797 0.942611
65962 CX02 65798 0.008198
65962 CX02 65795 0.008198
65962 CX02 65796 0.008198
65962 CX02 65801 0.008198
65962 CX02 65802 0.008198
65962 CX02 65799 0.008198
65962 CX02 65800 0.008198
65962 CX12 65797 0.979312
65962 CX12 65798 0.002955
65962 CX12 65795 0.002955
65962 CX12 65796 0.002955
65962 CX12 65802 0.002955
65962 CX12 65801 0.002955
65962 CX12 65800 0.002955
65962 CX12 65799 0.002955
65962 P2 66546 0.943333
65962 P2 65962 0.056667
65962 X0 65961 0.992580
65962 X0 65962 0.002473
65962 X0 65959 0.002473
65962 X0 65960 0.002473
66251 CX02 65821 0.942611
66251 CX02 66429 0.008198
66251 CX02 65860 0.008198
66251 CX02 66468 0.008198
66251 CX02 65938 0.008198
66251 CX02 66507 0.008198
66251 CX02 65899 0.008198
66251 CX02 66546 0.008198
66251 CX12 65821 0.979312
66251 CX12 66429 0.002955
66251 CX12 65860 0.002955
66251 CX12 66468 0.002955
66251 CX12 65938 0.002955
66251 CX12 66507 0.002955
66251 CX12 65899 0.002955
66251 CX12 66546 0.002955
66251 X0 66255 0.992580
66251 X0 66251 0.002473
66251 X0 66254 0.002473
66251 X0 66258 0.002473
66252 CX02 66429 0.942611
66252 CX02 65821 0.008198
66252 CX02 66468 0.008198
66252 CX02 65860 0.008198
66252 CX02 66507 0.008198
66252 CX02 65938 0.008198
66252 CX02 66546 0.008198
66252 CX02 65899 0.008198
66252 CX12 66429 0.979312
66252 CX12 65821 0.002955
66252 CX12 66468 0.002955
66252 CX12 65860 0.002955
66252 CX12 66507 0.002955
66252 CX12 65938 0.002955
66252 CX12 66546 0.002955
66252 CX12 65899 0.002955
66252 X0 66256 0.992580
66252 X0 66252 0.002473
66252 X0 66253 0.002473
66252 X0 66257 0.002473
66253 CX02 66546 0.942611
66253 CX02 65899 0.008198
66253 CX02 66507 0.008198
66253 CX02 65938 0.008198
66253 CX02 66468 0.008198
66253 CX02 65860 0.008198
66253 CX02 66429 0.008198
66253 CX02 65821 0.008198
66253 CX12 66546 0.979312
66253 CX12 65899 0.002955
66253 CX12 66507 0.002955
66253 CX12 65938 0.002955
66253 CX12 66468 0.002955
66253 CX12 65860 0.002955
66253 CX12 66429 0.002955
66253 CX12 65821 0.002955
66253 X0 66257 0.992580
66253 X0 66253 0.002473
66253 X0 66252 0.002473
66253 X0 66256 0.002473
66254 CX02 65899 0.942611
66254 CX02 66546 0.008198
66254 CX02 65938 0.008198
66254 CX02 66507 0.008198
66254 CX02 65860 0.008198
66254 CX02 66468 0.008198
66254 CX02 65821 0.008198
66254 CX02 66429 0.008198
66254 CX12 65899 0.979312
66254 CX12 66546 0.002955
66254 CX12 65938 0.002955
66254 CX12 66507 0.002955
66254 CX12 65860 0.002955
66254 CX12 66468 0.002955
66254 CX12 65821 0.002955
66254 CX12 66429 0.002955
66254 X0 66258 0.992580
66254 X0 66254 0.002473
66254 X0 66251 0.002473
66254 X0 66255 0.002473
66255 CX02 66468 0.942611
66255 CX02 65860 0.008198
66255 CX02 66429 0.008198
66255 CX02 65821 0.008198
66255 CX02 66546 0.008198
66255 CX02 65899 0.008198
66255 CX02 66507 0.008198
66255 CX02 65938 0.008198
66255 CX12 65860 0.979312
66255 CX12 66468 0.002955
66255 CX12 65821 0.002955
66255 CX12 66429 0.002955
66255 CX12 65899 0.002955
66255 CX12 66546 0.002955
66255 CX12 65938 0.002955
66255 CX12 66507 0.002955
66255 X0 66251 0.992580
66255 X0 66255 0.002473
66255 X0 66258 0.002473
66255 X0 66254 0.002473
66256 CX02 65860 0.942611
66256 CX02 66468 0.008198
66256 CX02 65821 0.008198
66256 CX02 66429 0.008198
66256 CX02 65899 0.008198
66256 CX02 66546 0.008198
66256 CX02 65938 0.008198
66256 CX02 66507 0.008198
66256 CX12 66468 0.979312
66256 CX12 65860 0.002955
66256 CX12 66429 0.002955
66256 CX12 65821 0.002955
66256 CX12 66546 0.002955
66256 CX12 65899 0.002955
66256 CX12 66507 0.002955
66256 CX12 65938 0.002955
66256 X0 66252 0.992580
66256 X0 66256 0.002473
66256 X0 66257 0.002473
66256 X0 66253 0.002473
66257 CX02 65938 0.942611
66257 CX02 66507 0.008198
66257 CX02 65899 0.008198
66257 CX02 66546 0.008198
66257 CX02 65821 0.008198
66257 CX02 66429 0.008198
66257 CX02 65860 0.008198
66257 CX02 66468 0.008198
66257 CX12 66507 0.979312
66257 CX12 65938 0.002955
66257 CX12 66546 0.002955
66257 CX12 65899 0.002955
66257 CX12 66429 0.002955
66257 CX12 65821 0.002955
66257 CX12 66468 0.002955
66257 CX12 65860 0.002955
66257 X0 66253 0.992580
66257 X0 66257 0.002473
66257 X0 66256 0.002473
66257 X0 66252 0.002473
66258 CX02 66507 0.942611
66258 CX02 65938 0.008198
66258 CX02 66546 0.008198
66258 CX02 65899 0.008198
66258 CX02 66429 0.008198
66258 CX02 65821 0.008198
66258 CX02 66468 0.008198
66258 CX02 65860 0.008198
66258 CX12 65938 0.979312
66258 CX12 66507 0.002955
66258 CX12 65899 0.002955
66258 CX12 66546 0.002955
66258 CX12 65821 0.002955
66258 CX12 66429 0.002955
66258 CX12 65860 0.002955
66258 CX12 66468 0.002955
66258 X0 66254 0.992580
66258 X0 66258 0.002473
66258 X0 66255 0.002473
66258 X0 66251 0.002473
66429 CX02 66252 0.942611
66429 CX02 66251 0.008198
66429 CX02 66254 0.008198
66429 CX02 66253 0.008198
66429 CX02 66256 0.008198
66429 CX02 66255 0.008198
66429 CX02 66258 0.008198
66429 CX02 66257 0.008198
66429 CX12 66252 0.979312
66429 CX12 66251 0.002955
66429 CX12 66254 0.002955
66429 CX12 66253 0.002955
66429 CX12 66255 0.002955
66429 CX12 66256 0.002955
66429 CX12 66257 0.002955
66429 CX12 66258 0.002955
66429 P2 66429 0.943333
66429 P2 65959 0.056667
66429 X0 66468 0.992580
66429 X0 66429 0.002473
66429 X0 66546 0.002473
66429 X0 66507 0.002473
66468 CX02 66255 0.942611
66468 CX02 66256 0.008198
66468 CX02 66257 0.008198
66468 CX02 66258 0.008198
66468 CX02 66251 0.008198
66468 CX02 66252 0.008198
66468 CX02 66253 0.008198
66468 CX02 66254 0.008198
66468 CX12 66256 0.979312
66468 CX12 66255 0.002955
66468 CX12 66258 0.002955
66468 CX12 66257 0.002955
66468 CX12 66251 0.002955
66468 CX12 66252 0.002955
66468 CX12 66253 0.002955
66468 CX12 66254 0.002955
66468 P2 66468 0.943333
66468 P2 65960 0.056667
66468 X0 66429 0.992580
66468 X0 66468 0.002473
66468 X0 66507 0.002473
66468 X0 66546 0.002473
66507 CX02 66258 0.942611
66507 CX02 66257 0.008198
66507 CX02 66256 0.008198
66507 CX02 66255 0.008198
66507 CX02 66254 0.008198
66507 CX02 66253 0.008198
66507 CX02 66252 0.008198
66507 CX02 66251 0.008198
66507 CX12 66257 0.979312
66507 CX12 66258 0.002955
66507 CX12 66255 0.002955
66507 CX12 66256 0.002955
66507 CX12 66254 0.002955
66507 CX12 66253 0.002955
66507 CX12 66252 0.002955
66507 CX12 66251 0.002955
66507 P2 66507 0.943333
66507 P2 65961 0.056667
66507 X0 66546 0.992580
66507 X0 66507 0.002473
66507 X0 66468 0.002473
66507 X0 66429 0.002473
66546 CX02 66253 0.942611
66546 CX02 66254 0.008198
66546 CX02 66251 0.008198
66546 CX02 66252 0.008198
66546 CX02 66257 0.008198
66546 CX02 66258 0.008198
66546 CX02 66255 0.008198
66546 CX02 66256 0.008198
66546 CX12 66253 0.979312
66546 CX12 66254 0.002955
66546 CX12 66251 0.002955
66546 CX12 66252 0.002955
66546 CX12 66258 0.002955
66546 CX12 66257 0.002955
66546 CX12 66256 0.002955
66546 CX12 66255 0.002955
66546 P2 66546 0.943333
66546 P2 65962 0.056667
66546 X0 66507 0.992580
66546 X0 66546 0.002473
66546 X0 66429 0.002473
66546 X0 66468 0.002473
ENDPOMDP
