BEGINPOMDP
INITIALSTATE: 101012
STATES: 101012,101013,101014,101015,101016,101033,101034,101035,101036,101037,101038,101039,101040,101059,101098,101137,101176,101197,101198,101199,101200,101489,101490,101491,101492,101493,101494,101495,101496,101667,101706,101745,101784
TARGETV: 101013,101015,101059,101137,101197,101200,101667,101784
GAMMA: 101012:0,101013:0,101014:0,101015:0,101016:0,101033:0,101034:0,101035:0,101036:0,101037:0,101038:0,101039:0,101040:0,101059:1,101098:1,101137:1,101176:1,101197:0,101198:0,101199:0,101200:0,101489:1,101490:1,101491:1,101492:1,101493:1,101494:1,101495:1,101496:1,101667:1,101706:1,101745:1,101784:1
BEGINACTIONS
CX02
CX12
P2
X0
ENDACTIONS
101012 INIT_ 101013 0.250000
101012 INIT_ 101014 0.250000
101012 INIT_ 101015 0.250000
101012 INIT_ 101016 0.250000
101013 CX02 101033 0.975346
101013 CX02 101034 0.003522
101013 CX02 101035 0.003522
101013 CX02 101036 0.003522
101013 CX02 101037 0.003522
101013 CX02 101038 0.003522
101013 CX02 101039 0.003522
101013 CX02 101040 0.003522
101013 CX12 101033 0.956942
101013 CX12 101034 0.006151
101013 CX12 101035 0.006151
101013 CX12 101036 0.006151
101013 CX12 101038 0.006151
101013 CX12 101037 0.006151
101013 CX12 101040 0.006151
101013 CX12 101039 0.006151
101013 P2 101013 0.916000
101013 P2 101059 0.084000
101013 X0 101014 0.994584
101013 X0 101013 0.001805
101013 X0 101015 0.001805
101013 X0 101016 0.001805
101014 CX02 101038 0.975346
101014 CX02 101037 0.003522
101014 CX02 101040 0.003522
101014 CX02 101039 0.003522
101014 CX02 101034 0.003522
101014 CX02 101033 0.003522
101014 CX02 101036 0.003522
101014 CX02 101035 0.003522
101014 CX12 101037 0.956942
101014 CX12 101038 0.006151
101014 CX12 101039 0.006151
101014 CX12 101040 0.006151
101014 CX12 101034 0.006151
101014 CX12 101033 0.006151
101014 CX12 101036 0.006151
101014 CX12 101035 0.006151
101014 P2 101014 0.916000
101014 P2 101098 0.084000
101014 X0 101013 0.994584
101014 X0 101014 0.001805
101014 X0 101016 0.001805
101014 X0 101015 0.001805
101015 CX02 101036 0.975346
101015 CX02 101035 0.003522
101015 CX02 101034 0.003522
101015 CX02 101033 0.003522
101015 CX02 101040 0.003522
101015 CX02 101039 0.003522
101015 CX02 101038 0.003522
101015 CX02 101037 0.003522
101015 CX12 101036 0.956942
101015 CX12 101035 0.006151
101015 CX12 101034 0.006151
101015 CX12 101033 0.006151
101015 CX12 101039 0.006151
101015 CX12 101040 0.006151
101015 CX12 101037 0.006151
101015 CX12 101038 0.006151
101015 P2 101015 0.916000
101015 P2 101137 0.084000
101015 X0 101016 0.994584
101015 X0 101015 0.001805
101015 X0 101013 0.001805
101015 X0 101014 0.001805
101016 CX02 101039 0.975346
101016 CX02 101040 0.003522
101016 CX02 101037 0.003522
101016 CX02 101038 0.003522
101016 CX02 101035 0.003522
101016 CX02 101036 0.003522
101016 CX02 101033 0.003522
101016 CX02 101034 0.003522
101016 CX12 101040 0.956942
101016 CX12 101039 0.006151
101016 CX12 101038 0.006151
101016 CX12 101037 0.006151
101016 CX12 101035 0.006151
101016 CX12 101036 0.006151
101016 CX12 101033 0.006151
101016 CX12 101034 0.006151
101016 P2 101016 0.916000
101016 P2 101176 0.084000
101016 X0 101015 0.994584
101016 X0 101016 0.001805
101016 X0 101014 0.001805
101016 X0 101013 0.001805
101033 CX02 101013 0.975346
101033 CX02 101197 0.003522
101033 CX02 101014 0.003522
101033 CX02 101198 0.003522
101033 CX02 101016 0.003522
101033 CX02 101199 0.003522
101033 CX02 101015 0.003522
101033 CX02 101200 0.003522
101033 CX12 101013 0.956942
101033 CX12 101197 0.006151
101033 CX12 101014 0.006151
101033 CX12 101198 0.006151
101033 CX12 101016 0.006151
101033 CX12 101199 0.006151
101033 CX12 101015 0.006151
101033 CX12 101200 0.006151
101033 X0 101037 0.994584
101033 X0 101033 0.001805
101033 X0 101036 0.001805
101033 X0 101040 0.001805
101034 CX02 101197 0.975346
101034 CX02 101013 0.003522
101034 CX02 101198 0.003522
101034 CX02 101014 0.003522
101034 CX02 101199 0.003522
101034 CX02 101016 0.003522
101034 CX02 101200 0.003522
101034 CX02 101015 0.003522
101034 CX12 101197 0.956942
101034 CX12 101013 0.006151
101034 CX12 101198 0.006151
101034 CX12 101014 0.006151
101034 CX12 101199 0.006151
101034 CX12 101016 0.006151
101034 CX12 101200 0.006151
101034 CX12 101015 0.006151
101034 X0 101038 0.994584
101034 X0 101034 0.001805
101034 X0 101035 0.001805
101034 X0 101039 0.001805
101035 CX02 101200 0.975346
101035 CX02 101015 0.003522
101035 CX02 101199 0.003522
101035 CX02 101016 0.003522
101035 CX02 101198 0.003522
101035 CX02 101014 0.003522
101035 CX02 101197 0.003522
101035 CX02 101013 0.003522
101035 CX12 101200 0.956942
101035 CX12 101015 0.006151
101035 CX12 101199 0.006151
101035 CX12 101016 0.006151
101035 CX12 101198 0.006151
101035 CX12 101014 0.006151
101035 CX12 101197 0.006151
101035 CX12 101013 0.006151
101035 X0 101039 0.994584
101035 X0 101035 0.001805
101035 X0 101034 0.001805
101035 X0 101038 0.001805
101036 CX02 101015 0.975346
101036 CX02 101200 0.003522
101036 CX02 101016 0.003522
101036 CX02 101199 0.003522
101036 CX02 101014 0.003522
101036 CX02 101198 0.003522
101036 CX02 101013 0.003522
101036 CX02 101197 0.003522
101036 CX12 101015 0.956942
101036 CX12 101200 0.006151
101036 CX12 101016 0.006151
101036 CX12 101199 0.006151
101036 CX12 101014 0.006151
101036 CX12 101198 0.006151
101036 CX12 101013 0.006151
101036 CX12 101197 0.006151
101036 X0 101040 0.994584
101036 X0 101036 0.001805
101036 X0 101033 0.001805
101036 X0 101037 0.001805
101037 CX02 101198 0.975346
101037 CX02 101014 0.003522
101037 CX02 101197 0.003522
101037 CX02 101013 0.003522
101037 CX02 101200 0.003522
101037 CX02 101015 0.003522
101037 CX02 101199 0.003522
101037 CX02 101016 0.003522
101037 CX12 101014 0.956942
101037 CX12 101198 0.006151
101037 CX12 101013 0.006151
101037 CX12 101197 0.006151
101037 CX12 101015 0.006151
101037 CX12 101200 0.006151
101037 CX12 101016 0.006151
101037 CX12 101199 0.006151
101037 X0 101033 0.994584
101037 X0 101037 0.001805
101037 X0 101040 0.001805
101037 X0 101036 0.001805
101038 CX02 101014 0.975346
101038 CX02 101198 0.003522
101038 CX02 101013 0.003522
101038 CX02 101197 0.003522
101038 CX02 101015 0.003522
101038 CX02 101200 0.003522
101038 CX02 101016 0.003522
101038 CX02 101199 0.003522
101038 CX12 101198 0.956942
101038 CX12 101014 0.006151
101038 CX12 101197 0.006151
101038 CX12 101013 0.006151
101038 CX12 101200 0.006151
101038 CX12 101015 0.006151
101038 CX12 101199 0.006151
101038 CX12 101016 0.006151
101038 X0 101034 0.994584
101038 X0 101038 0.001805
101038 X0 101039 0.001805
101038 X0 101035 0.001805
101039 CX02 101016 0.975346
101039 CX02 101199 0.003522
101039 CX02 101015 0.003522
101039 CX02 101200 0.003522
101039 CX02 101013 0.003522
101039 CX02 101197 0.003522
101039 CX02 101014 0.003522
101039 CX02 101198 0.003522
101039 CX12 101199 0.956942
101039 CX12 101016 0.006151
101039 CX12 101200 0.006151
101039 CX12 101015 0.006151
101039 CX12 101197 0.006151
101039 CX12 101013 0.006151
101039 CX12 101198 0.006151
101039 CX12 101014 0.006151
101039 X0 101035 0.994584
101039 X0 101039 0.001805
101039 X0 101038 0.001805
101039 X0 101034 0.001805
101040 CX02 101199 0.975346
101040 CX02 101016 0.003522
101040 CX02 101200 0.003522
101040 CX02 101015 0.003522
101040 CX02 101197 0.003522
101040 CX02 101013 0.003522
101040 CX02 101198 0.003522
101040 CX02 101014 0.003522
101040 CX12 101016 0.956942
101040 CX12 101199 0.006151
101040 CX12 101015 0.006151
101040 CX12 101200 0.006151
101040 CX12 101013 0.006151
101040 CX12 101197 0.006151
101040 CX12 101014 0.006151
101040 CX12 101198 0.006151
101040 X0 101036 0.994584
101040 X0 101040 0.001805
101040 X0 101037 0.001805
101040 X0 101033 0.001805
101059 CX02 101489 0.975346
101059 CX02 101490 0.003522
101059 CX02 101491 0.003522
101059 CX02 101492 0.003522
101059 CX02 101493 0.003522
101059 CX02 101494 0.003522
101059 CX02 101495 0.003522
101059 CX02 101496 0.003522
101059 CX12 101489 0.956942
101059 CX12 101490 0.006151
101059 CX12 101491 0.006151
101059 CX12 101492 0.006151
101059 CX12 101494 0.006151
101059 CX12 101493 0.006151
101059 CX12 101496 0.006151
101059 CX12 101495 0.006151
101059 P2 101013 0.916000
101059 P2 101059 0.084000
101059 X0 101098 0.994584
101059 X0 101059 0.001805
101059 X0 101137 0.001805
101059 X0 101176 0.001805
101098 CX02 101494 0.975346
101098 CX02 101493 0.003522
101098 CX02 101496 0.003522
101098 CX02 101495 0.003522
101098 CX02 101490 0.003522
101098 CX02 101489 0.003522
101098 CX02 101492 0.003522
101098 CX02 101491 0.003522
101098 CX12 101493 0.956942
101098 CX12 101494 0.006151
101098 CX12 101495 0.006151
101098 CX12 101496 0.006151
101098 CX12 101490 0.006151
101098 CX12 101489 0.006151
101098 CX12 101492 0.006151
101098 CX12 101491 0.006151
101098 P2 101014 0.916000
101098 P2 101098 0.084000
101098 X0 101059 0.994584
101098 X0 101098 0.001805
101098 X0 101176 0.001805
101098 X0 101137 0.001805
101137 CX02 101492 0.975346
101137 CX02 101491 0.003522
101137 CX02 101490 0.003522
101137 CX02 101489 0.003522
101137 CX02 101496 0.003522
101137 CX02 101495 0.003522
101137 CX02 101494 0.003522
101137 CX02 101493 0.003522
101137 CX12 101492 0.956942
101137 CX12 101491 0.006151
101137 CX12 101490 0.006151
101137 CX12 101489 0.006151
101137 CX12 101495 0.006151
101137 CX12 101496 0.006151
101137 CX12 101493 0.006151
101137 CX12 101494 0.006151
101137 P2 101015 0.916000
101137 P2 101137 0.084000
101137 X0 101176 0.994584
101137 X0 101137 0.001805
101137 X0 101059 0.001805
101137 X0 101098 0.001805
101176 CX02 101495 0.975346
101176 CX02 101496 0.003522
101176 CX02 101493 0.003522
101176 CX02 101494 0.003522
101176 CX02 101491 0.003522
101176 CX02 101492 0.003522
101176 CX02 101489 0.003522
101176 CX02 101490 0.003522
101176 CX12 101496 0.956942
101176 CX12 101495 0.006151
101176 CX12 101494 0.006151
101176 CX12 101493 0.006151
101176 CX12 101491 0.006151
101176 CX12 101492 0.006151
101176 CX12 101489 0.006151
101176 CX12 101490 0.006151
101176 P2 101016 0.916000
101176 P2 101176 0.084000
101176 X0 101137 0.994584
101176 X0 101176 0.001805
101176 X0 101098 0.001805
101176 X0 101059 0.001805
101197 CX02 101034 0.975346
101197 CX02 101033 0.003522
101197 CX02 101036 0.003522
101197 CX02 101035 0.003522
101197 CX02 101038 0.003522
101197 CX02 101037 0.003522
101197 CX02 101040 0.003522
101197 CX02 101039 0.003522
101197 CX12 101034 0.956942
101197 CX12 101033 0.006151
101197 CX12 101036 0.006151
101197 CX12 101035 0.006151
101197 CX12 101037 0.006151
101197 CX12 101038 0.006151
101197 CX12 101039 0.006151
101197 CX12 101040 0.006151
101197 P2 101667 0.706000
101197 P2 101197 0.294000
101197 X0 101198 0.994584
101197 X0 101197 0.001805
101197 X0 101200 0.001805
101197 X0 101199 0.001805
101198 CX02 101037 0.975346
101198 CX02 101038 0.003522
101198 CX02 101039 0.003522
101198 CX02 101040 0.003522
101198 CX02 101033 0.003522
101198 CX02 101034 0.003522
101198 CX02 101035 0.003522
101198 CX02 101036 0.003522
101198 CX12 101038 0.956942
101198 CX12 101037 0.006151
101198 CX12 101040 0.006151
101198 CX12 101039 0.006151
101198 CX12 101033 0.006151
101198 CX12 101034 0.006151
101198 CX12 101035 0.006151
101198 CX12 101036 0.006151
101198 P2 101706 0.706000
101198 P2 101198 0.294000
101198 X0 101197 0.994584
101198 X0 101198 0.001805
101198 X0 101199 0.001805
101198 X0 101200 0.001805
101199 CX02 101040 0.975346
101199 CX02 101039 0.003522
101199 CX02 101038 0.003522
101199 CX02 101037 0.003522
101199 CX02 101036 0.003522
101199 CX02 101035 0.003522
101199 CX02 101034 0.003522
101199 CX02 101033 0.003522
101199 CX12 101039 0.956942
101199 CX12 101040 0.006151
101199 CX12 101037 0.006151
101199 CX12 101038 0.006151
101199 CX12 101036 0.006151
101199 CX12 101035 0.006151
101199 CX12 101034 0.006151
101199 CX12 101033 0.006151
101199 P2 101745 0.706000
101199 P2 101199 0.294000
101199 X0 101200 0.994584
101199 X0 101199 0.001805
101199 X0 101198 0.001805
101199 X0 101197 0.001805
101200 CX02 101035 0.975346
101200 CX02 101036 0.003522
101200 CX02 101033 0.003522
101200 CX02 101034 0.003522
101200 CX02 101039 0.003522
101200 CX02 101040 0.003522
101200 CX02 101037 0.003522
101200 CX02 101038 0.003522
101200 CX12 101035 0.956942
101200 CX12 101036 0.006151
101200 CX12 101033 0.006151
101200 CX12 101034 0.006151
101200 CX12 101040 0.006151
101200 CX12 101039 0.006151
101200 CX12 101038 0.006151
101200 CX12 101037 0.006151
101200 P2 101784 0.706000
101200 P2 101200 0.294000
101200 X0 101199 0.994584
101200 X0 101200 0.001805
101200 X0 101197 0.001805
101200 X0 101198 0.001805
101489 CX02 101059 0.975346
101489 CX02 101667 0.003522
101489 CX02 101098 0.003522
101489 CX02 101706 0.003522
101489 CX02 101176 0.003522
101489 CX02 101745 0.003522
101489 CX02 101137 0.003522
101489 CX02 101784 0.003522
101489 CX12 101059 0.956942
101489 CX12 101667 0.006151
101489 CX12 101098 0.006151
101489 CX12 101706 0.006151
101489 CX12 101176 0.006151
101489 CX12 101745 0.006151
101489 CX12 101137 0.006151
101489 CX12 101784 0.006151
101489 X0 101493 0.994584
101489 X0 101489 0.001805
101489 X0 101492 0.001805
101489 X0 101496 0.001805
101490 CX02 101667 0.975346
101490 CX02 101059 0.003522
101490 CX02 101706 0.003522
101490 CX02 101098 0.003522
101490 CX02 101745 0.003522
101490 CX02 101176 0.003522
101490 CX02 101784 0.003522
101490 CX02 101137 0.003522
101490 CX12 101667 0.956942
101490 CX12 101059 0.006151
101490 CX12 101706 0.006151
101490 CX12 101098 0.006151
101490 CX12 101745 0.006151
101490 CX12 101176 0.006151
101490 CX12 101784 0.006151
101490 CX12 101137 0.006151
101490 X0 101494 0.994584
101490 X0 101490 0.001805
101490 X0 101491 0.001805
101490 X0 101495 0.001805
101491 CX02 101784 0.975346
101491 CX02 101137 0.003522
101491 CX02 101745 0.003522
101491 CX02 101176 0.003522
101491 CX02 101706 0.003522
101491 CX02 101098 0.003522
101491 CX02 101667 0.003522
101491 CX02 101059 0.003522
101491 CX12 101784 0.956942
101491 CX12 101137 0.006151
101491 CX12 101745 0.006151
101491 CX12 101176 0.006151
101491 CX12 101706 0.006151
101491 CX12 101098 0.006151
101491 CX12 101667 0.006151
101491 CX12 101059 0.006151
101491 X0 101495 0.994584
101491 X0 101491 0.001805
101491 X0 101490 0.001805
101491 X0 101494 0.001805
101492 CX02 101137 0.975346
101492 CX02 101784 0.003522
101492 CX02 101176 0.003522
101492 CX02 101745 0.003522
101492 CX02 101098 0.003522
101492 CX02 101706 0.003522
101492 CX02 101059 0.003522
101492 CX02 101667 0.003522
101492 CX12 101137 0.956942
101492 CX12 101784 0.006151
101492 CX12 101176 0.006151
101492 CX12 101745 0.006151
101492 CX12 101098 0.006151
101492 CX12 101706 0.006151
101492 CX12 101059 0.006151
101492 CX12 101667 0.006151
101492 X0 101496 0.994584
101492 X0 101492 0.001805
101492 X0 101489 0.001805
101492 X0 101493 0.001805
101493 CX02 101706 0.975346
101493 CX02 101098 0.003522
101493 CX02 101667 0.003522
101493 CX02 101059 0.003522
101493 CX02 101784 0.003522
101493 CX02 101137 0.003522
101493 CX02 101745 0.003522
101493 CX02 101176 0.003522
101493 CX12 101098 0.956942
101493 CX12 101706 0.006151
101493 CX12 101059 0.006151
101493 CX12 101667 0.006151
101493 CX12 101137 0.006151
101493 CX12 101784 0.006151
101493 CX12 101176 0.006151
101493 CX12 101745 0.006151
101493 X0 101489 0.994584
101493 X0 101493 0.001805
101493 X0 101496 0.001805
101493 X0 101492 0.001805
101494 CX02 101098 0.975346
101494 CX02 101706 0.003522
101494 CX02 101059 0.003522
101494 CX02 101667 0.003522
101494 CX02 101137 0.003522
101494 CX02 101784 0.003522
101494 CX02 101176 0.003522
101494 CX02 101745 0.003522
101494 CX12 101706 0.956942
101494 CX12 101098 0.006151
101494 CX12 101667 0.006151
101494 CX12 101059 0.006151
101494 CX12 101784 0.006151
101494 CX12 101137 0.006151
101494 CX12 101745 0.006151
101494 CX12 101176 0.006151
101494 X0 101490 0.994584
101494 X0 101494 0.001805
101494 X0 101495 0.001805
101494 X0 101491 0.001805
101495 CX02 101176 0.975346
101495 CX02 101745 0.003522
101495 CX02 101137 0.003522
101495 CX02 101784 0.003522
101495 CX02 101059 0.003522
101495 CX02 101667 0.003522
101495 CX02 101098 0.003522
101495 CX02 101706 0.003522
101495 CX12 101745 0.956942
101495 CX12 101176 0.006151
101495 CX12 101784 0.006151
101495 CX12 101137 0.006151
101495 CX12 101667 0.006151
101495 CX12 101059 0.006151
101495 CX12 101706 0.006151
101495 CX12 101098 0.006151
101495 X0 101491 0.994584
101495 X0 101495 0.001805
101495 X0 101494 0.001805
101495 X0 101490 0.001805
101496 CX02 101745 0.975346
101496 CX02 101176 0.003522
101496 CX02 101784 0.003522
101496 CX02 101137 0.003522
101496 CX02 101667 0.003522
101496 CX02 101059 0.003522
101496 CX02 101706 0.003522
101496 CX02 101098 0.003522
101496 CX12 101176 0.956942
101496 CX12 101745 0.006151
101496 CX12 101137 0.006151
101496 CX12 101784 0.006151
101496 CX12 101059 0.006151
101496 CX12 101667 0.006151
101496 CX12 101098 0.006151
101496 CX12 101706 0.006151
101496 X0 101492 0.994584
101496 X0 101496 0.001805
101496 X0 101493 0.001805
101496 X0 101489 0.001805
101667 CX02 101490 0.975346
101667 CX02 101489 0.003522
101667 CX02 101492 0.003522
101667 CX02 101491 0.003522
101667 CX02 101494 0.003522
101667 CX02 101493 0.003522
101667 CX02 101496 0.003522
101667 CX02 101495 0.003522
101667 CX12 101490 0.956942
101667 CX12 101489 0.006151
101667 CX12 101492 0.006151
101667 CX12 101491 0.006151
101667 CX12 101493 0.006151
101667 CX12 101494 0.006151
101667 CX12 101495 0.006151
101667 CX12 101496 0.006151
101667 P2 101667 0.706000
101667 P2 101197 0.294000
101667 X0 101706 0.994584
101667 X0 101667 0.001805
101667 X0 101784 0.001805
101667 X0 101745 0.001805
101706 CX02 101493 0.975346
101706 CX02 101494 0.003522
101706 CX02 101495 0.003522
101706 CX02 101496 0.003522
101706 CX02 101489 0.003522
101706 CX02 101490 0.003522
101706 CX02 101491 0.003522
101706 CX02 101492 0.003522
101706 CX12 101494 0.956942
101706 CX12 101493 0.006151
101706 CX12 101496 0.006151
101706 CX12 101495 0.006151
101706 CX12 101489 0.006151
101706 CX12 101490 0.006151
101706 CX12 101491 0.006151
101706 CX12 101492 0.006151
101706 P2 101706 0.706000
101706 P2 101198 0.294000
101706 X0 101667 0.994584
101706 X0 101706 0.001805
101706 X0 101745 0.001805
101706 X0 101784 0.001805
101745 CX02 101496 0.975346
101745 CX02 101495 0.003522
101745 CX02 101494 0.003522
101745 CX02 101493 0.003522
101745 CX02 101492 0.003522
101745 CX02 101491 0.003522
101745 CX02 101490 0.003522
101745 CX02 101489 0.003522
101745 CX12 101495 0.956942
101745 CX12 101496 0.006151
101745 CX12 101493 0.006151
101745 CX12 101494 0.006151
101745 CX12 101492 0.006151
101745 CX12 101491 0.006151
101745 CX12 101490 0.006151
101745 CX12 101489 0.006151
101745 P2 101745 0.706000
101745 P2 101199 0.294000
101745 X0 101784 0.994584
101745 X0 101745 0.001805
101745 X0 101706 0.001805
101745 X0 101667 0.001805
101784 CX02 101491 0.975346
101784 CX02 101492 0.003522
101784 CX02 101489 0.003522
101784 CX02 101490 0.003522
101784 CX02 101495 0.003522
101784 CX02 101496 0.003522
101784 CX02 101493 0.003522
101784 CX02 101494 0.003522
101784 CX12 101491 0.956942
101784 CX12 101492 0.006151
101784 CX12 101489 0.006151
101784 CX12 101490 0.006151
101784 CX12 101496 0.006151
101784 CX12 101495 0.006151
101784 CX12 101494 0.006151
101784 CX12 101493 0.006151
101784 P2 101784 0.706000
101784 P2 101200 0.294000
101784 X0 101745 0.994584
101784 X0 101784 0.001805
101784 X0 101667 0.001805
101784 X0 101706 0.001805
ENDPOMDP
