BEGINPOMDP
INITIALSTATE: 60906
STATES: 60906,60907,60908,60909,60910,60927,60928,60929,60930,60931,60932,60933,60934,60953,60992,61031,61070,61091,61092,61093,61094,61383,61384,61385,61386,61387,61388,61389,61390,61561,61600,61639,61678
TARGETV: 60907,60909,60953,61031,61091,61094,61561,61678
GAMMA: 60906:0,60907:0,60908:0,60909:0,60910:0,60927:0,60928:0,60929:0,60930:0,60931:0,60932:0,60933:0,60934:0,60953:1,60992:1,61031:1,61070:1,61091:0,61092:0,61093:0,61094:0,61383:1,61384:1,61385:1,61386:1,61387:1,61388:1,61389:1,61390:1,61561:1,61600:1,61639:1,61678:1
BEGINACTIONS
CX02
CX12
P2
X0
ENDACTIONS
60906 INIT_ 60907 0.250000
60906 INIT_ 60908 0.250000
60906 INIT_ 60909 0.250000
60906 INIT_ 60910 0.250000
60907 CX02 60927 0.951427
60907 CX02 60928 0.006939
60907 CX02 60929 0.006939
60907 CX02 60930 0.006939
60907 CX02 60931 0.006939
60907 CX02 60932 0.006939
60907 CX02 60933 0.006939
60907 CX02 60934 0.006939
60907 CX12 60927 0.969169
60907 CX12 60928 0.004404
60907 CX12 60929 0.004404
60907 CX12 60930 0.004404
60907 CX12 60932 0.004404
60907 CX12 60931 0.004404
60907 CX12 60934 0.004404
60907 CX12 60933 0.004404
60907 P2 60907 0.990200
60907 P2 60953 0.009800
60907 X0 60908 0.996087
60907 X0 60907 0.001304
60907 X0 60909 0.001304
60907 X0 60910 0.001304
60908 CX02 60932 0.951427
60908 CX02 60931 0.006939
60908 CX02 60934 0.006939
60908 CX02 60933 0.006939
60908 CX02 60928 0.006939
60908 CX02 60927 0.006939
60908 CX02 60930 0.006939
60908 CX02 60929 0.006939
60908 CX12 60931 0.969169
60908 CX12 60932 0.004404
60908 CX12 60933 0.004404
60908 CX12 60934 0.004404
60908 CX12 60928 0.004404
60908 CX12 60927 0.004404
60908 CX12 60930 0.004404
60908 CX12 60929 0.004404
60908 P2 60908 0.990200
60908 P2 60992 0.009800
60908 X0 60907 0.996087
60908 X0 60908 0.001304
60908 X0 60910 0.001304
60908 X0 60909 0.001304
60909 CX02 60930 0.951427
60909 CX02 60929 0.006939
60909 CX02 60928 0.006939
60909 CX02 60927 0.006939
60909 CX02 60934 0.006939
60909 CX02 60933 0.006939
60909 CX02 60932 0.006939
60909 CX02 60931 0.006939
60909 CX12 60930 0.969169
60909 CX12 60929 0.004404
60909 CX12 60928 0.004404
60909 CX12 60927 0.004404
60909 CX12 60933 0.004404
60909 CX12 60934 0.004404
60909 CX12 60931 0.004404
60909 CX12 60932 0.004404
60909 P2 60909 0.990200
60909 P2 61031 0.009800
60909 X0 60910 0.996087
60909 X0 60909 0.001304
60909 X0 60907 0.001304
60909 X0 60908 0.001304
60910 CX02 60933 0.951427
60910 CX02 60934 0.006939
60910 CX02 60931 0.006939
60910 CX02 60932 0.006939
60910 CX02 60929 0.006939
60910 CX02 60930 0.006939
60910 CX02 60927 0.006939
60910 CX02 60928 0.006939
60910 CX12 60934 0.969169
60910 CX12 60933 0.004404
60910 CX12 60932 0.004404
60910 CX12 60931 0.004404
60910 CX12 60929 0.004404
60910 CX12 60930 0.004404
60910 CX12 60927 0.004404
60910 CX12 60928 0.004404
60910 P2 60910 0.990200
60910 P2 61070 0.009800
60910 X0 60909 0.996087
60910 X0 60910 0.001304
60910 X0 60908 0.001304
60910 X0 60907 0.001304
60927 CX02 60907 0.951427
60927 CX02 61091 0.006939
60927 CX02 60908 0.006939
60927 CX02 61092 0.006939
60927 CX02 60910 0.006939
60927 CX02 61093 0.006939
60927 CX02 60909 0.006939
60927 CX02 61094 0.006939
60927 CX12 60907 0.969169
60927 CX12 61091 0.004404
60927 CX12 60908 0.004404
60927 CX12 61092 0.004404
60927 CX12 60910 0.004404
60927 CX12 61093 0.004404
60927 CX12 60909 0.004404
60927 CX12 61094 0.004404
60927 X0 60931 0.996087
60927 X0 60927 0.001304
60927 X0 60930 0.001304
60927 X0 60934 0.001304
60928 CX02 61091 0.951427
60928 CX02 60907 0.006939
60928 CX02 61092 0.006939
60928 CX02 60908 0.006939
60928 CX02 61093 0.006939
60928 CX02 60910 0.006939
60928 CX02 61094 0.006939
60928 CX02 60909 0.006939
60928 CX12 61091 0.969169
60928 CX12 60907 0.004404
60928 CX12 61092 0.004404
60928 CX12 60908 0.004404
60928 CX12 61093 0.004404
60928 CX12 60910 0.004404
60928 CX12 61094 0.004404
60928 CX12 60909 0.004404
60928 X0 60932 0.996087
60928 X0 60928 0.001304
60928 X0 60929 0.001304
60928 X0 60933 0.001304
60929 CX02 61094 0.951427
60929 CX02 60909 0.006939
60929 CX02 61093 0.006939
60929 CX02 60910 0.006939
60929 CX02 61092 0.006939
60929 CX02 60908 0.006939
60929 CX02 61091 0.006939
60929 CX02 60907 0.006939
60929 CX12 61094 0.969169
60929 CX12 60909 0.004404
60929 CX12 61093 0.004404
60929 CX12 60910 0.004404
60929 CX12 61092 0.004404
60929 CX12 60908 0.004404
60929 CX12 61091 0.004404
60929 CX12 60907 0.004404
60929 X0 60933 0.996087
60929 X0 60929 0.001304
60929 X0 60928 0.001304
60929 X0 60932 0.001304
60930 CX02 60909 0.951427
60930 CX02 61094 0.006939
60930 CX02 60910 0.006939
60930 CX02 61093 0.006939
60930 CX02 60908 0.006939
60930 CX02 61092 0.006939
60930 CX02 60907 0.006939
60930 CX02 61091 0.006939
60930 CX12 60909 0.969169
60930 CX12 61094 0.004404
60930 CX12 60910 0.004404
60930 CX12 61093 0.004404
60930 CX12 60908 0.004404
60930 CX12 61092 0.004404
60930 CX12 60907 0.004404
60930 CX12 61091 0.004404
60930 X0 60934 0.996087
60930 X0 60930 0.001304
60930 X0 60927 0.001304
60930 X0 60931 0.001304
60931 CX02 61092 0.951427
60931 CX02 60908 0.006939
60931 CX02 61091 0.006939
60931 CX02 60907 0.006939
60931 CX02 61094 0.006939
60931 CX02 60909 0.006939
60931 CX02 61093 0.006939
60931 CX02 60910 0.006939
60931 CX12 60908 0.969169
60931 CX12 61092 0.004404
60931 CX12 60907 0.004404
60931 CX12 61091 0.004404
60931 CX12 60909 0.004404
60931 CX12 61094 0.004404
60931 CX12 60910 0.004404
60931 CX12 61093 0.004404
60931 X0 60927 0.996087
60931 X0 60931 0.001304
60931 X0 60934 0.001304
60931 X0 60930 0.001304
60932 CX02 60908 0.951427
60932 CX02 61092 0.006939
60932 CX02 60907 0.006939
60932 CX02 61091 0.006939
60932 CX02 60909 0.006939
60932 CX02 61094 0.006939
60932 CX02 60910 0.006939
60932 CX02 61093 0.006939
60932 CX12 61092 0.969169
60932 CX12 60908 0.004404
60932 CX12 61091 0.004404
60932 CX12 60907 0.004404
60932 CX12 61094 0.004404
60932 CX12 60909 0.004404
60932 CX12 61093 0.004404
60932 CX12 60910 0.004404
60932 X0 60928 0.996087
60932 X0 60932 0.001304
60932 X0 60933 0.001304
60932 X0 60929 0.001304
60933 CX02 60910 0.951427
60933 CX02 61093 0.006939
60933 CX02 60909 0.006939
60933 CX02 61094 0.006939
60933 CX02 60907 0.006939
60933 CX02 61091 0.006939
60933 CX02 60908 0.006939
60933 CX02 61092 0.006939
60933 CX12 61093 0.969169
60933 CX12 60910 0.004404
60933 CX12 61094 0.004404
60933 CX12 60909 0.004404
60933 CX12 61091 0.004404
60933 CX12 60907 0.004404
60933 CX12 61092 0.004404
60933 CX12 60908 0.004404
60933 X0 60929 0.996087
60933 X0 60933 0.001304
60933 X0 60932 0.001304
60933 X0 60928 0.001304
60934 CX02 61093 0.951427
60934 CX02 60910 0.006939
60934 CX02 61094 0.006939
60934 CX02 60909 0.006939
60934 CX02 61091 0.006939
60934 CX02 60907 0.006939
60934 CX02 61092 0.006939
60934 CX02 60908 0.006939
60934 CX12 60910 0.969169
60934 CX12 61093 0.004404
60934 CX12 60909 0.004404
60934 CX12 61094 0.004404
60934 CX12 60907 0.004404
60934 CX12 61091 0.004404
60934 CX12 60908 0.004404
60934 CX12 61092 0.004404
60934 X0 60930 0.996087
60934 X0 60934 0.001304
60934 X0 60931 0.001304
60934 X0 60927 0.001304
60953 CX02 61383 0.951427
60953 CX02 61384 0.006939
60953 CX02 61385 0.006939
60953 CX02 61386 0.006939
60953 CX02 61387 0.006939
60953 CX02 61388 0.006939
60953 CX02 61389 0.006939
60953 CX02 61390 0.006939
60953 CX12 61383 0.969169
60953 CX12 61384 0.004404
60953 CX12 61385 0.004404
60953 CX12 61386 0.004404
60953 CX12 61388 0.004404
60953 CX12 61387 0.004404
60953 CX12 61390 0.004404
60953 CX12 61389 0.004404
60953 P2 60907 0.990200
60953 P2 60953 0.009800
60953 X0 60992 0.996087
60953 X0 60953 0.001304
60953 X0 61031 0.001304
60953 X0 61070 0.001304
60992 CX02 61388 0.951427
60992 CX02 61387 0.006939
60992 CX02 61390 0.006939
60992 CX02 61389 0.006939
60992 CX02 61384 0.006939
60992 CX02 61383 0.006939
60992 CX02 61386 0.006939
60992 CX02 61385 0.006939
60992 CX12 61387 0.969169
60992 CX12 61388 0.004404
60992 CX12 61389 0.004404
60992 CX12 61390 0.004404
60992 CX12 61384 0.004404
60992 CX12 61383 0.004404
60992 CX12 61386 0.004404
60992 CX12 61385 0.004404
60992 P2 60908 0.990200
60992 P2 60992 0.009800
60992 X0 60953 0.996087
60992 X0 60992 0.001304
60992 X0 61070 0.001304
60992 X0 61031 0.001304
61031 CX02 61386 0.951427
61031 CX02 61385 0.006939
61031 CX02 61384 0.006939
61031 CX02 61383 0.006939
61031 CX02 61390 0.006939
61031 CX02 61389 0.006939
61031 CX02 61388 0.006939
61031 CX02 61387 0.006939
61031 CX12 61386 0.969169
61031 CX12 61385 0.004404
61031 CX12 61384 0.004404
61031 CX12 61383 0.004404
61031 CX12 61389 0.004404
61031 CX12 61390 0.004404
61031 CX12 61387 0.004404
61031 CX12 61388 0.004404
61031 P2 60909 0.990200
61031 P2 61031 0.009800
61031 X0 61070 0.996087
61031 X0 61031 0.001304
61031 X0 60953 0.001304
61031 X0 60992 0.001304
61070 CX02 61389 0.951427
61070 CX02 61390 0.006939
61070 CX02 61387 0.006939
61070 CX02 61388 0.006939
61070 CX02 61385 0.006939
61070 CX02 61386 0.006939
61070 CX02 61383 0.006939
61070 CX02 61384 0.006939
61070 CX12 61390 0.969169
61070 CX12 61389 0.004404
61070 CX12 61388 0.004404
61070 CX12 61387 0.004404
61070 CX12 61385 0.004404
61070 CX12 61386 0.004404
61070 CX12 61383 0.004404
61070 CX12 61384 0.004404
61070 P2 60910 0.990200
61070 P2 61070 0.009800
61070 X0 61031 0.996087
61070 X0 61070 0.001304
61070 X0 60992 0.001304
61070 X0 60953 0.001304
61091 CX02 60928 0.951427
61091 CX02 60927 0.006939
61091 CX02 60930 0.006939
61091 CX02 60929 0.006939
61091 CX02 60932 0.006939
61091 CX02 60931 0.006939
61091 CX02 60934 0.006939
61091 CX02 60933 0.006939
61091 CX12 60928 0.969169
61091 CX12 60927 0.004404
61091 CX12 60930 0.004404
61091 CX12 60929 0.004404
61091 CX12 60931 0.004404
61091 CX12 60932 0.004404
61091 CX12 60933 0.004404
61091 CX12 60934 0.004404
61091 P2 61561 0.974800
61091 P2 61091 0.025200
61091 X0 61092 0.996087
61091 X0 61091 0.001304
61091 X0 61094 0.001304
61091 X0 61093 0.001304
61092 CX02 60931 0.951427
61092 CX02 60932 0.006939
61092 CX02 60933 0.006939
61092 CX02 60934 0.006939
61092 CX02 60927 0.006939
61092 CX02 60928 0.006939
61092 CX02 60929 0.006939
61092 CX02 60930 0.006939
61092 CX12 60932 0.969169
61092 CX12 60931 0.004404
61092 CX12 60934 0.004404
61092 CX12 60933 0.004404
61092 CX12 60927 0.004404
61092 CX12 60928 0.004404
61092 CX12 60929 0.004404
61092 CX12 60930 0.004404
61092 P2 61600 0.974800
61092 P2 61092 0.025200
61092 X0 61091 0.996087
61092 X0 61092 0.001304
61092 X0 61093 0.001304
61092 X0 61094 0.001304
61093 CX02 60934 0.951427
61093 CX02 60933 0.006939
61093 CX02 60932 0.006939
61093 CX02 60931 0.006939
61093 CX02 60930 0.006939
61093 CX02 60929 0.006939
61093 CX02 60928 0.006939
61093 CX02 60927 0.006939
61093 CX12 60933 0.969169
61093 CX12 60934 0.004404
61093 CX12 60931 0.004404
61093 CX12 60932 0.004404
61093 CX12 60930 0.004404
61093 CX12 60929 0.004404
61093 CX12 60928 0.004404
61093 CX12 60927 0.004404
61093 P2 61639 0.974800
61093 P2 61093 0.025200
61093 X0 61094 0.996087
61093 X0 61093 0.001304
61093 X0 61092 0.001304
61093 X0 61091 0.001304
61094 CX02 60929 0.951427
61094 CX02 60930 0.006939
61094 CX02 60927 0.006939
61094 CX02 60928 0.006939
61094 CX02 60933 0.006939
61094 CX02 60934 0.006939
61094 CX02 60931 0.006939
61094 CX02 60932 0.006939
61094 CX12 60929 0.969169
61094 CX12 60930 0.004404
61094 CX12 60927 0.004404
61094 CX12 60928 0.004404
61094 CX12 60934 0.004404
61094 CX12 60933 0.004404
61094 CX12 60932 0.004404
61094 CX12 60931 0.004404
61094 P2 61678 0.974800
61094 P2 61094 0.025200
61094 X0 61093 0.996087
61094 X0 61094 0.001304
61094 X0 61091 0.001304
61094 X0 61092 0.001304
61383 CX02 60953 0.951427
61383 CX02 61561 0.006939
61383 CX02 60992 0.006939
61383 CX02 61600 0.006939
61383 CX02 61070 0.006939
61383 CX02 61639 0.006939
61383 CX02 61031 0.006939
61383 CX02 61678 0.006939
61383 CX12 60953 0.969169
61383 CX12 61561 0.004404
61383 CX12 60992 0.004404
61383 CX12 61600 0.004404
61383 CX12 61070 0.004404
61383 CX12 61639 0.004404
61383 CX12 61031 0.004404
61383 CX12 61678 0.004404
61383 X0 61387 0.996087
61383 X0 61383 0.001304
61383 X0 61386 0.001304
61383 X0 61390 0.001304
61384 CX02 61561 0.951427
61384 CX02 60953 0.006939
61384 CX02 61600 0.006939
61384 CX02 60992 0.006939
61384 CX02 61639 0.006939
61384 CX02 61070 0.006939
61384 CX02 61678 0.006939
61384 CX02 61031 0.006939
61384 CX12 61561 0.969169
61384 CX12 60953 0.004404
61384 CX12 61600 0.004404
61384 CX12 60992 0.004404
61384 CX12 61639 0.004404
61384 CX12 61070 0.004404
61384 CX12 61678 0.004404
61384 CX12 61031 0.004404
61384 X0 61388 0.996087
61384 X0 61384 0.001304
61384 X0 61385 0.001304
61384 X0 61389 0.001304
61385 CX02 61678 0.951427
61385 CX02 61031 0.006939
61385 CX02 61639 0.006939
61385 CX02 61070 0.006939
61385 CX02 61600 0.006939
61385 CX02 60992 0.006939
61385 CX02 61561 0.006939
61385 CX02 60953 0.006939
61385 CX12 61678 0.969169
61385 CX12 61031 0.004404
61385 CX12 61639 0.004404
61385 CX12 61070 0.004404
61385 CX12 61600 0.004404
61385 CX12 60992 0.004404
61385 CX12 61561 0.004404
61385 CX12 60953 0.004404
61385 X0 61389 0.996087
61385 X0 61385 0.001304
61385 X0 61384 0.001304
61385 X0 61388 0.001304
61386 CX02 61031 0.951427
61386 CX02 61678 0.006939
61386 CX02 61070 0.006939
61386 CX02 61639 0.006939
61386 CX02 60992 0.006939
61386 CX02 61600 0.006939
61386 CX02 60953 0.006939
61386 CX02 61561 0.006939
61386 CX12 61031 0.969169
61386 CX12 61678 0.004404
61386 CX12 61070 0.004404
61386 CX12 61639 0.004404
61386 CX12 60992 0.004404
61386 CX12 61600 0.004404
61386 CX12 60953 0.004404
61386 CX12 61561 0.004404
61386 X0 61390 0.996087
61386 X0 61386 0.001304
61386 X0 61383 0.001304
61386 X0 61387 0.001304
61387 CX02 61600 0.951427
61387 CX02 60992 0.006939
61387 CX02 61561 0.006939
61387 CX02 60953 0.006939
61387 CX02 61678 0.006939
61387 CX02 61031 0.006939
61387 CX02 61639 0.006939
61387 CX02 61070 0.006939
61387 CX12 60992 0.969169
61387 CX12 61600 0.004404
61387 CX12 60953 0.004404
61387 CX12 61561 0.004404
61387 CX12 61031 0.004404
61387 CX12 61678 0.004404
61387 CX12 61070 0.004404
61387 CX12 61639 0.004404
61387 X0 61383 0.996087
61387 X0 61387 0.001304
61387 X0 61390 0.001304
61387 X0 61386 0.001304
61388 CX02 60992 0.951427
61388 CX02 61600 0.006939
61388 CX02 60953 0.006939
61388 CX02 61561 0.006939
61388 CX02 61031 0.006939
61388 CX02 61678 0.006939
61388 CX02 61070 0.006939
61388 CX02 61639 0.006939
61388 CX12 61600 0.969169
61388 CX12 60992 0.004404
61388 CX12 61561 0.004404
61388 CX12 60953 0.004404
61388 CX12 61678 0.004404
61388 CX12 61031 0.004404
61388 CX12 61639 0.004404
61388 CX12 61070 0.004404
61388 X0 61384 0.996087
61388 X0 61388 0.001304
61388 X0 61389 0.001304
61388 X0 61385 0.001304
61389 CX02 61070 0.951427
61389 CX02 61639 0.006939
61389 CX02 61031 0.006939
61389 CX02 61678 0.006939
61389 CX02 60953 0.006939
61389 CX02 61561 0.006939
61389 CX02 60992 0.006939
61389 CX02 61600 0.006939
61389 CX12 61639 0.969169
61389 CX12 61070 0.004404
61389 CX12 61678 0.004404
61389 CX12 61031 0.004404
61389 CX12 61561 0.004404
61389 CX12 60953 0.004404
61389 CX12 61600 0.004404
61389 CX12 60992 0.004404
61389 X0 61385 0.996087
61389 X0 61389 0.001304
61389 X0 61388 0.001304
61389 X0 61384 0.001304
61390 CX02 61639 0.951427
61390 CX02 61070 0.006939
61390 CX02 61678 0.006939
61390 CX02 61031 0.006939
61390 CX02 61561 0.006939
61390 CX02 60953 0.006939
61390 CX02 61600 0.006939
61390 CX02 60992 0.006939
61390 CX12 61070 0.969169
61390 CX12 61639 0.004404
61390 CX12 61031 0.004404
61390 CX12 61678 0.004404
61390 CX12 60953 0.004404
61390 CX12 61561 0.004404
61390 CX12 60992 0.004404
61390 CX12 61600 0.004404
61390 X0 61386 0.996087
61390 X0 61390 0.001304
61390 X0 61387 0.001304
61390 X0 61383 0.001304
61561 CX02 61384 0.951427
61561 CX02 61383 0.006939
61561 CX02 61386 0.006939
61561 CX02 61385 0.006939
61561 CX02 61388 0.006939
61561 CX02 61387 0.006939
61561 CX02 61390 0.006939
61561 CX02 61389 0.006939
61561 CX12 61384 0.969169
61561 CX12 61383 0.004404
61561 CX12 61386 0.004404
61561 CX12 61385 0.004404
61561 CX12 61387 0.004404
61561 CX12 61388 0.004404
61561 CX12 61389 0.004404
61561 CX12 61390 0.004404
61561 P2 61561 0.974800
61561 P2 61091 0.025200
61561 X0 61600 0.996087
61561 X0 61561 0.001304
61561 X0 61678 0.001304
61561 X0 61639 0.001304
61600 CX02 61387 0.951427
61600 CX02 61388 0.006939
61600 CX02 61389 0.006939
61600 CX02 61390 0.006939
61600 CX02 61383 0.006939
61600 CX02 61384 0.006939
61600 CX02 61385 0.006939
61600 CX02 61386 0.006939
61600 CX12 61388 0.969169
61600 CX12 61387 0.004404
61600 CX12 61390 0.004404
61600 CX12 61389 0.004404
61600 CX12 61383 0.004404
61600 CX12 61384 0.004404
61600 CX12 61385 0.004404
61600 CX12 61386 0.004404
61600 P2 61600 0.974800
61600 P2 61092 0.025200
61600 X0 61561 0.996087
61600 X0 61600 0.001304
61600 X0 61639 0.001304
61600 X0 61678 0.001304
61639 CX02 61390 0.951427
61639 CX02 61389 0.006939
61639 CX02 61388 0.006939
61639 CX02 61387 0.006939
61639 CX02 61386 0.006939
61639 CX02 61385 0.006939
61639 CX02 61384 0.006939
61639 CX02 61383 0.006939
61639 CX12 61389 0.969169
61639 CX12 61390 0.004404
61639 CX12 61387 0.004404
61639 CX12 61388 0.004404
61639 CX12 61386 0.004404
61639 CX12 61385 0.004404
61639 CX12 61384 0.004404
61639 CX12 61383 0.004404
61639 P2 61639 0.974800
61639 P2 61093 0.025200
61639 X0 61678 0.996087
61639 X0 61639 0.001304
61639 X0 61600 0.001304
61639 X0 61561 0.001304
61678 CX02 61385 0.951427
61678 CX02 61386 0.006939
61678 CX02 61383 0.006939
61678 CX02 61384 0.006939
61678 CX02 61389 0.006939
61678 CX02 61390 0.006939
61678 CX02 61387 0.006939
61678 CX02 61388 0.006939
61678 CX12 61385 0.969169
61678 CX12 61386 0.004404
61678 CX12 61383 0.004404
61678 CX12 61384 0.004404
61678 CX12 61390 0.004404
61678 CX12 61389 0.004404
61678 CX12 61388 0.004404
61678 CX12 61387 0.004404
61678 P2 61678 0.974800
61678 P2 61094 0.025200
61678 X0 61639 0.996087
61678 X0 61678 0.001304
61678 X0 61561 0.001304
61678 X0 61600 0.001304
ENDPOMDP
