BEGINPOMDP
INITIALSTATE: 70642
STATES: 70642,70643,70644,70645,70646,70663,70664,70665,70666,70667,70668,70669,70670,70689,70728,70767,70806,70827,70828,70829,70830,71119,71120,71121,71122,71123,71124,71125,71126,71297,71336,71375,71414
TARGETV: 70643,70645,70689,70767,70827,70830,71297,71414
GAMMA: 70642:0,70643:0,70644:0,70645:0,70646:0,70663:0,70664:0,70665:0,70666:0,70667:0,70668:0,70669:0,70670:0,70689:1,70728:1,70767:1,70806:1,70827:0,70828:0,70829:0,70830:0,71119:1,71120:1,71121:1,71122:1,71123:1,71124:1,71125:1,71126:1,71297:1,71336:1,71375:1,71414:1
BEGINACTIONS
CX02
CX12
P2
X0
ENDACTIONS
70642 INIT_ 70643 0.250000
70642 INIT_ 70644 0.250000
70642 INIT_ 70645 0.250000
70642 INIT_ 70646 0.250000
70643 CX02 70663 0.977463
70643 CX02 70664 0.003220
70643 CX02 70665 0.003220
70643 CX02 70666 0.003220
70643 CX02 70667 0.003220
70643 CX02 70668 0.003220
70643 CX02 70669 0.003220
70643 CX02 70670 0.003220
70643 CX12 70663 0.987096
70643 CX12 70664 0.001843
70643 CX12 70665 0.001843
70643 CX12 70666 0.001843
70643 CX12 70668 0.001843
70643 CX12 70667 0.001843
70643 CX12 70670 0.001843
70643 CX12 70669 0.001843
70643 P2 70643 0.993333
70643 P2 70689 0.006667
70643 X0 70644 0.997852
70643 X0 70643 0.000716
70643 X0 70645 0.000716
70643 X0 70646 0.000716
70644 CX02 70668 0.977463
70644 CX02 70667 0.003220
70644 CX02 70670 0.003220
70644 CX02 70669 0.003220
70644 CX02 70664 0.003220
70644 CX02 70663 0.003220
70644 CX02 70666 0.003220
70644 CX02 70665 0.003220
70644 CX12 70667 0.987096
70644 CX12 70668 0.001843
70644 CX12 70669 0.001843
70644 CX12 70670 0.001843
70644 CX12 70664 0.001843
70644 CX12 70663 0.001843
70644 CX12 70666 0.001843
70644 CX12 70665 0.001843
70644 P2 70644 0.993333
70644 P2 70728 0.006667
70644 X0 70643 0.997852
70644 X0 70644 0.000716
70644 X0 70646 0.000716
70644 X0 70645 0.000716
70645 CX02 70666 0.977463
70645 CX02 70665 0.003220
70645 CX02 70664 0.003220
70645 CX02 70663 0.003220
70645 CX02 70670 0.003220
70645 CX02 70669 0.003220
70645 CX02 70668 0.003220
70645 CX02 70667 0.003220
70645 CX12 70666 0.987096
70645 CX12 70665 0.001843
70645 CX12 70664 0.001843
70645 CX12 70663 0.001843
70645 CX12 70669 0.001843
70645 CX12 70670 0.001843
70645 CX12 70667 0.001843
70645 CX12 70668 0.001843
70645 P2 70645 0.993333
70645 P2 70767 0.006667
70645 X0 70646 0.997852
70645 X0 70645 0.000716
70645 X0 70643 0.000716
70645 X0 70644 0.000716
70646 CX02 70669 0.977463
70646 CX02 70670 0.003220
70646 CX02 70667 0.003220
70646 CX02 70668 0.003220
70646 CX02 70665 0.003220
70646 CX02 70666 0.003220
70646 CX02 70663 0.003220
70646 CX02 70664 0.003220
70646 CX12 70670 0.987096
70646 CX12 70669 0.001843
70646 CX12 70668 0.001843
70646 CX12 70667 0.001843
70646 CX12 70665 0.001843
70646 CX12 70666 0.001843
70646 CX12 70663 0.001843
70646 CX12 70664 0.001843
70646 P2 70646 0.993333
70646 P2 70806 0.006667
70646 X0 70645 0.997852
70646 X0 70646 0.000716
70646 X0 70644 0.000716
70646 X0 70643 0.000716
70663 CX02 70643 0.977463
70663 CX02 70827 0.003220
70663 CX02 70644 0.003220
70663 CX02 70828 0.003220
70663 CX02 70646 0.003220
70663 CX02 70829 0.003220
70663 CX02 70645 0.003220
70663 CX02 70830 0.003220
70663 CX12 70643 0.987096
70663 CX12 70827 0.001843
70663 CX12 70644 0.001843
70663 CX12 70828 0.001843
70663 CX12 70646 0.001843
70663 CX12 70829 0.001843
70663 CX12 70645 0.001843
70663 CX12 70830 0.001843
70663 X0 70667 0.997852
70663 X0 70663 0.000716
70663 X0 70666 0.000716
70663 X0 70670 0.000716
70664 CX02 70827 0.977463
70664 CX02 70643 0.003220
70664 CX02 70828 0.003220
70664 CX02 70644 0.003220
70664 CX02 70829 0.003220
70664 CX02 70646 0.003220
70664 CX02 70830 0.003220
70664 CX02 70645 0.003220
70664 CX12 70827 0.987096
70664 CX12 70643 0.001843
70664 CX12 70828 0.001843
70664 CX12 70644 0.001843
70664 CX12 70829 0.001843
70664 CX12 70646 0.001843
70664 CX12 70830 0.001843
70664 CX12 70645 0.001843
70664 X0 70668 0.997852
70664 X0 70664 0.000716
70664 X0 70665 0.000716
70664 X0 70669 0.000716
70665 CX02 70830 0.977463
70665 CX02 70645 0.003220
70665 CX02 70829 0.003220
70665 CX02 70646 0.003220
70665 CX02 70828 0.003220
70665 CX02 70644 0.003220
70665 CX02 70827 0.003220
70665 CX02 70643 0.003220
70665 CX12 70830 0.987096
70665 CX12 70645 0.001843
70665 CX12 70829 0.001843
70665 CX12 70646 0.001843
70665 CX12 70828 0.001843
70665 CX12 70644 0.001843
70665 CX12 70827 0.001843
70665 CX12 70643 0.001843
70665 X0 70669 0.997852
70665 X0 70665 0.000716
70665 X0 70664 0.000716
70665 X0 70668 0.000716
70666 CX02 70645 0.977463
70666 CX02 70830 0.003220
70666 CX02 70646 0.003220
70666 CX02 70829 0.003220
70666 CX02 70644 0.003220
70666 CX02 70828 0.003220
70666 CX02 70643 0.003220
70666 CX02 70827 0.003220
70666 CX12 70645 0.987096
70666 CX12 70830 0.001843
70666 CX12 70646 0.001843
70666 CX12 70829 0.001843
70666 CX12 70644 0.001843
70666 CX12 70828 0.001843
70666 CX12 70643 0.001843
70666 CX12 70827 0.001843
70666 X0 70670 0.997852
70666 X0 70666 0.000716
70666 X0 70663 0.000716
70666 X0 70667 0.000716
70667 CX02 70828 0.977463
70667 CX02 70644 0.003220
70667 CX02 70827 0.003220
70667 CX02 70643 0.003220
70667 CX02 70830 0.003220
70667 CX02 70645 0.003220
70667 CX02 70829 0.003220
70667 CX02 70646 0.003220
70667 CX12 70644 0.987096
70667 CX12 70828 0.001843
70667 CX12 70643 0.001843
70667 CX12 70827 0.001843
70667 CX12 70645 0.001843
70667 CX12 70830 0.001843
70667 CX12 70646 0.001843
70667 CX12 70829 0.001843
70667 X0 70663 0.997852
70667 X0 70667 0.000716
70667 X0 70670 0.000716
70667 X0 70666 0.000716
70668 CX02 70644 0.977463
70668 CX02 70828 0.003220
70668 CX02 70643 0.003220
70668 CX02 70827 0.003220
70668 CX02 70645 0.003220
70668 CX02 70830 0.003220
70668 CX02 70646 0.003220
70668 CX02 70829 0.003220
70668 CX12 70828 0.987096
70668 CX12 70644 0.001843
70668 CX12 70827 0.001843
70668 CX12 70643 0.001843
70668 CX12 70830 0.001843
70668 CX12 70645 0.001843
70668 CX12 70829 0.001843
70668 CX12 70646 0.001843
70668 X0 70664 0.997852
70668 X0 70668 0.000716
70668 X0 70669 0.000716
70668 X0 70665 0.000716
70669 CX02 70646 0.977463
70669 CX02 70829 0.003220
70669 CX02 70645 0.003220
70669 CX02 70830 0.003220
70669 CX02 70643 0.003220
70669 CX02 70827 0.003220
70669 CX02 70644 0.003220
70669 CX02 70828 0.003220
70669 CX12 70829 0.987096
70669 CX12 70646 0.001843
70669 CX12 70830 0.001843
70669 CX12 70645 0.001843
70669 CX12 70827 0.001843
70669 CX12 70643 0.001843
70669 CX12 70828 0.001843
70669 CX12 70644 0.001843
70669 X0 70665 0.997852
70669 X0 70669 0.000716
70669 X0 70668 0.000716
70669 X0 70664 0.000716
70670 CX02 70829 0.977463
70670 CX02 70646 0.003220
70670 CX02 70830 0.003220
70670 CX02 70645 0.003220
70670 CX02 70827 0.003220
70670 CX02 70643 0.003220
70670 CX02 70828 0.003220
70670 CX02 70644 0.003220
70670 CX12 70646 0.987096
70670 CX12 70829 0.001843
70670 CX12 70645 0.001843
70670 CX12 70830 0.001843
70670 CX12 70643 0.001843
70670 CX12 70827 0.001843
70670 CX12 70644 0.001843
70670 CX12 70828 0.001843
70670 X0 70666 0.997852
70670 X0 70670 0.000716
70670 X0 70667 0.000716
70670 X0 70663 0.000716
70689 CX02 71119 0.977463
70689 CX02 71120 0.003220
70689 CX02 71121 0.003220
70689 CX02 71122 0.003220
70689 CX02 71123 0.003220
70689 CX02 71124 0.003220
70689 CX02 71125 0.003220
70689 CX02 71126 0.003220
70689 CX12 71119 0.987096
70689 CX12 71120 0.001843
70689 CX12 71121 0.001843
70689 CX12 71122 0.001843
70689 CX12 71124 0.001843
70689 CX12 71123 0.001843
70689 CX12 71126 0.001843
70689 CX12 71125 0.001843
70689 P2 70643 0.993333
70689 P2 70689 0.006667
70689 X0 70728 0.997852
70689 X0 70689 0.000716
70689 X0 70767 0.000716
70689 X0 70806 0.000716
70728 CX02 71124 0.977463
70728 CX02 71123 0.003220
70728 CX02 71126 0.003220
70728 CX02 71125 0.003220
70728 CX02 71120 0.003220
70728 CX02 71119 0.003220
70728 CX02 71122 0.003220
70728 CX02 71121 0.003220
70728 CX12 71123 0.987096
70728 CX12 71124 0.001843
70728 CX12 71125 0.001843
70728 CX12 71126 0.001843
70728 CX12 71120 0.001843
70728 CX12 71119 0.001843
70728 CX12 71122 0.001843
70728 CX12 71121 0.001843
70728 P2 70644 0.993333
70728 P2 70728 0.006667
70728 X0 70689 0.997852
70728 X0 70728 0.000716
70728 X0 70806 0.000716
70728 X0 70767 0.000716
70767 CX02 71122 0.977463
70767 CX02 71121 0.003220
70767 CX02 71120 0.003220
70767 CX02 71119 0.003220
70767 CX02 71126 0.003220
70767 CX02 71125 0.003220
70767 CX02 71124 0.003220
70767 CX02 71123 0.003220
70767 CX12 71122 0.987096
70767 CX12 71121 0.001843
70767 CX12 71120 0.001843
70767 CX12 71119 0.001843
70767 CX12 71125 0.001843
70767 CX12 71126 0.001843
70767 CX12 71123 0.001843
70767 CX12 71124 0.001843
70767 P2 70645 0.993333
70767 P2 70767 0.006667
70767 X0 70806 0.997852
70767 X0 70767 0.000716
70767 X0 70689 0.000716
70767 X0 70728 0.000716
70806 CX02 71125 0.977463
70806 CX02 71126 0.003220
70806 CX02 71123 0.003220
70806 CX02 71124 0.003220
70806 CX02 71121 0.003220
70806 CX02 71122 0.003220
70806 CX02 71119 0.003220
70806 CX02 71120 0.003220
70806 CX12 71126 0.987096
70806 CX12 71125 0.001843
70806 CX12 71124 0.001843
70806 CX12 71123 0.001843
70806 CX12 71121 0.001843
70806 CX12 71122 0.001843
70806 CX12 71119 0.001843
70806 CX12 71120 0.001843
70806 P2 70646 0.993333
70806 P2 70806 0.006667
70806 X0 70767 0.997852
70806 X0 70806 0.000716
70806 X0 70728 0.000716
70806 X0 70689 0.000716
70827 CX02 70664 0.977463
70827 CX02 70663 0.003220
70827 CX02 70666 0.003220
70827 CX02 70665 0.003220
70827 CX02 70668 0.003220
70827 CX02 70667 0.003220
70827 CX02 70670 0.003220
70827 CX02 70669 0.003220
70827 CX12 70664 0.987096
70827 CX12 70663 0.001843
70827 CX12 70666 0.001843
70827 CX12 70665 0.001843
70827 CX12 70667 0.001843
70827 CX12 70668 0.001843
70827 CX12 70669 0.001843
70827 CX12 70670 0.001843
70827 P2 71297 0.970000
70827 P2 70827 0.030000
70827 X0 70828 0.997852
70827 X0 70827 0.000716
70827 X0 70830 0.000716
70827 X0 70829 0.000716
70828 CX02 70667 0.977463
70828 CX02 70668 0.003220
70828 CX02 70669 0.003220
70828 CX02 70670 0.003220
70828 CX02 70663 0.003220
70828 CX02 70664 0.003220
70828 CX02 70665 0.003220
70828 CX02 70666 0.003220
70828 CX12 70668 0.987096
70828 CX12 70667 0.001843
70828 CX12 70670 0.001843
70828 CX12 70669 0.001843
70828 CX12 70663 0.001843
70828 CX12 70664 0.001843
70828 CX12 70665 0.001843
70828 CX12 70666 0.001843
70828 P2 71336 0.970000
70828 P2 70828 0.030000
70828 X0 70827 0.997852
70828 X0 70828 0.000716
70828 X0 70829 0.000716
70828 X0 70830 0.000716
70829 CX02 70670 0.977463
70829 CX02 70669 0.003220
70829 CX02 70668 0.003220
70829 CX02 70667 0.003220
70829 CX02 70666 0.003220
70829 CX02 70665 0.003220
70829 CX02 70664 0.003220
70829 CX02 70663 0.003220
70829 CX12 70669 0.987096
70829 CX12 70670 0.001843
70829 CX12 70667 0.001843
70829 CX12 70668 0.001843
70829 CX12 70666 0.001843
70829 CX12 70665 0.001843
70829 CX12 70664 0.001843
70829 CX12 70663 0.001843
70829 P2 71375 0.970000
70829 P2 70829 0.030000
70829 X0 70830 0.997852
70829 X0 70829 0.000716
70829 X0 70828 0.000716
70829 X0 70827 0.000716
70830 CX02 70665 0.977463
70830 CX02 70666 0.003220
70830 CX02 70663 0.003220
70830 CX02 70664 0.003220
70830 CX02 70669 0.003220
70830 CX02 70670 0.003220
70830 CX02 70667 0.003220
70830 CX02 70668 0.003220
70830 CX12 70665 0.987096
70830 CX12 70666 0.001843
70830 CX12 70663 0.001843
70830 CX12 70664 0.001843
70830 CX12 70670 0.001843
70830 CX12 70669 0.001843
70830 CX12 70668 0.001843
70830 CX12 70667 0.001843
70830 P2 71414 0.970000
70830 P2 70830 0.030000
70830 X0 70829 0.997852
70830 X0 70830 0.000716
70830 X0 70827 0.000716
70830 X0 70828 0.000716
71119 CX02 70689 0.977463
71119 CX02 71297 0.003220
71119 CX02 70728 0.003220
71119 CX02 71336 0.003220
71119 CX02 70806 0.003220
71119 CX02 71375 0.003220
71119 CX02 70767 0.003220
71119 CX02 71414 0.003220
71119 CX12 70689 0.987096
71119 CX12 71297 0.001843
71119 CX12 70728 0.001843
71119 CX12 71336 0.001843
71119 CX12 70806 0.001843
71119 CX12 71375 0.001843
71119 CX12 70767 0.001843
71119 CX12 71414 0.001843
71119 X0 71123 0.997852
71119 X0 71119 0.000716
71119 X0 71122 0.000716
71119 X0 71126 0.000716
71120 CX02 71297 0.977463
71120 CX02 70689 0.003220
71120 CX02 71336 0.003220
71120 CX02 70728 0.003220
71120 CX02 71375 0.003220
71120 CX02 70806 0.003220
71120 CX02 71414 0.003220
71120 CX02 70767 0.003220
71120 CX12 71297 0.987096
71120 CX12 70689 0.001843
71120 CX12 71336 0.001843
71120 CX12 70728 0.001843
71120 CX12 71375 0.001843
71120 CX12 70806 0.001843
71120 CX12 71414 0.001843
71120 CX12 70767 0.001843
71120 X0 71124 0.997852
71120 X0 71120 0.000716
71120 X0 71121 0.000716
71120 X0 71125 0.000716
71121 CX02 71414 0.977463
71121 CX02 70767 0.003220
71121 CX02 71375 0.003220
71121 CX02 70806 0.003220
71121 CX02 71336 0.003220
71121 CX02 70728 0.003220
71121 CX02 71297 0.003220
71121 CX02 70689 0.003220
71121 CX12 71414 0.987096
71121 CX12 70767 0.001843
71121 CX12 71375 0.001843
71121 CX12 70806 0.001843
71121 CX12 71336 0.001843
71121 CX12 70728 0.001843
71121 CX12 71297 0.001843
71121 CX12 70689 0.001843
71121 X0 71125 0.997852
71121 X0 71121 0.000716
71121 X0 71120 0.000716
71121 X0 71124 0.000716
71122 CX02 70767 0.977463
71122 CX02 71414 0.003220
71122 CX02 70806 0.003220
71122 CX02 71375 0.003220
71122 CX02 70728 0.003220
71122 CX02 71336 0.003220
71122 CX02 70689 0.003220
71122 CX02 71297 0.003220
71122 CX12 70767 0.987096
71122 CX12 71414 0.001843
71122 CX12 70806 0.001843
71122 CX12 71375 0.001843
71122 CX12 70728 0.001843
71122 CX12 71336 0.001843
71122 CX12 70689 0.001843
71122 CX12 71297 0.001843
71122 X0 71126 0.997852
71122 X0 71122 0.000716
71122 X0 71119 0.000716
71122 X0 71123 0.000716
71123 CX02 71336 0.977463
71123 CX02 70728 0.003220
71123 CX02 71297 0.003220
71123 CX02 70689 0.003220
71123 CX02 71414 0.003220
71123 CX02 70767 0.003220
71123 CX02 71375 0.003220
71123 CX02 70806 0.003220
71123 CX12 70728 0.987096
71123 CX12 71336 0.001843
71123 CX12 70689 0.001843
71123 CX12 71297 0.001843
71123 CX12 70767 0.001843
71123 CX12 71414 0.001843
71123 CX12 70806 0.001843
71123 CX12 71375 0.001843
71123 X0 71119 0.997852
71123 X0 71123 0.000716
71123 X0 71126 0.000716
71123 X0 71122 0.000716
71124 CX02 70728 0.977463
71124 CX02 71336 0.003220
71124 CX02 70689 0.003220
71124 CX02 71297 0.003220
71124 CX02 70767 0.003220
71124 CX02 71414 0.003220
71124 CX02 70806 0.003220
71124 CX02 71375 0.003220
71124 CX12 71336 0.987096
71124 CX12 70728 0.001843
71124 CX12 71297 0.001843
71124 CX12 70689 0.001843
71124 CX12 71414 0.001843
71124 CX12 70767 0.001843
71124 CX12 71375 0.001843
71124 CX12 70806 0.001843
71124 X0 71120 0.997852
71124 X0 71124 0.000716
71124 X0 71125 0.000716
71124 X0 71121 0.000716
71125 CX02 70806 0.977463
71125 CX02 71375 0.003220
71125 CX02 70767 0.003220
71125 CX02 71414 0.003220
71125 CX02 70689 0.003220
71125 CX02 71297 0.003220
71125 CX02 70728 0.003220
71125 CX02 71336 0.003220
71125 CX12 71375 0.987096
71125 CX12 70806 0.001843
71125 CX12 71414 0.001843
71125 CX12 70767 0.001843
71125 CX12 71297 0.001843
71125 CX12 70689 0.001843
71125 CX12 71336 0.001843
71125 CX12 70728 0.001843
71125 X0 71121 0.997852
71125 X0 71125 0.000716
71125 X0 71124 0.000716
71125 X0 71120 0.000716
71126 CX02 71375 0.977463
71126 CX02 70806 0.003220
71126 CX02 71414 0.003220
71126 CX02 70767 0.003220
71126 CX02 71297 0.003220
71126 CX02 70689 0.003220
71126 CX02 71336 0.003220
71126 CX02 70728 0.003220
71126 CX12 70806 0.987096
71126 CX12 71375 0.001843
71126 CX12 70767 0.001843
71126 CX12 71414 0.001843
71126 CX12 70689 0.001843
71126 CX12 71297 0.001843
71126 CX12 70728 0.001843
71126 CX12 71336 0.001843
71126 X0 71122 0.997852
71126 X0 71126 0.000716
71126 X0 71123 0.000716
71126 X0 71119 0.000716
71297 CX02 71120 0.977463
71297 CX02 71119 0.003220
71297 CX02 71122 0.003220
71297 CX02 71121 0.003220
71297 CX02 71124 0.003220
71297 CX02 71123 0.003220
71297 CX02 71126 0.003220
71297 CX02 71125 0.003220
71297 CX12 71120 0.987096
71297 CX12 71119 0.001843
71297 CX12 71122 0.001843
71297 CX12 71121 0.001843
71297 CX12 71123 0.001843
71297 CX12 71124 0.001843
71297 CX12 71125 0.001843
71297 CX12 71126 0.001843
71297 P2 71297 0.970000
71297 P2 70827 0.030000
71297 X0 71336 0.997852
71297 X0 71297 0.000716
71297 X0 71414 0.000716
71297 X0 71375 0.000716
71336 CX02 71123 0.977463
71336 CX02 71124 0.003220
71336 CX02 71125 0.003220
71336 CX02 71126 0.003220
71336 CX02 71119 0.003220
71336 CX02 71120 0.003220
71336 CX02 71121 0.003220
71336 CX02 71122 0.003220
71336 CX12 71124 0.987096
71336 CX12 71123 0.001843
71336 CX12 71126 0.001843
71336 CX12 71125 0.001843
71336 CX12 71119 0.001843
71336 CX12 71120 0.001843
71336 CX12 71121 0.001843
71336 CX12 71122 0.001843
71336 P2 71336 0.970000
71336 P2 70828 0.030000
71336 X0 71297 0.997852
71336 X0 71336 0.000716
71336 X0 71375 0.000716
71336 X0 71414 0.000716
71375 CX02 71126 0.977463
71375 CX02 71125 0.003220
71375 CX02 71124 0.003220
71375 CX02 71123 0.003220
71375 CX02 71122 0.003220
71375 CX02 71121 0.003220
71375 CX02 71120 0.003220
71375 CX02 71119 0.003220
71375 CX12 71125 0.987096
71375 CX12 71126 0.001843
71375 CX12 71123 0.001843
71375 CX12 71124 0.001843
71375 CX12 71122 0.001843
71375 CX12 71121 0.001843
71375 CX12 71120 0.001843
71375 CX12 71119 0.001843
71375 P2 71375 0.970000
71375 P2 70829 0.030000
71375 X0 71414 0.997852
71375 X0 71375 0.000716
71375 X0 71336 0.000716
71375 X0 71297 0.000716
71414 CX02 71121 0.977463
71414 CX02 71122 0.003220
71414 CX02 71119 0.003220
71414 CX02 71120 0.003220
71414 CX02 71125 0.003220
71414 CX02 71126 0.003220
71414 CX02 71123 0.003220
71414 CX02 71124 0.003220
71414 CX12 71121 0.987096
71414 CX12 71122 0.001843
71414 CX12 71119 0.001843
71414 CX12 71120 0.001843
71414 CX12 71126 0.001843
71414 CX12 71125 0.001843
71414 CX12 71124 0.001843
71414 CX12 71123 0.001843
71414 P2 71414 0.970000
71414 P2 70830 0.030000
71414 X0 71375 0.997852
71414 X0 71414 0.000716
71414 X0 71297 0.000716
71414 X0 71336 0.000716
ENDPOMDP
