BEGINPOMDP
INITIALSTATE: 86408
STATES: 86408,86409,86410,86411,86412,86429,86430,86431,86432,86433,86434,86435,86436,86455,86494,86533,86572,86593,86594,86595,86596,86885,86886,86887,86888,86889,86890,86891,86892,87063,87102,87141,87180
TARGETV: 86409,86411,86455,86533,86593,86596,87063,87180
GAMMA: 86408:0,86409:0,86410:0,86411:0,86412:0,86429:0,86430:0,86431:0,86432:0,86433:0,86434:0,86435:0,86436:0,86455:1,86494:1,86533:1,86572:1,86593:0,86594:0,86595:0,86596:0,86885:1,86886:1,86887:1,86888:1,86889:1,86890:1,86891:1,86892:1,87063:1,87102:1,87141:1,87180:1
BEGINACTIONS
CX02
CX12
P2
X0
ENDACTIONS
86408 INIT_ 86409 0.250000
86408 INIT_ 86410 0.250000
86408 INIT_ 86411 0.250000
86408 INIT_ 86412 0.250000
86409 CX02 86429 0.980702
86409 CX02 86430 0.002757
86409 CX02 86431 0.002757
86409 CX02 86432 0.002757
86409 CX02 86433 0.002757
86409 CX02 86434 0.002757
86409 CX02 86435 0.002757
86409 CX02 86436 0.002757
86409 CX12 86429 0.952113
86409 CX12 86430 0.006841
86409 CX12 86431 0.006841
86409 CX12 86432 0.006841
86409 CX12 86434 0.006841
86409 CX12 86433 0.006841
86409 CX12 86436 0.006841
86409 CX12 86435 0.006841
86409 P2 86409 0.922000
86409 P2 86455 0.078000
86409 X0 86410 0.997774
86409 X0 86409 0.000742
86409 X0 86411 0.000742
86409 X0 86412 0.000742
86410 CX02 86434 0.980702
86410 CX02 86433 0.002757
86410 CX02 86436 0.002757
86410 CX02 86435 0.002757
86410 CX02 86430 0.002757
86410 CX02 86429 0.002757
86410 CX02 86432 0.002757
86410 CX02 86431 0.002757
86410 CX12 86433 0.952113
86410 CX12 86434 0.006841
86410 CX12 86435 0.006841
86410 CX12 86436 0.006841
86410 CX12 86430 0.006841
86410 CX12 86429 0.006841
86410 CX12 86432 0.006841
86410 CX12 86431 0.006841
86410 P2 86410 0.922000
86410 P2 86494 0.078000
86410 X0 86409 0.997774
86410 X0 86410 0.000742
86410 X0 86412 0.000742
86410 X0 86411 0.000742
86411 CX02 86432 0.980702
86411 CX02 86431 0.002757
86411 CX02 86430 0.002757
86411 CX02 86429 0.002757
86411 CX02 86436 0.002757
86411 CX02 86435 0.002757
86411 CX02 86434 0.002757
86411 CX02 86433 0.002757
86411 CX12 86432 0.952113
86411 CX12 86431 0.006841
86411 CX12 86430 0.006841
86411 CX12 86429 0.006841
86411 CX12 86435 0.006841
86411 CX12 86436 0.006841
86411 CX12 86433 0.006841
86411 CX12 86434 0.006841
86411 P2 86411 0.922000
86411 P2 86533 0.078000
86411 X0 86412 0.997774
86411 X0 86411 0.000742
86411 X0 86409 0.000742
86411 X0 86410 0.000742
86412 CX02 86435 0.980702
86412 CX02 86436 0.002757
86412 CX02 86433 0.002757
86412 CX02 86434 0.002757
86412 CX02 86431 0.002757
86412 CX02 86432 0.002757
86412 CX02 86429 0.002757
86412 CX02 86430 0.002757
86412 CX12 86436 0.952113
86412 CX12 86435 0.006841
86412 CX12 86434 0.006841
86412 CX12 86433 0.006841
86412 CX12 86431 0.006841
86412 CX12 86432 0.006841
86412 CX12 86429 0.006841
86412 CX12 86430 0.006841
86412 P2 86412 0.922000
86412 P2 86572 0.078000
86412 X0 86411 0.997774
86412 X0 86412 0.000742
86412 X0 86410 0.000742
86412 X0 86409 0.000742
86429 CX02 86409 0.980702
86429 CX02 86593 0.002757
86429 CX02 86410 0.002757
86429 CX02 86594 0.002757
86429 CX02 86412 0.002757
86429 CX02 86595 0.002757
86429 CX02 86411 0.002757
86429 CX02 86596 0.002757
86429 CX12 86409 0.952113
86429 CX12 86593 0.006841
86429 CX12 86410 0.006841
86429 CX12 86594 0.006841
86429 CX12 86412 0.006841
86429 CX12 86595 0.006841
86429 CX12 86411 0.006841
86429 CX12 86596 0.006841
86429 X0 86433 0.997774
86429 X0 86429 0.000742
86429 X0 86432 0.000742
86429 X0 86436 0.000742
86430 CX02 86593 0.980702
86430 CX02 86409 0.002757
86430 CX02 86594 0.002757
86430 CX02 86410 0.002757
86430 CX02 86595 0.002757
86430 CX02 86412 0.002757
86430 CX02 86596 0.002757
86430 CX02 86411 0.002757
86430 CX12 86593 0.952113
86430 CX12 86409 0.006841
86430 CX12 86594 0.006841
86430 CX12 86410 0.006841
86430 CX12 86595 0.006841
86430 CX12 86412 0.006841
86430 CX12 86596 0.006841
86430 CX12 86411 0.006841
86430 X0 86434 0.997774
86430 X0 86430 0.000742
86430 X0 86431 0.000742
86430 X0 86435 0.000742
86431 CX02 86596 0.980702
86431 CX02 86411 0.002757
86431 CX02 86595 0.002757
86431 CX02 86412 0.002757
86431 CX02 86594 0.002757
86431 CX02 86410 0.002757
86431 CX02 86593 0.002757
86431 CX02 86409 0.002757
86431 CX12 86596 0.952113
86431 CX12 86411 0.006841
86431 CX12 86595 0.006841
86431 CX12 86412 0.006841
86431 CX12 86594 0.006841
86431 CX12 86410 0.006841
86431 CX12 86593 0.006841
86431 CX12 86409 0.006841
86431 X0 86435 0.997774
86431 X0 86431 0.000742
86431 X0 86430 0.000742
86431 X0 86434 0.000742
86432 CX02 86411 0.980702
86432 CX02 86596 0.002757
86432 CX02 86412 0.002757
86432 CX02 86595 0.002757
86432 CX02 86410 0.002757
86432 CX02 86594 0.002757
86432 CX02 86409 0.002757
86432 CX02 86593 0.002757
86432 CX12 86411 0.952113
86432 CX12 86596 0.006841
86432 CX12 86412 0.006841
86432 CX12 86595 0.006841
86432 CX12 86410 0.006841
86432 CX12 86594 0.006841
86432 CX12 86409 0.006841
86432 CX12 86593 0.006841
86432 X0 86436 0.997774
86432 X0 86432 0.000742
86432 X0 86429 0.000742
86432 X0 86433 0.000742
86433 CX02 86594 0.980702
86433 CX02 86410 0.002757
86433 CX02 86593 0.002757
86433 CX02 86409 0.002757
86433 CX02 86596 0.002757
86433 CX02 86411 0.002757
86433 CX02 86595 0.002757
86433 CX02 86412 0.002757
86433 CX12 86410 0.952113
86433 CX12 86594 0.006841
86433 CX12 86409 0.006841
86433 CX12 86593 0.006841
86433 CX12 86411 0.006841
86433 CX12 86596 0.006841
86433 CX12 86412 0.006841
86433 CX12 86595 0.006841
86433 X0 86429 0.997774
86433 X0 86433 0.000742
86433 X0 86436 0.000742
86433 X0 86432 0.000742
86434 CX02 86410 0.980702
86434 CX02 86594 0.002757
86434 CX02 86409 0.002757
86434 CX02 86593 0.002757
86434 CX02 86411 0.002757
86434 CX02 86596 0.002757
86434 CX02 86412 0.002757
86434 CX02 86595 0.002757
86434 CX12 86594 0.952113
86434 CX12 86410 0.006841
86434 CX12 86593 0.006841
86434 CX12 86409 0.006841
86434 CX12 86596 0.006841
86434 CX12 86411 0.006841
86434 CX12 86595 0.006841
86434 CX12 86412 0.006841
86434 X0 86430 0.997774
86434 X0 86434 0.000742
86434 X0 86435 0.000742
86434 X0 86431 0.000742
86435 CX02 86412 0.980702
86435 CX02 86595 0.002757
86435 CX02 86411 0.002757
86435 CX02 86596 0.002757
86435 CX02 86409 0.002757
86435 CX02 86593 0.002757
86435 CX02 86410 0.002757
86435 CX02 86594 0.002757
86435 CX12 86595 0.952113
86435 CX12 86412 0.006841
86435 CX12 86596 0.006841
86435 CX12 86411 0.006841
86435 CX12 86593 0.006841
86435 CX12 86409 0.006841
86435 CX12 86594 0.006841
86435 CX12 86410 0.006841
86435 X0 86431 0.997774
86435 X0 86435 0.000742
86435 X0 86434 0.000742
86435 X0 86430 0.000742
86436 CX02 86595 0.980702
86436 CX02 86412 0.002757
86436 CX02 86596 0.002757
86436 CX02 86411 0.002757
86436 CX02 86593 0.002757
86436 CX02 86409 0.002757
86436 CX02 86594 0.002757
86436 CX02 86410 0.002757
86436 CX12 86412 0.952113
86436 CX12 86595 0.006841
86436 CX12 86411 0.006841
86436 CX12 86596 0.006841
86436 CX12 86409 0.006841
86436 CX12 86593 0.006841
86436 CX12 86410 0.006841
86436 CX12 86594 0.006841
86436 X0 86432 0.997774
86436 X0 86436 0.000742
86436 X0 86433 0.000742
86436 X0 86429 0.000742
86455 CX02 86885 0.980702
86455 CX02 86886 0.002757
86455 CX02 86887 0.002757
86455 CX02 86888 0.002757
86455 CX02 86889 0.002757
86455 CX02 86890 0.002757
86455 CX02 86891 0.002757
86455 CX02 86892 0.002757
86455 CX12 86885 0.952113
86455 CX12 86886 0.006841
86455 CX12 86887 0.006841
86455 CX12 86888 0.006841
86455 CX12 86890 0.006841
86455 CX12 86889 0.006841
86455 CX12 86892 0.006841
86455 CX12 86891 0.006841
86455 P2 86409 0.922000
86455 P2 86455 0.078000
86455 X0 86494 0.997774
86455 X0 86455 0.000742
86455 X0 86533 0.000742
86455 X0 86572 0.000742
86494 CX02 86890 0.980702
86494 CX02 86889 0.002757
86494 CX02 86892 0.002757
86494 CX02 86891 0.002757
86494 CX02 86886 0.002757
86494 CX02 86885 0.002757
86494 CX02 86888 0.002757
86494 CX02 86887 0.002757
86494 CX12 86889 0.952113
86494 CX12 86890 0.006841
86494 CX12 86891 0.006841
86494 CX12 86892 0.006841
86494 CX12 86886 0.006841
86494 CX12 86885 0.006841
86494 CX12 86888 0.006841
86494 CX12 86887 0.006841
86494 P2 86410 0.922000
86494 P2 86494 0.078000
86494 X0 86455 0.997774
86494 X0 86494 0.000742
86494 X0 86572 0.000742
86494 X0 86533 0.000742
86533 CX02 86888 0.980702
86533 CX02 86887 0.002757
86533 CX02 86886 0.002757
86533 CX02 86885 0.002757
86533 CX02 86892 0.002757
86533 CX02 86891 0.002757
86533 CX02 86890 0.002757
86533 CX02 86889 0.002757
86533 CX12 86888 0.952113
86533 CX12 86887 0.006841
86533 CX12 86886 0.006841
86533 CX12 86885 0.006841
86533 CX12 86891 0.006841
86533 CX12 86892 0.006841
86533 CX12 86889 0.006841
86533 CX12 86890 0.006841
86533 P2 86411 0.922000
86533 P2 86533 0.078000
86533 X0 86572 0.997774
86533 X0 86533 0.000742
86533 X0 86455 0.000742
86533 X0 86494 0.000742
86572 CX02 86891 0.980702
86572 CX02 86892 0.002757
86572 CX02 86889 0.002757
86572 CX02 86890 0.002757
86572 CX02 86887 0.002757
86572 CX02 86888 0.002757
86572 CX02 86885 0.002757
86572 CX02 86886 0.002757
86572 CX12 86892 0.952113
86572 CX12 86891 0.006841
86572 CX12 86890 0.006841
86572 CX12 86889 0.006841
86572 CX12 86887 0.006841
86572 CX12 86888 0.006841
86572 CX12 86885 0.006841
86572 CX12 86886 0.006841
86572 P2 86412 0.922000
86572 P2 86572 0.078000
86572 X0 86533 0.997774
86572 X0 86572 0.000742
86572 X0 86494 0.000742
86572 X0 86455 0.000742
86593 CX02 86430 0.980702
86593 CX02 86429 0.002757
86593 CX02 86432 0.002757
86593 CX02 86431 0.002757
86593 CX02 86434 0.002757
86593 CX02 86433 0.002757
86593 CX02 86436 0.002757
86593 CX02 86435 0.002757
86593 CX12 86430 0.952113
86593 CX12 86429 0.006841
86593 CX12 86432 0.006841
86593 CX12 86431 0.006841
86593 CX12 86433 0.006841
86593 CX12 86434 0.006841
86593 CX12 86435 0.006841
86593 CX12 86436 0.006841
86593 P2 87063 0.910000
86593 P2 86593 0.090000
86593 X0 86594 0.997774
86593 X0 86593 0.000742
86593 X0 86596 0.000742
86593 X0 86595 0.000742
86594 CX02 86433 0.980702
86594 CX02 86434 0.002757
86594 CX02 86435 0.002757
86594 CX02 86436 0.002757
86594 CX02 86429 0.002757
86594 CX02 86430 0.002757
86594 CX02 86431 0.002757
86594 CX02 86432 0.002757
86594 CX12 86434 0.952113
86594 CX12 86433 0.006841
86594 CX12 86436 0.006841
86594 CX12 86435 0.006841
86594 CX12 86429 0.006841
86594 CX12 86430 0.006841
86594 CX12 86431 0.006841
86594 CX12 86432 0.006841
86594 P2 87102 0.910000
86594 P2 86594 0.090000
86594 X0 86593 0.997774
86594 X0 86594 0.000742
86594 X0 86595 0.000742
86594 X0 86596 0.000742
86595 CX02 86436 0.980702
86595 CX02 86435 0.002757
86595 CX02 86434 0.002757
86595 CX02 86433 0.002757
86595 CX02 86432 0.002757
86595 CX02 86431 0.002757
86595 CX02 86430 0.002757
86595 CX02 86429 0.002757
86595 CX12 86435 0.952113
86595 CX12 86436 0.006841
86595 CX12 86433 0.006841
86595 CX12 86434 0.006841
86595 CX12 86432 0.006841
86595 CX12 86431 0.006841
86595 CX12 86430 0.006841
86595 CX12 86429 0.006841
86595 P2 87141 0.910000
86595 P2 86595 0.090000
86595 X0 86596 0.997774
86595 X0 86595 0.000742
86595 X0 86594 0.000742
86595 X0 86593 0.000742
86596 CX02 86431 0.980702
86596 CX02 86432 0.002757
86596 CX02 86429 0.002757
86596 CX02 86430 0.002757
86596 CX02 86435 0.002757
86596 CX02 86436 0.002757
86596 CX02 86433 0.002757
86596 CX02 86434 0.002757
86596 CX12 86431 0.952113
86596 CX12 86432 0.006841
86596 CX12 86429 0.006841
86596 CX12 86430 0.006841
86596 CX12 86436 0.006841
86596 CX12 86435 0.006841
86596 CX12 86434 0.006841
86596 CX12 86433 0.006841
86596 P2 87180 0.910000
86596 P2 86596 0.090000
86596 X0 86595 0.997774
86596 X0 86596 0.000742
86596 X0 86593 0.000742
86596 X0 86594 0.000742
86885 CX02 86455 0.980702
86885 CX02 87063 0.002757
86885 CX02 86494 0.002757
86885 CX02 87102 0.002757
86885 CX02 86572 0.002757
86885 CX02 87141 0.002757
86885 CX02 86533 0.002757
86885 CX02 87180 0.002757
86885 CX12 86455 0.952113
86885 CX12 87063 0.006841
86885 CX12 86494 0.006841
86885 CX12 87102 0.006841
86885 CX12 86572 0.006841
86885 CX12 87141 0.006841
86885 CX12 86533 0.006841
86885 CX12 87180 0.006841
86885 X0 86889 0.997774
86885 X0 86885 0.000742
86885 X0 86888 0.000742
86885 X0 86892 0.000742
86886 CX02 87063 0.980702
86886 CX02 86455 0.002757
86886 CX02 87102 0.002757
86886 CX02 86494 0.002757
86886 CX02 87141 0.002757
86886 CX02 86572 0.002757
86886 CX02 87180 0.002757
86886 CX02 86533 0.002757
86886 CX12 87063 0.952113
86886 CX12 86455 0.006841
86886 CX12 87102 0.006841
86886 CX12 86494 0.006841
86886 CX12 87141 0.006841
86886 CX12 86572 0.006841
86886 CX12 87180 0.006841
86886 CX12 86533 0.006841
86886 X0 86890 0.997774
86886 X0 86886 0.000742
86886 X0 86887 0.000742
86886 X0 86891 0.000742
86887 CX02 87180 0.980702
86887 CX02 86533 0.002757
86887 CX02 87141 0.002757
86887 CX02 86572 0.002757
86887 CX02 87102 0.002757
86887 CX02 86494 0.002757
86887 CX02 87063 0.002757
86887 CX02 86455 0.002757
86887 CX12 87180 0.952113
86887 CX12 86533 0.006841
86887 CX12 87141 0.006841
86887 CX12 86572 0.006841
86887 CX12 87102 0.006841
86887 CX12 86494 0.006841
86887 CX12 87063 0.006841
86887 CX12 86455 0.006841
86887 X0 86891 0.997774
86887 X0 86887 0.000742
86887 X0 86886 0.000742
86887 X0 86890 0.000742
86888 CX02 86533 0.980702
86888 CX02 87180 0.002757
86888 CX02 86572 0.002757
86888 CX02 87141 0.002757
86888 CX02 86494 0.002757
86888 CX02 87102 0.002757
86888 CX02 86455 0.002757
86888 CX02 87063 0.002757
86888 CX12 86533 0.952113
86888 CX12 87180 0.006841
86888 CX12 86572 0.006841
86888 CX12 87141 0.006841
86888 CX12 86494 0.006841
86888 CX12 87102 0.006841
86888 CX12 86455 0.006841
86888 CX12 87063 0.006841
86888 X0 86892 0.997774
86888 X0 86888 0.000742
86888 X0 86885 0.000742
86888 X0 86889 0.000742
86889 CX02 87102 0.980702
86889 CX02 86494 0.002757
86889 CX02 87063 0.002757
86889 CX02 86455 0.002757
86889 CX02 87180 0.002757
86889 CX02 86533 0.002757
86889 CX02 87141 0.002757
86889 CX02 86572 0.002757
86889 CX12 86494 0.952113
86889 CX12 87102 0.006841
86889 CX12 86455 0.006841
86889 CX12 87063 0.006841
86889 CX12 86533 0.006841
86889 CX12 87180 0.006841
86889 CX12 86572 0.006841
86889 CX12 87141 0.006841
86889 X0 86885 0.997774
86889 X0 86889 0.000742
86889 X0 86892 0.000742
86889 X0 86888 0.000742
86890 CX02 86494 0.980702
86890 CX02 87102 0.002757
86890 CX02 86455 0.002757
86890 CX02 87063 0.002757
86890 CX02 86533 0.002757
86890 CX02 87180 0.002757
86890 CX02 86572 0.002757
86890 CX02 87141 0.002757
86890 CX12 87102 0.952113
86890 CX12 86494 0.006841
86890 CX12 87063 0.006841
86890 CX12 86455 0.006841
86890 CX12 87180 0.006841
86890 CX12 86533 0.006841
86890 CX12 87141 0.006841
86890 CX12 86572 0.006841
86890 X0 86886 0.997774
86890 X0 86890 0.000742
86890 X0 86891 0.000742
86890 X0 86887 0.000742
86891 CX02 86572 0.980702
86891 CX02 87141 0.002757
86891 CX02 86533 0.002757
86891 CX02 87180 0.002757
86891 CX02 86455 0.002757
86891 CX02 87063 0.002757
86891 CX02 86494 0.002757
86891 CX02 87102 0.002757
86891 CX12 87141 0.952113
86891 CX12 86572 0.006841
86891 CX12 87180 0.006841
86891 CX12 86533 0.006841
86891 CX12 87063 0.006841
86891 CX12 86455 0.006841
86891 CX12 87102 0.006841
86891 CX12 86494 0.006841
86891 X0 86887 0.997774
86891 X0 86891 0.000742
86891 X0 86890 0.000742
86891 X0 86886 0.000742
86892 CX02 87141 0.980702
86892 CX02 86572 0.002757
86892 CX02 87180 0.002757
86892 CX02 86533 0.002757
86892 CX02 87063 0.002757
86892 CX02 86455 0.002757
86892 CX02 87102 0.002757
86892 CX02 86494 0.002757
86892 CX12 86572 0.952113
86892 CX12 87141 0.006841
86892 CX12 86533 0.006841
86892 CX12 87180 0.006841
86892 CX12 86455 0.006841
86892 CX12 87063 0.006841
86892 CX12 86494 0.006841
86892 CX12 87102 0.006841
86892 X0 86888 0.997774
86892 X0 86892 0.000742
86892 X0 86889 0.000742
86892 X0 86885 0.000742
87063 CX02 86886 0.980702
87063 CX02 86885 0.002757
87063 CX02 86888 0.002757
87063 CX02 86887 0.002757
87063 CX02 86890 0.002757
87063 CX02 86889 0.002757
87063 CX02 86892 0.002757
87063 CX02 86891 0.002757
87063 CX12 86886 0.952113
87063 CX12 86885 0.006841
87063 CX12 86888 0.006841
87063 CX12 86887 0.006841
87063 CX12 86889 0.006841
87063 CX12 86890 0.006841
87063 CX12 86891 0.006841
87063 CX12 86892 0.006841
87063 P2 87063 0.910000
87063 P2 86593 0.090000
87063 X0 87102 0.997774
87063 X0 87063 0.000742
87063 X0 87180 0.000742
87063 X0 87141 0.000742
87102 CX02 86889 0.980702
87102 CX02 86890 0.002757
87102 CX02 86891 0.002757
87102 CX02 86892 0.002757
87102 CX02 86885 0.002757
87102 CX02 86886 0.002757
87102 CX02 86887 0.002757
87102 CX02 86888 0.002757
87102 CX12 86890 0.952113
87102 CX12 86889 0.006841
87102 CX12 86892 0.006841
87102 CX12 86891 0.006841
87102 CX12 86885 0.006841
87102 CX12 86886 0.006841
87102 CX12 86887 0.006841
87102 CX12 86888 0.006841
87102 P2 87102 0.910000
87102 P2 86594 0.090000
87102 X0 87063 0.997774
87102 X0 87102 0.000742
87102 X0 87141 0.000742
87102 X0 87180 0.000742
87141 CX02 86892 0.980702
87141 CX02 86891 0.002757
87141 CX02 86890 0.002757
87141 CX02 86889 0.002757
87141 CX02 86888 0.002757
87141 CX02 86887 0.002757
87141 CX02 86886 0.002757
87141 CX02 86885 0.002757
87141 CX12 86891 0.952113
87141 CX12 86892 0.006841
87141 CX12 86889 0.006841
87141 CX12 86890 0.006841
87141 CX12 86888 0.006841
87141 CX12 86887 0.006841
87141 CX12 86886 0.006841
87141 CX12 86885 0.006841
87141 P2 87141 0.910000
87141 P2 86595 0.090000
87141 X0 87180 0.997774
87141 X0 87141 0.000742
87141 X0 87102 0.000742
87141 X0 87063 0.000742
87180 CX02 86887 0.980702
87180 CX02 86888 0.002757
87180 CX02 86885 0.002757
87180 CX02 86886 0.002757
87180 CX02 86891 0.002757
87180 CX02 86892 0.002757
87180 CX02 86889 0.002757
87180 CX02 86890 0.002757
87180 CX12 86887 0.952113
87180 CX12 86888 0.006841
87180 CX12 86885 0.006841
87180 CX12 86886 0.006841
87180 CX12 86892 0.006841
87180 CX12 86891 0.006841
87180 CX12 86890 0.006841
87180 CX12 86889 0.006841
87180 P2 87180 0.910000
87180 P2 86596 0.090000
87180 X0 87141 0.997774
87180 X0 87180 0.000742
87180 X0 87063 0.000742
87180 X0 87102 0.000742
ENDPOMDP
