BEGINPOMDP
INITIALSTATE: 85246
STATES: 85246,85247,85248,85249,85250,85267,85268,85269,85270,85271,85272,85273,85274,85293,85332,85371,85410,85431,85432,85433,85434,85723,85724,85725,85726,85727,85728,85729,85730,85901,85940,85979,86018
TARGETV: 85247,85249,85293,85371,85431,85434,85901,86018
GAMMA: 85246:0,85247:0,85248:0,85249:0,85250:0,85267:0,85268:0,85269:0,85270:0,85271:0,85272:0,85273:0,85274:0,85293:1,85332:1,85371:1,85410:1,85431:0,85432:0,85433:0,85434:0,85723:1,85724:1,85725:1,85726:1,85727:1,85728:1,85729:1,85730:1,85901:1,85940:1,85979:1,86018:1
BEGINACTIONS
CX02
CX12
P2
X0
ENDACTIONS
85246 INIT_ 85247 0.250000
85246 INIT_ 85248 0.250000
85246 INIT_ 85249 0.250000
85246 INIT_ 85250 0.250000
85247 CX02 85267 0.916315
85247 CX02 85268 0.011955
85247 CX02 85269 0.011955
85247 CX02 85270 0.011955
85247 CX02 85271 0.011955
85247 CX02 85272 0.011955
85247 CX02 85273 0.011955
85247 CX02 85274 0.011955
85247 CX12 85267 0.952113
85247 CX12 85268 0.006841
85247 CX12 85269 0.006841
85247 CX12 85270 0.006841
85247 CX12 85272 0.006841
85247 CX12 85271 0.006841
85247 CX12 85274 0.006841
85247 CX12 85273 0.006841
85247 P2 85247 0.922000
85247 P2 85293 0.078000
85247 X0 85248 0.978034
85247 X0 85247 0.007322
85247 X0 85249 0.007322
85247 X0 85250 0.007322
85248 CX02 85272 0.916315
85248 CX02 85271 0.011955
85248 CX02 85274 0.011955
85248 CX02 85273 0.011955
85248 CX02 85268 0.011955
85248 CX02 85267 0.011955
85248 CX02 85270 0.011955
85248 CX02 85269 0.011955
85248 CX12 85271 0.952113
85248 CX12 85272 0.006841
85248 CX12 85273 0.006841
85248 CX12 85274 0.006841
85248 CX12 85268 0.006841
85248 CX12 85267 0.006841
85248 CX12 85270 0.006841
85248 CX12 85269 0.006841
85248 P2 85248 0.922000
85248 P2 85332 0.078000
85248 X0 85247 0.978034
85248 X0 85248 0.007322
85248 X0 85250 0.007322
85248 X0 85249 0.007322
85249 CX02 85270 0.916315
85249 CX02 85269 0.011955
85249 CX02 85268 0.011955
85249 CX02 85267 0.011955
85249 CX02 85274 0.011955
85249 CX02 85273 0.011955
85249 CX02 85272 0.011955
85249 CX02 85271 0.011955
85249 CX12 85270 0.952113
85249 CX12 85269 0.006841
85249 CX12 85268 0.006841
85249 CX12 85267 0.006841
85249 CX12 85273 0.006841
85249 CX12 85274 0.006841
85249 CX12 85271 0.006841
85249 CX12 85272 0.006841
85249 P2 85249 0.922000
85249 P2 85371 0.078000
85249 X0 85250 0.978034
85249 X0 85249 0.007322
85249 X0 85247 0.007322
85249 X0 85248 0.007322
85250 CX02 85273 0.916315
85250 CX02 85274 0.011955
85250 CX02 85271 0.011955
85250 CX02 85272 0.011955
85250 CX02 85269 0.011955
85250 CX02 85270 0.011955
85250 CX02 85267 0.011955
85250 CX02 85268 0.011955
85250 CX12 85274 0.952113
85250 CX12 85273 0.006841
85250 CX12 85272 0.006841
85250 CX12 85271 0.006841
85250 CX12 85269 0.006841
85250 CX12 85270 0.006841
85250 CX12 85267 0.006841
85250 CX12 85268 0.006841
85250 P2 85250 0.922000
85250 P2 85410 0.078000
85250 X0 85249 0.978034
85250 X0 85250 0.007322
85250 X0 85248 0.007322
85250 X0 85247 0.007322
85267 CX02 85247 0.916315
85267 CX02 85431 0.011955
85267 CX02 85248 0.011955
85267 CX02 85432 0.011955
85267 CX02 85250 0.011955
85267 CX02 85433 0.011955
85267 CX02 85249 0.011955
85267 CX02 85434 0.011955
85267 CX12 85247 0.952113
85267 CX12 85431 0.006841
85267 CX12 85248 0.006841
85267 CX12 85432 0.006841
85267 CX12 85250 0.006841
85267 CX12 85433 0.006841
85267 CX12 85249 0.006841
85267 CX12 85434 0.006841
85267 X0 85271 0.978034
85267 X0 85267 0.007322
85267 X0 85270 0.007322
85267 X0 85274 0.007322
85268 CX02 85431 0.916315
85268 CX02 85247 0.011955
85268 CX02 85432 0.011955
85268 CX02 85248 0.011955
85268 CX02 85433 0.011955
85268 CX02 85250 0.011955
85268 CX02 85434 0.011955
85268 CX02 85249 0.011955
85268 CX12 85431 0.952113
85268 CX12 85247 0.006841
85268 CX12 85432 0.006841
85268 CX12 85248 0.006841
85268 CX12 85433 0.006841
85268 CX12 85250 0.006841
85268 CX12 85434 0.006841
85268 CX12 85249 0.006841
85268 X0 85272 0.978034
85268 X0 85268 0.007322
85268 X0 85269 0.007322
85268 X0 85273 0.007322
85269 CX02 85434 0.916315
85269 CX02 85249 0.011955
85269 CX02 85433 0.011955
85269 CX02 85250 0.011955
85269 CX02 85432 0.011955
85269 CX02 85248 0.011955
85269 CX02 85431 0.011955
85269 CX02 85247 0.011955
85269 CX12 85434 0.952113
85269 CX12 85249 0.006841
85269 CX12 85433 0.006841
85269 CX12 85250 0.006841
85269 CX12 85432 0.006841
85269 CX12 85248 0.006841
85269 CX12 85431 0.006841
85269 CX12 85247 0.006841
85269 X0 85273 0.978034
85269 X0 85269 0.007322
85269 X0 85268 0.007322
85269 X0 85272 0.007322
85270 CX02 85249 0.916315
85270 CX02 85434 0.011955
85270 CX02 85250 0.011955
85270 CX02 85433 0.011955
85270 CX02 85248 0.011955
85270 CX02 85432 0.011955
85270 CX02 85247 0.011955
85270 CX02 85431 0.011955
85270 CX12 85249 0.952113
85270 CX12 85434 0.006841
85270 CX12 85250 0.006841
85270 CX12 85433 0.006841
85270 CX12 85248 0.006841
85270 CX12 85432 0.006841
85270 CX12 85247 0.006841
85270 CX12 85431 0.006841
85270 X0 85274 0.978034
85270 X0 85270 0.007322
85270 X0 85267 0.007322
85270 X0 85271 0.007322
85271 CX02 85432 0.916315
85271 CX02 85248 0.011955
85271 CX02 85431 0.011955
85271 CX02 85247 0.011955
85271 CX02 85434 0.011955
85271 CX02 85249 0.011955
85271 CX02 85433 0.011955
85271 CX02 85250 0.011955
85271 CX12 85248 0.952113
85271 CX12 85432 0.006841
85271 CX12 85247 0.006841
85271 CX12 85431 0.006841
85271 CX12 85249 0.006841
85271 CX12 85434 0.006841
85271 CX12 85250 0.006841
85271 CX12 85433 0.006841
85271 X0 85267 0.978034
85271 X0 85271 0.007322
85271 X0 85274 0.007322
85271 X0 85270 0.007322
85272 CX02 85248 0.916315
85272 CX02 85432 0.011955
85272 CX02 85247 0.011955
85272 CX02 85431 0.011955
85272 CX02 85249 0.011955
85272 CX02 85434 0.011955
85272 CX02 85250 0.011955
85272 CX02 85433 0.011955
85272 CX12 85432 0.952113
85272 CX12 85248 0.006841
85272 CX12 85431 0.006841
85272 CX12 85247 0.006841
85272 CX12 85434 0.006841
85272 CX12 85249 0.006841
85272 CX12 85433 0.006841
85272 CX12 85250 0.006841
85272 X0 85268 0.978034
85272 X0 85272 0.007322
85272 X0 85273 0.007322
85272 X0 85269 0.007322
85273 CX02 85250 0.916315
85273 CX02 85433 0.011955
85273 CX02 85249 0.011955
85273 CX02 85434 0.011955
85273 CX02 85247 0.011955
85273 CX02 85431 0.011955
85273 CX02 85248 0.011955
85273 CX02 85432 0.011955
85273 CX12 85433 0.952113
85273 CX12 85250 0.006841
85273 CX12 85434 0.006841
85273 CX12 85249 0.006841
85273 CX12 85431 0.006841
85273 CX12 85247 0.006841
85273 CX12 85432 0.006841
85273 CX12 85248 0.006841
85273 X0 85269 0.978034
85273 X0 85273 0.007322
85273 X0 85272 0.007322
85273 X0 85268 0.007322
85274 CX02 85433 0.916315
85274 CX02 85250 0.011955
85274 CX02 85434 0.011955
85274 CX02 85249 0.011955
85274 CX02 85431 0.011955
85274 CX02 85247 0.011955
85274 CX02 85432 0.011955
85274 CX02 85248 0.011955
85274 CX12 85250 0.952113
85274 CX12 85433 0.006841
85274 CX12 85249 0.006841
85274 CX12 85434 0.006841
85274 CX12 85247 0.006841
85274 CX12 85431 0.006841
85274 CX12 85248 0.006841
85274 CX12 85432 0.006841
85274 X0 85270 0.978034
85274 X0 85274 0.007322
85274 X0 85271 0.007322
85274 X0 85267 0.007322
85293 CX02 85723 0.916315
85293 CX02 85724 0.011955
85293 CX02 85725 0.011955
85293 CX02 85726 0.011955
85293 CX02 85727 0.011955
85293 CX02 85728 0.011955
85293 CX02 85729 0.011955
85293 CX02 85730 0.011955
85293 CX12 85723 0.952113
85293 CX12 85724 0.006841
85293 CX12 85725 0.006841
85293 CX12 85726 0.006841
85293 CX12 85728 0.006841
85293 CX12 85727 0.006841
85293 CX12 85730 0.006841
85293 CX12 85729 0.006841
85293 P2 85247 0.922000
85293 P2 85293 0.078000
85293 X0 85332 0.978034
85293 X0 85293 0.007322
85293 X0 85371 0.007322
85293 X0 85410 0.007322
85332 CX02 85728 0.916315
85332 CX02 85727 0.011955
85332 CX02 85730 0.011955
85332 CX02 85729 0.011955
85332 CX02 85724 0.011955
85332 CX02 85723 0.011955
85332 CX02 85726 0.011955
85332 CX02 85725 0.011955
85332 CX12 85727 0.952113
85332 CX12 85728 0.006841
85332 CX12 85729 0.006841
85332 CX12 85730 0.006841
85332 CX12 85724 0.006841
85332 CX12 85723 0.006841
85332 CX12 85726 0.006841
85332 CX12 85725 0.006841
85332 P2 85248 0.922000
85332 P2 85332 0.078000
85332 X0 85293 0.978034
85332 X0 85332 0.007322
85332 X0 85410 0.007322
85332 X0 85371 0.007322
85371 CX02 85726 0.916315
85371 CX02 85725 0.011955
85371 CX02 85724 0.011955
85371 CX02 85723 0.011955
85371 CX02 85730 0.011955
85371 CX02 85729 0.011955
85371 CX02 85728 0.011955
85371 CX02 85727 0.011955
85371 CX12 85726 0.952113
85371 CX12 85725 0.006841
85371 CX12 85724 0.006841
85371 CX12 85723 0.006841
85371 CX12 85729 0.006841
85371 CX12 85730 0.006841
85371 CX12 85727 0.006841
85371 CX12 85728 0.006841
85371 P2 85249 0.922000
85371 P2 85371 0.078000
85371 X0 85410 0.978034
85371 X0 85371 0.007322
85371 X0 85293 0.007322
85371 X0 85332 0.007322
85410 CX02 85729 0.916315
85410 CX02 85730 0.011955
85410 CX02 85727 0.011955
85410 CX02 85728 0.011955
85410 CX02 85725 0.011955
85410 CX02 85726 0.011955
85410 CX02 85723 0.011955
85410 CX02 85724 0.011955
85410 CX12 85730 0.952113
85410 CX12 85729 0.006841
85410 CX12 85728 0.006841
85410 CX12 85727 0.006841
85410 CX12 85725 0.006841
85410 CX12 85726 0.006841
85410 CX12 85723 0.006841
85410 CX12 85724 0.006841
85410 P2 85250 0.922000
85410 P2 85410 0.078000
85410 X0 85371 0.978034
85410 X0 85410 0.007322
85410 X0 85332 0.007322
85410 X0 85293 0.007322
85431 CX02 85268 0.916315
85431 CX02 85267 0.011955
85431 CX02 85270 0.011955
85431 CX02 85269 0.011955
85431 CX02 85272 0.011955
85431 CX02 85271 0.011955
85431 CX02 85274 0.011955
85431 CX02 85273 0.011955
85431 CX12 85268 0.952113
85431 CX12 85267 0.006841
85431 CX12 85270 0.006841
85431 CX12 85269 0.006841
85431 CX12 85271 0.006841
85431 CX12 85272 0.006841
85431 CX12 85273 0.006841
85431 CX12 85274 0.006841
85431 P2 85901 0.910000
85431 P2 85431 0.090000
85431 X0 85432 0.978034
85431 X0 85431 0.007322
85431 X0 85434 0.007322
85431 X0 85433 0.007322
85432 CX02 85271 0.916315
85432 CX02 85272 0.011955
85432 CX02 85273 0.011955
85432 CX02 85274 0.011955
85432 CX02 85267 0.011955
85432 CX02 85268 0.011955
85432 CX02 85269 0.011955
85432 CX02 85270 0.011955
85432 CX12 85272 0.952113
85432 CX12 85271 0.006841
85432 CX12 85274 0.006841
85432 CX12 85273 0.006841
85432 CX12 85267 0.006841
85432 CX12 85268 0.006841
85432 CX12 85269 0.006841
85432 CX12 85270 0.006841
85432 P2 85940 0.910000
85432 P2 85432 0.090000
85432 X0 85431 0.978034
85432 X0 85432 0.007322
85432 X0 85433 0.007322
85432 X0 85434 0.007322
85433 CX02 85274 0.916315
85433 CX02 85273 0.011955
85433 CX02 85272 0.011955
85433 CX02 85271 0.011955
85433 CX02 85270 0.011955
85433 CX02 85269 0.011955
85433 CX02 85268 0.011955
85433 CX02 85267 0.011955
85433 CX12 85273 0.952113
85433 CX12 85274 0.006841
85433 CX12 85271 0.006841
85433 CX12 85272 0.006841
85433 CX12 85270 0.006841
85433 CX12 85269 0.006841
85433 CX12 85268 0.006841
85433 CX12 85267 0.006841
85433 P2 85979 0.910000
85433 P2 85433 0.090000
85433 X0 85434 0.978034
85433 X0 85433 0.007322
85433 X0 85432 0.007322
85433 X0 85431 0.007322
85434 CX02 85269 0.916315
85434 CX02 85270 0.011955
85434 CX02 85267 0.011955
85434 CX02 85268 0.011955
85434 CX02 85273 0.011955
85434 CX02 85274 0.011955
85434 CX02 85271 0.011955
85434 CX02 85272 0.011955
85434 CX12 85269 0.952113
85434 CX12 85270 0.006841
85434 CX12 85267 0.006841
85434 CX12 85268 0.006841
85434 CX12 85274 0.006841
85434 CX12 85273 0.006841
85434 CX12 85272 0.006841
85434 CX12 85271 0.006841
85434 P2 86018 0.910000
85434 P2 85434 0.090000
85434 X0 85433 0.978034
85434 X0 85434 0.007322
85434 X0 85431 0.007322
85434 X0 85432 0.007322
85723 CX02 85293 0.916315
85723 CX02 85901 0.011955
85723 CX02 85332 0.011955
85723 CX02 85940 0.011955
85723 CX02 85410 0.011955
85723 CX02 85979 0.011955
85723 CX02 85371 0.011955
85723 CX02 86018 0.011955
85723 CX12 85293 0.952113
85723 CX12 85901 0.006841
85723 CX12 85332 0.006841
85723 CX12 85940 0.006841
85723 CX12 85410 0.006841
85723 CX12 85979 0.006841
85723 CX12 85371 0.006841
85723 CX12 86018 0.006841
85723 X0 85727 0.978034
85723 X0 85723 0.007322
85723 X0 85726 0.007322
85723 X0 85730 0.007322
85724 CX02 85901 0.916315
85724 CX02 85293 0.011955
85724 CX02 85940 0.011955
85724 CX02 85332 0.011955
85724 CX02 85979 0.011955
85724 CX02 85410 0.011955
85724 CX02 86018 0.011955
85724 CX02 85371 0.011955
85724 CX12 85901 0.952113
85724 CX12 85293 0.006841
85724 CX12 85940 0.006841
85724 CX12 85332 0.006841
85724 CX12 85979 0.006841
85724 CX12 85410 0.006841
85724 CX12 86018 0.006841
85724 CX12 85371 0.006841
85724 X0 85728 0.978034
85724 X0 85724 0.007322
85724 X0 85725 0.007322
85724 X0 85729 0.007322
85725 CX02 86018 0.916315
85725 CX02 85371 0.011955
85725 CX02 85979 0.011955
85725 CX02 85410 0.011955
85725 CX02 85940 0.011955
85725 CX02 85332 0.011955
85725 CX02 85901 0.011955
85725 CX02 85293 0.011955
85725 CX12 86018 0.952113
85725 CX12 85371 0.006841
85725 CX12 85979 0.006841
85725 CX12 85410 0.006841
85725 CX12 85940 0.006841
85725 CX12 85332 0.006841
85725 CX12 85901 0.006841
85725 CX12 85293 0.006841
85725 X0 85729 0.978034
85725 X0 85725 0.007322
85725 X0 85724 0.007322
85725 X0 85728 0.007322
85726 CX02 85371 0.916315
85726 CX02 86018 0.011955
85726 CX02 85410 0.011955
85726 CX02 85979 0.011955
85726 CX02 85332 0.011955
85726 CX02 85940 0.011955
85726 CX02 85293 0.011955
85726 CX02 85901 0.011955
85726 CX12 85371 0.952113
85726 CX12 86018 0.006841
85726 CX12 85410 0.006841
85726 CX12 85979 0.006841
85726 CX12 85332 0.006841
85726 CX12 85940 0.006841
85726 CX12 85293 0.006841
85726 CX12 85901 0.006841
85726 X0 85730 0.978034
85726 X0 85726 0.007322
85726 X0 85723 0.007322
85726 X0 85727 0.007322
85727 CX02 85940 0.916315
85727 CX02 85332 0.011955
85727 CX02 85901 0.011955
85727 CX02 85293 0.011955
85727 CX02 86018 0.011955
85727 CX02 85371 0.011955
85727 CX02 85979 0.011955
85727 CX02 85410 0.011955
85727 CX12 85332 0.952113
85727 CX12 85940 0.006841
85727 CX12 85293 0.006841
85727 CX12 85901 0.006841
85727 CX12 85371 0.006841
85727 CX12 86018 0.006841
85727 CX12 85410 0.006841
85727 CX12 85979 0.006841
85727 X0 85723 0.978034
85727 X0 85727 0.007322
85727 X0 85730 0.007322
85727 X0 85726 0.007322
85728 CX02 85332 0.916315
85728 CX02 85940 0.011955
85728 CX02 85293 0.011955
85728 CX02 85901 0.011955
85728 CX02 85371 0.011955
85728 CX02 86018 0.011955
85728 CX02 85410 0.011955
85728 CX02 85979 0.011955
85728 CX12 85940 0.952113
85728 CX12 85332 0.006841
85728 CX12 85901 0.006841
85728 CX12 85293 0.006841
85728 CX12 86018 0.006841
85728 CX12 85371 0.006841
85728 CX12 85979 0.006841
85728 CX12 85410 0.006841
85728 X0 85724 0.978034
85728 X0 85728 0.007322
85728 X0 85729 0.007322
85728 X0 85725 0.007322
85729 CX02 85410 0.916315
85729 CX02 85979 0.011955
85729 CX02 85371 0.011955
85729 CX02 86018 0.011955
85729 CX02 85293 0.011955
85729 CX02 85901 0.011955
85729 CX02 85332 0.011955
85729 CX02 85940 0.011955
85729 CX12 85979 0.952113
85729 CX12 85410 0.006841
85729 CX12 86018 0.006841
85729 CX12 85371 0.006841
85729 CX12 85901 0.006841
85729 CX12 85293 0.006841
85729 CX12 85940 0.006841
85729 CX12 85332 0.006841
85729 X0 85725 0.978034
85729 X0 85729 0.007322
85729 X0 85728 0.007322
85729 X0 85724 0.007322
85730 CX02 85979 0.916315
85730 CX02 85410 0.011955
85730 CX02 86018 0.011955
85730 CX02 85371 0.011955
85730 CX02 85901 0.011955
85730 CX02 85293 0.011955
85730 CX02 85940 0.011955
85730 CX02 85332 0.011955
85730 CX12 85410 0.952113
85730 CX12 85979 0.006841
85730 CX12 85371 0.006841
85730 CX12 86018 0.006841
85730 CX12 85293 0.006841
85730 CX12 85901 0.006841
85730 CX12 85332 0.006841
85730 CX12 85940 0.006841
85730 X0 85726 0.978034
85730 X0 85730 0.007322
85730 X0 85727 0.007322
85730 X0 85723 0.007322
85901 CX02 85724 0.916315
85901 CX02 85723 0.011955
85901 CX02 85726 0.011955
85901 CX02 85725 0.011955
85901 CX02 85728 0.011955
85901 CX02 85727 0.011955
85901 CX02 85730 0.011955
85901 CX02 85729 0.011955
85901 CX12 85724 0.952113
85901 CX12 85723 0.006841
85901 CX12 85726 0.006841
85901 CX12 85725 0.006841
85901 CX12 85727 0.006841
85901 CX12 85728 0.006841
85901 CX12 85729 0.006841
85901 CX12 85730 0.006841
85901 P2 85901 0.910000
85901 P2 85431 0.090000
85901 X0 85940 0.978034
85901 X0 85901 0.007322
85901 X0 86018 0.007322
85901 X0 85979 0.007322
85940 CX02 85727 0.916315
85940 CX02 85728 0.011955
85940 CX02 85729 0.011955
85940 CX02 85730 0.011955
85940 CX02 85723 0.011955
85940 CX02 85724 0.011955
85940 CX02 85725 0.011955
85940 CX02 85726 0.011955
85940 CX12 85728 0.952113
85940 CX12 85727 0.006841
85940 CX12 85730 0.006841
85940 CX12 85729 0.006841
85940 CX12 85723 0.006841
85940 CX12 85724 0.006841
85940 CX12 85725 0.006841
85940 CX12 85726 0.006841
85940 P2 85940 0.910000
85940 P2 85432 0.090000
85940 X0 85901 0.978034
85940 X0 85940 0.007322
85940 X0 85979 0.007322
85940 X0 86018 0.007322
85979 CX02 85730 0.916315
85979 CX02 85729 0.011955
85979 CX02 85728 0.011955
85979 CX02 85727 0.011955
85979 CX02 85726 0.011955
85979 CX02 85725 0.011955
85979 CX02 85724 0.011955
85979 CX02 85723 0.011955
85979 CX12 85729 0.952113
85979 CX12 85730 0.006841
85979 CX12 85727 0.006841
85979 CX12 85728 0.006841
85979 CX12 85726 0.006841
85979 CX12 85725 0.006841
85979 CX12 85724 0.006841
85979 CX12 85723 0.006841
85979 P2 85979 0.910000
85979 P2 85433 0.090000
85979 X0 86018 0.978034
85979 X0 85979 0.007322
85979 X0 85940 0.007322
85979 X0 85901 0.007322
86018 CX02 85725 0.916315
86018 CX02 85726 0.011955
86018 CX02 85723 0.011955
86018 CX02 85724 0.011955
86018 CX02 85729 0.011955
86018 CX02 85730 0.011955
86018 CX02 85727 0.011955
86018 CX02 85728 0.011955
86018 CX12 85725 0.952113
86018 CX12 85726 0.006841
86018 CX12 85723 0.006841
86018 CX12 85724 0.006841
86018 CX12 85730 0.006841
86018 CX12 85729 0.006841
86018 CX12 85728 0.006841
86018 CX12 85727 0.006841
86018 P2 86018 0.910000
86018 P2 85434 0.090000
86018 X0 85979 0.978034
86018 X0 86018 0.007322
86018 X0 85901 0.007322
86018 X0 85940 0.007322
ENDPOMDP
