BEGINPOMDP
INITIALSTATE: 79161
STATES: 79161,79162,79163,79164,79165,79182,79183,79184,79185,79186,79187,79188,79189,79208,79247,79286,79325,79346,79347,79348,79349,79638,79639,79640,79641,79642,79643,79644,79645,79816,79855,79894,79933
TARGETV: 79162,79164,79208,79286,79346,79349,79816,79933
GAMMA: 79161:0,79162:0,79163:0,79164:0,79165:0,79182:0,79183:0,79184:0,79185:0,79186:0,79187:0,79188:0,79189:0,79208:1,79247:1,79286:1,79325:1,79346:0,79347:0,79348:0,79349:0,79638:1,79639:1,79640:1,79641:1,79642:1,79643:1,79644:1,79645:1,79816:1,79855:1,79894:1,79933:1
BEGINACTIONS
CX02
CX12
P2
X0
ENDACTIONS
79161 INIT_ 79162 0.250000
79161 INIT_ 79163 0.250000
79161 INIT_ 79164 0.250000
79161 INIT_ 79165 0.250000
79162 CX02 79182 0.974853
79162 CX02 79183 0.003592
79162 CX02 79184 0.003592
79162 CX02 79185 0.003592
79162 CX02 79186 0.003592
79162 CX02 79187 0.003592
79162 CX02 79188 0.003592
79162 CX02 79189 0.003592
79162 CX12 79182 0.985143
79162 CX12 79183 0.002122
79162 CX12 79184 0.002122
79162 CX12 79185 0.002122
79162 CX12 79187 0.002122
79162 CX12 79186 0.002122
79162 CX12 79189 0.002122
79162 CX12 79188 0.002122
79162 P2 79162 0.956200
79162 P2 79208 0.043800
79162 X0 79163 0.997764
79162 X0 79162 0.000745
79162 X0 79164 0.000745
79162 X0 79165 0.000745
79163 CX02 79187 0.974853
79163 CX02 79186 0.003592
79163 CX02 79189 0.003592
79163 CX02 79188 0.003592
79163 CX02 79183 0.003592
79163 CX02 79182 0.003592
79163 CX02 79185 0.003592
79163 CX02 79184 0.003592
79163 CX12 79186 0.985143
79163 CX12 79187 0.002122
79163 CX12 79188 0.002122
79163 CX12 79189 0.002122
79163 CX12 79183 0.002122
79163 CX12 79182 0.002122
79163 CX12 79185 0.002122
79163 CX12 79184 0.002122
79163 P2 79163 0.956200
79163 P2 79247 0.043800
79163 X0 79162 0.997764
79163 X0 79163 0.000745
79163 X0 79165 0.000745
79163 X0 79164 0.000745
79164 CX02 79185 0.974853
79164 CX02 79184 0.003592
79164 CX02 79183 0.003592
79164 CX02 79182 0.003592
79164 CX02 79189 0.003592
79164 CX02 79188 0.003592
79164 CX02 79187 0.003592
79164 CX02 79186 0.003592
79164 CX12 79185 0.985143
79164 CX12 79184 0.002122
79164 CX12 79183 0.002122
79164 CX12 79182 0.002122
79164 CX12 79188 0.002122
79164 CX12 79189 0.002122
79164 CX12 79186 0.002122
79164 CX12 79187 0.002122
79164 P2 79164 0.956200
79164 P2 79286 0.043800
79164 X0 79165 0.997764
79164 X0 79164 0.000745
79164 X0 79162 0.000745
79164 X0 79163 0.000745
79165 CX02 79188 0.974853
79165 CX02 79189 0.003592
79165 CX02 79186 0.003592
79165 CX02 79187 0.003592
79165 CX02 79184 0.003592
79165 CX02 79185 0.003592
79165 CX02 79182 0.003592
79165 CX02 79183 0.003592
79165 CX12 79189 0.985143
79165 CX12 79188 0.002122
79165 CX12 79187 0.002122
79165 CX12 79186 0.002122
79165 CX12 79184 0.002122
79165 CX12 79185 0.002122
79165 CX12 79182 0.002122
79165 CX12 79183 0.002122
79165 P2 79165 0.956200
79165 P2 79325 0.043800
79165 X0 79164 0.997764
79165 X0 79165 0.000745
79165 X0 79163 0.000745
79165 X0 79162 0.000745
79182 CX02 79162 0.974853
79182 CX02 79346 0.003592
79182 CX02 79163 0.003592
79182 CX02 79347 0.003592
79182 CX02 79165 0.003592
79182 CX02 79348 0.003592
79182 CX02 79164 0.003592
79182 CX02 79349 0.003592
79182 CX12 79162 0.985143
79182 CX12 79346 0.002122
79182 CX12 79163 0.002122
79182 CX12 79347 0.002122
79182 CX12 79165 0.002122
79182 CX12 79348 0.002122
79182 CX12 79164 0.002122
79182 CX12 79349 0.002122
79182 X0 79186 0.997764
79182 X0 79182 0.000745
79182 X0 79185 0.000745
79182 X0 79189 0.000745
79183 CX02 79346 0.974853
79183 CX02 79162 0.003592
79183 CX02 79347 0.003592
79183 CX02 79163 0.003592
79183 CX02 79348 0.003592
79183 CX02 79165 0.003592
79183 CX02 79349 0.003592
79183 CX02 79164 0.003592
79183 CX12 79346 0.985143
79183 CX12 79162 0.002122
79183 CX12 79347 0.002122
79183 CX12 79163 0.002122
79183 CX12 79348 0.002122
79183 CX12 79165 0.002122
79183 CX12 79349 0.002122
79183 CX12 79164 0.002122
79183 X0 79187 0.997764
79183 X0 79183 0.000745
79183 X0 79184 0.000745
79183 X0 79188 0.000745
79184 CX02 79349 0.974853
79184 CX02 79164 0.003592
79184 CX02 79348 0.003592
79184 CX02 79165 0.003592
79184 CX02 79347 0.003592
79184 CX02 79163 0.003592
79184 CX02 79346 0.003592
79184 CX02 79162 0.003592
79184 CX12 79349 0.985143
79184 CX12 79164 0.002122
79184 CX12 79348 0.002122
79184 CX12 79165 0.002122
79184 CX12 79347 0.002122
79184 CX12 79163 0.002122
79184 CX12 79346 0.002122
79184 CX12 79162 0.002122
79184 X0 79188 0.997764
79184 X0 79184 0.000745
79184 X0 79183 0.000745
79184 X0 79187 0.000745
79185 CX02 79164 0.974853
79185 CX02 79349 0.003592
79185 CX02 79165 0.003592
79185 CX02 79348 0.003592
79185 CX02 79163 0.003592
79185 CX02 79347 0.003592
79185 CX02 79162 0.003592
79185 CX02 79346 0.003592
79185 CX12 79164 0.985143
79185 CX12 79349 0.002122
79185 CX12 79165 0.002122
79185 CX12 79348 0.002122
79185 CX12 79163 0.002122
79185 CX12 79347 0.002122
79185 CX12 79162 0.002122
79185 CX12 79346 0.002122
79185 X0 79189 0.997764
79185 X0 79185 0.000745
79185 X0 79182 0.000745
79185 X0 79186 0.000745
79186 CX02 79347 0.974853
79186 CX02 79163 0.003592
79186 CX02 79346 0.003592
79186 CX02 79162 0.003592
79186 CX02 79349 0.003592
79186 CX02 79164 0.003592
79186 CX02 79348 0.003592
79186 CX02 79165 0.003592
79186 CX12 79163 0.985143
79186 CX12 79347 0.002122
79186 CX12 79162 0.002122
79186 CX12 79346 0.002122
79186 CX12 79164 0.002122
79186 CX12 79349 0.002122
79186 CX12 79165 0.002122
79186 CX12 79348 0.002122
79186 X0 79182 0.997764
79186 X0 79186 0.000745
79186 X0 79189 0.000745
79186 X0 79185 0.000745
79187 CX02 79163 0.974853
79187 CX02 79347 0.003592
79187 CX02 79162 0.003592
79187 CX02 79346 0.003592
79187 CX02 79164 0.003592
79187 CX02 79349 0.003592
79187 CX02 79165 0.003592
79187 CX02 79348 0.003592
79187 CX12 79347 0.985143
79187 CX12 79163 0.002122
79187 CX12 79346 0.002122
79187 CX12 79162 0.002122
79187 CX12 79349 0.002122
79187 CX12 79164 0.002122
79187 CX12 79348 0.002122
79187 CX12 79165 0.002122
79187 X0 79183 0.997764
79187 X0 79187 0.000745
79187 X0 79188 0.000745
79187 X0 79184 0.000745
79188 CX02 79165 0.974853
79188 CX02 79348 0.003592
79188 CX02 79164 0.003592
79188 CX02 79349 0.003592
79188 CX02 79162 0.003592
79188 CX02 79346 0.003592
79188 CX02 79163 0.003592
79188 CX02 79347 0.003592
79188 CX12 79348 0.985143
79188 CX12 79165 0.002122
79188 CX12 79349 0.002122
79188 CX12 79164 0.002122
79188 CX12 79346 0.002122
79188 CX12 79162 0.002122
79188 CX12 79347 0.002122
79188 CX12 79163 0.002122
79188 X0 79184 0.997764
79188 X0 79188 0.000745
79188 X0 79187 0.000745
79188 X0 79183 0.000745
79189 CX02 79348 0.974853
79189 CX02 79165 0.003592
79189 CX02 79349 0.003592
79189 CX02 79164 0.003592
79189 CX02 79346 0.003592
79189 CX02 79162 0.003592
79189 CX02 79347 0.003592
79189 CX02 79163 0.003592
79189 CX12 79165 0.985143
79189 CX12 79348 0.002122
79189 CX12 79164 0.002122
79189 CX12 79349 0.002122
79189 CX12 79162 0.002122
79189 CX12 79346 0.002122
79189 CX12 79163 0.002122
79189 CX12 79347 0.002122
79189 X0 79185 0.997764
79189 X0 79189 0.000745
79189 X0 79186 0.000745
79189 X0 79182 0.000745
79208 CX02 79638 0.974853
79208 CX02 79639 0.003592
79208 CX02 79640 0.003592
79208 CX02 79641 0.003592
79208 CX02 79642 0.003592
79208 CX02 79643 0.003592
79208 CX02 79644 0.003592
79208 CX02 79645 0.003592
79208 CX12 79638 0.985143
79208 CX12 79639 0.002122
79208 CX12 79640 0.002122
79208 CX12 79641 0.002122
79208 CX12 79643 0.002122
79208 CX12 79642 0.002122
79208 CX12 79645 0.002122
79208 CX12 79644 0.002122
79208 P2 79162 0.956200
79208 P2 79208 0.043800
79208 X0 79247 0.997764
79208 X0 79208 0.000745
79208 X0 79286 0.000745
79208 X0 79325 0.000745
79247 CX02 79643 0.974853
79247 CX02 79642 0.003592
79247 CX02 79645 0.003592
79247 CX02 79644 0.003592
79247 CX02 79639 0.003592
79247 CX02 79638 0.003592
79247 CX02 79641 0.003592
79247 CX02 79640 0.003592
79247 CX12 79642 0.985143
79247 CX12 79643 0.002122
79247 CX12 79644 0.002122
79247 CX12 79645 0.002122
79247 CX12 79639 0.002122
79247 CX12 79638 0.002122
79247 CX12 79641 0.002122
79247 CX12 79640 0.002122
79247 P2 79163 0.956200
79247 P2 79247 0.043800
79247 X0 79208 0.997764
79247 X0 79247 0.000745
79247 X0 79325 0.000745
79247 X0 79286 0.000745
79286 CX02 79641 0.974853
79286 CX02 79640 0.003592
79286 CX02 79639 0.003592
79286 CX02 79638 0.003592
79286 CX02 79645 0.003592
79286 CX02 79644 0.003592
79286 CX02 79643 0.003592
79286 CX02 79642 0.003592
79286 CX12 79641 0.985143
79286 CX12 79640 0.002122
79286 CX12 79639 0.002122
79286 CX12 79638 0.002122
79286 CX12 79644 0.002122
79286 CX12 79645 0.002122
79286 CX12 79642 0.002122
79286 CX12 79643 0.002122
79286 P2 79164 0.956200
79286 P2 79286 0.043800
79286 X0 79325 0.997764
79286 X0 79286 0.000745
79286 X0 79208 0.000745
79286 X0 79247 0.000745
79325 CX02 79644 0.974853
79325 CX02 79645 0.003592
79325 CX02 79642 0.003592
79325 CX02 79643 0.003592
79325 CX02 79640 0.003592
79325 CX02 79641 0.003592
79325 CX02 79638 0.003592
79325 CX02 79639 0.003592
79325 CX12 79645 0.985143
79325 CX12 79644 0.002122
79325 CX12 79643 0.002122
79325 CX12 79642 0.002122
79325 CX12 79640 0.002122
79325 CX12 79641 0.002122
79325 CX12 79638 0.002122
79325 CX12 79639 0.002122
79325 P2 79165 0.956200
79325 P2 79325 0.043800
79325 X0 79286 0.997764
79325 X0 79325 0.000745
79325 X0 79247 0.000745
79325 X0 79208 0.000745
79346 CX02 79183 0.974853
79346 CX02 79182 0.003592
79346 CX02 79185 0.003592
79346 CX02 79184 0.003592
79346 CX02 79187 0.003592
79346 CX02 79186 0.003592
79346 CX02 79189 0.003592
79346 CX02 79188 0.003592
79346 CX12 79183 0.985143
79346 CX12 79182 0.002122
79346 CX12 79185 0.002122
79346 CX12 79184 0.002122
79346 CX12 79186 0.002122
79346 CX12 79187 0.002122
79346 CX12 79188 0.002122
79346 CX12 79189 0.002122
79346 P2 79816 0.787200
79346 P2 79346 0.212800
79346 X0 79347 0.997764
79346 X0 79346 0.000745
79346 X0 79349 0.000745
79346 X0 79348 0.000745
79347 CX02 79186 0.974853
79347 CX02 79187 0.003592
79347 CX02 79188 0.003592
79347 CX02 79189 0.003592
79347 CX02 79182 0.003592
79347 CX02 79183 0.003592
79347 CX02 79184 0.003592
79347 CX02 79185 0.003592
79347 CX12 79187 0.985143
79347 CX12 79186 0.002122
79347 CX12 79189 0.002122
79347 CX12 79188 0.002122
79347 CX12 79182 0.002122
79347 CX12 79183 0.002122
79347 CX12 79184 0.002122
79347 CX12 79185 0.002122
79347 P2 79855 0.787200
79347 P2 79347 0.212800
79347 X0 79346 0.997764
79347 X0 79347 0.000745
79347 X0 79348 0.000745
79347 X0 79349 0.000745
79348 CX02 79189 0.974853
79348 CX02 79188 0.003592
79348 CX02 79187 0.003592
79348 CX02 79186 0.003592
79348 CX02 79185 0.003592
79348 CX02 79184 0.003592
79348 CX02 79183 0.003592
79348 CX02 79182 0.003592
79348 CX12 79188 0.985143
79348 CX12 79189 0.002122
79348 CX12 79186 0.002122
79348 CX12 79187 0.002122
79348 CX12 79185 0.002122
79348 CX12 79184 0.002122
79348 CX12 79183 0.002122
79348 CX12 79182 0.002122
79348 P2 79894 0.787200
79348 P2 79348 0.212800
79348 X0 79349 0.997764
79348 X0 79348 0.000745
79348 X0 79347 0.000745
79348 X0 79346 0.000745
79349 CX02 79184 0.974853
79349 CX02 79185 0.003592
79349 CX02 79182 0.003592
79349 CX02 79183 0.003592
79349 CX02 79188 0.003592
79349 CX02 79189 0.003592
79349 CX02 79186 0.003592
79349 CX02 79187 0.003592
79349 CX12 79184 0.985143
79349 CX12 79185 0.002122
79349 CX12 79182 0.002122
79349 CX12 79183 0.002122
79349 CX12 79189 0.002122
79349 CX12 79188 0.002122
79349 CX12 79187 0.002122
79349 CX12 79186 0.002122
79349 P2 79933 0.787200
79349 P2 79349 0.212800
79349 X0 79348 0.997764
79349 X0 79349 0.000745
79349 X0 79346 0.000745
79349 X0 79347 0.000745
79638 CX02 79208 0.974853
79638 CX02 79816 0.003592
79638 CX02 79247 0.003592
79638 CX02 79855 0.003592
79638 CX02 79325 0.003592
79638 CX02 79894 0.003592
79638 CX02 79286 0.003592
79638 CX02 79933 0.003592
79638 CX12 79208 0.985143
79638 CX12 79816 0.002122
79638 CX12 79247 0.002122
79638 CX12 79855 0.002122
79638 CX12 79325 0.002122
79638 CX12 79894 0.002122
79638 CX12 79286 0.002122
79638 CX12 79933 0.002122
79638 X0 79642 0.997764
79638 X0 79638 0.000745
79638 X0 79641 0.000745
79638 X0 79645 0.000745
79639 CX02 79816 0.974853
79639 CX02 79208 0.003592
79639 CX02 79855 0.003592
79639 CX02 79247 0.003592
79639 CX02 79894 0.003592
79639 CX02 79325 0.003592
79639 CX02 79933 0.003592
79639 CX02 79286 0.003592
79639 CX12 79816 0.985143
79639 CX12 79208 0.002122
79639 CX12 79855 0.002122
79639 CX12 79247 0.002122
79639 CX12 79894 0.002122
79639 CX12 79325 0.002122
79639 CX12 79933 0.002122
79639 CX12 79286 0.002122
79639 X0 79643 0.997764
79639 X0 79639 0.000745
79639 X0 79640 0.000745
79639 X0 79644 0.000745
79640 CX02 79933 0.974853
79640 CX02 79286 0.003592
79640 CX02 79894 0.003592
79640 CX02 79325 0.003592
79640 CX02 79855 0.003592
79640 CX02 79247 0.003592
79640 CX02 79816 0.003592
79640 CX02 79208 0.003592
79640 CX12 79933 0.985143
79640 CX12 79286 0.002122
79640 CX12 79894 0.002122
79640 CX12 79325 0.002122
79640 CX12 79855 0.002122
79640 CX12 79247 0.002122
79640 CX12 79816 0.002122
79640 CX12 79208 0.002122
79640 X0 79644 0.997764
79640 X0 79640 0.000745
79640 X0 79639 0.000745
79640 X0 79643 0.000745
79641 CX02 79286 0.974853
79641 CX02 79933 0.003592
79641 CX02 79325 0.003592
79641 CX02 79894 0.003592
79641 CX02 79247 0.003592
79641 CX02 79855 0.003592
79641 CX02 79208 0.003592
79641 CX02 79816 0.003592
79641 CX12 79286 0.985143
79641 CX12 79933 0.002122
79641 CX12 79325 0.002122
79641 CX12 79894 0.002122
79641 CX12 79247 0.002122
79641 CX12 79855 0.002122
79641 CX12 79208 0.002122
79641 CX12 79816 0.002122
79641 X0 79645 0.997764
79641 X0 79641 0.000745
79641 X0 79638 0.000745
79641 X0 79642 0.000745
79642 CX02 79855 0.974853
79642 CX02 79247 0.003592
79642 CX02 79816 0.003592
79642 CX02 79208 0.003592
79642 CX02 79933 0.003592
79642 CX02 79286 0.003592
79642 CX02 79894 0.003592
79642 CX02 79325 0.003592
79642 CX12 79247 0.985143
79642 CX12 79855 0.002122
79642 CX12 79208 0.002122
79642 CX12 79816 0.002122
79642 CX12 79286 0.002122
79642 CX12 79933 0.002122
79642 CX12 79325 0.002122
79642 CX12 79894 0.002122
79642 X0 79638 0.997764
79642 X0 79642 0.000745
79642 X0 79645 0.000745
79642 X0 79641 0.000745
79643 CX02 79247 0.974853
79643 CX02 79855 0.003592
79643 CX02 79208 0.003592
79643 CX02 79816 0.003592
79643 CX02 79286 0.003592
79643 CX02 79933 0.003592
79643 CX02 79325 0.003592
79643 CX02 79894 0.003592
79643 CX12 79855 0.985143
79643 CX12 79247 0.002122
79643 CX12 79816 0.002122
79643 CX12 79208 0.002122
79643 CX12 79933 0.002122
79643 CX12 79286 0.002122
79643 CX12 79894 0.002122
79643 CX12 79325 0.002122
79643 X0 79639 0.997764
79643 X0 79643 0.000745
79643 X0 79644 0.000745
79643 X0 79640 0.000745
79644 CX02 79325 0.974853
79644 CX02 79894 0.003592
79644 CX02 79286 0.003592
79644 CX02 79933 0.003592
79644 CX02 79208 0.003592
79644 CX02 79816 0.003592
79644 CX02 79247 0.003592
79644 CX02 79855 0.003592
79644 CX12 79894 0.985143
79644 CX12 79325 0.002122
79644 CX12 79933 0.002122
79644 CX12 79286 0.002122
79644 CX12 79816 0.002122
79644 CX12 79208 0.002122
79644 CX12 79855 0.002122
79644 CX12 79247 0.002122
79644 X0 79640 0.997764
79644 X0 79644 0.000745
79644 X0 79643 0.000745
79644 X0 79639 0.000745
79645 CX02 79894 0.974853
79645 CX02 79325 0.003592
79645 CX02 79933 0.003592
79645 CX02 79286 0.003592
79645 CX02 79816 0.003592
79645 CX02 79208 0.003592
79645 CX02 79855 0.003592
79645 CX02 79247 0.003592
79645 CX12 79325 0.985143
79645 CX12 79894 0.002122
79645 CX12 79286 0.002122
79645 CX12 79933 0.002122
79645 CX12 79208 0.002122
79645 CX12 79816 0.002122
79645 CX12 79247 0.002122
79645 CX12 79855 0.002122
79645 X0 79641 0.997764
79645 X0 79645 0.000745
79645 X0 79642 0.000745
79645 X0 79638 0.000745
79816 CX02 79639 0.974853
79816 CX02 79638 0.003592
79816 CX02 79641 0.003592
79816 CX02 79640 0.003592
79816 CX02 79643 0.003592
79816 CX02 79642 0.003592
79816 CX02 79645 0.003592
79816 CX02 79644 0.003592
79816 CX12 79639 0.985143
79816 CX12 79638 0.002122
79816 CX12 79641 0.002122
79816 CX12 79640 0.002122
79816 CX12 79642 0.002122
79816 CX12 79643 0.002122
79816 CX12 79644 0.002122
79816 CX12 79645 0.002122
79816 P2 79816 0.787200
79816 P2 79346 0.212800
79816 X0 79855 0.997764
79816 X0 79816 0.000745
79816 X0 79933 0.000745
79816 X0 79894 0.000745
79855 CX02 79642 0.974853
79855 CX02 79643 0.003592
79855 CX02 79644 0.003592
79855 CX02 79645 0.003592
79855 CX02 79638 0.003592
79855 CX02 79639 0.003592
79855 CX02 79640 0.003592
79855 CX02 79641 0.003592
79855 CX12 79643 0.985143
79855 CX12 79642 0.002122
79855 CX12 79645 0.002122
79855 CX12 79644 0.002122
79855 CX12 79638 0.002122
79855 CX12 79639 0.002122
79855 CX12 79640 0.002122
79855 CX12 79641 0.002122
79855 P2 79855 0.787200
79855 P2 79347 0.212800
79855 X0 79816 0.997764
79855 X0 79855 0.000745
79855 X0 79894 0.000745
79855 X0 79933 0.000745
79894 CX02 79645 0.974853
79894 CX02 79644 0.003592
79894 CX02 79643 0.003592
79894 CX02 79642 0.003592
79894 CX02 79641 0.003592
79894 CX02 79640 0.003592
79894 CX02 79639 0.003592
79894 CX02 79638 0.003592
79894 CX12 79644 0.985143
79894 CX12 79645 0.002122
79894 CX12 79642 0.002122
79894 CX12 79643 0.002122
79894 CX12 79641 0.002122
79894 CX12 79640 0.002122
79894 CX12 79639 0.002122
79894 CX12 79638 0.002122
79894 P2 79894 0.787200
79894 P2 79348 0.212800
79894 X0 79933 0.997764
79894 X0 79894 0.000745
79894 X0 79855 0.000745
79894 X0 79816 0.000745
79933 CX02 79640 0.974853
79933 CX02 79641 0.003592
79933 CX02 79638 0.003592
79933 CX02 79639 0.003592
79933 CX02 79644 0.003592
79933 CX02 79645 0.003592
79933 CX02 79642 0.003592
79933 CX02 79643 0.003592
79933 CX12 79640 0.985143
79933 CX12 79641 0.002122
79933 CX12 79638 0.002122
79933 CX12 79639 0.002122
79933 CX12 79645 0.002122
79933 CX12 79644 0.002122
79933 CX12 79643 0.002122
79933 CX12 79642 0.002122
79933 P2 79933 0.787200
79933 P2 79349 0.212800
79933 X0 79894 0.997764
79933 X0 79933 0.000745
79933 X0 79816 0.000745
79933 X0 79855 0.000745
ENDPOMDP
