BEGINPOMDP
INITIALSTATE: 107152
STATES: 107152,107153,107154,107155,107156,107173,107174,107175,107176,107177,107178,107179,107180,107199,107238,107277,107316,107337,107338,107339,107340,107629,107630,107631,107632,107633,107634,107635,107636,107807,107846,107885,107924
TARGETV: 107153,107155,107199,107277,107337,107340,107807,107924
GAMMA: 107152:0,107153:0,107154:0,107155:0,107156:0,107173:0,107174:0,107175:0,107176:0,107177:0,107178:0,107179:0,107180:0,107199:1,107238:1,107277:1,107316:1,107337:0,107338:0,107339:0,107340:0,107629:1,107630:1,107631:1,107632:1,107633:1,107634:1,107635:1,107636:1,107807:1,107846:1,107885:1,107924:1
BEGINACTIONS
CX02
CX12
P2
X0
ENDACTIONS
107152 INIT_ 107153 0.250000
107152 INIT_ 107154 0.250000
107152 INIT_ 107155 0.250000
107152 INIT_ 107156 0.250000
107153 CX02 107173 0.961281
107153 CX02 107174 0.005531
107153 CX02 107175 0.005531
107153 CX02 107176 0.005531
107153 CX02 107177 0.005531
107153 CX02 107178 0.005531
107153 CX02 107179 0.005531
107153 CX02 107180 0.005531
107153 CX12 107173 0.975669
107153 CX12 107174 0.003476
107153 CX12 107175 0.003476
107153 CX12 107176 0.003476
107153 CX12 107178 0.003476
107153 CX12 107177 0.003476
107153 CX12 107180 0.003476
107153 CX12 107179 0.003476
107153 P2 107153 0.994000
107153 P2 107199 0.006000
107153 X0 107154 0.978008
107153 X0 107153 0.007331
107153 X0 107155 0.007331
107153 X0 107156 0.007331
107154 CX02 107178 0.961281
107154 CX02 107177 0.005531
107154 CX02 107180 0.005531
107154 CX02 107179 0.005531
107154 CX02 107174 0.005531
107154 CX02 107173 0.005531
107154 CX02 107176 0.005531
107154 CX02 107175 0.005531
107154 CX12 107177 0.975669
107154 CX12 107178 0.003476
107154 CX12 107179 0.003476
107154 CX12 107180 0.003476
107154 CX12 107174 0.003476
107154 CX12 107173 0.003476
107154 CX12 107176 0.003476
107154 CX12 107175 0.003476
107154 P2 107154 0.994000
107154 P2 107238 0.006000
107154 X0 107153 0.978008
107154 X0 107154 0.007331
107154 X0 107156 0.007331
107154 X0 107155 0.007331
107155 CX02 107176 0.961281
107155 CX02 107175 0.005531
107155 CX02 107174 0.005531
107155 CX02 107173 0.005531
107155 CX02 107180 0.005531
107155 CX02 107179 0.005531
107155 CX02 107178 0.005531
107155 CX02 107177 0.005531
107155 CX12 107176 0.975669
107155 CX12 107175 0.003476
107155 CX12 107174 0.003476
107155 CX12 107173 0.003476
107155 CX12 107179 0.003476
107155 CX12 107180 0.003476
107155 CX12 107177 0.003476
107155 CX12 107178 0.003476
107155 P2 107155 0.994000
107155 P2 107277 0.006000
107155 X0 107156 0.978008
107155 X0 107155 0.007331
107155 X0 107153 0.007331
107155 X0 107154 0.007331
107156 CX02 107179 0.961281
107156 CX02 107180 0.005531
107156 CX02 107177 0.005531
107156 CX02 107178 0.005531
107156 CX02 107175 0.005531
107156 CX02 107176 0.005531
107156 CX02 107173 0.005531
107156 CX02 107174 0.005531
107156 CX12 107180 0.975669
107156 CX12 107179 0.003476
107156 CX12 107178 0.003476
107156 CX12 107177 0.003476
107156 CX12 107175 0.003476
107156 CX12 107176 0.003476
107156 CX12 107173 0.003476
107156 CX12 107174 0.003476
107156 P2 107156 0.994000
107156 P2 107316 0.006000
107156 X0 107155 0.978008
107156 X0 107156 0.007331
107156 X0 107154 0.007331
107156 X0 107153 0.007331
107173 CX02 107153 0.961281
107173 CX02 107337 0.005531
107173 CX02 107154 0.005531
107173 CX02 107338 0.005531
107173 CX02 107156 0.005531
107173 CX02 107339 0.005531
107173 CX02 107155 0.005531
107173 CX02 107340 0.005531
107173 CX12 107153 0.975669
107173 CX12 107337 0.003476
107173 CX12 107154 0.003476
107173 CX12 107338 0.003476
107173 CX12 107156 0.003476
107173 CX12 107339 0.003476
107173 CX12 107155 0.003476
107173 CX12 107340 0.003476
107173 X0 107177 0.978008
107173 X0 107173 0.007331
107173 X0 107176 0.007331
107173 X0 107180 0.007331
107174 CX02 107337 0.961281
107174 CX02 107153 0.005531
107174 CX02 107338 0.005531
107174 CX02 107154 0.005531
107174 CX02 107339 0.005531
107174 CX02 107156 0.005531
107174 CX02 107340 0.005531
107174 CX02 107155 0.005531
107174 CX12 107337 0.975669
107174 CX12 107153 0.003476
107174 CX12 107338 0.003476
107174 CX12 107154 0.003476
107174 CX12 107339 0.003476
107174 CX12 107156 0.003476
107174 CX12 107340 0.003476
107174 CX12 107155 0.003476
107174 X0 107178 0.978008
107174 X0 107174 0.007331
107174 X0 107175 0.007331
107174 X0 107179 0.007331
107175 CX02 107340 0.961281
107175 CX02 107155 0.005531
107175 CX02 107339 0.005531
107175 CX02 107156 0.005531
107175 CX02 107338 0.005531
107175 CX02 107154 0.005531
107175 CX02 107337 0.005531
107175 CX02 107153 0.005531
107175 CX12 107340 0.975669
107175 CX12 107155 0.003476
107175 CX12 107339 0.003476
107175 CX12 107156 0.003476
107175 CX12 107338 0.003476
107175 CX12 107154 0.003476
107175 CX12 107337 0.003476
107175 CX12 107153 0.003476
107175 X0 107179 0.978008
107175 X0 107175 0.007331
107175 X0 107174 0.007331
107175 X0 107178 0.007331
107176 CX02 107155 0.961281
107176 CX02 107340 0.005531
107176 CX02 107156 0.005531
107176 CX02 107339 0.005531
107176 CX02 107154 0.005531
107176 CX02 107338 0.005531
107176 CX02 107153 0.005531
107176 CX02 107337 0.005531
107176 CX12 107155 0.975669
107176 CX12 107340 0.003476
107176 CX12 107156 0.003476
107176 CX12 107339 0.003476
107176 CX12 107154 0.003476
107176 CX12 107338 0.003476
107176 CX12 107153 0.003476
107176 CX12 107337 0.003476
107176 X0 107180 0.978008
107176 X0 107176 0.007331
107176 X0 107173 0.007331
107176 X0 107177 0.007331
107177 CX02 107338 0.961281
107177 CX02 107154 0.005531
107177 CX02 107337 0.005531
107177 CX02 107153 0.005531
107177 CX02 107340 0.005531
107177 CX02 107155 0.005531
107177 CX02 107339 0.005531
107177 CX02 107156 0.005531
107177 CX12 107154 0.975669
107177 CX12 107338 0.003476
107177 CX12 107153 0.003476
107177 CX12 107337 0.003476
107177 CX12 107155 0.003476
107177 CX12 107340 0.003476
107177 CX12 107156 0.003476
107177 CX12 107339 0.003476
107177 X0 107173 0.978008
107177 X0 107177 0.007331
107177 X0 107180 0.007331
107177 X0 107176 0.007331
107178 CX02 107154 0.961281
107178 CX02 107338 0.005531
107178 CX02 107153 0.005531
107178 CX02 107337 0.005531
107178 CX02 107155 0.005531
107178 CX02 107340 0.005531
107178 CX02 107156 0.005531
107178 CX02 107339 0.005531
107178 CX12 107338 0.975669
107178 CX12 107154 0.003476
107178 CX12 107337 0.003476
107178 CX12 107153 0.003476
107178 CX12 107340 0.003476
107178 CX12 107155 0.003476
107178 CX12 107339 0.003476
107178 CX12 107156 0.003476
107178 X0 107174 0.978008
107178 X0 107178 0.007331
107178 X0 107179 0.007331
107178 X0 107175 0.007331
107179 CX02 107156 0.961281
107179 CX02 107339 0.005531
107179 CX02 107155 0.005531
107179 CX02 107340 0.005531
107179 CX02 107153 0.005531
107179 CX02 107337 0.005531
107179 CX02 107154 0.005531
107179 CX02 107338 0.005531
107179 CX12 107339 0.975669
107179 CX12 107156 0.003476
107179 CX12 107340 0.003476
107179 CX12 107155 0.003476
107179 CX12 107337 0.003476
107179 CX12 107153 0.003476
107179 CX12 107338 0.003476
107179 CX12 107154 0.003476
107179 X0 107175 0.978008
107179 X0 107179 0.007331
107179 X0 107178 0.007331
107179 X0 107174 0.007331
107180 CX02 107339 0.961281
107180 CX02 107156 0.005531
107180 CX02 107340 0.005531
107180 CX02 107155 0.005531
107180 CX02 107337 0.005531
107180 CX02 107153 0.005531
107180 CX02 107338 0.005531
107180 CX02 107154 0.005531
107180 CX12 107156 0.975669
107180 CX12 107339 0.003476
107180 CX12 107155 0.003476
107180 CX12 107340 0.003476
107180 CX12 107153 0.003476
107180 CX12 107337 0.003476
107180 CX12 107154 0.003476
107180 CX12 107338 0.003476
107180 X0 107176 0.978008
107180 X0 107180 0.007331
107180 X0 107177 0.007331
107180 X0 107173 0.007331
107199 CX02 107629 0.961281
107199 CX02 107630 0.005531
107199 CX02 107631 0.005531
107199 CX02 107632 0.005531
107199 CX02 107633 0.005531
107199 CX02 107634 0.005531
107199 CX02 107635 0.005531
107199 CX02 107636 0.005531
107199 CX12 107629 0.975669
107199 CX12 107630 0.003476
107199 CX12 107631 0.003476
107199 CX12 107632 0.003476
107199 CX12 107634 0.003476
107199 CX12 107633 0.003476
107199 CX12 107636 0.003476
107199 CX12 107635 0.003476
107199 P2 107153 0.994000
107199 P2 107199 0.006000
107199 X0 107238 0.978008
107199 X0 107199 0.007331
107199 X0 107277 0.007331
107199 X0 107316 0.007331
107238 CX02 107634 0.961281
107238 CX02 107633 0.005531
107238 CX02 107636 0.005531
107238 CX02 107635 0.005531
107238 CX02 107630 0.005531
107238 CX02 107629 0.005531
107238 CX02 107632 0.005531
107238 CX02 107631 0.005531
107238 CX12 107633 0.975669
107238 CX12 107634 0.003476
107238 CX12 107635 0.003476
107238 CX12 107636 0.003476
107238 CX12 107630 0.003476
107238 CX12 107629 0.003476
107238 CX12 107632 0.003476
107238 CX12 107631 0.003476
107238 P2 107154 0.994000
107238 P2 107238 0.006000
107238 X0 107199 0.978008
107238 X0 107238 0.007331
107238 X0 107316 0.007331
107238 X0 107277 0.007331
107277 CX02 107632 0.961281
107277 CX02 107631 0.005531
107277 CX02 107630 0.005531
107277 CX02 107629 0.005531
107277 CX02 107636 0.005531
107277 CX02 107635 0.005531
107277 CX02 107634 0.005531
107277 CX02 107633 0.005531
107277 CX12 107632 0.975669
107277 CX12 107631 0.003476
107277 CX12 107630 0.003476
107277 CX12 107629 0.003476
107277 CX12 107635 0.003476
107277 CX12 107636 0.003476
107277 CX12 107633 0.003476
107277 CX12 107634 0.003476
107277 P2 107155 0.994000
107277 P2 107277 0.006000
107277 X0 107316 0.978008
107277 X0 107277 0.007331
107277 X0 107199 0.007331
107277 X0 107238 0.007331
107316 CX02 107635 0.961281
107316 CX02 107636 0.005531
107316 CX02 107633 0.005531
107316 CX02 107634 0.005531
107316 CX02 107631 0.005531
107316 CX02 107632 0.005531
107316 CX02 107629 0.005531
107316 CX02 107630 0.005531
107316 CX12 107636 0.975669
107316 CX12 107635 0.003476
107316 CX12 107634 0.003476
107316 CX12 107633 0.003476
107316 CX12 107631 0.003476
107316 CX12 107632 0.003476
107316 CX12 107629 0.003476
107316 CX12 107630 0.003476
107316 P2 107156 0.994000
107316 P2 107316 0.006000
107316 X0 107277 0.978008
107316 X0 107316 0.007331
107316 X0 107238 0.007331
107316 X0 107199 0.007331
107337 CX02 107174 0.961281
107337 CX02 107173 0.005531
107337 CX02 107176 0.005531
107337 CX02 107175 0.005531
107337 CX02 107178 0.005531
107337 CX02 107177 0.005531
107337 CX02 107180 0.005531
107337 CX02 107179 0.005531
107337 CX12 107174 0.975669
107337 CX12 107173 0.003476
107337 CX12 107176 0.003476
107337 CX12 107175 0.003476
107337 CX12 107177 0.003476
107337 CX12 107178 0.003476
107337 CX12 107179 0.003476
107337 CX12 107180 0.003476
107337 P2 107807 0.946000
107337 P2 107337 0.054000
107337 X0 107338 0.978008
107337 X0 107337 0.007331
107337 X0 107340 0.007331
107337 X0 107339 0.007331
107338 CX02 107177 0.961281
107338 CX02 107178 0.005531
107338 CX02 107179 0.005531
107338 CX02 107180 0.005531
107338 CX02 107173 0.005531
107338 CX02 107174 0.005531
107338 CX02 107175 0.005531
107338 CX02 107176 0.005531
107338 CX12 107178 0.975669
107338 CX12 107177 0.003476
107338 CX12 107180 0.003476
107338 CX12 107179 0.003476
107338 CX12 107173 0.003476
107338 CX12 107174 0.003476
107338 CX12 107175 0.003476
107338 CX12 107176 0.003476
107338 P2 107846 0.946000
107338 P2 107338 0.054000
107338 X0 107337 0.978008
107338 X0 107338 0.007331
107338 X0 107339 0.007331
107338 X0 107340 0.007331
107339 CX02 107180 0.961281
107339 CX02 107179 0.005531
107339 CX02 107178 0.005531
107339 CX02 107177 0.005531
107339 CX02 107176 0.005531
107339 CX02 107175 0.005531
107339 CX02 107174 0.005531
107339 CX02 107173 0.005531
107339 CX12 107179 0.975669
107339 CX12 107180 0.003476
107339 CX12 107177 0.003476
107339 CX12 107178 0.003476
107339 CX12 107176 0.003476
107339 CX12 107175 0.003476
107339 CX12 107174 0.003476
107339 CX12 107173 0.003476
107339 P2 107885 0.946000
107339 P2 107339 0.054000
107339 X0 107340 0.978008
107339 X0 107339 0.007331
107339 X0 107338 0.007331
107339 X0 107337 0.007331
107340 CX02 107175 0.961281
107340 CX02 107176 0.005531
107340 CX02 107173 0.005531
107340 CX02 107174 0.005531
107340 CX02 107179 0.005531
107340 CX02 107180 0.005531
107340 CX02 107177 0.005531
107340 CX02 107178 0.005531
107340 CX12 107175 0.975669
107340 CX12 107176 0.003476
107340 CX12 107173 0.003476
107340 CX12 107174 0.003476
107340 CX12 107180 0.003476
107340 CX12 107179 0.003476
107340 CX12 107178 0.003476
107340 CX12 107177 0.003476
107340 P2 107924 0.946000
107340 P2 107340 0.054000
107340 X0 107339 0.978008
107340 X0 107340 0.007331
107340 X0 107337 0.007331
107340 X0 107338 0.007331
107629 CX02 107199 0.961281
107629 CX02 107807 0.005531
107629 CX02 107238 0.005531
107629 CX02 107846 0.005531
107629 CX02 107316 0.005531
107629 CX02 107885 0.005531
107629 CX02 107277 0.005531
107629 CX02 107924 0.005531
107629 CX12 107199 0.975669
107629 CX12 107807 0.003476
107629 CX12 107238 0.003476
107629 CX12 107846 0.003476
107629 CX12 107316 0.003476
107629 CX12 107885 0.003476
107629 CX12 107277 0.003476
107629 CX12 107924 0.003476
107629 X0 107633 0.978008
107629 X0 107629 0.007331
107629 X0 107632 0.007331
107629 X0 107636 0.007331
107630 CX02 107807 0.961281
107630 CX02 107199 0.005531
107630 CX02 107846 0.005531
107630 CX02 107238 0.005531
107630 CX02 107885 0.005531
107630 CX02 107316 0.005531
107630 CX02 107924 0.005531
107630 CX02 107277 0.005531
107630 CX12 107807 0.975669
107630 CX12 107199 0.003476
107630 CX12 107846 0.003476
107630 CX12 107238 0.003476
107630 CX12 107885 0.003476
107630 CX12 107316 0.003476
107630 CX12 107924 0.003476
107630 CX12 107277 0.003476
107630 X0 107634 0.978008
107630 X0 107630 0.007331
107630 X0 107631 0.007331
107630 X0 107635 0.007331
107631 CX02 107924 0.961281
107631 CX02 107277 0.005531
107631 CX02 107885 0.005531
107631 CX02 107316 0.005531
107631 CX02 107846 0.005531
107631 CX02 107238 0.005531
107631 CX02 107807 0.005531
107631 CX02 107199 0.005531
107631 CX12 107924 0.975669
107631 CX12 107277 0.003476
107631 CX12 107885 0.003476
107631 CX12 107316 0.003476
107631 CX12 107846 0.003476
107631 CX12 107238 0.003476
107631 CX12 107807 0.003476
107631 CX12 107199 0.003476
107631 X0 107635 0.978008
107631 X0 107631 0.007331
107631 X0 107630 0.007331
107631 X0 107634 0.007331
107632 CX02 107277 0.961281
107632 CX02 107924 0.005531
107632 CX02 107316 0.005531
107632 CX02 107885 0.005531
107632 CX02 107238 0.005531
107632 CX02 107846 0.005531
107632 CX02 107199 0.005531
107632 CX02 107807 0.005531
107632 CX12 107277 0.975669
107632 CX12 107924 0.003476
107632 CX12 107316 0.003476
107632 CX12 107885 0.003476
107632 CX12 107238 0.003476
107632 CX12 107846 0.003476
107632 CX12 107199 0.003476
107632 CX12 107807 0.003476
107632 X0 107636 0.978008
107632 X0 107632 0.007331
107632 X0 107629 0.007331
107632 X0 107633 0.007331
107633 CX02 107846 0.961281
107633 CX02 107238 0.005531
107633 CX02 107807 0.005531
107633 CX02 107199 0.005531
107633 CX02 107924 0.005531
107633 CX02 107277 0.005531
107633 CX02 107885 0.005531
107633 CX02 107316 0.005531
107633 CX12 107238 0.975669
107633 CX12 107846 0.003476
107633 CX12 107199 0.003476
107633 CX12 107807 0.003476
107633 CX12 107277 0.003476
107633 CX12 107924 0.003476
107633 CX12 107316 0.003476
107633 CX12 107885 0.003476
107633 X0 107629 0.978008
107633 X0 107633 0.007331
107633 X0 107636 0.007331
107633 X0 107632 0.007331
107634 CX02 107238 0.961281
107634 CX02 107846 0.005531
107634 CX02 107199 0.005531
107634 CX02 107807 0.005531
107634 CX02 107277 0.005531
107634 CX02 107924 0.005531
107634 CX02 107316 0.005531
107634 CX02 107885 0.005531
107634 CX12 107846 0.975669
107634 CX12 107238 0.003476
107634 CX12 107807 0.003476
107634 CX12 107199 0.003476
107634 CX12 107924 0.003476
107634 CX12 107277 0.003476
107634 CX12 107885 0.003476
107634 CX12 107316 0.003476
107634 X0 107630 0.978008
107634 X0 107634 0.007331
107634 X0 107635 0.007331
107634 X0 107631 0.007331
107635 CX02 107316 0.961281
107635 CX02 107885 0.005531
107635 CX02 107277 0.005531
107635 CX02 107924 0.005531
107635 CX02 107199 0.005531
107635 CX02 107807 0.005531
107635 CX02 107238 0.005531
107635 CX02 107846 0.005531
107635 CX12 107885 0.975669
107635 CX12 107316 0.003476
107635 CX12 107924 0.003476
107635 CX12 107277 0.003476
107635 CX12 107807 0.003476
107635 CX12 107199 0.003476
107635 CX12 107846 0.003476
107635 CX12 107238 0.003476
107635 X0 107631 0.978008
107635 X0 107635 0.007331
107635 X0 107634 0.007331
107635 X0 107630 0.007331
107636 CX02 107885 0.961281
107636 CX02 107316 0.005531
107636 CX02 107924 0.005531
107636 CX02 107277 0.005531
107636 CX02 107807 0.005531
107636 CX02 107199 0.005531
107636 CX02 107846 0.005531
107636 CX02 107238 0.005531
107636 CX12 107316 0.975669
107636 CX12 107885 0.003476
107636 CX12 107277 0.003476
107636 CX12 107924 0.003476
107636 CX12 107199 0.003476
107636 CX12 107807 0.003476
107636 CX12 107238 0.003476
107636 CX12 107846 0.003476
107636 X0 107632 0.978008
107636 X0 107636 0.007331
107636 X0 107633 0.007331
107636 X0 107629 0.007331
107807 CX02 107630 0.961281
107807 CX02 107629 0.005531
107807 CX02 107632 0.005531
107807 CX02 107631 0.005531
107807 CX02 107634 0.005531
107807 CX02 107633 0.005531
107807 CX02 107636 0.005531
107807 CX02 107635 0.005531
107807 CX12 107630 0.975669
107807 CX12 107629 0.003476
107807 CX12 107632 0.003476
107807 CX12 107631 0.003476
107807 CX12 107633 0.003476
107807 CX12 107634 0.003476
107807 CX12 107635 0.003476
107807 CX12 107636 0.003476
107807 P2 107807 0.946000
107807 P2 107337 0.054000
107807 X0 107846 0.978008
107807 X0 107807 0.007331
107807 X0 107924 0.007331
107807 X0 107885 0.007331
107846 CX02 107633 0.961281
107846 CX02 107634 0.005531
107846 CX02 107635 0.005531
107846 CX02 107636 0.005531
107846 CX02 107629 0.005531
107846 CX02 107630 0.005531
107846 CX02 107631 0.005531
107846 CX02 107632 0.005531
107846 CX12 107634 0.975669
107846 CX12 107633 0.003476
107846 CX12 107636 0.003476
107846 CX12 107635 0.003476
107846 CX12 107629 0.003476
107846 CX12 107630 0.003476
107846 CX12 107631 0.003476
107846 CX12 107632 0.003476
107846 P2 107846 0.946000
107846 P2 107338 0.054000
107846 X0 107807 0.978008
107846 X0 107846 0.007331
107846 X0 107885 0.007331
107846 X0 107924 0.007331
107885 CX02 107636 0.961281
107885 CX02 107635 0.005531
107885 CX02 107634 0.005531
107885 CX02 107633 0.005531
107885 CX02 107632 0.005531
107885 CX02 107631 0.005531
107885 CX02 107630 0.005531
107885 CX02 107629 0.005531
107885 CX12 107635 0.975669
107885 CX12 107636 0.003476
107885 CX12 107633 0.003476
107885 CX12 107634 0.003476
107885 CX12 107632 0.003476
107885 CX12 107631 0.003476
107885 CX12 107630 0.003476
107885 CX12 107629 0.003476
107885 P2 107885 0.946000
107885 P2 107339 0.054000
107885 X0 107924 0.978008
107885 X0 107885 0.007331
107885 X0 107846 0.007331
107885 X0 107807 0.007331
107924 CX02 107631 0.961281
107924 CX02 107632 0.005531
107924 CX02 107629 0.005531
107924 CX02 107630 0.005531
107924 CX02 107635 0.005531
107924 CX02 107636 0.005531
107924 CX02 107633 0.005531
107924 CX02 107634 0.005531
107924 CX12 107631 0.975669
107924 CX12 107632 0.003476
107924 CX12 107629 0.003476
107924 CX12 107630 0.003476
107924 CX12 107636 0.003476
107924 CX12 107635 0.003476
107924 CX12 107634 0.003476
107924 CX12 107633 0.003476
107924 P2 107924 0.946000
107924 P2 107340 0.054000
107924 X0 107885 0.978008
107924 X0 107924 0.007331
107924 X0 107807 0.007331
107924 X0 107846 0.007331
ENDPOMDP
