BEGINPOMDP
INITIALSTATE: 664969
STATES: 690952,690953,664970,664971,664969,664972,664973,675370,664976,690954,690955,680565,670169,670170,670171,670172,670175
REWARDS: 690952:1.0,690953:1.0,664970:1.0,664971:1.0,664969:0.0,664972:0.0,664973:0.0,675370:0.0,664976:1.0,690954:0.0,690955:0.0,680565:0.0,670169:1.0,670170:1.0,670171:0.0,670172:0.0,670175:1.0
GAMMA: 690952:1,690953:1,664970:0,664971:0,664969:0,664972:0,664973:0,675370:1,664976:1,690954:1,690955:1,680565:1,670169:0,670170:0,670171:0,670172:0,670175:1
BEGINACTIONS
P2
Z0
H
ENDACTIONS
664969 INIT_ 664970 0.250000
664969 INIT_ 664971 0.250000
664969 INIT_ 664972 0.250000
664969 INIT_ 664973 0.250000
664970 P2 664970 0.966200
664970 P2 664976 0.033800
664970 Z0 664972 0.998741
664970 Z0 664973 0.000420
664970 Z0 664971 0.000420
664970 Z0 664970 0.000420
664970 H 664970 0.959640
664970 H 670169 0.006568
664970 H 664971 0.005632
664970 H 670170 0.005632
664970 H 664973 0.005632
664970 H 670171 0.005632
664970 H 664972 0.005632
664970 H 670172 0.005632
664971 P2 664971 0.966200
664971 P2 670175 0.033800
664971 Z0 664973 0.998741
664971 Z0 664972 0.000420
664971 Z0 664970 0.000420
664971 Z0 664971 0.000420
664971 H 664971 0.959640
664971 H 670170 0.006568
664971 H 664970 0.005632
664971 H 670169 0.005632
664971 H 664972 0.005632
664971 H 670172 0.005632
664971 H 664973 0.005632
664971 H 670171 0.005632
664972 P2 664972 0.966200
664972 P2 675370 0.033800
664972 Z0 664970 0.998741
664972 Z0 664971 0.000420
664972 Z0 664973 0.000420
664972 Z0 664972 0.000420
664972 H 670172 0.959640
664972 H 664972 0.006568
664972 H 670171 0.005632
664972 H 664973 0.005632
664972 H 670170 0.005632
664972 H 664971 0.005632
664972 H 670169 0.005632
664972 H 664970 0.005632
664973 P2 664973 0.966200
664973 P2 680565 0.033800
664973 Z0 664971 0.998741
664973 Z0 664970 0.000420
664973 Z0 664972 0.000420
664973 Z0 664973 0.000420
664973 H 670171 0.959640
664973 H 664973 0.006568
664973 H 670172 0.005632
664973 H 664972 0.005632
664973 H 670169 0.005632
664973 H 664970 0.005632
664973 H 670170 0.005632
664973 H 664971 0.005632
664976 P2 664970 0.966200
664976 P2 664976 0.033800
664976 Z0 675370 0.998741
664976 Z0 680565 0.000420
664976 Z0 670175 0.000420
664976 Z0 664976 0.000420
664976 H 664976 0.959640
664976 H 690952 0.006568
664976 H 670175 0.005632
664976 H 690953 0.005632
664976 H 680565 0.005632
664976 H 690954 0.005632
664976 H 675370 0.005632
664976 H 690955 0.005632
670169 P2 690952 0.960400
670169 P2 670169 0.039600
670169 Z0 670172 0.998741
670169 Z0 670171 0.000420
670169 Z0 670170 0.000420
670169 Z0 670169 0.000420
670169 H 670169 0.959640
670169 H 664970 0.006568
670169 H 670170 0.005632
670169 H 664971 0.005632
670169 H 670171 0.005632
670169 H 664973 0.005632
670169 H 670172 0.005632
670169 H 664972 0.005632
670170 P2 690953 0.960400
670170 P2 670170 0.039600
670170 Z0 670171 0.998741
670170 Z0 670172 0.000420
670170 Z0 670169 0.000420
670170 Z0 670170 0.000420
670170 H 670170 0.959640
670170 H 664971 0.006568
670170 H 670169 0.005632
670170 H 664970 0.005632
670170 H 670172 0.005632
670170 H 664972 0.005632
670170 H 670171 0.005632
670170 H 664973 0.005632
670171 P2 690954 0.960400
670171 P2 670171 0.039600
670171 Z0 670170 0.998741
670171 Z0 670169 0.000420
670171 Z0 670172 0.000420
670171 Z0 670171 0.000420
670171 H 664973 0.959640
670171 H 670171 0.006568
670171 H 664972 0.005632
670171 H 670172 0.005632
670171 H 664970 0.005632
670171 H 670169 0.005632
670171 H 664971 0.005632
670171 H 670170 0.005632
670172 P2 690955 0.960400
670172 P2 670172 0.039600
670172 Z0 670169 0.998741
670172 Z0 670170 0.000420
670172 Z0 670171 0.000420
670172 Z0 670172 0.000420
670172 H 664972 0.959640
670172 H 670172 0.006568
670172 H 664973 0.005632
670172 H 670171 0.005632
670172 H 664971 0.005632
670172 H 670170 0.005632
670172 H 664970 0.005632
670172 H 670169 0.005632
670175 P2 664971 0.966200
670175 P2 670175 0.033800
670175 Z0 680565 0.998741
670175 Z0 675370 0.000420
670175 Z0 664976 0.000420
670175 Z0 670175 0.000420
670175 H 670175 0.959640
670175 H 690953 0.006568
670175 H 664976 0.005632
670175 H 690952 0.005632
670175 H 675370 0.005632
670175 H 690955 0.005632
670175 H 680565 0.005632
670175 H 690954 0.005632
675370 P2 664972 0.966200
675370 P2 675370 0.033800
675370 Z0 664976 0.998741
675370 Z0 670175 0.000420
675370 Z0 680565 0.000420
675370 Z0 675370 0.000420
675370 H 690955 0.959640
675370 H 675370 0.006568
675370 H 690954 0.005632
675370 H 680565 0.005632
675370 H 690953 0.005632
675370 H 670175 0.005632
675370 H 690952 0.005632
675370 H 664976 0.005632
680565 P2 664973 0.966200
680565 P2 680565 0.033800
680565 Z0 670175 0.998741
680565 Z0 664976 0.000420
680565 Z0 675370 0.000420
680565 Z0 680565 0.000420
680565 H 690954 0.959640
680565 H 680565 0.006568
680565 H 690955 0.005632
680565 H 675370 0.005632
680565 H 690952 0.005632
680565 H 664976 0.005632
680565 H 690953 0.005632
680565 H 670175 0.005632
690952 P2 690952 0.960400
690952 P2 670169 0.039600
690952 Z0 690955 0.998741
690952 Z0 690954 0.000420
690952 Z0 690953 0.000420
690952 Z0 690952 0.000420
690952 H 690952 0.959640
690952 H 664976 0.006568
690952 H 690953 0.005632
690952 H 670175 0.005632
690952 H 690954 0.005632
690952 H 680565 0.005632
690952 H 690955 0.005632
690952 H 675370 0.005632
690953 P2 690953 0.960400
690953 P2 670170 0.039600
690953 Z0 690954 0.998741
690953 Z0 690955 0.000420
690953 Z0 690952 0.000420
690953 Z0 690953 0.000420
690953 H 690953 0.959640
690953 H 670175 0.006568
690953 H 690952 0.005632
690953 H 664976 0.005632
690953 H 690955 0.005632
690953 H 675370 0.005632
690953 H 690954 0.005632
690953 H 680565 0.005632
690954 P2 690954 0.960400
690954 P2 670171 0.039600
690954 Z0 690953 0.998741
690954 Z0 690952 0.000420
690954 Z0 690955 0.000420
690954 Z0 690954 0.000420
690954 H 680565 0.959640
690954 H 690954 0.006568
690954 H 675370 0.005632
690954 H 690955 0.005632
690954 H 664976 0.005632
690954 H 690952 0.005632
690954 H 670175 0.005632
690954 H 690953 0.005632
690955 P2 690955 0.960400
690955 P2 670172 0.039600
690955 Z0 690952 0.998741
690955 Z0 690953 0.000420
690955 Z0 690954 0.000420
690955 Z0 690955 0.000420
690955 H 675370 0.959640
690955 H 690955 0.006568
690955 H 680565 0.005632
690955 H 690954 0.005632
690955 H 670175 0.005632
690955 H 690953 0.005632
690955 H 664976 0.005632
690955 H 690952 0.005632
ENDPOMDP
