BEGINPOMDP
INITIALSTATE: 581848
STATES: 597444,587048,587049,587050,587051,592249,587054,607833,581848,607834,607831,607832,581849,581850,581851,581852,581855
REWARDS: 597444:0.0,587048:1.0,587049:1.0,587050:0.0,587051:0.0,592249:0.0,587054:1.0,607833:0.0,581848:0.0,607834:0.0,607831:1.0,607832:1.0,581849:1.0,581850:1.0,581851:0.0,581852:0.0,581855:1.0
GAMMA: 597444:1,587048:0,587049:0,587050:0,587051:0,592249:1,587054:1,607833:1,581848:0,607834:1,607831:1,607832:1,581849:0,581850:0,581851:0,581852:0,581855:1
BEGINACTIONS
P2
Z0
H
ENDACTIONS
581848 INIT_ 581849 0.250000
581848 INIT_ 581850 0.250000
581848 INIT_ 581851 0.250000
581848 INIT_ 581852 0.250000
581849 P2 581849 0.693333
581849 P2 581855 0.306667
581849 Z0 581851 0.997614
581849 Z0 581852 0.000795
581849 Z0 581850 0.000795
581849 Z0 581849 0.000795
581849 H 581849 0.902604
581849 H 587048 0.017698
581849 H 581850 0.013283
581849 H 587049 0.013283
581849 H 581852 0.013283
581849 H 587050 0.013283
581849 H 581851 0.013283
581849 H 587051 0.013283
581850 P2 581850 0.693333
581850 P2 587054 0.306667
581850 Z0 581852 0.997614
581850 Z0 581851 0.000795
581850 Z0 581849 0.000795
581850 Z0 581850 0.000795
581850 H 581850 0.902604
581850 H 587049 0.017698
581850 H 581849 0.013283
581850 H 587048 0.013283
581850 H 581851 0.013283
581850 H 587051 0.013283
581850 H 581852 0.013283
581850 H 587050 0.013283
581851 P2 581851 0.693333
581851 P2 592249 0.306667
581851 Z0 581849 0.997614
581851 Z0 581850 0.000795
581851 Z0 581852 0.000795
581851 Z0 581851 0.000795
581851 H 587051 0.902604
581851 H 581851 0.017698
581851 H 587050 0.013283
581851 H 581852 0.013283
581851 H 587049 0.013283
581851 H 581850 0.013283
581851 H 587048 0.013283
581851 H 581849 0.013283
581852 P2 581852 0.693333
581852 P2 597444 0.306667
581852 Z0 581850 0.997614
581852 Z0 581849 0.000795
581852 Z0 581851 0.000795
581852 Z0 581852 0.000795
581852 H 587050 0.902604
581852 H 581852 0.017698
581852 H 587051 0.013283
581852 H 581851 0.013283
581852 H 587048 0.013283
581852 H 581849 0.013283
581852 H 587049 0.013283
581852 H 581850 0.013283
581855 P2 581849 0.693333
581855 P2 581855 0.306667
581855 Z0 592249 0.997614
581855 Z0 597444 0.000795
581855 Z0 587054 0.000795
581855 Z0 581855 0.000795
581855 H 581855 0.902604
581855 H 607831 0.017698
581855 H 587054 0.013283
581855 H 607832 0.013283
581855 H 597444 0.013283
581855 H 607833 0.013283
581855 H 592249 0.013283
581855 H 607834 0.013283
587048 P2 607831 0.853333
587048 P2 587048 0.146667
587048 Z0 587051 0.997614
587048 Z0 587050 0.000795
587048 Z0 587049 0.000795
587048 Z0 587048 0.000795
587048 H 587048 0.902604
587048 H 581849 0.017698
587048 H 587049 0.013283
587048 H 581850 0.013283
587048 H 587050 0.013283
587048 H 581852 0.013283
587048 H 587051 0.013283
587048 H 581851 0.013283
587049 P2 607832 0.853333
587049 P2 587049 0.146667
587049 Z0 587050 0.997614
587049 Z0 587051 0.000795
587049 Z0 587048 0.000795
587049 Z0 587049 0.000795
587049 H 587049 0.902604
587049 H 581850 0.017698
587049 H 587048 0.013283
587049 H 581849 0.013283
587049 H 587051 0.013283
587049 H 581851 0.013283
587049 H 587050 0.013283
587049 H 581852 0.013283
587050 P2 607833 0.853333
587050 P2 587050 0.146667
587050 Z0 587049 0.997614
587050 Z0 587048 0.000795
587050 Z0 587051 0.000795
587050 Z0 587050 0.000795
587050 H 581852 0.902604
587050 H 587050 0.017698
587050 H 581851 0.013283
587050 H 587051 0.013283
587050 H 581849 0.013283
587050 H 587048 0.013283
587050 H 581850 0.013283
587050 H 587049 0.013283
587051 P2 607834 0.853333
587051 P2 587051 0.146667
587051 Z0 587048 0.997614
587051 Z0 587049 0.000795
587051 Z0 587050 0.000795
587051 Z0 587051 0.000795
587051 H 581851 0.902604
587051 H 587051 0.017698
587051 H 581852 0.013283
587051 H 587050 0.013283
587051 H 581850 0.013283
587051 H 587049 0.013283
587051 H 581849 0.013283
587051 H 587048 0.013283
587054 P2 581850 0.693333
587054 P2 587054 0.306667
587054 Z0 597444 0.997614
587054 Z0 592249 0.000795
587054 Z0 581855 0.000795
587054 Z0 587054 0.000795
587054 H 587054 0.902604
587054 H 607832 0.017698
587054 H 581855 0.013283
587054 H 607831 0.013283
587054 H 592249 0.013283
587054 H 607834 0.013283
587054 H 597444 0.013283
587054 H 607833 0.013283
592249 P2 581851 0.693333
592249 P2 592249 0.306667
592249 Z0 581855 0.997614
592249 Z0 587054 0.000795
592249 Z0 597444 0.000795
592249 Z0 592249 0.000795
592249 H 607834 0.902604
592249 H 592249 0.017698
592249 H 607833 0.013283
592249 H 597444 0.013283
592249 H 607832 0.013283
592249 H 587054 0.013283
592249 H 607831 0.013283
592249 H 581855 0.013283
597444 P2 581852 0.693333
597444 P2 597444 0.306667
597444 Z0 587054 0.997614
597444 Z0 581855 0.000795
597444 Z0 592249 0.000795
597444 Z0 597444 0.000795
597444 H 607833 0.902604
597444 H 597444 0.017698
597444 H 607834 0.013283
597444 H 592249 0.013283
597444 H 607831 0.013283
597444 H 581855 0.013283
597444 H 607832 0.013283
597444 H 587054 0.013283
607831 P2 607831 0.853333
607831 P2 587048 0.146667
607831 Z0 607834 0.997614
607831 Z0 607833 0.000795
607831 Z0 607832 0.000795
607831 Z0 607831 0.000795
607831 H 607831 0.902604
607831 H 581855 0.017698
607831 H 607832 0.013283
607831 H 587054 0.013283
607831 H 607833 0.013283
607831 H 597444 0.013283
607831 H 607834 0.013283
607831 H 592249 0.013283
607832 P2 607832 0.853333
607832 P2 587049 0.146667
607832 Z0 607833 0.997614
607832 Z0 607834 0.000795
607832 Z0 607831 0.000795
607832 Z0 607832 0.000795
607832 H 607832 0.902604
607832 H 587054 0.017698
607832 H 607831 0.013283
607832 H 581855 0.013283
607832 H 607834 0.013283
607832 H 592249 0.013283
607832 H 607833 0.013283
607832 H 597444 0.013283
607833 P2 607833 0.853333
607833 P2 587050 0.146667
607833 Z0 607832 0.997614
607833 Z0 607831 0.000795
607833 Z0 607834 0.000795
607833 Z0 607833 0.000795
607833 H 597444 0.902604
607833 H 607833 0.017698
607833 H 592249 0.013283
607833 H 607834 0.013283
607833 H 581855 0.013283
607833 H 607831 0.013283
607833 H 587054 0.013283
607833 H 607832 0.013283
607834 P2 607834 0.853333
607834 P2 587051 0.146667
607834 Z0 607831 0.997614
607834 Z0 607832 0.000795
607834 Z0 607833 0.000795
607834 Z0 607834 0.000795
607834 H 592249 0.902604
607834 H 607834 0.017698
607834 H 597444 0.013283
607834 H 607833 0.013283
607834 H 587054 0.013283
607834 H 607832 0.013283
607834 H 581855 0.013283
607834 H 607831 0.013283
ENDPOMDP
