BEGINPOMDP
INITIALSTATE: 1
STATES: 25984,25985,2,3,1,4,5,10402,8,25986,25987,15597,5201,5202,5203,5204,5207
REWARDS: 25984:1.0,25985:1.0,2:1.0,3:1.0,1:0.0,4:0.0,5:0.0,10402:0.0,8:1.0,25986:0.0,25987:0.0,15597:0.0,5201:1.0,5202:1.0,5203:0.0,5204:0.0,5207:1.0
GAMMA: 25984:1,25985:1,2:0,3:0,1:0,4:0,5:0,10402:1,8:1,25986:1,25987:1,15597:1,5201:0,5202:0,5203:0,5204:0,5207:1
BEGINACTIONS
P2
Z0
H
ENDACTIONS
1 INIT_ 2 0.250000
1 INIT_ 3 0.250000
1 INIT_ 4 0.250000
1 INIT_ 5 0.250000
2 P2 2 0.708200
2 P2 8 0.291800
2 Z0 4 0.997521
2 Z0 5 0.000826
2 Z0 3 0.000826
2 Z0 2 0.000826
2 H 2 0.946205
2 H 5201 0.009055
2 H 3 0.007457
2 H 5202 0.007457
2 H 5 0.007457
2 H 5203 0.007457
2 H 4 0.007457
2 H 5204 0.007457
3 P2 3 0.708200
3 P2 5207 0.291800
3 Z0 5 0.997521
3 Z0 4 0.000826
3 Z0 2 0.000826
3 Z0 3 0.000826
3 H 3 0.946205
3 H 5202 0.009055
3 H 2 0.007457
3 H 5201 0.007457
3 H 4 0.007457
3 H 5204 0.007457
3 H 5 0.007457
3 H 5203 0.007457
4 P2 4 0.708200
4 P2 10402 0.291800
4 Z0 2 0.997521
4 Z0 3 0.000826
4 Z0 5 0.000826
4 Z0 4 0.000826
4 H 5204 0.946205
4 H 4 0.009055
4 H 5203 0.007457
4 H 5 0.007457
4 H 5202 0.007457
4 H 3 0.007457
4 H 5201 0.007457
4 H 2 0.007457
5 P2 5 0.708200
5 P2 15597 0.291800
5 Z0 3 0.997521
5 Z0 2 0.000826
5 Z0 4 0.000826
5 Z0 5 0.000826
5 H 5203 0.946205
5 H 5 0.009055
5 H 5204 0.007457
5 H 4 0.007457
5 H 5201 0.007457
5 H 2 0.007457
5 H 5202 0.007457
5 H 3 0.007457
8 P2 2 0.708200
8 P2 8 0.291800
8 Z0 10402 0.997521
8 Z0 15597 0.000826
8 Z0 5207 0.000826
8 Z0 8 0.000826
8 H 8 0.946205
8 H 25984 0.009055
8 H 5207 0.007457
8 H 25985 0.007457
8 H 15597 0.007457
8 H 25986 0.007457
8 H 10402 0.007457
8 H 25987 0.007457
5201 P2 25984 0.946400
5201 P2 5201 0.053600
5201 Z0 5204 0.997521
5201 Z0 5203 0.000826
5201 Z0 5202 0.000826
5201 Z0 5201 0.000826
5201 H 5201 0.946205
5201 H 2 0.009055
5201 H 5202 0.007457
5201 H 3 0.007457
5201 H 5203 0.007457
5201 H 5 0.007457
5201 H 5204 0.007457
5201 H 4 0.007457
5202 P2 25985 0.946400
5202 P2 5202 0.053600
5202 Z0 5203 0.997521
5202 Z0 5204 0.000826
5202 Z0 5201 0.000826
5202 Z0 5202 0.000826
5202 H 5202 0.946205
5202 H 3 0.009055
5202 H 5201 0.007457
5202 H 2 0.007457
5202 H 5204 0.007457
5202 H 4 0.007457
5202 H 5203 0.007457
5202 H 5 0.007457
5203 P2 25986 0.946400
5203 P2 5203 0.053600
5203 Z0 5202 0.997521
5203 Z0 5201 0.000826
5203 Z0 5204 0.000826
5203 Z0 5203 0.000826
5203 H 5 0.946205
5203 H 5203 0.009055
5203 H 4 0.007457
5203 H 5204 0.007457
5203 H 2 0.007457
5203 H 5201 0.007457
5203 H 3 0.007457
5203 H 5202 0.007457
5204 P2 25987 0.946400
5204 P2 5204 0.053600
5204 Z0 5201 0.997521
5204 Z0 5202 0.000826
5204 Z0 5203 0.000826
5204 Z0 5204 0.000826
5204 H 4 0.946205
5204 H 5204 0.009055
5204 H 5 0.007457
5204 H 5203 0.007457
5204 H 3 0.007457
5204 H 5202 0.007457
5204 H 2 0.007457
5204 H 5201 0.007457
5207 P2 3 0.708200
5207 P2 5207 0.291800
5207 Z0 15597 0.997521
5207 Z0 10402 0.000826
5207 Z0 8 0.000826
5207 Z0 5207 0.000826
5207 H 5207 0.946205
5207 H 25985 0.009055
5207 H 8 0.007457
5207 H 25984 0.007457
5207 H 10402 0.007457
5207 H 25987 0.007457
5207 H 15597 0.007457
5207 H 25986 0.007457
10402 P2 4 0.708200
10402 P2 10402 0.291800
10402 Z0 8 0.997521
10402 Z0 5207 0.000826
10402 Z0 15597 0.000826
10402 Z0 10402 0.000826
10402 H 25987 0.946205
10402 H 10402 0.009055
10402 H 25986 0.007457
10402 H 15597 0.007457
10402 H 25985 0.007457
10402 H 5207 0.007457
10402 H 25984 0.007457
10402 H 8 0.007457
15597 P2 5 0.708200
15597 P2 15597 0.291800
15597 Z0 5207 0.997521
15597 Z0 8 0.000826
15597 Z0 10402 0.000826
15597 Z0 15597 0.000826
15597 H 25986 0.946205
15597 H 15597 0.009055
15597 H 25987 0.007457
15597 H 10402 0.007457
15597 H 25984 0.007457
15597 H 8 0.007457
15597 H 25985 0.007457
15597 H 5207 0.007457
25984 P2 25984 0.946400
25984 P2 5201 0.053600
25984 Z0 25987 0.997521
25984 Z0 25986 0.000826
25984 Z0 25985 0.000826
25984 Z0 25984 0.000826
25984 H 25984 0.946205
25984 H 8 0.009055
25984 H 25985 0.007457
25984 H 5207 0.007457
25984 H 25986 0.007457
25984 H 15597 0.007457
25984 H 25987 0.007457
25984 H 10402 0.007457
25985 P2 25985 0.946400
25985 P2 5202 0.053600
25985 Z0 25986 0.997521
25985 Z0 25987 0.000826
25985 Z0 25984 0.000826
25985 Z0 25985 0.000826
25985 H 25985 0.946205
25985 H 5207 0.009055
25985 H 25984 0.007457
25985 H 8 0.007457
25985 H 25987 0.007457
25985 H 10402 0.007457
25985 H 25986 0.007457
25985 H 15597 0.007457
25986 P2 25986 0.946400
25986 P2 5203 0.053600
25986 Z0 25985 0.997521
25986 Z0 25984 0.000826
25986 Z0 25987 0.000826
25986 Z0 25986 0.000826
25986 H 15597 0.946205
25986 H 25986 0.009055
25986 H 10402 0.007457
25986 H 25987 0.007457
25986 H 8 0.007457
25986 H 25984 0.007457
25986 H 5207 0.007457
25986 H 25985 0.007457
25987 P2 25987 0.946400
25987 P2 5204 0.053600
25987 Z0 25984 0.997521
25987 Z0 25985 0.000826
25987 Z0 25986 0.000826
25987 Z0 25987 0.000826
25987 H 10402 0.946205
25987 H 25987 0.009055
25987 H 15597 0.007457
25987 H 25986 0.007457
25987 H 5207 0.007457
25987 H 25985 0.007457
25987 H 8 0.007457
25987 H 25984 0.007457
ENDPOMDP
