BEGINPOMDP
INITIALSTATE: 1745542
STATES: 1771525,1771526,1745543,1745544,1745542,1745545,1745546,1755943,1745549,1771527,1771528,1761138,1750742,1750743,1750744,1750745,1750748
REWARDS: 1771525:1.0,1771526:1.0,1745543:1.0,1745544:1.0,1745542:0.0,1745545:0.0,1745546:0.0,1755943:0.0,1745549:1.0,1771527:0.0,1771528:0.0,1761138:0.0,1750742:1.0,1750743:1.0,1750744:0.0,1750745:0.0,1750748:1.0
GAMMA: 1771525:1,1771526:1,1745543:0,1745544:0,1745542:0,1745545:0,1745546:0,1755943:1,1745549:1,1771527:1,1771528:1,1761138:1,1750742:0,1750743:0,1750744:0,1750745:0,1750748:1
BEGINACTIONS
P2
Z0
H
ENDACTIONS
1745542 INIT_ 1745543 0.250000
1745542 INIT_ 1745544 0.250000
1745542 INIT_ 1745545 0.250000
1745542 INIT_ 1745546 0.250000
1745543 P2 1745543 0.904000
1745543 P2 1745549 0.096000
1745543 Z0 1745545 0.997431
1745543 Z0 1745546 0.000856
1745543 Z0 1745544 0.000856
1745543 Z0 1745543 0.000856
1745543 H 1745543 0.902249
1745543 H 1750742 0.022014
1745543 H 1745544 0.012623
1745543 H 1750743 0.012623
1745543 H 1745546 0.012623
1745543 H 1750744 0.012623
1745543 H 1745545 0.012623
1745543 H 1750745 0.012623
1745544 P2 1745544 0.904000
1745544 P2 1750748 0.096000
1745544 Z0 1745546 0.997431
1745544 Z0 1745545 0.000856
1745544 Z0 1745543 0.000856
1745544 Z0 1745544 0.000856
1745544 H 1745544 0.902249
1745544 H 1750743 0.022014
1745544 H 1745543 0.012623
1745544 H 1750742 0.012623
1745544 H 1745545 0.012623
1745544 H 1750745 0.012623
1745544 H 1745546 0.012623
1745544 H 1750744 0.012623
1745545 P2 1745545 0.904000
1745545 P2 1755943 0.096000
1745545 Z0 1745543 0.997431
1745545 Z0 1745544 0.000856
1745545 Z0 1745546 0.000856
1745545 Z0 1745545 0.000856
1745545 H 1750745 0.902249
1745545 H 1745545 0.022014
1745545 H 1750744 0.012623
1745545 H 1745546 0.012623
1745545 H 1750743 0.012623
1745545 H 1745544 0.012623
1745545 H 1750742 0.012623
1745545 H 1745543 0.012623
1745546 P2 1745546 0.904000
1745546 P2 1761138 0.096000
1745546 Z0 1745544 0.997431
1745546 Z0 1745543 0.000856
1745546 Z0 1745545 0.000856
1745546 Z0 1745546 0.000856
1745546 H 1750744 0.902249
1745546 H 1745546 0.022014
1745546 H 1750745 0.012623
1745546 H 1745545 0.012623
1745546 H 1750742 0.012623
1745546 H 1745543 0.012623
1745546 H 1750743 0.012623
1745546 H 1745544 0.012623
1745549 P2 1745543 0.904000
1745549 P2 1745549 0.096000
1745549 Z0 1755943 0.997431
1745549 Z0 1761138 0.000856
1745549 Z0 1750748 0.000856
1745549 Z0 1745549 0.000856
1745549 H 1745549 0.902249
1745549 H 1771525 0.022014
1745549 H 1750748 0.012623
1745549 H 1771526 0.012623
1745549 H 1761138 0.012623
1745549 H 1771527 0.012623
1745549 H 1755943 0.012623
1745549 H 1771528 0.012623
1750742 P2 1771525 0.872000
1750742 P2 1750742 0.128000
1750742 Z0 1750745 0.997431
1750742 Z0 1750744 0.000856
1750742 Z0 1750743 0.000856
1750742 Z0 1750742 0.000856
1750742 H 1750742 0.902249
1750742 H 1745543 0.022014
1750742 H 1750743 0.012623
1750742 H 1745544 0.012623
1750742 H 1750744 0.012623
1750742 H 1745546 0.012623
1750742 H 1750745 0.012623
1750742 H 1745545 0.012623
1750743 P2 1771526 0.872000
1750743 P2 1750743 0.128000
1750743 Z0 1750744 0.997431
1750743 Z0 1750745 0.000856
1750743 Z0 1750742 0.000856
1750743 Z0 1750743 0.000856
1750743 H 1750743 0.902249
1750743 H 1745544 0.022014
1750743 H 1750742 0.012623
1750743 H 1745543 0.012623
1750743 H 1750745 0.012623
1750743 H 1745545 0.012623
1750743 H 1750744 0.012623
1750743 H 1745546 0.012623
1750744 P2 1771527 0.872000
1750744 P2 1750744 0.128000
1750744 Z0 1750743 0.997431
1750744 Z0 1750742 0.000856
1750744 Z0 1750745 0.000856
1750744 Z0 1750744 0.000856
1750744 H 1745546 0.902249
1750744 H 1750744 0.022014
1750744 H 1745545 0.012623
1750744 H 1750745 0.012623
1750744 H 1745543 0.012623
1750744 H 1750742 0.012623
1750744 H 1745544 0.012623
1750744 H 1750743 0.012623
1750745 P2 1771528 0.872000
1750745 P2 1750745 0.128000
1750745 Z0 1750742 0.997431
1750745 Z0 1750743 0.000856
1750745 Z0 1750744 0.000856
1750745 Z0 1750745 0.000856
1750745 H 1745545 0.902249
1750745 H 1750745 0.022014
1750745 H 1745546 0.012623
1750745 H 1750744 0.012623
1750745 H 1745544 0.012623
1750745 H 1750743 0.012623
1750745 H 1745543 0.012623
1750745 H 1750742 0.012623
1750748 P2 1745544 0.904000
1750748 P2 1750748 0.096000
1750748 Z0 1761138 0.997431
1750748 Z0 1755943 0.000856
1750748 Z0 1745549 0.000856
1750748 Z0 1750748 0.000856
1750748 H 1750748 0.902249
1750748 H 1771526 0.022014
1750748 H 1745549 0.012623
1750748 H 1771525 0.012623
1750748 H 1755943 0.012623
1750748 H 1771528 0.012623
1750748 H 1761138 0.012623
1750748 H 1771527 0.012623
1755943 P2 1745545 0.904000
1755943 P2 1755943 0.096000
1755943 Z0 1745549 0.997431
1755943 Z0 1750748 0.000856
1755943 Z0 1761138 0.000856
1755943 Z0 1755943 0.000856
1755943 H 1771528 0.902249
1755943 H 1755943 0.022014
1755943 H 1771527 0.012623
1755943 H 1761138 0.012623
1755943 H 1771526 0.012623
1755943 H 1750748 0.012623
1755943 H 1771525 0.012623
1755943 H 1745549 0.012623
1761138 P2 1745546 0.904000
1761138 P2 1761138 0.096000
1761138 Z0 1750748 0.997431
1761138 Z0 1745549 0.000856
1761138 Z0 1755943 0.000856
1761138 Z0 1761138 0.000856
1761138 H 1771527 0.902249
1761138 H 1761138 0.022014
1761138 H 1771528 0.012623
1761138 H 1755943 0.012623
1761138 H 1771525 0.012623
1761138 H 1745549 0.012623
1761138 H 1771526 0.012623
1761138 H 1750748 0.012623
1771525 P2 1771525 0.872000
1771525 P2 1750742 0.128000
1771525 Z0 1771528 0.997431
1771525 Z0 1771527 0.000856
1771525 Z0 1771526 0.000856
1771525 Z0 1771525 0.000856
1771525 H 1771525 0.902249
1771525 H 1745549 0.022014
1771525 H 1771526 0.012623
1771525 H 1750748 0.012623
1771525 H 1771527 0.012623
1771525 H 1761138 0.012623
1771525 H 1771528 0.012623
1771525 H 1755943 0.012623
1771526 P2 1771526 0.872000
1771526 P2 1750743 0.128000
1771526 Z0 1771527 0.997431
1771526 Z0 1771528 0.000856
1771526 Z0 1771525 0.000856
1771526 Z0 1771526 0.000856
1771526 H 1771526 0.902249
1771526 H 1750748 0.022014
1771526 H 1771525 0.012623
1771526 H 1745549 0.012623
1771526 H 1771528 0.012623
1771526 H 1755943 0.012623
1771526 H 1771527 0.012623
1771526 H 1761138 0.012623
1771527 P2 1771527 0.872000
1771527 P2 1750744 0.128000
1771527 Z0 1771526 0.997431
1771527 Z0 1771525 0.000856
1771527 Z0 1771528 0.000856
1771527 Z0 1771527 0.000856
1771527 H 1761138 0.902249
1771527 H 1771527 0.022014
1771527 H 1755943 0.012623
1771527 H 1771528 0.012623
1771527 H 1745549 0.012623
1771527 H 1771525 0.012623
1771527 H 1750748 0.012623
1771527 H 1771526 0.012623
1771528 P2 1771528 0.872000
1771528 P2 1750745 0.128000
1771528 Z0 1771525 0.997431
1771528 Z0 1771526 0.000856
1771528 Z0 1771527 0.000856
1771528 Z0 1771528 0.000856
1771528 H 1755943 0.902249
1771528 H 1771528 0.022014
1771528 H 1761138 0.012623
1771528 H 1771527 0.012623
1771528 H 1750748 0.012623
1771528 H 1771526 0.012623
1771528 H 1745549 0.012623
1771528 H 1771525 0.012623
ENDPOMDP
