BEGINPOMDP
INITIALSTATE: 1163695
STATES: 1168896,1168897,1168898,1168901,1189678,1189679,1163696,1163697,1163695,1163698,1163699,1174096,1163702,1189680,1189681,1179291,1168895
REWARDS: 1168896:1.0,1168897:0.0,1168898:0.0,1168901:1.0,1189678:1.0,1189679:1.0,1163696:1.0,1163697:1.0,1163695:0.0,1163698:0.0,1163699:0.0,1174096:0.0,1163702:1.0,1189680:0.0,1189681:0.0,1179291:0.0,1168895:1.0
GAMMA: 1168896:0,1168897:0,1168898:0,1168901:1,1189678:1,1189679:1,1163696:0,1163697:0,1163695:0,1163698:0,1163699:0,1174096:1,1163702:1,1189680:1,1189681:1,1179291:1,1168895:0
BEGINACTIONS
P2
Z0
H
ENDACTIONS
1163695 INIT_ 1163696 0.250000
1163695 INIT_ 1163697 0.250000
1163695 INIT_ 1163698 0.250000
1163695 INIT_ 1163699 0.250000
1163696 P2 1163696 0.922000
1163696 P2 1163702 0.078000
1163696 Z0 1163698 0.978034
1163696 Z0 1163699 0.007322
1163696 Z0 1163697 0.007322
1163696 Z0 1163696 0.007322
1163696 H 1163696 0.869893
1163696 H 1168895 0.021257
1163696 H 1163697 0.018142
1163696 H 1168896 0.018142
1163696 H 1163699 0.018142
1163696 H 1168897 0.018142
1163696 H 1163698 0.018142
1163696 H 1168898 0.018142
1163697 P2 1163697 0.922000
1163697 P2 1168901 0.078000
1163697 Z0 1163699 0.978034
1163697 Z0 1163698 0.007322
1163697 Z0 1163696 0.007322
1163697 Z0 1163697 0.007322
1163697 H 1163697 0.869893
1163697 H 1168896 0.021257
1163697 H 1163696 0.018142
1163697 H 1168895 0.018142
1163697 H 1163698 0.018142
1163697 H 1168898 0.018142
1163697 H 1163699 0.018142
1163697 H 1168897 0.018142
1163698 P2 1163698 0.922000
1163698 P2 1174096 0.078000
1163698 Z0 1163696 0.978034
1163698 Z0 1163697 0.007322
1163698 Z0 1163699 0.007322
1163698 Z0 1163698 0.007322
1163698 H 1168898 0.869893
1163698 H 1163698 0.021257
1163698 H 1168897 0.018142
1163698 H 1163699 0.018142
1163698 H 1168896 0.018142
1163698 H 1163697 0.018142
1163698 H 1168895 0.018142
1163698 H 1163696 0.018142
1163699 P2 1163699 0.922000
1163699 P2 1179291 0.078000
1163699 Z0 1163697 0.978034
1163699 Z0 1163696 0.007322
1163699 Z0 1163698 0.007322
1163699 Z0 1163699 0.007322
1163699 H 1168897 0.869893
1163699 H 1163699 0.021257
1163699 H 1168898 0.018142
1163699 H 1163698 0.018142
1163699 H 1168895 0.018142
1163699 H 1163696 0.018142
1163699 H 1168896 0.018142
1163699 H 1163697 0.018142
1163702 P2 1163696 0.922000
1163702 P2 1163702 0.078000
1163702 Z0 1174096 0.978034
1163702 Z0 1179291 0.007322
1163702 Z0 1168901 0.007322
1163702 Z0 1163702 0.007322
1163702 H 1163702 0.869893
1163702 H 1189678 0.021257
1163702 H 1168901 0.018142
1163702 H 1189679 0.018142
1163702 H 1179291 0.018142
1163702 H 1189680 0.018142
1163702 H 1174096 0.018142
1163702 H 1189681 0.018142
1168895 P2 1189678 0.910000
1168895 P2 1168895 0.090000
1168895 Z0 1168898 0.978034
1168895 Z0 1168897 0.007322
1168895 Z0 1168896 0.007322
1168895 Z0 1168895 0.007322
1168895 H 1168895 0.869893
1168895 H 1163696 0.021257
1168895 H 1168896 0.018142
1168895 H 1163697 0.018142
1168895 H 1168897 0.018142
1168895 H 1163699 0.018142
1168895 H 1168898 0.018142
1168895 H 1163698 0.018142
1168896 P2 1189679 0.910000
1168896 P2 1168896 0.090000
1168896 Z0 1168897 0.978034
1168896 Z0 1168898 0.007322
1168896 Z0 1168895 0.007322
1168896 Z0 1168896 0.007322
1168896 H 1168896 0.869893
1168896 H 1163697 0.021257
1168896 H 1168895 0.018142
1168896 H 1163696 0.018142
1168896 H 1168898 0.018142
1168896 H 1163698 0.018142
1168896 H 1168897 0.018142
1168896 H 1163699 0.018142
1168897 P2 1189680 0.910000
1168897 P2 1168897 0.090000
1168897 Z0 1168896 0.978034
1168897 Z0 1168895 0.007322
1168897 Z0 1168898 0.007322
1168897 Z0 1168897 0.007322
1168897 H 1163699 0.869893
1168897 H 1168897 0.021257
1168897 H 1163698 0.018142
1168897 H 1168898 0.018142
1168897 H 1163696 0.018142
1168897 H 1168895 0.018142
1168897 H 1163697 0.018142
1168897 H 1168896 0.018142
1168898 P2 1189681 0.910000
1168898 P2 1168898 0.090000
1168898 Z0 1168895 0.978034
1168898 Z0 1168896 0.007322
1168898 Z0 1168897 0.007322
1168898 Z0 1168898 0.007322
1168898 H 1163698 0.869893
1168898 H 1168898 0.021257
1168898 H 1163699 0.018142
1168898 H 1168897 0.018142
1168898 H 1163697 0.018142
1168898 H 1168896 0.018142
1168898 H 1163696 0.018142
1168898 H 1168895 0.018142
1168901 P2 1163697 0.922000
1168901 P2 1168901 0.078000
1168901 Z0 1179291 0.978034
1168901 Z0 1174096 0.007322
1168901 Z0 1163702 0.007322
1168901 Z0 1168901 0.007322
1168901 H 1168901 0.869893
1168901 H 1189679 0.021257
1168901 H 1163702 0.018142
1168901 H 1189678 0.018142
1168901 H 1174096 0.018142
1168901 H 1189681 0.018142
1168901 H 1179291 0.018142
1168901 H 1189680 0.018142
1174096 P2 1163698 0.922000
1174096 P2 1174096 0.078000
1174096 Z0 1163702 0.978034
1174096 Z0 1168901 0.007322
1174096 Z0 1179291 0.007322
1174096 Z0 1174096 0.007322
1174096 H 1189681 0.869893
1174096 H 1174096 0.021257
1174096 H 1189680 0.018142
1174096 H 1179291 0.018142
1174096 H 1189679 0.018142
1174096 H 1168901 0.018142
1174096 H 1189678 0.018142
1174096 H 1163702 0.018142
1179291 P2 1163699 0.922000
1179291 P2 1179291 0.078000
1179291 Z0 1168901 0.978034
1179291 Z0 1163702 0.007322
1179291 Z0 1174096 0.007322
1179291 Z0 1179291 0.007322
1179291 H 1189680 0.869893
1179291 H 1179291 0.021257
1179291 H 1189681 0.018142
1179291 H 1174096 0.018142
1179291 H 1189678 0.018142
1179291 H 1163702 0.018142
1179291 H 1189679 0.018142
1179291 H 1168901 0.018142
1189678 P2 1189678 0.910000
1189678 P2 1168895 0.090000
1189678 Z0 1189681 0.978034
1189678 Z0 1189680 0.007322
1189678 Z0 1189679 0.007322
1189678 Z0 1189678 0.007322
1189678 H 1189678 0.869893
1189678 H 1163702 0.021257
1189678 H 1189679 0.018142
1189678 H 1168901 0.018142
1189678 H 1189680 0.018142
1189678 H 1179291 0.018142
1189678 H 1189681 0.018142
1189678 H 1174096 0.018142
1189679 P2 1189679 0.910000
1189679 P2 1168896 0.090000
1189679 Z0 1189680 0.978034
1189679 Z0 1189681 0.007322
1189679 Z0 1189678 0.007322
1189679 Z0 1189679 0.007322
1189679 H 1189679 0.869893
1189679 H 1168901 0.021257
1189679 H 1189678 0.018142
1189679 H 1163702 0.018142
1189679 H 1189681 0.018142
1189679 H 1174096 0.018142
1189679 H 1189680 0.018142
1189679 H 1179291 0.018142
1189680 P2 1189680 0.910000
1189680 P2 1168897 0.090000
1189680 Z0 1189679 0.978034
1189680 Z0 1189678 0.007322
1189680 Z0 1189681 0.007322
1189680 Z0 1189680 0.007322
1189680 H 1179291 0.869893
1189680 H 1189680 0.021257
1189680 H 1174096 0.018142
1189680 H 1189681 0.018142
1189680 H 1163702 0.018142
1189680 H 1189678 0.018142
1189680 H 1168901 0.018142
1189680 H 1189679 0.018142
1189681 P2 1189681 0.910000
1189681 P2 1168898 0.090000
1189681 Z0 1189678 0.978034
1189681 Z0 1189679 0.007322
1189681 Z0 1189680 0.007322
1189681 Z0 1189681 0.007322
1189681 H 1174096 0.869893
1189681 H 1189681 0.021257
1189681 H 1179291 0.018142
1189681 H 1189680 0.018142
1189681 H 1168901 0.018142
1189681 H 1189679 0.018142
1189681 H 1163702 0.018142
1189681 H 1189678 0.018142
ENDPOMDP
