BEGINPOMDP
INITIALSTATE: 1329937
STATES: 1335137,1335138,1335139,1335140,1335143,1355920,1355921,1329938,1329939,1329937,1329940,1329941,1340338,1329944,1355922,1355923,1345533
REWARDS: 1335137:1.0,1335138:1.0,1335139:0.0,1335140:0.0,1335143:1.0,1355920:1.0,1355921:1.0,1329938:1.0,1329939:1.0,1329937:0.0,1329940:0.0,1329941:0.0,1340338:0.0,1329944:1.0,1355922:0.0,1355923:0.0,1345533:0.0
GAMMA: 1335137:0,1335138:0,1335139:0,1335140:0,1335143:1,1355920:1,1355921:1,1329938:0,1329939:0,1329937:0,1329940:0,1329941:0,1340338:1,1329944:1,1355922:1,1355923:1,1345533:1
BEGINACTIONS
P2
Z0
H
ENDACTIONS
1329937 INIT_ 1329938 0.250000
1329937 INIT_ 1329939 0.250000
1329937 INIT_ 1329940 0.250000
1329937 INIT_ 1329941 0.250000
1329938 P2 1329938 0.871000
1329938 P2 1329944 0.129000
1329938 Z0 1329940 0.999004
1329938 Z0 1329941 0.000332
1329938 Z0 1329939 0.000332
1329938 Z0 1329938 0.000332
1329938 H 1329938 0.971521
1329938 H 1335137 0.004514
1329938 H 1329939 0.003994
1329938 H 1335138 0.003994
1329938 H 1329941 0.003994
1329938 H 1335139 0.003994
1329938 H 1329940 0.003994
1329938 H 1335140 0.003994
1329939 P2 1329939 0.871000
1329939 P2 1335143 0.129000
1329939 Z0 1329941 0.999004
1329939 Z0 1329940 0.000332
1329939 Z0 1329938 0.000332
1329939 Z0 1329939 0.000332
1329939 H 1329939 0.971521
1329939 H 1335138 0.004514
1329939 H 1329938 0.003994
1329939 H 1335137 0.003994
1329939 H 1329940 0.003994
1329939 H 1335140 0.003994
1329939 H 1329941 0.003994
1329939 H 1335139 0.003994
1329940 P2 1329940 0.871000
1329940 P2 1340338 0.129000
1329940 Z0 1329938 0.999004
1329940 Z0 1329939 0.000332
1329940 Z0 1329941 0.000332
1329940 Z0 1329940 0.000332
1329940 H 1335140 0.971521
1329940 H 1329940 0.004514
1329940 H 1335139 0.003994
1329940 H 1329941 0.003994
1329940 H 1335138 0.003994
1329940 H 1329939 0.003994
1329940 H 1335137 0.003994
1329940 H 1329938 0.003994
1329941 P2 1329941 0.871000
1329941 P2 1345533 0.129000
1329941 Z0 1329939 0.999004
1329941 Z0 1329938 0.000332
1329941 Z0 1329940 0.000332
1329941 Z0 1329941 0.000332
1329941 H 1335139 0.971521
1329941 H 1329941 0.004514
1329941 H 1335140 0.003994
1329941 H 1329940 0.003994
1329941 H 1335137 0.003994
1329941 H 1329938 0.003994
1329941 H 1335138 0.003994
1329941 H 1329939 0.003994
1329944 P2 1329938 0.871000
1329944 P2 1329944 0.129000
1329944 Z0 1340338 0.999004
1329944 Z0 1345533 0.000332
1329944 Z0 1335143 0.000332
1329944 Z0 1329944 0.000332
1329944 H 1329944 0.971521
1329944 H 1355920 0.004514
1329944 H 1335143 0.003994
1329944 H 1355921 0.003994
1329944 H 1345533 0.003994
1329944 H 1355922 0.003994
1329944 H 1340338 0.003994
1329944 H 1355923 0.003994
1335137 P2 1355920 0.964000
1335137 P2 1335137 0.036000
1335137 Z0 1335140 0.999004
1335137 Z0 1335139 0.000332
1335137 Z0 1335138 0.000332
1335137 Z0 1335137 0.000332
1335137 H 1335137 0.971521
1335137 H 1329938 0.004514
1335137 H 1335138 0.003994
1335137 H 1329939 0.003994
1335137 H 1335139 0.003994
1335137 H 1329941 0.003994
1335137 H 1335140 0.003994
1335137 H 1329940 0.003994
1335138 P2 1355921 0.964000
1335138 P2 1335138 0.036000
1335138 Z0 1335139 0.999004
1335138 Z0 1335140 0.000332
1335138 Z0 1335137 0.000332
1335138 Z0 1335138 0.000332
1335138 H 1335138 0.971521
1335138 H 1329939 0.004514
1335138 H 1335137 0.003994
1335138 H 1329938 0.003994
1335138 H 1335140 0.003994
1335138 H 1329940 0.003994
1335138 H 1335139 0.003994
1335138 H 1329941 0.003994
1335139 P2 1355922 0.964000
1335139 P2 1335139 0.036000
1335139 Z0 1335138 0.999004
1335139 Z0 1335137 0.000332
1335139 Z0 1335140 0.000332
1335139 Z0 1335139 0.000332
1335139 H 1329941 0.971521
1335139 H 1335139 0.004514
1335139 H 1329940 0.003994
1335139 H 1335140 0.003994
1335139 H 1329938 0.003994
1335139 H 1335137 0.003994
1335139 H 1329939 0.003994
1335139 H 1335138 0.003994
1335140 P2 1355923 0.964000
1335140 P2 1335140 0.036000
1335140 Z0 1335137 0.999004
1335140 Z0 1335138 0.000332
1335140 Z0 1335139 0.000332
1335140 Z0 1335140 0.000332
1335140 H 1329940 0.971521
1335140 H 1335140 0.004514
1335140 H 1329941 0.003994
1335140 H 1335139 0.003994
1335140 H 1329939 0.003994
1335140 H 1335138 0.003994
1335140 H 1329938 0.003994
1335140 H 1335137 0.003994
1335143 P2 1329939 0.871000
1335143 P2 1335143 0.129000
1335143 Z0 1345533 0.999004
1335143 Z0 1340338 0.000332
1335143 Z0 1329944 0.000332
1335143 Z0 1335143 0.000332
1335143 H 1335143 0.971521
1335143 H 1355921 0.004514
1335143 H 1329944 0.003994
1335143 H 1355920 0.003994
1335143 H 1340338 0.003994
1335143 H 1355923 0.003994
1335143 H 1345533 0.003994
1335143 H 1355922 0.003994
1340338 P2 1329940 0.871000
1340338 P2 1340338 0.129000
1340338 Z0 1329944 0.999004
1340338 Z0 1335143 0.000332
1340338 Z0 1345533 0.000332
1340338 Z0 1340338 0.000332
1340338 H 1355923 0.971521
1340338 H 1340338 0.004514
1340338 H 1355922 0.003994
1340338 H 1345533 0.003994
1340338 H 1355921 0.003994
1340338 H 1335143 0.003994
1340338 H 1355920 0.003994
1340338 H 1329944 0.003994
1345533 P2 1329941 0.871000
1345533 P2 1345533 0.129000
1345533 Z0 1335143 0.999004
1345533 Z0 1329944 0.000332
1345533 Z0 1340338 0.000332
1345533 Z0 1345533 0.000332
1345533 H 1355922 0.971521
1345533 H 1345533 0.004514
1345533 H 1355923 0.003994
1345533 H 1340338 0.003994
1345533 H 1355920 0.003994
1345533 H 1329944 0.003994
1345533 H 1355921 0.003994
1345533 H 1335143 0.003994
1355920 P2 1355920 0.964000
1355920 P2 1335137 0.036000
1355920 Z0 1355923 0.999004
1355920 Z0 1355922 0.000332
1355920 Z0 1355921 0.000332
1355920 Z0 1355920 0.000332
1355920 H 1355920 0.971521
1355920 H 1329944 0.004514
1355920 H 1355921 0.003994
1355920 H 1335143 0.003994
1355920 H 1355922 0.003994
1355920 H 1345533 0.003994
1355920 H 1355923 0.003994
1355920 H 1340338 0.003994
1355921 P2 1355921 0.964000
1355921 P2 1335138 0.036000
1355921 Z0 1355922 0.999004
1355921 Z0 1355923 0.000332
1355921 Z0 1355920 0.000332
1355921 Z0 1355921 0.000332
1355921 H 1355921 0.971521
1355921 H 1335143 0.004514
1355921 H 1355920 0.003994
1355921 H 1329944 0.003994
1355921 H 1355923 0.003994
1355921 H 1340338 0.003994
1355921 H 1355922 0.003994
1355921 H 1345533 0.003994
1355922 P2 1355922 0.964000
1355922 P2 1335139 0.036000
1355922 Z0 1355921 0.999004
1355922 Z0 1355920 0.000332
1355922 Z0 1355923 0.000332
1355922 Z0 1355922 0.000332
1355922 H 1345533 0.971521
1355922 H 1355922 0.004514
1355922 H 1340338 0.003994
1355922 H 1355923 0.003994
1355922 H 1329944 0.003994
1355922 H 1355920 0.003994
1355922 H 1335143 0.003994
1355922 H 1355921 0.003994
1355923 P2 1355923 0.964000
1355923 P2 1335140 0.036000
1355923 Z0 1355920 0.999004
1355923 Z0 1355921 0.000332
1355923 Z0 1355922 0.000332
1355923 Z0 1355923 0.000332
1355923 H 1340338 0.971521
1355923 H 1355923 0.004514
1355923 H 1345533 0.003994
1355923 H 1355922 0.003994
1355923 H 1335143 0.003994
1355923 H 1355921 0.003994
1355923 H 1329944 0.003994
1355923 H 1355920 0.003994
ENDPOMDP
