BEGINPOMDP
INITIALSTATE: 1911784
STATES: 1937767,1937768,1911785,1911786,1911784,1911787,1911788,1922185,1911791,1937769,1937770,1927380,1916984,1916985,1916986,1916987,1916990
REWARDS: 1937767:1.0,1937768:1.0,1911785:1.0,1911786:1.0,1911784:0.0,1911787:0.0,1911788:0.0,1922185:0.0,1911791:1.0,1937769:0.0,1937770:0.0,1927380:0.0,1916984:1.0,1916985:1.0,1916986:0.0,1916987:0.0,1916990:1.0
GAMMA: 1937767:1,1937768:1,1911785:0,1911786:0,1911784:0,1911787:0,1911788:0,1922185:1,1911791:1,1937769:1,1937770:1,1927380:1,1916984:0,1916985:0,1916986:0,1916987:0,1916990:1
BEGINACTIONS
P2
Z0
H
ENDACTIONS
1911784 INIT_ 1911785 0.250000
1911784 INIT_ 1911786 0.250000
1911784 INIT_ 1911787 0.250000
1911784 INIT_ 1911788 0.250000
1911785 P2 1911785 0.984000
1911785 P2 1911791 0.016000
1911785 Z0 1911787 0.994584
1911785 Z0 1911788 0.001805
1911785 Z0 1911786 0.001805
1911785 Z0 1911785 0.001805
1911785 H 1911785 0.896400
1911785 H 1916984 0.016260
1911785 H 1911786 0.014557
1911785 H 1916985 0.014557
1911785 H 1911788 0.014557
1911785 H 1916986 0.014557
1911785 H 1911787 0.014557
1911785 H 1916987 0.014557
1911786 P2 1911786 0.984000
1911786 P2 1916990 0.016000
1911786 Z0 1911788 0.994584
1911786 Z0 1911787 0.001805
1911786 Z0 1911785 0.001805
1911786 Z0 1911786 0.001805
1911786 H 1911786 0.896400
1911786 H 1916985 0.016260
1911786 H 1911785 0.014557
1911786 H 1916984 0.014557
1911786 H 1911787 0.014557
1911786 H 1916987 0.014557
1911786 H 1911788 0.014557
1911786 H 1916986 0.014557
1911787 P2 1911787 0.984000
1911787 P2 1922185 0.016000
1911787 Z0 1911785 0.994584
1911787 Z0 1911786 0.001805
1911787 Z0 1911788 0.001805
1911787 Z0 1911787 0.001805
1911787 H 1916987 0.896400
1911787 H 1911787 0.016260
1911787 H 1916986 0.014557
1911787 H 1911788 0.014557
1911787 H 1916985 0.014557
1911787 H 1911786 0.014557
1911787 H 1916984 0.014557
1911787 H 1911785 0.014557
1911788 P2 1911788 0.984000
1911788 P2 1927380 0.016000
1911788 Z0 1911786 0.994584
1911788 Z0 1911785 0.001805
1911788 Z0 1911787 0.001805
1911788 Z0 1911788 0.001805
1911788 H 1916986 0.896400
1911788 H 1911788 0.016260
1911788 H 1916987 0.014557
1911788 H 1911787 0.014557
1911788 H 1916984 0.014557
1911788 H 1911785 0.014557
1911788 H 1916985 0.014557
1911788 H 1911786 0.014557
1911791 P2 1911785 0.984000
1911791 P2 1911791 0.016000
1911791 Z0 1922185 0.994584
1911791 Z0 1927380 0.001805
1911791 Z0 1916990 0.001805
1911791 Z0 1911791 0.001805
1911791 H 1911791 0.896400
1911791 H 1937767 0.016260
1911791 H 1916990 0.014557
1911791 H 1937768 0.014557
1911791 H 1927380 0.014557
1911791 H 1937769 0.014557
1911791 H 1922185 0.014557
1911791 H 1937770 0.014557
1916984 P2 1937767 0.966000
1916984 P2 1916984 0.034000
1916984 Z0 1916987 0.994584
1916984 Z0 1916986 0.001805
1916984 Z0 1916985 0.001805
1916984 Z0 1916984 0.001805
1916984 H 1916984 0.896400
1916984 H 1911785 0.016260
1916984 H 1916985 0.014557
1916984 H 1911786 0.014557
1916984 H 1916986 0.014557
1916984 H 1911788 0.014557
1916984 H 1916987 0.014557
1916984 H 1911787 0.014557
1916985 P2 1937768 0.966000
1916985 P2 1916985 0.034000
1916985 Z0 1916986 0.994584
1916985 Z0 1916987 0.001805
1916985 Z0 1916984 0.001805
1916985 Z0 1916985 0.001805
1916985 H 1916985 0.896400
1916985 H 1911786 0.016260
1916985 H 1916984 0.014557
1916985 H 1911785 0.014557
1916985 H 1916987 0.014557
1916985 H 1911787 0.014557
1916985 H 1916986 0.014557
1916985 H 1911788 0.014557
1916986 P2 1937769 0.966000
1916986 P2 1916986 0.034000
1916986 Z0 1916985 0.994584
1916986 Z0 1916984 0.001805
1916986 Z0 1916987 0.001805
1916986 Z0 1916986 0.001805
1916986 H 1911788 0.896400
1916986 H 1916986 0.016260
1916986 H 1911787 0.014557
1916986 H 1916987 0.014557
1916986 H 1911785 0.014557
1916986 H 1916984 0.014557
1916986 H 1911786 0.014557
1916986 H 1916985 0.014557
1916987 P2 1937770 0.966000
1916987 P2 1916987 0.034000
1916987 Z0 1916984 0.994584
1916987 Z0 1916985 0.001805
1916987 Z0 1916986 0.001805
1916987 Z0 1916987 0.001805
1916987 H 1911787 0.896400
1916987 H 1916987 0.016260
1916987 H 1911788 0.014557
1916987 H 1916986 0.014557
1916987 H 1911786 0.014557
1916987 H 1916985 0.014557
1916987 H 1911785 0.014557
1916987 H 1916984 0.014557
1916990 P2 1911786 0.984000
1916990 P2 1916990 0.016000
1916990 Z0 1927380 0.994584
1916990 Z0 1922185 0.001805
1916990 Z0 1911791 0.001805
1916990 Z0 1916990 0.001805
1916990 H 1916990 0.896400
1916990 H 1937768 0.016260
1916990 H 1911791 0.014557
1916990 H 1937767 0.014557
1916990 H 1922185 0.014557
1916990 H 1937770 0.014557
1916990 H 1927380 0.014557
1916990 H 1937769 0.014557
1922185 P2 1911787 0.984000
1922185 P2 1922185 0.016000
1922185 Z0 1911791 0.994584
1922185 Z0 1916990 0.001805
1922185 Z0 1927380 0.001805
1922185 Z0 1922185 0.001805
1922185 H 1937770 0.896400
1922185 H 1922185 0.016260
1922185 H 1937769 0.014557
1922185 H 1927380 0.014557
1922185 H 1937768 0.014557
1922185 H 1916990 0.014557
1922185 H 1937767 0.014557
1922185 H 1911791 0.014557
1927380 P2 1911788 0.984000
1927380 P2 1927380 0.016000
1927380 Z0 1916990 0.994584
1927380 Z0 1911791 0.001805
1927380 Z0 1922185 0.001805
1927380 Z0 1927380 0.001805
1927380 H 1937769 0.896400
1927380 H 1927380 0.016260
1927380 H 1937770 0.014557
1927380 H 1922185 0.014557
1927380 H 1937767 0.014557
1927380 H 1911791 0.014557
1927380 H 1937768 0.014557
1927380 H 1916990 0.014557
1937767 P2 1937767 0.966000
1937767 P2 1916984 0.034000
1937767 Z0 1937770 0.994584
1937767 Z0 1937769 0.001805
1937767 Z0 1937768 0.001805
1937767 Z0 1937767 0.001805
1937767 H 1937767 0.896400
1937767 H 1911791 0.016260
1937767 H 1937768 0.014557
1937767 H 1916990 0.014557
1937767 H 1937769 0.014557
1937767 H 1927380 0.014557
1937767 H 1937770 0.014557
1937767 H 1922185 0.014557
1937768 P2 1937768 0.966000
1937768 P2 1916985 0.034000
1937768 Z0 1937769 0.994584
1937768 Z0 1937770 0.001805
1937768 Z0 1937767 0.001805
1937768 Z0 1937768 0.001805
1937768 H 1937768 0.896400
1937768 H 1916990 0.016260
1937768 H 1937767 0.014557
1937768 H 1911791 0.014557
1937768 H 1937770 0.014557
1937768 H 1922185 0.014557
1937768 H 1937769 0.014557
1937768 H 1927380 0.014557
1937769 P2 1937769 0.966000
1937769 P2 1916986 0.034000
1937769 Z0 1937768 0.994584
1937769 Z0 1937767 0.001805
1937769 Z0 1937770 0.001805
1937769 Z0 1937769 0.001805
1937769 H 1927380 0.896400
1937769 H 1937769 0.016260
1937769 H 1922185 0.014557
1937769 H 1937770 0.014557
1937769 H 1911791 0.014557
1937769 H 1937767 0.014557
1937769 H 1916990 0.014557
1937769 H 1937768 0.014557
1937770 P2 1937770 0.966000
1937770 P2 1916987 0.034000
1937770 Z0 1937767 0.994584
1937770 Z0 1937768 0.001805
1937770 Z0 1937769 0.001805
1937770 Z0 1937770 0.001805
1937770 H 1922185 0.896400
1937770 H 1937770 0.016260
1937770 H 1927380 0.014557
1937770 H 1937769 0.014557
1937770 H 1916990 0.014557
1937770 H 1937768 0.014557
1937770 H 1911791 0.014557
1937770 H 1937767 0.014557
ENDPOMDP
