BEGINPOMDP
INITIALSTATE: 8976822
STATES: 8987168,8987169,9028546,9028547,8987170,9028548,9028549,8987177,8997521,9007865,8976822,8976823,8976824,8976825,8976826,8976829,8987167
REWARDS: 8987168:1.0,8987169:0.0,9028546:1.0,9028547:1.0,8987170:0.0,9028548:0.0,9028549:0.0,8987177:1.0,8997521:0.0,9007865:0.0,8976822:0.0,8976823:1.0,8976824:1.0,8976825:0.0,8976826:0.0,8976829:1.0,8987167:1.0
GAMMA: 8987168:0,8987169:0,9028546:1,9028547:1,8987170:0,9028548:1,9028549:1,8987177:1,8997521:1,9007865:1,8976822:0,8976823:0,8976824:0,8976825:0,8976826:0,8976829:1,8987167:0
BEGINACTIONS
P2
Z0
H
X2
ENDACTIONS
8976822 INIT_ 8976823 0.250000
8976822 INIT_ 8976824 0.250000
8976822 INIT_ 8976825 0.250000
8976822 INIT_ 8976826 0.250000
8976823 P2 8976823 0.970200
8976823 P2 8976829 0.029800
8976823 Z0 8976825 0.999233
8976823 Z0 8976826 0.000256
8976823 Z0 8976824 0.000256
8976823 Z0 8976823 0.000256
8976823 H 8976823 0.973835
8976823 H 8987167 0.004407
8976823 H 8976824 0.003626
8976823 H 8987168 0.003626
8976823 H 8976826 0.003626
8976823 H 8987169 0.003626
8976823 H 8976825 0.003626
8976823 H 8987170 0.003626
8976823 X2 8987167 0.999598
8976823 X2 8976823 0.000402
8976824 P2 8976824 0.970200
8976824 P2 8987177 0.029800
8976824 Z0 8976826 0.999233
8976824 Z0 8976825 0.000256
8976824 Z0 8976823 0.000256
8976824 Z0 8976824 0.000256
8976824 H 8976824 0.973835
8976824 H 8987168 0.004407
8976824 H 8976823 0.003626
8976824 H 8987167 0.003626
8976824 H 8976825 0.003626
8976824 H 8987170 0.003626
8976824 H 8976826 0.003626
8976824 H 8987169 0.003626
8976824 X2 8987168 0.999598
8976824 X2 8976824 0.000402
8976825 P2 8976825 0.970200
8976825 P2 8997521 0.029800
8976825 Z0 8976823 0.999233
8976825 Z0 8976824 0.000256
8976825 Z0 8976826 0.000256
8976825 Z0 8976825 0.000256
8976825 H 8987170 0.973835
8976825 H 8976825 0.004407
8976825 H 8987169 0.003626
8976825 H 8976826 0.003626
8976825 H 8987168 0.003626
8976825 H 8976824 0.003626
8976825 H 8987167 0.003626
8976825 H 8976823 0.003626
8976825 X2 8987170 0.999598
8976825 X2 8976825 0.000402
8976826 P2 8976826 0.970200
8976826 P2 9007865 0.029800
8976826 Z0 8976824 0.999233
8976826 Z0 8976823 0.000256
8976826 Z0 8976825 0.000256
8976826 Z0 8976826 0.000256
8976826 H 8987169 0.973835
8976826 H 8976826 0.004407
8976826 H 8987170 0.003626
8976826 H 8976825 0.003626
8976826 H 8987167 0.003626
8976826 H 8976823 0.003626
8976826 H 8987168 0.003626
8976826 H 8976824 0.003626
8976826 X2 8987169 0.999598
8976826 X2 8976826 0.000402
8976829 P2 8976823 0.970200
8976829 P2 8976829 0.029800
8976829 Z0 8997521 0.999233
8976829 Z0 9007865 0.000256
8976829 Z0 8987177 0.000256
8976829 Z0 8976829 0.000256
8976829 H 8976829 0.973835
8976829 H 9028546 0.004407
8976829 H 8987177 0.003626
8976829 H 9028547 0.003626
8976829 H 9007865 0.003626
8976829 H 9028548 0.003626
8976829 H 8997521 0.003626
8976829 H 9028549 0.003626
8976829 X2 9028546 0.999598
8976829 X2 8976829 0.000402
8987167 P2 9028546 0.908800
8987167 P2 8987167 0.091200
8987167 Z0 8987170 0.999233
8987167 Z0 8987169 0.000256
8987167 Z0 8987168 0.000256
8987167 Z0 8987167 0.000256
8987167 H 8987167 0.973835
8987167 H 8976823 0.004407
8987167 H 8987168 0.003626
8987167 H 8976824 0.003626
8987167 H 8987169 0.003626
8987167 H 8976826 0.003626
8987167 H 8987170 0.003626
8987167 H 8976825 0.003626
8987167 X2 8976823 0.999598
8987167 X2 8987167 0.000402
8987168 P2 9028547 0.908800
8987168 P2 8987168 0.091200
8987168 Z0 8987169 0.999233
8987168 Z0 8987170 0.000256
8987168 Z0 8987167 0.000256
8987168 Z0 8987168 0.000256
8987168 H 8987168 0.973835
8987168 H 8976824 0.004407
8987168 H 8987167 0.003626
8987168 H 8976823 0.003626
8987168 H 8987170 0.003626
8987168 H 8976825 0.003626
8987168 H 8987169 0.003626
8987168 H 8976826 0.003626
8987168 X2 8976824 0.999598
8987168 X2 8987168 0.000402
8987169 P2 9028548 0.908800
8987169 P2 8987169 0.091200
8987169 Z0 8987168 0.999233
8987169 Z0 8987167 0.000256
8987169 Z0 8987170 0.000256
8987169 Z0 8987169 0.000256
8987169 H 8976826 0.973835
8987169 H 8987169 0.004407
8987169 H 8976825 0.003626
8987169 H 8987170 0.003626
8987169 H 8976823 0.003626
8987169 H 8987167 0.003626
8987169 H 8976824 0.003626
8987169 H 8987168 0.003626
8987169 X2 8976826 0.999598
8987169 X2 8987169 0.000402
8987170 P2 9028549 0.908800
8987170 P2 8987170 0.091200
8987170 Z0 8987167 0.999233
8987170 Z0 8987168 0.000256
8987170 Z0 8987169 0.000256
8987170 Z0 8987170 0.000256
8987170 H 8976825 0.973835
8987170 H 8987170 0.004407
8987170 H 8976826 0.003626
8987170 H 8987169 0.003626
8987170 H 8976824 0.003626
8987170 H 8987168 0.003626
8987170 H 8976823 0.003626
8987170 H 8987167 0.003626
8987170 X2 8976825 0.999598
8987170 X2 8987170 0.000402
8987177 P2 8976824 0.970200
8987177 P2 8987177 0.029800
8987177 Z0 9007865 0.999233
8987177 Z0 8997521 0.000256
8987177 Z0 8976829 0.000256
8987177 Z0 8987177 0.000256
8987177 H 8987177 0.973835
8987177 H 9028547 0.004407
8987177 H 8976829 0.003626
8987177 H 9028546 0.003626
8987177 H 8997521 0.003626
8987177 H 9028549 0.003626
8987177 H 9007865 0.003626
8987177 H 9028548 0.003626
8987177 X2 9028547 0.999598
8987177 X2 8987177 0.000402
8997521 P2 8976825 0.970200
8997521 P2 8997521 0.029800
8997521 Z0 8976829 0.999233
8997521 Z0 8987177 0.000256
8997521 Z0 9007865 0.000256
8997521 Z0 8997521 0.000256
8997521 H 9028549 0.973835
8997521 H 8997521 0.004407
8997521 H 9028548 0.003626
8997521 H 9007865 0.003626
8997521 H 9028547 0.003626
8997521 H 8987177 0.003626
8997521 H 9028546 0.003626
8997521 H 8976829 0.003626
8997521 X2 9028549 0.999598
8997521 X2 8997521 0.000402
9007865 P2 8976826 0.970200
9007865 P2 9007865 0.029800
9007865 Z0 8987177 0.999233
9007865 Z0 8976829 0.000256
9007865 Z0 8997521 0.000256
9007865 Z0 9007865 0.000256
9007865 H 9028548 0.973835
9007865 H 9007865 0.004407
9007865 H 9028549 0.003626
9007865 H 8997521 0.003626
9007865 H 9028546 0.003626
9007865 H 8976829 0.003626
9007865 H 9028547 0.003626
9007865 H 8987177 0.003626
9007865 X2 9028548 0.999598
9007865 X2 9007865 0.000402
9028546 P2 9028546 0.908800
9028546 P2 8987167 0.091200
9028546 Z0 9028549 0.999233
9028546 Z0 9028548 0.000256
9028546 Z0 9028547 0.000256
9028546 Z0 9028546 0.000256
9028546 H 9028546 0.973835
9028546 H 8976829 0.004407
9028546 H 9028547 0.003626
9028546 H 8987177 0.003626
9028546 H 9028548 0.003626
9028546 H 9007865 0.003626
9028546 H 9028549 0.003626
9028546 H 8997521 0.003626
9028546 X2 8976829 0.999598
9028546 X2 9028546 0.000402
9028547 P2 9028547 0.908800
9028547 P2 8987168 0.091200
9028547 Z0 9028548 0.999233
9028547 Z0 9028549 0.000256
9028547 Z0 9028546 0.000256
9028547 Z0 9028547 0.000256
9028547 H 9028547 0.973835
9028547 H 8987177 0.004407
9028547 H 9028546 0.003626
9028547 H 8976829 0.003626
9028547 H 9028549 0.003626
9028547 H 8997521 0.003626
9028547 H 9028548 0.003626
9028547 H 9007865 0.003626
9028547 X2 8987177 0.999598
9028547 X2 9028547 0.000402
9028548 P2 9028548 0.908800
9028548 P2 8987169 0.091200
9028548 Z0 9028547 0.999233
9028548 Z0 9028546 0.000256
9028548 Z0 9028549 0.000256
9028548 Z0 9028548 0.000256
9028548 H 9007865 0.973835
9028548 H 9028548 0.004407
9028548 H 8997521 0.003626
9028548 H 9028549 0.003626
9028548 H 8976829 0.003626
9028548 H 9028546 0.003626
9028548 H 8987177 0.003626
9028548 H 9028547 0.003626
9028548 X2 9007865 0.999598
9028548 X2 9028548 0.000402
9028549 P2 9028549 0.908800
9028549 P2 8987170 0.091200
9028549 Z0 9028546 0.999233
9028549 Z0 9028547 0.000256
9028549 Z0 9028548 0.000256
9028549 Z0 9028549 0.000256
9028549 H 8997521 0.973835
9028549 H 9028549 0.004407
9028549 H 9007865 0.003626
9028549 H 9028548 0.003626
9028549 H 8987177 0.003626
9028549 H 9028547 0.003626
9028549 H 8976829 0.003626
9028549 H 9028546 0.003626
9028549 X2 8997521 0.999598
9028549 X2 9028549 0.000402
ENDPOMDP
