BEGINPOMDP
INITIALSTATE: 3375127
STATES: 3375127,3375128,3375129,3375130,3375131,3375148,3375149,3375150,3375151,3375152,3375153,3375154,3375155,3375174,3375213,3375252,3375291,3375312,3375313,3375314,3375315,3375604,3375605,3375606,3375607,3375608,3375609,3375610,3375611,3375782,3375821,3375860,3375899
TARGETV: 3375128,3375130,3375174,3375252,3375312,3375315,3375782,3375899
GAMMA: 3375127:0,3375128:0,3375129:0,3375130:0,3375131:0,3375148:0,3375149:0,3375150:0,3375151:0,3375152:0,3375153:0,3375154:0,3375155:0,3375174:1,3375213:1,3375252:1,3375291:1,3375312:0,3375313:0,3375314:0,3375315:0,3375604:1,3375605:1,3375606:1,3375607:1,3375608:1,3375609:1,3375610:1,3375611:1,3375782:1,3375821:1,3375860:1,3375899:1
BEGINACTIONS
CX02
CX12
P2
X0
ENDACTIONS
3375127 INIT_ 3375128 0.250000
3375127 INIT_ 3375129 0.250000
3375127 INIT_ 3375130 0.250000
3375127 INIT_ 3375131 0.250000
3375128 CX02 3375148 0.947315
3375128 CX02 3375149 0.007526
3375128 CX02 3375150 0.007526
3375128 CX02 3375151 0.007526
3375128 CX02 3375152 0.007526
3375128 CX02 3375153 0.007526
3375128 CX02 3375154 0.007526
3375128 CX02 3375155 0.007526
3375128 CX12 3375148 0.947592
3375128 CX12 3375149 0.007487
3375128 CX12 3375150 0.007487
3375128 CX12 3375151 0.007487
3375128 CX12 3375153 0.007487
3375128 CX12 3375152 0.007487
3375128 CX12 3375155 0.007487
3375128 CX12 3375154 0.007487
3375128 P2 3375128 0.970800
3375128 P2 3375174 0.029200
3375128 X0 3375129 0.999559
3375128 X0 3375128 0.000147
3375128 X0 3375130 0.000147
3375128 X0 3375131 0.000147
3375129 CX02 3375153 0.947315
3375129 CX02 3375152 0.007526
3375129 CX02 3375155 0.007526
3375129 CX02 3375154 0.007526
3375129 CX02 3375149 0.007526
3375129 CX02 3375148 0.007526
3375129 CX02 3375151 0.007526
3375129 CX02 3375150 0.007526
3375129 CX12 3375152 0.947592
3375129 CX12 3375153 0.007487
3375129 CX12 3375154 0.007487
3375129 CX12 3375155 0.007487
3375129 CX12 3375149 0.007487
3375129 CX12 3375148 0.007487
3375129 CX12 3375151 0.007487
3375129 CX12 3375150 0.007487
3375129 P2 3375129 0.970800
3375129 P2 3375213 0.029200
3375129 X0 3375128 0.999559
3375129 X0 3375129 0.000147
3375129 X0 3375131 0.000147
3375129 X0 3375130 0.000147
3375130 CX02 3375151 0.947315
3375130 CX02 3375150 0.007526
3375130 CX02 3375149 0.007526
3375130 CX02 3375148 0.007526
3375130 CX02 3375155 0.007526
3375130 CX02 3375154 0.007526
3375130 CX02 3375153 0.007526
3375130 CX02 3375152 0.007526
3375130 CX12 3375151 0.947592
3375130 CX12 3375150 0.007487
3375130 CX12 3375149 0.007487
3375130 CX12 3375148 0.007487
3375130 CX12 3375154 0.007487
3375130 CX12 3375155 0.007487
3375130 CX12 3375152 0.007487
3375130 CX12 3375153 0.007487
3375130 P2 3375130 0.970800
3375130 P2 3375252 0.029200
3375130 X0 3375131 0.999559
3375130 X0 3375130 0.000147
3375130 X0 3375128 0.000147
3375130 X0 3375129 0.000147
3375131 CX02 3375154 0.947315
3375131 CX02 3375155 0.007526
3375131 CX02 3375152 0.007526
3375131 CX02 3375153 0.007526
3375131 CX02 3375150 0.007526
3375131 CX02 3375151 0.007526
3375131 CX02 3375148 0.007526
3375131 CX02 3375149 0.007526
3375131 CX12 3375155 0.947592
3375131 CX12 3375154 0.007487
3375131 CX12 3375153 0.007487
3375131 CX12 3375152 0.007487
3375131 CX12 3375150 0.007487
3375131 CX12 3375151 0.007487
3375131 CX12 3375148 0.007487
3375131 CX12 3375149 0.007487
3375131 P2 3375131 0.970800
3375131 P2 3375291 0.029200
3375131 X0 3375130 0.999559
3375131 X0 3375131 0.000147
3375131 X0 3375129 0.000147
3375131 X0 3375128 0.000147
3375148 CX02 3375128 0.947315
3375148 CX02 3375312 0.007526
3375148 CX02 3375129 0.007526
3375148 CX02 3375313 0.007526
3375148 CX02 3375131 0.007526
3375148 CX02 3375314 0.007526
3375148 CX02 3375130 0.007526
3375148 CX02 3375315 0.007526
3375148 CX12 3375128 0.947592
3375148 CX12 3375312 0.007487
3375148 CX12 3375129 0.007487
3375148 CX12 3375313 0.007487
3375148 CX12 3375131 0.007487
3375148 CX12 3375314 0.007487
3375148 CX12 3375130 0.007487
3375148 CX12 3375315 0.007487
3375148 X0 3375152 0.999559
3375148 X0 3375148 0.000147
3375148 X0 3375151 0.000147
3375148 X0 3375155 0.000147
3375149 CX02 3375312 0.947315
3375149 CX02 3375128 0.007526
3375149 CX02 3375313 0.007526
3375149 CX02 3375129 0.007526
3375149 CX02 3375314 0.007526
3375149 CX02 3375131 0.007526
3375149 CX02 3375315 0.007526
3375149 CX02 3375130 0.007526
3375149 CX12 3375312 0.947592
3375149 CX12 3375128 0.007487
3375149 CX12 3375313 0.007487
3375149 CX12 3375129 0.007487
3375149 CX12 3375314 0.007487
3375149 CX12 3375131 0.007487
3375149 CX12 3375315 0.007487
3375149 CX12 3375130 0.007487
3375149 X0 3375153 0.999559
3375149 X0 3375149 0.000147
3375149 X0 3375150 0.000147
3375149 X0 3375154 0.000147
3375150 CX02 3375315 0.947315
3375150 CX02 3375130 0.007526
3375150 CX02 3375314 0.007526
3375150 CX02 3375131 0.007526
3375150 CX02 3375313 0.007526
3375150 CX02 3375129 0.007526
3375150 CX02 3375312 0.007526
3375150 CX02 3375128 0.007526
3375150 CX12 3375315 0.947592
3375150 CX12 3375130 0.007487
3375150 CX12 3375314 0.007487
3375150 CX12 3375131 0.007487
3375150 CX12 3375313 0.007487
3375150 CX12 3375129 0.007487
3375150 CX12 3375312 0.007487
3375150 CX12 3375128 0.007487
3375150 X0 3375154 0.999559
3375150 X0 3375150 0.000147
3375150 X0 3375149 0.000147
3375150 X0 3375153 0.000147
3375151 CX02 3375130 0.947315
3375151 CX02 3375315 0.007526
3375151 CX02 3375131 0.007526
3375151 CX02 3375314 0.007526
3375151 CX02 3375129 0.007526
3375151 CX02 3375313 0.007526
3375151 CX02 3375128 0.007526
3375151 CX02 3375312 0.007526
3375151 CX12 3375130 0.947592
3375151 CX12 3375315 0.007487
3375151 CX12 3375131 0.007487
3375151 CX12 3375314 0.007487
3375151 CX12 3375129 0.007487
3375151 CX12 3375313 0.007487
3375151 CX12 3375128 0.007487
3375151 CX12 3375312 0.007487
3375151 X0 3375155 0.999559
3375151 X0 3375151 0.000147
3375151 X0 3375148 0.000147
3375151 X0 3375152 0.000147
3375152 CX02 3375313 0.947315
3375152 CX02 3375129 0.007526
3375152 CX02 3375312 0.007526
3375152 CX02 3375128 0.007526
3375152 CX02 3375315 0.007526
3375152 CX02 3375130 0.007526
3375152 CX02 3375314 0.007526
3375152 CX02 3375131 0.007526
3375152 CX12 3375129 0.947592
3375152 CX12 3375313 0.007487
3375152 CX12 3375128 0.007487
3375152 CX12 3375312 0.007487
3375152 CX12 3375130 0.007487
3375152 CX12 3375315 0.007487
3375152 CX12 3375131 0.007487
3375152 CX12 3375314 0.007487
3375152 X0 3375148 0.999559
3375152 X0 3375152 0.000147
3375152 X0 3375155 0.000147
3375152 X0 3375151 0.000147
3375153 CX02 3375129 0.947315
3375153 CX02 3375313 0.007526
3375153 CX02 3375128 0.007526
3375153 CX02 3375312 0.007526
3375153 CX02 3375130 0.007526
3375153 CX02 3375315 0.007526
3375153 CX02 3375131 0.007526
3375153 CX02 3375314 0.007526
3375153 CX12 3375313 0.947592
3375153 CX12 3375129 0.007487
3375153 CX12 3375312 0.007487
3375153 CX12 3375128 0.007487
3375153 CX12 3375315 0.007487
3375153 CX12 3375130 0.007487
3375153 CX12 3375314 0.007487
3375153 CX12 3375131 0.007487
3375153 X0 3375149 0.999559
3375153 X0 3375153 0.000147
3375153 X0 3375154 0.000147
3375153 X0 3375150 0.000147
3375154 CX02 3375131 0.947315
3375154 CX02 3375314 0.007526
3375154 CX02 3375130 0.007526
3375154 CX02 3375315 0.007526
3375154 CX02 3375128 0.007526
3375154 CX02 3375312 0.007526
3375154 CX02 3375129 0.007526
3375154 CX02 3375313 0.007526
3375154 CX12 3375314 0.947592
3375154 CX12 3375131 0.007487
3375154 CX12 3375315 0.007487
3375154 CX12 3375130 0.007487
3375154 CX12 3375312 0.007487
3375154 CX12 3375128 0.007487
3375154 CX12 3375313 0.007487
3375154 CX12 3375129 0.007487
3375154 X0 3375150 0.999559
3375154 X0 3375154 0.000147
3375154 X0 3375153 0.000147
3375154 X0 3375149 0.000147
3375155 CX02 3375314 0.947315
3375155 CX02 3375131 0.007526
3375155 CX02 3375315 0.007526
3375155 CX02 3375130 0.007526
3375155 CX02 3375312 0.007526
3375155 CX02 3375128 0.007526
3375155 CX02 3375313 0.007526
3375155 CX02 3375129 0.007526
3375155 CX12 3375131 0.947592
3375155 CX12 3375314 0.007487
3375155 CX12 3375130 0.007487
3375155 CX12 3375315 0.007487
3375155 CX12 3375128 0.007487
3375155 CX12 3375312 0.007487
3375155 CX12 3375129 0.007487
3375155 CX12 3375313 0.007487
3375155 X0 3375151 0.999559
3375155 X0 3375155 0.000147
3375155 X0 3375152 0.000147
3375155 X0 3375148 0.000147
3375174 CX02 3375604 0.947315
3375174 CX02 3375605 0.007526
3375174 CX02 3375606 0.007526
3375174 CX02 3375607 0.007526
3375174 CX02 3375608 0.007526
3375174 CX02 3375609 0.007526
3375174 CX02 3375610 0.007526
3375174 CX02 3375611 0.007526
3375174 CX12 3375604 0.947592
3375174 CX12 3375605 0.007487
3375174 CX12 3375606 0.007487
3375174 CX12 3375607 0.007487
3375174 CX12 3375609 0.007487
3375174 CX12 3375608 0.007487
3375174 CX12 3375611 0.007487
3375174 CX12 3375610 0.007487
3375174 P2 3375128 0.970800
3375174 P2 3375174 0.029200
3375174 X0 3375213 0.999559
3375174 X0 3375174 0.000147
3375174 X0 3375252 0.000147
3375174 X0 3375291 0.000147
3375213 CX02 3375609 0.947315
3375213 CX02 3375608 0.007526
3375213 CX02 3375611 0.007526
3375213 CX02 3375610 0.007526
3375213 CX02 3375605 0.007526
3375213 CX02 3375604 0.007526
3375213 CX02 3375607 0.007526
3375213 CX02 3375606 0.007526
3375213 CX12 3375608 0.947592
3375213 CX12 3375609 0.007487
3375213 CX12 3375610 0.007487
3375213 CX12 3375611 0.007487
3375213 CX12 3375605 0.007487
3375213 CX12 3375604 0.007487
3375213 CX12 3375607 0.007487
3375213 CX12 3375606 0.007487
3375213 P2 3375129 0.970800
3375213 P2 3375213 0.029200
3375213 X0 3375174 0.999559
3375213 X0 3375213 0.000147
3375213 X0 3375291 0.000147
3375213 X0 3375252 0.000147
3375252 CX02 3375607 0.947315
3375252 CX02 3375606 0.007526
3375252 CX02 3375605 0.007526
3375252 CX02 3375604 0.007526
3375252 CX02 3375611 0.007526
3375252 CX02 3375610 0.007526
3375252 CX02 3375609 0.007526
3375252 CX02 3375608 0.007526
3375252 CX12 3375607 0.947592
3375252 CX12 3375606 0.007487
3375252 CX12 3375605 0.007487
3375252 CX12 3375604 0.007487
3375252 CX12 3375610 0.007487
3375252 CX12 3375611 0.007487
3375252 CX12 3375608 0.007487
3375252 CX12 3375609 0.007487
3375252 P2 3375130 0.970800
3375252 P2 3375252 0.029200
3375252 X0 3375291 0.999559
3375252 X0 3375252 0.000147
3375252 X0 3375174 0.000147
3375252 X0 3375213 0.000147
3375291 CX02 3375610 0.947315
3375291 CX02 3375611 0.007526
3375291 CX02 3375608 0.007526
3375291 CX02 3375609 0.007526
3375291 CX02 3375606 0.007526
3375291 CX02 3375607 0.007526
3375291 CX02 3375604 0.007526
3375291 CX02 3375605 0.007526
3375291 CX12 3375611 0.947592
3375291 CX12 3375610 0.007487
3375291 CX12 3375609 0.007487
3375291 CX12 3375608 0.007487
3375291 CX12 3375606 0.007487
3375291 CX12 3375607 0.007487
3375291 CX12 3375604 0.007487
3375291 CX12 3375605 0.007487
3375291 P2 3375131 0.970800
3375291 P2 3375291 0.029200
3375291 X0 3375252 0.999559
3375291 X0 3375291 0.000147
3375291 X0 3375213 0.000147
3375291 X0 3375174 0.000147
3375312 CX02 3375149 0.947315
3375312 CX02 3375148 0.007526
3375312 CX02 3375151 0.007526
3375312 CX02 3375150 0.007526
3375312 CX02 3375153 0.007526
3375312 CX02 3375152 0.007526
3375312 CX02 3375155 0.007526
3375312 CX02 3375154 0.007526
3375312 CX12 3375149 0.947592
3375312 CX12 3375148 0.007487
3375312 CX12 3375151 0.007487
3375312 CX12 3375150 0.007487
3375312 CX12 3375152 0.007487
3375312 CX12 3375153 0.007487
3375312 CX12 3375154 0.007487
3375312 CX12 3375155 0.007487
3375312 P2 3375782 0.855600
3375312 P2 3375312 0.144400
3375312 X0 3375313 0.999559
3375312 X0 3375312 0.000147
3375312 X0 3375315 0.000147
3375312 X0 3375314 0.000147
3375313 CX02 3375152 0.947315
3375313 CX02 3375153 0.007526
3375313 CX02 3375154 0.007526
3375313 CX02 3375155 0.007526
3375313 CX02 3375148 0.007526
3375313 CX02 3375149 0.007526
3375313 CX02 3375150 0.007526
3375313 CX02 3375151 0.007526
3375313 CX12 3375153 0.947592
3375313 CX12 3375152 0.007487
3375313 CX12 3375155 0.007487
3375313 CX12 3375154 0.007487
3375313 CX12 3375148 0.007487
3375313 CX12 3375149 0.007487
3375313 CX12 3375150 0.007487
3375313 CX12 3375151 0.007487
3375313 P2 3375821 0.855600
3375313 P2 3375313 0.144400
3375313 X0 3375312 0.999559
3375313 X0 3375313 0.000147
3375313 X0 3375314 0.000147
3375313 X0 3375315 0.000147
3375314 CX02 3375155 0.947315
3375314 CX02 3375154 0.007526
3375314 CX02 3375153 0.007526
3375314 CX02 3375152 0.007526
3375314 CX02 3375151 0.007526
3375314 CX02 3375150 0.007526
3375314 CX02 3375149 0.007526
3375314 CX02 3375148 0.007526
3375314 CX12 3375154 0.947592
3375314 CX12 3375155 0.007487
3375314 CX12 3375152 0.007487
3375314 CX12 3375153 0.007487
3375314 CX12 3375151 0.007487
3375314 CX12 3375150 0.007487
3375314 CX12 3375149 0.007487
3375314 CX12 3375148 0.007487
3375314 P2 3375860 0.855600
3375314 P2 3375314 0.144400
3375314 X0 3375315 0.999559
3375314 X0 3375314 0.000147
3375314 X0 3375313 0.000147
3375314 X0 3375312 0.000147
3375315 CX02 3375150 0.947315
3375315 CX02 3375151 0.007526
3375315 CX02 3375148 0.007526
3375315 CX02 3375149 0.007526
3375315 CX02 3375154 0.007526
3375315 CX02 3375155 0.007526
3375315 CX02 3375152 0.007526
3375315 CX02 3375153 0.007526
3375315 CX12 3375150 0.947592
3375315 CX12 3375151 0.007487
3375315 CX12 3375148 0.007487
3375315 CX12 3375149 0.007487
3375315 CX12 3375155 0.007487
3375315 CX12 3375154 0.007487
3375315 CX12 3375153 0.007487
3375315 CX12 3375152 0.007487
3375315 P2 3375899 0.855600
3375315 P2 3375315 0.144400
3375315 X0 3375314 0.999559
3375315 X0 3375315 0.000147
3375315 X0 3375312 0.000147
3375315 X0 3375313 0.000147
3375604 CX02 3375174 0.947315
3375604 CX02 3375782 0.007526
3375604 CX02 3375213 0.007526
3375604 CX02 3375821 0.007526
3375604 CX02 3375291 0.007526
3375604 CX02 3375860 0.007526
3375604 CX02 3375252 0.007526
3375604 CX02 3375899 0.007526
3375604 CX12 3375174 0.947592
3375604 CX12 3375782 0.007487
3375604 CX12 3375213 0.007487
3375604 CX12 3375821 0.007487
3375604 CX12 3375291 0.007487
3375604 CX12 3375860 0.007487
3375604 CX12 3375252 0.007487
3375604 CX12 3375899 0.007487
3375604 X0 3375608 0.999559
3375604 X0 3375604 0.000147
3375604 X0 3375607 0.000147
3375604 X0 3375611 0.000147
3375605 CX02 3375782 0.947315
3375605 CX02 3375174 0.007526
3375605 CX02 3375821 0.007526
3375605 CX02 3375213 0.007526
3375605 CX02 3375860 0.007526
3375605 CX02 3375291 0.007526
3375605 CX02 3375899 0.007526
3375605 CX02 3375252 0.007526
3375605 CX12 3375782 0.947592
3375605 CX12 3375174 0.007487
3375605 CX12 3375821 0.007487
3375605 CX12 3375213 0.007487
3375605 CX12 3375860 0.007487
3375605 CX12 3375291 0.007487
3375605 CX12 3375899 0.007487
3375605 CX12 3375252 0.007487
3375605 X0 3375609 0.999559
3375605 X0 3375605 0.000147
3375605 X0 3375606 0.000147
3375605 X0 3375610 0.000147
3375606 CX02 3375899 0.947315
3375606 CX02 3375252 0.007526
3375606 CX02 3375860 0.007526
3375606 CX02 3375291 0.007526
3375606 CX02 3375821 0.007526
3375606 CX02 3375213 0.007526
3375606 CX02 3375782 0.007526
3375606 CX02 3375174 0.007526
3375606 CX12 3375899 0.947592
3375606 CX12 3375252 0.007487
3375606 CX12 3375860 0.007487
3375606 CX12 3375291 0.007487
3375606 CX12 3375821 0.007487
3375606 CX12 3375213 0.007487
3375606 CX12 3375782 0.007487
3375606 CX12 3375174 0.007487
3375606 X0 3375610 0.999559
3375606 X0 3375606 0.000147
3375606 X0 3375605 0.000147
3375606 X0 3375609 0.000147
3375607 CX02 3375252 0.947315
3375607 CX02 3375899 0.007526
3375607 CX02 3375291 0.007526
3375607 CX02 3375860 0.007526
3375607 CX02 3375213 0.007526
3375607 CX02 3375821 0.007526
3375607 CX02 3375174 0.007526
3375607 CX02 3375782 0.007526
3375607 CX12 3375252 0.947592
3375607 CX12 3375899 0.007487
3375607 CX12 3375291 0.007487
3375607 CX12 3375860 0.007487
3375607 CX12 3375213 0.007487
3375607 CX12 3375821 0.007487
3375607 CX12 3375174 0.007487
3375607 CX12 3375782 0.007487
3375607 X0 3375611 0.999559
3375607 X0 3375607 0.000147
3375607 X0 3375604 0.000147
3375607 X0 3375608 0.000147
3375608 CX02 3375821 0.947315
3375608 CX02 3375213 0.007526
3375608 CX02 3375782 0.007526
3375608 CX02 3375174 0.007526
3375608 CX02 3375899 0.007526
3375608 CX02 3375252 0.007526
3375608 CX02 3375860 0.007526
3375608 CX02 3375291 0.007526
3375608 CX12 3375213 0.947592
3375608 CX12 3375821 0.007487
3375608 CX12 3375174 0.007487
3375608 CX12 3375782 0.007487
3375608 CX12 3375252 0.007487
3375608 CX12 3375899 0.007487
3375608 CX12 3375291 0.007487
3375608 CX12 3375860 0.007487
3375608 X0 3375604 0.999559
3375608 X0 3375608 0.000147
3375608 X0 3375611 0.000147
3375608 X0 3375607 0.000147
3375609 CX02 3375213 0.947315
3375609 CX02 3375821 0.007526
3375609 CX02 3375174 0.007526
3375609 CX02 3375782 0.007526
3375609 CX02 3375252 0.007526
3375609 CX02 3375899 0.007526
3375609 CX02 3375291 0.007526
3375609 CX02 3375860 0.007526
3375609 CX12 3375821 0.947592
3375609 CX12 3375213 0.007487
3375609 CX12 3375782 0.007487
3375609 CX12 3375174 0.007487
3375609 CX12 3375899 0.007487
3375609 CX12 3375252 0.007487
3375609 CX12 3375860 0.007487
3375609 CX12 3375291 0.007487
3375609 X0 3375605 0.999559
3375609 X0 3375609 0.000147
3375609 X0 3375610 0.000147
3375609 X0 3375606 0.000147
3375610 CX02 3375291 0.947315
3375610 CX02 3375860 0.007526
3375610 CX02 3375252 0.007526
3375610 CX02 3375899 0.007526
3375610 CX02 3375174 0.007526
3375610 CX02 3375782 0.007526
3375610 CX02 3375213 0.007526
3375610 CX02 3375821 0.007526
3375610 CX12 3375860 0.947592
3375610 CX12 3375291 0.007487
3375610 CX12 3375899 0.007487
3375610 CX12 3375252 0.007487
3375610 CX12 3375782 0.007487
3375610 CX12 3375174 0.007487
3375610 CX12 3375821 0.007487
3375610 CX12 3375213 0.007487
3375610 X0 3375606 0.999559
3375610 X0 3375610 0.000147
3375610 X0 3375609 0.000147
3375610 X0 3375605 0.000147
3375611 CX02 3375860 0.947315
3375611 CX02 3375291 0.007526
3375611 CX02 3375899 0.007526
3375611 CX02 3375252 0.007526
3375611 CX02 3375782 0.007526
3375611 CX02 3375174 0.007526
3375611 CX02 3375821 0.007526
3375611 CX02 3375213 0.007526
3375611 CX12 3375291 0.947592
3375611 CX12 3375860 0.007487
3375611 CX12 3375252 0.007487
3375611 CX12 3375899 0.007487
3375611 CX12 3375174 0.007487
3375611 CX12 3375782 0.007487
3375611 CX12 3375213 0.007487
3375611 CX12 3375821 0.007487
3375611 X0 3375607 0.999559
3375611 X0 3375611 0.000147
3375611 X0 3375608 0.000147
3375611 X0 3375604 0.000147
3375782 CX02 3375605 0.947315
3375782 CX02 3375604 0.007526
3375782 CX02 3375607 0.007526
3375782 CX02 3375606 0.007526
3375782 CX02 3375609 0.007526
3375782 CX02 3375608 0.007526
3375782 CX02 3375611 0.007526
3375782 CX02 3375610 0.007526
3375782 CX12 3375605 0.947592
3375782 CX12 3375604 0.007487
3375782 CX12 3375607 0.007487
3375782 CX12 3375606 0.007487
3375782 CX12 3375608 0.007487
3375782 CX12 3375609 0.007487
3375782 CX12 3375610 0.007487
3375782 CX12 3375611 0.007487
3375782 P2 3375782 0.855600
3375782 P2 3375312 0.144400
3375782 X0 3375821 0.999559
3375782 X0 3375782 0.000147
3375782 X0 3375899 0.000147
3375782 X0 3375860 0.000147
3375821 CX02 3375608 0.947315
3375821 CX02 3375609 0.007526
3375821 CX02 3375610 0.007526
3375821 CX02 3375611 0.007526
3375821 CX02 3375604 0.007526
3375821 CX02 3375605 0.007526
3375821 CX02 3375606 0.007526
3375821 CX02 3375607 0.007526
3375821 CX12 3375609 0.947592
3375821 CX12 3375608 0.007487
3375821 CX12 3375611 0.007487
3375821 CX12 3375610 0.007487
3375821 CX12 3375604 0.007487
3375821 CX12 3375605 0.007487
3375821 CX12 3375606 0.007487
3375821 CX12 3375607 0.007487
3375821 P2 3375821 0.855600
3375821 P2 3375313 0.144400
3375821 X0 3375782 0.999559
3375821 X0 3375821 0.000147
3375821 X0 3375860 0.000147
3375821 X0 3375899 0.000147
3375860 CX02 3375611 0.947315
3375860 CX02 3375610 0.007526
3375860 CX02 3375609 0.007526
3375860 CX02 3375608 0.007526
3375860 CX02 3375607 0.007526
3375860 CX02 3375606 0.007526
3375860 CX02 3375605 0.007526
3375860 CX02 3375604 0.007526
3375860 CX12 3375610 0.947592
3375860 CX12 3375611 0.007487
3375860 CX12 3375608 0.007487
3375860 CX12 3375609 0.007487
3375860 CX12 3375607 0.007487
3375860 CX12 3375606 0.007487
3375860 CX12 3375605 0.007487
3375860 CX12 3375604 0.007487
3375860 P2 3375860 0.855600
3375860 P2 3375314 0.144400
3375860 X0 3375899 0.999559
3375860 X0 3375860 0.000147
3375860 X0 3375821 0.000147
3375860 X0 3375782 0.000147
3375899 CX02 3375606 0.947315
3375899 CX02 3375607 0.007526
3375899 CX02 3375604 0.007526
3375899 CX02 3375605 0.007526
3375899 CX02 3375610 0.007526
3375899 CX02 3375611 0.007526
3375899 CX02 3375608 0.007526
3375899 CX02 3375609 0.007526
3375899 CX12 3375606 0.947592
3375899 CX12 3375607 0.007487
3375899 CX12 3375604 0.007487
3375899 CX12 3375605 0.007487
3375899 CX12 3375611 0.007487
3375899 CX12 3375610 0.007487
3375899 CX12 3375609 0.007487
3375899 CX12 3375608 0.007487
3375899 P2 3375899 0.855600
3375899 P2 3375315 0.144400
3375899 X0 3375860 0.999559
3375899 X0 3375899 0.000147
3375899 X0 3375782 0.000147
3375899 X0 3375821 0.000147
ENDPOMDP
