BEGINPOMDP
INITIALSTATE: 132622
STATES: 132622,132623,132624,132625,132626,132643,132644,132645,132646,132647,132648,132649,132650,132669,132708,132747,132786,132807,132808,132809,132810,133099,133100,133101,133102,133103,133104,133105,133106,133277,133316,133355,133394
TARGETV: 132623,132625,132669,132747,132807,132810,133277,133394
GAMMA: 132622:0,132623:0,132624:0,132625:0,132626:0,132643:0,132644:0,132645:0,132646:0,132647:0,132648:0,132649:0,132650:0,132669:1,132708:1,132747:1,132786:1,132807:0,132808:0,132809:0,132810:0,133099:1,133100:1,133101:1,133102:1,133103:1,133104:1,133105:1,133106:1,133277:1,133316:1,133355:1,133394:1
BEGINACTIONS
CX02 Instruction.CNOT 0 2 -
CX12 Instruction.CNOT 1 2 -
P2 Instruction.MEAS - 2 -
X0 Instruction.X - 0 -
ENDACTIONS
132622 INIT_ 132623 0.250000
132622 INIT_ 132624 0.250000
132622 INIT_ 132625 0.250000
132622 INIT_ 132626 0.250000
132623 CX02 132643 0.985894
132623 CX02 132644 0.002015
132623 CX02 132645 0.002015
132623 CX02 132646 0.002015
132623 CX02 132647 0.002015
132623 CX02 132648 0.002015
132623 CX02 132649 0.002015
132623 CX02 132650 0.002015
132623 CX12 132643 0.987653
132623 CX12 132644 0.001764
132623 CX12 132645 0.001764
132623 CX12 132646 0.001764
132623 CX12 132648 0.001764
132623 CX12 132647 0.001764
132623 CX12 132650 0.001764
132623 CX12 132649 0.001764
132623 P2 132623 0.995600
132623 P2 132669 0.037400
132623 X0 132624 0.999631
132623 X0 132623 0.000123
132623 X0 132625 0.000123
132623 X0 132626 0.000123
132624 CX02 132648 0.985894
132624 CX02 132647 0.002015
132624 CX02 132650 0.002015
132624 CX02 132649 0.002015
132624 CX02 132644 0.002015
132624 CX02 132643 0.002015
132624 CX02 132646 0.002015
132624 CX02 132645 0.002015
132624 CX12 132647 0.987653
132624 CX12 132648 0.001764
132624 CX12 132649 0.001764
132624 CX12 132650 0.001764
132624 CX12 132644 0.001764
132624 CX12 132643 0.001764
132624 CX12 132646 0.001764
132624 CX12 132645 0.001764
132624 P2 132624 0.995600
132624 P2 132708 0.037400
132624 X0 132623 0.999631
132624 X0 132624 0.000123
132624 X0 132626 0.000123
132624 X0 132625 0.000123
132625 CX02 132646 0.985894
132625 CX02 132645 0.002015
132625 CX02 132644 0.002015
132625 CX02 132643 0.002015
132625 CX02 132650 0.002015
132625 CX02 132649 0.002015
132625 CX02 132648 0.002015
132625 CX02 132647 0.002015
132625 CX12 132646 0.987653
132625 CX12 132645 0.001764
132625 CX12 132644 0.001764
132625 CX12 132643 0.001764
132625 CX12 132649 0.001764
132625 CX12 132650 0.001764
132625 CX12 132647 0.001764
132625 CX12 132648 0.001764
132625 P2 132625 0.995600
132625 P2 132747 0.037400
132625 X0 132626 0.999631
132625 X0 132625 0.000123
132625 X0 132623 0.000123
132625 X0 132624 0.000123
132626 CX02 132649 0.985894
132626 CX02 132650 0.002015
132626 CX02 132647 0.002015
132626 CX02 132648 0.002015
132626 CX02 132645 0.002015
132626 CX02 132646 0.002015
132626 CX02 132643 0.002015
132626 CX02 132644 0.002015
132626 CX12 132650 0.987653
132626 CX12 132649 0.001764
132626 CX12 132648 0.001764
132626 CX12 132647 0.001764
132626 CX12 132645 0.001764
132626 CX12 132646 0.001764
132626 CX12 132643 0.001764
132626 CX12 132644 0.001764
132626 P2 132626 0.995600
132626 P2 132786 0.037400
132626 X0 132625 0.999631
132626 X0 132626 0.000123
132626 X0 132624 0.000123
132626 X0 132623 0.000123
132643 CX02 132623 0.985894
132643 CX02 132807 0.002015
132643 CX02 132624 0.002015
132643 CX02 132808 0.002015
132643 CX02 132626 0.002015
132643 CX02 132809 0.002015
132643 CX02 132625 0.002015
132643 CX02 132810 0.002015
132643 CX12 132623 0.987653
132643 CX12 132807 0.001764
132643 CX12 132624 0.001764
132643 CX12 132808 0.001764
132643 CX12 132626 0.001764
132643 CX12 132809 0.001764
132643 CX12 132625 0.001764
132643 CX12 132810 0.001764
132643 X0 132647 0.999631
132643 X0 132643 0.000123
132643 X0 132646 0.000123
132643 X0 132650 0.000123
132644 CX02 132807 0.985894
132644 CX02 132623 0.002015
132644 CX02 132808 0.002015
132644 CX02 132624 0.002015
132644 CX02 132809 0.002015
132644 CX02 132626 0.002015
132644 CX02 132810 0.002015
132644 CX02 132625 0.002015
132644 CX12 132807 0.987653
132644 CX12 132623 0.001764
132644 CX12 132808 0.001764
132644 CX12 132624 0.001764
132644 CX12 132809 0.001764
132644 CX12 132626 0.001764
132644 CX12 132810 0.001764
132644 CX12 132625 0.001764
132644 X0 132648 0.999631
132644 X0 132644 0.000123
132644 X0 132645 0.000123
132644 X0 132649 0.000123
132645 CX02 132810 0.985894
132645 CX02 132625 0.002015
132645 CX02 132809 0.002015
132645 CX02 132626 0.002015
132645 CX02 132808 0.002015
132645 CX02 132624 0.002015
132645 CX02 132807 0.002015
132645 CX02 132623 0.002015
132645 CX12 132810 0.987653
132645 CX12 132625 0.001764
132645 CX12 132809 0.001764
132645 CX12 132626 0.001764
132645 CX12 132808 0.001764
132645 CX12 132624 0.001764
132645 CX12 132807 0.001764
132645 CX12 132623 0.001764
132645 X0 132649 0.999631
132645 X0 132645 0.000123
132645 X0 132644 0.000123
132645 X0 132648 0.000123
132646 CX02 132625 0.985894
132646 CX02 132810 0.002015
132646 CX02 132626 0.002015
132646 CX02 132809 0.002015
132646 CX02 132624 0.002015
132646 CX02 132808 0.002015
132646 CX02 132623 0.002015
132646 CX02 132807 0.002015
132646 CX12 132625 0.987653
132646 CX12 132810 0.001764
132646 CX12 132626 0.001764
132646 CX12 132809 0.001764
132646 CX12 132624 0.001764
132646 CX12 132808 0.001764
132646 CX12 132623 0.001764
132646 CX12 132807 0.001764
132646 X0 132650 0.999631
132646 X0 132646 0.000123
132646 X0 132643 0.000123
132646 X0 132647 0.000123
132647 CX02 132808 0.985894
132647 CX02 132624 0.002015
132647 CX02 132807 0.002015
132647 CX02 132623 0.002015
132647 CX02 132810 0.002015
132647 CX02 132625 0.002015
132647 CX02 132809 0.002015
132647 CX02 132626 0.002015
132647 CX12 132624 0.987653
132647 CX12 132808 0.001764
132647 CX12 132623 0.001764
132647 CX12 132807 0.001764
132647 CX12 132625 0.001764
132647 CX12 132810 0.001764
132647 CX12 132626 0.001764
132647 CX12 132809 0.001764
132647 X0 132643 0.999631
132647 X0 132647 0.000123
132647 X0 132650 0.000123
132647 X0 132646 0.000123
132648 CX02 132624 0.985894
132648 CX02 132808 0.002015
132648 CX02 132623 0.002015
132648 CX02 132807 0.002015
132648 CX02 132625 0.002015
132648 CX02 132810 0.002015
132648 CX02 132626 0.002015
132648 CX02 132809 0.002015
132648 CX12 132808 0.987653
132648 CX12 132624 0.001764
132648 CX12 132807 0.001764
132648 CX12 132623 0.001764
132648 CX12 132810 0.001764
132648 CX12 132625 0.001764
132648 CX12 132809 0.001764
132648 CX12 132626 0.001764
132648 X0 132644 0.999631
132648 X0 132648 0.000123
132648 X0 132649 0.000123
132648 X0 132645 0.000123
132649 CX02 132626 0.985894
132649 CX02 132809 0.002015
132649 CX02 132625 0.002015
132649 CX02 132810 0.002015
132649 CX02 132623 0.002015
132649 CX02 132807 0.002015
132649 CX02 132624 0.002015
132649 CX02 132808 0.002015
132649 CX12 132809 0.987653
132649 CX12 132626 0.001764
132649 CX12 132810 0.001764
132649 CX12 132625 0.001764
132649 CX12 132807 0.001764
132649 CX12 132623 0.001764
132649 CX12 132808 0.001764
132649 CX12 132624 0.001764
132649 X0 132645 0.999631
132649 X0 132649 0.000123
132649 X0 132648 0.000123
132649 X0 132644 0.000123
132650 CX02 132809 0.985894
132650 CX02 132626 0.002015
132650 CX02 132810 0.002015
132650 CX02 132625 0.002015
132650 CX02 132807 0.002015
132650 CX02 132623 0.002015
132650 CX02 132808 0.002015
132650 CX02 132624 0.002015
132650 CX12 132626 0.987653
132650 CX12 132809 0.001764
132650 CX12 132625 0.001764
132650 CX12 132810 0.001764
132650 CX12 132623 0.001764
132650 CX12 132807 0.001764
132650 CX12 132624 0.001764
132650 CX12 132808 0.001764
132650 X0 132646 0.999631
132650 X0 132650 0.000123
132650 X0 132647 0.000123
132650 X0 132643 0.000123
132669 CX02 133099 0.985894
132669 CX02 133100 0.002015
132669 CX02 133101 0.002015
132669 CX02 133102 0.002015
132669 CX02 133103 0.002015
132669 CX02 133104 0.002015
132669 CX02 133105 0.002015
132669 CX02 133106 0.002015
132669 CX12 133099 0.987653
132669 CX12 133100 0.001764
132669 CX12 133101 0.001764
132669 CX12 133102 0.001764
132669 CX12 133104 0.001764
132669 CX12 133103 0.001764
132669 CX12 133106 0.001764
132669 CX12 133105 0.001764
132669 P2 132623 0.995600
132669 P2 132669 0.037400
132669 X0 132708 0.999631
132669 X0 132669 0.000123
132669 X0 132747 0.000123
132669 X0 132786 0.000123
132708 CX02 133104 0.985894
132708 CX02 133103 0.002015
132708 CX02 133106 0.002015
132708 CX02 133105 0.002015
132708 CX02 133100 0.002015
132708 CX02 133099 0.002015
132708 CX02 133102 0.002015
132708 CX02 133101 0.002015
132708 CX12 133103 0.987653
132708 CX12 133104 0.001764
132708 CX12 133105 0.001764
132708 CX12 133106 0.001764
132708 CX12 133100 0.001764
132708 CX12 133099 0.001764
132708 CX12 133102 0.001764
132708 CX12 133101 0.001764
132708 P2 132624 0.995600
132708 P2 132708 0.037400
132708 X0 132669 0.999631
132708 X0 132708 0.000123
132708 X0 132786 0.000123
132708 X0 132747 0.000123
132747 CX02 133102 0.985894
132747 CX02 133101 0.002015
132747 CX02 133100 0.002015
132747 CX02 133099 0.002015
132747 CX02 133106 0.002015
132747 CX02 133105 0.002015
132747 CX02 133104 0.002015
132747 CX02 133103 0.002015
132747 CX12 133102 0.987653
132747 CX12 133101 0.001764
132747 CX12 133100 0.001764
132747 CX12 133099 0.001764
132747 CX12 133105 0.001764
132747 CX12 133106 0.001764
132747 CX12 133103 0.001764
132747 CX12 133104 0.001764
132747 P2 132625 0.995600
132747 P2 132747 0.037400
132747 X0 132786 0.999631
132747 X0 132747 0.000123
132747 X0 132669 0.000123
132747 X0 132708 0.000123
132786 CX02 133105 0.985894
132786 CX02 133106 0.002015
132786 CX02 133103 0.002015
132786 CX02 133104 0.002015
132786 CX02 133101 0.002015
132786 CX02 133102 0.002015
132786 CX02 133099 0.002015
132786 CX02 133100 0.002015
132786 CX12 133106 0.987653
132786 CX12 133105 0.001764
132786 CX12 133104 0.001764
132786 CX12 133103 0.001764
132786 CX12 133101 0.001764
132786 CX12 133102 0.001764
132786 CX12 133099 0.001764
132786 CX12 133100 0.001764
132786 P2 132626 0.995600
132786 P2 132786 0.037400
132786 X0 132747 0.999631
132786 X0 132786 0.000123
132786 X0 132708 0.000123
132786 X0 132669 0.000123
132807 CX02 132644 0.985894
132807 CX02 132643 0.002015
132807 CX02 132646 0.002015
132807 CX02 132645 0.002015
132807 CX02 132648 0.002015
132807 CX02 132647 0.002015
132807 CX02 132650 0.002015
132807 CX02 132649 0.002015
132807 CX12 132644 0.987653
132807 CX12 132643 0.001764
132807 CX12 132646 0.001764
132807 CX12 132645 0.001764
132807 CX12 132647 0.001764
132807 CX12 132648 0.001764
132807 CX12 132649 0.001764
132807 CX12 132650 0.001764
132807 P2 133277 0.962600
132807 P2 132807 0.004400
132807 X0 132808 0.999631
132807 X0 132807 0.000123
132807 X0 132810 0.000123
132807 X0 132809 0.000123
132808 CX02 132647 0.985894
132808 CX02 132648 0.002015
132808 CX02 132649 0.002015
132808 CX02 132650 0.002015
132808 CX02 132643 0.002015
132808 CX02 132644 0.002015
132808 CX02 132645 0.002015
132808 CX02 132646 0.002015
132808 CX12 132648 0.987653
132808 CX12 132647 0.001764
132808 CX12 132650 0.001764
132808 CX12 132649 0.001764
132808 CX12 132643 0.001764
132808 CX12 132644 0.001764
132808 CX12 132645 0.001764
132808 CX12 132646 0.001764
132808 P2 133316 0.962600
132808 P2 132808 0.004400
132808 X0 132807 0.999631
132808 X0 132808 0.000123
132808 X0 132809 0.000123
132808 X0 132810 0.000123
132809 CX02 132650 0.985894
132809 CX02 132649 0.002015
132809 CX02 132648 0.002015
132809 CX02 132647 0.002015
132809 CX02 132646 0.002015
132809 CX02 132645 0.002015
132809 CX02 132644 0.002015
132809 CX02 132643 0.002015
132809 CX12 132649 0.987653
132809 CX12 132650 0.001764
132809 CX12 132647 0.001764
132809 CX12 132648 0.001764
132809 CX12 132646 0.001764
132809 CX12 132645 0.001764
132809 CX12 132644 0.001764
132809 CX12 132643 0.001764
132809 P2 133355 0.962600
132809 P2 132809 0.004400
132809 X0 132810 0.999631
132809 X0 132809 0.000123
132809 X0 132808 0.000123
132809 X0 132807 0.000123
132810 CX02 132645 0.985894
132810 CX02 132646 0.002015
132810 CX02 132643 0.002015
132810 CX02 132644 0.002015
132810 CX02 132649 0.002015
132810 CX02 132650 0.002015
132810 CX02 132647 0.002015
132810 CX02 132648 0.002015
132810 CX12 132645 0.987653
132810 CX12 132646 0.001764
132810 CX12 132643 0.001764
132810 CX12 132644 0.001764
132810 CX12 132650 0.001764
132810 CX12 132649 0.001764
132810 CX12 132648 0.001764
132810 CX12 132647 0.001764
132810 P2 133394 0.962600
132810 P2 132810 0.004400
132810 X0 132809 0.999631
132810 X0 132810 0.000123
132810 X0 132807 0.000123
132810 X0 132808 0.000123
133099 CX02 132669 0.985894
133099 CX02 133277 0.002015
133099 CX02 132708 0.002015
133099 CX02 133316 0.002015
133099 CX02 132786 0.002015
133099 CX02 133355 0.002015
133099 CX02 132747 0.002015
133099 CX02 133394 0.002015
133099 CX12 132669 0.987653
133099 CX12 133277 0.001764
133099 CX12 132708 0.001764
133099 CX12 133316 0.001764
133099 CX12 132786 0.001764
133099 CX12 133355 0.001764
133099 CX12 132747 0.001764
133099 CX12 133394 0.001764
133099 X0 133103 0.999631
133099 X0 133099 0.000123
133099 X0 133102 0.000123
133099 X0 133106 0.000123
133100 CX02 133277 0.985894
133100 CX02 132669 0.002015
133100 CX02 133316 0.002015
133100 CX02 132708 0.002015
133100 CX02 133355 0.002015
133100 CX02 132786 0.002015
133100 CX02 133394 0.002015
133100 CX02 132747 0.002015
133100 CX12 133277 0.987653
133100 CX12 132669 0.001764
133100 CX12 133316 0.001764
133100 CX12 132708 0.001764
133100 CX12 133355 0.001764
133100 CX12 132786 0.001764
133100 CX12 133394 0.001764
133100 CX12 132747 0.001764
133100 X0 133104 0.999631
133100 X0 133100 0.000123
133100 X0 133101 0.000123
133100 X0 133105 0.000123
133101 CX02 133394 0.985894
133101 CX02 132747 0.002015
133101 CX02 133355 0.002015
133101 CX02 132786 0.002015
133101 CX02 133316 0.002015
133101 CX02 132708 0.002015
133101 CX02 133277 0.002015
133101 CX02 132669 0.002015
133101 CX12 133394 0.987653
133101 CX12 132747 0.001764
133101 CX12 133355 0.001764
133101 CX12 132786 0.001764
133101 CX12 133316 0.001764
133101 CX12 132708 0.001764
133101 CX12 133277 0.001764
133101 CX12 132669 0.001764
133101 X0 133105 0.999631
133101 X0 133101 0.000123
133101 X0 133100 0.000123
133101 X0 133104 0.000123
133102 CX02 132747 0.985894
133102 CX02 133394 0.002015
133102 CX02 132786 0.002015
133102 CX02 133355 0.002015
133102 CX02 132708 0.002015
133102 CX02 133316 0.002015
133102 CX02 132669 0.002015
133102 CX02 133277 0.002015
133102 CX12 132747 0.987653
133102 CX12 133394 0.001764
133102 CX12 132786 0.001764
133102 CX12 133355 0.001764
133102 CX12 132708 0.001764
133102 CX12 133316 0.001764
133102 CX12 132669 0.001764
133102 CX12 133277 0.001764
133102 X0 133106 0.999631
133102 X0 133102 0.000123
133102 X0 133099 0.000123
133102 X0 133103 0.000123
133103 CX02 133316 0.985894
133103 CX02 132708 0.002015
133103 CX02 133277 0.002015
133103 CX02 132669 0.002015
133103 CX02 133394 0.002015
133103 CX02 132747 0.002015
133103 CX02 133355 0.002015
133103 CX02 132786 0.002015
133103 CX12 132708 0.987653
133103 CX12 133316 0.001764
133103 CX12 132669 0.001764
133103 CX12 133277 0.001764
133103 CX12 132747 0.001764
133103 CX12 133394 0.001764
133103 CX12 132786 0.001764
133103 CX12 133355 0.001764
133103 X0 133099 0.999631
133103 X0 133103 0.000123
133103 X0 133106 0.000123
133103 X0 133102 0.000123
133104 CX02 132708 0.985894
133104 CX02 133316 0.002015
133104 CX02 132669 0.002015
133104 CX02 133277 0.002015
133104 CX02 132747 0.002015
133104 CX02 133394 0.002015
133104 CX02 132786 0.002015
133104 CX02 133355 0.002015
133104 CX12 133316 0.987653
133104 CX12 132708 0.001764
133104 CX12 133277 0.001764
133104 CX12 132669 0.001764
133104 CX12 133394 0.001764
133104 CX12 132747 0.001764
133104 CX12 133355 0.001764
133104 CX12 132786 0.001764
133104 X0 133100 0.999631
133104 X0 133104 0.000123
133104 X0 133105 0.000123
133104 X0 133101 0.000123
133105 CX02 132786 0.985894
133105 CX02 133355 0.002015
133105 CX02 132747 0.002015
133105 CX02 133394 0.002015
133105 CX02 132669 0.002015
133105 CX02 133277 0.002015
133105 CX02 132708 0.002015
133105 CX02 133316 0.002015
133105 CX12 133355 0.987653
133105 CX12 132786 0.001764
133105 CX12 133394 0.001764
133105 CX12 132747 0.001764
133105 CX12 133277 0.001764
133105 CX12 132669 0.001764
133105 CX12 133316 0.001764
133105 CX12 132708 0.001764
133105 X0 133101 0.999631
133105 X0 133105 0.000123
133105 X0 133104 0.000123
133105 X0 133100 0.000123
133106 CX02 133355 0.985894
133106 CX02 132786 0.002015
133106 CX02 133394 0.002015
133106 CX02 132747 0.002015
133106 CX02 133277 0.002015
133106 CX02 132669 0.002015
133106 CX02 133316 0.002015
133106 CX02 132708 0.002015
133106 CX12 132786 0.987653
133106 CX12 133355 0.001764
133106 CX12 132747 0.001764
133106 CX12 133394 0.001764
133106 CX12 132669 0.001764
133106 CX12 133277 0.001764
133106 CX12 132708 0.001764
133106 CX12 133316 0.001764
133106 X0 133102 0.999631
133106 X0 133106 0.000123
133106 X0 133103 0.000123
133106 X0 133099 0.000123
133277 CX02 133100 0.985894
133277 CX02 133099 0.002015
133277 CX02 133102 0.002015
133277 CX02 133101 0.002015
133277 CX02 133104 0.002015
133277 CX02 133103 0.002015
133277 CX02 133106 0.002015
133277 CX02 133105 0.002015
133277 CX12 133100 0.987653
133277 CX12 133099 0.001764
133277 CX12 133102 0.001764
133277 CX12 133101 0.001764
133277 CX12 133103 0.001764
133277 CX12 133104 0.001764
133277 CX12 133105 0.001764
133277 CX12 133106 0.001764
133277 P2 133277 0.962600
133277 P2 132807 0.004400
133277 X0 133316 0.999631
133277 X0 133277 0.000123
133277 X0 133394 0.000123
133277 X0 133355 0.000123
133316 CX02 133103 0.985894
133316 CX02 133104 0.002015
133316 CX02 133105 0.002015
133316 CX02 133106 0.002015
133316 CX02 133099 0.002015
133316 CX02 133100 0.002015
133316 CX02 133101 0.002015
133316 CX02 133102 0.002015
133316 CX12 133104 0.987653
133316 CX12 133103 0.001764
133316 CX12 133106 0.001764
133316 CX12 133105 0.001764
133316 CX12 133099 0.001764
133316 CX12 133100 0.001764
133316 CX12 133101 0.001764
133316 CX12 133102 0.001764
133316 P2 133316 0.962600
133316 P2 132808 0.004400
133316 X0 133277 0.999631
133316 X0 133316 0.000123
133316 X0 133355 0.000123
133316 X0 133394 0.000123
133355 CX02 133106 0.985894
133355 CX02 133105 0.002015
133355 CX02 133104 0.002015
133355 CX02 133103 0.002015
133355 CX02 133102 0.002015
133355 CX02 133101 0.002015
133355 CX02 133100 0.002015
133355 CX02 133099 0.002015
133355 CX12 133105 0.987653
133355 CX12 133106 0.001764
133355 CX12 133103 0.001764
133355 CX12 133104 0.001764
133355 CX12 133102 0.001764
133355 CX12 133101 0.001764
133355 CX12 133100 0.001764
133355 CX12 133099 0.001764
133355 P2 133355 0.962600
133355 P2 132809 0.004400
133355 X0 133394 0.999631
133355 X0 133355 0.000123
133355 X0 133316 0.000123
133355 X0 133277 0.000123
133394 CX02 133101 0.985894
133394 CX02 133102 0.002015
133394 CX02 133099 0.002015
133394 CX02 133100 0.002015
133394 CX02 133105 0.002015
133394 CX02 133106 0.002015
133394 CX02 133103 0.002015
133394 CX02 133104 0.002015
133394 CX12 133101 0.987653
133394 CX12 133102 0.001764
133394 CX12 133099 0.001764
133394 CX12 133100 0.001764
133394 CX12 133106 0.001764
133394 CX12 133105 0.001764
133394 CX12 133104 0.001764
133394 CX12 133103 0.001764
133394 P2 133394 0.962600
133394 P2 132810 0.004400
133394 X0 133355 0.999631
133394 X0 133394 0.000123
133394 X0 133277 0.000123
133394 X0 133316 0.000123
ENDPOMDP
