BEGINPOMDP
INITIALSTATE: 229790
STATES: 229790,229791,229792,229793,229794,229811,229812,229813,229814,229815,229816,229817,229818,229837,229876,229915,229954,229975,229976,229977,229978,230267,230268,230269,230270,230271,230272,230273,230274,230445,230484,230523,230562
TARGETV: 229791,229793,229837,229915,229975,229978,230445,230562
GAMMA: 229790:0,229791:0,229792:0,229793:0,229794:0,229811:0,229812:0,229813:0,229814:0,229815:0,229816:0,229817:0,229818:0,229837:1,229876:1,229915:1,229954:1,229975:0,229976:0,229977:0,229978:0,230267:1,230268:1,230269:1,230270:1,230271:1,230272:1,230273:1,230274:1,230445:1,230484:1,230523:1,230562:1
BEGINACTIONS
CX02 Instruction.CNOT 0 2 -
CX12 Instruction.CNOT 1 2 -
P2 Instruction.MEAS - 2 -
X0 Instruction.U3 - 0 3.141592653589793,6.283185307179586,3.141592653589793
ENDACTIONS
229790 INIT_ 229791 0.250000
229790 INIT_ 229792 0.250000
229790 INIT_ 229793 0.250000
229790 INIT_ 229794 0.250000
229791 CX02 229811 0.941654
229791 CX02 229812 0.008335
229791 CX02 229813 0.008335
229791 CX02 229814 0.008335
229791 CX02 229815 0.008335
229791 CX02 229816 0.008335
229791 CX02 229817 0.008335
229791 CX02 229818 0.008335
229791 CX12 229811 0.953338
229791 CX12 229812 0.006666
229791 CX12 229813 0.006666
229791 CX12 229814 0.006666
229791 CX12 229816 0.006666
229791 CX12 229815 0.006666
229791 CX12 229818 0.006666
229791 CX12 229817 0.006666
229791 P2 229791 0.984000
229791 P2 229837 0.034000
229791 X0 229792 0.994584
229791 X0 229791 0.001805
229791 X0 229793 0.001805
229791 X0 229794 0.001805
229792 CX02 229816 0.941654
229792 CX02 229815 0.008335
229792 CX02 229818 0.008335
229792 CX02 229817 0.008335
229792 CX02 229812 0.008335
229792 CX02 229811 0.008335
229792 CX02 229814 0.008335
229792 CX02 229813 0.008335
229792 CX12 229815 0.953338
229792 CX12 229816 0.006666
229792 CX12 229817 0.006666
229792 CX12 229818 0.006666
229792 CX12 229812 0.006666
229792 CX12 229811 0.006666
229792 CX12 229814 0.006666
229792 CX12 229813 0.006666
229792 P2 229792 0.984000
229792 P2 229876 0.034000
229792 X0 229791 0.994584
229792 X0 229792 0.001805
229792 X0 229794 0.001805
229792 X0 229793 0.001805
229793 CX02 229814 0.941654
229793 CX02 229813 0.008335
229793 CX02 229812 0.008335
229793 CX02 229811 0.008335
229793 CX02 229818 0.008335
229793 CX02 229817 0.008335
229793 CX02 229816 0.008335
229793 CX02 229815 0.008335
229793 CX12 229814 0.953338
229793 CX12 229813 0.006666
229793 CX12 229812 0.006666
229793 CX12 229811 0.006666
229793 CX12 229817 0.006666
229793 CX12 229818 0.006666
229793 CX12 229815 0.006666
229793 CX12 229816 0.006666
229793 P2 229793 0.984000
229793 P2 229915 0.034000
229793 X0 229794 0.994584
229793 X0 229793 0.001805
229793 X0 229791 0.001805
229793 X0 229792 0.001805
229794 CX02 229817 0.941654
229794 CX02 229818 0.008335
229794 CX02 229815 0.008335
229794 CX02 229816 0.008335
229794 CX02 229813 0.008335
229794 CX02 229814 0.008335
229794 CX02 229811 0.008335
229794 CX02 229812 0.008335
229794 CX12 229818 0.953338
229794 CX12 229817 0.006666
229794 CX12 229816 0.006666
229794 CX12 229815 0.006666
229794 CX12 229813 0.006666
229794 CX12 229814 0.006666
229794 CX12 229811 0.006666
229794 CX12 229812 0.006666
229794 P2 229794 0.984000
229794 P2 229954 0.034000
229794 X0 229793 0.994584
229794 X0 229794 0.001805
229794 X0 229792 0.001805
229794 X0 229791 0.001805
229811 CX02 229791 0.941654
229811 CX02 229975 0.008335
229811 CX02 229792 0.008335
229811 CX02 229976 0.008335
229811 CX02 229794 0.008335
229811 CX02 229977 0.008335
229811 CX02 229793 0.008335
229811 CX02 229978 0.008335
229811 CX12 229791 0.953338
229811 CX12 229975 0.006666
229811 CX12 229792 0.006666
229811 CX12 229976 0.006666
229811 CX12 229794 0.006666
229811 CX12 229977 0.006666
229811 CX12 229793 0.006666
229811 CX12 229978 0.006666
229811 X0 229815 0.994584
229811 X0 229811 0.001805
229811 X0 229814 0.001805
229811 X0 229818 0.001805
229812 CX02 229975 0.941654
229812 CX02 229791 0.008335
229812 CX02 229976 0.008335
229812 CX02 229792 0.008335
229812 CX02 229977 0.008335
229812 CX02 229794 0.008335
229812 CX02 229978 0.008335
229812 CX02 229793 0.008335
229812 CX12 229975 0.953338
229812 CX12 229791 0.006666
229812 CX12 229976 0.006666
229812 CX12 229792 0.006666
229812 CX12 229977 0.006666
229812 CX12 229794 0.006666
229812 CX12 229978 0.006666
229812 CX12 229793 0.006666
229812 X0 229816 0.994584
229812 X0 229812 0.001805
229812 X0 229813 0.001805
229812 X0 229817 0.001805
229813 CX02 229978 0.941654
229813 CX02 229793 0.008335
229813 CX02 229977 0.008335
229813 CX02 229794 0.008335
229813 CX02 229976 0.008335
229813 CX02 229792 0.008335
229813 CX02 229975 0.008335
229813 CX02 229791 0.008335
229813 CX12 229978 0.953338
229813 CX12 229793 0.006666
229813 CX12 229977 0.006666
229813 CX12 229794 0.006666
229813 CX12 229976 0.006666
229813 CX12 229792 0.006666
229813 CX12 229975 0.006666
229813 CX12 229791 0.006666
229813 X0 229817 0.994584
229813 X0 229813 0.001805
229813 X0 229812 0.001805
229813 X0 229816 0.001805
229814 CX02 229793 0.941654
229814 CX02 229978 0.008335
229814 CX02 229794 0.008335
229814 CX02 229977 0.008335
229814 CX02 229792 0.008335
229814 CX02 229976 0.008335
229814 CX02 229791 0.008335
229814 CX02 229975 0.008335
229814 CX12 229793 0.953338
229814 CX12 229978 0.006666
229814 CX12 229794 0.006666
229814 CX12 229977 0.006666
229814 CX12 229792 0.006666
229814 CX12 229976 0.006666
229814 CX12 229791 0.006666
229814 CX12 229975 0.006666
229814 X0 229818 0.994584
229814 X0 229814 0.001805
229814 X0 229811 0.001805
229814 X0 229815 0.001805
229815 CX02 229976 0.941654
229815 CX02 229792 0.008335
229815 CX02 229975 0.008335
229815 CX02 229791 0.008335
229815 CX02 229978 0.008335
229815 CX02 229793 0.008335
229815 CX02 229977 0.008335
229815 CX02 229794 0.008335
229815 CX12 229792 0.953338
229815 CX12 229976 0.006666
229815 CX12 229791 0.006666
229815 CX12 229975 0.006666
229815 CX12 229793 0.006666
229815 CX12 229978 0.006666
229815 CX12 229794 0.006666
229815 CX12 229977 0.006666
229815 X0 229811 0.994584
229815 X0 229815 0.001805
229815 X0 229818 0.001805
229815 X0 229814 0.001805
229816 CX02 229792 0.941654
229816 CX02 229976 0.008335
229816 CX02 229791 0.008335
229816 CX02 229975 0.008335
229816 CX02 229793 0.008335
229816 CX02 229978 0.008335
229816 CX02 229794 0.008335
229816 CX02 229977 0.008335
229816 CX12 229976 0.953338
229816 CX12 229792 0.006666
229816 CX12 229975 0.006666
229816 CX12 229791 0.006666
229816 CX12 229978 0.006666
229816 CX12 229793 0.006666
229816 CX12 229977 0.006666
229816 CX12 229794 0.006666
229816 X0 229812 0.994584
229816 X0 229816 0.001805
229816 X0 229817 0.001805
229816 X0 229813 0.001805
229817 CX02 229794 0.941654
229817 CX02 229977 0.008335
229817 CX02 229793 0.008335
229817 CX02 229978 0.008335
229817 CX02 229791 0.008335
229817 CX02 229975 0.008335
229817 CX02 229792 0.008335
229817 CX02 229976 0.008335
229817 CX12 229977 0.953338
229817 CX12 229794 0.006666
229817 CX12 229978 0.006666
229817 CX12 229793 0.006666
229817 CX12 229975 0.006666
229817 CX12 229791 0.006666
229817 CX12 229976 0.006666
229817 CX12 229792 0.006666
229817 X0 229813 0.994584
229817 X0 229817 0.001805
229817 X0 229816 0.001805
229817 X0 229812 0.001805
229818 CX02 229977 0.941654
229818 CX02 229794 0.008335
229818 CX02 229978 0.008335
229818 CX02 229793 0.008335
229818 CX02 229975 0.008335
229818 CX02 229791 0.008335
229818 CX02 229976 0.008335
229818 CX02 229792 0.008335
229818 CX12 229794 0.953338
229818 CX12 229977 0.006666
229818 CX12 229793 0.006666
229818 CX12 229978 0.006666
229818 CX12 229791 0.006666
229818 CX12 229975 0.006666
229818 CX12 229792 0.006666
229818 CX12 229976 0.006666
229818 X0 229814 0.994584
229818 X0 229818 0.001805
229818 X0 229815 0.001805
229818 X0 229811 0.001805
229837 CX02 230267 0.941654
229837 CX02 230268 0.008335
229837 CX02 230269 0.008335
229837 CX02 230270 0.008335
229837 CX02 230271 0.008335
229837 CX02 230272 0.008335
229837 CX02 230273 0.008335
229837 CX02 230274 0.008335
229837 CX12 230267 0.953338
229837 CX12 230268 0.006666
229837 CX12 230269 0.006666
229837 CX12 230270 0.006666
229837 CX12 230272 0.006666
229837 CX12 230271 0.006666
229837 CX12 230274 0.006666
229837 CX12 230273 0.006666
229837 P2 229791 0.984000
229837 P2 229837 0.034000
229837 X0 229876 0.994584
229837 X0 229837 0.001805
229837 X0 229915 0.001805
229837 X0 229954 0.001805
229876 CX02 230272 0.941654
229876 CX02 230271 0.008335
229876 CX02 230274 0.008335
229876 CX02 230273 0.008335
229876 CX02 230268 0.008335
229876 CX02 230267 0.008335
229876 CX02 230270 0.008335
229876 CX02 230269 0.008335
229876 CX12 230271 0.953338
229876 CX12 230272 0.006666
229876 CX12 230273 0.006666
229876 CX12 230274 0.006666
229876 CX12 230268 0.006666
229876 CX12 230267 0.006666
229876 CX12 230270 0.006666
229876 CX12 230269 0.006666
229876 P2 229792 0.984000
229876 P2 229876 0.034000
229876 X0 229837 0.994584
229876 X0 229876 0.001805
229876 X0 229954 0.001805
229876 X0 229915 0.001805
229915 CX02 230270 0.941654
229915 CX02 230269 0.008335
229915 CX02 230268 0.008335
229915 CX02 230267 0.008335
229915 CX02 230274 0.008335
229915 CX02 230273 0.008335
229915 CX02 230272 0.008335
229915 CX02 230271 0.008335
229915 CX12 230270 0.953338
229915 CX12 230269 0.006666
229915 CX12 230268 0.006666
229915 CX12 230267 0.006666
229915 CX12 230273 0.006666
229915 CX12 230274 0.006666
229915 CX12 230271 0.006666
229915 CX12 230272 0.006666
229915 P2 229793 0.984000
229915 P2 229915 0.034000
229915 X0 229954 0.994584
229915 X0 229915 0.001805
229915 X0 229837 0.001805
229915 X0 229876 0.001805
229954 CX02 230273 0.941654
229954 CX02 230274 0.008335
229954 CX02 230271 0.008335
229954 CX02 230272 0.008335
229954 CX02 230269 0.008335
229954 CX02 230270 0.008335
229954 CX02 230267 0.008335
229954 CX02 230268 0.008335
229954 CX12 230274 0.953338
229954 CX12 230273 0.006666
229954 CX12 230272 0.006666
229954 CX12 230271 0.006666
229954 CX12 230269 0.006666
229954 CX12 230270 0.006666
229954 CX12 230267 0.006666
229954 CX12 230268 0.006666
229954 P2 229794 0.984000
229954 P2 229954 0.034000
229954 X0 229915 0.994584
229954 X0 229954 0.001805
229954 X0 229876 0.001805
229954 X0 229837 0.001805
229975 CX02 229812 0.941654
229975 CX02 229811 0.008335
229975 CX02 229814 0.008335
229975 CX02 229813 0.008335
229975 CX02 229816 0.008335
229975 CX02 229815 0.008335
229975 CX02 229818 0.008335
229975 CX02 229817 0.008335
229975 CX12 229812 0.953338
229975 CX12 229811 0.006666
229975 CX12 229814 0.006666
229975 CX12 229813 0.006666
229975 CX12 229815 0.006666
229975 CX12 229816 0.006666
229975 CX12 229817 0.006666
229975 CX12 229818 0.006666
229975 P2 230445 0.966000
229975 P2 229975 0.016000
229975 X0 229976 0.994584
229975 X0 229975 0.001805
229975 X0 229978 0.001805
229975 X0 229977 0.001805
229976 CX02 229815 0.941654
229976 CX02 229816 0.008335
229976 CX02 229817 0.008335
229976 CX02 229818 0.008335
229976 CX02 229811 0.008335
229976 CX02 229812 0.008335
229976 CX02 229813 0.008335
229976 CX02 229814 0.008335
229976 CX12 229816 0.953338
229976 CX12 229815 0.006666
229976 CX12 229818 0.006666
229976 CX12 229817 0.006666
229976 CX12 229811 0.006666
229976 CX12 229812 0.006666
229976 CX12 229813 0.006666
229976 CX12 229814 0.006666
229976 P2 230484 0.966000
229976 P2 229976 0.016000
229976 X0 229975 0.994584
229976 X0 229976 0.001805
229976 X0 229977 0.001805
229976 X0 229978 0.001805
229977 CX02 229818 0.941654
229977 CX02 229817 0.008335
229977 CX02 229816 0.008335
229977 CX02 229815 0.008335
229977 CX02 229814 0.008335
229977 CX02 229813 0.008335
229977 CX02 229812 0.008335
229977 CX02 229811 0.008335
229977 CX12 229817 0.953338
229977 CX12 229818 0.006666
229977 CX12 229815 0.006666
229977 CX12 229816 0.006666
229977 CX12 229814 0.006666
229977 CX12 229813 0.006666
229977 CX12 229812 0.006666
229977 CX12 229811 0.006666
229977 P2 230523 0.966000
229977 P2 229977 0.016000
229977 X0 229978 0.994584
229977 X0 229977 0.001805
229977 X0 229976 0.001805
229977 X0 229975 0.001805
229978 CX02 229813 0.941654
229978 CX02 229814 0.008335
229978 CX02 229811 0.008335
229978 CX02 229812 0.008335
229978 CX02 229817 0.008335
229978 CX02 229818 0.008335
229978 CX02 229815 0.008335
229978 CX02 229816 0.008335
229978 CX12 229813 0.953338
229978 CX12 229814 0.006666
229978 CX12 229811 0.006666
229978 CX12 229812 0.006666
229978 CX12 229818 0.006666
229978 CX12 229817 0.006666
229978 CX12 229816 0.006666
229978 CX12 229815 0.006666
229978 P2 230562 0.966000
229978 P2 229978 0.016000
229978 X0 229977 0.994584
229978 X0 229978 0.001805
229978 X0 229975 0.001805
229978 X0 229976 0.001805
230267 CX02 229837 0.941654
230267 CX02 230445 0.008335
230267 CX02 229876 0.008335
230267 CX02 230484 0.008335
230267 CX02 229954 0.008335
230267 CX02 230523 0.008335
230267 CX02 229915 0.008335
230267 CX02 230562 0.008335
230267 CX12 229837 0.953338
230267 CX12 230445 0.006666
230267 CX12 229876 0.006666
230267 CX12 230484 0.006666
230267 CX12 229954 0.006666
230267 CX12 230523 0.006666
230267 CX12 229915 0.006666
230267 CX12 230562 0.006666
230267 X0 230271 0.994584
230267 X0 230267 0.001805
230267 X0 230270 0.001805
230267 X0 230274 0.001805
230268 CX02 230445 0.941654
230268 CX02 229837 0.008335
230268 CX02 230484 0.008335
230268 CX02 229876 0.008335
230268 CX02 230523 0.008335
230268 CX02 229954 0.008335
230268 CX02 230562 0.008335
230268 CX02 229915 0.008335
230268 CX12 230445 0.953338
230268 CX12 229837 0.006666
230268 CX12 230484 0.006666
230268 CX12 229876 0.006666
230268 CX12 230523 0.006666
230268 CX12 229954 0.006666
230268 CX12 230562 0.006666
230268 CX12 229915 0.006666
230268 X0 230272 0.994584
230268 X0 230268 0.001805
230268 X0 230269 0.001805
230268 X0 230273 0.001805
230269 CX02 230562 0.941654
230269 CX02 229915 0.008335
230269 CX02 230523 0.008335
230269 CX02 229954 0.008335
230269 CX02 230484 0.008335
230269 CX02 229876 0.008335
230269 CX02 230445 0.008335
230269 CX02 229837 0.008335
230269 CX12 230562 0.953338
230269 CX12 229915 0.006666
230269 CX12 230523 0.006666
230269 CX12 229954 0.006666
230269 CX12 230484 0.006666
230269 CX12 229876 0.006666
230269 CX12 230445 0.006666
230269 CX12 229837 0.006666
230269 X0 230273 0.994584
230269 X0 230269 0.001805
230269 X0 230268 0.001805
230269 X0 230272 0.001805
230270 CX02 229915 0.941654
230270 CX02 230562 0.008335
230270 CX02 229954 0.008335
230270 CX02 230523 0.008335
230270 CX02 229876 0.008335
230270 CX02 230484 0.008335
230270 CX02 229837 0.008335
230270 CX02 230445 0.008335
230270 CX12 229915 0.953338
230270 CX12 230562 0.006666
230270 CX12 229954 0.006666
230270 CX12 230523 0.006666
230270 CX12 229876 0.006666
230270 CX12 230484 0.006666
230270 CX12 229837 0.006666
230270 CX12 230445 0.006666
230270 X0 230274 0.994584
230270 X0 230270 0.001805
230270 X0 230267 0.001805
230270 X0 230271 0.001805
230271 CX02 230484 0.941654
230271 CX02 229876 0.008335
230271 CX02 230445 0.008335
230271 CX02 229837 0.008335
230271 CX02 230562 0.008335
230271 CX02 229915 0.008335
230271 CX02 230523 0.008335
230271 CX02 229954 0.008335
230271 CX12 229876 0.953338
230271 CX12 230484 0.006666
230271 CX12 229837 0.006666
230271 CX12 230445 0.006666
230271 CX12 229915 0.006666
230271 CX12 230562 0.006666
230271 CX12 229954 0.006666
230271 CX12 230523 0.006666
230271 X0 230267 0.994584
230271 X0 230271 0.001805
230271 X0 230274 0.001805
230271 X0 230270 0.001805
230272 CX02 229876 0.941654
230272 CX02 230484 0.008335
230272 CX02 229837 0.008335
230272 CX02 230445 0.008335
230272 CX02 229915 0.008335
230272 CX02 230562 0.008335
230272 CX02 229954 0.008335
230272 CX02 230523 0.008335
230272 CX12 230484 0.953338
230272 CX12 229876 0.006666
230272 CX12 230445 0.006666
230272 CX12 229837 0.006666
230272 CX12 230562 0.006666
230272 CX12 229915 0.006666
230272 CX12 230523 0.006666
230272 CX12 229954 0.006666
230272 X0 230268 0.994584
230272 X0 230272 0.001805
230272 X0 230273 0.001805
230272 X0 230269 0.001805
230273 CX02 229954 0.941654
230273 CX02 230523 0.008335
230273 CX02 229915 0.008335
230273 CX02 230562 0.008335
230273 CX02 229837 0.008335
230273 CX02 230445 0.008335
230273 CX02 229876 0.008335
230273 CX02 230484 0.008335
230273 CX12 230523 0.953338
230273 CX12 229954 0.006666
230273 CX12 230562 0.006666
230273 CX12 229915 0.006666
230273 CX12 230445 0.006666
230273 CX12 229837 0.006666
230273 CX12 230484 0.006666
230273 CX12 229876 0.006666
230273 X0 230269 0.994584
230273 X0 230273 0.001805
230273 X0 230272 0.001805
230273 X0 230268 0.001805
230274 CX02 230523 0.941654
230274 CX02 229954 0.008335
230274 CX02 230562 0.008335
230274 CX02 229915 0.008335
230274 CX02 230445 0.008335
230274 CX02 229837 0.008335
230274 CX02 230484 0.008335
230274 CX02 229876 0.008335
230274 CX12 229954 0.953338
230274 CX12 230523 0.006666
230274 CX12 229915 0.006666
230274 CX12 230562 0.006666
230274 CX12 229837 0.006666
230274 CX12 230445 0.006666
230274 CX12 229876 0.006666
230274 CX12 230484 0.006666
230274 X0 230270 0.994584
230274 X0 230274 0.001805
230274 X0 230271 0.001805
230274 X0 230267 0.001805
230445 CX02 230268 0.941654
230445 CX02 230267 0.008335
230445 CX02 230270 0.008335
230445 CX02 230269 0.008335
230445 CX02 230272 0.008335
230445 CX02 230271 0.008335
230445 CX02 230274 0.008335
230445 CX02 230273 0.008335
230445 CX12 230268 0.953338
230445 CX12 230267 0.006666
230445 CX12 230270 0.006666
230445 CX12 230269 0.006666
230445 CX12 230271 0.006666
230445 CX12 230272 0.006666
230445 CX12 230273 0.006666
230445 CX12 230274 0.006666
230445 P2 230445 0.966000
230445 P2 229975 0.016000
230445 X0 230484 0.994584
230445 X0 230445 0.001805
230445 X0 230562 0.001805
230445 X0 230523 0.001805
230484 CX02 230271 0.941654
230484 CX02 230272 0.008335
230484 CX02 230273 0.008335
230484 CX02 230274 0.008335
230484 CX02 230267 0.008335
230484 CX02 230268 0.008335
230484 CX02 230269 0.008335
230484 CX02 230270 0.008335
230484 CX12 230272 0.953338
230484 CX12 230271 0.006666
230484 CX12 230274 0.006666
230484 CX12 230273 0.006666
230484 CX12 230267 0.006666
230484 CX12 230268 0.006666
230484 CX12 230269 0.006666
230484 CX12 230270 0.006666
230484 P2 230484 0.966000
230484 P2 229976 0.016000
230484 X0 230445 0.994584
230484 X0 230484 0.001805
230484 X0 230523 0.001805
230484 X0 230562 0.001805
230523 CX02 230274 0.941654
230523 CX02 230273 0.008335
230523 CX02 230272 0.008335
230523 CX02 230271 0.008335
230523 CX02 230270 0.008335
230523 CX02 230269 0.008335
230523 CX02 230268 0.008335
230523 CX02 230267 0.008335
230523 CX12 230273 0.953338
230523 CX12 230274 0.006666
230523 CX12 230271 0.006666
230523 CX12 230272 0.006666
230523 CX12 230270 0.006666
230523 CX12 230269 0.006666
230523 CX12 230268 0.006666
230523 CX12 230267 0.006666
230523 P2 230523 0.966000
230523 P2 229977 0.016000
230523 X0 230562 0.994584
230523 X0 230523 0.001805
230523 X0 230484 0.001805
230523 X0 230445 0.001805
230562 CX02 230269 0.941654
230562 CX02 230270 0.008335
230562 CX02 230267 0.008335
230562 CX02 230268 0.008335
230562 CX02 230273 0.008335
230562 CX02 230274 0.008335
230562 CX02 230271 0.008335
230562 CX02 230272 0.008335
230562 CX12 230269 0.953338
230562 CX12 230270 0.006666
230562 CX12 230267 0.006666
230562 CX12 230268 0.006666
230562 CX12 230274 0.006666
230562 CX12 230273 0.006666
230562 CX12 230272 0.006666
230562 CX12 230271 0.006666
230562 P2 230562 0.966000
230562 P2 229978 0.016000
230562 X0 230523 0.994584
230562 X0 230562 0.001805
230562 X0 230445 0.001805
230562 X0 230484 0.001805
ENDPOMDP
