BEGINPOMDP
INITIALSTATE: 120452
STATES: 120452,120453,120454,120455,120456,120473,120474,120475,120476,120477,120478,120479,120480,120499,120538,120577,120616,120637,120638,120639,120640,120929,120930,120931,120932,120933,120934,120935,120936,121107,121146,121185,121224
TARGETV: 120453,120455,120499,120577,120637,120640,121107,121224
GAMMA: 120452:0,120453:0,120454:0,120455:0,120456:0,120473:0,120474:0,120475:0,120476:0,120477:0,120478:0,120479:0,120480:0,120499:1,120538:1,120577:1,120616:1,120637:0,120638:0,120639:0,120640:0,120929:1,120930:1,120931:1,120932:1,120933:1,120934:1,120935:1,120936:1,121107:1,121146:1,121185:1,121224:1
BEGINACTIONS
CX02 Instruction.CNOT 0 2 -
CX12 Instruction.CNOT 1 2 -
P2 Instruction.MEAS - 2 -
X0 Instruction.X - 0 -
ENDACTIONS
120452 INIT_ 120453 0.250000
120452 INIT_ 120454 0.250000
120452 INIT_ 120455 0.250000
120452 INIT_ 120456 0.250000
120453 CX02 120473 0.989852
120453 CX02 120474 0.001450
120453 CX02 120475 0.001450
120453 CX02 120476 0.001450
120453 CX02 120477 0.001450
120453 CX02 120478 0.001450
120453 CX02 120479 0.001450
120453 CX02 120480 0.001450
120453 CX12 120473 0.985266
120453 CX12 120474 0.002105
120453 CX12 120475 0.002105
120453 CX12 120476 0.002105
120453 CX12 120478 0.002105
120453 CX12 120477 0.002105
120453 CX12 120480 0.002105
120453 CX12 120479 0.002105
120453 P2 120453 0.992800
120453 P2 120499 0.027600
120453 X0 120454 0.999305
120453 X0 120453 0.000232
120453 X0 120455 0.000232
120453 X0 120456 0.000232
120454 CX02 120478 0.989852
120454 CX02 120477 0.001450
120454 CX02 120480 0.001450
120454 CX02 120479 0.001450
120454 CX02 120474 0.001450
120454 CX02 120473 0.001450
120454 CX02 120476 0.001450
120454 CX02 120475 0.001450
120454 CX12 120477 0.985266
120454 CX12 120478 0.002105
120454 CX12 120479 0.002105
120454 CX12 120480 0.002105
120454 CX12 120474 0.002105
120454 CX12 120473 0.002105
120454 CX12 120476 0.002105
120454 CX12 120475 0.002105
120454 P2 120454 0.992800
120454 P2 120538 0.027600
120454 X0 120453 0.999305
120454 X0 120454 0.000232
120454 X0 120456 0.000232
120454 X0 120455 0.000232
120455 CX02 120476 0.989852
120455 CX02 120475 0.001450
120455 CX02 120474 0.001450
120455 CX02 120473 0.001450
120455 CX02 120480 0.001450
120455 CX02 120479 0.001450
120455 CX02 120478 0.001450
120455 CX02 120477 0.001450
120455 CX12 120476 0.985266
120455 CX12 120475 0.002105
120455 CX12 120474 0.002105
120455 CX12 120473 0.002105
120455 CX12 120479 0.002105
120455 CX12 120480 0.002105
120455 CX12 120477 0.002105
120455 CX12 120478 0.002105
120455 P2 120455 0.992800
120455 P2 120577 0.027600
120455 X0 120456 0.999305
120455 X0 120455 0.000232
120455 X0 120453 0.000232
120455 X0 120454 0.000232
120456 CX02 120479 0.989852
120456 CX02 120480 0.001450
120456 CX02 120477 0.001450
120456 CX02 120478 0.001450
120456 CX02 120475 0.001450
120456 CX02 120476 0.001450
120456 CX02 120473 0.001450
120456 CX02 120474 0.001450
120456 CX12 120480 0.985266
120456 CX12 120479 0.002105
120456 CX12 120478 0.002105
120456 CX12 120477 0.002105
120456 CX12 120475 0.002105
120456 CX12 120476 0.002105
120456 CX12 120473 0.002105
120456 CX12 120474 0.002105
120456 P2 120456 0.992800
120456 P2 120616 0.027600
120456 X0 120455 0.999305
120456 X0 120456 0.000232
120456 X0 120454 0.000232
120456 X0 120453 0.000232
120473 CX02 120453 0.989852
120473 CX02 120637 0.001450
120473 CX02 120454 0.001450
120473 CX02 120638 0.001450
120473 CX02 120456 0.001450
120473 CX02 120639 0.001450
120473 CX02 120455 0.001450
120473 CX02 120640 0.001450
120473 CX12 120453 0.985266
120473 CX12 120637 0.002105
120473 CX12 120454 0.002105
120473 CX12 120638 0.002105
120473 CX12 120456 0.002105
120473 CX12 120639 0.002105
120473 CX12 120455 0.002105
120473 CX12 120640 0.002105
120473 X0 120477 0.999305
120473 X0 120473 0.000232
120473 X0 120476 0.000232
120473 X0 120480 0.000232
120474 CX02 120637 0.989852
120474 CX02 120453 0.001450
120474 CX02 120638 0.001450
120474 CX02 120454 0.001450
120474 CX02 120639 0.001450
120474 CX02 120456 0.001450
120474 CX02 120640 0.001450
120474 CX02 120455 0.001450
120474 CX12 120637 0.985266
120474 CX12 120453 0.002105
120474 CX12 120638 0.002105
120474 CX12 120454 0.002105
120474 CX12 120639 0.002105
120474 CX12 120456 0.002105
120474 CX12 120640 0.002105
120474 CX12 120455 0.002105
120474 X0 120478 0.999305
120474 X0 120474 0.000232
120474 X0 120475 0.000232
120474 X0 120479 0.000232
120475 CX02 120640 0.989852
120475 CX02 120455 0.001450
120475 CX02 120639 0.001450
120475 CX02 120456 0.001450
120475 CX02 120638 0.001450
120475 CX02 120454 0.001450
120475 CX02 120637 0.001450
120475 CX02 120453 0.001450
120475 CX12 120640 0.985266
120475 CX12 120455 0.002105
120475 CX12 120639 0.002105
120475 CX12 120456 0.002105
120475 CX12 120638 0.002105
120475 CX12 120454 0.002105
120475 CX12 120637 0.002105
120475 CX12 120453 0.002105
120475 X0 120479 0.999305
120475 X0 120475 0.000232
120475 X0 120474 0.000232
120475 X0 120478 0.000232
120476 CX02 120455 0.989852
120476 CX02 120640 0.001450
120476 CX02 120456 0.001450
120476 CX02 120639 0.001450
120476 CX02 120454 0.001450
120476 CX02 120638 0.001450
120476 CX02 120453 0.001450
120476 CX02 120637 0.001450
120476 CX12 120455 0.985266
120476 CX12 120640 0.002105
120476 CX12 120456 0.002105
120476 CX12 120639 0.002105
120476 CX12 120454 0.002105
120476 CX12 120638 0.002105
120476 CX12 120453 0.002105
120476 CX12 120637 0.002105
120476 X0 120480 0.999305
120476 X0 120476 0.000232
120476 X0 120473 0.000232
120476 X0 120477 0.000232
120477 CX02 120638 0.989852
120477 CX02 120454 0.001450
120477 CX02 120637 0.001450
120477 CX02 120453 0.001450
120477 CX02 120640 0.001450
120477 CX02 120455 0.001450
120477 CX02 120639 0.001450
120477 CX02 120456 0.001450
120477 CX12 120454 0.985266
120477 CX12 120638 0.002105
120477 CX12 120453 0.002105
120477 CX12 120637 0.002105
120477 CX12 120455 0.002105
120477 CX12 120640 0.002105
120477 CX12 120456 0.002105
120477 CX12 120639 0.002105
120477 X0 120473 0.999305
120477 X0 120477 0.000232
120477 X0 120480 0.000232
120477 X0 120476 0.000232
120478 CX02 120454 0.989852
120478 CX02 120638 0.001450
120478 CX02 120453 0.001450
120478 CX02 120637 0.001450
120478 CX02 120455 0.001450
120478 CX02 120640 0.001450
120478 CX02 120456 0.001450
120478 CX02 120639 0.001450
120478 CX12 120638 0.985266
120478 CX12 120454 0.002105
120478 CX12 120637 0.002105
120478 CX12 120453 0.002105
120478 CX12 120640 0.002105
120478 CX12 120455 0.002105
120478 CX12 120639 0.002105
120478 CX12 120456 0.002105
120478 X0 120474 0.999305
120478 X0 120478 0.000232
120478 X0 120479 0.000232
120478 X0 120475 0.000232
120479 CX02 120456 0.989852
120479 CX02 120639 0.001450
120479 CX02 120455 0.001450
120479 CX02 120640 0.001450
120479 CX02 120453 0.001450
120479 CX02 120637 0.001450
120479 CX02 120454 0.001450
120479 CX02 120638 0.001450
120479 CX12 120639 0.985266
120479 CX12 120456 0.002105
120479 CX12 120640 0.002105
120479 CX12 120455 0.002105
120479 CX12 120637 0.002105
120479 CX12 120453 0.002105
120479 CX12 120638 0.002105
120479 CX12 120454 0.002105
120479 X0 120475 0.999305
120479 X0 120479 0.000232
120479 X0 120478 0.000232
120479 X0 120474 0.000232
120480 CX02 120639 0.989852
120480 CX02 120456 0.001450
120480 CX02 120640 0.001450
120480 CX02 120455 0.001450
120480 CX02 120637 0.001450
120480 CX02 120453 0.001450
120480 CX02 120638 0.001450
120480 CX02 120454 0.001450
120480 CX12 120456 0.985266
120480 CX12 120639 0.002105
120480 CX12 120455 0.002105
120480 CX12 120640 0.002105
120480 CX12 120453 0.002105
120480 CX12 120637 0.002105
120480 CX12 120454 0.002105
120480 CX12 120638 0.002105
120480 X0 120476 0.999305
120480 X0 120480 0.000232
120480 X0 120477 0.000232
120480 X0 120473 0.000232
120499 CX02 120929 0.989852
120499 CX02 120930 0.001450
120499 CX02 120931 0.001450
120499 CX02 120932 0.001450
120499 CX02 120933 0.001450
120499 CX02 120934 0.001450
120499 CX02 120935 0.001450
120499 CX02 120936 0.001450
120499 CX12 120929 0.985266
120499 CX12 120930 0.002105
120499 CX12 120931 0.002105
120499 CX12 120932 0.002105
120499 CX12 120934 0.002105
120499 CX12 120933 0.002105
120499 CX12 120936 0.002105
120499 CX12 120935 0.002105
120499 P2 120453 0.992800
120499 P2 120499 0.027600
120499 X0 120538 0.999305
120499 X0 120499 0.000232
120499 X0 120577 0.000232
120499 X0 120616 0.000232
120538 CX02 120934 0.989852
120538 CX02 120933 0.001450
120538 CX02 120936 0.001450
120538 CX02 120935 0.001450
120538 CX02 120930 0.001450
120538 CX02 120929 0.001450
120538 CX02 120932 0.001450
120538 CX02 120931 0.001450
120538 CX12 120933 0.985266
120538 CX12 120934 0.002105
120538 CX12 120935 0.002105
120538 CX12 120936 0.002105
120538 CX12 120930 0.002105
120538 CX12 120929 0.002105
120538 CX12 120932 0.002105
120538 CX12 120931 0.002105
120538 P2 120454 0.992800
120538 P2 120538 0.027600
120538 X0 120499 0.999305
120538 X0 120538 0.000232
120538 X0 120616 0.000232
120538 X0 120577 0.000232
120577 CX02 120932 0.989852
120577 CX02 120931 0.001450
120577 CX02 120930 0.001450
120577 CX02 120929 0.001450
120577 CX02 120936 0.001450
120577 CX02 120935 0.001450
120577 CX02 120934 0.001450
120577 CX02 120933 0.001450
120577 CX12 120932 0.985266
120577 CX12 120931 0.002105
120577 CX12 120930 0.002105
120577 CX12 120929 0.002105
120577 CX12 120935 0.002105
120577 CX12 120936 0.002105
120577 CX12 120933 0.002105
120577 CX12 120934 0.002105
120577 P2 120455 0.992800
120577 P2 120577 0.027600
120577 X0 120616 0.999305
120577 X0 120577 0.000232
120577 X0 120499 0.000232
120577 X0 120538 0.000232
120616 CX02 120935 0.989852
120616 CX02 120936 0.001450
120616 CX02 120933 0.001450
120616 CX02 120934 0.001450
120616 CX02 120931 0.001450
120616 CX02 120932 0.001450
120616 CX02 120929 0.001450
120616 CX02 120930 0.001450
120616 CX12 120936 0.985266
120616 CX12 120935 0.002105
120616 CX12 120934 0.002105
120616 CX12 120933 0.002105
120616 CX12 120931 0.002105
120616 CX12 120932 0.002105
120616 CX12 120929 0.002105
120616 CX12 120930 0.002105
120616 P2 120456 0.992800
120616 P2 120616 0.027600
120616 X0 120577 0.999305
120616 X0 120616 0.000232
120616 X0 120538 0.000232
120616 X0 120499 0.000232
120637 CX02 120474 0.989852
120637 CX02 120473 0.001450
120637 CX02 120476 0.001450
120637 CX02 120475 0.001450
120637 CX02 120478 0.001450
120637 CX02 120477 0.001450
120637 CX02 120480 0.001450
120637 CX02 120479 0.001450
120637 CX12 120474 0.985266
120637 CX12 120473 0.002105
120637 CX12 120476 0.002105
120637 CX12 120475 0.002105
120637 CX12 120477 0.002105
120637 CX12 120478 0.002105
120637 CX12 120479 0.002105
120637 CX12 120480 0.002105
120637 P2 121107 0.972400
120637 P2 120637 0.007200
120637 X0 120638 0.999305
120637 X0 120637 0.000232
120637 X0 120640 0.000232
120637 X0 120639 0.000232
120638 CX02 120477 0.989852
120638 CX02 120478 0.001450
120638 CX02 120479 0.001450
120638 CX02 120480 0.001450
120638 CX02 120473 0.001450
120638 CX02 120474 0.001450
120638 CX02 120475 0.001450
120638 CX02 120476 0.001450
120638 CX12 120478 0.985266
120638 CX12 120477 0.002105
120638 CX12 120480 0.002105
120638 CX12 120479 0.002105
120638 CX12 120473 0.002105
120638 CX12 120474 0.002105
120638 CX12 120475 0.002105
120638 CX12 120476 0.002105
120638 P2 121146 0.972400
120638 P2 120638 0.007200
120638 X0 120637 0.999305
120638 X0 120638 0.000232
120638 X0 120639 0.000232
120638 X0 120640 0.000232
120639 CX02 120480 0.989852
120639 CX02 120479 0.001450
120639 CX02 120478 0.001450
120639 CX02 120477 0.001450
120639 CX02 120476 0.001450
120639 CX02 120475 0.001450
120639 CX02 120474 0.001450
120639 CX02 120473 0.001450
120639 CX12 120479 0.985266
120639 CX12 120480 0.002105
120639 CX12 120477 0.002105
120639 CX12 120478 0.002105
120639 CX12 120476 0.002105
120639 CX12 120475 0.002105
120639 CX12 120474 0.002105
120639 CX12 120473 0.002105
120639 P2 121185 0.972400
120639 P2 120639 0.007200
120639 X0 120640 0.999305
120639 X0 120639 0.000232
120639 X0 120638 0.000232
120639 X0 120637 0.000232
120640 CX02 120475 0.989852
120640 CX02 120476 0.001450
120640 CX02 120473 0.001450
120640 CX02 120474 0.001450
120640 CX02 120479 0.001450
120640 CX02 120480 0.001450
120640 CX02 120477 0.001450
120640 CX02 120478 0.001450
120640 CX12 120475 0.985266
120640 CX12 120476 0.002105
120640 CX12 120473 0.002105
120640 CX12 120474 0.002105
120640 CX12 120480 0.002105
120640 CX12 120479 0.002105
120640 CX12 120478 0.002105
120640 CX12 120477 0.002105
120640 P2 121224 0.972400
120640 P2 120640 0.007200
120640 X0 120639 0.999305
120640 X0 120640 0.000232
120640 X0 120637 0.000232
120640 X0 120638 0.000232
120929 CX02 120499 0.989852
120929 CX02 121107 0.001450
120929 CX02 120538 0.001450
120929 CX02 121146 0.001450
120929 CX02 120616 0.001450
120929 CX02 121185 0.001450
120929 CX02 120577 0.001450
120929 CX02 121224 0.001450
120929 CX12 120499 0.985266
120929 CX12 121107 0.002105
120929 CX12 120538 0.002105
120929 CX12 121146 0.002105
120929 CX12 120616 0.002105
120929 CX12 121185 0.002105
120929 CX12 120577 0.002105
120929 CX12 121224 0.002105
120929 X0 120933 0.999305
120929 X0 120929 0.000232
120929 X0 120932 0.000232
120929 X0 120936 0.000232
120930 CX02 121107 0.989852
120930 CX02 120499 0.001450
120930 CX02 121146 0.001450
120930 CX02 120538 0.001450
120930 CX02 121185 0.001450
120930 CX02 120616 0.001450
120930 CX02 121224 0.001450
120930 CX02 120577 0.001450
120930 CX12 121107 0.985266
120930 CX12 120499 0.002105
120930 CX12 121146 0.002105
120930 CX12 120538 0.002105
120930 CX12 121185 0.002105
120930 CX12 120616 0.002105
120930 CX12 121224 0.002105
120930 CX12 120577 0.002105
120930 X0 120934 0.999305
120930 X0 120930 0.000232
120930 X0 120931 0.000232
120930 X0 120935 0.000232
120931 CX02 121224 0.989852
120931 CX02 120577 0.001450
120931 CX02 121185 0.001450
120931 CX02 120616 0.001450
120931 CX02 121146 0.001450
120931 CX02 120538 0.001450
120931 CX02 121107 0.001450
120931 CX02 120499 0.001450
120931 CX12 121224 0.985266
120931 CX12 120577 0.002105
120931 CX12 121185 0.002105
120931 CX12 120616 0.002105
120931 CX12 121146 0.002105
120931 CX12 120538 0.002105
120931 CX12 121107 0.002105
120931 CX12 120499 0.002105
120931 X0 120935 0.999305
120931 X0 120931 0.000232
120931 X0 120930 0.000232
120931 X0 120934 0.000232
120932 CX02 120577 0.989852
120932 CX02 121224 0.001450
120932 CX02 120616 0.001450
120932 CX02 121185 0.001450
120932 CX02 120538 0.001450
120932 CX02 121146 0.001450
120932 CX02 120499 0.001450
120932 CX02 121107 0.001450
120932 CX12 120577 0.985266
120932 CX12 121224 0.002105
120932 CX12 120616 0.002105
120932 CX12 121185 0.002105
120932 CX12 120538 0.002105
120932 CX12 121146 0.002105
120932 CX12 120499 0.002105
120932 CX12 121107 0.002105
120932 X0 120936 0.999305
120932 X0 120932 0.000232
120932 X0 120929 0.000232
120932 X0 120933 0.000232
120933 CX02 121146 0.989852
120933 CX02 120538 0.001450
120933 CX02 121107 0.001450
120933 CX02 120499 0.001450
120933 CX02 121224 0.001450
120933 CX02 120577 0.001450
120933 CX02 121185 0.001450
120933 CX02 120616 0.001450
120933 CX12 120538 0.985266
120933 CX12 121146 0.002105
120933 CX12 120499 0.002105
120933 CX12 121107 0.002105
120933 CX12 120577 0.002105
120933 CX12 121224 0.002105
120933 CX12 120616 0.002105
120933 CX12 121185 0.002105
120933 X0 120929 0.999305
120933 X0 120933 0.000232
120933 X0 120936 0.000232
120933 X0 120932 0.000232
120934 CX02 120538 0.989852
120934 CX02 121146 0.001450
120934 CX02 120499 0.001450
120934 CX02 121107 0.001450
120934 CX02 120577 0.001450
120934 CX02 121224 0.001450
120934 CX02 120616 0.001450
120934 CX02 121185 0.001450
120934 CX12 121146 0.985266
120934 CX12 120538 0.002105
120934 CX12 121107 0.002105
120934 CX12 120499 0.002105
120934 CX12 121224 0.002105
120934 CX12 120577 0.002105
120934 CX12 121185 0.002105
120934 CX12 120616 0.002105
120934 X0 120930 0.999305
120934 X0 120934 0.000232
120934 X0 120935 0.000232
120934 X0 120931 0.000232
120935 CX02 120616 0.989852
120935 CX02 121185 0.001450
120935 CX02 120577 0.001450
120935 CX02 121224 0.001450
120935 CX02 120499 0.001450
120935 CX02 121107 0.001450
120935 CX02 120538 0.001450
120935 CX02 121146 0.001450
120935 CX12 121185 0.985266
120935 CX12 120616 0.002105
120935 CX12 121224 0.002105
120935 CX12 120577 0.002105
120935 CX12 121107 0.002105
120935 CX12 120499 0.002105
120935 CX12 121146 0.002105
120935 CX12 120538 0.002105
120935 X0 120931 0.999305
120935 X0 120935 0.000232
120935 X0 120934 0.000232
120935 X0 120930 0.000232
120936 CX02 121185 0.989852
120936 CX02 120616 0.001450
120936 CX02 121224 0.001450
120936 CX02 120577 0.001450
120936 CX02 121107 0.001450
120936 CX02 120499 0.001450
120936 CX02 121146 0.001450
120936 CX02 120538 0.001450
120936 CX12 120616 0.985266
120936 CX12 121185 0.002105
120936 CX12 120577 0.002105
120936 CX12 121224 0.002105
120936 CX12 120499 0.002105
120936 CX12 121107 0.002105
120936 CX12 120538 0.002105
120936 CX12 121146 0.002105
120936 X0 120932 0.999305
120936 X0 120936 0.000232
120936 X0 120933 0.000232
120936 X0 120929 0.000232
121107 CX02 120930 0.989852
121107 CX02 120929 0.001450
121107 CX02 120932 0.001450
121107 CX02 120931 0.001450
121107 CX02 120934 0.001450
121107 CX02 120933 0.001450
121107 CX02 120936 0.001450
121107 CX02 120935 0.001450
121107 CX12 120930 0.985266
121107 CX12 120929 0.002105
121107 CX12 120932 0.002105
121107 CX12 120931 0.002105
121107 CX12 120933 0.002105
121107 CX12 120934 0.002105
121107 CX12 120935 0.002105
121107 CX12 120936 0.002105
121107 P2 121107 0.972400
121107 P2 120637 0.007200
121107 X0 121146 0.999305
121107 X0 121107 0.000232
121107 X0 121224 0.000232
121107 X0 121185 0.000232
121146 CX02 120933 0.989852
121146 CX02 120934 0.001450
121146 CX02 120935 0.001450
121146 CX02 120936 0.001450
121146 CX02 120929 0.001450
121146 CX02 120930 0.001450
121146 CX02 120931 0.001450
121146 CX02 120932 0.001450
121146 CX12 120934 0.985266
121146 CX12 120933 0.002105
121146 CX12 120936 0.002105
121146 CX12 120935 0.002105
121146 CX12 120929 0.002105
121146 CX12 120930 0.002105
121146 CX12 120931 0.002105
121146 CX12 120932 0.002105
121146 P2 121146 0.972400
121146 P2 120638 0.007200
121146 X0 121107 0.999305
121146 X0 121146 0.000232
121146 X0 121185 0.000232
121146 X0 121224 0.000232
121185 CX02 120936 0.989852
121185 CX02 120935 0.001450
121185 CX02 120934 0.001450
121185 CX02 120933 0.001450
121185 CX02 120932 0.001450
121185 CX02 120931 0.001450
121185 CX02 120930 0.001450
121185 CX02 120929 0.001450
121185 CX12 120935 0.985266
121185 CX12 120936 0.002105
121185 CX12 120933 0.002105
121185 CX12 120934 0.002105
121185 CX12 120932 0.002105
121185 CX12 120931 0.002105
121185 CX12 120930 0.002105
121185 CX12 120929 0.002105
121185 P2 121185 0.972400
121185 P2 120639 0.007200
121185 X0 121224 0.999305
121185 X0 121185 0.000232
121185 X0 121146 0.000232
121185 X0 121107 0.000232
121224 CX02 120931 0.989852
121224 CX02 120932 0.001450
121224 CX02 120929 0.001450
121224 CX02 120930 0.001450
121224 CX02 120935 0.001450
121224 CX02 120936 0.001450
121224 CX02 120933 0.001450
121224 CX02 120934 0.001450
121224 CX12 120931 0.985266
121224 CX12 120932 0.002105
121224 CX12 120929 0.002105
121224 CX12 120930 0.002105
121224 CX12 120936 0.002105
121224 CX12 120935 0.002105
121224 CX12 120934 0.002105
121224 CX12 120933 0.002105
121224 P2 121224 0.972400
121224 P2 120640 0.007200
121224 X0 121185 0.999305
121224 X0 121224 0.000232
121224 X0 121107 0.000232
121224 X0 121146 0.000232
ENDPOMDP
