BEGINPOMDP
INITIALSTATE: 6086
STATES: 6086,6087,6088,6089,6090,6107,6108,6109,6110,6111,6112,6113,6114,6133,6172,6211,6250,6271,6272,6273,6274,6563,6564,6565,6566,6567,6568,6569,6570,6741,6780,6819,6858
TARGETV: 6087,6089,6133,6211,6271,6274,6741,6858
GAMMA: 6086:0,6087:0,6088:0,6089:0,6090:0,6107:0,6108:0,6109:0,6110:0,6111:0,6112:0,6113:0,6114:0,6133:1,6172:1,6211:1,6250:1,6271:0,6272:0,6273:0,6274:0,6563:1,6564:1,6565:1,6566:1,6567:1,6568:1,6569:1,6570:1,6741:1,6780:1,6819:1,6858:1
BEGINACTIONS
CX02 Instruction.CNOT 0 2 -
CX12 Instruction.CNOT 1 2 -
P2 Instruction.MEAS - 2 -
X0 Instruction.U3 - 0 3.141592653589793,6.283185307179586,3.141592653589793
ENDACTIONS
6086 INIT_ 6087 0.250000
6086 INIT_ 6088 0.250000
6086 INIT_ 6089 0.250000
6086 INIT_ 6090 0.250000
6087 CX02 6107 0.951427
6087 CX02 6108 0.006939
6087 CX02 6109 0.006939
6087 CX02 6110 0.006939
6087 CX02 6111 0.006939
6087 CX02 6112 0.006939
6087 CX02 6113 0.006939
6087 CX02 6114 0.006939
6087 CX12 6107 0.969169
6087 CX12 6108 0.004404
6087 CX12 6109 0.004404
6087 CX12 6110 0.004404
6087 CX12 6112 0.004404
6087 CX12 6111 0.004404
6087 CX12 6114 0.004404
6087 CX12 6113 0.004404
6087 P2 6087 0.990200
6087 P2 6133 0.025200
6087 X0 6088 0.996087
6087 X0 6087 0.001304
6087 X0 6089 0.001304
6087 X0 6090 0.001304
6088 CX02 6112 0.951427
6088 CX02 6111 0.006939
6088 CX02 6114 0.006939
6088 CX02 6113 0.006939
6088 CX02 6108 0.006939
6088 CX02 6107 0.006939
6088 CX02 6110 0.006939
6088 CX02 6109 0.006939
6088 CX12 6111 0.969169
6088 CX12 6112 0.004404
6088 CX12 6113 0.004404
6088 CX12 6114 0.004404
6088 CX12 6108 0.004404
6088 CX12 6107 0.004404
6088 CX12 6110 0.004404
6088 CX12 6109 0.004404
6088 P2 6088 0.990200
6088 P2 6172 0.025200
6088 X0 6087 0.996087
6088 X0 6088 0.001304
6088 X0 6090 0.001304
6088 X0 6089 0.001304
6089 CX02 6110 0.951427
6089 CX02 6109 0.006939
6089 CX02 6108 0.006939
6089 CX02 6107 0.006939
6089 CX02 6114 0.006939
6089 CX02 6113 0.006939
6089 CX02 6112 0.006939
6089 CX02 6111 0.006939
6089 CX12 6110 0.969169
6089 CX12 6109 0.004404
6089 CX12 6108 0.004404
6089 CX12 6107 0.004404
6089 CX12 6113 0.004404
6089 CX12 6114 0.004404
6089 CX12 6111 0.004404
6089 CX12 6112 0.004404
6089 P2 6089 0.990200
6089 P2 6211 0.025200
6089 X0 6090 0.996087
6089 X0 6089 0.001304
6089 X0 6087 0.001304
6089 X0 6088 0.001304
6090 CX02 6113 0.951427
6090 CX02 6114 0.006939
6090 CX02 6111 0.006939
6090 CX02 6112 0.006939
6090 CX02 6109 0.006939
6090 CX02 6110 0.006939
6090 CX02 6107 0.006939
6090 CX02 6108 0.006939
6090 CX12 6114 0.969169
6090 CX12 6113 0.004404
6090 CX12 6112 0.004404
6090 CX12 6111 0.004404
6090 CX12 6109 0.004404
6090 CX12 6110 0.004404
6090 CX12 6107 0.004404
6090 CX12 6108 0.004404
6090 P2 6090 0.990200
6090 P2 6250 0.025200
6090 X0 6089 0.996087
6090 X0 6090 0.001304
6090 X0 6088 0.001304
6090 X0 6087 0.001304
6107 CX02 6087 0.951427
6107 CX02 6271 0.006939
6107 CX02 6088 0.006939
6107 CX02 6272 0.006939
6107 CX02 6090 0.006939
6107 CX02 6273 0.006939
6107 CX02 6089 0.006939
6107 CX02 6274 0.006939
6107 CX12 6087 0.969169
6107 CX12 6271 0.004404
6107 CX12 6088 0.004404
6107 CX12 6272 0.004404
6107 CX12 6090 0.004404
6107 CX12 6273 0.004404
6107 CX12 6089 0.004404
6107 CX12 6274 0.004404
6107 X0 6111 0.996087
6107 X0 6107 0.001304
6107 X0 6110 0.001304
6107 X0 6114 0.001304
6108 CX02 6271 0.951427
6108 CX02 6087 0.006939
6108 CX02 6272 0.006939
6108 CX02 6088 0.006939
6108 CX02 6273 0.006939
6108 CX02 6090 0.006939
6108 CX02 6274 0.006939
6108 CX02 6089 0.006939
6108 CX12 6271 0.969169
6108 CX12 6087 0.004404
6108 CX12 6272 0.004404
6108 CX12 6088 0.004404
6108 CX12 6273 0.004404
6108 CX12 6090 0.004404
6108 CX12 6274 0.004404
6108 CX12 6089 0.004404
6108 X0 6112 0.996087
6108 X0 6108 0.001304
6108 X0 6109 0.001304
6108 X0 6113 0.001304
6109 CX02 6274 0.951427
6109 CX02 6089 0.006939
6109 CX02 6273 0.006939
6109 CX02 6090 0.006939
6109 CX02 6272 0.006939
6109 CX02 6088 0.006939
6109 CX02 6271 0.006939
6109 CX02 6087 0.006939
6109 CX12 6274 0.969169
6109 CX12 6089 0.004404
6109 CX12 6273 0.004404
6109 CX12 6090 0.004404
6109 CX12 6272 0.004404
6109 CX12 6088 0.004404
6109 CX12 6271 0.004404
6109 CX12 6087 0.004404
6109 X0 6113 0.996087
6109 X0 6109 0.001304
6109 X0 6108 0.001304
6109 X0 6112 0.001304
6110 CX02 6089 0.951427
6110 CX02 6274 0.006939
6110 CX02 6090 0.006939
6110 CX02 6273 0.006939
6110 CX02 6088 0.006939
6110 CX02 6272 0.006939
6110 CX02 6087 0.006939
6110 CX02 6271 0.006939
6110 CX12 6089 0.969169
6110 CX12 6274 0.004404
6110 CX12 6090 0.004404
6110 CX12 6273 0.004404
6110 CX12 6088 0.004404
6110 CX12 6272 0.004404
6110 CX12 6087 0.004404
6110 CX12 6271 0.004404
6110 X0 6114 0.996087
6110 X0 6110 0.001304
6110 X0 6107 0.001304
6110 X0 6111 0.001304
6111 CX02 6272 0.951427
6111 CX02 6088 0.006939
6111 CX02 6271 0.006939
6111 CX02 6087 0.006939
6111 CX02 6274 0.006939
6111 CX02 6089 0.006939
6111 CX02 6273 0.006939
6111 CX02 6090 0.006939
6111 CX12 6088 0.969169
6111 CX12 6272 0.004404
6111 CX12 6087 0.004404
6111 CX12 6271 0.004404
6111 CX12 6089 0.004404
6111 CX12 6274 0.004404
6111 CX12 6090 0.004404
6111 CX12 6273 0.004404
6111 X0 6107 0.996087
6111 X0 6111 0.001304
6111 X0 6114 0.001304
6111 X0 6110 0.001304
6112 CX02 6088 0.951427
6112 CX02 6272 0.006939
6112 CX02 6087 0.006939
6112 CX02 6271 0.006939
6112 CX02 6089 0.006939
6112 CX02 6274 0.006939
6112 CX02 6090 0.006939
6112 CX02 6273 0.006939
6112 CX12 6272 0.969169
6112 CX12 6088 0.004404
6112 CX12 6271 0.004404
6112 CX12 6087 0.004404
6112 CX12 6274 0.004404
6112 CX12 6089 0.004404
6112 CX12 6273 0.004404
6112 CX12 6090 0.004404
6112 X0 6108 0.996087
6112 X0 6112 0.001304
6112 X0 6113 0.001304
6112 X0 6109 0.001304
6113 CX02 6090 0.951427
6113 CX02 6273 0.006939
6113 CX02 6089 0.006939
6113 CX02 6274 0.006939
6113 CX02 6087 0.006939
6113 CX02 6271 0.006939
6113 CX02 6088 0.006939
6113 CX02 6272 0.006939
6113 CX12 6273 0.969169
6113 CX12 6090 0.004404
6113 CX12 6274 0.004404
6113 CX12 6089 0.004404
6113 CX12 6271 0.004404
6113 CX12 6087 0.004404
6113 CX12 6272 0.004404
6113 CX12 6088 0.004404
6113 X0 6109 0.996087
6113 X0 6113 0.001304
6113 X0 6112 0.001304
6113 X0 6108 0.001304
6114 CX02 6273 0.951427
6114 CX02 6090 0.006939
6114 CX02 6274 0.006939
6114 CX02 6089 0.006939
6114 CX02 6271 0.006939
6114 CX02 6087 0.006939
6114 CX02 6272 0.006939
6114 CX02 6088 0.006939
6114 CX12 6090 0.969169
6114 CX12 6273 0.004404
6114 CX12 6089 0.004404
6114 CX12 6274 0.004404
6114 CX12 6087 0.004404
6114 CX12 6271 0.004404
6114 CX12 6088 0.004404
6114 CX12 6272 0.004404
6114 X0 6110 0.996087
6114 X0 6114 0.001304
6114 X0 6111 0.001304
6114 X0 6107 0.001304
6133 CX02 6563 0.951427
6133 CX02 6564 0.006939
6133 CX02 6565 0.006939
6133 CX02 6566 0.006939
6133 CX02 6567 0.006939
6133 CX02 6568 0.006939
6133 CX02 6569 0.006939
6133 CX02 6570 0.006939
6133 CX12 6563 0.969169
6133 CX12 6564 0.004404
6133 CX12 6565 0.004404
6133 CX12 6566 0.004404
6133 CX12 6568 0.004404
6133 CX12 6567 0.004404
6133 CX12 6570 0.004404
6133 CX12 6569 0.004404
6133 P2 6087 0.990200
6133 P2 6133 0.025200
6133 X0 6172 0.996087
6133 X0 6133 0.001304
6133 X0 6211 0.001304
6133 X0 6250 0.001304
6172 CX02 6568 0.951427
6172 CX02 6567 0.006939
6172 CX02 6570 0.006939
6172 CX02 6569 0.006939
6172 CX02 6564 0.006939
6172 CX02 6563 0.006939
6172 CX02 6566 0.006939
6172 CX02 6565 0.006939
6172 CX12 6567 0.969169
6172 CX12 6568 0.004404
6172 CX12 6569 0.004404
6172 CX12 6570 0.004404
6172 CX12 6564 0.004404
6172 CX12 6563 0.004404
6172 CX12 6566 0.004404
6172 CX12 6565 0.004404
6172 P2 6088 0.990200
6172 P2 6172 0.025200
6172 X0 6133 0.996087
6172 X0 6172 0.001304
6172 X0 6250 0.001304
6172 X0 6211 0.001304
6211 CX02 6566 0.951427
6211 CX02 6565 0.006939
6211 CX02 6564 0.006939
6211 CX02 6563 0.006939
6211 CX02 6570 0.006939
6211 CX02 6569 0.006939
6211 CX02 6568 0.006939
6211 CX02 6567 0.006939
6211 CX12 6566 0.969169
6211 CX12 6565 0.004404
6211 CX12 6564 0.004404
6211 CX12 6563 0.004404
6211 CX12 6569 0.004404
6211 CX12 6570 0.004404
6211 CX12 6567 0.004404
6211 CX12 6568 0.004404
6211 P2 6089 0.990200
6211 P2 6211 0.025200
6211 X0 6250 0.996087
6211 X0 6211 0.001304
6211 X0 6133 0.001304
6211 X0 6172 0.001304
6250 CX02 6569 0.951427
6250 CX02 6570 0.006939
6250 CX02 6567 0.006939
6250 CX02 6568 0.006939
6250 CX02 6565 0.006939
6250 CX02 6566 0.006939
6250 CX02 6563 0.006939
6250 CX02 6564 0.006939
6250 CX12 6570 0.969169
6250 CX12 6569 0.004404
6250 CX12 6568 0.004404
6250 CX12 6567 0.004404
6250 CX12 6565 0.004404
6250 CX12 6566 0.004404
6250 CX12 6563 0.004404
6250 CX12 6564 0.004404
6250 P2 6090 0.990200
6250 P2 6250 0.025200
6250 X0 6211 0.996087
6250 X0 6250 0.001304
6250 X0 6172 0.001304
6250 X0 6133 0.001304
6271 CX02 6108 0.951427
6271 CX02 6107 0.006939
6271 CX02 6110 0.006939
6271 CX02 6109 0.006939
6271 CX02 6112 0.006939
6271 CX02 6111 0.006939
6271 CX02 6114 0.006939
6271 CX02 6113 0.006939
6271 CX12 6108 0.969169
6271 CX12 6107 0.004404
6271 CX12 6110 0.004404
6271 CX12 6109 0.004404
6271 CX12 6111 0.004404
6271 CX12 6112 0.004404
6271 CX12 6113 0.004404
6271 CX12 6114 0.004404
6271 P2 6741 0.974800
6271 P2 6271 0.009800
6271 X0 6272 0.996087
6271 X0 6271 0.001304
6271 X0 6274 0.001304
6271 X0 6273 0.001304
6272 CX02 6111 0.951427
6272 CX02 6112 0.006939
6272 CX02 6113 0.006939
6272 CX02 6114 0.006939
6272 CX02 6107 0.006939
6272 CX02 6108 0.006939
6272 CX02 6109 0.006939
6272 CX02 6110 0.006939
6272 CX12 6112 0.969169
6272 CX12 6111 0.004404
6272 CX12 6114 0.004404
6272 CX12 6113 0.004404
6272 CX12 6107 0.004404
6272 CX12 6108 0.004404
6272 CX12 6109 0.004404
6272 CX12 6110 0.004404
6272 P2 6780 0.974800
6272 P2 6272 0.009800
6272 X0 6271 0.996087
6272 X0 6272 0.001304
6272 X0 6273 0.001304
6272 X0 6274 0.001304
6273 CX02 6114 0.951427
6273 CX02 6113 0.006939
6273 CX02 6112 0.006939
6273 CX02 6111 0.006939
6273 CX02 6110 0.006939
6273 CX02 6109 0.006939
6273 CX02 6108 0.006939
6273 CX02 6107 0.006939
6273 CX12 6113 0.969169
6273 CX12 6114 0.004404
6273 CX12 6111 0.004404
6273 CX12 6112 0.004404
6273 CX12 6110 0.004404
6273 CX12 6109 0.004404
6273 CX12 6108 0.004404
6273 CX12 6107 0.004404
6273 P2 6819 0.974800
6273 P2 6273 0.009800
6273 X0 6274 0.996087
6273 X0 6273 0.001304
6273 X0 6272 0.001304
6273 X0 6271 0.001304
6274 CX02 6109 0.951427
6274 CX02 6110 0.006939
6274 CX02 6107 0.006939
6274 CX02 6108 0.006939
6274 CX02 6113 0.006939
6274 CX02 6114 0.006939
6274 CX02 6111 0.006939
6274 CX02 6112 0.006939
6274 CX12 6109 0.969169
6274 CX12 6110 0.004404
6274 CX12 6107 0.004404
6274 CX12 6108 0.004404
6274 CX12 6114 0.004404
6274 CX12 6113 0.004404
6274 CX12 6112 0.004404
6274 CX12 6111 0.004404
6274 P2 6858 0.974800
6274 P2 6274 0.009800
6274 X0 6273 0.996087
6274 X0 6274 0.001304
6274 X0 6271 0.001304
6274 X0 6272 0.001304
6563 CX02 6133 0.951427
6563 CX02 6741 0.006939
6563 CX02 6172 0.006939
6563 CX02 6780 0.006939
6563 CX02 6250 0.006939
6563 CX02 6819 0.006939
6563 CX02 6211 0.006939
6563 CX02 6858 0.006939
6563 CX12 6133 0.969169
6563 CX12 6741 0.004404
6563 CX12 6172 0.004404
6563 CX12 6780 0.004404
6563 CX12 6250 0.004404
6563 CX12 6819 0.004404
6563 CX12 6211 0.004404
6563 CX12 6858 0.004404
6563 X0 6567 0.996087
6563 X0 6563 0.001304
6563 X0 6566 0.001304
6563 X0 6570 0.001304
6564 CX02 6741 0.951427
6564 CX02 6133 0.006939
6564 CX02 6780 0.006939
6564 CX02 6172 0.006939
6564 CX02 6819 0.006939
6564 CX02 6250 0.006939
6564 CX02 6858 0.006939
6564 CX02 6211 0.006939
6564 CX12 6741 0.969169
6564 CX12 6133 0.004404
6564 CX12 6780 0.004404
6564 CX12 6172 0.004404
6564 CX12 6819 0.004404
6564 CX12 6250 0.004404
6564 CX12 6858 0.004404
6564 CX12 6211 0.004404
6564 X0 6568 0.996087
6564 X0 6564 0.001304
6564 X0 6565 0.001304
6564 X0 6569 0.001304
6565 CX02 6858 0.951427
6565 CX02 6211 0.006939
6565 CX02 6819 0.006939
6565 CX02 6250 0.006939
6565 CX02 6780 0.006939
6565 CX02 6172 0.006939
6565 CX02 6741 0.006939
6565 CX02 6133 0.006939
6565 CX12 6858 0.969169
6565 CX12 6211 0.004404
6565 CX12 6819 0.004404
6565 CX12 6250 0.004404
6565 CX12 6780 0.004404
6565 CX12 6172 0.004404
6565 CX12 6741 0.004404
6565 CX12 6133 0.004404
6565 X0 6569 0.996087
6565 X0 6565 0.001304
6565 X0 6564 0.001304
6565 X0 6568 0.001304
6566 CX02 6211 0.951427
6566 CX02 6858 0.006939
6566 CX02 6250 0.006939
6566 CX02 6819 0.006939
6566 CX02 6172 0.006939
6566 CX02 6780 0.006939
6566 CX02 6133 0.006939
6566 CX02 6741 0.006939
6566 CX12 6211 0.969169
6566 CX12 6858 0.004404
6566 CX12 6250 0.004404
6566 CX12 6819 0.004404
6566 CX12 6172 0.004404
6566 CX12 6780 0.004404
6566 CX12 6133 0.004404
6566 CX12 6741 0.004404
6566 X0 6570 0.996087
6566 X0 6566 0.001304
6566 X0 6563 0.001304
6566 X0 6567 0.001304
6567 CX02 6780 0.951427
6567 CX02 6172 0.006939
6567 CX02 6741 0.006939
6567 CX02 6133 0.006939
6567 CX02 6858 0.006939
6567 CX02 6211 0.006939
6567 CX02 6819 0.006939
6567 CX02 6250 0.006939
6567 CX12 6172 0.969169
6567 CX12 6780 0.004404
6567 CX12 6133 0.004404
6567 CX12 6741 0.004404
6567 CX12 6211 0.004404
6567 CX12 6858 0.004404
6567 CX12 6250 0.004404
6567 CX12 6819 0.004404
6567 X0 6563 0.996087
6567 X0 6567 0.001304
6567 X0 6570 0.001304
6567 X0 6566 0.001304
6568 CX02 6172 0.951427
6568 CX02 6780 0.006939
6568 CX02 6133 0.006939
6568 CX02 6741 0.006939
6568 CX02 6211 0.006939
6568 CX02 6858 0.006939
6568 CX02 6250 0.006939
6568 CX02 6819 0.006939
6568 CX12 6780 0.969169
6568 CX12 6172 0.004404
6568 CX12 6741 0.004404
6568 CX12 6133 0.004404
6568 CX12 6858 0.004404
6568 CX12 6211 0.004404
6568 CX12 6819 0.004404
6568 CX12 6250 0.004404
6568 X0 6564 0.996087
6568 X0 6568 0.001304
6568 X0 6569 0.001304
6568 X0 6565 0.001304
6569 CX02 6250 0.951427
6569 CX02 6819 0.006939
6569 CX02 6211 0.006939
6569 CX02 6858 0.006939
6569 CX02 6133 0.006939
6569 CX02 6741 0.006939
6569 CX02 6172 0.006939
6569 CX02 6780 0.006939
6569 CX12 6819 0.969169
6569 CX12 6250 0.004404
6569 CX12 6858 0.004404
6569 CX12 6211 0.004404
6569 CX12 6741 0.004404
6569 CX12 6133 0.004404
6569 CX12 6780 0.004404
6569 CX12 6172 0.004404
6569 X0 6565 0.996087
6569 X0 6569 0.001304
6569 X0 6568 0.001304
6569 X0 6564 0.001304
6570 CX02 6819 0.951427
6570 CX02 6250 0.006939
6570 CX02 6858 0.006939
6570 CX02 6211 0.006939
6570 CX02 6741 0.006939
6570 CX02 6133 0.006939
6570 CX02 6780 0.006939
6570 CX02 6172 0.006939
6570 CX12 6250 0.969169
6570 CX12 6819 0.004404
6570 CX12 6211 0.004404
6570 CX12 6858 0.004404
6570 CX12 6133 0.004404
6570 CX12 6741 0.004404
6570 CX12 6172 0.004404
6570 CX12 6780 0.004404
6570 X0 6566 0.996087
6570 X0 6570 0.001304
6570 X0 6567 0.001304
6570 X0 6563 0.001304
6741 CX02 6564 0.951427
6741 CX02 6563 0.006939
6741 CX02 6566 0.006939
6741 CX02 6565 0.006939
6741 CX02 6568 0.006939
6741 CX02 6567 0.006939
6741 CX02 6570 0.006939
6741 CX02 6569 0.006939
6741 CX12 6564 0.969169
6741 CX12 6563 0.004404
6741 CX12 6566 0.004404
6741 CX12 6565 0.004404
6741 CX12 6567 0.004404
6741 CX12 6568 0.004404
6741 CX12 6569 0.004404
6741 CX12 6570 0.004404
6741 P2 6741 0.974800
6741 P2 6271 0.009800
6741 X0 6780 0.996087
6741 X0 6741 0.001304
6741 X0 6858 0.001304
6741 X0 6819 0.001304
6780 CX02 6567 0.951427
6780 CX02 6568 0.006939
6780 CX02 6569 0.006939
6780 CX02 6570 0.006939
6780 CX02 6563 0.006939
6780 CX02 6564 0.006939
6780 CX02 6565 0.006939
6780 CX02 6566 0.006939
6780 CX12 6568 0.969169
6780 CX12 6567 0.004404
6780 CX12 6570 0.004404
6780 CX12 6569 0.004404
6780 CX12 6563 0.004404
6780 CX12 6564 0.004404
6780 CX12 6565 0.004404
6780 CX12 6566 0.004404
6780 P2 6780 0.974800
6780 P2 6272 0.009800
6780 X0 6741 0.996087
6780 X0 6780 0.001304
6780 X0 6819 0.001304
6780 X0 6858 0.001304
6819 CX02 6570 0.951427
6819 CX02 6569 0.006939
6819 CX02 6568 0.006939
6819 CX02 6567 0.006939
6819 CX02 6566 0.006939
6819 CX02 6565 0.006939
6819 CX02 6564 0.006939
6819 CX02 6563 0.006939
6819 CX12 6569 0.969169
6819 CX12 6570 0.004404
6819 CX12 6567 0.004404
6819 CX12 6568 0.004404
6819 CX12 6566 0.004404
6819 CX12 6565 0.004404
6819 CX12 6564 0.004404
6819 CX12 6563 0.004404
6819 P2 6819 0.974800
6819 P2 6273 0.009800
6819 X0 6858 0.996087
6819 X0 6819 0.001304
6819 X0 6780 0.001304
6819 X0 6741 0.001304
6858 CX02 6565 0.951427
6858 CX02 6566 0.006939
6858 CX02 6563 0.006939
6858 CX02 6564 0.006939
6858 CX02 6569 0.006939
6858 CX02 6570 0.006939
6858 CX02 6567 0.006939
6858 CX02 6568 0.006939
6858 CX12 6565 0.969169
6858 CX12 6566 0.004404
6858 CX12 6563 0.004404
6858 CX12 6564 0.004404
6858 CX12 6570 0.004404
6858 CX12 6569 0.004404
6858 CX12 6568 0.004404
6858 CX12 6567 0.004404
6858 P2 6858 0.974800
6858 P2 6274 0.009800
6858 X0 6819 0.996087
6858 X0 6858 0.001304
6858 X0 6741 0.001304
6858 X0 6780 0.001304
ENDPOMDP
