BEGINPOMDP
INITIALSTATE: 18256
STATES: 18256,18257,18258,18259,18260,18277,18278,18279,18280,18281,18282,18283,18284,18303,18342,18381,18420,18441,18442,18443,18444,18733,18734,18735,18736,18737,18738,18739,18740,18911,18950,18989,19028
TARGETV: 18257,18259,18303,18381,18441,18444,18911,19028
GAMMA: 18256:0,18257:0,18258:0,18259:0,18260:0,18277:0,18278:0,18279:0,18280:0,18281:0,18282:0,18283:0,18284:0,18303:1,18342:1,18381:1,18420:1,18441:0,18442:0,18443:0,18444:0,18733:1,18734:1,18735:1,18736:1,18737:1,18738:1,18739:1,18740:1,18911:1,18950:1,18989:1,19028:1
BEGINACTIONS
CX02 Instruction.CNOT 0 2 -
CX12 Instruction.CNOT 1 2 -
P2 Instruction.MEAS - 2 -
X0 Instruction.X - 0 -
ENDACTIONS
18256 INIT_ 18257 0.250000
18256 INIT_ 18258 0.250000
18256 INIT_ 18259 0.250000
18256 INIT_ 18260 0.250000
18257 CX02 18277 0.983339
18257 CX02 18278 0.002380
18257 CX02 18279 0.002380
18257 CX02 18280 0.002380
18257 CX02 18281 0.002380
18257 CX02 18282 0.002380
18257 CX02 18283 0.002380
18257 CX02 18284 0.002380
18257 CX12 18277 0.991323
18257 CX12 18278 0.001240
18257 CX12 18279 0.001240
18257 CX12 18280 0.001240
18257 CX12 18282 0.001240
18257 CX12 18281 0.001240
18257 CX12 18284 0.001240
18257 CX12 18283 0.001240
18257 P2 18257 0.993600
18257 P2 18303 0.013600
18257 X0 18258 0.999712
18257 X0 18257 0.000096
18257 X0 18259 0.000096
18257 X0 18260 0.000096
18258 CX02 18282 0.983339
18258 CX02 18281 0.002380
18258 CX02 18284 0.002380
18258 CX02 18283 0.002380
18258 CX02 18278 0.002380
18258 CX02 18277 0.002380
18258 CX02 18280 0.002380
18258 CX02 18279 0.002380
18258 CX12 18281 0.991323
18258 CX12 18282 0.001240
18258 CX12 18283 0.001240
18258 CX12 18284 0.001240
18258 CX12 18278 0.001240
18258 CX12 18277 0.001240
18258 CX12 18280 0.001240
18258 CX12 18279 0.001240
18258 P2 18258 0.993600
18258 P2 18342 0.013600
18258 X0 18257 0.999712
18258 X0 18258 0.000096
18258 X0 18260 0.000096
18258 X0 18259 0.000096
18259 CX02 18280 0.983339
18259 CX02 18279 0.002380
18259 CX02 18278 0.002380
18259 CX02 18277 0.002380
18259 CX02 18284 0.002380
18259 CX02 18283 0.002380
18259 CX02 18282 0.002380
18259 CX02 18281 0.002380
18259 CX12 18280 0.991323
18259 CX12 18279 0.001240
18259 CX12 18278 0.001240
18259 CX12 18277 0.001240
18259 CX12 18283 0.001240
18259 CX12 18284 0.001240
18259 CX12 18281 0.001240
18259 CX12 18282 0.001240
18259 P2 18259 0.993600
18259 P2 18381 0.013600
18259 X0 18260 0.999712
18259 X0 18259 0.000096
18259 X0 18257 0.000096
18259 X0 18258 0.000096
18260 CX02 18283 0.983339
18260 CX02 18284 0.002380
18260 CX02 18281 0.002380
18260 CX02 18282 0.002380
18260 CX02 18279 0.002380
18260 CX02 18280 0.002380
18260 CX02 18277 0.002380
18260 CX02 18278 0.002380
18260 CX12 18284 0.991323
18260 CX12 18283 0.001240
18260 CX12 18282 0.001240
18260 CX12 18281 0.001240
18260 CX12 18279 0.001240
18260 CX12 18280 0.001240
18260 CX12 18277 0.001240
18260 CX12 18278 0.001240
18260 P2 18260 0.993600
18260 P2 18420 0.013600
18260 X0 18259 0.999712
18260 X0 18260 0.000096
18260 X0 18258 0.000096
18260 X0 18257 0.000096
18277 CX02 18257 0.983339
18277 CX02 18441 0.002380
18277 CX02 18258 0.002380
18277 CX02 18442 0.002380
18277 CX02 18260 0.002380
18277 CX02 18443 0.002380
18277 CX02 18259 0.002380
18277 CX02 18444 0.002380
18277 CX12 18257 0.991323
18277 CX12 18441 0.001240
18277 CX12 18258 0.001240
18277 CX12 18442 0.001240
18277 CX12 18260 0.001240
18277 CX12 18443 0.001240
18277 CX12 18259 0.001240
18277 CX12 18444 0.001240
18277 X0 18281 0.999712
18277 X0 18277 0.000096
18277 X0 18280 0.000096
18277 X0 18284 0.000096
18278 CX02 18441 0.983339
18278 CX02 18257 0.002380
18278 CX02 18442 0.002380
18278 CX02 18258 0.002380
18278 CX02 18443 0.002380
18278 CX02 18260 0.002380
18278 CX02 18444 0.002380
18278 CX02 18259 0.002380
18278 CX12 18441 0.991323
18278 CX12 18257 0.001240
18278 CX12 18442 0.001240
18278 CX12 18258 0.001240
18278 CX12 18443 0.001240
18278 CX12 18260 0.001240
18278 CX12 18444 0.001240
18278 CX12 18259 0.001240
18278 X0 18282 0.999712
18278 X0 18278 0.000096
18278 X0 18279 0.000096
18278 X0 18283 0.000096
18279 CX02 18444 0.983339
18279 CX02 18259 0.002380
18279 CX02 18443 0.002380
18279 CX02 18260 0.002380
18279 CX02 18442 0.002380
18279 CX02 18258 0.002380
18279 CX02 18441 0.002380
18279 CX02 18257 0.002380
18279 CX12 18444 0.991323
18279 CX12 18259 0.001240
18279 CX12 18443 0.001240
18279 CX12 18260 0.001240
18279 CX12 18442 0.001240
18279 CX12 18258 0.001240
18279 CX12 18441 0.001240
18279 CX12 18257 0.001240
18279 X0 18283 0.999712
18279 X0 18279 0.000096
18279 X0 18278 0.000096
18279 X0 18282 0.000096
18280 CX02 18259 0.983339
18280 CX02 18444 0.002380
18280 CX02 18260 0.002380
18280 CX02 18443 0.002380
18280 CX02 18258 0.002380
18280 CX02 18442 0.002380
18280 CX02 18257 0.002380
18280 CX02 18441 0.002380
18280 CX12 18259 0.991323
18280 CX12 18444 0.001240
18280 CX12 18260 0.001240
18280 CX12 18443 0.001240
18280 CX12 18258 0.001240
18280 CX12 18442 0.001240
18280 CX12 18257 0.001240
18280 CX12 18441 0.001240
18280 X0 18284 0.999712
18280 X0 18280 0.000096
18280 X0 18277 0.000096
18280 X0 18281 0.000096
18281 CX02 18442 0.983339
18281 CX02 18258 0.002380
18281 CX02 18441 0.002380
18281 CX02 18257 0.002380
18281 CX02 18444 0.002380
18281 CX02 18259 0.002380
18281 CX02 18443 0.002380
18281 CX02 18260 0.002380
18281 CX12 18258 0.991323
18281 CX12 18442 0.001240
18281 CX12 18257 0.001240
18281 CX12 18441 0.001240
18281 CX12 18259 0.001240
18281 CX12 18444 0.001240
18281 CX12 18260 0.001240
18281 CX12 18443 0.001240
18281 X0 18277 0.999712
18281 X0 18281 0.000096
18281 X0 18284 0.000096
18281 X0 18280 0.000096
18282 CX02 18258 0.983339
18282 CX02 18442 0.002380
18282 CX02 18257 0.002380
18282 CX02 18441 0.002380
18282 CX02 18259 0.002380
18282 CX02 18444 0.002380
18282 CX02 18260 0.002380
18282 CX02 18443 0.002380
18282 CX12 18442 0.991323
18282 CX12 18258 0.001240
18282 CX12 18441 0.001240
18282 CX12 18257 0.001240
18282 CX12 18444 0.001240
18282 CX12 18259 0.001240
18282 CX12 18443 0.001240
18282 CX12 18260 0.001240
18282 X0 18278 0.999712
18282 X0 18282 0.000096
18282 X0 18283 0.000096
18282 X0 18279 0.000096
18283 CX02 18260 0.983339
18283 CX02 18443 0.002380
18283 CX02 18259 0.002380
18283 CX02 18444 0.002380
18283 CX02 18257 0.002380
18283 CX02 18441 0.002380
18283 CX02 18258 0.002380
18283 CX02 18442 0.002380
18283 CX12 18443 0.991323
18283 CX12 18260 0.001240
18283 CX12 18444 0.001240
18283 CX12 18259 0.001240
18283 CX12 18441 0.001240
18283 CX12 18257 0.001240
18283 CX12 18442 0.001240
18283 CX12 18258 0.001240
18283 X0 18279 0.999712
18283 X0 18283 0.000096
18283 X0 18282 0.000096
18283 X0 18278 0.000096
18284 CX02 18443 0.983339
18284 CX02 18260 0.002380
18284 CX02 18444 0.002380
18284 CX02 18259 0.002380
18284 CX02 18441 0.002380
18284 CX02 18257 0.002380
18284 CX02 18442 0.002380
18284 CX02 18258 0.002380
18284 CX12 18260 0.991323
18284 CX12 18443 0.001240
18284 CX12 18259 0.001240
18284 CX12 18444 0.001240
18284 CX12 18257 0.001240
18284 CX12 18441 0.001240
18284 CX12 18258 0.001240
18284 CX12 18442 0.001240
18284 X0 18280 0.999712
18284 X0 18284 0.000096
18284 X0 18281 0.000096
18284 X0 18277 0.000096
18303 CX02 18733 0.983339
18303 CX02 18734 0.002380
18303 CX02 18735 0.002380
18303 CX02 18736 0.002380
18303 CX02 18737 0.002380
18303 CX02 18738 0.002380
18303 CX02 18739 0.002380
18303 CX02 18740 0.002380
18303 CX12 18733 0.991323
18303 CX12 18734 0.001240
18303 CX12 18735 0.001240
18303 CX12 18736 0.001240
18303 CX12 18738 0.001240
18303 CX12 18737 0.001240
18303 CX12 18740 0.001240
18303 CX12 18739 0.001240
18303 P2 18257 0.993600
18303 P2 18303 0.013600
18303 X0 18342 0.999712
18303 X0 18303 0.000096
18303 X0 18381 0.000096
18303 X0 18420 0.000096
18342 CX02 18738 0.983339
18342 CX02 18737 0.002380
18342 CX02 18740 0.002380
18342 CX02 18739 0.002380
18342 CX02 18734 0.002380
18342 CX02 18733 0.002380
18342 CX02 18736 0.002380
18342 CX02 18735 0.002380
18342 CX12 18737 0.991323
18342 CX12 18738 0.001240
18342 CX12 18739 0.001240
18342 CX12 18740 0.001240
18342 CX12 18734 0.001240
18342 CX12 18733 0.001240
18342 CX12 18736 0.001240
18342 CX12 18735 0.001240
18342 P2 18258 0.993600
18342 P2 18342 0.013600
18342 X0 18303 0.999712
18342 X0 18342 0.000096
18342 X0 18420 0.000096
18342 X0 18381 0.000096
18381 CX02 18736 0.983339
18381 CX02 18735 0.002380
18381 CX02 18734 0.002380
18381 CX02 18733 0.002380
18381 CX02 18740 0.002380
18381 CX02 18739 0.002380
18381 CX02 18738 0.002380
18381 CX02 18737 0.002380
18381 CX12 18736 0.991323
18381 CX12 18735 0.001240
18381 CX12 18734 0.001240
18381 CX12 18733 0.001240
18381 CX12 18739 0.001240
18381 CX12 18740 0.001240
18381 CX12 18737 0.001240
18381 CX12 18738 0.001240
18381 P2 18259 0.993600
18381 P2 18381 0.013600
18381 X0 18420 0.999712
18381 X0 18381 0.000096
18381 X0 18303 0.000096
18381 X0 18342 0.000096
18420 CX02 18739 0.983339
18420 CX02 18740 0.002380
18420 CX02 18737 0.002380
18420 CX02 18738 0.002380
18420 CX02 18735 0.002380
18420 CX02 18736 0.002380
18420 CX02 18733 0.002380
18420 CX02 18734 0.002380
18420 CX12 18740 0.991323
18420 CX12 18739 0.001240
18420 CX12 18738 0.001240
18420 CX12 18737 0.001240
18420 CX12 18735 0.001240
18420 CX12 18736 0.001240
18420 CX12 18733 0.001240
18420 CX12 18734 0.001240
18420 P2 18260 0.993600
18420 P2 18420 0.013600
18420 X0 18381 0.999712
18420 X0 18420 0.000096
18420 X0 18342 0.000096
18420 X0 18303 0.000096
18441 CX02 18278 0.983339
18441 CX02 18277 0.002380
18441 CX02 18280 0.002380
18441 CX02 18279 0.002380
18441 CX02 18282 0.002380
18441 CX02 18281 0.002380
18441 CX02 18284 0.002380
18441 CX02 18283 0.002380
18441 CX12 18278 0.991323
18441 CX12 18277 0.001240
18441 CX12 18280 0.001240
18441 CX12 18279 0.001240
18441 CX12 18281 0.001240
18441 CX12 18282 0.001240
18441 CX12 18283 0.001240
18441 CX12 18284 0.001240
18441 P2 18911 0.986400
18441 P2 18441 0.006400
18441 X0 18442 0.999712
18441 X0 18441 0.000096
18441 X0 18444 0.000096
18441 X0 18443 0.000096
18442 CX02 18281 0.983339
18442 CX02 18282 0.002380
18442 CX02 18283 0.002380
18442 CX02 18284 0.002380
18442 CX02 18277 0.002380
18442 CX02 18278 0.002380
18442 CX02 18279 0.002380
18442 CX02 18280 0.002380
18442 CX12 18282 0.991323
18442 CX12 18281 0.001240
18442 CX12 18284 0.001240
18442 CX12 18283 0.001240
18442 CX12 18277 0.001240
18442 CX12 18278 0.001240
18442 CX12 18279 0.001240
18442 CX12 18280 0.001240
18442 P2 18950 0.986400
18442 P2 18442 0.006400
18442 X0 18441 0.999712
18442 X0 18442 0.000096
18442 X0 18443 0.000096
18442 X0 18444 0.000096
18443 CX02 18284 0.983339
18443 CX02 18283 0.002380
18443 CX02 18282 0.002380
18443 CX02 18281 0.002380
18443 CX02 18280 0.002380
18443 CX02 18279 0.002380
18443 CX02 18278 0.002380
18443 CX02 18277 0.002380
18443 CX12 18283 0.991323
18443 CX12 18284 0.001240
18443 CX12 18281 0.001240
18443 CX12 18282 0.001240
18443 CX12 18280 0.001240
18443 CX12 18279 0.001240
18443 CX12 18278 0.001240
18443 CX12 18277 0.001240
18443 P2 18989 0.986400
18443 P2 18443 0.006400
18443 X0 18444 0.999712
18443 X0 18443 0.000096
18443 X0 18442 0.000096
18443 X0 18441 0.000096
18444 CX02 18279 0.983339
18444 CX02 18280 0.002380
18444 CX02 18277 0.002380
18444 CX02 18278 0.002380
18444 CX02 18283 0.002380
18444 CX02 18284 0.002380
18444 CX02 18281 0.002380
18444 CX02 18282 0.002380
18444 CX12 18279 0.991323
18444 CX12 18280 0.001240
18444 CX12 18277 0.001240
18444 CX12 18278 0.001240
18444 CX12 18284 0.001240
18444 CX12 18283 0.001240
18444 CX12 18282 0.001240
18444 CX12 18281 0.001240
18444 P2 19028 0.986400
18444 P2 18444 0.006400
18444 X0 18443 0.999712
18444 X0 18444 0.000096
18444 X0 18441 0.000096
18444 X0 18442 0.000096
18733 CX02 18303 0.983339
18733 CX02 18911 0.002380
18733 CX02 18342 0.002380
18733 CX02 18950 0.002380
18733 CX02 18420 0.002380
18733 CX02 18989 0.002380
18733 CX02 18381 0.002380
18733 CX02 19028 0.002380
18733 CX12 18303 0.991323
18733 CX12 18911 0.001240
18733 CX12 18342 0.001240
18733 CX12 18950 0.001240
18733 CX12 18420 0.001240
18733 CX12 18989 0.001240
18733 CX12 18381 0.001240
18733 CX12 19028 0.001240
18733 X0 18737 0.999712
18733 X0 18733 0.000096
18733 X0 18736 0.000096
18733 X0 18740 0.000096
18734 CX02 18911 0.983339
18734 CX02 18303 0.002380
18734 CX02 18950 0.002380
18734 CX02 18342 0.002380
18734 CX02 18989 0.002380
18734 CX02 18420 0.002380
18734 CX02 19028 0.002380
18734 CX02 18381 0.002380
18734 CX12 18911 0.991323
18734 CX12 18303 0.001240
18734 CX12 18950 0.001240
18734 CX12 18342 0.001240
18734 CX12 18989 0.001240
18734 CX12 18420 0.001240
18734 CX12 19028 0.001240
18734 CX12 18381 0.001240
18734 X0 18738 0.999712
18734 X0 18734 0.000096
18734 X0 18735 0.000096
18734 X0 18739 0.000096
18735 CX02 19028 0.983339
18735 CX02 18381 0.002380
18735 CX02 18989 0.002380
18735 CX02 18420 0.002380
18735 CX02 18950 0.002380
18735 CX02 18342 0.002380
18735 CX02 18911 0.002380
18735 CX02 18303 0.002380
18735 CX12 19028 0.991323
18735 CX12 18381 0.001240
18735 CX12 18989 0.001240
18735 CX12 18420 0.001240
18735 CX12 18950 0.001240
18735 CX12 18342 0.001240
18735 CX12 18911 0.001240
18735 CX12 18303 0.001240
18735 X0 18739 0.999712
18735 X0 18735 0.000096
18735 X0 18734 0.000096
18735 X0 18738 0.000096
18736 CX02 18381 0.983339
18736 CX02 19028 0.002380
18736 CX02 18420 0.002380
18736 CX02 18989 0.002380
18736 CX02 18342 0.002380
18736 CX02 18950 0.002380
18736 CX02 18303 0.002380
18736 CX02 18911 0.002380
18736 CX12 18381 0.991323
18736 CX12 19028 0.001240
18736 CX12 18420 0.001240
18736 CX12 18989 0.001240
18736 CX12 18342 0.001240
18736 CX12 18950 0.001240
18736 CX12 18303 0.001240
18736 CX12 18911 0.001240
18736 X0 18740 0.999712
18736 X0 18736 0.000096
18736 X0 18733 0.000096
18736 X0 18737 0.000096
18737 CX02 18950 0.983339
18737 CX02 18342 0.002380
18737 CX02 18911 0.002380
18737 CX02 18303 0.002380
18737 CX02 19028 0.002380
18737 CX02 18381 0.002380
18737 CX02 18989 0.002380
18737 CX02 18420 0.002380
18737 CX12 18342 0.991323
18737 CX12 18950 0.001240
18737 CX12 18303 0.001240
18737 CX12 18911 0.001240
18737 CX12 18381 0.001240
18737 CX12 19028 0.001240
18737 CX12 18420 0.001240
18737 CX12 18989 0.001240
18737 X0 18733 0.999712
18737 X0 18737 0.000096
18737 X0 18740 0.000096
18737 X0 18736 0.000096
18738 CX02 18342 0.983339
18738 CX02 18950 0.002380
18738 CX02 18303 0.002380
18738 CX02 18911 0.002380
18738 CX02 18381 0.002380
18738 CX02 19028 0.002380
18738 CX02 18420 0.002380
18738 CX02 18989 0.002380
18738 CX12 18950 0.991323
18738 CX12 18342 0.001240
18738 CX12 18911 0.001240
18738 CX12 18303 0.001240
18738 CX12 19028 0.001240
18738 CX12 18381 0.001240
18738 CX12 18989 0.001240
18738 CX12 18420 0.001240
18738 X0 18734 0.999712
18738 X0 18738 0.000096
18738 X0 18739 0.000096
18738 X0 18735 0.000096
18739 CX02 18420 0.983339
18739 CX02 18989 0.002380
18739 CX02 18381 0.002380
18739 CX02 19028 0.002380
18739 CX02 18303 0.002380
18739 CX02 18911 0.002380
18739 CX02 18342 0.002380
18739 CX02 18950 0.002380
18739 CX12 18989 0.991323
18739 CX12 18420 0.001240
18739 CX12 19028 0.001240
18739 CX12 18381 0.001240
18739 CX12 18911 0.001240
18739 CX12 18303 0.001240
18739 CX12 18950 0.001240
18739 CX12 18342 0.001240
18739 X0 18735 0.999712
18739 X0 18739 0.000096
18739 X0 18738 0.000096
18739 X0 18734 0.000096
18740 CX02 18989 0.983339
18740 CX02 18420 0.002380
18740 CX02 19028 0.002380
18740 CX02 18381 0.002380
18740 CX02 18911 0.002380
18740 CX02 18303 0.002380
18740 CX02 18950 0.002380
18740 CX02 18342 0.002380
18740 CX12 18420 0.991323
18740 CX12 18989 0.001240
18740 CX12 18381 0.001240
18740 CX12 19028 0.001240
18740 CX12 18303 0.001240
18740 CX12 18911 0.001240
18740 CX12 18342 0.001240
18740 CX12 18950 0.001240
18740 X0 18736 0.999712
18740 X0 18740 0.000096
18740 X0 18737 0.000096
18740 X0 18733 0.000096
18911 CX02 18734 0.983339
18911 CX02 18733 0.002380
18911 CX02 18736 0.002380
18911 CX02 18735 0.002380
18911 CX02 18738 0.002380
18911 CX02 18737 0.002380
18911 CX02 18740 0.002380
18911 CX02 18739 0.002380
18911 CX12 18734 0.991323
18911 CX12 18733 0.001240
18911 CX12 18736 0.001240
18911 CX12 18735 0.001240
18911 CX12 18737 0.001240
18911 CX12 18738 0.001240
18911 CX12 18739 0.001240
18911 CX12 18740 0.001240
18911 P2 18911 0.986400
18911 P2 18441 0.006400
18911 X0 18950 0.999712
18911 X0 18911 0.000096
18911 X0 19028 0.000096
18911 X0 18989 0.000096
18950 CX02 18737 0.983339
18950 CX02 18738 0.002380
18950 CX02 18739 0.002380
18950 CX02 18740 0.002380
18950 CX02 18733 0.002380
18950 CX02 18734 0.002380
18950 CX02 18735 0.002380
18950 CX02 18736 0.002380
18950 CX12 18738 0.991323
18950 CX12 18737 0.001240
18950 CX12 18740 0.001240
18950 CX12 18739 0.001240
18950 CX12 18733 0.001240
18950 CX12 18734 0.001240
18950 CX12 18735 0.001240
18950 CX12 18736 0.001240
18950 P2 18950 0.986400
18950 P2 18442 0.006400
18950 X0 18911 0.999712
18950 X0 18950 0.000096
18950 X0 18989 0.000096
18950 X0 19028 0.000096
18989 CX02 18740 0.983339
18989 CX02 18739 0.002380
18989 CX02 18738 0.002380
18989 CX02 18737 0.002380
18989 CX02 18736 0.002380
18989 CX02 18735 0.002380
18989 CX02 18734 0.002380
18989 CX02 18733 0.002380
18989 CX12 18739 0.991323
18989 CX12 18740 0.001240
18989 CX12 18737 0.001240
18989 CX12 18738 0.001240
18989 CX12 18736 0.001240
18989 CX12 18735 0.001240
18989 CX12 18734 0.001240
18989 CX12 18733 0.001240
18989 P2 18989 0.986400
18989 P2 18443 0.006400
18989 X0 19028 0.999712
18989 X0 18989 0.000096
18989 X0 18950 0.000096
18989 X0 18911 0.000096
19028 CX02 18735 0.983339
19028 CX02 18736 0.002380
19028 CX02 18733 0.002380
19028 CX02 18734 0.002380
19028 CX02 18739 0.002380
19028 CX02 18740 0.002380
19028 CX02 18737 0.002380
19028 CX02 18738 0.002380
19028 CX12 18735 0.991323
19028 CX12 18736 0.001240
19028 CX12 18733 0.001240
19028 CX12 18734 0.001240
19028 CX12 18740 0.001240
19028 CX12 18739 0.001240
19028 CX12 18738 0.001240
19028 CX12 18737 0.001240
19028 P2 19028 0.986400
19028 P2 18444 0.006400
19028 X0 18989 0.999712
19028 X0 19028 0.000096
19028 X0 18911 0.000096
19028 X0 18950 0.000096
ENDPOMDP
