BEGINPOMDP
INITIALSTATE: 227356
STATES: 227356,227357,227358,227359,227360,227377,227378,227379,227380,227381,227382,227383,227384,227403,227442,227481,227520,227541,227542,227543,227544,227833,227834,227835,227836,227837,227838,227839,227840,228011,228050,228089,228128
TARGETV: 227357,227359,227403,227481,227541,227544,228011,228128
GAMMA: 227356:0,227357:0,227358:0,227359:0,227360:0,227377:0,227378:0,227379:0,227380:0,227381:0,227382:0,227383:0,227384:0,227403:1,227442:1,227481:1,227520:1,227541:0,227542:0,227543:0,227544:0,227833:1,227834:1,227835:1,227836:1,227837:1,227838:1,227839:1,227840:1,228011:1,228050:1,228089:1,228128:1
BEGINACTIONS
CX02 Instruction.CNOT 0 2 -
CX12 Instruction.CNOT 1 2 -
P2 Instruction.MEAS - 2 -
X0 Instruction.U3 - 0 3.141592653589793,6.283185307179586,3.141592653589793
ENDACTIONS
227356 INIT_ 227357 0.250000
227356 INIT_ 227358 0.250000
227356 INIT_ 227359 0.250000
227356 INIT_ 227360 0.250000
227357 CX02 227377 0.919842
227357 CX02 227378 0.011451
227357 CX02 227379 0.011451
227357 CX02 227380 0.011451
227357 CX02 227381 0.011451
227357 CX02 227382 0.011451
227357 CX02 227383 0.011451
227357 CX02 227384 0.011451
227357 CX12 227377 0.956202
227357 CX12 227378 0.006257
227357 CX12 227379 0.006257
227357 CX12 227380 0.006257
227357 CX12 227382 0.006257
227357 CX12 227381 0.006257
227357 CX12 227384 0.006257
227357 CX12 227383 0.006257
227357 P2 227357 0.916000
227357 P2 227403 0.294000
227357 X0 227358 0.987470
227357 X0 227357 0.004177
227357 X0 227359 0.004177
227357 X0 227360 0.004177
227358 CX02 227382 0.919842
227358 CX02 227381 0.011451
227358 CX02 227384 0.011451
227358 CX02 227383 0.011451
227358 CX02 227378 0.011451
227358 CX02 227377 0.011451
227358 CX02 227380 0.011451
227358 CX02 227379 0.011451
227358 CX12 227381 0.956202
227358 CX12 227382 0.006257
227358 CX12 227383 0.006257
227358 CX12 227384 0.006257
227358 CX12 227378 0.006257
227358 CX12 227377 0.006257
227358 CX12 227380 0.006257
227358 CX12 227379 0.006257
227358 P2 227358 0.916000
227358 P2 227442 0.294000
227358 X0 227357 0.987470
227358 X0 227358 0.004177
227358 X0 227360 0.004177
227358 X0 227359 0.004177
227359 CX02 227380 0.919842
227359 CX02 227379 0.011451
227359 CX02 227378 0.011451
227359 CX02 227377 0.011451
227359 CX02 227384 0.011451
227359 CX02 227383 0.011451
227359 CX02 227382 0.011451
227359 CX02 227381 0.011451
227359 CX12 227380 0.956202
227359 CX12 227379 0.006257
227359 CX12 227378 0.006257
227359 CX12 227377 0.006257
227359 CX12 227383 0.006257
227359 CX12 227384 0.006257
227359 CX12 227381 0.006257
227359 CX12 227382 0.006257
227359 P2 227359 0.916000
227359 P2 227481 0.294000
227359 X0 227360 0.987470
227359 X0 227359 0.004177
227359 X0 227357 0.004177
227359 X0 227358 0.004177
227360 CX02 227383 0.919842
227360 CX02 227384 0.011451
227360 CX02 227381 0.011451
227360 CX02 227382 0.011451
227360 CX02 227379 0.011451
227360 CX02 227380 0.011451
227360 CX02 227377 0.011451
227360 CX02 227378 0.011451
227360 CX12 227384 0.956202
227360 CX12 227383 0.006257
227360 CX12 227382 0.006257
227360 CX12 227381 0.006257
227360 CX12 227379 0.006257
227360 CX12 227380 0.006257
227360 CX12 227377 0.006257
227360 CX12 227378 0.006257
227360 P2 227360 0.916000
227360 P2 227520 0.294000
227360 X0 227359 0.987470
227360 X0 227360 0.004177
227360 X0 227358 0.004177
227360 X0 227357 0.004177
227377 CX02 227357 0.919842
227377 CX02 227541 0.011451
227377 CX02 227358 0.011451
227377 CX02 227542 0.011451
227377 CX02 227360 0.011451
227377 CX02 227543 0.011451
227377 CX02 227359 0.011451
227377 CX02 227544 0.011451
227377 CX12 227357 0.956202
227377 CX12 227541 0.006257
227377 CX12 227358 0.006257
227377 CX12 227542 0.006257
227377 CX12 227360 0.006257
227377 CX12 227543 0.006257
227377 CX12 227359 0.006257
227377 CX12 227544 0.006257
227377 X0 227381 0.987470
227377 X0 227377 0.004177
227377 X0 227380 0.004177
227377 X0 227384 0.004177
227378 CX02 227541 0.919842
227378 CX02 227357 0.011451
227378 CX02 227542 0.011451
227378 CX02 227358 0.011451
227378 CX02 227543 0.011451
227378 CX02 227360 0.011451
227378 CX02 227544 0.011451
227378 CX02 227359 0.011451
227378 CX12 227541 0.956202
227378 CX12 227357 0.006257
227378 CX12 227542 0.006257
227378 CX12 227358 0.006257
227378 CX12 227543 0.006257
227378 CX12 227360 0.006257
227378 CX12 227544 0.006257
227378 CX12 227359 0.006257
227378 X0 227382 0.987470
227378 X0 227378 0.004177
227378 X0 227379 0.004177
227378 X0 227383 0.004177
227379 CX02 227544 0.919842
227379 CX02 227359 0.011451
227379 CX02 227543 0.011451
227379 CX02 227360 0.011451
227379 CX02 227542 0.011451
227379 CX02 227358 0.011451
227379 CX02 227541 0.011451
227379 CX02 227357 0.011451
227379 CX12 227544 0.956202
227379 CX12 227359 0.006257
227379 CX12 227543 0.006257
227379 CX12 227360 0.006257
227379 CX12 227542 0.006257
227379 CX12 227358 0.006257
227379 CX12 227541 0.006257
227379 CX12 227357 0.006257
227379 X0 227383 0.987470
227379 X0 227379 0.004177
227379 X0 227378 0.004177
227379 X0 227382 0.004177
227380 CX02 227359 0.919842
227380 CX02 227544 0.011451
227380 CX02 227360 0.011451
227380 CX02 227543 0.011451
227380 CX02 227358 0.011451
227380 CX02 227542 0.011451
227380 CX02 227357 0.011451
227380 CX02 227541 0.011451
227380 CX12 227359 0.956202
227380 CX12 227544 0.006257
227380 CX12 227360 0.006257
227380 CX12 227543 0.006257
227380 CX12 227358 0.006257
227380 CX12 227542 0.006257
227380 CX12 227357 0.006257
227380 CX12 227541 0.006257
227380 X0 227384 0.987470
227380 X0 227380 0.004177
227380 X0 227377 0.004177
227380 X0 227381 0.004177
227381 CX02 227542 0.919842
227381 CX02 227358 0.011451
227381 CX02 227541 0.011451
227381 CX02 227357 0.011451
227381 CX02 227544 0.011451
227381 CX02 227359 0.011451
227381 CX02 227543 0.011451
227381 CX02 227360 0.011451
227381 CX12 227358 0.956202
227381 CX12 227542 0.006257
227381 CX12 227357 0.006257
227381 CX12 227541 0.006257
227381 CX12 227359 0.006257
227381 CX12 227544 0.006257
227381 CX12 227360 0.006257
227381 CX12 227543 0.006257
227381 X0 227377 0.987470
227381 X0 227381 0.004177
227381 X0 227384 0.004177
227381 X0 227380 0.004177
227382 CX02 227358 0.919842
227382 CX02 227542 0.011451
227382 CX02 227357 0.011451
227382 CX02 227541 0.011451
227382 CX02 227359 0.011451
227382 CX02 227544 0.011451
227382 CX02 227360 0.011451
227382 CX02 227543 0.011451
227382 CX12 227542 0.956202
227382 CX12 227358 0.006257
227382 CX12 227541 0.006257
227382 CX12 227357 0.006257
227382 CX12 227544 0.006257
227382 CX12 227359 0.006257
227382 CX12 227543 0.006257
227382 CX12 227360 0.006257
227382 X0 227378 0.987470
227382 X0 227382 0.004177
227382 X0 227383 0.004177
227382 X0 227379 0.004177
227383 CX02 227360 0.919842
227383 CX02 227543 0.011451
227383 CX02 227359 0.011451
227383 CX02 227544 0.011451
227383 CX02 227357 0.011451
227383 CX02 227541 0.011451
227383 CX02 227358 0.011451
227383 CX02 227542 0.011451
227383 CX12 227543 0.956202
227383 CX12 227360 0.006257
227383 CX12 227544 0.006257
227383 CX12 227359 0.006257
227383 CX12 227541 0.006257
227383 CX12 227357 0.006257
227383 CX12 227542 0.006257
227383 CX12 227358 0.006257
227383 X0 227379 0.987470
227383 X0 227383 0.004177
227383 X0 227382 0.004177
227383 X0 227378 0.004177
227384 CX02 227543 0.919842
227384 CX02 227360 0.011451
227384 CX02 227544 0.011451
227384 CX02 227359 0.011451
227384 CX02 227541 0.011451
227384 CX02 227357 0.011451
227384 CX02 227542 0.011451
227384 CX02 227358 0.011451
227384 CX12 227360 0.956202
227384 CX12 227543 0.006257
227384 CX12 227359 0.006257
227384 CX12 227544 0.006257
227384 CX12 227357 0.006257
227384 CX12 227541 0.006257
227384 CX12 227358 0.006257
227384 CX12 227542 0.006257
227384 X0 227380 0.987470
227384 X0 227384 0.004177
227384 X0 227381 0.004177
227384 X0 227377 0.004177
227403 CX02 227833 0.919842
227403 CX02 227834 0.011451
227403 CX02 227835 0.011451
227403 CX02 227836 0.011451
227403 CX02 227837 0.011451
227403 CX02 227838 0.011451
227403 CX02 227839 0.011451
227403 CX02 227840 0.011451
227403 CX12 227833 0.956202
227403 CX12 227834 0.006257
227403 CX12 227835 0.006257
227403 CX12 227836 0.006257
227403 CX12 227838 0.006257
227403 CX12 227837 0.006257
227403 CX12 227840 0.006257
227403 CX12 227839 0.006257
227403 P2 227357 0.916000
227403 P2 227403 0.294000
227403 X0 227442 0.987470
227403 X0 227403 0.004177
227403 X0 227481 0.004177
227403 X0 227520 0.004177
227442 CX02 227838 0.919842
227442 CX02 227837 0.011451
227442 CX02 227840 0.011451
227442 CX02 227839 0.011451
227442 CX02 227834 0.011451
227442 CX02 227833 0.011451
227442 CX02 227836 0.011451
227442 CX02 227835 0.011451
227442 CX12 227837 0.956202
227442 CX12 227838 0.006257
227442 CX12 227839 0.006257
227442 CX12 227840 0.006257
227442 CX12 227834 0.006257
227442 CX12 227833 0.006257
227442 CX12 227836 0.006257
227442 CX12 227835 0.006257
227442 P2 227358 0.916000
227442 P2 227442 0.294000
227442 X0 227403 0.987470
227442 X0 227442 0.004177
227442 X0 227520 0.004177
227442 X0 227481 0.004177
227481 CX02 227836 0.919842
227481 CX02 227835 0.011451
227481 CX02 227834 0.011451
227481 CX02 227833 0.011451
227481 CX02 227840 0.011451
227481 CX02 227839 0.011451
227481 CX02 227838 0.011451
227481 CX02 227837 0.011451
227481 CX12 227836 0.956202
227481 CX12 227835 0.006257
227481 CX12 227834 0.006257
227481 CX12 227833 0.006257
227481 CX12 227839 0.006257
227481 CX12 227840 0.006257
227481 CX12 227837 0.006257
227481 CX12 227838 0.006257
227481 P2 227359 0.916000
227481 P2 227481 0.294000
227481 X0 227520 0.987470
227481 X0 227481 0.004177
227481 X0 227403 0.004177
227481 X0 227442 0.004177
227520 CX02 227839 0.919842
227520 CX02 227840 0.011451
227520 CX02 227837 0.011451
227520 CX02 227838 0.011451
227520 CX02 227835 0.011451
227520 CX02 227836 0.011451
227520 CX02 227833 0.011451
227520 CX02 227834 0.011451
227520 CX12 227840 0.956202
227520 CX12 227839 0.006257
227520 CX12 227838 0.006257
227520 CX12 227837 0.006257
227520 CX12 227835 0.006257
227520 CX12 227836 0.006257
227520 CX12 227833 0.006257
227520 CX12 227834 0.006257
227520 P2 227360 0.916000
227520 P2 227520 0.294000
227520 X0 227481 0.987470
227520 X0 227520 0.004177
227520 X0 227442 0.004177
227520 X0 227403 0.004177
227541 CX02 227378 0.919842
227541 CX02 227377 0.011451
227541 CX02 227380 0.011451
227541 CX02 227379 0.011451
227541 CX02 227382 0.011451
227541 CX02 227381 0.011451
227541 CX02 227384 0.011451
227541 CX02 227383 0.011451
227541 CX12 227378 0.956202
227541 CX12 227377 0.006257
227541 CX12 227380 0.006257
227541 CX12 227379 0.006257
227541 CX12 227381 0.006257
227541 CX12 227382 0.006257
227541 CX12 227383 0.006257
227541 CX12 227384 0.006257
227541 P2 228011 0.706000
227541 P2 227541 0.084000
227541 X0 227542 0.987470
227541 X0 227541 0.004177
227541 X0 227544 0.004177
227541 X0 227543 0.004177
227542 CX02 227381 0.919842
227542 CX02 227382 0.011451
227542 CX02 227383 0.011451
227542 CX02 227384 0.011451
227542 CX02 227377 0.011451
227542 CX02 227378 0.011451
227542 CX02 227379 0.011451
227542 CX02 227380 0.011451
227542 CX12 227382 0.956202
227542 CX12 227381 0.006257
227542 CX12 227384 0.006257
227542 CX12 227383 0.006257
227542 CX12 227377 0.006257
227542 CX12 227378 0.006257
227542 CX12 227379 0.006257
227542 CX12 227380 0.006257
227542 P2 228050 0.706000
227542 P2 227542 0.084000
227542 X0 227541 0.987470
227542 X0 227542 0.004177
227542 X0 227543 0.004177
227542 X0 227544 0.004177
227543 CX02 227384 0.919842
227543 CX02 227383 0.011451
227543 CX02 227382 0.011451
227543 CX02 227381 0.011451
227543 CX02 227380 0.011451
227543 CX02 227379 0.011451
227543 CX02 227378 0.011451
227543 CX02 227377 0.011451
227543 CX12 227383 0.956202
227543 CX12 227384 0.006257
227543 CX12 227381 0.006257
227543 CX12 227382 0.006257
227543 CX12 227380 0.006257
227543 CX12 227379 0.006257
227543 CX12 227378 0.006257
227543 CX12 227377 0.006257
227543 P2 228089 0.706000
227543 P2 227543 0.084000
227543 X0 227544 0.987470
227543 X0 227543 0.004177
227543 X0 227542 0.004177
227543 X0 227541 0.004177
227544 CX02 227379 0.919842
227544 CX02 227380 0.011451
227544 CX02 227377 0.011451
227544 CX02 227378 0.011451
227544 CX02 227383 0.011451
227544 CX02 227384 0.011451
227544 CX02 227381 0.011451
227544 CX02 227382 0.011451
227544 CX12 227379 0.956202
227544 CX12 227380 0.006257
227544 CX12 227377 0.006257
227544 CX12 227378 0.006257
227544 CX12 227384 0.006257
227544 CX12 227383 0.006257
227544 CX12 227382 0.006257
227544 CX12 227381 0.006257
227544 P2 228128 0.706000
227544 P2 227544 0.084000
227544 X0 227543 0.987470
227544 X0 227544 0.004177
227544 X0 227541 0.004177
227544 X0 227542 0.004177
227833 CX02 227403 0.919842
227833 CX02 228011 0.011451
227833 CX02 227442 0.011451
227833 CX02 228050 0.011451
227833 CX02 227520 0.011451
227833 CX02 228089 0.011451
227833 CX02 227481 0.011451
227833 CX02 228128 0.011451
227833 CX12 227403 0.956202
227833 CX12 228011 0.006257
227833 CX12 227442 0.006257
227833 CX12 228050 0.006257
227833 CX12 227520 0.006257
227833 CX12 228089 0.006257
227833 CX12 227481 0.006257
227833 CX12 228128 0.006257
227833 X0 227837 0.987470
227833 X0 227833 0.004177
227833 X0 227836 0.004177
227833 X0 227840 0.004177
227834 CX02 228011 0.919842
227834 CX02 227403 0.011451
227834 CX02 228050 0.011451
227834 CX02 227442 0.011451
227834 CX02 228089 0.011451
227834 CX02 227520 0.011451
227834 CX02 228128 0.011451
227834 CX02 227481 0.011451
227834 CX12 228011 0.956202
227834 CX12 227403 0.006257
227834 CX12 228050 0.006257
227834 CX12 227442 0.006257
227834 CX12 228089 0.006257
227834 CX12 227520 0.006257
227834 CX12 228128 0.006257
227834 CX12 227481 0.006257
227834 X0 227838 0.987470
227834 X0 227834 0.004177
227834 X0 227835 0.004177
227834 X0 227839 0.004177
227835 CX02 228128 0.919842
227835 CX02 227481 0.011451
227835 CX02 228089 0.011451
227835 CX02 227520 0.011451
227835 CX02 228050 0.011451
227835 CX02 227442 0.011451
227835 CX02 228011 0.011451
227835 CX02 227403 0.011451
227835 CX12 228128 0.956202
227835 CX12 227481 0.006257
227835 CX12 228089 0.006257
227835 CX12 227520 0.006257
227835 CX12 228050 0.006257
227835 CX12 227442 0.006257
227835 CX12 228011 0.006257
227835 CX12 227403 0.006257
227835 X0 227839 0.987470
227835 X0 227835 0.004177
227835 X0 227834 0.004177
227835 X0 227838 0.004177
227836 CX02 227481 0.919842
227836 CX02 228128 0.011451
227836 CX02 227520 0.011451
227836 CX02 228089 0.011451
227836 CX02 227442 0.011451
227836 CX02 228050 0.011451
227836 CX02 227403 0.011451
227836 CX02 228011 0.011451
227836 CX12 227481 0.956202
227836 CX12 228128 0.006257
227836 CX12 227520 0.006257
227836 CX12 228089 0.006257
227836 CX12 227442 0.006257
227836 CX12 228050 0.006257
227836 CX12 227403 0.006257
227836 CX12 228011 0.006257
227836 X0 227840 0.987470
227836 X0 227836 0.004177
227836 X0 227833 0.004177
227836 X0 227837 0.004177
227837 CX02 228050 0.919842
227837 CX02 227442 0.011451
227837 CX02 228011 0.011451
227837 CX02 227403 0.011451
227837 CX02 228128 0.011451
227837 CX02 227481 0.011451
227837 CX02 228089 0.011451
227837 CX02 227520 0.011451
227837 CX12 227442 0.956202
227837 CX12 228050 0.006257
227837 CX12 227403 0.006257
227837 CX12 228011 0.006257
227837 CX12 227481 0.006257
227837 CX12 228128 0.006257
227837 CX12 227520 0.006257
227837 CX12 228089 0.006257
227837 X0 227833 0.987470
227837 X0 227837 0.004177
227837 X0 227840 0.004177
227837 X0 227836 0.004177
227838 CX02 227442 0.919842
227838 CX02 228050 0.011451
227838 CX02 227403 0.011451
227838 CX02 228011 0.011451
227838 CX02 227481 0.011451
227838 CX02 228128 0.011451
227838 CX02 227520 0.011451
227838 CX02 228089 0.011451
227838 CX12 228050 0.956202
227838 CX12 227442 0.006257
227838 CX12 228011 0.006257
227838 CX12 227403 0.006257
227838 CX12 228128 0.006257
227838 CX12 227481 0.006257
227838 CX12 228089 0.006257
227838 CX12 227520 0.006257
227838 X0 227834 0.987470
227838 X0 227838 0.004177
227838 X0 227839 0.004177
227838 X0 227835 0.004177
227839 CX02 227520 0.919842
227839 CX02 228089 0.011451
227839 CX02 227481 0.011451
227839 CX02 228128 0.011451
227839 CX02 227403 0.011451
227839 CX02 228011 0.011451
227839 CX02 227442 0.011451
227839 CX02 228050 0.011451
227839 CX12 228089 0.956202
227839 CX12 227520 0.006257
227839 CX12 228128 0.006257
227839 CX12 227481 0.006257
227839 CX12 228011 0.006257
227839 CX12 227403 0.006257
227839 CX12 228050 0.006257
227839 CX12 227442 0.006257
227839 X0 227835 0.987470
227839 X0 227839 0.004177
227839 X0 227838 0.004177
227839 X0 227834 0.004177
227840 CX02 228089 0.919842
227840 CX02 227520 0.011451
227840 CX02 228128 0.011451
227840 CX02 227481 0.011451
227840 CX02 228011 0.011451
227840 CX02 227403 0.011451
227840 CX02 228050 0.011451
227840 CX02 227442 0.011451
227840 CX12 227520 0.956202
227840 CX12 228089 0.006257
227840 CX12 227481 0.006257
227840 CX12 228128 0.006257
227840 CX12 227403 0.006257
227840 CX12 228011 0.006257
227840 CX12 227442 0.006257
227840 CX12 228050 0.006257
227840 X0 227836 0.987470
227840 X0 227840 0.004177
227840 X0 227837 0.004177
227840 X0 227833 0.004177
228011 CX02 227834 0.919842
228011 CX02 227833 0.011451
228011 CX02 227836 0.011451
228011 CX02 227835 0.011451
228011 CX02 227838 0.011451
228011 CX02 227837 0.011451
228011 CX02 227840 0.011451
228011 CX02 227839 0.011451
228011 CX12 227834 0.956202
228011 CX12 227833 0.006257
228011 CX12 227836 0.006257
228011 CX12 227835 0.006257
228011 CX12 227837 0.006257
228011 CX12 227838 0.006257
228011 CX12 227839 0.006257
228011 CX12 227840 0.006257
228011 P2 228011 0.706000
228011 P2 227541 0.084000
228011 X0 228050 0.987470
228011 X0 228011 0.004177
228011 X0 228128 0.004177
228011 X0 228089 0.004177
228050 CX02 227837 0.919842
228050 CX02 227838 0.011451
228050 CX02 227839 0.011451
228050 CX02 227840 0.011451
228050 CX02 227833 0.011451
228050 CX02 227834 0.011451
228050 CX02 227835 0.011451
228050 CX02 227836 0.011451
228050 CX12 227838 0.956202
228050 CX12 227837 0.006257
228050 CX12 227840 0.006257
228050 CX12 227839 0.006257
228050 CX12 227833 0.006257
228050 CX12 227834 0.006257
228050 CX12 227835 0.006257
228050 CX12 227836 0.006257
228050 P2 228050 0.706000
228050 P2 227542 0.084000
228050 X0 228011 0.987470
228050 X0 228050 0.004177
228050 X0 228089 0.004177
228050 X0 228128 0.004177
228089 CX02 227840 0.919842
228089 CX02 227839 0.011451
228089 CX02 227838 0.011451
228089 CX02 227837 0.011451
228089 CX02 227836 0.011451
228089 CX02 227835 0.011451
228089 CX02 227834 0.011451
228089 CX02 227833 0.011451
228089 CX12 227839 0.956202
228089 CX12 227840 0.006257
228089 CX12 227837 0.006257
228089 CX12 227838 0.006257
228089 CX12 227836 0.006257
228089 CX12 227835 0.006257
228089 CX12 227834 0.006257
228089 CX12 227833 0.006257
228089 P2 228089 0.706000
228089 P2 227543 0.084000
228089 X0 228128 0.987470
228089 X0 228089 0.004177
228089 X0 228050 0.004177
228089 X0 228011 0.004177
228128 CX02 227835 0.919842
228128 CX02 227836 0.011451
228128 CX02 227833 0.011451
228128 CX02 227834 0.011451
228128 CX02 227839 0.011451
228128 CX02 227840 0.011451
228128 CX02 227837 0.011451
228128 CX02 227838 0.011451
228128 CX12 227835 0.956202
228128 CX12 227836 0.006257
228128 CX12 227833 0.006257
228128 CX12 227834 0.006257
228128 CX12 227840 0.006257
228128 CX12 227839 0.006257
228128 CX12 227838 0.006257
228128 CX12 227837 0.006257
228128 P2 228128 0.706000
228128 P2 227544 0.084000
228128 X0 228089 0.987470
228128 X0 228128 0.004177
228128 X0 228011 0.004177
228128 X0 228050 0.004177
ENDPOMDP
