BEGINPOMDP
INITIALSTATE: 185978
STATES: 185978,185979,185980,185981,185982,185999,186000,186001,186002,186003,186004,186005,186006,186025,186064,186103,186142,186163,186164,186165,186166,186455,186456,186457,186458,186459,186460,186461,186462,186633,186672,186711,186750
TARGETV: 185979,185981,186025,186103,186163,186166,186633,186750
GAMMA: 185978:0,185979:0,185980:0,185981:0,185982:0,185999:0,186000:0,186001:0,186002:0,186003:0,186004:0,186005:0,186006:0,186025:1,186064:1,186103:1,186142:1,186163:0,186164:0,186165:0,186166:0,186455:1,186456:1,186457:1,186458:1,186459:1,186460:1,186461:1,186462:1,186633:1,186672:1,186711:1,186750:1
BEGINACTIONS
CX02 Instruction.CNOT 0 2 -
CX12 Instruction.CNOT 1 2 -
P2 Instruction.MEAS - 2 -
X0 Instruction.X - 0 -
ENDACTIONS
185978 INIT_ 185979 0.250000
185978 INIT_ 185980 0.250000
185978 INIT_ 185981 0.250000
185978 INIT_ 185982 0.250000
185979 CX02 185999 0.934140
185979 CX02 186000 0.009409
185979 CX02 186001 0.009409
185979 CX02 186002 0.009409
185979 CX02 186003 0.009409
185979 CX02 186004 0.009409
185979 CX02 186005 0.009409
185979 CX02 186006 0.009409
185979 CX12 185999 0.951041
185979 CX12 186000 0.006994
185979 CX12 186001 0.006994
185979 CX12 186002 0.006994
185979 CX12 186004 0.006994
185979 CX12 186003 0.006994
185979 CX12 186006 0.006994
185979 CX12 186005 0.006994
185979 P2 185979 0.995600
185979 P2 186025 0.039600
185979 X0 185980 0.996003
185979 X0 185979 0.001332
185979 X0 185981 0.001332
185979 X0 185982 0.001332
185980 CX02 186004 0.934140
185980 CX02 186003 0.009409
185980 CX02 186006 0.009409
185980 CX02 186005 0.009409
185980 CX02 186000 0.009409
185980 CX02 185999 0.009409
185980 CX02 186002 0.009409
185980 CX02 186001 0.009409
185980 CX12 186003 0.951041
185980 CX12 186004 0.006994
185980 CX12 186005 0.006994
185980 CX12 186006 0.006994
185980 CX12 186000 0.006994
185980 CX12 185999 0.006994
185980 CX12 186002 0.006994
185980 CX12 186001 0.006994
185980 P2 185980 0.995600
185980 P2 186064 0.039600
185980 X0 185979 0.996003
185980 X0 185980 0.001332
185980 X0 185982 0.001332
185980 X0 185981 0.001332
185981 CX02 186002 0.934140
185981 CX02 186001 0.009409
185981 CX02 186000 0.009409
185981 CX02 185999 0.009409
185981 CX02 186006 0.009409
185981 CX02 186005 0.009409
185981 CX02 186004 0.009409
185981 CX02 186003 0.009409
185981 CX12 186002 0.951041
185981 CX12 186001 0.006994
185981 CX12 186000 0.006994
185981 CX12 185999 0.006994
185981 CX12 186005 0.006994
185981 CX12 186006 0.006994
185981 CX12 186003 0.006994
185981 CX12 186004 0.006994
185981 P2 185981 0.995600
185981 P2 186103 0.039600
185981 X0 185982 0.996003
185981 X0 185981 0.001332
185981 X0 185979 0.001332
185981 X0 185980 0.001332
185982 CX02 186005 0.934140
185982 CX02 186006 0.009409
185982 CX02 186003 0.009409
185982 CX02 186004 0.009409
185982 CX02 186001 0.009409
185982 CX02 186002 0.009409
185982 CX02 185999 0.009409
185982 CX02 186000 0.009409
185982 CX12 186006 0.951041
185982 CX12 186005 0.006994
185982 CX12 186004 0.006994
185982 CX12 186003 0.006994
185982 CX12 186001 0.006994
185982 CX12 186002 0.006994
185982 CX12 185999 0.006994
185982 CX12 186000 0.006994
185982 P2 185982 0.995600
185982 P2 186142 0.039600
185982 X0 185981 0.996003
185982 X0 185982 0.001332
185982 X0 185980 0.001332
185982 X0 185979 0.001332
185999 CX02 185979 0.934140
185999 CX02 186163 0.009409
185999 CX02 185980 0.009409
185999 CX02 186164 0.009409
185999 CX02 185982 0.009409
185999 CX02 186165 0.009409
185999 CX02 185981 0.009409
185999 CX02 186166 0.009409
185999 CX12 185979 0.951041
185999 CX12 186163 0.006994
185999 CX12 185980 0.006994
185999 CX12 186164 0.006994
185999 CX12 185982 0.006994
185999 CX12 186165 0.006994
185999 CX12 185981 0.006994
185999 CX12 186166 0.006994
185999 X0 186003 0.996003
185999 X0 185999 0.001332
185999 X0 186002 0.001332
185999 X0 186006 0.001332
186000 CX02 186163 0.934140
186000 CX02 185979 0.009409
186000 CX02 186164 0.009409
186000 CX02 185980 0.009409
186000 CX02 186165 0.009409
186000 CX02 185982 0.009409
186000 CX02 186166 0.009409
186000 CX02 185981 0.009409
186000 CX12 186163 0.951041
186000 CX12 185979 0.006994
186000 CX12 186164 0.006994
186000 CX12 185980 0.006994
186000 CX12 186165 0.006994
186000 CX12 185982 0.006994
186000 CX12 186166 0.006994
186000 CX12 185981 0.006994
186000 X0 186004 0.996003
186000 X0 186000 0.001332
186000 X0 186001 0.001332
186000 X0 186005 0.001332
186001 CX02 186166 0.934140
186001 CX02 185981 0.009409
186001 CX02 186165 0.009409
186001 CX02 185982 0.009409
186001 CX02 186164 0.009409
186001 CX02 185980 0.009409
186001 CX02 186163 0.009409
186001 CX02 185979 0.009409
186001 CX12 186166 0.951041
186001 CX12 185981 0.006994
186001 CX12 186165 0.006994
186001 CX12 185982 0.006994
186001 CX12 186164 0.006994
186001 CX12 185980 0.006994
186001 CX12 186163 0.006994
186001 CX12 185979 0.006994
186001 X0 186005 0.996003
186001 X0 186001 0.001332
186001 X0 186000 0.001332
186001 X0 186004 0.001332
186002 CX02 185981 0.934140
186002 CX02 186166 0.009409
186002 CX02 185982 0.009409
186002 CX02 186165 0.009409
186002 CX02 185980 0.009409
186002 CX02 186164 0.009409
186002 CX02 185979 0.009409
186002 CX02 186163 0.009409
186002 CX12 185981 0.951041
186002 CX12 186166 0.006994
186002 CX12 185982 0.006994
186002 CX12 186165 0.006994
186002 CX12 185980 0.006994
186002 CX12 186164 0.006994
186002 CX12 185979 0.006994
186002 CX12 186163 0.006994
186002 X0 186006 0.996003
186002 X0 186002 0.001332
186002 X0 185999 0.001332
186002 X0 186003 0.001332
186003 CX02 186164 0.934140
186003 CX02 185980 0.009409
186003 CX02 186163 0.009409
186003 CX02 185979 0.009409
186003 CX02 186166 0.009409
186003 CX02 185981 0.009409
186003 CX02 186165 0.009409
186003 CX02 185982 0.009409
186003 CX12 185980 0.951041
186003 CX12 186164 0.006994
186003 CX12 185979 0.006994
186003 CX12 186163 0.006994
186003 CX12 185981 0.006994
186003 CX12 186166 0.006994
186003 CX12 185982 0.006994
186003 CX12 186165 0.006994
186003 X0 185999 0.996003
186003 X0 186003 0.001332
186003 X0 186006 0.001332
186003 X0 186002 0.001332
186004 CX02 185980 0.934140
186004 CX02 186164 0.009409
186004 CX02 185979 0.009409
186004 CX02 186163 0.009409
186004 CX02 185981 0.009409
186004 CX02 186166 0.009409
186004 CX02 185982 0.009409
186004 CX02 186165 0.009409
186004 CX12 186164 0.951041
186004 CX12 185980 0.006994
186004 CX12 186163 0.006994
186004 CX12 185979 0.006994
186004 CX12 186166 0.006994
186004 CX12 185981 0.006994
186004 CX12 186165 0.006994
186004 CX12 185982 0.006994
186004 X0 186000 0.996003
186004 X0 186004 0.001332
186004 X0 186005 0.001332
186004 X0 186001 0.001332
186005 CX02 185982 0.934140
186005 CX02 186165 0.009409
186005 CX02 185981 0.009409
186005 CX02 186166 0.009409
186005 CX02 185979 0.009409
186005 CX02 186163 0.009409
186005 CX02 185980 0.009409
186005 CX02 186164 0.009409
186005 CX12 186165 0.951041
186005 CX12 185982 0.006994
186005 CX12 186166 0.006994
186005 CX12 185981 0.006994
186005 CX12 186163 0.006994
186005 CX12 185979 0.006994
186005 CX12 186164 0.006994
186005 CX12 185980 0.006994
186005 X0 186001 0.996003
186005 X0 186005 0.001332
186005 X0 186004 0.001332
186005 X0 186000 0.001332
186006 CX02 186165 0.934140
186006 CX02 185982 0.009409
186006 CX02 186166 0.009409
186006 CX02 185981 0.009409
186006 CX02 186163 0.009409
186006 CX02 185979 0.009409
186006 CX02 186164 0.009409
186006 CX02 185980 0.009409
186006 CX12 185982 0.951041
186006 CX12 186165 0.006994
186006 CX12 185981 0.006994
186006 CX12 186166 0.006994
186006 CX12 185979 0.006994
186006 CX12 186163 0.006994
186006 CX12 185980 0.006994
186006 CX12 186164 0.006994
186006 X0 186002 0.996003
186006 X0 186006 0.001332
186006 X0 186003 0.001332
186006 X0 185999 0.001332
186025 CX02 186455 0.934140
186025 CX02 186456 0.009409
186025 CX02 186457 0.009409
186025 CX02 186458 0.009409
186025 CX02 186459 0.009409
186025 CX02 186460 0.009409
186025 CX02 186461 0.009409
186025 CX02 186462 0.009409
186025 CX12 186455 0.951041
186025 CX12 186456 0.006994
186025 CX12 186457 0.006994
186025 CX12 186458 0.006994
186025 CX12 186460 0.006994
186025 CX12 186459 0.006994
186025 CX12 186462 0.006994
186025 CX12 186461 0.006994
186025 P2 185979 0.995600
186025 P2 186025 0.039600
186025 X0 186064 0.996003
186025 X0 186025 0.001332
186025 X0 186103 0.001332
186025 X0 186142 0.001332
186064 CX02 186460 0.934140
186064 CX02 186459 0.009409
186064 CX02 186462 0.009409
186064 CX02 186461 0.009409
186064 CX02 186456 0.009409
186064 CX02 186455 0.009409
186064 CX02 186458 0.009409
186064 CX02 186457 0.009409
186064 CX12 186459 0.951041
186064 CX12 186460 0.006994
186064 CX12 186461 0.006994
186064 CX12 186462 0.006994
186064 CX12 186456 0.006994
186064 CX12 186455 0.006994
186064 CX12 186458 0.006994
186064 CX12 186457 0.006994
186064 P2 185980 0.995600
186064 P2 186064 0.039600
186064 X0 186025 0.996003
186064 X0 186064 0.001332
186064 X0 186142 0.001332
186064 X0 186103 0.001332
186103 CX02 186458 0.934140
186103 CX02 186457 0.009409
186103 CX02 186456 0.009409
186103 CX02 186455 0.009409
186103 CX02 186462 0.009409
186103 CX02 186461 0.009409
186103 CX02 186460 0.009409
186103 CX02 186459 0.009409
186103 CX12 186458 0.951041
186103 CX12 186457 0.006994
186103 CX12 186456 0.006994
186103 CX12 186455 0.006994
186103 CX12 186461 0.006994
186103 CX12 186462 0.006994
186103 CX12 186459 0.006994
186103 CX12 186460 0.006994
186103 P2 185981 0.995600
186103 P2 186103 0.039600
186103 X0 186142 0.996003
186103 X0 186103 0.001332
186103 X0 186025 0.001332
186103 X0 186064 0.001332
186142 CX02 186461 0.934140
186142 CX02 186462 0.009409
186142 CX02 186459 0.009409
186142 CX02 186460 0.009409
186142 CX02 186457 0.009409
186142 CX02 186458 0.009409
186142 CX02 186455 0.009409
186142 CX02 186456 0.009409
186142 CX12 186462 0.951041
186142 CX12 186461 0.006994
186142 CX12 186460 0.006994
186142 CX12 186459 0.006994
186142 CX12 186457 0.006994
186142 CX12 186458 0.006994
186142 CX12 186455 0.006994
186142 CX12 186456 0.006994
186142 P2 185982 0.995600
186142 P2 186142 0.039600
186142 X0 186103 0.996003
186142 X0 186142 0.001332
186142 X0 186064 0.001332
186142 X0 186025 0.001332
186163 CX02 186000 0.934140
186163 CX02 185999 0.009409
186163 CX02 186002 0.009409
186163 CX02 186001 0.009409
186163 CX02 186004 0.009409
186163 CX02 186003 0.009409
186163 CX02 186006 0.009409
186163 CX02 186005 0.009409
186163 CX12 186000 0.951041
186163 CX12 185999 0.006994
186163 CX12 186002 0.006994
186163 CX12 186001 0.006994
186163 CX12 186003 0.006994
186163 CX12 186004 0.006994
186163 CX12 186005 0.006994
186163 CX12 186006 0.006994
186163 P2 186633 0.960400
186163 P2 186163 0.004400
186163 X0 186164 0.996003
186163 X0 186163 0.001332
186163 X0 186166 0.001332
186163 X0 186165 0.001332
186164 CX02 186003 0.934140
186164 CX02 186004 0.009409
186164 CX02 186005 0.009409
186164 CX02 186006 0.009409
186164 CX02 185999 0.009409
186164 CX02 186000 0.009409
186164 CX02 186001 0.009409
186164 CX02 186002 0.009409
186164 CX12 186004 0.951041
186164 CX12 186003 0.006994
186164 CX12 186006 0.006994
186164 CX12 186005 0.006994
186164 CX12 185999 0.006994
186164 CX12 186000 0.006994
186164 CX12 186001 0.006994
186164 CX12 186002 0.006994
186164 P2 186672 0.960400
186164 P2 186164 0.004400
186164 X0 186163 0.996003
186164 X0 186164 0.001332
186164 X0 186165 0.001332
186164 X0 186166 0.001332
186165 CX02 186006 0.934140
186165 CX02 186005 0.009409
186165 CX02 186004 0.009409
186165 CX02 186003 0.009409
186165 CX02 186002 0.009409
186165 CX02 186001 0.009409
186165 CX02 186000 0.009409
186165 CX02 185999 0.009409
186165 CX12 186005 0.951041
186165 CX12 186006 0.006994
186165 CX12 186003 0.006994
186165 CX12 186004 0.006994
186165 CX12 186002 0.006994
186165 CX12 186001 0.006994
186165 CX12 186000 0.006994
186165 CX12 185999 0.006994
186165 P2 186711 0.960400
186165 P2 186165 0.004400
186165 X0 186166 0.996003
186165 X0 186165 0.001332
186165 X0 186164 0.001332
186165 X0 186163 0.001332
186166 CX02 186001 0.934140
186166 CX02 186002 0.009409
186166 CX02 185999 0.009409
186166 CX02 186000 0.009409
186166 CX02 186005 0.009409
186166 CX02 186006 0.009409
186166 CX02 186003 0.009409
186166 CX02 186004 0.009409
186166 CX12 186001 0.951041
186166 CX12 186002 0.006994
186166 CX12 185999 0.006994
186166 CX12 186000 0.006994
186166 CX12 186006 0.006994
186166 CX12 186005 0.006994
186166 CX12 186004 0.006994
186166 CX12 186003 0.006994
186166 P2 186750 0.960400
186166 P2 186166 0.004400
186166 X0 186165 0.996003
186166 X0 186166 0.001332
186166 X0 186163 0.001332
186166 X0 186164 0.001332
186455 CX02 186025 0.934140
186455 CX02 186633 0.009409
186455 CX02 186064 0.009409
186455 CX02 186672 0.009409
186455 CX02 186142 0.009409
186455 CX02 186711 0.009409
186455 CX02 186103 0.009409
186455 CX02 186750 0.009409
186455 CX12 186025 0.951041
186455 CX12 186633 0.006994
186455 CX12 186064 0.006994
186455 CX12 186672 0.006994
186455 CX12 186142 0.006994
186455 CX12 186711 0.006994
186455 CX12 186103 0.006994
186455 CX12 186750 0.006994
186455 X0 186459 0.996003
186455 X0 186455 0.001332
186455 X0 186458 0.001332
186455 X0 186462 0.001332
186456 CX02 186633 0.934140
186456 CX02 186025 0.009409
186456 CX02 186672 0.009409
186456 CX02 186064 0.009409
186456 CX02 186711 0.009409
186456 CX02 186142 0.009409
186456 CX02 186750 0.009409
186456 CX02 186103 0.009409
186456 CX12 186633 0.951041
186456 CX12 186025 0.006994
186456 CX12 186672 0.006994
186456 CX12 186064 0.006994
186456 CX12 186711 0.006994
186456 CX12 186142 0.006994
186456 CX12 186750 0.006994
186456 CX12 186103 0.006994
186456 X0 186460 0.996003
186456 X0 186456 0.001332
186456 X0 186457 0.001332
186456 X0 186461 0.001332
186457 CX02 186750 0.934140
186457 CX02 186103 0.009409
186457 CX02 186711 0.009409
186457 CX02 186142 0.009409
186457 CX02 186672 0.009409
186457 CX02 186064 0.009409
186457 CX02 186633 0.009409
186457 CX02 186025 0.009409
186457 CX12 186750 0.951041
186457 CX12 186103 0.006994
186457 CX12 186711 0.006994
186457 CX12 186142 0.006994
186457 CX12 186672 0.006994
186457 CX12 186064 0.006994
186457 CX12 186633 0.006994
186457 CX12 186025 0.006994
186457 X0 186461 0.996003
186457 X0 186457 0.001332
186457 X0 186456 0.001332
186457 X0 186460 0.001332
186458 CX02 186103 0.934140
186458 CX02 186750 0.009409
186458 CX02 186142 0.009409
186458 CX02 186711 0.009409
186458 CX02 186064 0.009409
186458 CX02 186672 0.009409
186458 CX02 186025 0.009409
186458 CX02 186633 0.009409
186458 CX12 186103 0.951041
186458 CX12 186750 0.006994
186458 CX12 186142 0.006994
186458 CX12 186711 0.006994
186458 CX12 186064 0.006994
186458 CX12 186672 0.006994
186458 CX12 186025 0.006994
186458 CX12 186633 0.006994
186458 X0 186462 0.996003
186458 X0 186458 0.001332
186458 X0 186455 0.001332
186458 X0 186459 0.001332
186459 CX02 186672 0.934140
186459 CX02 186064 0.009409
186459 CX02 186633 0.009409
186459 CX02 186025 0.009409
186459 CX02 186750 0.009409
186459 CX02 186103 0.009409
186459 CX02 186711 0.009409
186459 CX02 186142 0.009409
186459 CX12 186064 0.951041
186459 CX12 186672 0.006994
186459 CX12 186025 0.006994
186459 CX12 186633 0.006994
186459 CX12 186103 0.006994
186459 CX12 186750 0.006994
186459 CX12 186142 0.006994
186459 CX12 186711 0.006994
186459 X0 186455 0.996003
186459 X0 186459 0.001332
186459 X0 186462 0.001332
186459 X0 186458 0.001332
186460 CX02 186064 0.934140
186460 CX02 186672 0.009409
186460 CX02 186025 0.009409
186460 CX02 186633 0.009409
186460 CX02 186103 0.009409
186460 CX02 186750 0.009409
186460 CX02 186142 0.009409
186460 CX02 186711 0.009409
186460 CX12 186672 0.951041
186460 CX12 186064 0.006994
186460 CX12 186633 0.006994
186460 CX12 186025 0.006994
186460 CX12 186750 0.006994
186460 CX12 186103 0.006994
186460 CX12 186711 0.006994
186460 CX12 186142 0.006994
186460 X0 186456 0.996003
186460 X0 186460 0.001332
186460 X0 186461 0.001332
186460 X0 186457 0.001332
186461 CX02 186142 0.934140
186461 CX02 186711 0.009409
186461 CX02 186103 0.009409
186461 CX02 186750 0.009409
186461 CX02 186025 0.009409
186461 CX02 186633 0.009409
186461 CX02 186064 0.009409
186461 CX02 186672 0.009409
186461 CX12 186711 0.951041
186461 CX12 186142 0.006994
186461 CX12 186750 0.006994
186461 CX12 186103 0.006994
186461 CX12 186633 0.006994
186461 CX12 186025 0.006994
186461 CX12 186672 0.006994
186461 CX12 186064 0.006994
186461 X0 186457 0.996003
186461 X0 186461 0.001332
186461 X0 186460 0.001332
186461 X0 186456 0.001332
186462 CX02 186711 0.934140
186462 CX02 186142 0.009409
186462 CX02 186750 0.009409
186462 CX02 186103 0.009409
186462 CX02 186633 0.009409
186462 CX02 186025 0.009409
186462 CX02 186672 0.009409
186462 CX02 186064 0.009409
186462 CX12 186142 0.951041
186462 CX12 186711 0.006994
186462 CX12 186103 0.006994
186462 CX12 186750 0.006994
186462 CX12 186025 0.006994
186462 CX12 186633 0.006994
186462 CX12 186064 0.006994
186462 CX12 186672 0.006994
186462 X0 186458 0.996003
186462 X0 186462 0.001332
186462 X0 186459 0.001332
186462 X0 186455 0.001332
186633 CX02 186456 0.934140
186633 CX02 186455 0.009409
186633 CX02 186458 0.009409
186633 CX02 186457 0.009409
186633 CX02 186460 0.009409
186633 CX02 186459 0.009409
186633 CX02 186462 0.009409
186633 CX02 186461 0.009409
186633 CX12 186456 0.951041
186633 CX12 186455 0.006994
186633 CX12 186458 0.006994
186633 CX12 186457 0.006994
186633 CX12 186459 0.006994
186633 CX12 186460 0.006994
186633 CX12 186461 0.006994
186633 CX12 186462 0.006994
186633 P2 186633 0.960400
186633 P2 186163 0.004400
186633 X0 186672 0.996003
186633 X0 186633 0.001332
186633 X0 186750 0.001332
186633 X0 186711 0.001332
186672 CX02 186459 0.934140
186672 CX02 186460 0.009409
186672 CX02 186461 0.009409
186672 CX02 186462 0.009409
186672 CX02 186455 0.009409
186672 CX02 186456 0.009409
186672 CX02 186457 0.009409
186672 CX02 186458 0.009409
186672 CX12 186460 0.951041
186672 CX12 186459 0.006994
186672 CX12 186462 0.006994
186672 CX12 186461 0.006994
186672 CX12 186455 0.006994
186672 CX12 186456 0.006994
186672 CX12 186457 0.006994
186672 CX12 186458 0.006994
186672 P2 186672 0.960400
186672 P2 186164 0.004400
186672 X0 186633 0.996003
186672 X0 186672 0.001332
186672 X0 186711 0.001332
186672 X0 186750 0.001332
186711 CX02 186462 0.934140
186711 CX02 186461 0.009409
186711 CX02 186460 0.009409
186711 CX02 186459 0.009409
186711 CX02 186458 0.009409
186711 CX02 186457 0.009409
186711 CX02 186456 0.009409
186711 CX02 186455 0.009409
186711 CX12 186461 0.951041
186711 CX12 186462 0.006994
186711 CX12 186459 0.006994
186711 CX12 186460 0.006994
186711 CX12 186458 0.006994
186711 CX12 186457 0.006994
186711 CX12 186456 0.006994
186711 CX12 186455 0.006994
186711 P2 186711 0.960400
186711 P2 186165 0.004400
186711 X0 186750 0.996003
186711 X0 186711 0.001332
186711 X0 186672 0.001332
186711 X0 186633 0.001332
186750 CX02 186457 0.934140
186750 CX02 186458 0.009409
186750 CX02 186455 0.009409
186750 CX02 186456 0.009409
186750 CX02 186461 0.009409
186750 CX02 186462 0.009409
186750 CX02 186459 0.009409
186750 CX02 186460 0.009409
186750 CX12 186457 0.951041
186750 CX12 186458 0.006994
186750 CX12 186455 0.006994
186750 CX12 186456 0.006994
186750 CX12 186462 0.006994
186750 CX12 186461 0.006994
186750 CX12 186460 0.006994
186750 CX12 186459 0.006994
186750 P2 186750 0.960400
186750 P2 186166 0.004400
186750 X0 186711 0.996003
186750 X0 186750 0.001332
186750 X0 186633 0.001332
186750 X0 186672 0.001332
ENDPOMDP
