BEGINPOMDP
INITIALSTATE: 97361
STATES: 97361,97362,97363,97364,97365,97382,97383,97384,97385,97386,97387,97388,97389,97408,97447,97486,97525,97546,97547,97548,97549,97838,97839,97840,97841,97842,97843,97844,97845,98016,98055,98094,98133
TARGETV: 97362,97364,97408,97486,97546,97549,98016,98133
GAMMA: 97361:0,97362:0,97363:0,97364:0,97365:0,97382:0,97383:0,97384:0,97385:0,97386:0,97387:0,97388:0,97389:0,97408:1,97447:1,97486:1,97525:1,97546:0,97547:0,97548:0,97549:0,97838:1,97839:1,97840:1,97841:1,97842:1,97843:1,97844:1,97845:1,98016:1,98055:1,98094:1,98133:1
BEGINACTIONS
CX02 Instruction.CNOT 0 2 -
CX12 Instruction.CNOT 1 2 -
P2 Instruction.MEAS - 2 -
X0 Instruction.X - 0 -
ENDACTIONS
97361 INIT_ 97362 0.250000
97361 INIT_ 97363 0.250000
97361 INIT_ 97364 0.250000
97361 INIT_ 97365 0.250000
97362 CX02 97382 0.911919
97362 CX02 97383 0.012583
97362 CX02 97384 0.012583
97362 CX02 97385 0.012583
97362 CX02 97386 0.012583
97362 CX02 97387 0.012583
97362 CX02 97388 0.012583
97362 CX02 97389 0.012583
97362 CX12 97382 0.987943
97362 CX12 97383 0.001722
97362 CX12 97384 0.001722
97362 CX12 97385 0.001722
97362 CX12 97387 0.001722
97362 CX12 97386 0.001722
97362 CX12 97389 0.001722
97362 CX12 97388 0.001722
97362 P2 97362 0.947200
97362 P2 97408 0.060400
97362 X0 97363 0.999664
97362 X0 97362 0.000112
97362 X0 97364 0.000112
97362 X0 97365 0.000112
97363 CX02 97387 0.911919
97363 CX02 97386 0.012583
97363 CX02 97389 0.012583
97363 CX02 97388 0.012583
97363 CX02 97383 0.012583
97363 CX02 97382 0.012583
97363 CX02 97385 0.012583
97363 CX02 97384 0.012583
97363 CX12 97386 0.987943
97363 CX12 97387 0.001722
97363 CX12 97388 0.001722
97363 CX12 97389 0.001722
97363 CX12 97383 0.001722
97363 CX12 97382 0.001722
97363 CX12 97385 0.001722
97363 CX12 97384 0.001722
97363 P2 97363 0.947200
97363 P2 97447 0.060400
97363 X0 97362 0.999664
97363 X0 97363 0.000112
97363 X0 97365 0.000112
97363 X0 97364 0.000112
97364 CX02 97385 0.911919
97364 CX02 97384 0.012583
97364 CX02 97383 0.012583
97364 CX02 97382 0.012583
97364 CX02 97389 0.012583
97364 CX02 97388 0.012583
97364 CX02 97387 0.012583
97364 CX02 97386 0.012583
97364 CX12 97385 0.987943
97364 CX12 97384 0.001722
97364 CX12 97383 0.001722
97364 CX12 97382 0.001722
97364 CX12 97388 0.001722
97364 CX12 97389 0.001722
97364 CX12 97386 0.001722
97364 CX12 97387 0.001722
97364 P2 97364 0.947200
97364 P2 97486 0.060400
97364 X0 97365 0.999664
97364 X0 97364 0.000112
97364 X0 97362 0.000112
97364 X0 97363 0.000112
97365 CX02 97388 0.911919
97365 CX02 97389 0.012583
97365 CX02 97386 0.012583
97365 CX02 97387 0.012583
97365 CX02 97384 0.012583
97365 CX02 97385 0.012583
97365 CX02 97382 0.012583
97365 CX02 97383 0.012583
97365 CX12 97389 0.987943
97365 CX12 97388 0.001722
97365 CX12 97387 0.001722
97365 CX12 97386 0.001722
97365 CX12 97384 0.001722
97365 CX12 97385 0.001722
97365 CX12 97382 0.001722
97365 CX12 97383 0.001722
97365 P2 97365 0.947200
97365 P2 97525 0.060400
97365 X0 97364 0.999664
97365 X0 97365 0.000112
97365 X0 97363 0.000112
97365 X0 97362 0.000112
97382 CX02 97362 0.911919
97382 CX02 97546 0.012583
97382 CX02 97363 0.012583
97382 CX02 97547 0.012583
97382 CX02 97365 0.012583
97382 CX02 97548 0.012583
97382 CX02 97364 0.012583
97382 CX02 97549 0.012583
97382 CX12 97362 0.987943
97382 CX12 97546 0.001722
97382 CX12 97363 0.001722
97382 CX12 97547 0.001722
97382 CX12 97365 0.001722
97382 CX12 97548 0.001722
97382 CX12 97364 0.001722
97382 CX12 97549 0.001722
97382 X0 97386 0.999664
97382 X0 97382 0.000112
97382 X0 97385 0.000112
97382 X0 97389 0.000112
97383 CX02 97546 0.911919
97383 CX02 97362 0.012583
97383 CX02 97547 0.012583
97383 CX02 97363 0.012583
97383 CX02 97548 0.012583
97383 CX02 97365 0.012583
97383 CX02 97549 0.012583
97383 CX02 97364 0.012583
97383 CX12 97546 0.987943
97383 CX12 97362 0.001722
97383 CX12 97547 0.001722
97383 CX12 97363 0.001722
97383 CX12 97548 0.001722
97383 CX12 97365 0.001722
97383 CX12 97549 0.001722
97383 CX12 97364 0.001722
97383 X0 97387 0.999664
97383 X0 97383 0.000112
97383 X0 97384 0.000112
97383 X0 97388 0.000112
97384 CX02 97549 0.911919
97384 CX02 97364 0.012583
97384 CX02 97548 0.012583
97384 CX02 97365 0.012583
97384 CX02 97547 0.012583
97384 CX02 97363 0.012583
97384 CX02 97546 0.012583
97384 CX02 97362 0.012583
97384 CX12 97549 0.987943
97384 CX12 97364 0.001722
97384 CX12 97548 0.001722
97384 CX12 97365 0.001722
97384 CX12 97547 0.001722
97384 CX12 97363 0.001722
97384 CX12 97546 0.001722
97384 CX12 97362 0.001722
97384 X0 97388 0.999664
97384 X0 97384 0.000112
97384 X0 97383 0.000112
97384 X0 97387 0.000112
97385 CX02 97364 0.911919
97385 CX02 97549 0.012583
97385 CX02 97365 0.012583
97385 CX02 97548 0.012583
97385 CX02 97363 0.012583
97385 CX02 97547 0.012583
97385 CX02 97362 0.012583
97385 CX02 97546 0.012583
97385 CX12 97364 0.987943
97385 CX12 97549 0.001722
97385 CX12 97365 0.001722
97385 CX12 97548 0.001722
97385 CX12 97363 0.001722
97385 CX12 97547 0.001722
97385 CX12 97362 0.001722
97385 CX12 97546 0.001722
97385 X0 97389 0.999664
97385 X0 97385 0.000112
97385 X0 97382 0.000112
97385 X0 97386 0.000112
97386 CX02 97547 0.911919
97386 CX02 97363 0.012583
97386 CX02 97546 0.012583
97386 CX02 97362 0.012583
97386 CX02 97549 0.012583
97386 CX02 97364 0.012583
97386 CX02 97548 0.012583
97386 CX02 97365 0.012583
97386 CX12 97363 0.987943
97386 CX12 97547 0.001722
97386 CX12 97362 0.001722
97386 CX12 97546 0.001722
97386 CX12 97364 0.001722
97386 CX12 97549 0.001722
97386 CX12 97365 0.001722
97386 CX12 97548 0.001722
97386 X0 97382 0.999664
97386 X0 97386 0.000112
97386 X0 97389 0.000112
97386 X0 97385 0.000112
97387 CX02 97363 0.911919
97387 CX02 97547 0.012583
97387 CX02 97362 0.012583
97387 CX02 97546 0.012583
97387 CX02 97364 0.012583
97387 CX02 97549 0.012583
97387 CX02 97365 0.012583
97387 CX02 97548 0.012583
97387 CX12 97547 0.987943
97387 CX12 97363 0.001722
97387 CX12 97546 0.001722
97387 CX12 97362 0.001722
97387 CX12 97549 0.001722
97387 CX12 97364 0.001722
97387 CX12 97548 0.001722
97387 CX12 97365 0.001722
97387 X0 97383 0.999664
97387 X0 97387 0.000112
97387 X0 97388 0.000112
97387 X0 97384 0.000112
97388 CX02 97365 0.911919
97388 CX02 97548 0.012583
97388 CX02 97364 0.012583
97388 CX02 97549 0.012583
97388 CX02 97362 0.012583
97388 CX02 97546 0.012583
97388 CX02 97363 0.012583
97388 CX02 97547 0.012583
97388 CX12 97548 0.987943
97388 CX12 97365 0.001722
97388 CX12 97549 0.001722
97388 CX12 97364 0.001722
97388 CX12 97546 0.001722
97388 CX12 97362 0.001722
97388 CX12 97547 0.001722
97388 CX12 97363 0.001722
97388 X0 97384 0.999664
97388 X0 97388 0.000112
97388 X0 97387 0.000112
97388 X0 97383 0.000112
97389 CX02 97548 0.911919
97389 CX02 97365 0.012583
97389 CX02 97549 0.012583
97389 CX02 97364 0.012583
97389 CX02 97546 0.012583
97389 CX02 97362 0.012583
97389 CX02 97547 0.012583
97389 CX02 97363 0.012583
97389 CX12 97365 0.987943
97389 CX12 97548 0.001722
97389 CX12 97364 0.001722
97389 CX12 97549 0.001722
97389 CX12 97362 0.001722
97389 CX12 97546 0.001722
97389 CX12 97363 0.001722
97389 CX12 97547 0.001722
97389 X0 97385 0.999664
97389 X0 97389 0.000112
97389 X0 97386 0.000112
97389 X0 97382 0.000112
97408 CX02 97838 0.911919
97408 CX02 97839 0.012583
97408 CX02 97840 0.012583
97408 CX02 97841 0.012583
97408 CX02 97842 0.012583
97408 CX02 97843 0.012583
97408 CX02 97844 0.012583
97408 CX02 97845 0.012583
97408 CX12 97838 0.987943
97408 CX12 97839 0.001722
97408 CX12 97840 0.001722
97408 CX12 97841 0.001722
97408 CX12 97843 0.001722
97408 CX12 97842 0.001722
97408 CX12 97845 0.001722
97408 CX12 97844 0.001722
97408 P2 97362 0.947200
97408 P2 97408 0.060400
97408 X0 97447 0.999664
97408 X0 97408 0.000112
97408 X0 97486 0.000112
97408 X0 97525 0.000112
97447 CX02 97843 0.911919
97447 CX02 97842 0.012583
97447 CX02 97845 0.012583
97447 CX02 97844 0.012583
97447 CX02 97839 0.012583
97447 CX02 97838 0.012583
97447 CX02 97841 0.012583
97447 CX02 97840 0.012583
97447 CX12 97842 0.987943
97447 CX12 97843 0.001722
97447 CX12 97844 0.001722
97447 CX12 97845 0.001722
97447 CX12 97839 0.001722
97447 CX12 97838 0.001722
97447 CX12 97841 0.001722
97447 CX12 97840 0.001722
97447 P2 97363 0.947200
97447 P2 97447 0.060400
97447 X0 97408 0.999664
97447 X0 97447 0.000112
97447 X0 97525 0.000112
97447 X0 97486 0.000112
97486 CX02 97841 0.911919
97486 CX02 97840 0.012583
97486 CX02 97839 0.012583
97486 CX02 97838 0.012583
97486 CX02 97845 0.012583
97486 CX02 97844 0.012583
97486 CX02 97843 0.012583
97486 CX02 97842 0.012583
97486 CX12 97841 0.987943
97486 CX12 97840 0.001722
97486 CX12 97839 0.001722
97486 CX12 97838 0.001722
97486 CX12 97844 0.001722
97486 CX12 97845 0.001722
97486 CX12 97842 0.001722
97486 CX12 97843 0.001722
97486 P2 97364 0.947200
97486 P2 97486 0.060400
97486 X0 97525 0.999664
97486 X0 97486 0.000112
97486 X0 97408 0.000112
97486 X0 97447 0.000112
97525 CX02 97844 0.911919
97525 CX02 97845 0.012583
97525 CX02 97842 0.012583
97525 CX02 97843 0.012583
97525 CX02 97840 0.012583
97525 CX02 97841 0.012583
97525 CX02 97838 0.012583
97525 CX02 97839 0.012583
97525 CX12 97845 0.987943
97525 CX12 97844 0.001722
97525 CX12 97843 0.001722
97525 CX12 97842 0.001722
97525 CX12 97840 0.001722
97525 CX12 97841 0.001722
97525 CX12 97838 0.001722
97525 CX12 97839 0.001722
97525 P2 97365 0.947200
97525 P2 97525 0.060400
97525 X0 97486 0.999664
97525 X0 97525 0.000112
97525 X0 97447 0.000112
97525 X0 97408 0.000112
97546 CX02 97383 0.911919
97546 CX02 97382 0.012583
97546 CX02 97385 0.012583
97546 CX02 97384 0.012583
97546 CX02 97387 0.012583
97546 CX02 97386 0.012583
97546 CX02 97389 0.012583
97546 CX02 97388 0.012583
97546 CX12 97383 0.987943
97546 CX12 97382 0.001722
97546 CX12 97385 0.001722
97546 CX12 97384 0.001722
97546 CX12 97386 0.001722
97546 CX12 97387 0.001722
97546 CX12 97388 0.001722
97546 CX12 97389 0.001722
97546 P2 98016 0.939600
97546 P2 97546 0.052800
97546 X0 97547 0.999664
97546 X0 97546 0.000112
97546 X0 97549 0.000112
97546 X0 97548 0.000112
97547 CX02 97386 0.911919
97547 CX02 97387 0.012583
97547 CX02 97388 0.012583
97547 CX02 97389 0.012583
97547 CX02 97382 0.012583
97547 CX02 97383 0.012583
97547 CX02 97384 0.012583
97547 CX02 97385 0.012583
97547 CX12 97387 0.987943
97547 CX12 97386 0.001722
97547 CX12 97389 0.001722
97547 CX12 97388 0.001722
97547 CX12 97382 0.001722
97547 CX12 97383 0.001722
97547 CX12 97384 0.001722
97547 CX12 97385 0.001722
97547 P2 98055 0.939600
97547 P2 97547 0.052800
97547 X0 97546 0.999664
97547 X0 97547 0.000112
97547 X0 97548 0.000112
97547 X0 97549 0.000112
97548 CX02 97389 0.911919
97548 CX02 97388 0.012583
97548 CX02 97387 0.012583
97548 CX02 97386 0.012583
97548 CX02 97385 0.012583
97548 CX02 97384 0.012583
97548 CX02 97383 0.012583
97548 CX02 97382 0.012583
97548 CX12 97388 0.987943
97548 CX12 97389 0.001722
97548 CX12 97386 0.001722
97548 CX12 97387 0.001722
97548 CX12 97385 0.001722
97548 CX12 97384 0.001722
97548 CX12 97383 0.001722
97548 CX12 97382 0.001722
97548 P2 98094 0.939600
97548 P2 97548 0.052800
97548 X0 97549 0.999664
97548 X0 97548 0.000112
97548 X0 97547 0.000112
97548 X0 97546 0.000112
97549 CX02 97384 0.911919
97549 CX02 97385 0.012583
97549 CX02 97382 0.012583
97549 CX02 97383 0.012583
97549 CX02 97388 0.012583
97549 CX02 97389 0.012583
97549 CX02 97386 0.012583
97549 CX02 97387 0.012583
97549 CX12 97384 0.987943
97549 CX12 97385 0.001722
97549 CX12 97382 0.001722
97549 CX12 97383 0.001722
97549 CX12 97389 0.001722
97549 CX12 97388 0.001722
97549 CX12 97387 0.001722
97549 CX12 97386 0.001722
97549 P2 98133 0.939600
97549 P2 97549 0.052800
97549 X0 97548 0.999664
97549 X0 97549 0.000112
97549 X0 97546 0.000112
97549 X0 97547 0.000112
97838 CX02 97408 0.911919
97838 CX02 98016 0.012583
97838 CX02 97447 0.012583
97838 CX02 98055 0.012583
97838 CX02 97525 0.012583
97838 CX02 98094 0.012583
97838 CX02 97486 0.012583
97838 CX02 98133 0.012583
97838 CX12 97408 0.987943
97838 CX12 98016 0.001722
97838 CX12 97447 0.001722
97838 CX12 98055 0.001722
97838 CX12 97525 0.001722
97838 CX12 98094 0.001722
97838 CX12 97486 0.001722
97838 CX12 98133 0.001722
97838 X0 97842 0.999664
97838 X0 97838 0.000112
97838 X0 97841 0.000112
97838 X0 97845 0.000112
97839 CX02 98016 0.911919
97839 CX02 97408 0.012583
97839 CX02 98055 0.012583
97839 CX02 97447 0.012583
97839 CX02 98094 0.012583
97839 CX02 97525 0.012583
97839 CX02 98133 0.012583
97839 CX02 97486 0.012583
97839 CX12 98016 0.987943
97839 CX12 97408 0.001722
97839 CX12 98055 0.001722
97839 CX12 97447 0.001722
97839 CX12 98094 0.001722
97839 CX12 97525 0.001722
97839 CX12 98133 0.001722
97839 CX12 97486 0.001722
97839 X0 97843 0.999664
97839 X0 97839 0.000112
97839 X0 97840 0.000112
97839 X0 97844 0.000112
97840 CX02 98133 0.911919
97840 CX02 97486 0.012583
97840 CX02 98094 0.012583
97840 CX02 97525 0.012583
97840 CX02 98055 0.012583
97840 CX02 97447 0.012583
97840 CX02 98016 0.012583
97840 CX02 97408 0.012583
97840 CX12 98133 0.987943
97840 CX12 97486 0.001722
97840 CX12 98094 0.001722
97840 CX12 97525 0.001722
97840 CX12 98055 0.001722
97840 CX12 97447 0.001722
97840 CX12 98016 0.001722
97840 CX12 97408 0.001722
97840 X0 97844 0.999664
97840 X0 97840 0.000112
97840 X0 97839 0.000112
97840 X0 97843 0.000112
97841 CX02 97486 0.911919
97841 CX02 98133 0.012583
97841 CX02 97525 0.012583
97841 CX02 98094 0.012583
97841 CX02 97447 0.012583
97841 CX02 98055 0.012583
97841 CX02 97408 0.012583
97841 CX02 98016 0.012583
97841 CX12 97486 0.987943
97841 CX12 98133 0.001722
97841 CX12 97525 0.001722
97841 CX12 98094 0.001722
97841 CX12 97447 0.001722
97841 CX12 98055 0.001722
97841 CX12 97408 0.001722
97841 CX12 98016 0.001722
97841 X0 97845 0.999664
97841 X0 97841 0.000112
97841 X0 97838 0.000112
97841 X0 97842 0.000112
97842 CX02 98055 0.911919
97842 CX02 97447 0.012583
97842 CX02 98016 0.012583
97842 CX02 97408 0.012583
97842 CX02 98133 0.012583
97842 CX02 97486 0.012583
97842 CX02 98094 0.012583
97842 CX02 97525 0.012583
97842 CX12 97447 0.987943
97842 CX12 98055 0.001722
97842 CX12 97408 0.001722
97842 CX12 98016 0.001722
97842 CX12 97486 0.001722
97842 CX12 98133 0.001722
97842 CX12 97525 0.001722
97842 CX12 98094 0.001722
97842 X0 97838 0.999664
97842 X0 97842 0.000112
97842 X0 97845 0.000112
97842 X0 97841 0.000112
97843 CX02 97447 0.911919
97843 CX02 98055 0.012583
97843 CX02 97408 0.012583
97843 CX02 98016 0.012583
97843 CX02 97486 0.012583
97843 CX02 98133 0.012583
97843 CX02 97525 0.012583
97843 CX02 98094 0.012583
97843 CX12 98055 0.987943
97843 CX12 97447 0.001722
97843 CX12 98016 0.001722
97843 CX12 97408 0.001722
97843 CX12 98133 0.001722
97843 CX12 97486 0.001722
97843 CX12 98094 0.001722
97843 CX12 97525 0.001722
97843 X0 97839 0.999664
97843 X0 97843 0.000112
97843 X0 97844 0.000112
97843 X0 97840 0.000112
97844 CX02 97525 0.911919
97844 CX02 98094 0.012583
97844 CX02 97486 0.012583
97844 CX02 98133 0.012583
97844 CX02 97408 0.012583
97844 CX02 98016 0.012583
97844 CX02 97447 0.012583
97844 CX02 98055 0.012583
97844 CX12 98094 0.987943
97844 CX12 97525 0.001722
97844 CX12 98133 0.001722
97844 CX12 97486 0.001722
97844 CX12 98016 0.001722
97844 CX12 97408 0.001722
97844 CX12 98055 0.001722
97844 CX12 97447 0.001722
97844 X0 97840 0.999664
97844 X0 97844 0.000112
97844 X0 97843 0.000112
97844 X0 97839 0.000112
97845 CX02 98094 0.911919
97845 CX02 97525 0.012583
97845 CX02 98133 0.012583
97845 CX02 97486 0.012583
97845 CX02 98016 0.012583
97845 CX02 97408 0.012583
97845 CX02 98055 0.012583
97845 CX02 97447 0.012583
97845 CX12 97525 0.987943
97845 CX12 98094 0.001722
97845 CX12 97486 0.001722
97845 CX12 98133 0.001722
97845 CX12 97408 0.001722
97845 CX12 98016 0.001722
97845 CX12 97447 0.001722
97845 CX12 98055 0.001722
97845 X0 97841 0.999664
97845 X0 97845 0.000112
97845 X0 97842 0.000112
97845 X0 97838 0.000112
98016 CX02 97839 0.911919
98016 CX02 97838 0.012583
98016 CX02 97841 0.012583
98016 CX02 97840 0.012583
98016 CX02 97843 0.012583
98016 CX02 97842 0.012583
98016 CX02 97845 0.012583
98016 CX02 97844 0.012583
98016 CX12 97839 0.987943
98016 CX12 97838 0.001722
98016 CX12 97841 0.001722
98016 CX12 97840 0.001722
98016 CX12 97842 0.001722
98016 CX12 97843 0.001722
98016 CX12 97844 0.001722
98016 CX12 97845 0.001722
98016 P2 98016 0.939600
98016 P2 97546 0.052800
98016 X0 98055 0.999664
98016 X0 98016 0.000112
98016 X0 98133 0.000112
98016 X0 98094 0.000112
98055 CX02 97842 0.911919
98055 CX02 97843 0.012583
98055 CX02 97844 0.012583
98055 CX02 97845 0.012583
98055 CX02 97838 0.012583
98055 CX02 97839 0.012583
98055 CX02 97840 0.012583
98055 CX02 97841 0.012583
98055 CX12 97843 0.987943
98055 CX12 97842 0.001722
98055 CX12 97845 0.001722
98055 CX12 97844 0.001722
98055 CX12 97838 0.001722
98055 CX12 97839 0.001722
98055 CX12 97840 0.001722
98055 CX12 97841 0.001722
98055 P2 98055 0.939600
98055 P2 97547 0.052800
98055 X0 98016 0.999664
98055 X0 98055 0.000112
98055 X0 98094 0.000112
98055 X0 98133 0.000112
98094 CX02 97845 0.911919
98094 CX02 97844 0.012583
98094 CX02 97843 0.012583
98094 CX02 97842 0.012583
98094 CX02 97841 0.012583
98094 CX02 97840 0.012583
98094 CX02 97839 0.012583
98094 CX02 97838 0.012583
98094 CX12 97844 0.987943
98094 CX12 97845 0.001722
98094 CX12 97842 0.001722
98094 CX12 97843 0.001722
98094 CX12 97841 0.001722
98094 CX12 97840 0.001722
98094 CX12 97839 0.001722
98094 CX12 97838 0.001722
98094 P2 98094 0.939600
98094 P2 97548 0.052800
98094 X0 98133 0.999664
98094 X0 98094 0.000112
98094 X0 98055 0.000112
98094 X0 98016 0.000112
98133 CX02 97840 0.911919
98133 CX02 97841 0.012583
98133 CX02 97838 0.012583
98133 CX02 97839 0.012583
98133 CX02 97844 0.012583
98133 CX02 97845 0.012583
98133 CX02 97842 0.012583
98133 CX02 97843 0.012583
98133 CX12 97840 0.987943
98133 CX12 97841 0.001722
98133 CX12 97838 0.001722
98133 CX12 97839 0.001722
98133 CX12 97845 0.001722
98133 CX12 97844 0.001722
98133 CX12 97843 0.001722
98133 CX12 97842 0.001722
98133 P2 98133 0.939600
98133 P2 97549 0.052800
98133 X0 98094 0.999664
98133 X0 98133 0.000112
98133 X0 98016 0.000112
98133 X0 98055 0.000112
ENDPOMDP
