BEGINPOMDP
INITIALSTATE: 250479
STATES: 250479,250480,250481,250482,250483,250500,250501,250502,250503,250504,250505,250506,250507,250526,250565,250604,250643,250664,250665,250666,250667,250956,250957,250958,250959,250960,250961,250962,250963,251134,251173,251212,251251
TARGETV: 250480,250482,250526,250604,250664,250667,251134,251251
GAMMA: 250479:0,250480:0,250481:0,250482:0,250483:0,250500:0,250501:0,250502:0,250503:0,250504:0,250505:0,250506:0,250507:0,250526:1,250565:1,250604:1,250643:1,250664:0,250665:0,250666:0,250667:0,250956:1,250957:1,250958:1,250959:1,250960:1,250961:1,250962:1,250963:1,251134:1,251173:1,251212:1,251251:1
BEGINACTIONS
CX02 Instruction.CNOT 0 2 -
CX12 Instruction.CNOT 1 2 -
P2 Instruction.MEAS - 2 -
X0 Instruction.X - 0 -
ENDACTIONS
250479 INIT_ 250480 0.250000
250479 INIT_ 250481 0.250000
250479 INIT_ 250482 0.250000
250479 INIT_ 250483 0.250000
250480 CX02 250500 0.989153
250480 CX02 250501 0.001550
250480 CX02 250502 0.001550
250480 CX02 250503 0.001550
250480 CX02 250504 0.001550
250480 CX02 250505 0.001550
250480 CX02 250506 0.001550
250480 CX02 250507 0.001550
250480 CX12 250500 0.991682
250480 CX12 250501 0.001188
250480 CX12 250502 0.001188
250480 CX12 250503 0.001188
250480 CX12 250505 0.001188
250480 CX12 250504 0.001188
250480 CX12 250507 0.001188
250480 CX12 250506 0.001188
250480 P2 250480 0.984000
250480 P2 250526 0.027000
250480 X0 250481 0.999247
250480 X0 250480 0.000251
250480 X0 250482 0.000251
250480 X0 250483 0.000251
250481 CX02 250505 0.989153
250481 CX02 250504 0.001550
250481 CX02 250507 0.001550
250481 CX02 250506 0.001550
250481 CX02 250501 0.001550
250481 CX02 250500 0.001550
250481 CX02 250503 0.001550
250481 CX02 250502 0.001550
250481 CX12 250504 0.991682
250481 CX12 250505 0.001188
250481 CX12 250506 0.001188
250481 CX12 250507 0.001188
250481 CX12 250501 0.001188
250481 CX12 250500 0.001188
250481 CX12 250503 0.001188
250481 CX12 250502 0.001188
250481 P2 250481 0.984000
250481 P2 250565 0.027000
250481 X0 250480 0.999247
250481 X0 250481 0.000251
250481 X0 250483 0.000251
250481 X0 250482 0.000251
250482 CX02 250503 0.989153
250482 CX02 250502 0.001550
250482 CX02 250501 0.001550
250482 CX02 250500 0.001550
250482 CX02 250507 0.001550
250482 CX02 250506 0.001550
250482 CX02 250505 0.001550
250482 CX02 250504 0.001550
250482 CX12 250503 0.991682
250482 CX12 250502 0.001188
250482 CX12 250501 0.001188
250482 CX12 250500 0.001188
250482 CX12 250506 0.001188
250482 CX12 250507 0.001188
250482 CX12 250504 0.001188
250482 CX12 250505 0.001188
250482 P2 250482 0.984000
250482 P2 250604 0.027000
250482 X0 250483 0.999247
250482 X0 250482 0.000251
250482 X0 250480 0.000251
250482 X0 250481 0.000251
250483 CX02 250506 0.989153
250483 CX02 250507 0.001550
250483 CX02 250504 0.001550
250483 CX02 250505 0.001550
250483 CX02 250502 0.001550
250483 CX02 250503 0.001550
250483 CX02 250500 0.001550
250483 CX02 250501 0.001550
250483 CX12 250507 0.991682
250483 CX12 250506 0.001188
250483 CX12 250505 0.001188
250483 CX12 250504 0.001188
250483 CX12 250502 0.001188
250483 CX12 250503 0.001188
250483 CX12 250500 0.001188
250483 CX12 250501 0.001188
250483 P2 250483 0.984000
250483 P2 250643 0.027000
250483 X0 250482 0.999247
250483 X0 250483 0.000251
250483 X0 250481 0.000251
250483 X0 250480 0.000251
250500 CX02 250480 0.989153
250500 CX02 250664 0.001550
250500 CX02 250481 0.001550
250500 CX02 250665 0.001550
250500 CX02 250483 0.001550
250500 CX02 250666 0.001550
250500 CX02 250482 0.001550
250500 CX02 250667 0.001550
250500 CX12 250480 0.991682
250500 CX12 250664 0.001188
250500 CX12 250481 0.001188
250500 CX12 250665 0.001188
250500 CX12 250483 0.001188
250500 CX12 250666 0.001188
250500 CX12 250482 0.001188
250500 CX12 250667 0.001188
250500 X0 250504 0.999247
250500 X0 250500 0.000251
250500 X0 250503 0.000251
250500 X0 250507 0.000251
250501 CX02 250664 0.989153
250501 CX02 250480 0.001550
250501 CX02 250665 0.001550
250501 CX02 250481 0.001550
250501 CX02 250666 0.001550
250501 CX02 250483 0.001550
250501 CX02 250667 0.001550
250501 CX02 250482 0.001550
250501 CX12 250664 0.991682
250501 CX12 250480 0.001188
250501 CX12 250665 0.001188
250501 CX12 250481 0.001188
250501 CX12 250666 0.001188
250501 CX12 250483 0.001188
250501 CX12 250667 0.001188
250501 CX12 250482 0.001188
250501 X0 250505 0.999247
250501 X0 250501 0.000251
250501 X0 250502 0.000251
250501 X0 250506 0.000251
250502 CX02 250667 0.989153
250502 CX02 250482 0.001550
250502 CX02 250666 0.001550
250502 CX02 250483 0.001550
250502 CX02 250665 0.001550
250502 CX02 250481 0.001550
250502 CX02 250664 0.001550
250502 CX02 250480 0.001550
250502 CX12 250667 0.991682
250502 CX12 250482 0.001188
250502 CX12 250666 0.001188
250502 CX12 250483 0.001188
250502 CX12 250665 0.001188
250502 CX12 250481 0.001188
250502 CX12 250664 0.001188
250502 CX12 250480 0.001188
250502 X0 250506 0.999247
250502 X0 250502 0.000251
250502 X0 250501 0.000251
250502 X0 250505 0.000251
250503 CX02 250482 0.989153
250503 CX02 250667 0.001550
250503 CX02 250483 0.001550
250503 CX02 250666 0.001550
250503 CX02 250481 0.001550
250503 CX02 250665 0.001550
250503 CX02 250480 0.001550
250503 CX02 250664 0.001550
250503 CX12 250482 0.991682
250503 CX12 250667 0.001188
250503 CX12 250483 0.001188
250503 CX12 250666 0.001188
250503 CX12 250481 0.001188
250503 CX12 250665 0.001188
250503 CX12 250480 0.001188
250503 CX12 250664 0.001188
250503 X0 250507 0.999247
250503 X0 250503 0.000251
250503 X0 250500 0.000251
250503 X0 250504 0.000251
250504 CX02 250665 0.989153
250504 CX02 250481 0.001550
250504 CX02 250664 0.001550
250504 CX02 250480 0.001550
250504 CX02 250667 0.001550
250504 CX02 250482 0.001550
250504 CX02 250666 0.001550
250504 CX02 250483 0.001550
250504 CX12 250481 0.991682
250504 CX12 250665 0.001188
250504 CX12 250480 0.001188
250504 CX12 250664 0.001188
250504 CX12 250482 0.001188
250504 CX12 250667 0.001188
250504 CX12 250483 0.001188
250504 CX12 250666 0.001188
250504 X0 250500 0.999247
250504 X0 250504 0.000251
250504 X0 250507 0.000251
250504 X0 250503 0.000251
250505 CX02 250481 0.989153
250505 CX02 250665 0.001550
250505 CX02 250480 0.001550
250505 CX02 250664 0.001550
250505 CX02 250482 0.001550
250505 CX02 250667 0.001550
250505 CX02 250483 0.001550
250505 CX02 250666 0.001550
250505 CX12 250665 0.991682
250505 CX12 250481 0.001188
250505 CX12 250664 0.001188
250505 CX12 250480 0.001188
250505 CX12 250667 0.001188
250505 CX12 250482 0.001188
250505 CX12 250666 0.001188
250505 CX12 250483 0.001188
250505 X0 250501 0.999247
250505 X0 250505 0.000251
250505 X0 250506 0.000251
250505 X0 250502 0.000251
250506 CX02 250483 0.989153
250506 CX02 250666 0.001550
250506 CX02 250482 0.001550
250506 CX02 250667 0.001550
250506 CX02 250480 0.001550
250506 CX02 250664 0.001550
250506 CX02 250481 0.001550
250506 CX02 250665 0.001550
250506 CX12 250666 0.991682
250506 CX12 250483 0.001188
250506 CX12 250667 0.001188
250506 CX12 250482 0.001188
250506 CX12 250664 0.001188
250506 CX12 250480 0.001188
250506 CX12 250665 0.001188
250506 CX12 250481 0.001188
250506 X0 250502 0.999247
250506 X0 250506 0.000251
250506 X0 250505 0.000251
250506 X0 250501 0.000251
250507 CX02 250666 0.989153
250507 CX02 250483 0.001550
250507 CX02 250667 0.001550
250507 CX02 250482 0.001550
250507 CX02 250664 0.001550
250507 CX02 250480 0.001550
250507 CX02 250665 0.001550
250507 CX02 250481 0.001550
250507 CX12 250483 0.991682
250507 CX12 250666 0.001188
250507 CX12 250482 0.001188
250507 CX12 250667 0.001188
250507 CX12 250480 0.001188
250507 CX12 250664 0.001188
250507 CX12 250481 0.001188
250507 CX12 250665 0.001188
250507 X0 250503 0.999247
250507 X0 250507 0.000251
250507 X0 250504 0.000251
250507 X0 250500 0.000251
250526 CX02 250956 0.989153
250526 CX02 250957 0.001550
250526 CX02 250958 0.001550
250526 CX02 250959 0.001550
250526 CX02 250960 0.001550
250526 CX02 250961 0.001550
250526 CX02 250962 0.001550
250526 CX02 250963 0.001550
250526 CX12 250956 0.991682
250526 CX12 250957 0.001188
250526 CX12 250958 0.001188
250526 CX12 250959 0.001188
250526 CX12 250961 0.001188
250526 CX12 250960 0.001188
250526 CX12 250963 0.001188
250526 CX12 250962 0.001188
250526 P2 250480 0.984000
250526 P2 250526 0.027000
250526 X0 250565 0.999247
250526 X0 250526 0.000251
250526 X0 250604 0.000251
250526 X0 250643 0.000251
250565 CX02 250961 0.989153
250565 CX02 250960 0.001550
250565 CX02 250963 0.001550
250565 CX02 250962 0.001550
250565 CX02 250957 0.001550
250565 CX02 250956 0.001550
250565 CX02 250959 0.001550
250565 CX02 250958 0.001550
250565 CX12 250960 0.991682
250565 CX12 250961 0.001188
250565 CX12 250962 0.001188
250565 CX12 250963 0.001188
250565 CX12 250957 0.001188
250565 CX12 250956 0.001188
250565 CX12 250959 0.001188
250565 CX12 250958 0.001188
250565 P2 250481 0.984000
250565 P2 250565 0.027000
250565 X0 250526 0.999247
250565 X0 250565 0.000251
250565 X0 250643 0.000251
250565 X0 250604 0.000251
250604 CX02 250959 0.989153
250604 CX02 250958 0.001550
250604 CX02 250957 0.001550
250604 CX02 250956 0.001550
250604 CX02 250963 0.001550
250604 CX02 250962 0.001550
250604 CX02 250961 0.001550
250604 CX02 250960 0.001550
250604 CX12 250959 0.991682
250604 CX12 250958 0.001188
250604 CX12 250957 0.001188
250604 CX12 250956 0.001188
250604 CX12 250962 0.001188
250604 CX12 250963 0.001188
250604 CX12 250960 0.001188
250604 CX12 250961 0.001188
250604 P2 250482 0.984000
250604 P2 250604 0.027000
250604 X0 250643 0.999247
250604 X0 250604 0.000251
250604 X0 250526 0.000251
250604 X0 250565 0.000251
250643 CX02 250962 0.989153
250643 CX02 250963 0.001550
250643 CX02 250960 0.001550
250643 CX02 250961 0.001550
250643 CX02 250958 0.001550
250643 CX02 250959 0.001550
250643 CX02 250956 0.001550
250643 CX02 250957 0.001550
250643 CX12 250963 0.991682
250643 CX12 250962 0.001188
250643 CX12 250961 0.001188
250643 CX12 250960 0.001188
250643 CX12 250958 0.001188
250643 CX12 250959 0.001188
250643 CX12 250956 0.001188
250643 CX12 250957 0.001188
250643 P2 250483 0.984000
250643 P2 250643 0.027000
250643 X0 250604 0.999247
250643 X0 250643 0.000251
250643 X0 250565 0.000251
250643 X0 250526 0.000251
250664 CX02 250501 0.989153
250664 CX02 250500 0.001550
250664 CX02 250503 0.001550
250664 CX02 250502 0.001550
250664 CX02 250505 0.001550
250664 CX02 250504 0.001550
250664 CX02 250507 0.001550
250664 CX02 250506 0.001550
250664 CX12 250501 0.991682
250664 CX12 250500 0.001188
250664 CX12 250503 0.001188
250664 CX12 250502 0.001188
250664 CX12 250504 0.001188
250664 CX12 250505 0.001188
250664 CX12 250506 0.001188
250664 CX12 250507 0.001188
250664 P2 251134 0.973000
250664 P2 250664 0.016000
250664 X0 250665 0.999247
250664 X0 250664 0.000251
250664 X0 250667 0.000251
250664 X0 250666 0.000251
250665 CX02 250504 0.989153
250665 CX02 250505 0.001550
250665 CX02 250506 0.001550
250665 CX02 250507 0.001550
250665 CX02 250500 0.001550
250665 CX02 250501 0.001550
250665 CX02 250502 0.001550
250665 CX02 250503 0.001550
250665 CX12 250505 0.991682
250665 CX12 250504 0.001188
250665 CX12 250507 0.001188
250665 CX12 250506 0.001188
250665 CX12 250500 0.001188
250665 CX12 250501 0.001188
250665 CX12 250502 0.001188
250665 CX12 250503 0.001188
250665 P2 251173 0.973000
250665 P2 250665 0.016000
250665 X0 250664 0.999247
250665 X0 250665 0.000251
250665 X0 250666 0.000251
250665 X0 250667 0.000251
250666 CX02 250507 0.989153
250666 CX02 250506 0.001550
250666 CX02 250505 0.001550
250666 CX02 250504 0.001550
250666 CX02 250503 0.001550
250666 CX02 250502 0.001550
250666 CX02 250501 0.001550
250666 CX02 250500 0.001550
250666 CX12 250506 0.991682
250666 CX12 250507 0.001188
250666 CX12 250504 0.001188
250666 CX12 250505 0.001188
250666 CX12 250503 0.001188
250666 CX12 250502 0.001188
250666 CX12 250501 0.001188
250666 CX12 250500 0.001188
250666 P2 251212 0.973000
250666 P2 250666 0.016000
250666 X0 250667 0.999247
250666 X0 250666 0.000251
250666 X0 250665 0.000251
250666 X0 250664 0.000251
250667 CX02 250502 0.989153
250667 CX02 250503 0.001550
250667 CX02 250500 0.001550
250667 CX02 250501 0.001550
250667 CX02 250506 0.001550
250667 CX02 250507 0.001550
250667 CX02 250504 0.001550
250667 CX02 250505 0.001550
250667 CX12 250502 0.991682
250667 CX12 250503 0.001188
250667 CX12 250500 0.001188
250667 CX12 250501 0.001188
250667 CX12 250507 0.001188
250667 CX12 250506 0.001188
250667 CX12 250505 0.001188
250667 CX12 250504 0.001188
250667 P2 251251 0.973000
250667 P2 250667 0.016000
250667 X0 250666 0.999247
250667 X0 250667 0.000251
250667 X0 250664 0.000251
250667 X0 250665 0.000251
250956 CX02 250526 0.989153
250956 CX02 251134 0.001550
250956 CX02 250565 0.001550
250956 CX02 251173 0.001550
250956 CX02 250643 0.001550
250956 CX02 251212 0.001550
250956 CX02 250604 0.001550
250956 CX02 251251 0.001550
250956 CX12 250526 0.991682
250956 CX12 251134 0.001188
250956 CX12 250565 0.001188
250956 CX12 251173 0.001188
250956 CX12 250643 0.001188
250956 CX12 251212 0.001188
250956 CX12 250604 0.001188
250956 CX12 251251 0.001188
250956 X0 250960 0.999247
250956 X0 250956 0.000251
250956 X0 250959 0.000251
250956 X0 250963 0.000251
250957 CX02 251134 0.989153
250957 CX02 250526 0.001550
250957 CX02 251173 0.001550
250957 CX02 250565 0.001550
250957 CX02 251212 0.001550
250957 CX02 250643 0.001550
250957 CX02 251251 0.001550
250957 CX02 250604 0.001550
250957 CX12 251134 0.991682
250957 CX12 250526 0.001188
250957 CX12 251173 0.001188
250957 CX12 250565 0.001188
250957 CX12 251212 0.001188
250957 CX12 250643 0.001188
250957 CX12 251251 0.001188
250957 CX12 250604 0.001188
250957 X0 250961 0.999247
250957 X0 250957 0.000251
250957 X0 250958 0.000251
250957 X0 250962 0.000251
250958 CX02 251251 0.989153
250958 CX02 250604 0.001550
250958 CX02 251212 0.001550
250958 CX02 250643 0.001550
250958 CX02 251173 0.001550
250958 CX02 250565 0.001550
250958 CX02 251134 0.001550
250958 CX02 250526 0.001550
250958 CX12 251251 0.991682
250958 CX12 250604 0.001188
250958 CX12 251212 0.001188
250958 CX12 250643 0.001188
250958 CX12 251173 0.001188
250958 CX12 250565 0.001188
250958 CX12 251134 0.001188
250958 CX12 250526 0.001188
250958 X0 250962 0.999247
250958 X0 250958 0.000251
250958 X0 250957 0.000251
250958 X0 250961 0.000251
250959 CX02 250604 0.989153
250959 CX02 251251 0.001550
250959 CX02 250643 0.001550
250959 CX02 251212 0.001550
250959 CX02 250565 0.001550
250959 CX02 251173 0.001550
250959 CX02 250526 0.001550
250959 CX02 251134 0.001550
250959 CX12 250604 0.991682
250959 CX12 251251 0.001188
250959 CX12 250643 0.001188
250959 CX12 251212 0.001188
250959 CX12 250565 0.001188
250959 CX12 251173 0.001188
250959 CX12 250526 0.001188
250959 CX12 251134 0.001188
250959 X0 250963 0.999247
250959 X0 250959 0.000251
250959 X0 250956 0.000251
250959 X0 250960 0.000251
250960 CX02 251173 0.989153
250960 CX02 250565 0.001550
250960 CX02 251134 0.001550
250960 CX02 250526 0.001550
250960 CX02 251251 0.001550
250960 CX02 250604 0.001550
250960 CX02 251212 0.001550
250960 CX02 250643 0.001550
250960 CX12 250565 0.991682
250960 CX12 251173 0.001188
250960 CX12 250526 0.001188
250960 CX12 251134 0.001188
250960 CX12 250604 0.001188
250960 CX12 251251 0.001188
250960 CX12 250643 0.001188
250960 CX12 251212 0.001188
250960 X0 250956 0.999247
250960 X0 250960 0.000251
250960 X0 250963 0.000251
250960 X0 250959 0.000251
250961 CX02 250565 0.989153
250961 CX02 251173 0.001550
250961 CX02 250526 0.001550
250961 CX02 251134 0.001550
250961 CX02 250604 0.001550
250961 CX02 251251 0.001550
250961 CX02 250643 0.001550
250961 CX02 251212 0.001550
250961 CX12 251173 0.991682
250961 CX12 250565 0.001188
250961 CX12 251134 0.001188
250961 CX12 250526 0.001188
250961 CX12 251251 0.001188
250961 CX12 250604 0.001188
250961 CX12 251212 0.001188
250961 CX12 250643 0.001188
250961 X0 250957 0.999247
250961 X0 250961 0.000251
250961 X0 250962 0.000251
250961 X0 250958 0.000251
250962 CX02 250643 0.989153
250962 CX02 251212 0.001550
250962 CX02 250604 0.001550
250962 CX02 251251 0.001550
250962 CX02 250526 0.001550
250962 CX02 251134 0.001550
250962 CX02 250565 0.001550
250962 CX02 251173 0.001550
250962 CX12 251212 0.991682
250962 CX12 250643 0.001188
250962 CX12 251251 0.001188
250962 CX12 250604 0.001188
250962 CX12 251134 0.001188
250962 CX12 250526 0.001188
250962 CX12 251173 0.001188
250962 CX12 250565 0.001188
250962 X0 250958 0.999247
250962 X0 250962 0.000251
250962 X0 250961 0.000251
250962 X0 250957 0.000251
250963 CX02 251212 0.989153
250963 CX02 250643 0.001550
250963 CX02 251251 0.001550
250963 CX02 250604 0.001550
250963 CX02 251134 0.001550
250963 CX02 250526 0.001550
250963 CX02 251173 0.001550
250963 CX02 250565 0.001550
250963 CX12 250643 0.991682
250963 CX12 251212 0.001188
250963 CX12 250604 0.001188
250963 CX12 251251 0.001188
250963 CX12 250526 0.001188
250963 CX12 251134 0.001188
250963 CX12 250565 0.001188
250963 CX12 251173 0.001188
250963 X0 250959 0.999247
250963 X0 250963 0.000251
250963 X0 250960 0.000251
250963 X0 250956 0.000251
251134 CX02 250957 0.989153
251134 CX02 250956 0.001550
251134 CX02 250959 0.001550
251134 CX02 250958 0.001550
251134 CX02 250961 0.001550
251134 CX02 250960 0.001550
251134 CX02 250963 0.001550
251134 CX02 250962 0.001550
251134 CX12 250957 0.991682
251134 CX12 250956 0.001188
251134 CX12 250959 0.001188
251134 CX12 250958 0.001188
251134 CX12 250960 0.001188
251134 CX12 250961 0.001188
251134 CX12 250962 0.001188
251134 CX12 250963 0.001188
251134 P2 251134 0.973000
251134 P2 250664 0.016000
251134 X0 251173 0.999247
251134 X0 251134 0.000251
251134 X0 251251 0.000251
251134 X0 251212 0.000251
251173 CX02 250960 0.989153
251173 CX02 250961 0.001550
251173 CX02 250962 0.001550
251173 CX02 250963 0.001550
251173 CX02 250956 0.001550
251173 CX02 250957 0.001550
251173 CX02 250958 0.001550
251173 CX02 250959 0.001550
251173 CX12 250961 0.991682
251173 CX12 250960 0.001188
251173 CX12 250963 0.001188
251173 CX12 250962 0.001188
251173 CX12 250956 0.001188
251173 CX12 250957 0.001188
251173 CX12 250958 0.001188
251173 CX12 250959 0.001188
251173 P2 251173 0.973000
251173 P2 250665 0.016000
251173 X0 251134 0.999247
251173 X0 251173 0.000251
251173 X0 251212 0.000251
251173 X0 251251 0.000251
251212 CX02 250963 0.989153
251212 CX02 250962 0.001550
251212 CX02 250961 0.001550
251212 CX02 250960 0.001550
251212 CX02 250959 0.001550
251212 CX02 250958 0.001550
251212 CX02 250957 0.001550
251212 CX02 250956 0.001550
251212 CX12 250962 0.991682
251212 CX12 250963 0.001188
251212 CX12 250960 0.001188
251212 CX12 250961 0.001188
251212 CX12 250959 0.001188
251212 CX12 250958 0.001188
251212 CX12 250957 0.001188
251212 CX12 250956 0.001188
251212 P2 251212 0.973000
251212 P2 250666 0.016000
251212 X0 251251 0.999247
251212 X0 251212 0.000251
251212 X0 251173 0.000251
251212 X0 251134 0.000251
251251 CX02 250958 0.989153
251251 CX02 250959 0.001550
251251 CX02 250956 0.001550
251251 CX02 250957 0.001550
251251 CX02 250962 0.001550
251251 CX02 250963 0.001550
251251 CX02 250960 0.001550
251251 CX02 250961 0.001550
251251 CX12 250958 0.991682
251251 CX12 250959 0.001188
251251 CX12 250956 0.001188
251251 CX12 250957 0.001188
251251 CX12 250963 0.001188
251251 CX12 250962 0.001188
251251 CX12 250961 0.001188
251251 CX12 250960 0.001188
251251 P2 251251 0.973000
251251 P2 250667 0.016000
251251 X0 251212 0.999247
251251 X0 251251 0.000251
251251 X0 251134 0.000251
251251 X0 251173 0.000251
ENDPOMDP
