BEGINPOMDP
INITIALSTATE: 243177
STATES: 243177,243178,243179,243180,243181,243198,243199,243200,243201,243202,243203,243204,243205,243224,243263,243302,243341,243362,243363,243364,243365,243654,243655,243656,243657,243658,243659,243660,243661,243832,243871,243910,243949
TARGETV: 243178,243180,243224,243302,243362,243365,243832,243949
GAMMA: 243177:0,243178:0,243179:0,243180:0,243181:0,243198:0,243199:0,243200:0,243201:0,243202:0,243203:0,243204:0,243205:0,243224:1,243263:1,243302:1,243341:1,243362:0,243363:0,243364:0,243365:0,243654:1,243655:1,243656:1,243657:1,243658:1,243659:1,243660:1,243661:1,243832:1,243871:1,243910:1,243949:1
BEGINACTIONS
CX02 Instruction.CNOT 0 2 -
CX12 Instruction.CNOT 1 2 -
P2 Instruction.MEAS - 2 -
X0 Instruction.X - 0 -
ENDACTIONS
243177 INIT_ 243178 0.250000
243177 INIT_ 243179 0.250000
243177 INIT_ 243180 0.250000
243177 INIT_ 243181 0.250000
243178 CX02 243198 0.850708
243178 CX02 243199 0.021327
243178 CX02 243200 0.021327
243178 CX02 243201 0.021327
243178 CX02 243202 0.021327
243178 CX02 243203 0.021327
243178 CX02 243204 0.021327
243178 CX02 243205 0.021327
243178 CX12 243198 0.947996
243178 CX12 243199 0.007429
243178 CX12 243200 0.007429
243178 CX12 243201 0.007429
243178 CX12 243203 0.007429
243178 CX12 243202 0.007429
243178 CX12 243205 0.007429
243178 CX12 243204 0.007429
243178 P2 243178 0.987800
243178 P2 243224 0.015600
243178 X0 243179 0.989691
243178 X0 243178 0.003436
243178 X0 243180 0.003436
243178 X0 243181 0.003436
243179 CX02 243203 0.850708
243179 CX02 243202 0.021327
243179 CX02 243205 0.021327
243179 CX02 243204 0.021327
243179 CX02 243199 0.021327
243179 CX02 243198 0.021327
243179 CX02 243201 0.021327
243179 CX02 243200 0.021327
243179 CX12 243202 0.947996
243179 CX12 243203 0.007429
243179 CX12 243204 0.007429
243179 CX12 243205 0.007429
243179 CX12 243199 0.007429
243179 CX12 243198 0.007429
243179 CX12 243201 0.007429
243179 CX12 243200 0.007429
243179 P2 243179 0.987800
243179 P2 243263 0.015600
243179 X0 243178 0.989691
243179 X0 243179 0.003436
243179 X0 243181 0.003436
243179 X0 243180 0.003436
243180 CX02 243201 0.850708
243180 CX02 243200 0.021327
243180 CX02 243199 0.021327
243180 CX02 243198 0.021327
243180 CX02 243205 0.021327
243180 CX02 243204 0.021327
243180 CX02 243203 0.021327
243180 CX02 243202 0.021327
243180 CX12 243201 0.947996
243180 CX12 243200 0.007429
243180 CX12 243199 0.007429
243180 CX12 243198 0.007429
243180 CX12 243204 0.007429
243180 CX12 243205 0.007429
243180 CX12 243202 0.007429
243180 CX12 243203 0.007429
243180 P2 243180 0.987800
243180 P2 243302 0.015600
243180 X0 243181 0.989691
243180 X0 243180 0.003436
243180 X0 243178 0.003436
243180 X0 243179 0.003436
243181 CX02 243204 0.850708
243181 CX02 243205 0.021327
243181 CX02 243202 0.021327
243181 CX02 243203 0.021327
243181 CX02 243200 0.021327
243181 CX02 243201 0.021327
243181 CX02 243198 0.021327
243181 CX02 243199 0.021327
243181 CX12 243205 0.947996
243181 CX12 243204 0.007429
243181 CX12 243203 0.007429
243181 CX12 243202 0.007429
243181 CX12 243200 0.007429
243181 CX12 243201 0.007429
243181 CX12 243198 0.007429
243181 CX12 243199 0.007429
243181 P2 243181 0.987800
243181 P2 243341 0.015600
243181 X0 243180 0.989691
243181 X0 243181 0.003436
243181 X0 243179 0.003436
243181 X0 243178 0.003436
243198 CX02 243178 0.850708
243198 CX02 243362 0.021327
243198 CX02 243179 0.021327
243198 CX02 243363 0.021327
243198 CX02 243181 0.021327
243198 CX02 243364 0.021327
243198 CX02 243180 0.021327
243198 CX02 243365 0.021327
243198 CX12 243178 0.947996
243198 CX12 243362 0.007429
243198 CX12 243179 0.007429
243198 CX12 243363 0.007429
243198 CX12 243181 0.007429
243198 CX12 243364 0.007429
243198 CX12 243180 0.007429
243198 CX12 243365 0.007429
243198 X0 243202 0.989691
243198 X0 243198 0.003436
243198 X0 243201 0.003436
243198 X0 243205 0.003436
243199 CX02 243362 0.850708
243199 CX02 243178 0.021327
243199 CX02 243363 0.021327
243199 CX02 243179 0.021327
243199 CX02 243364 0.021327
243199 CX02 243181 0.021327
243199 CX02 243365 0.021327
243199 CX02 243180 0.021327
243199 CX12 243362 0.947996
243199 CX12 243178 0.007429
243199 CX12 243363 0.007429
243199 CX12 243179 0.007429
243199 CX12 243364 0.007429
243199 CX12 243181 0.007429
243199 CX12 243365 0.007429
243199 CX12 243180 0.007429
243199 X0 243203 0.989691
243199 X0 243199 0.003436
243199 X0 243200 0.003436
243199 X0 243204 0.003436
243200 CX02 243365 0.850708
243200 CX02 243180 0.021327
243200 CX02 243364 0.021327
243200 CX02 243181 0.021327
243200 CX02 243363 0.021327
243200 CX02 243179 0.021327
243200 CX02 243362 0.021327
243200 CX02 243178 0.021327
243200 CX12 243365 0.947996
243200 CX12 243180 0.007429
243200 CX12 243364 0.007429
243200 CX12 243181 0.007429
243200 CX12 243363 0.007429
243200 CX12 243179 0.007429
243200 CX12 243362 0.007429
243200 CX12 243178 0.007429
243200 X0 243204 0.989691
243200 X0 243200 0.003436
243200 X0 243199 0.003436
243200 X0 243203 0.003436
243201 CX02 243180 0.850708
243201 CX02 243365 0.021327
243201 CX02 243181 0.021327
243201 CX02 243364 0.021327
243201 CX02 243179 0.021327
243201 CX02 243363 0.021327
243201 CX02 243178 0.021327
243201 CX02 243362 0.021327
243201 CX12 243180 0.947996
243201 CX12 243365 0.007429
243201 CX12 243181 0.007429
243201 CX12 243364 0.007429
243201 CX12 243179 0.007429
243201 CX12 243363 0.007429
243201 CX12 243178 0.007429
243201 CX12 243362 0.007429
243201 X0 243205 0.989691
243201 X0 243201 0.003436
243201 X0 243198 0.003436
243201 X0 243202 0.003436
243202 CX02 243363 0.850708
243202 CX02 243179 0.021327
243202 CX02 243362 0.021327
243202 CX02 243178 0.021327
243202 CX02 243365 0.021327
243202 CX02 243180 0.021327
243202 CX02 243364 0.021327
243202 CX02 243181 0.021327
243202 CX12 243179 0.947996
243202 CX12 243363 0.007429
243202 CX12 243178 0.007429
243202 CX12 243362 0.007429
243202 CX12 243180 0.007429
243202 CX12 243365 0.007429
243202 CX12 243181 0.007429
243202 CX12 243364 0.007429
243202 X0 243198 0.989691
243202 X0 243202 0.003436
243202 X0 243205 0.003436
243202 X0 243201 0.003436
243203 CX02 243179 0.850708
243203 CX02 243363 0.021327
243203 CX02 243178 0.021327
243203 CX02 243362 0.021327
243203 CX02 243180 0.021327
243203 CX02 243365 0.021327
243203 CX02 243181 0.021327
243203 CX02 243364 0.021327
243203 CX12 243363 0.947996
243203 CX12 243179 0.007429
243203 CX12 243362 0.007429
243203 CX12 243178 0.007429
243203 CX12 243365 0.007429
243203 CX12 243180 0.007429
243203 CX12 243364 0.007429
243203 CX12 243181 0.007429
243203 X0 243199 0.989691
243203 X0 243203 0.003436
243203 X0 243204 0.003436
243203 X0 243200 0.003436
243204 CX02 243181 0.850708
243204 CX02 243364 0.021327
243204 CX02 243180 0.021327
243204 CX02 243365 0.021327
243204 CX02 243178 0.021327
243204 CX02 243362 0.021327
243204 CX02 243179 0.021327
243204 CX02 243363 0.021327
243204 CX12 243364 0.947996
243204 CX12 243181 0.007429
243204 CX12 243365 0.007429
243204 CX12 243180 0.007429
243204 CX12 243362 0.007429
243204 CX12 243178 0.007429
243204 CX12 243363 0.007429
243204 CX12 243179 0.007429
243204 X0 243200 0.989691
243204 X0 243204 0.003436
243204 X0 243203 0.003436
243204 X0 243199 0.003436
243205 CX02 243364 0.850708
243205 CX02 243181 0.021327
243205 CX02 243365 0.021327
243205 CX02 243180 0.021327
243205 CX02 243362 0.021327
243205 CX02 243178 0.021327
243205 CX02 243363 0.021327
243205 CX02 243179 0.021327
243205 CX12 243181 0.947996
243205 CX12 243364 0.007429
243205 CX12 243180 0.007429
243205 CX12 243365 0.007429
243205 CX12 243178 0.007429
243205 CX12 243362 0.007429
243205 CX12 243179 0.007429
243205 CX12 243363 0.007429
243205 X0 243201 0.989691
243205 X0 243205 0.003436
243205 X0 243202 0.003436
243205 X0 243198 0.003436
243224 CX02 243654 0.850708
243224 CX02 243655 0.021327
243224 CX02 243656 0.021327
243224 CX02 243657 0.021327
243224 CX02 243658 0.021327
243224 CX02 243659 0.021327
243224 CX02 243660 0.021327
243224 CX02 243661 0.021327
243224 CX12 243654 0.947996
243224 CX12 243655 0.007429
243224 CX12 243656 0.007429
243224 CX12 243657 0.007429
243224 CX12 243659 0.007429
243224 CX12 243658 0.007429
243224 CX12 243661 0.007429
243224 CX12 243660 0.007429
243224 P2 243178 0.987800
243224 P2 243224 0.015600
243224 X0 243263 0.989691
243224 X0 243224 0.003436
243224 X0 243302 0.003436
243224 X0 243341 0.003436
243263 CX02 243659 0.850708
243263 CX02 243658 0.021327
243263 CX02 243661 0.021327
243263 CX02 243660 0.021327
243263 CX02 243655 0.021327
243263 CX02 243654 0.021327
243263 CX02 243657 0.021327
243263 CX02 243656 0.021327
243263 CX12 243658 0.947996
243263 CX12 243659 0.007429
243263 CX12 243660 0.007429
243263 CX12 243661 0.007429
243263 CX12 243655 0.007429
243263 CX12 243654 0.007429
243263 CX12 243657 0.007429
243263 CX12 243656 0.007429
243263 P2 243179 0.987800
243263 P2 243263 0.015600
243263 X0 243224 0.989691
243263 X0 243263 0.003436
243263 X0 243341 0.003436
243263 X0 243302 0.003436
243302 CX02 243657 0.850708
243302 CX02 243656 0.021327
243302 CX02 243655 0.021327
243302 CX02 243654 0.021327
243302 CX02 243661 0.021327
243302 CX02 243660 0.021327
243302 CX02 243659 0.021327
243302 CX02 243658 0.021327
243302 CX12 243657 0.947996
243302 CX12 243656 0.007429
243302 CX12 243655 0.007429
243302 CX12 243654 0.007429
243302 CX12 243660 0.007429
243302 CX12 243661 0.007429
243302 CX12 243658 0.007429
243302 CX12 243659 0.007429
243302 P2 243180 0.987800
243302 P2 243302 0.015600
243302 X0 243341 0.989691
243302 X0 243302 0.003436
243302 X0 243224 0.003436
243302 X0 243263 0.003436
243341 CX02 243660 0.850708
243341 CX02 243661 0.021327
243341 CX02 243658 0.021327
243341 CX02 243659 0.021327
243341 CX02 243656 0.021327
243341 CX02 243657 0.021327
243341 CX02 243654 0.021327
243341 CX02 243655 0.021327
243341 CX12 243661 0.947996
243341 CX12 243660 0.007429
243341 CX12 243659 0.007429
243341 CX12 243658 0.007429
243341 CX12 243656 0.007429
243341 CX12 243657 0.007429
243341 CX12 243654 0.007429
243341 CX12 243655 0.007429
243341 P2 243181 0.987800
243341 P2 243341 0.015600
243341 X0 243302 0.989691
243341 X0 243341 0.003436
243341 X0 243263 0.003436
243341 X0 243224 0.003436
243362 CX02 243199 0.850708
243362 CX02 243198 0.021327
243362 CX02 243201 0.021327
243362 CX02 243200 0.021327
243362 CX02 243203 0.021327
243362 CX02 243202 0.021327
243362 CX02 243205 0.021327
243362 CX02 243204 0.021327
243362 CX12 243199 0.947996
243362 CX12 243198 0.007429
243362 CX12 243201 0.007429
243362 CX12 243200 0.007429
243362 CX12 243202 0.007429
243362 CX12 243203 0.007429
243362 CX12 243204 0.007429
243362 CX12 243205 0.007429
243362 P2 243832 0.984400
243362 P2 243362 0.012200
243362 X0 243363 0.989691
243362 X0 243362 0.003436
243362 X0 243365 0.003436
243362 X0 243364 0.003436
243363 CX02 243202 0.850708
243363 CX02 243203 0.021327
243363 CX02 243204 0.021327
243363 CX02 243205 0.021327
243363 CX02 243198 0.021327
243363 CX02 243199 0.021327
243363 CX02 243200 0.021327
243363 CX02 243201 0.021327
243363 CX12 243203 0.947996
243363 CX12 243202 0.007429
243363 CX12 243205 0.007429
243363 CX12 243204 0.007429
243363 CX12 243198 0.007429
243363 CX12 243199 0.007429
243363 CX12 243200 0.007429
243363 CX12 243201 0.007429
243363 P2 243871 0.984400
243363 P2 243363 0.012200
243363 X0 243362 0.989691
243363 X0 243363 0.003436
243363 X0 243364 0.003436
243363 X0 243365 0.003436
243364 CX02 243205 0.850708
243364 CX02 243204 0.021327
243364 CX02 243203 0.021327
243364 CX02 243202 0.021327
243364 CX02 243201 0.021327
243364 CX02 243200 0.021327
243364 CX02 243199 0.021327
243364 CX02 243198 0.021327
243364 CX12 243204 0.947996
243364 CX12 243205 0.007429
243364 CX12 243202 0.007429
243364 CX12 243203 0.007429
243364 CX12 243201 0.007429
243364 CX12 243200 0.007429
243364 CX12 243199 0.007429
243364 CX12 243198 0.007429
243364 P2 243910 0.984400
243364 P2 243364 0.012200
243364 X0 243365 0.989691
243364 X0 243364 0.003436
243364 X0 243363 0.003436
243364 X0 243362 0.003436
243365 CX02 243200 0.850708
243365 CX02 243201 0.021327
243365 CX02 243198 0.021327
243365 CX02 243199 0.021327
243365 CX02 243204 0.021327
243365 CX02 243205 0.021327
243365 CX02 243202 0.021327
243365 CX02 243203 0.021327
243365 CX12 243200 0.947996
243365 CX12 243201 0.007429
243365 CX12 243198 0.007429
243365 CX12 243199 0.007429
243365 CX12 243205 0.007429
243365 CX12 243204 0.007429
243365 CX12 243203 0.007429
243365 CX12 243202 0.007429
243365 P2 243949 0.984400
243365 P2 243365 0.012200
243365 X0 243364 0.989691
243365 X0 243365 0.003436
243365 X0 243362 0.003436
243365 X0 243363 0.003436
243654 CX02 243224 0.850708
243654 CX02 243832 0.021327
243654 CX02 243263 0.021327
243654 CX02 243871 0.021327
243654 CX02 243341 0.021327
243654 CX02 243910 0.021327
243654 CX02 243302 0.021327
243654 CX02 243949 0.021327
243654 CX12 243224 0.947996
243654 CX12 243832 0.007429
243654 CX12 243263 0.007429
243654 CX12 243871 0.007429
243654 CX12 243341 0.007429
243654 CX12 243910 0.007429
243654 CX12 243302 0.007429
243654 CX12 243949 0.007429
243654 X0 243658 0.989691
243654 X0 243654 0.003436
243654 X0 243657 0.003436
243654 X0 243661 0.003436
243655 CX02 243832 0.850708
243655 CX02 243224 0.021327
243655 CX02 243871 0.021327
243655 CX02 243263 0.021327
243655 CX02 243910 0.021327
243655 CX02 243341 0.021327
243655 CX02 243949 0.021327
243655 CX02 243302 0.021327
243655 CX12 243832 0.947996
243655 CX12 243224 0.007429
243655 CX12 243871 0.007429
243655 CX12 243263 0.007429
243655 CX12 243910 0.007429
243655 CX12 243341 0.007429
243655 CX12 243949 0.007429
243655 CX12 243302 0.007429
243655 X0 243659 0.989691
243655 X0 243655 0.003436
243655 X0 243656 0.003436
243655 X0 243660 0.003436
243656 CX02 243949 0.850708
243656 CX02 243302 0.021327
243656 CX02 243910 0.021327
243656 CX02 243341 0.021327
243656 CX02 243871 0.021327
243656 CX02 243263 0.021327
243656 CX02 243832 0.021327
243656 CX02 243224 0.021327
243656 CX12 243949 0.947996
243656 CX12 243302 0.007429
243656 CX12 243910 0.007429
243656 CX12 243341 0.007429
243656 CX12 243871 0.007429
243656 CX12 243263 0.007429
243656 CX12 243832 0.007429
243656 CX12 243224 0.007429
243656 X0 243660 0.989691
243656 X0 243656 0.003436
243656 X0 243655 0.003436
243656 X0 243659 0.003436
243657 CX02 243302 0.850708
243657 CX02 243949 0.021327
243657 CX02 243341 0.021327
243657 CX02 243910 0.021327
243657 CX02 243263 0.021327
243657 CX02 243871 0.021327
243657 CX02 243224 0.021327
243657 CX02 243832 0.021327
243657 CX12 243302 0.947996
243657 CX12 243949 0.007429
243657 CX12 243341 0.007429
243657 CX12 243910 0.007429
243657 CX12 243263 0.007429
243657 CX12 243871 0.007429
243657 CX12 243224 0.007429
243657 CX12 243832 0.007429
243657 X0 243661 0.989691
243657 X0 243657 0.003436
243657 X0 243654 0.003436
243657 X0 243658 0.003436
243658 CX02 243871 0.850708
243658 CX02 243263 0.021327
243658 CX02 243832 0.021327
243658 CX02 243224 0.021327
243658 CX02 243949 0.021327
243658 CX02 243302 0.021327
243658 CX02 243910 0.021327
243658 CX02 243341 0.021327
243658 CX12 243263 0.947996
243658 CX12 243871 0.007429
243658 CX12 243224 0.007429
243658 CX12 243832 0.007429
243658 CX12 243302 0.007429
243658 CX12 243949 0.007429
243658 CX12 243341 0.007429
243658 CX12 243910 0.007429
243658 X0 243654 0.989691
243658 X0 243658 0.003436
243658 X0 243661 0.003436
243658 X0 243657 0.003436
243659 CX02 243263 0.850708
243659 CX02 243871 0.021327
243659 CX02 243224 0.021327
243659 CX02 243832 0.021327
243659 CX02 243302 0.021327
243659 CX02 243949 0.021327
243659 CX02 243341 0.021327
243659 CX02 243910 0.021327
243659 CX12 243871 0.947996
243659 CX12 243263 0.007429
243659 CX12 243832 0.007429
243659 CX12 243224 0.007429
243659 CX12 243949 0.007429
243659 CX12 243302 0.007429
243659 CX12 243910 0.007429
243659 CX12 243341 0.007429
243659 X0 243655 0.989691
243659 X0 243659 0.003436
243659 X0 243660 0.003436
243659 X0 243656 0.003436
243660 CX02 243341 0.850708
243660 CX02 243910 0.021327
243660 CX02 243302 0.021327
243660 CX02 243949 0.021327
243660 CX02 243224 0.021327
243660 CX02 243832 0.021327
243660 CX02 243263 0.021327
243660 CX02 243871 0.021327
243660 CX12 243910 0.947996
243660 CX12 243341 0.007429
243660 CX12 243949 0.007429
243660 CX12 243302 0.007429
243660 CX12 243832 0.007429
243660 CX12 243224 0.007429
243660 CX12 243871 0.007429
243660 CX12 243263 0.007429
243660 X0 243656 0.989691
243660 X0 243660 0.003436
243660 X0 243659 0.003436
243660 X0 243655 0.003436
243661 CX02 243910 0.850708
243661 CX02 243341 0.021327
243661 CX02 243949 0.021327
243661 CX02 243302 0.021327
243661 CX02 243832 0.021327
243661 CX02 243224 0.021327
243661 CX02 243871 0.021327
243661 CX02 243263 0.021327
243661 CX12 243341 0.947996
243661 CX12 243910 0.007429
243661 CX12 243302 0.007429
243661 CX12 243949 0.007429
243661 CX12 243224 0.007429
243661 CX12 243832 0.007429
243661 CX12 243263 0.007429
243661 CX12 243871 0.007429
243661 X0 243657 0.989691
243661 X0 243661 0.003436
243661 X0 243658 0.003436
243661 X0 243654 0.003436
243832 CX02 243655 0.850708
243832 CX02 243654 0.021327
243832 CX02 243657 0.021327
243832 CX02 243656 0.021327
243832 CX02 243659 0.021327
243832 CX02 243658 0.021327
243832 CX02 243661 0.021327
243832 CX02 243660 0.021327
243832 CX12 243655 0.947996
243832 CX12 243654 0.007429
243832 CX12 243657 0.007429
243832 CX12 243656 0.007429
243832 CX12 243658 0.007429
243832 CX12 243659 0.007429
243832 CX12 243660 0.007429
243832 CX12 243661 0.007429
243832 P2 243832 0.984400
243832 P2 243362 0.012200
243832 X0 243871 0.989691
243832 X0 243832 0.003436
243832 X0 243949 0.003436
243832 X0 243910 0.003436
243871 CX02 243658 0.850708
243871 CX02 243659 0.021327
243871 CX02 243660 0.021327
243871 CX02 243661 0.021327
243871 CX02 243654 0.021327
243871 CX02 243655 0.021327
243871 CX02 243656 0.021327
243871 CX02 243657 0.021327
243871 CX12 243659 0.947996
243871 CX12 243658 0.007429
243871 CX12 243661 0.007429
243871 CX12 243660 0.007429
243871 CX12 243654 0.007429
243871 CX12 243655 0.007429
243871 CX12 243656 0.007429
243871 CX12 243657 0.007429
243871 P2 243871 0.984400
243871 P2 243363 0.012200
243871 X0 243832 0.989691
243871 X0 243871 0.003436
243871 X0 243910 0.003436
243871 X0 243949 0.003436
243910 CX02 243661 0.850708
243910 CX02 243660 0.021327
243910 CX02 243659 0.021327
243910 CX02 243658 0.021327
243910 CX02 243657 0.021327
243910 CX02 243656 0.021327
243910 CX02 243655 0.021327
243910 CX02 243654 0.021327
243910 CX12 243660 0.947996
243910 CX12 243661 0.007429
243910 CX12 243658 0.007429
243910 CX12 243659 0.007429
243910 CX12 243657 0.007429
243910 CX12 243656 0.007429
243910 CX12 243655 0.007429
243910 CX12 243654 0.007429
243910 P2 243910 0.984400
243910 P2 243364 0.012200
243910 X0 243949 0.989691
243910 X0 243910 0.003436
243910 X0 243871 0.003436
243910 X0 243832 0.003436
243949 CX02 243656 0.850708
243949 CX02 243657 0.021327
243949 CX02 243654 0.021327
243949 CX02 243655 0.021327
243949 CX02 243660 0.021327
243949 CX02 243661 0.021327
243949 CX02 243658 0.021327
243949 CX02 243659 0.021327
243949 CX12 243656 0.947996
243949 CX12 243657 0.007429
243949 CX12 243654 0.007429
243949 CX12 243655 0.007429
243949 CX12 243661 0.007429
243949 CX12 243660 0.007429
243949 CX12 243659 0.007429
243949 CX12 243658 0.007429
243949 P2 243949 0.984400
243949 P2 243365 0.012200
243949 X0 243910 0.989691
243949 X0 243949 0.003436
243949 X0 243832 0.003436
243949 X0 243871 0.003436
ENDPOMDP
