BEGINPOMDP
INITIALSTATE: 193280
STATES: 193280,193281,193282,193283,193284,193301,193302,193303,193304,193305,193306,193307,193308,193327,193366,193405,193444,193465,193466,193467,193468,193757,193758,193759,193760,193761,193762,193763,193764,193935,193974,194013,194052
TARGETV: 193281,193283,193327,193405,193465,193468,193935,194052
GAMMA: 193280:0,193281:0,193282:0,193283:0,193284:0,193301:0,193302:0,193303:0,193304:0,193305:0,193306:0,193307:0,193308:0,193327:1,193366:1,193405:1,193444:1,193465:0,193466:0,193467:0,193468:0,193757:1,193758:1,193759:1,193760:1,193761:1,193762:1,193763:1,193764:1,193935:1,193974:1,194013:1,194052:1
BEGINACTIONS
CX02 Instruction.CNOT 0 2 -
CX12 Instruction.CNOT 1 2 -
P2 Instruction.MEAS - 2 -
X0 Instruction.U3 - 0 3.141592653589793,6.283185307179586,3.141592653589793
ENDACTIONS
193280 INIT_ 193281 0.250000
193280 INIT_ 193282 0.250000
193280 INIT_ 193283 0.250000
193280 INIT_ 193284 0.250000
193281 CX02 193301 0.980702
193281 CX02 193302 0.002757
193281 CX02 193303 0.002757
193281 CX02 193304 0.002757
193281 CX02 193305 0.002757
193281 CX02 193306 0.002757
193281 CX02 193307 0.002757
193281 CX02 193308 0.002757
193281 CX12 193301 0.952113
193281 CX12 193302 0.006841
193281 CX12 193303 0.006841
193281 CX12 193304 0.006841
193281 CX12 193306 0.006841
193281 CX12 193305 0.006841
193281 CX12 193308 0.006841
193281 CX12 193307 0.006841
193281 P2 193281 0.922000
193281 P2 193327 0.090000
193281 X0 193282 0.997774
193281 X0 193281 0.000742
193281 X0 193283 0.000742
193281 X0 193284 0.000742
193282 CX02 193306 0.980702
193282 CX02 193305 0.002757
193282 CX02 193308 0.002757
193282 CX02 193307 0.002757
193282 CX02 193302 0.002757
193282 CX02 193301 0.002757
193282 CX02 193304 0.002757
193282 CX02 193303 0.002757
193282 CX12 193305 0.952113
193282 CX12 193306 0.006841
193282 CX12 193307 0.006841
193282 CX12 193308 0.006841
193282 CX12 193302 0.006841
193282 CX12 193301 0.006841
193282 CX12 193304 0.006841
193282 CX12 193303 0.006841
193282 P2 193282 0.922000
193282 P2 193366 0.090000
193282 X0 193281 0.997774
193282 X0 193282 0.000742
193282 X0 193284 0.000742
193282 X0 193283 0.000742
193283 CX02 193304 0.980702
193283 CX02 193303 0.002757
193283 CX02 193302 0.002757
193283 CX02 193301 0.002757
193283 CX02 193308 0.002757
193283 CX02 193307 0.002757
193283 CX02 193306 0.002757
193283 CX02 193305 0.002757
193283 CX12 193304 0.952113
193283 CX12 193303 0.006841
193283 CX12 193302 0.006841
193283 CX12 193301 0.006841
193283 CX12 193307 0.006841
193283 CX12 193308 0.006841
193283 CX12 193305 0.006841
193283 CX12 193306 0.006841
193283 P2 193283 0.922000
193283 P2 193405 0.090000
193283 X0 193284 0.997774
193283 X0 193283 0.000742
193283 X0 193281 0.000742
193283 X0 193282 0.000742
193284 CX02 193307 0.980702
193284 CX02 193308 0.002757
193284 CX02 193305 0.002757
193284 CX02 193306 0.002757
193284 CX02 193303 0.002757
193284 CX02 193304 0.002757
193284 CX02 193301 0.002757
193284 CX02 193302 0.002757
193284 CX12 193308 0.952113
193284 CX12 193307 0.006841
193284 CX12 193306 0.006841
193284 CX12 193305 0.006841
193284 CX12 193303 0.006841
193284 CX12 193304 0.006841
193284 CX12 193301 0.006841
193284 CX12 193302 0.006841
193284 P2 193284 0.922000
193284 P2 193444 0.090000
193284 X0 193283 0.997774
193284 X0 193284 0.000742
193284 X0 193282 0.000742
193284 X0 193281 0.000742
193301 CX02 193281 0.980702
193301 CX02 193465 0.002757
193301 CX02 193282 0.002757
193301 CX02 193466 0.002757
193301 CX02 193284 0.002757
193301 CX02 193467 0.002757
193301 CX02 193283 0.002757
193301 CX02 193468 0.002757
193301 CX12 193281 0.952113
193301 CX12 193465 0.006841
193301 CX12 193282 0.006841
193301 CX12 193466 0.006841
193301 CX12 193284 0.006841
193301 CX12 193467 0.006841
193301 CX12 193283 0.006841
193301 CX12 193468 0.006841
193301 X0 193305 0.997774
193301 X0 193301 0.000742
193301 X0 193304 0.000742
193301 X0 193308 0.000742
193302 CX02 193465 0.980702
193302 CX02 193281 0.002757
193302 CX02 193466 0.002757
193302 CX02 193282 0.002757
193302 CX02 193467 0.002757
193302 CX02 193284 0.002757
193302 CX02 193468 0.002757
193302 CX02 193283 0.002757
193302 CX12 193465 0.952113
193302 CX12 193281 0.006841
193302 CX12 193466 0.006841
193302 CX12 193282 0.006841
193302 CX12 193467 0.006841
193302 CX12 193284 0.006841
193302 CX12 193468 0.006841
193302 CX12 193283 0.006841
193302 X0 193306 0.997774
193302 X0 193302 0.000742
193302 X0 193303 0.000742
193302 X0 193307 0.000742
193303 CX02 193468 0.980702
193303 CX02 193283 0.002757
193303 CX02 193467 0.002757
193303 CX02 193284 0.002757
193303 CX02 193466 0.002757
193303 CX02 193282 0.002757
193303 CX02 193465 0.002757
193303 CX02 193281 0.002757
193303 CX12 193468 0.952113
193303 CX12 193283 0.006841
193303 CX12 193467 0.006841
193303 CX12 193284 0.006841
193303 CX12 193466 0.006841
193303 CX12 193282 0.006841
193303 CX12 193465 0.006841
193303 CX12 193281 0.006841
193303 X0 193307 0.997774
193303 X0 193303 0.000742
193303 X0 193302 0.000742
193303 X0 193306 0.000742
193304 CX02 193283 0.980702
193304 CX02 193468 0.002757
193304 CX02 193284 0.002757
193304 CX02 193467 0.002757
193304 CX02 193282 0.002757
193304 CX02 193466 0.002757
193304 CX02 193281 0.002757
193304 CX02 193465 0.002757
193304 CX12 193283 0.952113
193304 CX12 193468 0.006841
193304 CX12 193284 0.006841
193304 CX12 193467 0.006841
193304 CX12 193282 0.006841
193304 CX12 193466 0.006841
193304 CX12 193281 0.006841
193304 CX12 193465 0.006841
193304 X0 193308 0.997774
193304 X0 193304 0.000742
193304 X0 193301 0.000742
193304 X0 193305 0.000742
193305 CX02 193466 0.980702
193305 CX02 193282 0.002757
193305 CX02 193465 0.002757
193305 CX02 193281 0.002757
193305 CX02 193468 0.002757
193305 CX02 193283 0.002757
193305 CX02 193467 0.002757
193305 CX02 193284 0.002757
193305 CX12 193282 0.952113
193305 CX12 193466 0.006841
193305 CX12 193281 0.006841
193305 CX12 193465 0.006841
193305 CX12 193283 0.006841
193305 CX12 193468 0.006841
193305 CX12 193284 0.006841
193305 CX12 193467 0.006841
193305 X0 193301 0.997774
193305 X0 193305 0.000742
193305 X0 193308 0.000742
193305 X0 193304 0.000742
193306 CX02 193282 0.980702
193306 CX02 193466 0.002757
193306 CX02 193281 0.002757
193306 CX02 193465 0.002757
193306 CX02 193283 0.002757
193306 CX02 193468 0.002757
193306 CX02 193284 0.002757
193306 CX02 193467 0.002757
193306 CX12 193466 0.952113
193306 CX12 193282 0.006841
193306 CX12 193465 0.006841
193306 CX12 193281 0.006841
193306 CX12 193468 0.006841
193306 CX12 193283 0.006841
193306 CX12 193467 0.006841
193306 CX12 193284 0.006841
193306 X0 193302 0.997774
193306 X0 193306 0.000742
193306 X0 193307 0.000742
193306 X0 193303 0.000742
193307 CX02 193284 0.980702
193307 CX02 193467 0.002757
193307 CX02 193283 0.002757
193307 CX02 193468 0.002757
193307 CX02 193281 0.002757
193307 CX02 193465 0.002757
193307 CX02 193282 0.002757
193307 CX02 193466 0.002757
193307 CX12 193467 0.952113
193307 CX12 193284 0.006841
193307 CX12 193468 0.006841
193307 CX12 193283 0.006841
193307 CX12 193465 0.006841
193307 CX12 193281 0.006841
193307 CX12 193466 0.006841
193307 CX12 193282 0.006841
193307 X0 193303 0.997774
193307 X0 193307 0.000742
193307 X0 193306 0.000742
193307 X0 193302 0.000742
193308 CX02 193467 0.980702
193308 CX02 193284 0.002757
193308 CX02 193468 0.002757
193308 CX02 193283 0.002757
193308 CX02 193465 0.002757
193308 CX02 193281 0.002757
193308 CX02 193466 0.002757
193308 CX02 193282 0.002757
193308 CX12 193284 0.952113
193308 CX12 193467 0.006841
193308 CX12 193283 0.006841
193308 CX12 193468 0.006841
193308 CX12 193281 0.006841
193308 CX12 193465 0.006841
193308 CX12 193282 0.006841
193308 CX12 193466 0.006841
193308 X0 193304 0.997774
193308 X0 193308 0.000742
193308 X0 193305 0.000742
193308 X0 193301 0.000742
193327 CX02 193757 0.980702
193327 CX02 193758 0.002757
193327 CX02 193759 0.002757
193327 CX02 193760 0.002757
193327 CX02 193761 0.002757
193327 CX02 193762 0.002757
193327 CX02 193763 0.002757
193327 CX02 193764 0.002757
193327 CX12 193757 0.952113
193327 CX12 193758 0.006841
193327 CX12 193759 0.006841
193327 CX12 193760 0.006841
193327 CX12 193762 0.006841
193327 CX12 193761 0.006841
193327 CX12 193764 0.006841
193327 CX12 193763 0.006841
193327 P2 193281 0.922000
193327 P2 193327 0.090000
193327 X0 193366 0.997774
193327 X0 193327 0.000742
193327 X0 193405 0.000742
193327 X0 193444 0.000742
193366 CX02 193762 0.980702
193366 CX02 193761 0.002757
193366 CX02 193764 0.002757
193366 CX02 193763 0.002757
193366 CX02 193758 0.002757
193366 CX02 193757 0.002757
193366 CX02 193760 0.002757
193366 CX02 193759 0.002757
193366 CX12 193761 0.952113
193366 CX12 193762 0.006841
193366 CX12 193763 0.006841
193366 CX12 193764 0.006841
193366 CX12 193758 0.006841
193366 CX12 193757 0.006841
193366 CX12 193760 0.006841
193366 CX12 193759 0.006841
193366 P2 193282 0.922000
193366 P2 193366 0.090000
193366 X0 193327 0.997774
193366 X0 193366 0.000742
193366 X0 193444 0.000742
193366 X0 193405 0.000742
193405 CX02 193760 0.980702
193405 CX02 193759 0.002757
193405 CX02 193758 0.002757
193405 CX02 193757 0.002757
193405 CX02 193764 0.002757
193405 CX02 193763 0.002757
193405 CX02 193762 0.002757
193405 CX02 193761 0.002757
193405 CX12 193760 0.952113
193405 CX12 193759 0.006841
193405 CX12 193758 0.006841
193405 CX12 193757 0.006841
193405 CX12 193763 0.006841
193405 CX12 193764 0.006841
193405 CX12 193761 0.006841
193405 CX12 193762 0.006841
193405 P2 193283 0.922000
193405 P2 193405 0.090000
193405 X0 193444 0.997774
193405 X0 193405 0.000742
193405 X0 193327 0.000742
193405 X0 193366 0.000742
193444 CX02 193763 0.980702
193444 CX02 193764 0.002757
193444 CX02 193761 0.002757
193444 CX02 193762 0.002757
193444 CX02 193759 0.002757
193444 CX02 193760 0.002757
193444 CX02 193757 0.002757
193444 CX02 193758 0.002757
193444 CX12 193764 0.952113
193444 CX12 193763 0.006841
193444 CX12 193762 0.006841
193444 CX12 193761 0.006841
193444 CX12 193759 0.006841
193444 CX12 193760 0.006841
193444 CX12 193757 0.006841
193444 CX12 193758 0.006841
193444 P2 193284 0.922000
193444 P2 193444 0.090000
193444 X0 193405 0.997774
193444 X0 193444 0.000742
193444 X0 193366 0.000742
193444 X0 193327 0.000742
193465 CX02 193302 0.980702
193465 CX02 193301 0.002757
193465 CX02 193304 0.002757
193465 CX02 193303 0.002757
193465 CX02 193306 0.002757
193465 CX02 193305 0.002757
193465 CX02 193308 0.002757
193465 CX02 193307 0.002757
193465 CX12 193302 0.952113
193465 CX12 193301 0.006841
193465 CX12 193304 0.006841
193465 CX12 193303 0.006841
193465 CX12 193305 0.006841
193465 CX12 193306 0.006841
193465 CX12 193307 0.006841
193465 CX12 193308 0.006841
193465 P2 193935 0.910000
193465 P2 193465 0.078000
193465 X0 193466 0.997774
193465 X0 193465 0.000742
193465 X0 193468 0.000742
193465 X0 193467 0.000742
193466 CX02 193305 0.980702
193466 CX02 193306 0.002757
193466 CX02 193307 0.002757
193466 CX02 193308 0.002757
193466 CX02 193301 0.002757
193466 CX02 193302 0.002757
193466 CX02 193303 0.002757
193466 CX02 193304 0.002757
193466 CX12 193306 0.952113
193466 CX12 193305 0.006841
193466 CX12 193308 0.006841
193466 CX12 193307 0.006841
193466 CX12 193301 0.006841
193466 CX12 193302 0.006841
193466 CX12 193303 0.006841
193466 CX12 193304 0.006841
193466 P2 193974 0.910000
193466 P2 193466 0.078000
193466 X0 193465 0.997774
193466 X0 193466 0.000742
193466 X0 193467 0.000742
193466 X0 193468 0.000742
193467 CX02 193308 0.980702
193467 CX02 193307 0.002757
193467 CX02 193306 0.002757
193467 CX02 193305 0.002757
193467 CX02 193304 0.002757
193467 CX02 193303 0.002757
193467 CX02 193302 0.002757
193467 CX02 193301 0.002757
193467 CX12 193307 0.952113
193467 CX12 193308 0.006841
193467 CX12 193305 0.006841
193467 CX12 193306 0.006841
193467 CX12 193304 0.006841
193467 CX12 193303 0.006841
193467 CX12 193302 0.006841
193467 CX12 193301 0.006841
193467 P2 194013 0.910000
193467 P2 193467 0.078000
193467 X0 193468 0.997774
193467 X0 193467 0.000742
193467 X0 193466 0.000742
193467 X0 193465 0.000742
193468 CX02 193303 0.980702
193468 CX02 193304 0.002757
193468 CX02 193301 0.002757
193468 CX02 193302 0.002757
193468 CX02 193307 0.002757
193468 CX02 193308 0.002757
193468 CX02 193305 0.002757
193468 CX02 193306 0.002757
193468 CX12 193303 0.952113
193468 CX12 193304 0.006841
193468 CX12 193301 0.006841
193468 CX12 193302 0.006841
193468 CX12 193308 0.006841
193468 CX12 193307 0.006841
193468 CX12 193306 0.006841
193468 CX12 193305 0.006841
193468 P2 194052 0.910000
193468 P2 193468 0.078000
193468 X0 193467 0.997774
193468 X0 193468 0.000742
193468 X0 193465 0.000742
193468 X0 193466 0.000742
193757 CX02 193327 0.980702
193757 CX02 193935 0.002757
193757 CX02 193366 0.002757
193757 CX02 193974 0.002757
193757 CX02 193444 0.002757
193757 CX02 194013 0.002757
193757 CX02 193405 0.002757
193757 CX02 194052 0.002757
193757 CX12 193327 0.952113
193757 CX12 193935 0.006841
193757 CX12 193366 0.006841
193757 CX12 193974 0.006841
193757 CX12 193444 0.006841
193757 CX12 194013 0.006841
193757 CX12 193405 0.006841
193757 CX12 194052 0.006841
193757 X0 193761 0.997774
193757 X0 193757 0.000742
193757 X0 193760 0.000742
193757 X0 193764 0.000742
193758 CX02 193935 0.980702
193758 CX02 193327 0.002757
193758 CX02 193974 0.002757
193758 CX02 193366 0.002757
193758 CX02 194013 0.002757
193758 CX02 193444 0.002757
193758 CX02 194052 0.002757
193758 CX02 193405 0.002757
193758 CX12 193935 0.952113
193758 CX12 193327 0.006841
193758 CX12 193974 0.006841
193758 CX12 193366 0.006841
193758 CX12 194013 0.006841
193758 CX12 193444 0.006841
193758 CX12 194052 0.006841
193758 CX12 193405 0.006841
193758 X0 193762 0.997774
193758 X0 193758 0.000742
193758 X0 193759 0.000742
193758 X0 193763 0.000742
193759 CX02 194052 0.980702
193759 CX02 193405 0.002757
193759 CX02 194013 0.002757
193759 CX02 193444 0.002757
193759 CX02 193974 0.002757
193759 CX02 193366 0.002757
193759 CX02 193935 0.002757
193759 CX02 193327 0.002757
193759 CX12 194052 0.952113
193759 CX12 193405 0.006841
193759 CX12 194013 0.006841
193759 CX12 193444 0.006841
193759 CX12 193974 0.006841
193759 CX12 193366 0.006841
193759 CX12 193935 0.006841
193759 CX12 193327 0.006841
193759 X0 193763 0.997774
193759 X0 193759 0.000742
193759 X0 193758 0.000742
193759 X0 193762 0.000742
193760 CX02 193405 0.980702
193760 CX02 194052 0.002757
193760 CX02 193444 0.002757
193760 CX02 194013 0.002757
193760 CX02 193366 0.002757
193760 CX02 193974 0.002757
193760 CX02 193327 0.002757
193760 CX02 193935 0.002757
193760 CX12 193405 0.952113
193760 CX12 194052 0.006841
193760 CX12 193444 0.006841
193760 CX12 194013 0.006841
193760 CX12 193366 0.006841
193760 CX12 193974 0.006841
193760 CX12 193327 0.006841
193760 CX12 193935 0.006841
193760 X0 193764 0.997774
193760 X0 193760 0.000742
193760 X0 193757 0.000742
193760 X0 193761 0.000742
193761 CX02 193974 0.980702
193761 CX02 193366 0.002757
193761 CX02 193935 0.002757
193761 CX02 193327 0.002757
193761 CX02 194052 0.002757
193761 CX02 193405 0.002757
193761 CX02 194013 0.002757
193761 CX02 193444 0.002757
193761 CX12 193366 0.952113
193761 CX12 193974 0.006841
193761 CX12 193327 0.006841
193761 CX12 193935 0.006841
193761 CX12 193405 0.006841
193761 CX12 194052 0.006841
193761 CX12 193444 0.006841
193761 CX12 194013 0.006841
193761 X0 193757 0.997774
193761 X0 193761 0.000742
193761 X0 193764 0.000742
193761 X0 193760 0.000742
193762 CX02 193366 0.980702
193762 CX02 193974 0.002757
193762 CX02 193327 0.002757
193762 CX02 193935 0.002757
193762 CX02 193405 0.002757
193762 CX02 194052 0.002757
193762 CX02 193444 0.002757
193762 CX02 194013 0.002757
193762 CX12 193974 0.952113
193762 CX12 193366 0.006841
193762 CX12 193935 0.006841
193762 CX12 193327 0.006841
193762 CX12 194052 0.006841
193762 CX12 193405 0.006841
193762 CX12 194013 0.006841
193762 CX12 193444 0.006841
193762 X0 193758 0.997774
193762 X0 193762 0.000742
193762 X0 193763 0.000742
193762 X0 193759 0.000742
193763 CX02 193444 0.980702
193763 CX02 194013 0.002757
193763 CX02 193405 0.002757
193763 CX02 194052 0.002757
193763 CX02 193327 0.002757
193763 CX02 193935 0.002757
193763 CX02 193366 0.002757
193763 CX02 193974 0.002757
193763 CX12 194013 0.952113
193763 CX12 193444 0.006841
193763 CX12 194052 0.006841
193763 CX12 193405 0.006841
193763 CX12 193935 0.006841
193763 CX12 193327 0.006841
193763 CX12 193974 0.006841
193763 CX12 193366 0.006841
193763 X0 193759 0.997774
193763 X0 193763 0.000742
193763 X0 193762 0.000742
193763 X0 193758 0.000742
193764 CX02 194013 0.980702
193764 CX02 193444 0.002757
193764 CX02 194052 0.002757
193764 CX02 193405 0.002757
193764 CX02 193935 0.002757
193764 CX02 193327 0.002757
193764 CX02 193974 0.002757
193764 CX02 193366 0.002757
193764 CX12 193444 0.952113
193764 CX12 194013 0.006841
193764 CX12 193405 0.006841
193764 CX12 194052 0.006841
193764 CX12 193327 0.006841
193764 CX12 193935 0.006841
193764 CX12 193366 0.006841
193764 CX12 193974 0.006841
193764 X0 193760 0.997774
193764 X0 193764 0.000742
193764 X0 193761 0.000742
193764 X0 193757 0.000742
193935 CX02 193758 0.980702
193935 CX02 193757 0.002757
193935 CX02 193760 0.002757
193935 CX02 193759 0.002757
193935 CX02 193762 0.002757
193935 CX02 193761 0.002757
193935 CX02 193764 0.002757
193935 CX02 193763 0.002757
193935 CX12 193758 0.952113
193935 CX12 193757 0.006841
193935 CX12 193760 0.006841
193935 CX12 193759 0.006841
193935 CX12 193761 0.006841
193935 CX12 193762 0.006841
193935 CX12 193763 0.006841
193935 CX12 193764 0.006841
193935 P2 193935 0.910000
193935 P2 193465 0.078000
193935 X0 193974 0.997774
193935 X0 193935 0.000742
193935 X0 194052 0.000742
193935 X0 194013 0.000742
193974 CX02 193761 0.980702
193974 CX02 193762 0.002757
193974 CX02 193763 0.002757
193974 CX02 193764 0.002757
193974 CX02 193757 0.002757
193974 CX02 193758 0.002757
193974 CX02 193759 0.002757
193974 CX02 193760 0.002757
193974 CX12 193762 0.952113
193974 CX12 193761 0.006841
193974 CX12 193764 0.006841
193974 CX12 193763 0.006841
193974 CX12 193757 0.006841
193974 CX12 193758 0.006841
193974 CX12 193759 0.006841
193974 CX12 193760 0.006841
193974 P2 193974 0.910000
193974 P2 193466 0.078000
193974 X0 193935 0.997774
193974 X0 193974 0.000742
193974 X0 194013 0.000742
193974 X0 194052 0.000742
194013 CX02 193764 0.980702
194013 CX02 193763 0.002757
194013 CX02 193762 0.002757
194013 CX02 193761 0.002757
194013 CX02 193760 0.002757
194013 CX02 193759 0.002757
194013 CX02 193758 0.002757
194013 CX02 193757 0.002757
194013 CX12 193763 0.952113
194013 CX12 193764 0.006841
194013 CX12 193761 0.006841
194013 CX12 193762 0.006841
194013 CX12 193760 0.006841
194013 CX12 193759 0.006841
194013 CX12 193758 0.006841
194013 CX12 193757 0.006841
194013 P2 194013 0.910000
194013 P2 193467 0.078000
194013 X0 194052 0.997774
194013 X0 194013 0.000742
194013 X0 193974 0.000742
194013 X0 193935 0.000742
194052 CX02 193759 0.980702
194052 CX02 193760 0.002757
194052 CX02 193757 0.002757
194052 CX02 193758 0.002757
194052 CX02 193763 0.002757
194052 CX02 193764 0.002757
194052 CX02 193761 0.002757
194052 CX02 193762 0.002757
194052 CX12 193759 0.952113
194052 CX12 193760 0.006841
194052 CX12 193757 0.006841
194052 CX12 193758 0.006841
194052 CX12 193764 0.006841
194052 CX12 193763 0.006841
194052 CX12 193762 0.006841
194052 CX12 193761 0.006841
194052 P2 194052 0.910000
194052 P2 193468 0.078000
194052 X0 194013 0.997774
194052 X0 194052 0.000742
194052 X0 193935 0.000742
194052 X0 193974 0.000742
ENDPOMDP
