BEGINPOMDP
INITIALSTATE: 51115
STATES: 51115,51116,51117,51118,51119,51136,51137,51138,51139,51140,51141,51142,51143,51162,51201,51240,51279,51300,51301,51302,51303,51592,51593,51594,51595,51596,51597,51598,51599,51770,51809,51848,51887
TARGETV: 51116,51118,51162,51240,51300,51303,51770,51887
GAMMA: 51115:0,51116:0,51117:0,51118:0,51119:0,51136:0,51137:0,51138:0,51139:0,51140:0,51141:0,51142:0,51143:0,51162:1,51201:1,51240:1,51279:1,51300:0,51301:0,51302:0,51303:0,51592:1,51593:1,51594:1,51595:1,51596:1,51597:1,51598:1,51599:1,51770:1,51809:1,51848:1,51887:1
BEGINACTIONS
CX02 Instruction.CNOT 0 2 -
CX12 Instruction.CNOT 1 2 -
P2 Instruction.MEAS - 2 -
X0 Instruction.X - 0 -
ENDACTIONS
51115 INIT_ 51116 0.250000
51115 INIT_ 51117 0.250000
51115 INIT_ 51118 0.250000
51115 INIT_ 51119 0.250000
51116 CX02 51136 0.994128
51116 CX02 51137 0.000839
51116 CX02 51138 0.000839
51116 CX02 51139 0.000839
51116 CX02 51140 0.000839
51116 CX02 51141 0.000839
51116 CX02 51142 0.000839
51116 CX02 51143 0.000839
51116 CX12 51136 0.993266
51116 CX12 51137 0.000962
51116 CX12 51138 0.000962
51116 CX12 51139 0.000962
51116 CX12 51141 0.000962
51116 CX12 51140 0.000962
51116 CX12 51143 0.000962
51116 CX12 51142 0.000962
51116 P2 51116 0.954200
51116 P2 51162 0.042400
51116 X0 51117 0.999752
51116 X0 51116 0.000083
51116 X0 51118 0.000083
51116 X0 51119 0.000083
51117 CX02 51141 0.994128
51117 CX02 51140 0.000839
51117 CX02 51143 0.000839
51117 CX02 51142 0.000839
51117 CX02 51137 0.000839
51117 CX02 51136 0.000839
51117 CX02 51139 0.000839
51117 CX02 51138 0.000839
51117 CX12 51140 0.993266
51117 CX12 51141 0.000962
51117 CX12 51142 0.000962
51117 CX12 51143 0.000962
51117 CX12 51137 0.000962
51117 CX12 51136 0.000962
51117 CX12 51139 0.000962
51117 CX12 51138 0.000962
51117 P2 51117 0.954200
51117 P2 51201 0.042400
51117 X0 51116 0.999752
51117 X0 51117 0.000083
51117 X0 51119 0.000083
51117 X0 51118 0.000083
51118 CX02 51139 0.994128
51118 CX02 51138 0.000839
51118 CX02 51137 0.000839
51118 CX02 51136 0.000839
51118 CX02 51143 0.000839
51118 CX02 51142 0.000839
51118 CX02 51141 0.000839
51118 CX02 51140 0.000839
51118 CX12 51139 0.993266
51118 CX12 51138 0.000962
51118 CX12 51137 0.000962
51118 CX12 51136 0.000962
51118 CX12 51142 0.000962
51118 CX12 51143 0.000962
51118 CX12 51140 0.000962
51118 CX12 51141 0.000962
51118 P2 51118 0.954200
51118 P2 51240 0.042400
51118 X0 51119 0.999752
51118 X0 51118 0.000083
51118 X0 51116 0.000083
51118 X0 51117 0.000083
51119 CX02 51142 0.994128
51119 CX02 51143 0.000839
51119 CX02 51140 0.000839
51119 CX02 51141 0.000839
51119 CX02 51138 0.000839
51119 CX02 51139 0.000839
51119 CX02 51136 0.000839
51119 CX02 51137 0.000839
51119 CX12 51143 0.993266
51119 CX12 51142 0.000962
51119 CX12 51141 0.000962
51119 CX12 51140 0.000962
51119 CX12 51138 0.000962
51119 CX12 51139 0.000962
51119 CX12 51136 0.000962
51119 CX12 51137 0.000962
51119 P2 51119 0.954200
51119 P2 51279 0.042400
51119 X0 51118 0.999752
51119 X0 51119 0.000083
51119 X0 51117 0.000083
51119 X0 51116 0.000083
51136 CX02 51116 0.994128
51136 CX02 51300 0.000839
51136 CX02 51117 0.000839
51136 CX02 51301 0.000839
51136 CX02 51119 0.000839
51136 CX02 51302 0.000839
51136 CX02 51118 0.000839
51136 CX02 51303 0.000839
51136 CX12 51116 0.993266
51136 CX12 51300 0.000962
51136 CX12 51117 0.000962
51136 CX12 51301 0.000962
51136 CX12 51119 0.000962
51136 CX12 51302 0.000962
51136 CX12 51118 0.000962
51136 CX12 51303 0.000962
51136 X0 51140 0.999752
51136 X0 51136 0.000083
51136 X0 51139 0.000083
51136 X0 51143 0.000083
51137 CX02 51300 0.994128
51137 CX02 51116 0.000839
51137 CX02 51301 0.000839
51137 CX02 51117 0.000839
51137 CX02 51302 0.000839
51137 CX02 51119 0.000839
51137 CX02 51303 0.000839
51137 CX02 51118 0.000839
51137 CX12 51300 0.993266
51137 CX12 51116 0.000962
51137 CX12 51301 0.000962
51137 CX12 51117 0.000962
51137 CX12 51302 0.000962
51137 CX12 51119 0.000962
51137 CX12 51303 0.000962
51137 CX12 51118 0.000962
51137 X0 51141 0.999752
51137 X0 51137 0.000083
51137 X0 51138 0.000083
51137 X0 51142 0.000083
51138 CX02 51303 0.994128
51138 CX02 51118 0.000839
51138 CX02 51302 0.000839
51138 CX02 51119 0.000839
51138 CX02 51301 0.000839
51138 CX02 51117 0.000839
51138 CX02 51300 0.000839
51138 CX02 51116 0.000839
51138 CX12 51303 0.993266
51138 CX12 51118 0.000962
51138 CX12 51302 0.000962
51138 CX12 51119 0.000962
51138 CX12 51301 0.000962
51138 CX12 51117 0.000962
51138 CX12 51300 0.000962
51138 CX12 51116 0.000962
51138 X0 51142 0.999752
51138 X0 51138 0.000083
51138 X0 51137 0.000083
51138 X0 51141 0.000083
51139 CX02 51118 0.994128
51139 CX02 51303 0.000839
51139 CX02 51119 0.000839
51139 CX02 51302 0.000839
51139 CX02 51117 0.000839
51139 CX02 51301 0.000839
51139 CX02 51116 0.000839
51139 CX02 51300 0.000839
51139 CX12 51118 0.993266
51139 CX12 51303 0.000962
51139 CX12 51119 0.000962
51139 CX12 51302 0.000962
51139 CX12 51117 0.000962
51139 CX12 51301 0.000962
51139 CX12 51116 0.000962
51139 CX12 51300 0.000962
51139 X0 51143 0.999752
51139 X0 51139 0.000083
51139 X0 51136 0.000083
51139 X0 51140 0.000083
51140 CX02 51301 0.994128
51140 CX02 51117 0.000839
51140 CX02 51300 0.000839
51140 CX02 51116 0.000839
51140 CX02 51303 0.000839
51140 CX02 51118 0.000839
51140 CX02 51302 0.000839
51140 CX02 51119 0.000839
51140 CX12 51117 0.993266
51140 CX12 51301 0.000962
51140 CX12 51116 0.000962
51140 CX12 51300 0.000962
51140 CX12 51118 0.000962
51140 CX12 51303 0.000962
51140 CX12 51119 0.000962
51140 CX12 51302 0.000962
51140 X0 51136 0.999752
51140 X0 51140 0.000083
51140 X0 51143 0.000083
51140 X0 51139 0.000083
51141 CX02 51117 0.994128
51141 CX02 51301 0.000839
51141 CX02 51116 0.000839
51141 CX02 51300 0.000839
51141 CX02 51118 0.000839
51141 CX02 51303 0.000839
51141 CX02 51119 0.000839
51141 CX02 51302 0.000839
51141 CX12 51301 0.993266
51141 CX12 51117 0.000962
51141 CX12 51300 0.000962
51141 CX12 51116 0.000962
51141 CX12 51303 0.000962
51141 CX12 51118 0.000962
51141 CX12 51302 0.000962
51141 CX12 51119 0.000962
51141 X0 51137 0.999752
51141 X0 51141 0.000083
51141 X0 51142 0.000083
51141 X0 51138 0.000083
51142 CX02 51119 0.994128
51142 CX02 51302 0.000839
51142 CX02 51118 0.000839
51142 CX02 51303 0.000839
51142 CX02 51116 0.000839
51142 CX02 51300 0.000839
51142 CX02 51117 0.000839
51142 CX02 51301 0.000839
51142 CX12 51302 0.993266
51142 CX12 51119 0.000962
51142 CX12 51303 0.000962
51142 CX12 51118 0.000962
51142 CX12 51300 0.000962
51142 CX12 51116 0.000962
51142 CX12 51301 0.000962
51142 CX12 51117 0.000962
51142 X0 51138 0.999752
51142 X0 51142 0.000083
51142 X0 51141 0.000083
51142 X0 51137 0.000083
51143 CX02 51302 0.994128
51143 CX02 51119 0.000839
51143 CX02 51303 0.000839
51143 CX02 51118 0.000839
51143 CX02 51300 0.000839
51143 CX02 51116 0.000839
51143 CX02 51301 0.000839
51143 CX02 51117 0.000839
51143 CX12 51119 0.993266
51143 CX12 51302 0.000962
51143 CX12 51118 0.000962
51143 CX12 51303 0.000962
51143 CX12 51116 0.000962
51143 CX12 51300 0.000962
51143 CX12 51117 0.000962
51143 CX12 51301 0.000962
51143 X0 51139 0.999752
51143 X0 51143 0.000083
51143 X0 51140 0.000083
51143 X0 51136 0.000083
51162 CX02 51592 0.994128
51162 CX02 51593 0.000839
51162 CX02 51594 0.000839
51162 CX02 51595 0.000839
51162 CX02 51596 0.000839
51162 CX02 51597 0.000839
51162 CX02 51598 0.000839
51162 CX02 51599 0.000839
51162 CX12 51592 0.993266
51162 CX12 51593 0.000962
51162 CX12 51594 0.000962
51162 CX12 51595 0.000962
51162 CX12 51597 0.000962
51162 CX12 51596 0.000962
51162 CX12 51599 0.000962
51162 CX12 51598 0.000962
51162 P2 51116 0.954200
51162 P2 51162 0.042400
51162 X0 51201 0.999752
51162 X0 51162 0.000083
51162 X0 51240 0.000083
51162 X0 51279 0.000083
51201 CX02 51597 0.994128
51201 CX02 51596 0.000839
51201 CX02 51599 0.000839
51201 CX02 51598 0.000839
51201 CX02 51593 0.000839
51201 CX02 51592 0.000839
51201 CX02 51595 0.000839
51201 CX02 51594 0.000839
51201 CX12 51596 0.993266
51201 CX12 51597 0.000962
51201 CX12 51598 0.000962
51201 CX12 51599 0.000962
51201 CX12 51593 0.000962
51201 CX12 51592 0.000962
51201 CX12 51595 0.000962
51201 CX12 51594 0.000962
51201 P2 51117 0.954200
51201 P2 51201 0.042400
51201 X0 51162 0.999752
51201 X0 51201 0.000083
51201 X0 51279 0.000083
51201 X0 51240 0.000083
51240 CX02 51595 0.994128
51240 CX02 51594 0.000839
51240 CX02 51593 0.000839
51240 CX02 51592 0.000839
51240 CX02 51599 0.000839
51240 CX02 51598 0.000839
51240 CX02 51597 0.000839
51240 CX02 51596 0.000839
51240 CX12 51595 0.993266
51240 CX12 51594 0.000962
51240 CX12 51593 0.000962
51240 CX12 51592 0.000962
51240 CX12 51598 0.000962
51240 CX12 51599 0.000962
51240 CX12 51596 0.000962
51240 CX12 51597 0.000962
51240 P2 51118 0.954200
51240 P2 51240 0.042400
51240 X0 51279 0.999752
51240 X0 51240 0.000083
51240 X0 51162 0.000083
51240 X0 51201 0.000083
51279 CX02 51598 0.994128
51279 CX02 51599 0.000839
51279 CX02 51596 0.000839
51279 CX02 51597 0.000839
51279 CX02 51594 0.000839
51279 CX02 51595 0.000839
51279 CX02 51592 0.000839
51279 CX02 51593 0.000839
51279 CX12 51599 0.993266
51279 CX12 51598 0.000962
51279 CX12 51597 0.000962
51279 CX12 51596 0.000962
51279 CX12 51594 0.000962
51279 CX12 51595 0.000962
51279 CX12 51592 0.000962
51279 CX12 51593 0.000962
51279 P2 51119 0.954200
51279 P2 51279 0.042400
51279 X0 51240 0.999752
51279 X0 51279 0.000083
51279 X0 51201 0.000083
51279 X0 51162 0.000083
51300 CX02 51137 0.994128
51300 CX02 51136 0.000839
51300 CX02 51139 0.000839
51300 CX02 51138 0.000839
51300 CX02 51141 0.000839
51300 CX02 51140 0.000839
51300 CX02 51143 0.000839
51300 CX02 51142 0.000839
51300 CX12 51137 0.993266
51300 CX12 51136 0.000962
51300 CX12 51139 0.000962
51300 CX12 51138 0.000962
51300 CX12 51140 0.000962
51300 CX12 51141 0.000962
51300 CX12 51142 0.000962
51300 CX12 51143 0.000962
51300 P2 51770 0.957600
51300 P2 51300 0.045800
51300 X0 51301 0.999752
51300 X0 51300 0.000083
51300 X0 51303 0.000083
51300 X0 51302 0.000083
51301 CX02 51140 0.994128
51301 CX02 51141 0.000839
51301 CX02 51142 0.000839
51301 CX02 51143 0.000839
51301 CX02 51136 0.000839
51301 CX02 51137 0.000839
51301 CX02 51138 0.000839
51301 CX02 51139 0.000839
51301 CX12 51141 0.993266
51301 CX12 51140 0.000962
51301 CX12 51143 0.000962
51301 CX12 51142 0.000962
51301 CX12 51136 0.000962
51301 CX12 51137 0.000962
51301 CX12 51138 0.000962
51301 CX12 51139 0.000962
51301 P2 51809 0.957600
51301 P2 51301 0.045800
51301 X0 51300 0.999752
51301 X0 51301 0.000083
51301 X0 51302 0.000083
51301 X0 51303 0.000083
51302 CX02 51143 0.994128
51302 CX02 51142 0.000839
51302 CX02 51141 0.000839
51302 CX02 51140 0.000839
51302 CX02 51139 0.000839
51302 CX02 51138 0.000839
51302 CX02 51137 0.000839
51302 CX02 51136 0.000839
51302 CX12 51142 0.993266
51302 CX12 51143 0.000962
51302 CX12 51140 0.000962
51302 CX12 51141 0.000962
51302 CX12 51139 0.000962
51302 CX12 51138 0.000962
51302 CX12 51137 0.000962
51302 CX12 51136 0.000962
51302 P2 51848 0.957600
51302 P2 51302 0.045800
51302 X0 51303 0.999752
51302 X0 51302 0.000083
51302 X0 51301 0.000083
51302 X0 51300 0.000083
51303 CX02 51138 0.994128
51303 CX02 51139 0.000839
51303 CX02 51136 0.000839
51303 CX02 51137 0.000839
51303 CX02 51142 0.000839
51303 CX02 51143 0.000839
51303 CX02 51140 0.000839
51303 CX02 51141 0.000839
51303 CX12 51138 0.993266
51303 CX12 51139 0.000962
51303 CX12 51136 0.000962
51303 CX12 51137 0.000962
51303 CX12 51143 0.000962
51303 CX12 51142 0.000962
51303 CX12 51141 0.000962
51303 CX12 51140 0.000962
51303 P2 51887 0.957600
51303 P2 51303 0.045800
51303 X0 51302 0.999752
51303 X0 51303 0.000083
51303 X0 51300 0.000083
51303 X0 51301 0.000083
51592 CX02 51162 0.994128
51592 CX02 51770 0.000839
51592 CX02 51201 0.000839
51592 CX02 51809 0.000839
51592 CX02 51279 0.000839
51592 CX02 51848 0.000839
51592 CX02 51240 0.000839
51592 CX02 51887 0.000839
51592 CX12 51162 0.993266
51592 CX12 51770 0.000962
51592 CX12 51201 0.000962
51592 CX12 51809 0.000962
51592 CX12 51279 0.000962
51592 CX12 51848 0.000962
51592 CX12 51240 0.000962
51592 CX12 51887 0.000962
51592 X0 51596 0.999752
51592 X0 51592 0.000083
51592 X0 51595 0.000083
51592 X0 51599 0.000083
51593 CX02 51770 0.994128
51593 CX02 51162 0.000839
51593 CX02 51809 0.000839
51593 CX02 51201 0.000839
51593 CX02 51848 0.000839
51593 CX02 51279 0.000839
51593 CX02 51887 0.000839
51593 CX02 51240 0.000839
51593 CX12 51770 0.993266
51593 CX12 51162 0.000962
51593 CX12 51809 0.000962
51593 CX12 51201 0.000962
51593 CX12 51848 0.000962
51593 CX12 51279 0.000962
51593 CX12 51887 0.000962
51593 CX12 51240 0.000962
51593 X0 51597 0.999752
51593 X0 51593 0.000083
51593 X0 51594 0.000083
51593 X0 51598 0.000083
51594 CX02 51887 0.994128
51594 CX02 51240 0.000839
51594 CX02 51848 0.000839
51594 CX02 51279 0.000839
51594 CX02 51809 0.000839
51594 CX02 51201 0.000839
51594 CX02 51770 0.000839
51594 CX02 51162 0.000839
51594 CX12 51887 0.993266
51594 CX12 51240 0.000962
51594 CX12 51848 0.000962
51594 CX12 51279 0.000962
51594 CX12 51809 0.000962
51594 CX12 51201 0.000962
51594 CX12 51770 0.000962
51594 CX12 51162 0.000962
51594 X0 51598 0.999752
51594 X0 51594 0.000083
51594 X0 51593 0.000083
51594 X0 51597 0.000083
51595 CX02 51240 0.994128
51595 CX02 51887 0.000839
51595 CX02 51279 0.000839
51595 CX02 51848 0.000839
51595 CX02 51201 0.000839
51595 CX02 51809 0.000839
51595 CX02 51162 0.000839
51595 CX02 51770 0.000839
51595 CX12 51240 0.993266
51595 CX12 51887 0.000962
51595 CX12 51279 0.000962
51595 CX12 51848 0.000962
51595 CX12 51201 0.000962
51595 CX12 51809 0.000962
51595 CX12 51162 0.000962
51595 CX12 51770 0.000962
51595 X0 51599 0.999752
51595 X0 51595 0.000083
51595 X0 51592 0.000083
51595 X0 51596 0.000083
51596 CX02 51809 0.994128
51596 CX02 51201 0.000839
51596 CX02 51770 0.000839
51596 CX02 51162 0.000839
51596 CX02 51887 0.000839
51596 CX02 51240 0.000839
51596 CX02 51848 0.000839
51596 CX02 51279 0.000839
51596 CX12 51201 0.993266
51596 CX12 51809 0.000962
51596 CX12 51162 0.000962
51596 CX12 51770 0.000962
51596 CX12 51240 0.000962
51596 CX12 51887 0.000962
51596 CX12 51279 0.000962
51596 CX12 51848 0.000962
51596 X0 51592 0.999752
51596 X0 51596 0.000083
51596 X0 51599 0.000083
51596 X0 51595 0.000083
51597 CX02 51201 0.994128
51597 CX02 51809 0.000839
51597 CX02 51162 0.000839
51597 CX02 51770 0.000839
51597 CX02 51240 0.000839
51597 CX02 51887 0.000839
51597 CX02 51279 0.000839
51597 CX02 51848 0.000839
51597 CX12 51809 0.993266
51597 CX12 51201 0.000962
51597 CX12 51770 0.000962
51597 CX12 51162 0.000962
51597 CX12 51887 0.000962
51597 CX12 51240 0.000962
51597 CX12 51848 0.000962
51597 CX12 51279 0.000962
51597 X0 51593 0.999752
51597 X0 51597 0.000083
51597 X0 51598 0.000083
51597 X0 51594 0.000083
51598 CX02 51279 0.994128
51598 CX02 51848 0.000839
51598 CX02 51240 0.000839
51598 CX02 51887 0.000839
51598 CX02 51162 0.000839
51598 CX02 51770 0.000839
51598 CX02 51201 0.000839
51598 CX02 51809 0.000839
51598 CX12 51848 0.993266
51598 CX12 51279 0.000962
51598 CX12 51887 0.000962
51598 CX12 51240 0.000962
51598 CX12 51770 0.000962
51598 CX12 51162 0.000962
51598 CX12 51809 0.000962
51598 CX12 51201 0.000962
51598 X0 51594 0.999752
51598 X0 51598 0.000083
51598 X0 51597 0.000083
51598 X0 51593 0.000083
51599 CX02 51848 0.994128
51599 CX02 51279 0.000839
51599 CX02 51887 0.000839
51599 CX02 51240 0.000839
51599 CX02 51770 0.000839
51599 CX02 51162 0.000839
51599 CX02 51809 0.000839
51599 CX02 51201 0.000839
51599 CX12 51279 0.993266
51599 CX12 51848 0.000962
51599 CX12 51240 0.000962
51599 CX12 51887 0.000962
51599 CX12 51162 0.000962
51599 CX12 51770 0.000962
51599 CX12 51201 0.000962
51599 CX12 51809 0.000962
51599 X0 51595 0.999752
51599 X0 51599 0.000083
51599 X0 51596 0.000083
51599 X0 51592 0.000083
51770 CX02 51593 0.994128
51770 CX02 51592 0.000839
51770 CX02 51595 0.000839
51770 CX02 51594 0.000839
51770 CX02 51597 0.000839
51770 CX02 51596 0.000839
51770 CX02 51599 0.000839
51770 CX02 51598 0.000839
51770 CX12 51593 0.993266
51770 CX12 51592 0.000962
51770 CX12 51595 0.000962
51770 CX12 51594 0.000962
51770 CX12 51596 0.000962
51770 CX12 51597 0.000962
51770 CX12 51598 0.000962
51770 CX12 51599 0.000962
51770 P2 51770 0.957600
51770 P2 51300 0.045800
51770 X0 51809 0.999752
51770 X0 51770 0.000083
51770 X0 51887 0.000083
51770 X0 51848 0.000083
51809 CX02 51596 0.994128
51809 CX02 51597 0.000839
51809 CX02 51598 0.000839
51809 CX02 51599 0.000839
51809 CX02 51592 0.000839
51809 CX02 51593 0.000839
51809 CX02 51594 0.000839
51809 CX02 51595 0.000839
51809 CX12 51597 0.993266
51809 CX12 51596 0.000962
51809 CX12 51599 0.000962
51809 CX12 51598 0.000962
51809 CX12 51592 0.000962
51809 CX12 51593 0.000962
51809 CX12 51594 0.000962
51809 CX12 51595 0.000962
51809 P2 51809 0.957600
51809 P2 51301 0.045800
51809 X0 51770 0.999752
51809 X0 51809 0.000083
51809 X0 51848 0.000083
51809 X0 51887 0.000083
51848 CX02 51599 0.994128
51848 CX02 51598 0.000839
51848 CX02 51597 0.000839
51848 CX02 51596 0.000839
51848 CX02 51595 0.000839
51848 CX02 51594 0.000839
51848 CX02 51593 0.000839
51848 CX02 51592 0.000839
51848 CX12 51598 0.993266
51848 CX12 51599 0.000962
51848 CX12 51596 0.000962
51848 CX12 51597 0.000962
51848 CX12 51595 0.000962
51848 CX12 51594 0.000962
51848 CX12 51593 0.000962
51848 CX12 51592 0.000962
51848 P2 51848 0.957600
51848 P2 51302 0.045800
51848 X0 51887 0.999752
51848 X0 51848 0.000083
51848 X0 51809 0.000083
51848 X0 51770 0.000083
51887 CX02 51594 0.994128
51887 CX02 51595 0.000839
51887 CX02 51592 0.000839
51887 CX02 51593 0.000839
51887 CX02 51598 0.000839
51887 CX02 51599 0.000839
51887 CX02 51596 0.000839
51887 CX02 51597 0.000839
51887 CX12 51594 0.993266
51887 CX12 51595 0.000962
51887 CX12 51592 0.000962
51887 CX12 51593 0.000962
51887 CX12 51599 0.000962
51887 CX12 51598 0.000962
51887 CX12 51597 0.000962
51887 CX12 51596 0.000962
51887 P2 51887 0.957600
51887 P2 51303 0.045800
51887 X0 51848 0.999752
51887 X0 51887 0.000083
51887 X0 51770 0.000083
51887 X0 51809 0.000083
ENDPOMDP
