BEGINPOMDP
INITIALSTATE: 154336
STATES: 154336,154337,154338,154339,154340,154357,154358,154359,154360,154361,154362,154363,154364,154383,154422,154461,154500,154521,154522,154523,154524,154813,154814,154815,154816,154817,154818,154819,154820,154991,155030,155069,155108
TARGETV: 154337,154339,154383,154461,154521,154524,154991,155108
GAMMA: 154336:0,154337:0,154338:0,154339:0,154340:0,154357:0,154358:0,154359:0,154360:0,154361:0,154362:0,154363:0,154364:0,154383:1,154422:1,154461:1,154500:1,154521:0,154522:0,154523:0,154524:0,154813:1,154814:1,154815:1,154816:1,154817:1,154818:1,154819:1,154820:1,154991:1,155030:1,155069:1,155108:1
BEGINACTIONS
CX02 Instruction.CNOT 0 2 -
CX12 Instruction.CNOT 1 2 -
P2 Instruction.MEAS - 2 -
X0 Instruction.X - 0 -
ENDACTIONS
154336 INIT_ 154337 0.250000
154336 INIT_ 154338 0.250000
154336 INIT_ 154339 0.250000
154336 INIT_ 154340 0.250000
154337 CX02 154357 0.939850
154337 CX02 154358 0.008593
154337 CX02 154359 0.008593
154337 CX02 154360 0.008593
154337 CX02 154361 0.008593
154337 CX02 154362 0.008593
154337 CX02 154363 0.008593
154337 CX02 154364 0.008593
154337 CX12 154357 0.958666
154337 CX12 154358 0.005905
154337 CX12 154359 0.005905
154337 CX12 154360 0.005905
154337 CX12 154362 0.005905
154337 CX12 154361 0.005905
154337 CX12 154364 0.005905
154337 CX12 154363 0.005905
154337 P2 154337 0.980800
154337 P2 154383 0.096400
154337 X0 154338 0.997511
154337 X0 154337 0.000830
154337 X0 154339 0.000830
154337 X0 154340 0.000830
154338 CX02 154362 0.939850
154338 CX02 154361 0.008593
154338 CX02 154364 0.008593
154338 CX02 154363 0.008593
154338 CX02 154358 0.008593
154338 CX02 154357 0.008593
154338 CX02 154360 0.008593
154338 CX02 154359 0.008593
154338 CX12 154361 0.958666
154338 CX12 154362 0.005905
154338 CX12 154363 0.005905
154338 CX12 154364 0.005905
154338 CX12 154358 0.005905
154338 CX12 154357 0.005905
154338 CX12 154360 0.005905
154338 CX12 154359 0.005905
154338 P2 154338 0.980800
154338 P2 154422 0.096400
154338 X0 154337 0.997511
154338 X0 154338 0.000830
154338 X0 154340 0.000830
154338 X0 154339 0.000830
154339 CX02 154360 0.939850
154339 CX02 154359 0.008593
154339 CX02 154358 0.008593
154339 CX02 154357 0.008593
154339 CX02 154364 0.008593
154339 CX02 154363 0.008593
154339 CX02 154362 0.008593
154339 CX02 154361 0.008593
154339 CX12 154360 0.958666
154339 CX12 154359 0.005905
154339 CX12 154358 0.005905
154339 CX12 154357 0.005905
154339 CX12 154363 0.005905
154339 CX12 154364 0.005905
154339 CX12 154361 0.005905
154339 CX12 154362 0.005905
154339 P2 154339 0.980800
154339 P2 154461 0.096400
154339 X0 154340 0.997511
154339 X0 154339 0.000830
154339 X0 154337 0.000830
154339 X0 154338 0.000830
154340 CX02 154363 0.939850
154340 CX02 154364 0.008593
154340 CX02 154361 0.008593
154340 CX02 154362 0.008593
154340 CX02 154359 0.008593
154340 CX02 154360 0.008593
154340 CX02 154357 0.008593
154340 CX02 154358 0.008593
154340 CX12 154364 0.958666
154340 CX12 154363 0.005905
154340 CX12 154362 0.005905
154340 CX12 154361 0.005905
154340 CX12 154359 0.005905
154340 CX12 154360 0.005905
154340 CX12 154357 0.005905
154340 CX12 154358 0.005905
154340 P2 154340 0.980800
154340 P2 154500 0.096400
154340 X0 154339 0.997511
154340 X0 154340 0.000830
154340 X0 154338 0.000830
154340 X0 154337 0.000830
154357 CX02 154337 0.939850
154357 CX02 154521 0.008593
154357 CX02 154338 0.008593
154357 CX02 154522 0.008593
154357 CX02 154340 0.008593
154357 CX02 154523 0.008593
154357 CX02 154339 0.008593
154357 CX02 154524 0.008593
154357 CX12 154337 0.958666
154357 CX12 154521 0.005905
154357 CX12 154338 0.005905
154357 CX12 154522 0.005905
154357 CX12 154340 0.005905
154357 CX12 154523 0.005905
154357 CX12 154339 0.005905
154357 CX12 154524 0.005905
154357 X0 154361 0.997511
154357 X0 154357 0.000830
154357 X0 154360 0.000830
154357 X0 154364 0.000830
154358 CX02 154521 0.939850
154358 CX02 154337 0.008593
154358 CX02 154522 0.008593
154358 CX02 154338 0.008593
154358 CX02 154523 0.008593
154358 CX02 154340 0.008593
154358 CX02 154524 0.008593
154358 CX02 154339 0.008593
154358 CX12 154521 0.958666
154358 CX12 154337 0.005905
154358 CX12 154522 0.005905
154358 CX12 154338 0.005905
154358 CX12 154523 0.005905
154358 CX12 154340 0.005905
154358 CX12 154524 0.005905
154358 CX12 154339 0.005905
154358 X0 154362 0.997511
154358 X0 154358 0.000830
154358 X0 154359 0.000830
154358 X0 154363 0.000830
154359 CX02 154524 0.939850
154359 CX02 154339 0.008593
154359 CX02 154523 0.008593
154359 CX02 154340 0.008593
154359 CX02 154522 0.008593
154359 CX02 154338 0.008593
154359 CX02 154521 0.008593
154359 CX02 154337 0.008593
154359 CX12 154524 0.958666
154359 CX12 154339 0.005905
154359 CX12 154523 0.005905
154359 CX12 154340 0.005905
154359 CX12 154522 0.005905
154359 CX12 154338 0.005905
154359 CX12 154521 0.005905
154359 CX12 154337 0.005905
154359 X0 154363 0.997511
154359 X0 154359 0.000830
154359 X0 154358 0.000830
154359 X0 154362 0.000830
154360 CX02 154339 0.939850
154360 CX02 154524 0.008593
154360 CX02 154340 0.008593
154360 CX02 154523 0.008593
154360 CX02 154338 0.008593
154360 CX02 154522 0.008593
154360 CX02 154337 0.008593
154360 CX02 154521 0.008593
154360 CX12 154339 0.958666
154360 CX12 154524 0.005905
154360 CX12 154340 0.005905
154360 CX12 154523 0.005905
154360 CX12 154338 0.005905
154360 CX12 154522 0.005905
154360 CX12 154337 0.005905
154360 CX12 154521 0.005905
154360 X0 154364 0.997511
154360 X0 154360 0.000830
154360 X0 154357 0.000830
154360 X0 154361 0.000830
154361 CX02 154522 0.939850
154361 CX02 154338 0.008593
154361 CX02 154521 0.008593
154361 CX02 154337 0.008593
154361 CX02 154524 0.008593
154361 CX02 154339 0.008593
154361 CX02 154523 0.008593
154361 CX02 154340 0.008593
154361 CX12 154338 0.958666
154361 CX12 154522 0.005905
154361 CX12 154337 0.005905
154361 CX12 154521 0.005905
154361 CX12 154339 0.005905
154361 CX12 154524 0.005905
154361 CX12 154340 0.005905
154361 CX12 154523 0.005905
154361 X0 154357 0.997511
154361 X0 154361 0.000830
154361 X0 154364 0.000830
154361 X0 154360 0.000830
154362 CX02 154338 0.939850
154362 CX02 154522 0.008593
154362 CX02 154337 0.008593
154362 CX02 154521 0.008593
154362 CX02 154339 0.008593
154362 CX02 154524 0.008593
154362 CX02 154340 0.008593
154362 CX02 154523 0.008593
154362 CX12 154522 0.958666
154362 CX12 154338 0.005905
154362 CX12 154521 0.005905
154362 CX12 154337 0.005905
154362 CX12 154524 0.005905
154362 CX12 154339 0.005905
154362 CX12 154523 0.005905
154362 CX12 154340 0.005905
154362 X0 154358 0.997511
154362 X0 154362 0.000830
154362 X0 154363 0.000830
154362 X0 154359 0.000830
154363 CX02 154340 0.939850
154363 CX02 154523 0.008593
154363 CX02 154339 0.008593
154363 CX02 154524 0.008593
154363 CX02 154337 0.008593
154363 CX02 154521 0.008593
154363 CX02 154338 0.008593
154363 CX02 154522 0.008593
154363 CX12 154523 0.958666
154363 CX12 154340 0.005905
154363 CX12 154524 0.005905
154363 CX12 154339 0.005905
154363 CX12 154521 0.005905
154363 CX12 154337 0.005905
154363 CX12 154522 0.005905
154363 CX12 154338 0.005905
154363 X0 154359 0.997511
154363 X0 154363 0.000830
154363 X0 154362 0.000830
154363 X0 154358 0.000830
154364 CX02 154523 0.939850
154364 CX02 154340 0.008593
154364 CX02 154524 0.008593
154364 CX02 154339 0.008593
154364 CX02 154521 0.008593
154364 CX02 154337 0.008593
154364 CX02 154522 0.008593
154364 CX02 154338 0.008593
154364 CX12 154340 0.958666
154364 CX12 154523 0.005905
154364 CX12 154339 0.005905
154364 CX12 154524 0.005905
154364 CX12 154337 0.005905
154364 CX12 154521 0.005905
154364 CX12 154338 0.005905
154364 CX12 154522 0.005905
154364 X0 154360 0.997511
154364 X0 154364 0.000830
154364 X0 154361 0.000830
154364 X0 154357 0.000830
154383 CX02 154813 0.939850
154383 CX02 154814 0.008593
154383 CX02 154815 0.008593
154383 CX02 154816 0.008593
154383 CX02 154817 0.008593
154383 CX02 154818 0.008593
154383 CX02 154819 0.008593
154383 CX02 154820 0.008593
154383 CX12 154813 0.958666
154383 CX12 154814 0.005905
154383 CX12 154815 0.005905
154383 CX12 154816 0.005905
154383 CX12 154818 0.005905
154383 CX12 154817 0.005905
154383 CX12 154820 0.005905
154383 CX12 154819 0.005905
154383 P2 154337 0.980800
154383 P2 154383 0.096400
154383 X0 154422 0.997511
154383 X0 154383 0.000830
154383 X0 154461 0.000830
154383 X0 154500 0.000830
154422 CX02 154818 0.939850
154422 CX02 154817 0.008593
154422 CX02 154820 0.008593
154422 CX02 154819 0.008593
154422 CX02 154814 0.008593
154422 CX02 154813 0.008593
154422 CX02 154816 0.008593
154422 CX02 154815 0.008593
154422 CX12 154817 0.958666
154422 CX12 154818 0.005905
154422 CX12 154819 0.005905
154422 CX12 154820 0.005905
154422 CX12 154814 0.005905
154422 CX12 154813 0.005905
154422 CX12 154816 0.005905
154422 CX12 154815 0.005905
154422 P2 154338 0.980800
154422 P2 154422 0.096400
154422 X0 154383 0.997511
154422 X0 154422 0.000830
154422 X0 154500 0.000830
154422 X0 154461 0.000830
154461 CX02 154816 0.939850
154461 CX02 154815 0.008593
154461 CX02 154814 0.008593
154461 CX02 154813 0.008593
154461 CX02 154820 0.008593
154461 CX02 154819 0.008593
154461 CX02 154818 0.008593
154461 CX02 154817 0.008593
154461 CX12 154816 0.958666
154461 CX12 154815 0.005905
154461 CX12 154814 0.005905
154461 CX12 154813 0.005905
154461 CX12 154819 0.005905
154461 CX12 154820 0.005905
154461 CX12 154817 0.005905
154461 CX12 154818 0.005905
154461 P2 154339 0.980800
154461 P2 154461 0.096400
154461 X0 154500 0.997511
154461 X0 154461 0.000830
154461 X0 154383 0.000830
154461 X0 154422 0.000830
154500 CX02 154819 0.939850
154500 CX02 154820 0.008593
154500 CX02 154817 0.008593
154500 CX02 154818 0.008593
154500 CX02 154815 0.008593
154500 CX02 154816 0.008593
154500 CX02 154813 0.008593
154500 CX02 154814 0.008593
154500 CX12 154820 0.958666
154500 CX12 154819 0.005905
154500 CX12 154818 0.005905
154500 CX12 154817 0.005905
154500 CX12 154815 0.005905
154500 CX12 154816 0.005905
154500 CX12 154813 0.005905
154500 CX12 154814 0.005905
154500 P2 154340 0.980800
154500 P2 154500 0.096400
154500 X0 154461 0.997511
154500 X0 154500 0.000830
154500 X0 154422 0.000830
154500 X0 154383 0.000830
154521 CX02 154358 0.939850
154521 CX02 154357 0.008593
154521 CX02 154360 0.008593
154521 CX02 154359 0.008593
154521 CX02 154362 0.008593
154521 CX02 154361 0.008593
154521 CX02 154364 0.008593
154521 CX02 154363 0.008593
154521 CX12 154358 0.958666
154521 CX12 154357 0.005905
154521 CX12 154360 0.005905
154521 CX12 154359 0.005905
154521 CX12 154361 0.005905
154521 CX12 154362 0.005905
154521 CX12 154363 0.005905
154521 CX12 154364 0.005905
154521 P2 154991 0.903600
154521 P2 154521 0.019200
154521 X0 154522 0.997511
154521 X0 154521 0.000830
154521 X0 154524 0.000830
154521 X0 154523 0.000830
154522 CX02 154361 0.939850
154522 CX02 154362 0.008593
154522 CX02 154363 0.008593
154522 CX02 154364 0.008593
154522 CX02 154357 0.008593
154522 CX02 154358 0.008593
154522 CX02 154359 0.008593
154522 CX02 154360 0.008593
154522 CX12 154362 0.958666
154522 CX12 154361 0.005905
154522 CX12 154364 0.005905
154522 CX12 154363 0.005905
154522 CX12 154357 0.005905
154522 CX12 154358 0.005905
154522 CX12 154359 0.005905
154522 CX12 154360 0.005905
154522 P2 155030 0.903600
154522 P2 154522 0.019200
154522 X0 154521 0.997511
154522 X0 154522 0.000830
154522 X0 154523 0.000830
154522 X0 154524 0.000830
154523 CX02 154364 0.939850
154523 CX02 154363 0.008593
154523 CX02 154362 0.008593
154523 CX02 154361 0.008593
154523 CX02 154360 0.008593
154523 CX02 154359 0.008593
154523 CX02 154358 0.008593
154523 CX02 154357 0.008593
154523 CX12 154363 0.958666
154523 CX12 154364 0.005905
154523 CX12 154361 0.005905
154523 CX12 154362 0.005905
154523 CX12 154360 0.005905
154523 CX12 154359 0.005905
154523 CX12 154358 0.005905
154523 CX12 154357 0.005905
154523 P2 155069 0.903600
154523 P2 154523 0.019200
154523 X0 154524 0.997511
154523 X0 154523 0.000830
154523 X0 154522 0.000830
154523 X0 154521 0.000830
154524 CX02 154359 0.939850
154524 CX02 154360 0.008593
154524 CX02 154357 0.008593
154524 CX02 154358 0.008593
154524 CX02 154363 0.008593
154524 CX02 154364 0.008593
154524 CX02 154361 0.008593
154524 CX02 154362 0.008593
154524 CX12 154359 0.958666
154524 CX12 154360 0.005905
154524 CX12 154357 0.005905
154524 CX12 154358 0.005905
154524 CX12 154364 0.005905
154524 CX12 154363 0.005905
154524 CX12 154362 0.005905
154524 CX12 154361 0.005905
154524 P2 155108 0.903600
154524 P2 154524 0.019200
154524 X0 154523 0.997511
154524 X0 154524 0.000830
154524 X0 154521 0.000830
154524 X0 154522 0.000830
154813 CX02 154383 0.939850
154813 CX02 154991 0.008593
154813 CX02 154422 0.008593
154813 CX02 155030 0.008593
154813 CX02 154500 0.008593
154813 CX02 155069 0.008593
154813 CX02 154461 0.008593
154813 CX02 155108 0.008593
154813 CX12 154383 0.958666
154813 CX12 154991 0.005905
154813 CX12 154422 0.005905
154813 CX12 155030 0.005905
154813 CX12 154500 0.005905
154813 CX12 155069 0.005905
154813 CX12 154461 0.005905
154813 CX12 155108 0.005905
154813 X0 154817 0.997511
154813 X0 154813 0.000830
154813 X0 154816 0.000830
154813 X0 154820 0.000830
154814 CX02 154991 0.939850
154814 CX02 154383 0.008593
154814 CX02 155030 0.008593
154814 CX02 154422 0.008593
154814 CX02 155069 0.008593
154814 CX02 154500 0.008593
154814 CX02 155108 0.008593
154814 CX02 154461 0.008593
154814 CX12 154991 0.958666
154814 CX12 154383 0.005905
154814 CX12 155030 0.005905
154814 CX12 154422 0.005905
154814 CX12 155069 0.005905
154814 CX12 154500 0.005905
154814 CX12 155108 0.005905
154814 CX12 154461 0.005905
154814 X0 154818 0.997511
154814 X0 154814 0.000830
154814 X0 154815 0.000830
154814 X0 154819 0.000830
154815 CX02 155108 0.939850
154815 CX02 154461 0.008593
154815 CX02 155069 0.008593
154815 CX02 154500 0.008593
154815 CX02 155030 0.008593
154815 CX02 154422 0.008593
154815 CX02 154991 0.008593
154815 CX02 154383 0.008593
154815 CX12 155108 0.958666
154815 CX12 154461 0.005905
154815 CX12 155069 0.005905
154815 CX12 154500 0.005905
154815 CX12 155030 0.005905
154815 CX12 154422 0.005905
154815 CX12 154991 0.005905
154815 CX12 154383 0.005905
154815 X0 154819 0.997511
154815 X0 154815 0.000830
154815 X0 154814 0.000830
154815 X0 154818 0.000830
154816 CX02 154461 0.939850
154816 CX02 155108 0.008593
154816 CX02 154500 0.008593
154816 CX02 155069 0.008593
154816 CX02 154422 0.008593
154816 CX02 155030 0.008593
154816 CX02 154383 0.008593
154816 CX02 154991 0.008593
154816 CX12 154461 0.958666
154816 CX12 155108 0.005905
154816 CX12 154500 0.005905
154816 CX12 155069 0.005905
154816 CX12 154422 0.005905
154816 CX12 155030 0.005905
154816 CX12 154383 0.005905
154816 CX12 154991 0.005905
154816 X0 154820 0.997511
154816 X0 154816 0.000830
154816 X0 154813 0.000830
154816 X0 154817 0.000830
154817 CX02 155030 0.939850
154817 CX02 154422 0.008593
154817 CX02 154991 0.008593
154817 CX02 154383 0.008593
154817 CX02 155108 0.008593
154817 CX02 154461 0.008593
154817 CX02 155069 0.008593
154817 CX02 154500 0.008593
154817 CX12 154422 0.958666
154817 CX12 155030 0.005905
154817 CX12 154383 0.005905
154817 CX12 154991 0.005905
154817 CX12 154461 0.005905
154817 CX12 155108 0.005905
154817 CX12 154500 0.005905
154817 CX12 155069 0.005905
154817 X0 154813 0.997511
154817 X0 154817 0.000830
154817 X0 154820 0.000830
154817 X0 154816 0.000830
154818 CX02 154422 0.939850
154818 CX02 155030 0.008593
154818 CX02 154383 0.008593
154818 CX02 154991 0.008593
154818 CX02 154461 0.008593
154818 CX02 155108 0.008593
154818 CX02 154500 0.008593
154818 CX02 155069 0.008593
154818 CX12 155030 0.958666
154818 CX12 154422 0.005905
154818 CX12 154991 0.005905
154818 CX12 154383 0.005905
154818 CX12 155108 0.005905
154818 CX12 154461 0.005905
154818 CX12 155069 0.005905
154818 CX12 154500 0.005905
154818 X0 154814 0.997511
154818 X0 154818 0.000830
154818 X0 154819 0.000830
154818 X0 154815 0.000830
154819 CX02 154500 0.939850
154819 CX02 155069 0.008593
154819 CX02 154461 0.008593
154819 CX02 155108 0.008593
154819 CX02 154383 0.008593
154819 CX02 154991 0.008593
154819 CX02 154422 0.008593
154819 CX02 155030 0.008593
154819 CX12 155069 0.958666
154819 CX12 154500 0.005905
154819 CX12 155108 0.005905
154819 CX12 154461 0.005905
154819 CX12 154991 0.005905
154819 CX12 154383 0.005905
154819 CX12 155030 0.005905
154819 CX12 154422 0.005905
154819 X0 154815 0.997511
154819 X0 154819 0.000830
154819 X0 154818 0.000830
154819 X0 154814 0.000830
154820 CX02 155069 0.939850
154820 CX02 154500 0.008593
154820 CX02 155108 0.008593
154820 CX02 154461 0.008593
154820 CX02 154991 0.008593
154820 CX02 154383 0.008593
154820 CX02 155030 0.008593
154820 CX02 154422 0.008593
154820 CX12 154500 0.958666
154820 CX12 155069 0.005905
154820 CX12 154461 0.005905
154820 CX12 155108 0.005905
154820 CX12 154383 0.005905
154820 CX12 154991 0.005905
154820 CX12 154422 0.005905
154820 CX12 155030 0.005905
154820 X0 154816 0.997511
154820 X0 154820 0.000830
154820 X0 154817 0.000830
154820 X0 154813 0.000830
154991 CX02 154814 0.939850
154991 CX02 154813 0.008593
154991 CX02 154816 0.008593
154991 CX02 154815 0.008593
154991 CX02 154818 0.008593
154991 CX02 154817 0.008593
154991 CX02 154820 0.008593
154991 CX02 154819 0.008593
154991 CX12 154814 0.958666
154991 CX12 154813 0.005905
154991 CX12 154816 0.005905
154991 CX12 154815 0.005905
154991 CX12 154817 0.005905
154991 CX12 154818 0.005905
154991 CX12 154819 0.005905
154991 CX12 154820 0.005905
154991 P2 154991 0.903600
154991 P2 154521 0.019200
154991 X0 155030 0.997511
154991 X0 154991 0.000830
154991 X0 155108 0.000830
154991 X0 155069 0.000830
155030 CX02 154817 0.939850
155030 CX02 154818 0.008593
155030 CX02 154819 0.008593
155030 CX02 154820 0.008593
155030 CX02 154813 0.008593
155030 CX02 154814 0.008593
155030 CX02 154815 0.008593
155030 CX02 154816 0.008593
155030 CX12 154818 0.958666
155030 CX12 154817 0.005905
155030 CX12 154820 0.005905
155030 CX12 154819 0.005905
155030 CX12 154813 0.005905
155030 CX12 154814 0.005905
155030 CX12 154815 0.005905
155030 CX12 154816 0.005905
155030 P2 155030 0.903600
155030 P2 154522 0.019200
155030 X0 154991 0.997511
155030 X0 155030 0.000830
155030 X0 155069 0.000830
155030 X0 155108 0.000830
155069 CX02 154820 0.939850
155069 CX02 154819 0.008593
155069 CX02 154818 0.008593
155069 CX02 154817 0.008593
155069 CX02 154816 0.008593
155069 CX02 154815 0.008593
155069 CX02 154814 0.008593
155069 CX02 154813 0.008593
155069 CX12 154819 0.958666
155069 CX12 154820 0.005905
155069 CX12 154817 0.005905
155069 CX12 154818 0.005905
155069 CX12 154816 0.005905
155069 CX12 154815 0.005905
155069 CX12 154814 0.005905
155069 CX12 154813 0.005905
155069 P2 155069 0.903600
155069 P2 154523 0.019200
155069 X0 155108 0.997511
155069 X0 155069 0.000830
155069 X0 155030 0.000830
155069 X0 154991 0.000830
155108 CX02 154815 0.939850
155108 CX02 154816 0.008593
155108 CX02 154813 0.008593
155108 CX02 154814 0.008593
155108 CX02 154819 0.008593
155108 CX02 154820 0.008593
155108 CX02 154817 0.008593
155108 CX02 154818 0.008593
155108 CX12 154815 0.958666
155108 CX12 154816 0.005905
155108 CX12 154813 0.005905
155108 CX12 154814 0.005905
155108 CX12 154820 0.005905
155108 CX12 154819 0.005905
155108 CX12 154818 0.005905
155108 CX12 154817 0.005905
155108 P2 155108 0.903600
155108 P2 154524 0.019200
155108 X0 155069 0.997511
155108 X0 155108 0.000830
155108 X0 154991 0.000830
155108 X0 155030 0.000830
ENDPOMDP
