BEGINPOMDP
INITIALSTATE: 198148
STATES: 198148,198149,198150,198151,198152,198169,198170,198171,198172,198173,198174,198175,198176,198195,198234,198273,198312,198333,198334,198335,198336,198625,198626,198627,198628,198629,198630,198631,198632,198803,198842,198881,198920
TARGETV: 198149,198151,198195,198273,198333,198336,198803,198920
GAMMA: 198148:0,198149:0,198150:0,198151:0,198152:0,198169:0,198170:0,198171:0,198172:0,198173:0,198174:0,198175:0,198176:0,198195:1,198234:1,198273:1,198312:1,198333:0,198334:0,198335:0,198336:0,198625:1,198626:1,198627:1,198628:1,198629:1,198630:1,198631:1,198632:1,198803:1,198842:1,198881:1,198920:1
BEGINACTIONS
CX02 Instruction.CNOT 0 2 -
CX12 Instruction.CNOT 1 2 -
P2 Instruction.MEAS - 2 -
X0 Instruction.U3 - 0 3.141592653589793,6.283185307179586,3.141592653589793
ENDACTIONS
198148 INIT_ 198149 0.250000
198148 INIT_ 198150 0.250000
198148 INIT_ 198151 0.250000
198148 INIT_ 198152 0.250000
198149 CX02 198169 0.964786
198149 CX02 198170 0.005031
198149 CX02 198171 0.005031
198149 CX02 198172 0.005031
198149 CX02 198173 0.005031
198149 CX02 198174 0.005031
198149 CX02 198175 0.005031
198149 CX02 198176 0.005031
198149 CX12 198169 0.970556
198149 CX12 198170 0.004206
198149 CX12 198171 0.004206
198149 CX12 198172 0.004206
198149 CX12 198174 0.004206
198149 CX12 198173 0.004206
198149 CX12 198176 0.004206
198149 CX12 198175 0.004206
198149 P2 198149 0.790000
198149 P2 198195 0.208750
198149 X0 198150 0.996611
198149 X0 198149 0.001130
198149 X0 198151 0.001130
198149 X0 198152 0.001130
198150 CX02 198174 0.964786
198150 CX02 198173 0.005031
198150 CX02 198176 0.005031
198150 CX02 198175 0.005031
198150 CX02 198170 0.005031
198150 CX02 198169 0.005031
198150 CX02 198172 0.005031
198150 CX02 198171 0.005031
198150 CX12 198173 0.970556
198150 CX12 198174 0.004206
198150 CX12 198175 0.004206
198150 CX12 198176 0.004206
198150 CX12 198170 0.004206
198150 CX12 198169 0.004206
198150 CX12 198172 0.004206
198150 CX12 198171 0.004206
198150 P2 198150 0.790000
198150 P2 198234 0.208750
198150 X0 198149 0.996611
198150 X0 198150 0.001130
198150 X0 198152 0.001130
198150 X0 198151 0.001130
198151 CX02 198172 0.964786
198151 CX02 198171 0.005031
198151 CX02 198170 0.005031
198151 CX02 198169 0.005031
198151 CX02 198176 0.005031
198151 CX02 198175 0.005031
198151 CX02 198174 0.005031
198151 CX02 198173 0.005031
198151 CX12 198172 0.970556
198151 CX12 198171 0.004206
198151 CX12 198170 0.004206
198151 CX12 198169 0.004206
198151 CX12 198175 0.004206
198151 CX12 198176 0.004206
198151 CX12 198173 0.004206
198151 CX12 198174 0.004206
198151 P2 198151 0.790000
198151 P2 198273 0.208750
198151 X0 198152 0.996611
198151 X0 198151 0.001130
198151 X0 198149 0.001130
198151 X0 198150 0.001130
198152 CX02 198175 0.964786
198152 CX02 198176 0.005031
198152 CX02 198173 0.005031
198152 CX02 198174 0.005031
198152 CX02 198171 0.005031
198152 CX02 198172 0.005031
198152 CX02 198169 0.005031
198152 CX02 198170 0.005031
198152 CX12 198176 0.970556
198152 CX12 198175 0.004206
198152 CX12 198174 0.004206
198152 CX12 198173 0.004206
198152 CX12 198171 0.004206
198152 CX12 198172 0.004206
198152 CX12 198169 0.004206
198152 CX12 198170 0.004206
198152 P2 198152 0.790000
198152 P2 198312 0.208750
198152 X0 198151 0.996611
198152 X0 198152 0.001130
198152 X0 198150 0.001130
198152 X0 198149 0.001130
198169 CX02 198149 0.964786
198169 CX02 198333 0.005031
198169 CX02 198150 0.005031
198169 CX02 198334 0.005031
198169 CX02 198152 0.005031
198169 CX02 198335 0.005031
198169 CX02 198151 0.005031
198169 CX02 198336 0.005031
198169 CX12 198149 0.970556
198169 CX12 198333 0.004206
198169 CX12 198150 0.004206
198169 CX12 198334 0.004206
198169 CX12 198152 0.004206
198169 CX12 198335 0.004206
198169 CX12 198151 0.004206
198169 CX12 198336 0.004206
198169 X0 198173 0.996611
198169 X0 198169 0.001130
198169 X0 198172 0.001130
198169 X0 198176 0.001130
198170 CX02 198333 0.964786
198170 CX02 198149 0.005031
198170 CX02 198334 0.005031
198170 CX02 198150 0.005031
198170 CX02 198335 0.005031
198170 CX02 198152 0.005031
198170 CX02 198336 0.005031
198170 CX02 198151 0.005031
198170 CX12 198333 0.970556
198170 CX12 198149 0.004206
198170 CX12 198334 0.004206
198170 CX12 198150 0.004206
198170 CX12 198335 0.004206
198170 CX12 198152 0.004206
198170 CX12 198336 0.004206
198170 CX12 198151 0.004206
198170 X0 198174 0.996611
198170 X0 198170 0.001130
198170 X0 198171 0.001130
198170 X0 198175 0.001130
198171 CX02 198336 0.964786
198171 CX02 198151 0.005031
198171 CX02 198335 0.005031
198171 CX02 198152 0.005031
198171 CX02 198334 0.005031
198171 CX02 198150 0.005031
198171 CX02 198333 0.005031
198171 CX02 198149 0.005031
198171 CX12 198336 0.970556
198171 CX12 198151 0.004206
198171 CX12 198335 0.004206
198171 CX12 198152 0.004206
198171 CX12 198334 0.004206
198171 CX12 198150 0.004206
198171 CX12 198333 0.004206
198171 CX12 198149 0.004206
198171 X0 198175 0.996611
198171 X0 198171 0.001130
198171 X0 198170 0.001130
198171 X0 198174 0.001130
198172 CX02 198151 0.964786
198172 CX02 198336 0.005031
198172 CX02 198152 0.005031
198172 CX02 198335 0.005031
198172 CX02 198150 0.005031
198172 CX02 198334 0.005031
198172 CX02 198149 0.005031
198172 CX02 198333 0.005031
198172 CX12 198151 0.970556
198172 CX12 198336 0.004206
198172 CX12 198152 0.004206
198172 CX12 198335 0.004206
198172 CX12 198150 0.004206
198172 CX12 198334 0.004206
198172 CX12 198149 0.004206
198172 CX12 198333 0.004206
198172 X0 198176 0.996611
198172 X0 198172 0.001130
198172 X0 198169 0.001130
198172 X0 198173 0.001130
198173 CX02 198334 0.964786
198173 CX02 198150 0.005031
198173 CX02 198333 0.005031
198173 CX02 198149 0.005031
198173 CX02 198336 0.005031
198173 CX02 198151 0.005031
198173 CX02 198335 0.005031
198173 CX02 198152 0.005031
198173 CX12 198150 0.970556
198173 CX12 198334 0.004206
198173 CX12 198149 0.004206
198173 CX12 198333 0.004206
198173 CX12 198151 0.004206
198173 CX12 198336 0.004206
198173 CX12 198152 0.004206
198173 CX12 198335 0.004206
198173 X0 198169 0.996611
198173 X0 198173 0.001130
198173 X0 198176 0.001130
198173 X0 198172 0.001130
198174 CX02 198150 0.964786
198174 CX02 198334 0.005031
198174 CX02 198149 0.005031
198174 CX02 198333 0.005031
198174 CX02 198151 0.005031
198174 CX02 198336 0.005031
198174 CX02 198152 0.005031
198174 CX02 198335 0.005031
198174 CX12 198334 0.970556
198174 CX12 198150 0.004206
198174 CX12 198333 0.004206
198174 CX12 198149 0.004206
198174 CX12 198336 0.004206
198174 CX12 198151 0.004206
198174 CX12 198335 0.004206
198174 CX12 198152 0.004206
198174 X0 198170 0.996611
198174 X0 198174 0.001130
198174 X0 198175 0.001130
198174 X0 198171 0.001130
198175 CX02 198152 0.964786
198175 CX02 198335 0.005031
198175 CX02 198151 0.005031
198175 CX02 198336 0.005031
198175 CX02 198149 0.005031
198175 CX02 198333 0.005031
198175 CX02 198150 0.005031
198175 CX02 198334 0.005031
198175 CX12 198335 0.970556
198175 CX12 198152 0.004206
198175 CX12 198336 0.004206
198175 CX12 198151 0.004206
198175 CX12 198333 0.004206
198175 CX12 198149 0.004206
198175 CX12 198334 0.004206
198175 CX12 198150 0.004206
198175 X0 198171 0.996611
198175 X0 198175 0.001130
198175 X0 198174 0.001130
198175 X0 198170 0.001130
198176 CX02 198335 0.964786
198176 CX02 198152 0.005031
198176 CX02 198336 0.005031
198176 CX02 198151 0.005031
198176 CX02 198333 0.005031
198176 CX02 198149 0.005031
198176 CX02 198334 0.005031
198176 CX02 198150 0.005031
198176 CX12 198152 0.970556
198176 CX12 198335 0.004206
198176 CX12 198151 0.004206
198176 CX12 198336 0.004206
198176 CX12 198149 0.004206
198176 CX12 198333 0.004206
198176 CX12 198150 0.004206
198176 CX12 198334 0.004206
198176 X0 198172 0.996611
198176 X0 198176 0.001130
198176 X0 198173 0.001130
198176 X0 198169 0.001130
198195 CX02 198625 0.964786
198195 CX02 198626 0.005031
198195 CX02 198627 0.005031
198195 CX02 198628 0.005031
198195 CX02 198629 0.005031
198195 CX02 198630 0.005031
198195 CX02 198631 0.005031
198195 CX02 198632 0.005031
198195 CX12 198625 0.970556
198195 CX12 198626 0.004206
198195 CX12 198627 0.004206
198195 CX12 198628 0.004206
198195 CX12 198630 0.004206
198195 CX12 198629 0.004206
198195 CX12 198632 0.004206
198195 CX12 198631 0.004206
198195 P2 198149 0.790000
198195 P2 198195 0.208750
198195 X0 198234 0.996611
198195 X0 198195 0.001130
198195 X0 198273 0.001130
198195 X0 198312 0.001130
198234 CX02 198630 0.964786
198234 CX02 198629 0.005031
198234 CX02 198632 0.005031
198234 CX02 198631 0.005031
198234 CX02 198626 0.005031
198234 CX02 198625 0.005031
198234 CX02 198628 0.005031
198234 CX02 198627 0.005031
198234 CX12 198629 0.970556
198234 CX12 198630 0.004206
198234 CX12 198631 0.004206
198234 CX12 198632 0.004206
198234 CX12 198626 0.004206
198234 CX12 198625 0.004206
198234 CX12 198628 0.004206
198234 CX12 198627 0.004206
198234 P2 198150 0.790000
198234 P2 198234 0.208750
198234 X0 198195 0.996611
198234 X0 198234 0.001130
198234 X0 198312 0.001130
198234 X0 198273 0.001130
198273 CX02 198628 0.964786
198273 CX02 198627 0.005031
198273 CX02 198626 0.005031
198273 CX02 198625 0.005031
198273 CX02 198632 0.005031
198273 CX02 198631 0.005031
198273 CX02 198630 0.005031
198273 CX02 198629 0.005031
198273 CX12 198628 0.970556
198273 CX12 198627 0.004206
198273 CX12 198626 0.004206
198273 CX12 198625 0.004206
198273 CX12 198631 0.004206
198273 CX12 198632 0.004206
198273 CX12 198629 0.004206
198273 CX12 198630 0.004206
198273 P2 198151 0.790000
198273 P2 198273 0.208750
198273 X0 198312 0.996611
198273 X0 198273 0.001130
198273 X0 198195 0.001130
198273 X0 198234 0.001130
198312 CX02 198631 0.964786
198312 CX02 198632 0.005031
198312 CX02 198629 0.005031
198312 CX02 198630 0.005031
198312 CX02 198627 0.005031
198312 CX02 198628 0.005031
198312 CX02 198625 0.005031
198312 CX02 198626 0.005031
198312 CX12 198632 0.970556
198312 CX12 198631 0.004206
198312 CX12 198630 0.004206
198312 CX12 198629 0.004206
198312 CX12 198627 0.004206
198312 CX12 198628 0.004206
198312 CX12 198625 0.004206
198312 CX12 198626 0.004206
198312 P2 198152 0.790000
198312 P2 198312 0.208750
198312 X0 198273 0.996611
198312 X0 198312 0.001130
198312 X0 198234 0.001130
198312 X0 198195 0.001130
198333 CX02 198170 0.964786
198333 CX02 198169 0.005031
198333 CX02 198172 0.005031
198333 CX02 198171 0.005031
198333 CX02 198174 0.005031
198333 CX02 198173 0.005031
198333 CX02 198176 0.005031
198333 CX02 198175 0.005031
198333 CX12 198170 0.970556
198333 CX12 198169 0.004206
198333 CX12 198172 0.004206
198333 CX12 198171 0.004206
198333 CX12 198173 0.004206
198333 CX12 198174 0.004206
198333 CX12 198175 0.004206
198333 CX12 198176 0.004206
198333 P2 198803 0.791250
198333 P2 198333 0.210000
198333 X0 198334 0.996611
198333 X0 198333 0.001130
198333 X0 198336 0.001130
198333 X0 198335 0.001130
198334 CX02 198173 0.964786
198334 CX02 198174 0.005031
198334 CX02 198175 0.005031
198334 CX02 198176 0.005031
198334 CX02 198169 0.005031
198334 CX02 198170 0.005031
198334 CX02 198171 0.005031
198334 CX02 198172 0.005031
198334 CX12 198174 0.970556
198334 CX12 198173 0.004206
198334 CX12 198176 0.004206
198334 CX12 198175 0.004206
198334 CX12 198169 0.004206
198334 CX12 198170 0.004206
198334 CX12 198171 0.004206
198334 CX12 198172 0.004206
198334 P2 198842 0.791250
198334 P2 198334 0.210000
198334 X0 198333 0.996611
198334 X0 198334 0.001130
198334 X0 198335 0.001130
198334 X0 198336 0.001130
198335 CX02 198176 0.964786
198335 CX02 198175 0.005031
198335 CX02 198174 0.005031
198335 CX02 198173 0.005031
198335 CX02 198172 0.005031
198335 CX02 198171 0.005031
198335 CX02 198170 0.005031
198335 CX02 198169 0.005031
198335 CX12 198175 0.970556
198335 CX12 198176 0.004206
198335 CX12 198173 0.004206
198335 CX12 198174 0.004206
198335 CX12 198172 0.004206
198335 CX12 198171 0.004206
198335 CX12 198170 0.004206
198335 CX12 198169 0.004206
198335 P2 198881 0.791250
198335 P2 198335 0.210000
198335 X0 198336 0.996611
198335 X0 198335 0.001130
198335 X0 198334 0.001130
198335 X0 198333 0.001130
198336 CX02 198171 0.964786
198336 CX02 198172 0.005031
198336 CX02 198169 0.005031
198336 CX02 198170 0.005031
198336 CX02 198175 0.005031
198336 CX02 198176 0.005031
198336 CX02 198173 0.005031
198336 CX02 198174 0.005031
198336 CX12 198171 0.970556
198336 CX12 198172 0.004206
198336 CX12 198169 0.004206
198336 CX12 198170 0.004206
198336 CX12 198176 0.004206
198336 CX12 198175 0.004206
198336 CX12 198174 0.004206
198336 CX12 198173 0.004206
198336 P2 198920 0.791250
198336 P2 198336 0.210000
198336 X0 198335 0.996611
198336 X0 198336 0.001130
198336 X0 198333 0.001130
198336 X0 198334 0.001130
198625 CX02 198195 0.964786
198625 CX02 198803 0.005031
198625 CX02 198234 0.005031
198625 CX02 198842 0.005031
198625 CX02 198312 0.005031
198625 CX02 198881 0.005031
198625 CX02 198273 0.005031
198625 CX02 198920 0.005031
198625 CX12 198195 0.970556
198625 CX12 198803 0.004206
198625 CX12 198234 0.004206
198625 CX12 198842 0.004206
198625 CX12 198312 0.004206
198625 CX12 198881 0.004206
198625 CX12 198273 0.004206
198625 CX12 198920 0.004206
198625 X0 198629 0.996611
198625 X0 198625 0.001130
198625 X0 198628 0.001130
198625 X0 198632 0.001130
198626 CX02 198803 0.964786
198626 CX02 198195 0.005031
198626 CX02 198842 0.005031
198626 CX02 198234 0.005031
198626 CX02 198881 0.005031
198626 CX02 198312 0.005031
198626 CX02 198920 0.005031
198626 CX02 198273 0.005031
198626 CX12 198803 0.970556
198626 CX12 198195 0.004206
198626 CX12 198842 0.004206
198626 CX12 198234 0.004206
198626 CX12 198881 0.004206
198626 CX12 198312 0.004206
198626 CX12 198920 0.004206
198626 CX12 198273 0.004206
198626 X0 198630 0.996611
198626 X0 198626 0.001130
198626 X0 198627 0.001130
198626 X0 198631 0.001130
198627 CX02 198920 0.964786
198627 CX02 198273 0.005031
198627 CX02 198881 0.005031
198627 CX02 198312 0.005031
198627 CX02 198842 0.005031
198627 CX02 198234 0.005031
198627 CX02 198803 0.005031
198627 CX02 198195 0.005031
198627 CX12 198920 0.970556
198627 CX12 198273 0.004206
198627 CX12 198881 0.004206
198627 CX12 198312 0.004206
198627 CX12 198842 0.004206
198627 CX12 198234 0.004206
198627 CX12 198803 0.004206
198627 CX12 198195 0.004206
198627 X0 198631 0.996611
198627 X0 198627 0.001130
198627 X0 198626 0.001130
198627 X0 198630 0.001130
198628 CX02 198273 0.964786
198628 CX02 198920 0.005031
198628 CX02 198312 0.005031
198628 CX02 198881 0.005031
198628 CX02 198234 0.005031
198628 CX02 198842 0.005031
198628 CX02 198195 0.005031
198628 CX02 198803 0.005031
198628 CX12 198273 0.970556
198628 CX12 198920 0.004206
198628 CX12 198312 0.004206
198628 CX12 198881 0.004206
198628 CX12 198234 0.004206
198628 CX12 198842 0.004206
198628 CX12 198195 0.004206
198628 CX12 198803 0.004206
198628 X0 198632 0.996611
198628 X0 198628 0.001130
198628 X0 198625 0.001130
198628 X0 198629 0.001130
198629 CX02 198842 0.964786
198629 CX02 198234 0.005031
198629 CX02 198803 0.005031
198629 CX02 198195 0.005031
198629 CX02 198920 0.005031
198629 CX02 198273 0.005031
198629 CX02 198881 0.005031
198629 CX02 198312 0.005031
198629 CX12 198234 0.970556
198629 CX12 198842 0.004206
198629 CX12 198195 0.004206
198629 CX12 198803 0.004206
198629 CX12 198273 0.004206
198629 CX12 198920 0.004206
198629 CX12 198312 0.004206
198629 CX12 198881 0.004206
198629 X0 198625 0.996611
198629 X0 198629 0.001130
198629 X0 198632 0.001130
198629 X0 198628 0.001130
198630 CX02 198234 0.964786
198630 CX02 198842 0.005031
198630 CX02 198195 0.005031
198630 CX02 198803 0.005031
198630 CX02 198273 0.005031
198630 CX02 198920 0.005031
198630 CX02 198312 0.005031
198630 CX02 198881 0.005031
198630 CX12 198842 0.970556
198630 CX12 198234 0.004206
198630 CX12 198803 0.004206
198630 CX12 198195 0.004206
198630 CX12 198920 0.004206
198630 CX12 198273 0.004206
198630 CX12 198881 0.004206
198630 CX12 198312 0.004206
198630 X0 198626 0.996611
198630 X0 198630 0.001130
198630 X0 198631 0.001130
198630 X0 198627 0.001130
198631 CX02 198312 0.964786
198631 CX02 198881 0.005031
198631 CX02 198273 0.005031
198631 CX02 198920 0.005031
198631 CX02 198195 0.005031
198631 CX02 198803 0.005031
198631 CX02 198234 0.005031
198631 CX02 198842 0.005031
198631 CX12 198881 0.970556
198631 CX12 198312 0.004206
198631 CX12 198920 0.004206
198631 CX12 198273 0.004206
198631 CX12 198803 0.004206
198631 CX12 198195 0.004206
198631 CX12 198842 0.004206
198631 CX12 198234 0.004206
198631 X0 198627 0.996611
198631 X0 198631 0.001130
198631 X0 198630 0.001130
198631 X0 198626 0.001130
198632 CX02 198881 0.964786
198632 CX02 198312 0.005031
198632 CX02 198920 0.005031
198632 CX02 198273 0.005031
198632 CX02 198803 0.005031
198632 CX02 198195 0.005031
198632 CX02 198842 0.005031
198632 CX02 198234 0.005031
198632 CX12 198312 0.970556
198632 CX12 198881 0.004206
198632 CX12 198273 0.004206
198632 CX12 198920 0.004206
198632 CX12 198195 0.004206
198632 CX12 198803 0.004206
198632 CX12 198234 0.004206
198632 CX12 198842 0.004206
198632 X0 198628 0.996611
198632 X0 198632 0.001130
198632 X0 198629 0.001130
198632 X0 198625 0.001130
198803 CX02 198626 0.964786
198803 CX02 198625 0.005031
198803 CX02 198628 0.005031
198803 CX02 198627 0.005031
198803 CX02 198630 0.005031
198803 CX02 198629 0.005031
198803 CX02 198632 0.005031
198803 CX02 198631 0.005031
198803 CX12 198626 0.970556
198803 CX12 198625 0.004206
198803 CX12 198628 0.004206
198803 CX12 198627 0.004206
198803 CX12 198629 0.004206
198803 CX12 198630 0.004206
198803 CX12 198631 0.004206
198803 CX12 198632 0.004206
198803 P2 198803 0.791250
198803 P2 198333 0.210000
198803 X0 198842 0.996611
198803 X0 198803 0.001130
198803 X0 198920 0.001130
198803 X0 198881 0.001130
198842 CX02 198629 0.964786
198842 CX02 198630 0.005031
198842 CX02 198631 0.005031
198842 CX02 198632 0.005031
198842 CX02 198625 0.005031
198842 CX02 198626 0.005031
198842 CX02 198627 0.005031
198842 CX02 198628 0.005031
198842 CX12 198630 0.970556
198842 CX12 198629 0.004206
198842 CX12 198632 0.004206
198842 CX12 198631 0.004206
198842 CX12 198625 0.004206
198842 CX12 198626 0.004206
198842 CX12 198627 0.004206
198842 CX12 198628 0.004206
198842 P2 198842 0.791250
198842 P2 198334 0.210000
198842 X0 198803 0.996611
198842 X0 198842 0.001130
198842 X0 198881 0.001130
198842 X0 198920 0.001130
198881 CX02 198632 0.964786
198881 CX02 198631 0.005031
198881 CX02 198630 0.005031
198881 CX02 198629 0.005031
198881 CX02 198628 0.005031
198881 CX02 198627 0.005031
198881 CX02 198626 0.005031
198881 CX02 198625 0.005031
198881 CX12 198631 0.970556
198881 CX12 198632 0.004206
198881 CX12 198629 0.004206
198881 CX12 198630 0.004206
198881 CX12 198628 0.004206
198881 CX12 198627 0.004206
198881 CX12 198626 0.004206
198881 CX12 198625 0.004206
198881 P2 198881 0.791250
198881 P2 198335 0.210000
198881 X0 198920 0.996611
198881 X0 198881 0.001130
198881 X0 198842 0.001130
198881 X0 198803 0.001130
198920 CX02 198627 0.964786
198920 CX02 198628 0.005031
198920 CX02 198625 0.005031
198920 CX02 198626 0.005031
198920 CX02 198631 0.005031
198920 CX02 198632 0.005031
198920 CX02 198629 0.005031
198920 CX02 198630 0.005031
198920 CX12 198627 0.970556
198920 CX12 198628 0.004206
198920 CX12 198625 0.004206
198920 CX12 198626 0.004206
198920 CX12 198632 0.004206
198920 CX12 198631 0.004206
198920 CX12 198630 0.004206
198920 CX12 198629 0.004206
198920 P2 198920 0.791250
198920 P2 198336 0.210000
198920 X0 198881 0.996611
198920 X0 198920 0.001130
198920 X0 198803 0.001130
198920 X0 198842 0.001130
ENDPOMDP
