BEGINPOMDP
INITIALSTATE: 144728
STATES: 144728,144729,144730,144731,144732,144749,144750,144751,144752,144753,144754,144755,144756,144775,144814,144853,144892,144913,144914,144915,144916,145205,145206,145207,145208,145209,145210,145211,145212,145383,145422,145461,145500
TARGETV: 144729,144731,144775,144853,144913,144916,145383,145500
GAMMA: 144728:0,144729:0,144730:0,144731:0,144732:0,144749:0,144750:0,144751:0,144752:0,144753:0,144754:0,144755:0,144756:0,144775:1,144814:1,144853:1,144892:1,144913:0,144914:0,144915:0,144916:0,145205:1,145206:1,145207:1,145208:1,145209:1,145210:1,145211:1,145212:1,145383:1,145422:1,145461:1,145500:1
BEGINACTIONS
CX02 Instruction.CNOT 0 2 -
CX12 Instruction.CNOT 1 2 -
P2 Instruction.MEAS - 2 -
X0 Instruction.X - 0 -
ENDACTIONS
144728 INIT_ 144729 0.250000
144728 INIT_ 144730 0.250000
144728 INIT_ 144731 0.250000
144728 INIT_ 144732 0.250000
144729 CX02 144749 0.960442
144729 CX02 144750 0.005651
144729 CX02 144751 0.005651
144729 CX02 144752 0.005651
144729 CX02 144753 0.005651
144729 CX02 144754 0.005651
144729 CX02 144755 0.005651
144729 CX02 144756 0.005651
144729 CX12 144749 0.964077
144729 CX12 144750 0.005132
144729 CX12 144751 0.005132
144729 CX12 144752 0.005132
144729 CX12 144754 0.005132
144729 CX12 144753 0.005132
144729 CX12 144756 0.005132
144729 CX12 144755 0.005132
144729 P2 144729 0.840800
144729 P2 144775 0.185000
144729 X0 144730 0.999067
144729 X0 144729 0.000311
144729 X0 144731 0.000311
144729 X0 144732 0.000311
144730 CX02 144754 0.960442
144730 CX02 144753 0.005651
144730 CX02 144756 0.005651
144730 CX02 144755 0.005651
144730 CX02 144750 0.005651
144730 CX02 144749 0.005651
144730 CX02 144752 0.005651
144730 CX02 144751 0.005651
144730 CX12 144753 0.964077
144730 CX12 144754 0.005132
144730 CX12 144755 0.005132
144730 CX12 144756 0.005132
144730 CX12 144750 0.005132
144730 CX12 144749 0.005132
144730 CX12 144752 0.005132
144730 CX12 144751 0.005132
144730 P2 144730 0.840800
144730 P2 144814 0.185000
144730 X0 144729 0.999067
144730 X0 144730 0.000311
144730 X0 144732 0.000311
144730 X0 144731 0.000311
144731 CX02 144752 0.960442
144731 CX02 144751 0.005651
144731 CX02 144750 0.005651
144731 CX02 144749 0.005651
144731 CX02 144756 0.005651
144731 CX02 144755 0.005651
144731 CX02 144754 0.005651
144731 CX02 144753 0.005651
144731 CX12 144752 0.964077
144731 CX12 144751 0.005132
144731 CX12 144750 0.005132
144731 CX12 144749 0.005132
144731 CX12 144755 0.005132
144731 CX12 144756 0.005132
144731 CX12 144753 0.005132
144731 CX12 144754 0.005132
144731 P2 144731 0.840800
144731 P2 144853 0.185000
144731 X0 144732 0.999067
144731 X0 144731 0.000311
144731 X0 144729 0.000311
144731 X0 144730 0.000311
144732 CX02 144755 0.960442
144732 CX02 144756 0.005651
144732 CX02 144753 0.005651
144732 CX02 144754 0.005651
144732 CX02 144751 0.005651
144732 CX02 144752 0.005651
144732 CX02 144749 0.005651
144732 CX02 144750 0.005651
144732 CX12 144756 0.964077
144732 CX12 144755 0.005132
144732 CX12 144754 0.005132
144732 CX12 144753 0.005132
144732 CX12 144751 0.005132
144732 CX12 144752 0.005132
144732 CX12 144749 0.005132
144732 CX12 144750 0.005132
144732 P2 144732 0.840800
144732 P2 144892 0.185000
144732 X0 144731 0.999067
144732 X0 144732 0.000311
144732 X0 144730 0.000311
144732 X0 144729 0.000311
144749 CX02 144729 0.960442
144749 CX02 144913 0.005651
144749 CX02 144730 0.005651
144749 CX02 144914 0.005651
144749 CX02 144732 0.005651
144749 CX02 144915 0.005651
144749 CX02 144731 0.005651
144749 CX02 144916 0.005651
144749 CX12 144729 0.964077
144749 CX12 144913 0.005132
144749 CX12 144730 0.005132
144749 CX12 144914 0.005132
144749 CX12 144732 0.005132
144749 CX12 144915 0.005132
144749 CX12 144731 0.005132
144749 CX12 144916 0.005132
144749 X0 144753 0.999067
144749 X0 144749 0.000311
144749 X0 144752 0.000311
144749 X0 144756 0.000311
144750 CX02 144913 0.960442
144750 CX02 144729 0.005651
144750 CX02 144914 0.005651
144750 CX02 144730 0.005651
144750 CX02 144915 0.005651
144750 CX02 144732 0.005651
144750 CX02 144916 0.005651
144750 CX02 144731 0.005651
144750 CX12 144913 0.964077
144750 CX12 144729 0.005132
144750 CX12 144914 0.005132
144750 CX12 144730 0.005132
144750 CX12 144915 0.005132
144750 CX12 144732 0.005132
144750 CX12 144916 0.005132
144750 CX12 144731 0.005132
144750 X0 144754 0.999067
144750 X0 144750 0.000311
144750 X0 144751 0.000311
144750 X0 144755 0.000311
144751 CX02 144916 0.960442
144751 CX02 144731 0.005651
144751 CX02 144915 0.005651
144751 CX02 144732 0.005651
144751 CX02 144914 0.005651
144751 CX02 144730 0.005651
144751 CX02 144913 0.005651
144751 CX02 144729 0.005651
144751 CX12 144916 0.964077
144751 CX12 144731 0.005132
144751 CX12 144915 0.005132
144751 CX12 144732 0.005132
144751 CX12 144914 0.005132
144751 CX12 144730 0.005132
144751 CX12 144913 0.005132
144751 CX12 144729 0.005132
144751 X0 144755 0.999067
144751 X0 144751 0.000311
144751 X0 144750 0.000311
144751 X0 144754 0.000311
144752 CX02 144731 0.960442
144752 CX02 144916 0.005651
144752 CX02 144732 0.005651
144752 CX02 144915 0.005651
144752 CX02 144730 0.005651
144752 CX02 144914 0.005651
144752 CX02 144729 0.005651
144752 CX02 144913 0.005651
144752 CX12 144731 0.964077
144752 CX12 144916 0.005132
144752 CX12 144732 0.005132
144752 CX12 144915 0.005132
144752 CX12 144730 0.005132
144752 CX12 144914 0.005132
144752 CX12 144729 0.005132
144752 CX12 144913 0.005132
144752 X0 144756 0.999067
144752 X0 144752 0.000311
144752 X0 144749 0.000311
144752 X0 144753 0.000311
144753 CX02 144914 0.960442
144753 CX02 144730 0.005651
144753 CX02 144913 0.005651
144753 CX02 144729 0.005651
144753 CX02 144916 0.005651
144753 CX02 144731 0.005651
144753 CX02 144915 0.005651
144753 CX02 144732 0.005651
144753 CX12 144730 0.964077
144753 CX12 144914 0.005132
144753 CX12 144729 0.005132
144753 CX12 144913 0.005132
144753 CX12 144731 0.005132
144753 CX12 144916 0.005132
144753 CX12 144732 0.005132
144753 CX12 144915 0.005132
144753 X0 144749 0.999067
144753 X0 144753 0.000311
144753 X0 144756 0.000311
144753 X0 144752 0.000311
144754 CX02 144730 0.960442
144754 CX02 144914 0.005651
144754 CX02 144729 0.005651
144754 CX02 144913 0.005651
144754 CX02 144731 0.005651
144754 CX02 144916 0.005651
144754 CX02 144732 0.005651
144754 CX02 144915 0.005651
144754 CX12 144914 0.964077
144754 CX12 144730 0.005132
144754 CX12 144913 0.005132
144754 CX12 144729 0.005132
144754 CX12 144916 0.005132
144754 CX12 144731 0.005132
144754 CX12 144915 0.005132
144754 CX12 144732 0.005132
144754 X0 144750 0.999067
144754 X0 144754 0.000311
144754 X0 144755 0.000311
144754 X0 144751 0.000311
144755 CX02 144732 0.960442
144755 CX02 144915 0.005651
144755 CX02 144731 0.005651
144755 CX02 144916 0.005651
144755 CX02 144729 0.005651
144755 CX02 144913 0.005651
144755 CX02 144730 0.005651
144755 CX02 144914 0.005651
144755 CX12 144915 0.964077
144755 CX12 144732 0.005132
144755 CX12 144916 0.005132
144755 CX12 144731 0.005132
144755 CX12 144913 0.005132
144755 CX12 144729 0.005132
144755 CX12 144914 0.005132
144755 CX12 144730 0.005132
144755 X0 144751 0.999067
144755 X0 144755 0.000311
144755 X0 144754 0.000311
144755 X0 144750 0.000311
144756 CX02 144915 0.960442
144756 CX02 144732 0.005651
144756 CX02 144916 0.005651
144756 CX02 144731 0.005651
144756 CX02 144913 0.005651
144756 CX02 144729 0.005651
144756 CX02 144914 0.005651
144756 CX02 144730 0.005651
144756 CX12 144732 0.964077
144756 CX12 144915 0.005132
144756 CX12 144731 0.005132
144756 CX12 144916 0.005132
144756 CX12 144729 0.005132
144756 CX12 144913 0.005132
144756 CX12 144730 0.005132
144756 CX12 144914 0.005132
144756 X0 144752 0.999067
144756 X0 144756 0.000311
144756 X0 144753 0.000311
144756 X0 144749 0.000311
144775 CX02 145205 0.960442
144775 CX02 145206 0.005651
144775 CX02 145207 0.005651
144775 CX02 145208 0.005651
144775 CX02 145209 0.005651
144775 CX02 145210 0.005651
144775 CX02 145211 0.005651
144775 CX02 145212 0.005651
144775 CX12 145205 0.964077
144775 CX12 145206 0.005132
144775 CX12 145207 0.005132
144775 CX12 145208 0.005132
144775 CX12 145210 0.005132
144775 CX12 145209 0.005132
144775 CX12 145212 0.005132
144775 CX12 145211 0.005132
144775 P2 144729 0.840800
144775 P2 144775 0.185000
144775 X0 144814 0.999067
144775 X0 144775 0.000311
144775 X0 144853 0.000311
144775 X0 144892 0.000311
144814 CX02 145210 0.960442
144814 CX02 145209 0.005651
144814 CX02 145212 0.005651
144814 CX02 145211 0.005651
144814 CX02 145206 0.005651
144814 CX02 145205 0.005651
144814 CX02 145208 0.005651
144814 CX02 145207 0.005651
144814 CX12 145209 0.964077
144814 CX12 145210 0.005132
144814 CX12 145211 0.005132
144814 CX12 145212 0.005132
144814 CX12 145206 0.005132
144814 CX12 145205 0.005132
144814 CX12 145208 0.005132
144814 CX12 145207 0.005132
144814 P2 144730 0.840800
144814 P2 144814 0.185000
144814 X0 144775 0.999067
144814 X0 144814 0.000311
144814 X0 144892 0.000311
144814 X0 144853 0.000311
144853 CX02 145208 0.960442
144853 CX02 145207 0.005651
144853 CX02 145206 0.005651
144853 CX02 145205 0.005651
144853 CX02 145212 0.005651
144853 CX02 145211 0.005651
144853 CX02 145210 0.005651
144853 CX02 145209 0.005651
144853 CX12 145208 0.964077
144853 CX12 145207 0.005132
144853 CX12 145206 0.005132
144853 CX12 145205 0.005132
144853 CX12 145211 0.005132
144853 CX12 145212 0.005132
144853 CX12 145209 0.005132
144853 CX12 145210 0.005132
144853 P2 144731 0.840800
144853 P2 144853 0.185000
144853 X0 144892 0.999067
144853 X0 144853 0.000311
144853 X0 144775 0.000311
144853 X0 144814 0.000311
144892 CX02 145211 0.960442
144892 CX02 145212 0.005651
144892 CX02 145209 0.005651
144892 CX02 145210 0.005651
144892 CX02 145207 0.005651
144892 CX02 145208 0.005651
144892 CX02 145205 0.005651
144892 CX02 145206 0.005651
144892 CX12 145212 0.964077
144892 CX12 145211 0.005132
144892 CX12 145210 0.005132
144892 CX12 145209 0.005132
144892 CX12 145207 0.005132
144892 CX12 145208 0.005132
144892 CX12 145205 0.005132
144892 CX12 145206 0.005132
144892 P2 144732 0.840800
144892 P2 144892 0.185000
144892 X0 144853 0.999067
144892 X0 144892 0.000311
144892 X0 144814 0.000311
144892 X0 144775 0.000311
144913 CX02 144750 0.960442
144913 CX02 144749 0.005651
144913 CX02 144752 0.005651
144913 CX02 144751 0.005651
144913 CX02 144754 0.005651
144913 CX02 144753 0.005651
144913 CX02 144756 0.005651
144913 CX02 144755 0.005651
144913 CX12 144750 0.964077
144913 CX12 144749 0.005132
144913 CX12 144752 0.005132
144913 CX12 144751 0.005132
144913 CX12 144753 0.005132
144913 CX12 144754 0.005132
144913 CX12 144755 0.005132
144913 CX12 144756 0.005132
144913 P2 145383 0.815000
144913 P2 144913 0.159200
144913 X0 144914 0.999067
144913 X0 144913 0.000311
144913 X0 144916 0.000311
144913 X0 144915 0.000311
144914 CX02 144753 0.960442
144914 CX02 144754 0.005651
144914 CX02 144755 0.005651
144914 CX02 144756 0.005651
144914 CX02 144749 0.005651
144914 CX02 144750 0.005651
144914 CX02 144751 0.005651
144914 CX02 144752 0.005651
144914 CX12 144754 0.964077
144914 CX12 144753 0.005132
144914 CX12 144756 0.005132
144914 CX12 144755 0.005132
144914 CX12 144749 0.005132
144914 CX12 144750 0.005132
144914 CX12 144751 0.005132
144914 CX12 144752 0.005132
144914 P2 145422 0.815000
144914 P2 144914 0.159200
144914 X0 144913 0.999067
144914 X0 144914 0.000311
144914 X0 144915 0.000311
144914 X0 144916 0.000311
144915 CX02 144756 0.960442
144915 CX02 144755 0.005651
144915 CX02 144754 0.005651
144915 CX02 144753 0.005651
144915 CX02 144752 0.005651
144915 CX02 144751 0.005651
144915 CX02 144750 0.005651
144915 CX02 144749 0.005651
144915 CX12 144755 0.964077
144915 CX12 144756 0.005132
144915 CX12 144753 0.005132
144915 CX12 144754 0.005132
144915 CX12 144752 0.005132
144915 CX12 144751 0.005132
144915 CX12 144750 0.005132
144915 CX12 144749 0.005132
144915 P2 145461 0.815000
144915 P2 144915 0.159200
144915 X0 144916 0.999067
144915 X0 144915 0.000311
144915 X0 144914 0.000311
144915 X0 144913 0.000311
144916 CX02 144751 0.960442
144916 CX02 144752 0.005651
144916 CX02 144749 0.005651
144916 CX02 144750 0.005651
144916 CX02 144755 0.005651
144916 CX02 144756 0.005651
144916 CX02 144753 0.005651
144916 CX02 144754 0.005651
144916 CX12 144751 0.964077
144916 CX12 144752 0.005132
144916 CX12 144749 0.005132
144916 CX12 144750 0.005132
144916 CX12 144756 0.005132
144916 CX12 144755 0.005132
144916 CX12 144754 0.005132
144916 CX12 144753 0.005132
144916 P2 145500 0.815000
144916 P2 144916 0.159200
144916 X0 144915 0.999067
144916 X0 144916 0.000311
144916 X0 144913 0.000311
144916 X0 144914 0.000311
145205 CX02 144775 0.960442
145205 CX02 145383 0.005651
145205 CX02 144814 0.005651
145205 CX02 145422 0.005651
145205 CX02 144892 0.005651
145205 CX02 145461 0.005651
145205 CX02 144853 0.005651
145205 CX02 145500 0.005651
145205 CX12 144775 0.964077
145205 CX12 145383 0.005132
145205 CX12 144814 0.005132
145205 CX12 145422 0.005132
145205 CX12 144892 0.005132
145205 CX12 145461 0.005132
145205 CX12 144853 0.005132
145205 CX12 145500 0.005132
145205 X0 145209 0.999067
145205 X0 145205 0.000311
145205 X0 145208 0.000311
145205 X0 145212 0.000311
145206 CX02 145383 0.960442
145206 CX02 144775 0.005651
145206 CX02 145422 0.005651
145206 CX02 144814 0.005651
145206 CX02 145461 0.005651
145206 CX02 144892 0.005651
145206 CX02 145500 0.005651
145206 CX02 144853 0.005651
145206 CX12 145383 0.964077
145206 CX12 144775 0.005132
145206 CX12 145422 0.005132
145206 CX12 144814 0.005132
145206 CX12 145461 0.005132
145206 CX12 144892 0.005132
145206 CX12 145500 0.005132
145206 CX12 144853 0.005132
145206 X0 145210 0.999067
145206 X0 145206 0.000311
145206 X0 145207 0.000311
145206 X0 145211 0.000311
145207 CX02 145500 0.960442
145207 CX02 144853 0.005651
145207 CX02 145461 0.005651
145207 CX02 144892 0.005651
145207 CX02 145422 0.005651
145207 CX02 144814 0.005651
145207 CX02 145383 0.005651
145207 CX02 144775 0.005651
145207 CX12 145500 0.964077
145207 CX12 144853 0.005132
145207 CX12 145461 0.005132
145207 CX12 144892 0.005132
145207 CX12 145422 0.005132
145207 CX12 144814 0.005132
145207 CX12 145383 0.005132
145207 CX12 144775 0.005132
145207 X0 145211 0.999067
145207 X0 145207 0.000311
145207 X0 145206 0.000311
145207 X0 145210 0.000311
145208 CX02 144853 0.960442
145208 CX02 145500 0.005651
145208 CX02 144892 0.005651
145208 CX02 145461 0.005651
145208 CX02 144814 0.005651
145208 CX02 145422 0.005651
145208 CX02 144775 0.005651
145208 CX02 145383 0.005651
145208 CX12 144853 0.964077
145208 CX12 145500 0.005132
145208 CX12 144892 0.005132
145208 CX12 145461 0.005132
145208 CX12 144814 0.005132
145208 CX12 145422 0.005132
145208 CX12 144775 0.005132
145208 CX12 145383 0.005132
145208 X0 145212 0.999067
145208 X0 145208 0.000311
145208 X0 145205 0.000311
145208 X0 145209 0.000311
145209 CX02 145422 0.960442
145209 CX02 144814 0.005651
145209 CX02 145383 0.005651
145209 CX02 144775 0.005651
145209 CX02 145500 0.005651
145209 CX02 144853 0.005651
145209 CX02 145461 0.005651
145209 CX02 144892 0.005651
145209 CX12 144814 0.964077
145209 CX12 145422 0.005132
145209 CX12 144775 0.005132
145209 CX12 145383 0.005132
145209 CX12 144853 0.005132
145209 CX12 145500 0.005132
145209 CX12 144892 0.005132
145209 CX12 145461 0.005132
145209 X0 145205 0.999067
145209 X0 145209 0.000311
145209 X0 145212 0.000311
145209 X0 145208 0.000311
145210 CX02 144814 0.960442
145210 CX02 145422 0.005651
145210 CX02 144775 0.005651
145210 CX02 145383 0.005651
145210 CX02 144853 0.005651
145210 CX02 145500 0.005651
145210 CX02 144892 0.005651
145210 CX02 145461 0.005651
145210 CX12 145422 0.964077
145210 CX12 144814 0.005132
145210 CX12 145383 0.005132
145210 CX12 144775 0.005132
145210 CX12 145500 0.005132
145210 CX12 144853 0.005132
145210 CX12 145461 0.005132
145210 CX12 144892 0.005132
145210 X0 145206 0.999067
145210 X0 145210 0.000311
145210 X0 145211 0.000311
145210 X0 145207 0.000311
145211 CX02 144892 0.960442
145211 CX02 145461 0.005651
145211 CX02 144853 0.005651
145211 CX02 145500 0.005651
145211 CX02 144775 0.005651
145211 CX02 145383 0.005651
145211 CX02 144814 0.005651
145211 CX02 145422 0.005651
145211 CX12 145461 0.964077
145211 CX12 144892 0.005132
145211 CX12 145500 0.005132
145211 CX12 144853 0.005132
145211 CX12 145383 0.005132
145211 CX12 144775 0.005132
145211 CX12 145422 0.005132
145211 CX12 144814 0.005132
145211 X0 145207 0.999067
145211 X0 145211 0.000311
145211 X0 145210 0.000311
145211 X0 145206 0.000311
145212 CX02 145461 0.960442
145212 CX02 144892 0.005651
145212 CX02 145500 0.005651
145212 CX02 144853 0.005651
145212 CX02 145383 0.005651
145212 CX02 144775 0.005651
145212 CX02 145422 0.005651
145212 CX02 144814 0.005651
145212 CX12 144892 0.964077
145212 CX12 145461 0.005132
145212 CX12 144853 0.005132
145212 CX12 145500 0.005132
145212 CX12 144775 0.005132
145212 CX12 145383 0.005132
145212 CX12 144814 0.005132
145212 CX12 145422 0.005132
145212 X0 145208 0.999067
145212 X0 145212 0.000311
145212 X0 145209 0.000311
145212 X0 145205 0.000311
145383 CX02 145206 0.960442
145383 CX02 145205 0.005651
145383 CX02 145208 0.005651
145383 CX02 145207 0.005651
145383 CX02 145210 0.005651
145383 CX02 145209 0.005651
145383 CX02 145212 0.005651
145383 CX02 145211 0.005651
145383 CX12 145206 0.964077
145383 CX12 145205 0.005132
145383 CX12 145208 0.005132
145383 CX12 145207 0.005132
145383 CX12 145209 0.005132
145383 CX12 145210 0.005132
145383 CX12 145211 0.005132
145383 CX12 145212 0.005132
145383 P2 145383 0.815000
145383 P2 144913 0.159200
145383 X0 145422 0.999067
145383 X0 145383 0.000311
145383 X0 145500 0.000311
145383 X0 145461 0.000311
145422 CX02 145209 0.960442
145422 CX02 145210 0.005651
145422 CX02 145211 0.005651
145422 CX02 145212 0.005651
145422 CX02 145205 0.005651
145422 CX02 145206 0.005651
145422 CX02 145207 0.005651
145422 CX02 145208 0.005651
145422 CX12 145210 0.964077
145422 CX12 145209 0.005132
145422 CX12 145212 0.005132
145422 CX12 145211 0.005132
145422 CX12 145205 0.005132
145422 CX12 145206 0.005132
145422 CX12 145207 0.005132
145422 CX12 145208 0.005132
145422 P2 145422 0.815000
145422 P2 144914 0.159200
145422 X0 145383 0.999067
145422 X0 145422 0.000311
145422 X0 145461 0.000311
145422 X0 145500 0.000311
145461 CX02 145212 0.960442
145461 CX02 145211 0.005651
145461 CX02 145210 0.005651
145461 CX02 145209 0.005651
145461 CX02 145208 0.005651
145461 CX02 145207 0.005651
145461 CX02 145206 0.005651
145461 CX02 145205 0.005651
145461 CX12 145211 0.964077
145461 CX12 145212 0.005132
145461 CX12 145209 0.005132
145461 CX12 145210 0.005132
145461 CX12 145208 0.005132
145461 CX12 145207 0.005132
145461 CX12 145206 0.005132
145461 CX12 145205 0.005132
145461 P2 145461 0.815000
145461 P2 144915 0.159200
145461 X0 145500 0.999067
145461 X0 145461 0.000311
145461 X0 145422 0.000311
145461 X0 145383 0.000311
145500 CX02 145207 0.960442
145500 CX02 145208 0.005651
145500 CX02 145205 0.005651
145500 CX02 145206 0.005651
145500 CX02 145211 0.005651
145500 CX02 145212 0.005651
145500 CX02 145209 0.005651
145500 CX02 145210 0.005651
145500 CX12 145207 0.964077
145500 CX12 145208 0.005132
145500 CX12 145205 0.005132
145500 CX12 145206 0.005132
145500 CX12 145212 0.005132
145500 CX12 145211 0.005132
145500 CX12 145210 0.005132
145500 CX12 145209 0.005132
145500 P2 145500 0.815000
145500 P2 144916 0.159200
145500 X0 145461 0.999067
145500 X0 145500 0.000311
145500 X0 145383 0.000311
145500 X0 145422 0.000311
ENDPOMDP
