BEGINPOMDP
INITIALSTATE: 258966
STATES: 258966,258967,258968,258969,258970,258987,258988,258989,258990,258991,258992,258993,258994,259013,259052,259091,259130,259151,259152,259153,259154,259443,259444,259445,259446,259447,259448,259449,259450,259621,259660,259699,259738
TARGETV: 258967,258969,259013,259091,259151,259154,259621,259738
GAMMA: 258966:0,258967:0,258968:0,258969:0,258970:0,258987:0,258988:0,258989:0,258990:0,258991:0,258992:0,258993:0,258994:0,259013:1,259052:1,259091:1,259130:1,259151:0,259152:0,259153:0,259154:0,259443:1,259444:1,259445:1,259446:1,259447:1,259448:1,259449:1,259450:1,259621:1,259660:1,259699:1,259738:1
BEGINACTIONS
CX02 Instruction.CNOT 0 2 -
CX12 Instruction.CNOT 1 2 -
P2 Instruction.MEAS - 2 -
X0 Instruction.X - 0 -
ENDACTIONS
258966 INIT_ 258967 0.250000
258966 INIT_ 258968 0.250000
258966 INIT_ 258969 0.250000
258966 INIT_ 258970 0.250000
258967 CX02 258987 0.980023
258967 CX02 258988 0.002854
258967 CX02 258989 0.002854
258967 CX02 258990 0.002854
258967 CX02 258991 0.002854
258967 CX02 258992 0.002854
258967 CX02 258993 0.002854
258967 CX02 258994 0.002854
258967 CX12 258987 0.990953
258967 CX12 258988 0.001292
258967 CX12 258989 0.001292
258967 CX12 258990 0.001292
258967 CX12 258992 0.001292
258967 CX12 258991 0.001292
258967 CX12 258994 0.001292
258967 CX12 258993 0.001292
258967 P2 258967 0.998000
258967 P2 259013 0.003600
258967 X0 258968 0.999079
258967 X0 258967 0.000307
258967 X0 258969 0.000307
258967 X0 258970 0.000307
258968 CX02 258992 0.980023
258968 CX02 258991 0.002854
258968 CX02 258994 0.002854
258968 CX02 258993 0.002854
258968 CX02 258988 0.002854
258968 CX02 258987 0.002854
258968 CX02 258990 0.002854
258968 CX02 258989 0.002854
258968 CX12 258991 0.990953
258968 CX12 258992 0.001292
258968 CX12 258993 0.001292
258968 CX12 258994 0.001292
258968 CX12 258988 0.001292
258968 CX12 258987 0.001292
258968 CX12 258990 0.001292
258968 CX12 258989 0.001292
258968 P2 258968 0.998000
258968 P2 259052 0.003600
258968 X0 258967 0.999079
258968 X0 258968 0.000307
258968 X0 258970 0.000307
258968 X0 258969 0.000307
258969 CX02 258990 0.980023
258969 CX02 258989 0.002854
258969 CX02 258988 0.002854
258969 CX02 258987 0.002854
258969 CX02 258994 0.002854
258969 CX02 258993 0.002854
258969 CX02 258992 0.002854
258969 CX02 258991 0.002854
258969 CX12 258990 0.990953
258969 CX12 258989 0.001292
258969 CX12 258988 0.001292
258969 CX12 258987 0.001292
258969 CX12 258993 0.001292
258969 CX12 258994 0.001292
258969 CX12 258991 0.001292
258969 CX12 258992 0.001292
258969 P2 258969 0.998000
258969 P2 259091 0.003600
258969 X0 258970 0.999079
258969 X0 258969 0.000307
258969 X0 258967 0.000307
258969 X0 258968 0.000307
258970 CX02 258993 0.980023
258970 CX02 258994 0.002854
258970 CX02 258991 0.002854
258970 CX02 258992 0.002854
258970 CX02 258989 0.002854
258970 CX02 258990 0.002854
258970 CX02 258987 0.002854
258970 CX02 258988 0.002854
258970 CX12 258994 0.990953
258970 CX12 258993 0.001292
258970 CX12 258992 0.001292
258970 CX12 258991 0.001292
258970 CX12 258989 0.001292
258970 CX12 258990 0.001292
258970 CX12 258987 0.001292
258970 CX12 258988 0.001292
258970 P2 258970 0.998000
258970 P2 259130 0.003600
258970 X0 258969 0.999079
258970 X0 258970 0.000307
258970 X0 258968 0.000307
258970 X0 258967 0.000307
258987 CX02 258967 0.980023
258987 CX02 259151 0.002854
258987 CX02 258968 0.002854
258987 CX02 259152 0.002854
258987 CX02 258970 0.002854
258987 CX02 259153 0.002854
258987 CX02 258969 0.002854
258987 CX02 259154 0.002854
258987 CX12 258967 0.990953
258987 CX12 259151 0.001292
258987 CX12 258968 0.001292
258987 CX12 259152 0.001292
258987 CX12 258970 0.001292
258987 CX12 259153 0.001292
258987 CX12 258969 0.001292
258987 CX12 259154 0.001292
258987 X0 258991 0.999079
258987 X0 258987 0.000307
258987 X0 258990 0.000307
258987 X0 258994 0.000307
258988 CX02 259151 0.980023
258988 CX02 258967 0.002854
258988 CX02 259152 0.002854
258988 CX02 258968 0.002854
258988 CX02 259153 0.002854
258988 CX02 258970 0.002854
258988 CX02 259154 0.002854
258988 CX02 258969 0.002854
258988 CX12 259151 0.990953
258988 CX12 258967 0.001292
258988 CX12 259152 0.001292
258988 CX12 258968 0.001292
258988 CX12 259153 0.001292
258988 CX12 258970 0.001292
258988 CX12 259154 0.001292
258988 CX12 258969 0.001292
258988 X0 258992 0.999079
258988 X0 258988 0.000307
258988 X0 258989 0.000307
258988 X0 258993 0.000307
258989 CX02 259154 0.980023
258989 CX02 258969 0.002854
258989 CX02 259153 0.002854
258989 CX02 258970 0.002854
258989 CX02 259152 0.002854
258989 CX02 258968 0.002854
258989 CX02 259151 0.002854
258989 CX02 258967 0.002854
258989 CX12 259154 0.990953
258989 CX12 258969 0.001292
258989 CX12 259153 0.001292
258989 CX12 258970 0.001292
258989 CX12 259152 0.001292
258989 CX12 258968 0.001292
258989 CX12 259151 0.001292
258989 CX12 258967 0.001292
258989 X0 258993 0.999079
258989 X0 258989 0.000307
258989 X0 258988 0.000307
258989 X0 258992 0.000307
258990 CX02 258969 0.980023
258990 CX02 259154 0.002854
258990 CX02 258970 0.002854
258990 CX02 259153 0.002854
258990 CX02 258968 0.002854
258990 CX02 259152 0.002854
258990 CX02 258967 0.002854
258990 CX02 259151 0.002854
258990 CX12 258969 0.990953
258990 CX12 259154 0.001292
258990 CX12 258970 0.001292
258990 CX12 259153 0.001292
258990 CX12 258968 0.001292
258990 CX12 259152 0.001292
258990 CX12 258967 0.001292
258990 CX12 259151 0.001292
258990 X0 258994 0.999079
258990 X0 258990 0.000307
258990 X0 258987 0.000307
258990 X0 258991 0.000307
258991 CX02 259152 0.980023
258991 CX02 258968 0.002854
258991 CX02 259151 0.002854
258991 CX02 258967 0.002854
258991 CX02 259154 0.002854
258991 CX02 258969 0.002854
258991 CX02 259153 0.002854
258991 CX02 258970 0.002854
258991 CX12 258968 0.990953
258991 CX12 259152 0.001292
258991 CX12 258967 0.001292
258991 CX12 259151 0.001292
258991 CX12 258969 0.001292
258991 CX12 259154 0.001292
258991 CX12 258970 0.001292
258991 CX12 259153 0.001292
258991 X0 258987 0.999079
258991 X0 258991 0.000307
258991 X0 258994 0.000307
258991 X0 258990 0.000307
258992 CX02 258968 0.980023
258992 CX02 259152 0.002854
258992 CX02 258967 0.002854
258992 CX02 259151 0.002854
258992 CX02 258969 0.002854
258992 CX02 259154 0.002854
258992 CX02 258970 0.002854
258992 CX02 259153 0.002854
258992 CX12 259152 0.990953
258992 CX12 258968 0.001292
258992 CX12 259151 0.001292
258992 CX12 258967 0.001292
258992 CX12 259154 0.001292
258992 CX12 258969 0.001292
258992 CX12 259153 0.001292
258992 CX12 258970 0.001292
258992 X0 258988 0.999079
258992 X0 258992 0.000307
258992 X0 258993 0.000307
258992 X0 258989 0.000307
258993 CX02 258970 0.980023
258993 CX02 259153 0.002854
258993 CX02 258969 0.002854
258993 CX02 259154 0.002854
258993 CX02 258967 0.002854
258993 CX02 259151 0.002854
258993 CX02 258968 0.002854
258993 CX02 259152 0.002854
258993 CX12 259153 0.990953
258993 CX12 258970 0.001292
258993 CX12 259154 0.001292
258993 CX12 258969 0.001292
258993 CX12 259151 0.001292
258993 CX12 258967 0.001292
258993 CX12 259152 0.001292
258993 CX12 258968 0.001292
258993 X0 258989 0.999079
258993 X0 258993 0.000307
258993 X0 258992 0.000307
258993 X0 258988 0.000307
258994 CX02 259153 0.980023
258994 CX02 258970 0.002854
258994 CX02 259154 0.002854
258994 CX02 258969 0.002854
258994 CX02 259151 0.002854
258994 CX02 258967 0.002854
258994 CX02 259152 0.002854
258994 CX02 258968 0.002854
258994 CX12 258970 0.990953
258994 CX12 259153 0.001292
258994 CX12 258969 0.001292
258994 CX12 259154 0.001292
258994 CX12 258967 0.001292
258994 CX12 259151 0.001292
258994 CX12 258968 0.001292
258994 CX12 259152 0.001292
258994 X0 258990 0.999079
258994 X0 258994 0.000307
258994 X0 258991 0.000307
258994 X0 258987 0.000307
259013 CX02 259443 0.980023
259013 CX02 259444 0.002854
259013 CX02 259445 0.002854
259013 CX02 259446 0.002854
259013 CX02 259447 0.002854
259013 CX02 259448 0.002854
259013 CX02 259449 0.002854
259013 CX02 259450 0.002854
259013 CX12 259443 0.990953
259013 CX12 259444 0.001292
259013 CX12 259445 0.001292
259013 CX12 259446 0.001292
259013 CX12 259448 0.001292
259013 CX12 259447 0.001292
259013 CX12 259450 0.001292
259013 CX12 259449 0.001292
259013 P2 258967 0.998000
259013 P2 259013 0.003600
259013 X0 259052 0.999079
259013 X0 259013 0.000307
259013 X0 259091 0.000307
259013 X0 259130 0.000307
259052 CX02 259448 0.980023
259052 CX02 259447 0.002854
259052 CX02 259450 0.002854
259052 CX02 259449 0.002854
259052 CX02 259444 0.002854
259052 CX02 259443 0.002854
259052 CX02 259446 0.002854
259052 CX02 259445 0.002854
259052 CX12 259447 0.990953
259052 CX12 259448 0.001292
259052 CX12 259449 0.001292
259052 CX12 259450 0.001292
259052 CX12 259444 0.001292
259052 CX12 259443 0.001292
259052 CX12 259446 0.001292
259052 CX12 259445 0.001292
259052 P2 258968 0.998000
259052 P2 259052 0.003600
259052 X0 259013 0.999079
259052 X0 259052 0.000307
259052 X0 259130 0.000307
259052 X0 259091 0.000307
259091 CX02 259446 0.980023
259091 CX02 259445 0.002854
259091 CX02 259444 0.002854
259091 CX02 259443 0.002854
259091 CX02 259450 0.002854
259091 CX02 259449 0.002854
259091 CX02 259448 0.002854
259091 CX02 259447 0.002854
259091 CX12 259446 0.990953
259091 CX12 259445 0.001292
259091 CX12 259444 0.001292
259091 CX12 259443 0.001292
259091 CX12 259449 0.001292
259091 CX12 259450 0.001292
259091 CX12 259447 0.001292
259091 CX12 259448 0.001292
259091 P2 258969 0.998000
259091 P2 259091 0.003600
259091 X0 259130 0.999079
259091 X0 259091 0.000307
259091 X0 259013 0.000307
259091 X0 259052 0.000307
259130 CX02 259449 0.980023
259130 CX02 259450 0.002854
259130 CX02 259447 0.002854
259130 CX02 259448 0.002854
259130 CX02 259445 0.002854
259130 CX02 259446 0.002854
259130 CX02 259443 0.002854
259130 CX02 259444 0.002854
259130 CX12 259450 0.990953
259130 CX12 259449 0.001292
259130 CX12 259448 0.001292
259130 CX12 259447 0.001292
259130 CX12 259445 0.001292
259130 CX12 259446 0.001292
259130 CX12 259443 0.001292
259130 CX12 259444 0.001292
259130 P2 258970 0.998000
259130 P2 259130 0.003600
259130 X0 259091 0.999079
259130 X0 259130 0.000307
259130 X0 259052 0.000307
259130 X0 259013 0.000307
259151 CX02 258988 0.980023
259151 CX02 258987 0.002854
259151 CX02 258990 0.002854
259151 CX02 258989 0.002854
259151 CX02 258992 0.002854
259151 CX02 258991 0.002854
259151 CX02 258994 0.002854
259151 CX02 258993 0.002854
259151 CX12 258988 0.990953
259151 CX12 258987 0.001292
259151 CX12 258990 0.001292
259151 CX12 258989 0.001292
259151 CX12 258991 0.001292
259151 CX12 258992 0.001292
259151 CX12 258993 0.001292
259151 CX12 258994 0.001292
259151 P2 259621 0.996400
259151 P2 259151 0.002000
259151 X0 259152 0.999079
259151 X0 259151 0.000307
259151 X0 259154 0.000307
259151 X0 259153 0.000307
259152 CX02 258991 0.980023
259152 CX02 258992 0.002854
259152 CX02 258993 0.002854
259152 CX02 258994 0.002854
259152 CX02 258987 0.002854
259152 CX02 258988 0.002854
259152 CX02 258989 0.002854
259152 CX02 258990 0.002854
259152 CX12 258992 0.990953
259152 CX12 258991 0.001292
259152 CX12 258994 0.001292
259152 CX12 258993 0.001292
259152 CX12 258987 0.001292
259152 CX12 258988 0.001292
259152 CX12 258989 0.001292
259152 CX12 258990 0.001292
259152 P2 259660 0.996400
259152 P2 259152 0.002000
259152 X0 259151 0.999079
259152 X0 259152 0.000307
259152 X0 259153 0.000307
259152 X0 259154 0.000307
259153 CX02 258994 0.980023
259153 CX02 258993 0.002854
259153 CX02 258992 0.002854
259153 CX02 258991 0.002854
259153 CX02 258990 0.002854
259153 CX02 258989 0.002854
259153 CX02 258988 0.002854
259153 CX02 258987 0.002854
259153 CX12 258993 0.990953
259153 CX12 258994 0.001292
259153 CX12 258991 0.001292
259153 CX12 258992 0.001292
259153 CX12 258990 0.001292
259153 CX12 258989 0.001292
259153 CX12 258988 0.001292
259153 CX12 258987 0.001292
259153 P2 259699 0.996400
259153 P2 259153 0.002000
259153 X0 259154 0.999079
259153 X0 259153 0.000307
259153 X0 259152 0.000307
259153 X0 259151 0.000307
259154 CX02 258989 0.980023
259154 CX02 258990 0.002854
259154 CX02 258987 0.002854
259154 CX02 258988 0.002854
259154 CX02 258993 0.002854
259154 CX02 258994 0.002854
259154 CX02 258991 0.002854
259154 CX02 258992 0.002854
259154 CX12 258989 0.990953
259154 CX12 258990 0.001292
259154 CX12 258987 0.001292
259154 CX12 258988 0.001292
259154 CX12 258994 0.001292
259154 CX12 258993 0.001292
259154 CX12 258992 0.001292
259154 CX12 258991 0.001292
259154 P2 259738 0.996400
259154 P2 259154 0.002000
259154 X0 259153 0.999079
259154 X0 259154 0.000307
259154 X0 259151 0.000307
259154 X0 259152 0.000307
259443 CX02 259013 0.980023
259443 CX02 259621 0.002854
259443 CX02 259052 0.002854
259443 CX02 259660 0.002854
259443 CX02 259130 0.002854
259443 CX02 259699 0.002854
259443 CX02 259091 0.002854
259443 CX02 259738 0.002854
259443 CX12 259013 0.990953
259443 CX12 259621 0.001292
259443 CX12 259052 0.001292
259443 CX12 259660 0.001292
259443 CX12 259130 0.001292
259443 CX12 259699 0.001292
259443 CX12 259091 0.001292
259443 CX12 259738 0.001292
259443 X0 259447 0.999079
259443 X0 259443 0.000307
259443 X0 259446 0.000307
259443 X0 259450 0.000307
259444 CX02 259621 0.980023
259444 CX02 259013 0.002854
259444 CX02 259660 0.002854
259444 CX02 259052 0.002854
259444 CX02 259699 0.002854
259444 CX02 259130 0.002854
259444 CX02 259738 0.002854
259444 CX02 259091 0.002854
259444 CX12 259621 0.990953
259444 CX12 259013 0.001292
259444 CX12 259660 0.001292
259444 CX12 259052 0.001292
259444 CX12 259699 0.001292
259444 CX12 259130 0.001292
259444 CX12 259738 0.001292
259444 CX12 259091 0.001292
259444 X0 259448 0.999079
259444 X0 259444 0.000307
259444 X0 259445 0.000307
259444 X0 259449 0.000307
259445 CX02 259738 0.980023
259445 CX02 259091 0.002854
259445 CX02 259699 0.002854
259445 CX02 259130 0.002854
259445 CX02 259660 0.002854
259445 CX02 259052 0.002854
259445 CX02 259621 0.002854
259445 CX02 259013 0.002854
259445 CX12 259738 0.990953
259445 CX12 259091 0.001292
259445 CX12 259699 0.001292
259445 CX12 259130 0.001292
259445 CX12 259660 0.001292
259445 CX12 259052 0.001292
259445 CX12 259621 0.001292
259445 CX12 259013 0.001292
259445 X0 259449 0.999079
259445 X0 259445 0.000307
259445 X0 259444 0.000307
259445 X0 259448 0.000307
259446 CX02 259091 0.980023
259446 CX02 259738 0.002854
259446 CX02 259130 0.002854
259446 CX02 259699 0.002854
259446 CX02 259052 0.002854
259446 CX02 259660 0.002854
259446 CX02 259013 0.002854
259446 CX02 259621 0.002854
259446 CX12 259091 0.990953
259446 CX12 259738 0.001292
259446 CX12 259130 0.001292
259446 CX12 259699 0.001292
259446 CX12 259052 0.001292
259446 CX12 259660 0.001292
259446 CX12 259013 0.001292
259446 CX12 259621 0.001292
259446 X0 259450 0.999079
259446 X0 259446 0.000307
259446 X0 259443 0.000307
259446 X0 259447 0.000307
259447 CX02 259660 0.980023
259447 CX02 259052 0.002854
259447 CX02 259621 0.002854
259447 CX02 259013 0.002854
259447 CX02 259738 0.002854
259447 CX02 259091 0.002854
259447 CX02 259699 0.002854
259447 CX02 259130 0.002854
259447 CX12 259052 0.990953
259447 CX12 259660 0.001292
259447 CX12 259013 0.001292
259447 CX12 259621 0.001292
259447 CX12 259091 0.001292
259447 CX12 259738 0.001292
259447 CX12 259130 0.001292
259447 CX12 259699 0.001292
259447 X0 259443 0.999079
259447 X0 259447 0.000307
259447 X0 259450 0.000307
259447 X0 259446 0.000307
259448 CX02 259052 0.980023
259448 CX02 259660 0.002854
259448 CX02 259013 0.002854
259448 CX02 259621 0.002854
259448 CX02 259091 0.002854
259448 CX02 259738 0.002854
259448 CX02 259130 0.002854
259448 CX02 259699 0.002854
259448 CX12 259660 0.990953
259448 CX12 259052 0.001292
259448 CX12 259621 0.001292
259448 CX12 259013 0.001292
259448 CX12 259738 0.001292
259448 CX12 259091 0.001292
259448 CX12 259699 0.001292
259448 CX12 259130 0.001292
259448 X0 259444 0.999079
259448 X0 259448 0.000307
259448 X0 259449 0.000307
259448 X0 259445 0.000307
259449 CX02 259130 0.980023
259449 CX02 259699 0.002854
259449 CX02 259091 0.002854
259449 CX02 259738 0.002854
259449 CX02 259013 0.002854
259449 CX02 259621 0.002854
259449 CX02 259052 0.002854
259449 CX02 259660 0.002854
259449 CX12 259699 0.990953
259449 CX12 259130 0.001292
259449 CX12 259738 0.001292
259449 CX12 259091 0.001292
259449 CX12 259621 0.001292
259449 CX12 259013 0.001292
259449 CX12 259660 0.001292
259449 CX12 259052 0.001292
259449 X0 259445 0.999079
259449 X0 259449 0.000307
259449 X0 259448 0.000307
259449 X0 259444 0.000307
259450 CX02 259699 0.980023
259450 CX02 259130 0.002854
259450 CX02 259738 0.002854
259450 CX02 259091 0.002854
259450 CX02 259621 0.002854
259450 CX02 259013 0.002854
259450 CX02 259660 0.002854
259450 CX02 259052 0.002854
259450 CX12 259130 0.990953
259450 CX12 259699 0.001292
259450 CX12 259091 0.001292
259450 CX12 259738 0.001292
259450 CX12 259013 0.001292
259450 CX12 259621 0.001292
259450 CX12 259052 0.001292
259450 CX12 259660 0.001292
259450 X0 259446 0.999079
259450 X0 259450 0.000307
259450 X0 259447 0.000307
259450 X0 259443 0.000307
259621 CX02 259444 0.980023
259621 CX02 259443 0.002854
259621 CX02 259446 0.002854
259621 CX02 259445 0.002854
259621 CX02 259448 0.002854
259621 CX02 259447 0.002854
259621 CX02 259450 0.002854
259621 CX02 259449 0.002854
259621 CX12 259444 0.990953
259621 CX12 259443 0.001292
259621 CX12 259446 0.001292
259621 CX12 259445 0.001292
259621 CX12 259447 0.001292
259621 CX12 259448 0.001292
259621 CX12 259449 0.001292
259621 CX12 259450 0.001292
259621 P2 259621 0.996400
259621 P2 259151 0.002000
259621 X0 259660 0.999079
259621 X0 259621 0.000307
259621 X0 259738 0.000307
259621 X0 259699 0.000307
259660 CX02 259447 0.980023
259660 CX02 259448 0.002854
259660 CX02 259449 0.002854
259660 CX02 259450 0.002854
259660 CX02 259443 0.002854
259660 CX02 259444 0.002854
259660 CX02 259445 0.002854
259660 CX02 259446 0.002854
259660 CX12 259448 0.990953
259660 CX12 259447 0.001292
259660 CX12 259450 0.001292
259660 CX12 259449 0.001292
259660 CX12 259443 0.001292
259660 CX12 259444 0.001292
259660 CX12 259445 0.001292
259660 CX12 259446 0.001292
259660 P2 259660 0.996400
259660 P2 259152 0.002000
259660 X0 259621 0.999079
259660 X0 259660 0.000307
259660 X0 259699 0.000307
259660 X0 259738 0.000307
259699 CX02 259450 0.980023
259699 CX02 259449 0.002854
259699 CX02 259448 0.002854
259699 CX02 259447 0.002854
259699 CX02 259446 0.002854
259699 CX02 259445 0.002854
259699 CX02 259444 0.002854
259699 CX02 259443 0.002854
259699 CX12 259449 0.990953
259699 CX12 259450 0.001292
259699 CX12 259447 0.001292
259699 CX12 259448 0.001292
259699 CX12 259446 0.001292
259699 CX12 259445 0.001292
259699 CX12 259444 0.001292
259699 CX12 259443 0.001292
259699 P2 259699 0.996400
259699 P2 259153 0.002000
259699 X0 259738 0.999079
259699 X0 259699 0.000307
259699 X0 259660 0.000307
259699 X0 259621 0.000307
259738 CX02 259445 0.980023
259738 CX02 259446 0.002854
259738 CX02 259443 0.002854
259738 CX02 259444 0.002854
259738 CX02 259449 0.002854
259738 CX02 259450 0.002854
259738 CX02 259447 0.002854
259738 CX02 259448 0.002854
259738 CX12 259445 0.990953
259738 CX12 259446 0.001292
259738 CX12 259443 0.001292
259738 CX12 259444 0.001292
259738 CX12 259450 0.001292
259738 CX12 259449 0.001292
259738 CX12 259448 0.001292
259738 CX12 259447 0.001292
259738 P2 259738 0.996400
259738 P2 259154 0.002000
259738 X0 259699 0.999079
259738 X0 259738 0.000307
259738 X0 259621 0.000307
259738 X0 259660 0.000307
ENDPOMDP
