BEGINPOMDP
INITIALSTATE: 2435
STATES: 2435,2436,2437,2438,2439,2456,2457,2458,2459,2460,2461,2462,2463,2482,2521,2560,2599,2620,2621,2622,2623,2912,2913,2914,2915,2916,2917,2918,2919,3090,3129,3168,3207
TARGETV: 2436,2438,2482,2560,2620,2623,3090,3207
GAMMA: 2435:0,2436:0,2437:0,2438:0,2439:0,2456:0,2457:0,2458:0,2459:0,2460:0,2461:0,2462:0,2463:0,2482:1,2521:1,2560:1,2599:1,2620:0,2621:0,2622:0,2623:0,2912:1,2913:1,2914:1,2915:1,2916:1,2917:1,2918:1,2919:1,3090:1,3129:1,3168:1,3207:1
BEGINACTIONS
CX02 Instruction.CNOT 0 2 -
CX12 Instruction.CNOT 1 2 -
P2 Instruction.MEAS - 2 -
X0 Instruction.U3 - 0 3.141592653589793,6.283185307179586,3.141592653589793
ENDACTIONS
2435 INIT_ 2436 0.250000
2435 INIT_ 2437 0.250000
2435 INIT_ 2438 0.250000
2435 INIT_ 2439 0.250000
2436 CX02 2456 0.972863
2436 CX02 2457 0.003877
2436 CX02 2458 0.003877
2436 CX02 2459 0.003877
2436 CX02 2460 0.003877
2436 CX02 2461 0.003877
2436 CX02 2462 0.003877
2436 CX02 2463 0.003877
2436 CX12 2456 0.974138
2436 CX12 2457 0.003695
2436 CX12 2458 0.003695
2436 CX12 2459 0.003695
2436 CX12 2461 0.003695
2436 CX12 2460 0.003695
2436 CX12 2463 0.003695
2436 CX12 2462 0.003695
2436 P2 2436 0.708200
2436 P2 2482 0.053600
2436 X0 2437 0.997521
2436 X0 2436 0.000826
2436 X0 2438 0.000826
2436 X0 2439 0.000826
2437 CX02 2461 0.972863
2437 CX02 2460 0.003877
2437 CX02 2463 0.003877
2437 CX02 2462 0.003877
2437 CX02 2457 0.003877
2437 CX02 2456 0.003877
2437 CX02 2459 0.003877
2437 CX02 2458 0.003877
2437 CX12 2460 0.974138
2437 CX12 2461 0.003695
2437 CX12 2462 0.003695
2437 CX12 2463 0.003695
2437 CX12 2457 0.003695
2437 CX12 2456 0.003695
2437 CX12 2459 0.003695
2437 CX12 2458 0.003695
2437 P2 2437 0.708200
2437 P2 2521 0.053600
2437 X0 2436 0.997521
2437 X0 2437 0.000826
2437 X0 2439 0.000826
2437 X0 2438 0.000826
2438 CX02 2459 0.972863
2438 CX02 2458 0.003877
2438 CX02 2457 0.003877
2438 CX02 2456 0.003877
2438 CX02 2463 0.003877
2438 CX02 2462 0.003877
2438 CX02 2461 0.003877
2438 CX02 2460 0.003877
2438 CX12 2459 0.974138
2438 CX12 2458 0.003695
2438 CX12 2457 0.003695
2438 CX12 2456 0.003695
2438 CX12 2462 0.003695
2438 CX12 2463 0.003695
2438 CX12 2460 0.003695
2438 CX12 2461 0.003695
2438 P2 2438 0.708200
2438 P2 2560 0.053600
2438 X0 2439 0.997521
2438 X0 2438 0.000826
2438 X0 2436 0.000826
2438 X0 2437 0.000826
2439 CX02 2462 0.972863
2439 CX02 2463 0.003877
2439 CX02 2460 0.003877
2439 CX02 2461 0.003877
2439 CX02 2458 0.003877
2439 CX02 2459 0.003877
2439 CX02 2456 0.003877
2439 CX02 2457 0.003877
2439 CX12 2463 0.974138
2439 CX12 2462 0.003695
2439 CX12 2461 0.003695
2439 CX12 2460 0.003695
2439 CX12 2458 0.003695
2439 CX12 2459 0.003695
2439 CX12 2456 0.003695
2439 CX12 2457 0.003695
2439 P2 2439 0.708200
2439 P2 2599 0.053600
2439 X0 2438 0.997521
2439 X0 2439 0.000826
2439 X0 2437 0.000826
2439 X0 2436 0.000826
2456 CX02 2436 0.972863
2456 CX02 2620 0.003877
2456 CX02 2437 0.003877
2456 CX02 2621 0.003877
2456 CX02 2439 0.003877
2456 CX02 2622 0.003877
2456 CX02 2438 0.003877
2456 CX02 2623 0.003877
2456 CX12 2436 0.974138
2456 CX12 2620 0.003695
2456 CX12 2437 0.003695
2456 CX12 2621 0.003695
2456 CX12 2439 0.003695
2456 CX12 2622 0.003695
2456 CX12 2438 0.003695
2456 CX12 2623 0.003695
2456 X0 2460 0.997521
2456 X0 2456 0.000826
2456 X0 2459 0.000826
2456 X0 2463 0.000826
2457 CX02 2620 0.972863
2457 CX02 2436 0.003877
2457 CX02 2621 0.003877
2457 CX02 2437 0.003877
2457 CX02 2622 0.003877
2457 CX02 2439 0.003877
2457 CX02 2623 0.003877
2457 CX02 2438 0.003877
2457 CX12 2620 0.974138
2457 CX12 2436 0.003695
2457 CX12 2621 0.003695
2457 CX12 2437 0.003695
2457 CX12 2622 0.003695
2457 CX12 2439 0.003695
2457 CX12 2623 0.003695
2457 CX12 2438 0.003695
2457 X0 2461 0.997521
2457 X0 2457 0.000826
2457 X0 2458 0.000826
2457 X0 2462 0.000826
2458 CX02 2623 0.972863
2458 CX02 2438 0.003877
2458 CX02 2622 0.003877
2458 CX02 2439 0.003877
2458 CX02 2621 0.003877
2458 CX02 2437 0.003877
2458 CX02 2620 0.003877
2458 CX02 2436 0.003877
2458 CX12 2623 0.974138
2458 CX12 2438 0.003695
2458 CX12 2622 0.003695
2458 CX12 2439 0.003695
2458 CX12 2621 0.003695
2458 CX12 2437 0.003695
2458 CX12 2620 0.003695
2458 CX12 2436 0.003695
2458 X0 2462 0.997521
2458 X0 2458 0.000826
2458 X0 2457 0.000826
2458 X0 2461 0.000826
2459 CX02 2438 0.972863
2459 CX02 2623 0.003877
2459 CX02 2439 0.003877
2459 CX02 2622 0.003877
2459 CX02 2437 0.003877
2459 CX02 2621 0.003877
2459 CX02 2436 0.003877
2459 CX02 2620 0.003877
2459 CX12 2438 0.974138
2459 CX12 2623 0.003695
2459 CX12 2439 0.003695
2459 CX12 2622 0.003695
2459 CX12 2437 0.003695
2459 CX12 2621 0.003695
2459 CX12 2436 0.003695
2459 CX12 2620 0.003695
2459 X0 2463 0.997521
2459 X0 2459 0.000826
2459 X0 2456 0.000826
2459 X0 2460 0.000826
2460 CX02 2621 0.972863
2460 CX02 2437 0.003877
2460 CX02 2620 0.003877
2460 CX02 2436 0.003877
2460 CX02 2623 0.003877
2460 CX02 2438 0.003877
2460 CX02 2622 0.003877
2460 CX02 2439 0.003877
2460 CX12 2437 0.974138
2460 CX12 2621 0.003695
2460 CX12 2436 0.003695
2460 CX12 2620 0.003695
2460 CX12 2438 0.003695
2460 CX12 2623 0.003695
2460 CX12 2439 0.003695
2460 CX12 2622 0.003695
2460 X0 2456 0.997521
2460 X0 2460 0.000826
2460 X0 2463 0.000826
2460 X0 2459 0.000826
2461 CX02 2437 0.972863
2461 CX02 2621 0.003877
2461 CX02 2436 0.003877
2461 CX02 2620 0.003877
2461 CX02 2438 0.003877
2461 CX02 2623 0.003877
2461 CX02 2439 0.003877
2461 CX02 2622 0.003877
2461 CX12 2621 0.974138
2461 CX12 2437 0.003695
2461 CX12 2620 0.003695
2461 CX12 2436 0.003695
2461 CX12 2623 0.003695
2461 CX12 2438 0.003695
2461 CX12 2622 0.003695
2461 CX12 2439 0.003695
2461 X0 2457 0.997521
2461 X0 2461 0.000826
2461 X0 2462 0.000826
2461 X0 2458 0.000826
2462 CX02 2439 0.972863
2462 CX02 2622 0.003877
2462 CX02 2438 0.003877
2462 CX02 2623 0.003877
2462 CX02 2436 0.003877
2462 CX02 2620 0.003877
2462 CX02 2437 0.003877
2462 CX02 2621 0.003877
2462 CX12 2622 0.974138
2462 CX12 2439 0.003695
2462 CX12 2623 0.003695
2462 CX12 2438 0.003695
2462 CX12 2620 0.003695
2462 CX12 2436 0.003695
2462 CX12 2621 0.003695
2462 CX12 2437 0.003695
2462 X0 2458 0.997521
2462 X0 2462 0.000826
2462 X0 2461 0.000826
2462 X0 2457 0.000826
2463 CX02 2622 0.972863
2463 CX02 2439 0.003877
2463 CX02 2623 0.003877
2463 CX02 2438 0.003877
2463 CX02 2620 0.003877
2463 CX02 2436 0.003877
2463 CX02 2621 0.003877
2463 CX02 2437 0.003877
2463 CX12 2439 0.974138
2463 CX12 2622 0.003695
2463 CX12 2438 0.003695
2463 CX12 2623 0.003695
2463 CX12 2436 0.003695
2463 CX12 2620 0.003695
2463 CX12 2437 0.003695
2463 CX12 2621 0.003695
2463 X0 2459 0.997521
2463 X0 2463 0.000826
2463 X0 2460 0.000826
2463 X0 2456 0.000826
2482 CX02 2912 0.972863
2482 CX02 2913 0.003877
2482 CX02 2914 0.003877
2482 CX02 2915 0.003877
2482 CX02 2916 0.003877
2482 CX02 2917 0.003877
2482 CX02 2918 0.003877
2482 CX02 2919 0.003877
2482 CX12 2912 0.974138
2482 CX12 2913 0.003695
2482 CX12 2914 0.003695
2482 CX12 2915 0.003695
2482 CX12 2917 0.003695
2482 CX12 2916 0.003695
2482 CX12 2919 0.003695
2482 CX12 2918 0.003695
2482 P2 2436 0.708200
2482 P2 2482 0.053600
2482 X0 2521 0.997521
2482 X0 2482 0.000826
2482 X0 2560 0.000826
2482 X0 2599 0.000826
2521 CX02 2917 0.972863
2521 CX02 2916 0.003877
2521 CX02 2919 0.003877
2521 CX02 2918 0.003877
2521 CX02 2913 0.003877
2521 CX02 2912 0.003877
2521 CX02 2915 0.003877
2521 CX02 2914 0.003877
2521 CX12 2916 0.974138
2521 CX12 2917 0.003695
2521 CX12 2918 0.003695
2521 CX12 2919 0.003695
2521 CX12 2913 0.003695
2521 CX12 2912 0.003695
2521 CX12 2915 0.003695
2521 CX12 2914 0.003695
2521 P2 2437 0.708200
2521 P2 2521 0.053600
2521 X0 2482 0.997521
2521 X0 2521 0.000826
2521 X0 2599 0.000826
2521 X0 2560 0.000826
2560 CX02 2915 0.972863
2560 CX02 2914 0.003877
2560 CX02 2913 0.003877
2560 CX02 2912 0.003877
2560 CX02 2919 0.003877
2560 CX02 2918 0.003877
2560 CX02 2917 0.003877
2560 CX02 2916 0.003877
2560 CX12 2915 0.974138
2560 CX12 2914 0.003695
2560 CX12 2913 0.003695
2560 CX12 2912 0.003695
2560 CX12 2918 0.003695
2560 CX12 2919 0.003695
2560 CX12 2916 0.003695
2560 CX12 2917 0.003695
2560 P2 2438 0.708200
2560 P2 2560 0.053600
2560 X0 2599 0.997521
2560 X0 2560 0.000826
2560 X0 2482 0.000826
2560 X0 2521 0.000826
2599 CX02 2918 0.972863
2599 CX02 2919 0.003877
2599 CX02 2916 0.003877
2599 CX02 2917 0.003877
2599 CX02 2914 0.003877
2599 CX02 2915 0.003877
2599 CX02 2912 0.003877
2599 CX02 2913 0.003877
2599 CX12 2919 0.974138
2599 CX12 2918 0.003695
2599 CX12 2917 0.003695
2599 CX12 2916 0.003695
2599 CX12 2914 0.003695
2599 CX12 2915 0.003695
2599 CX12 2912 0.003695
2599 CX12 2913 0.003695
2599 P2 2439 0.708200
2599 P2 2599 0.053600
2599 X0 2560 0.997521
2599 X0 2599 0.000826
2599 X0 2521 0.000826
2599 X0 2482 0.000826
2620 CX02 2457 0.972863
2620 CX02 2456 0.003877
2620 CX02 2459 0.003877
2620 CX02 2458 0.003877
2620 CX02 2461 0.003877
2620 CX02 2460 0.003877
2620 CX02 2463 0.003877
2620 CX02 2462 0.003877
2620 CX12 2457 0.974138
2620 CX12 2456 0.003695
2620 CX12 2459 0.003695
2620 CX12 2458 0.003695
2620 CX12 2460 0.003695
2620 CX12 2461 0.003695
2620 CX12 2462 0.003695
2620 CX12 2463 0.003695
2620 P2 3090 0.946400
2620 P2 2620 0.291800
2620 X0 2621 0.997521
2620 X0 2620 0.000826
2620 X0 2623 0.000826
2620 X0 2622 0.000826
2621 CX02 2460 0.972863
2621 CX02 2461 0.003877
2621 CX02 2462 0.003877
2621 CX02 2463 0.003877
2621 CX02 2456 0.003877
2621 CX02 2457 0.003877
2621 CX02 2458 0.003877
2621 CX02 2459 0.003877
2621 CX12 2461 0.974138
2621 CX12 2460 0.003695
2621 CX12 2463 0.003695
2621 CX12 2462 0.003695
2621 CX12 2456 0.003695
2621 CX12 2457 0.003695
2621 CX12 2458 0.003695
2621 CX12 2459 0.003695
2621 P2 3129 0.946400
2621 P2 2621 0.291800
2621 X0 2620 0.997521
2621 X0 2621 0.000826
2621 X0 2622 0.000826
2621 X0 2623 0.000826
2622 CX02 2463 0.972863
2622 CX02 2462 0.003877
2622 CX02 2461 0.003877
2622 CX02 2460 0.003877
2622 CX02 2459 0.003877
2622 CX02 2458 0.003877
2622 CX02 2457 0.003877
2622 CX02 2456 0.003877
2622 CX12 2462 0.974138
2622 CX12 2463 0.003695
2622 CX12 2460 0.003695
2622 CX12 2461 0.003695
2622 CX12 2459 0.003695
2622 CX12 2458 0.003695
2622 CX12 2457 0.003695
2622 CX12 2456 0.003695
2622 P2 3168 0.946400
2622 P2 2622 0.291800
2622 X0 2623 0.997521
2622 X0 2622 0.000826
2622 X0 2621 0.000826
2622 X0 2620 0.000826
2623 CX02 2458 0.972863
2623 CX02 2459 0.003877
2623 CX02 2456 0.003877
2623 CX02 2457 0.003877
2623 CX02 2462 0.003877
2623 CX02 2463 0.003877
2623 CX02 2460 0.003877
2623 CX02 2461 0.003877
2623 CX12 2458 0.974138
2623 CX12 2459 0.003695
2623 CX12 2456 0.003695
2623 CX12 2457 0.003695
2623 CX12 2463 0.003695
2623 CX12 2462 0.003695
2623 CX12 2461 0.003695
2623 CX12 2460 0.003695
2623 P2 3207 0.946400
2623 P2 2623 0.291800
2623 X0 2622 0.997521
2623 X0 2623 0.000826
2623 X0 2620 0.000826
2623 X0 2621 0.000826
2912 CX02 2482 0.972863
2912 CX02 3090 0.003877
2912 CX02 2521 0.003877
2912 CX02 3129 0.003877
2912 CX02 2599 0.003877
2912 CX02 3168 0.003877
2912 CX02 2560 0.003877
2912 CX02 3207 0.003877
2912 CX12 2482 0.974138
2912 CX12 3090 0.003695
2912 CX12 2521 0.003695
2912 CX12 3129 0.003695
2912 CX12 2599 0.003695
2912 CX12 3168 0.003695
2912 CX12 2560 0.003695
2912 CX12 3207 0.003695
2912 X0 2916 0.997521
2912 X0 2912 0.000826
2912 X0 2915 0.000826
2912 X0 2919 0.000826
2913 CX02 3090 0.972863
2913 CX02 2482 0.003877
2913 CX02 3129 0.003877
2913 CX02 2521 0.003877
2913 CX02 3168 0.003877
2913 CX02 2599 0.003877
2913 CX02 3207 0.003877
2913 CX02 2560 0.003877
2913 CX12 3090 0.974138
2913 CX12 2482 0.003695
2913 CX12 3129 0.003695
2913 CX12 2521 0.003695
2913 CX12 3168 0.003695
2913 CX12 2599 0.003695
2913 CX12 3207 0.003695
2913 CX12 2560 0.003695
2913 X0 2917 0.997521
2913 X0 2913 0.000826
2913 X0 2914 0.000826
2913 X0 2918 0.000826
2914 CX02 3207 0.972863
2914 CX02 2560 0.003877
2914 CX02 3168 0.003877
2914 CX02 2599 0.003877
2914 CX02 3129 0.003877
2914 CX02 2521 0.003877
2914 CX02 3090 0.003877
2914 CX02 2482 0.003877
2914 CX12 3207 0.974138
2914 CX12 2560 0.003695
2914 CX12 3168 0.003695
2914 CX12 2599 0.003695
2914 CX12 3129 0.003695
2914 CX12 2521 0.003695
2914 CX12 3090 0.003695
2914 CX12 2482 0.003695
2914 X0 2918 0.997521
2914 X0 2914 0.000826
2914 X0 2913 0.000826
2914 X0 2917 0.000826
2915 CX02 2560 0.972863
2915 CX02 3207 0.003877
2915 CX02 2599 0.003877
2915 CX02 3168 0.003877
2915 CX02 2521 0.003877
2915 CX02 3129 0.003877
2915 CX02 2482 0.003877
2915 CX02 3090 0.003877
2915 CX12 2560 0.974138
2915 CX12 3207 0.003695
2915 CX12 2599 0.003695
2915 CX12 3168 0.003695
2915 CX12 2521 0.003695
2915 CX12 3129 0.003695
2915 CX12 2482 0.003695
2915 CX12 3090 0.003695
2915 X0 2919 0.997521
2915 X0 2915 0.000826
2915 X0 2912 0.000826
2915 X0 2916 0.000826
2916 CX02 3129 0.972863
2916 CX02 2521 0.003877
2916 CX02 3090 0.003877
2916 CX02 2482 0.003877
2916 CX02 3207 0.003877
2916 CX02 2560 0.003877
2916 CX02 3168 0.003877
2916 CX02 2599 0.003877
2916 CX12 2521 0.974138
2916 CX12 3129 0.003695
2916 CX12 2482 0.003695
2916 CX12 3090 0.003695
2916 CX12 2560 0.003695
2916 CX12 3207 0.003695
2916 CX12 2599 0.003695
2916 CX12 3168 0.003695
2916 X0 2912 0.997521
2916 X0 2916 0.000826
2916 X0 2919 0.000826
2916 X0 2915 0.000826
2917 CX02 2521 0.972863
2917 CX02 3129 0.003877
2917 CX02 2482 0.003877
2917 CX02 3090 0.003877
2917 CX02 2560 0.003877
2917 CX02 3207 0.003877
2917 CX02 2599 0.003877
2917 CX02 3168 0.003877
2917 CX12 3129 0.974138
2917 CX12 2521 0.003695
2917 CX12 3090 0.003695
2917 CX12 2482 0.003695
2917 CX12 3207 0.003695
2917 CX12 2560 0.003695
2917 CX12 3168 0.003695
2917 CX12 2599 0.003695
2917 X0 2913 0.997521
2917 X0 2917 0.000826
2917 X0 2918 0.000826
2917 X0 2914 0.000826
2918 CX02 2599 0.972863
2918 CX02 3168 0.003877
2918 CX02 2560 0.003877
2918 CX02 3207 0.003877
2918 CX02 2482 0.003877
2918 CX02 3090 0.003877
2918 CX02 2521 0.003877
2918 CX02 3129 0.003877
2918 CX12 3168 0.974138
2918 CX12 2599 0.003695
2918 CX12 3207 0.003695
2918 CX12 2560 0.003695
2918 CX12 3090 0.003695
2918 CX12 2482 0.003695
2918 CX12 3129 0.003695
2918 CX12 2521 0.003695
2918 X0 2914 0.997521
2918 X0 2918 0.000826
2918 X0 2917 0.000826
2918 X0 2913 0.000826
2919 CX02 3168 0.972863
2919 CX02 2599 0.003877
2919 CX02 3207 0.003877
2919 CX02 2560 0.003877
2919 CX02 3090 0.003877
2919 CX02 2482 0.003877
2919 CX02 3129 0.003877
2919 CX02 2521 0.003877
2919 CX12 2599 0.974138
2919 CX12 3168 0.003695
2919 CX12 2560 0.003695
2919 CX12 3207 0.003695
2919 CX12 2482 0.003695
2919 CX12 3090 0.003695
2919 CX12 2521 0.003695
2919 CX12 3129 0.003695
2919 X0 2915 0.997521
2919 X0 2919 0.000826
2919 X0 2916 0.000826
2919 X0 2912 0.000826
3090 CX02 2913 0.972863
3090 CX02 2912 0.003877
3090 CX02 2915 0.003877
3090 CX02 2914 0.003877
3090 CX02 2917 0.003877
3090 CX02 2916 0.003877
3090 CX02 2919 0.003877
3090 CX02 2918 0.003877
3090 CX12 2913 0.974138
3090 CX12 2912 0.003695
3090 CX12 2915 0.003695
3090 CX12 2914 0.003695
3090 CX12 2916 0.003695
3090 CX12 2917 0.003695
3090 CX12 2918 0.003695
3090 CX12 2919 0.003695
3090 P2 3090 0.946400
3090 P2 2620 0.291800
3090 X0 3129 0.997521
3090 X0 3090 0.000826
3090 X0 3207 0.000826
3090 X0 3168 0.000826
3129 CX02 2916 0.972863
3129 CX02 2917 0.003877
3129 CX02 2918 0.003877
3129 CX02 2919 0.003877
3129 CX02 2912 0.003877
3129 CX02 2913 0.003877
3129 CX02 2914 0.003877
3129 CX02 2915 0.003877
3129 CX12 2917 0.974138
3129 CX12 2916 0.003695
3129 CX12 2919 0.003695
3129 CX12 2918 0.003695
3129 CX12 2912 0.003695
3129 CX12 2913 0.003695
3129 CX12 2914 0.003695
3129 CX12 2915 0.003695
3129 P2 3129 0.946400
3129 P2 2621 0.291800
3129 X0 3090 0.997521
3129 X0 3129 0.000826
3129 X0 3168 0.000826
3129 X0 3207 0.000826
3168 CX02 2919 0.972863
3168 CX02 2918 0.003877
3168 CX02 2917 0.003877
3168 CX02 2916 0.003877
3168 CX02 2915 0.003877
3168 CX02 2914 0.003877
3168 CX02 2913 0.003877
3168 CX02 2912 0.003877
3168 CX12 2918 0.974138
3168 CX12 2919 0.003695
3168 CX12 2916 0.003695
3168 CX12 2917 0.003695
3168 CX12 2915 0.003695
3168 CX12 2914 0.003695
3168 CX12 2913 0.003695
3168 CX12 2912 0.003695
3168 P2 3168 0.946400
3168 P2 2622 0.291800
3168 X0 3207 0.997521
3168 X0 3168 0.000826
3168 X0 3129 0.000826
3168 X0 3090 0.000826
3207 CX02 2914 0.972863
3207 CX02 2915 0.003877
3207 CX02 2912 0.003877
3207 CX02 2913 0.003877
3207 CX02 2918 0.003877
3207 CX02 2919 0.003877
3207 CX02 2916 0.003877
3207 CX02 2917 0.003877
3207 CX12 2914 0.974138
3207 CX12 2915 0.003695
3207 CX12 2912 0.003695
3207 CX12 2913 0.003695
3207 CX12 2919 0.003695
3207 CX12 2918 0.003695
3207 CX12 2917 0.003695
3207 CX12 2916 0.003695
3207 P2 3207 0.946400
3207 P2 2623 0.291800
3207 X0 3168 0.997521
3207 X0 3207 0.000826
3207 X0 3090 0.000826
3207 X0 3129 0.000826
ENDPOMDP
