BEGINPOMDP
INITIALSTATE: 1218
STATES: 1218,1219,1220,1221,1222,1239,1240,1241,1242,1243,1244,1245,1246,1265,1304,1343,1382,1403,1404,1405,1406,1695,1696,1697,1698,1699,1700,1701,1702,1873,1912,1951,1990
TARGETV: 1219,1221,1265,1343,1403,1406,1873,1990
GAMMA: 1218:0,1219:0,1220:0,1221:0,1222:0,1239:0,1240:0,1241:0,1242:0,1243:0,1244:0,1245:0,1246:0,1265:1,1304:1,1343:1,1382:1,1403:0,1404:0,1405:0,1406:0,1695:1,1696:1,1697:1,1698:1,1699:1,1700:1,1701:1,1702:1,1873:1,1912:1,1951:1,1990:1
BEGINACTIONS
CX02 Instruction.CNOT 0 2 -
CX12 Instruction.CNOT 1 2 -
P2 Instruction.MEAS - 2 -
X0 Instruction.U3 - 0 3.141592653589793,6.283185307179586,3.141592653589793
ENDACTIONS
1218 INIT_ 1219 0.250000
1218 INIT_ 1220 0.250000
1218 INIT_ 1221 0.250000
1218 INIT_ 1222 0.250000
1219 CX02 1239 0.938356
1219 CX02 1240 0.008806
1219 CX02 1241 0.008806
1219 CX02 1242 0.008806
1219 CX02 1243 0.008806
1219 CX02 1244 0.008806
1219 CX02 1245 0.008806
1219 CX02 1246 0.008806
1219 CX12 1239 0.939104
1219 CX12 1240 0.008699
1219 CX12 1241 0.008699
1219 CX12 1242 0.008699
1219 CX12 1244 0.008699
1219 CX12 1243 0.008699
1219 CX12 1246 0.008699
1219 CX12 1245 0.008699
1219 P2 1219 0.793750
1219 P2 1265 0.206250
1219 X0 1220 0.995621
1219 X0 1219 0.001460
1219 X0 1221 0.001460
1219 X0 1222 0.001460
1220 CX02 1244 0.938356
1220 CX02 1243 0.008806
1220 CX02 1246 0.008806
1220 CX02 1245 0.008806
1220 CX02 1240 0.008806
1220 CX02 1239 0.008806
1220 CX02 1242 0.008806
1220 CX02 1241 0.008806
1220 CX12 1243 0.939104
1220 CX12 1244 0.008699
1220 CX12 1245 0.008699
1220 CX12 1246 0.008699
1220 CX12 1240 0.008699
1220 CX12 1239 0.008699
1220 CX12 1242 0.008699
1220 CX12 1241 0.008699
1220 P2 1220 0.793750
1220 P2 1304 0.206250
1220 X0 1219 0.995621
1220 X0 1220 0.001460
1220 X0 1222 0.001460
1220 X0 1221 0.001460
1221 CX02 1242 0.938356
1221 CX02 1241 0.008806
1221 CX02 1240 0.008806
1221 CX02 1239 0.008806
1221 CX02 1246 0.008806
1221 CX02 1245 0.008806
1221 CX02 1244 0.008806
1221 CX02 1243 0.008806
1221 CX12 1242 0.939104
1221 CX12 1241 0.008699
1221 CX12 1240 0.008699
1221 CX12 1239 0.008699
1221 CX12 1245 0.008699
1221 CX12 1246 0.008699
1221 CX12 1243 0.008699
1221 CX12 1244 0.008699
1221 P2 1221 0.793750
1221 P2 1343 0.206250
1221 X0 1222 0.995621
1221 X0 1221 0.001460
1221 X0 1219 0.001460
1221 X0 1220 0.001460
1222 CX02 1245 0.938356
1222 CX02 1246 0.008806
1222 CX02 1243 0.008806
1222 CX02 1244 0.008806
1222 CX02 1241 0.008806
1222 CX02 1242 0.008806
1222 CX02 1239 0.008806
1222 CX02 1240 0.008806
1222 CX12 1246 0.939104
1222 CX12 1245 0.008699
1222 CX12 1244 0.008699
1222 CX12 1243 0.008699
1222 CX12 1241 0.008699
1222 CX12 1242 0.008699
1222 CX12 1239 0.008699
1222 CX12 1240 0.008699
1222 P2 1222 0.793750
1222 P2 1382 0.206250
1222 X0 1221 0.995621
1222 X0 1222 0.001460
1222 X0 1220 0.001460
1222 X0 1219 0.001460
1239 CX02 1219 0.938356
1239 CX02 1403 0.008806
1239 CX02 1220 0.008806
1239 CX02 1404 0.008806
1239 CX02 1222 0.008806
1239 CX02 1405 0.008806
1239 CX02 1221 0.008806
1239 CX02 1406 0.008806
1239 CX12 1219 0.939104
1239 CX12 1403 0.008699
1239 CX12 1220 0.008699
1239 CX12 1404 0.008699
1239 CX12 1222 0.008699
1239 CX12 1405 0.008699
1239 CX12 1221 0.008699
1239 CX12 1406 0.008699
1239 X0 1243 0.995621
1239 X0 1239 0.001460
1239 X0 1242 0.001460
1239 X0 1246 0.001460
1240 CX02 1403 0.938356
1240 CX02 1219 0.008806
1240 CX02 1404 0.008806
1240 CX02 1220 0.008806
1240 CX02 1405 0.008806
1240 CX02 1222 0.008806
1240 CX02 1406 0.008806
1240 CX02 1221 0.008806
1240 CX12 1403 0.939104
1240 CX12 1219 0.008699
1240 CX12 1404 0.008699
1240 CX12 1220 0.008699
1240 CX12 1405 0.008699
1240 CX12 1222 0.008699
1240 CX12 1406 0.008699
1240 CX12 1221 0.008699
1240 X0 1244 0.995621
1240 X0 1240 0.001460
1240 X0 1241 0.001460
1240 X0 1245 0.001460
1241 CX02 1406 0.938356
1241 CX02 1221 0.008806
1241 CX02 1405 0.008806
1241 CX02 1222 0.008806
1241 CX02 1404 0.008806
1241 CX02 1220 0.008806
1241 CX02 1403 0.008806
1241 CX02 1219 0.008806
1241 CX12 1406 0.939104
1241 CX12 1221 0.008699
1241 CX12 1405 0.008699
1241 CX12 1222 0.008699
1241 CX12 1404 0.008699
1241 CX12 1220 0.008699
1241 CX12 1403 0.008699
1241 CX12 1219 0.008699
1241 X0 1245 0.995621
1241 X0 1241 0.001460
1241 X0 1240 0.001460
1241 X0 1244 0.001460
1242 CX02 1221 0.938356
1242 CX02 1406 0.008806
1242 CX02 1222 0.008806
1242 CX02 1405 0.008806
1242 CX02 1220 0.008806
1242 CX02 1404 0.008806
1242 CX02 1219 0.008806
1242 CX02 1403 0.008806
1242 CX12 1221 0.939104
1242 CX12 1406 0.008699
1242 CX12 1222 0.008699
1242 CX12 1405 0.008699
1242 CX12 1220 0.008699
1242 CX12 1404 0.008699
1242 CX12 1219 0.008699
1242 CX12 1403 0.008699
1242 X0 1246 0.995621
1242 X0 1242 0.001460
1242 X0 1239 0.001460
1242 X0 1243 0.001460
1243 CX02 1404 0.938356
1243 CX02 1220 0.008806
1243 CX02 1403 0.008806
1243 CX02 1219 0.008806
1243 CX02 1406 0.008806
1243 CX02 1221 0.008806
1243 CX02 1405 0.008806
1243 CX02 1222 0.008806
1243 CX12 1220 0.939104
1243 CX12 1404 0.008699
1243 CX12 1219 0.008699
1243 CX12 1403 0.008699
1243 CX12 1221 0.008699
1243 CX12 1406 0.008699
1243 CX12 1222 0.008699
1243 CX12 1405 0.008699
1243 X0 1239 0.995621
1243 X0 1243 0.001460
1243 X0 1246 0.001460
1243 X0 1242 0.001460
1244 CX02 1220 0.938356
1244 CX02 1404 0.008806
1244 CX02 1219 0.008806
1244 CX02 1403 0.008806
1244 CX02 1221 0.008806
1244 CX02 1406 0.008806
1244 CX02 1222 0.008806
1244 CX02 1405 0.008806
1244 CX12 1404 0.939104
1244 CX12 1220 0.008699
1244 CX12 1403 0.008699
1244 CX12 1219 0.008699
1244 CX12 1406 0.008699
1244 CX12 1221 0.008699
1244 CX12 1405 0.008699
1244 CX12 1222 0.008699
1244 X0 1240 0.995621
1244 X0 1244 0.001460
1244 X0 1245 0.001460
1244 X0 1241 0.001460
1245 CX02 1222 0.938356
1245 CX02 1405 0.008806
1245 CX02 1221 0.008806
1245 CX02 1406 0.008806
1245 CX02 1219 0.008806
1245 CX02 1403 0.008806
1245 CX02 1220 0.008806
1245 CX02 1404 0.008806
1245 CX12 1405 0.939104
1245 CX12 1222 0.008699
1245 CX12 1406 0.008699
1245 CX12 1221 0.008699
1245 CX12 1403 0.008699
1245 CX12 1219 0.008699
1245 CX12 1404 0.008699
1245 CX12 1220 0.008699
1245 X0 1241 0.995621
1245 X0 1245 0.001460
1245 X0 1244 0.001460
1245 X0 1240 0.001460
1246 CX02 1405 0.938356
1246 CX02 1222 0.008806
1246 CX02 1406 0.008806
1246 CX02 1221 0.008806
1246 CX02 1403 0.008806
1246 CX02 1219 0.008806
1246 CX02 1404 0.008806
1246 CX02 1220 0.008806
1246 CX12 1222 0.939104
1246 CX12 1405 0.008699
1246 CX12 1221 0.008699
1246 CX12 1406 0.008699
1246 CX12 1219 0.008699
1246 CX12 1403 0.008699
1246 CX12 1220 0.008699
1246 CX12 1404 0.008699
1246 X0 1242 0.995621
1246 X0 1246 0.001460
1246 X0 1243 0.001460
1246 X0 1239 0.001460
1265 CX02 1695 0.938356
1265 CX02 1696 0.008806
1265 CX02 1697 0.008806
1265 CX02 1698 0.008806
1265 CX02 1699 0.008806
1265 CX02 1700 0.008806
1265 CX02 1701 0.008806
1265 CX02 1702 0.008806
1265 CX12 1695 0.939104
1265 CX12 1696 0.008699
1265 CX12 1697 0.008699
1265 CX12 1698 0.008699
1265 CX12 1700 0.008699
1265 CX12 1699 0.008699
1265 CX12 1702 0.008699
1265 CX12 1701 0.008699
1265 P2 1219 0.793750
1265 P2 1265 0.206250
1265 X0 1304 0.995621
1265 X0 1265 0.001460
1265 X0 1343 0.001460
1265 X0 1382 0.001460
1304 CX02 1700 0.938356
1304 CX02 1699 0.008806
1304 CX02 1702 0.008806
1304 CX02 1701 0.008806
1304 CX02 1696 0.008806
1304 CX02 1695 0.008806
1304 CX02 1698 0.008806
1304 CX02 1697 0.008806
1304 CX12 1699 0.939104
1304 CX12 1700 0.008699
1304 CX12 1701 0.008699
1304 CX12 1702 0.008699
1304 CX12 1696 0.008699
1304 CX12 1695 0.008699
1304 CX12 1698 0.008699
1304 CX12 1697 0.008699
1304 P2 1220 0.793750
1304 P2 1304 0.206250
1304 X0 1265 0.995621
1304 X0 1304 0.001460
1304 X0 1382 0.001460
1304 X0 1343 0.001460
1343 CX02 1698 0.938356
1343 CX02 1697 0.008806
1343 CX02 1696 0.008806
1343 CX02 1695 0.008806
1343 CX02 1702 0.008806
1343 CX02 1701 0.008806
1343 CX02 1700 0.008806
1343 CX02 1699 0.008806
1343 CX12 1698 0.939104
1343 CX12 1697 0.008699
1343 CX12 1696 0.008699
1343 CX12 1695 0.008699
1343 CX12 1701 0.008699
1343 CX12 1702 0.008699
1343 CX12 1699 0.008699
1343 CX12 1700 0.008699
1343 P2 1221 0.793750
1343 P2 1343 0.206250
1343 X0 1382 0.995621
1343 X0 1343 0.001460
1343 X0 1265 0.001460
1343 X0 1304 0.001460
1382 CX02 1701 0.938356
1382 CX02 1702 0.008806
1382 CX02 1699 0.008806
1382 CX02 1700 0.008806
1382 CX02 1697 0.008806
1382 CX02 1698 0.008806
1382 CX02 1695 0.008806
1382 CX02 1696 0.008806
1382 CX12 1702 0.939104
1382 CX12 1701 0.008699
1382 CX12 1700 0.008699
1382 CX12 1699 0.008699
1382 CX12 1697 0.008699
1382 CX12 1698 0.008699
1382 CX12 1695 0.008699
1382 CX12 1696 0.008699
1382 P2 1222 0.793750
1382 P2 1382 0.206250
1382 X0 1343 0.995621
1382 X0 1382 0.001460
1382 X0 1304 0.001460
1382 X0 1265 0.001460
1403 CX02 1240 0.938356
1403 CX02 1239 0.008806
1403 CX02 1242 0.008806
1403 CX02 1241 0.008806
1403 CX02 1244 0.008806
1403 CX02 1243 0.008806
1403 CX02 1246 0.008806
1403 CX02 1245 0.008806
1403 CX12 1240 0.939104
1403 CX12 1239 0.008699
1403 CX12 1242 0.008699
1403 CX12 1241 0.008699
1403 CX12 1243 0.008699
1403 CX12 1244 0.008699
1403 CX12 1245 0.008699
1403 CX12 1246 0.008699
1403 P2 1873 0.793750
1403 P2 1403 0.206250
1403 X0 1404 0.995621
1403 X0 1403 0.001460
1403 X0 1406 0.001460
1403 X0 1405 0.001460
1404 CX02 1243 0.938356
1404 CX02 1244 0.008806
1404 CX02 1245 0.008806
1404 CX02 1246 0.008806
1404 CX02 1239 0.008806
1404 CX02 1240 0.008806
1404 CX02 1241 0.008806
1404 CX02 1242 0.008806
1404 CX12 1244 0.939104
1404 CX12 1243 0.008699
1404 CX12 1246 0.008699
1404 CX12 1245 0.008699
1404 CX12 1239 0.008699
1404 CX12 1240 0.008699
1404 CX12 1241 0.008699
1404 CX12 1242 0.008699
1404 P2 1912 0.793750
1404 P2 1404 0.206250
1404 X0 1403 0.995621
1404 X0 1404 0.001460
1404 X0 1405 0.001460
1404 X0 1406 0.001460
1405 CX02 1246 0.938356
1405 CX02 1245 0.008806
1405 CX02 1244 0.008806
1405 CX02 1243 0.008806
1405 CX02 1242 0.008806
1405 CX02 1241 0.008806
1405 CX02 1240 0.008806
1405 CX02 1239 0.008806
1405 CX12 1245 0.939104
1405 CX12 1246 0.008699
1405 CX12 1243 0.008699
1405 CX12 1244 0.008699
1405 CX12 1242 0.008699
1405 CX12 1241 0.008699
1405 CX12 1240 0.008699
1405 CX12 1239 0.008699
1405 P2 1951 0.793750
1405 P2 1405 0.206250
1405 X0 1406 0.995621
1405 X0 1405 0.001460
1405 X0 1404 0.001460
1405 X0 1403 0.001460
1406 CX02 1241 0.938356
1406 CX02 1242 0.008806
1406 CX02 1239 0.008806
1406 CX02 1240 0.008806
1406 CX02 1245 0.008806
1406 CX02 1246 0.008806
1406 CX02 1243 0.008806
1406 CX02 1244 0.008806
1406 CX12 1241 0.939104
1406 CX12 1242 0.008699
1406 CX12 1239 0.008699
1406 CX12 1240 0.008699
1406 CX12 1246 0.008699
1406 CX12 1245 0.008699
1406 CX12 1244 0.008699
1406 CX12 1243 0.008699
1406 P2 1990 0.793750
1406 P2 1406 0.206250
1406 X0 1405 0.995621
1406 X0 1406 0.001460
1406 X0 1403 0.001460
1406 X0 1404 0.001460
1695 CX02 1265 0.938356
1695 CX02 1873 0.008806
1695 CX02 1304 0.008806
1695 CX02 1912 0.008806
1695 CX02 1382 0.008806
1695 CX02 1951 0.008806
1695 CX02 1343 0.008806
1695 CX02 1990 0.008806
1695 CX12 1265 0.939104
1695 CX12 1873 0.008699
1695 CX12 1304 0.008699
1695 CX12 1912 0.008699
1695 CX12 1382 0.008699
1695 CX12 1951 0.008699
1695 CX12 1343 0.008699
1695 CX12 1990 0.008699
1695 X0 1699 0.995621
1695 X0 1695 0.001460
1695 X0 1698 0.001460
1695 X0 1702 0.001460
1696 CX02 1873 0.938356
1696 CX02 1265 0.008806
1696 CX02 1912 0.008806
1696 CX02 1304 0.008806
1696 CX02 1951 0.008806
1696 CX02 1382 0.008806
1696 CX02 1990 0.008806
1696 CX02 1343 0.008806
1696 CX12 1873 0.939104
1696 CX12 1265 0.008699
1696 CX12 1912 0.008699
1696 CX12 1304 0.008699
1696 CX12 1951 0.008699
1696 CX12 1382 0.008699
1696 CX12 1990 0.008699
1696 CX12 1343 0.008699
1696 X0 1700 0.995621
1696 X0 1696 0.001460
1696 X0 1697 0.001460
1696 X0 1701 0.001460
1697 CX02 1990 0.938356
1697 CX02 1343 0.008806
1697 CX02 1951 0.008806
1697 CX02 1382 0.008806
1697 CX02 1912 0.008806
1697 CX02 1304 0.008806
1697 CX02 1873 0.008806
1697 CX02 1265 0.008806
1697 CX12 1990 0.939104
1697 CX12 1343 0.008699
1697 CX12 1951 0.008699
1697 CX12 1382 0.008699
1697 CX12 1912 0.008699
1697 CX12 1304 0.008699
1697 CX12 1873 0.008699
1697 CX12 1265 0.008699
1697 X0 1701 0.995621
1697 X0 1697 0.001460
1697 X0 1696 0.001460
1697 X0 1700 0.001460
1698 CX02 1343 0.938356
1698 CX02 1990 0.008806
1698 CX02 1382 0.008806
1698 CX02 1951 0.008806
1698 CX02 1304 0.008806
1698 CX02 1912 0.008806
1698 CX02 1265 0.008806
1698 CX02 1873 0.008806
1698 CX12 1343 0.939104
1698 CX12 1990 0.008699
1698 CX12 1382 0.008699
1698 CX12 1951 0.008699
1698 CX12 1304 0.008699
1698 CX12 1912 0.008699
1698 CX12 1265 0.008699
1698 CX12 1873 0.008699
1698 X0 1702 0.995621
1698 X0 1698 0.001460
1698 X0 1695 0.001460
1698 X0 1699 0.001460
1699 CX02 1912 0.938356
1699 CX02 1304 0.008806
1699 CX02 1873 0.008806
1699 CX02 1265 0.008806
1699 CX02 1990 0.008806
1699 CX02 1343 0.008806
1699 CX02 1951 0.008806
1699 CX02 1382 0.008806
1699 CX12 1304 0.939104
1699 CX12 1912 0.008699
1699 CX12 1265 0.008699
1699 CX12 1873 0.008699
1699 CX12 1343 0.008699
1699 CX12 1990 0.008699
1699 CX12 1382 0.008699
1699 CX12 1951 0.008699
1699 X0 1695 0.995621
1699 X0 1699 0.001460
1699 X0 1702 0.001460
1699 X0 1698 0.001460
1700 CX02 1304 0.938356
1700 CX02 1912 0.008806
1700 CX02 1265 0.008806
1700 CX02 1873 0.008806
1700 CX02 1343 0.008806
1700 CX02 1990 0.008806
1700 CX02 1382 0.008806
1700 CX02 1951 0.008806
1700 CX12 1912 0.939104
1700 CX12 1304 0.008699
1700 CX12 1873 0.008699
1700 CX12 1265 0.008699
1700 CX12 1990 0.008699
1700 CX12 1343 0.008699
1700 CX12 1951 0.008699
1700 CX12 1382 0.008699
1700 X0 1696 0.995621
1700 X0 1700 0.001460
1700 X0 1701 0.001460
1700 X0 1697 0.001460
1701 CX02 1382 0.938356
1701 CX02 1951 0.008806
1701 CX02 1343 0.008806
1701 CX02 1990 0.008806
1701 CX02 1265 0.008806
1701 CX02 1873 0.008806
1701 CX02 1304 0.008806
1701 CX02 1912 0.008806
1701 CX12 1951 0.939104
1701 CX12 1382 0.008699
1701 CX12 1990 0.008699
1701 CX12 1343 0.008699
1701 CX12 1873 0.008699
1701 CX12 1265 0.008699
1701 CX12 1912 0.008699
1701 CX12 1304 0.008699
1701 X0 1697 0.995621
1701 X0 1701 0.001460
1701 X0 1700 0.001460
1701 X0 1696 0.001460
1702 CX02 1951 0.938356
1702 CX02 1382 0.008806
1702 CX02 1990 0.008806
1702 CX02 1343 0.008806
1702 CX02 1873 0.008806
1702 CX02 1265 0.008806
1702 CX02 1912 0.008806
1702 CX02 1304 0.008806
1702 CX12 1382 0.939104
1702 CX12 1951 0.008699
1702 CX12 1343 0.008699
1702 CX12 1990 0.008699
1702 CX12 1265 0.008699
1702 CX12 1873 0.008699
1702 CX12 1304 0.008699
1702 CX12 1912 0.008699
1702 X0 1698 0.995621
1702 X0 1702 0.001460
1702 X0 1699 0.001460
1702 X0 1695 0.001460
1873 CX02 1696 0.938356
1873 CX02 1695 0.008806
1873 CX02 1698 0.008806
1873 CX02 1697 0.008806
1873 CX02 1700 0.008806
1873 CX02 1699 0.008806
1873 CX02 1702 0.008806
1873 CX02 1701 0.008806
1873 CX12 1696 0.939104
1873 CX12 1695 0.008699
1873 CX12 1698 0.008699
1873 CX12 1697 0.008699
1873 CX12 1699 0.008699
1873 CX12 1700 0.008699
1873 CX12 1701 0.008699
1873 CX12 1702 0.008699
1873 P2 1873 0.793750
1873 P2 1403 0.206250
1873 X0 1912 0.995621
1873 X0 1873 0.001460
1873 X0 1990 0.001460
1873 X0 1951 0.001460
1912 CX02 1699 0.938356
1912 CX02 1700 0.008806
1912 CX02 1701 0.008806
1912 CX02 1702 0.008806
1912 CX02 1695 0.008806
1912 CX02 1696 0.008806
1912 CX02 1697 0.008806
1912 CX02 1698 0.008806
1912 CX12 1700 0.939104
1912 CX12 1699 0.008699
1912 CX12 1702 0.008699
1912 CX12 1701 0.008699
1912 CX12 1695 0.008699
1912 CX12 1696 0.008699
1912 CX12 1697 0.008699
1912 CX12 1698 0.008699
1912 P2 1912 0.793750
1912 P2 1404 0.206250
1912 X0 1873 0.995621
1912 X0 1912 0.001460
1912 X0 1951 0.001460
1912 X0 1990 0.001460
1951 CX02 1702 0.938356
1951 CX02 1701 0.008806
1951 CX02 1700 0.008806
1951 CX02 1699 0.008806
1951 CX02 1698 0.008806
1951 CX02 1697 0.008806
1951 CX02 1696 0.008806
1951 CX02 1695 0.008806
1951 CX12 1701 0.939104
1951 CX12 1702 0.008699
1951 CX12 1699 0.008699
1951 CX12 1700 0.008699
1951 CX12 1698 0.008699
1951 CX12 1697 0.008699
1951 CX12 1696 0.008699
1951 CX12 1695 0.008699
1951 P2 1951 0.793750
1951 P2 1405 0.206250
1951 X0 1990 0.995621
1951 X0 1951 0.001460
1951 X0 1912 0.001460
1951 X0 1873 0.001460
1990 CX02 1697 0.938356
1990 CX02 1698 0.008806
1990 CX02 1695 0.008806
1990 CX02 1696 0.008806
1990 CX02 1701 0.008806
1990 CX02 1702 0.008806
1990 CX02 1699 0.008806
1990 CX02 1700 0.008806
1990 CX12 1697 0.939104
1990 CX12 1698 0.008699
1990 CX12 1695 0.008699
1990 CX12 1696 0.008699
1990 CX12 1702 0.008699
1990 CX12 1701 0.008699
1990 CX12 1700 0.008699
1990 CX12 1699 0.008699
1990 P2 1990 0.793750
1990 P2 1406 0.206250
1990 X0 1951 0.995621
1990 X0 1990 0.001460
1990 X0 1873 0.001460
1990 X0 1912 0.001460
ENDPOMDP
