BEGINPOMDP
INITIALSTATE: 21907
STATES: 21907,21908,21909,21910,21911,21928,21929,21930,21931,21932,21933,21934,21935,21954,21993,22032,22071,22092,22093,22094,22095,22384,22385,22386,22387,22388,22389,22390,22391,22562,22601,22640,22679
TARGETV: 21908,21910,21954,22032,22092,22095,22562,22679
GAMMA: 21907:0,21908:0,21909:0,21910:0,21911:0,21928:0,21929:0,21930:0,21931:0,21932:0,21933:0,21934:0,21935:0,21954:1,21993:1,22032:1,22071:1,22092:0,22093:0,22094:0,22095:0,22384:1,22385:1,22386:1,22387:1,22388:1,22389:1,22390:1,22391:1,22562:1,22601:1,22640:1,22679:1
BEGINACTIONS
CX02 Instruction.CNOT 0 2 -
CX12 Instruction.CNOT 1 2 -
P2 Instruction.MEAS - 2 -
X0 Instruction.X - 0 -
ENDACTIONS
21907 INIT_ 21908 0.250000
21907 INIT_ 21909 0.250000
21907 INIT_ 21910 0.250000
21907 INIT_ 21911 0.250000
21908 CX02 21928 0.992917
21908 CX02 21929 0.001012
21908 CX02 21930 0.001012
21908 CX02 21931 0.001012
21908 CX02 21932 0.001012
21908 CX02 21933 0.001012
21908 CX02 21934 0.001012
21908 CX02 21935 0.001012
21908 CX12 21928 0.990933
21908 CX12 21929 0.001295
21908 CX12 21930 0.001295
21908 CX12 21931 0.001295
21908 CX12 21933 0.001295
21908 CX12 21932 0.001295
21908 CX12 21935 0.001295
21908 CX12 21934 0.001295
21908 P2 21908 0.987200
21908 P2 21954 0.042000
21908 X0 21909 0.999670
21908 X0 21908 0.000110
21908 X0 21910 0.000110
21908 X0 21911 0.000110
21909 CX02 21933 0.992917
21909 CX02 21932 0.001012
21909 CX02 21935 0.001012
21909 CX02 21934 0.001012
21909 CX02 21929 0.001012
21909 CX02 21928 0.001012
21909 CX02 21931 0.001012
21909 CX02 21930 0.001012
21909 CX12 21932 0.990933
21909 CX12 21933 0.001295
21909 CX12 21934 0.001295
21909 CX12 21935 0.001295
21909 CX12 21929 0.001295
21909 CX12 21928 0.001295
21909 CX12 21931 0.001295
21909 CX12 21930 0.001295
21909 P2 21909 0.987200
21909 P2 21993 0.042000
21909 X0 21908 0.999670
21909 X0 21909 0.000110
21909 X0 21911 0.000110
21909 X0 21910 0.000110
21910 CX02 21931 0.992917
21910 CX02 21930 0.001012
21910 CX02 21929 0.001012
21910 CX02 21928 0.001012
21910 CX02 21935 0.001012
21910 CX02 21934 0.001012
21910 CX02 21933 0.001012
21910 CX02 21932 0.001012
21910 CX12 21931 0.990933
21910 CX12 21930 0.001295
21910 CX12 21929 0.001295
21910 CX12 21928 0.001295
21910 CX12 21934 0.001295
21910 CX12 21935 0.001295
21910 CX12 21932 0.001295
21910 CX12 21933 0.001295
21910 P2 21910 0.987200
21910 P2 22032 0.042000
21910 X0 21911 0.999670
21910 X0 21910 0.000110
21910 X0 21908 0.000110
21910 X0 21909 0.000110
21911 CX02 21934 0.992917
21911 CX02 21935 0.001012
21911 CX02 21932 0.001012
21911 CX02 21933 0.001012
21911 CX02 21930 0.001012
21911 CX02 21931 0.001012
21911 CX02 21928 0.001012
21911 CX02 21929 0.001012
21911 CX12 21935 0.990933
21911 CX12 21934 0.001295
21911 CX12 21933 0.001295
21911 CX12 21932 0.001295
21911 CX12 21930 0.001295
21911 CX12 21931 0.001295
21911 CX12 21928 0.001295
21911 CX12 21929 0.001295
21911 P2 21911 0.987200
21911 P2 22071 0.042000
21911 X0 21910 0.999670
21911 X0 21911 0.000110
21911 X0 21909 0.000110
21911 X0 21908 0.000110
21928 CX02 21908 0.992917
21928 CX02 22092 0.001012
21928 CX02 21909 0.001012
21928 CX02 22093 0.001012
21928 CX02 21911 0.001012
21928 CX02 22094 0.001012
21928 CX02 21910 0.001012
21928 CX02 22095 0.001012
21928 CX12 21908 0.990933
21928 CX12 22092 0.001295
21928 CX12 21909 0.001295
21928 CX12 22093 0.001295
21928 CX12 21911 0.001295
21928 CX12 22094 0.001295
21928 CX12 21910 0.001295
21928 CX12 22095 0.001295
21928 X0 21932 0.999670
21928 X0 21928 0.000110
21928 X0 21931 0.000110
21928 X0 21935 0.000110
21929 CX02 22092 0.992917
21929 CX02 21908 0.001012
21929 CX02 22093 0.001012
21929 CX02 21909 0.001012
21929 CX02 22094 0.001012
21929 CX02 21911 0.001012
21929 CX02 22095 0.001012
21929 CX02 21910 0.001012
21929 CX12 22092 0.990933
21929 CX12 21908 0.001295
21929 CX12 22093 0.001295
21929 CX12 21909 0.001295
21929 CX12 22094 0.001295
21929 CX12 21911 0.001295
21929 CX12 22095 0.001295
21929 CX12 21910 0.001295
21929 X0 21933 0.999670
21929 X0 21929 0.000110
21929 X0 21930 0.000110
21929 X0 21934 0.000110
21930 CX02 22095 0.992917
21930 CX02 21910 0.001012
21930 CX02 22094 0.001012
21930 CX02 21911 0.001012
21930 CX02 22093 0.001012
21930 CX02 21909 0.001012
21930 CX02 22092 0.001012
21930 CX02 21908 0.001012
21930 CX12 22095 0.990933
21930 CX12 21910 0.001295
21930 CX12 22094 0.001295
21930 CX12 21911 0.001295
21930 CX12 22093 0.001295
21930 CX12 21909 0.001295
21930 CX12 22092 0.001295
21930 CX12 21908 0.001295
21930 X0 21934 0.999670
21930 X0 21930 0.000110
21930 X0 21929 0.000110
21930 X0 21933 0.000110
21931 CX02 21910 0.992917
21931 CX02 22095 0.001012
21931 CX02 21911 0.001012
21931 CX02 22094 0.001012
21931 CX02 21909 0.001012
21931 CX02 22093 0.001012
21931 CX02 21908 0.001012
21931 CX02 22092 0.001012
21931 CX12 21910 0.990933
21931 CX12 22095 0.001295
21931 CX12 21911 0.001295
21931 CX12 22094 0.001295
21931 CX12 21909 0.001295
21931 CX12 22093 0.001295
21931 CX12 21908 0.001295
21931 CX12 22092 0.001295
21931 X0 21935 0.999670
21931 X0 21931 0.000110
21931 X0 21928 0.000110
21931 X0 21932 0.000110
21932 CX02 22093 0.992917
21932 CX02 21909 0.001012
21932 CX02 22092 0.001012
21932 CX02 21908 0.001012
21932 CX02 22095 0.001012
21932 CX02 21910 0.001012
21932 CX02 22094 0.001012
21932 CX02 21911 0.001012
21932 CX12 21909 0.990933
21932 CX12 22093 0.001295
21932 CX12 21908 0.001295
21932 CX12 22092 0.001295
21932 CX12 21910 0.001295
21932 CX12 22095 0.001295
21932 CX12 21911 0.001295
21932 CX12 22094 0.001295
21932 X0 21928 0.999670
21932 X0 21932 0.000110
21932 X0 21935 0.000110
21932 X0 21931 0.000110
21933 CX02 21909 0.992917
21933 CX02 22093 0.001012
21933 CX02 21908 0.001012
21933 CX02 22092 0.001012
21933 CX02 21910 0.001012
21933 CX02 22095 0.001012
21933 CX02 21911 0.001012
21933 CX02 22094 0.001012
21933 CX12 22093 0.990933
21933 CX12 21909 0.001295
21933 CX12 22092 0.001295
21933 CX12 21908 0.001295
21933 CX12 22095 0.001295
21933 CX12 21910 0.001295
21933 CX12 22094 0.001295
21933 CX12 21911 0.001295
21933 X0 21929 0.999670
21933 X0 21933 0.000110
21933 X0 21934 0.000110
21933 X0 21930 0.000110
21934 CX02 21911 0.992917
21934 CX02 22094 0.001012
21934 CX02 21910 0.001012
21934 CX02 22095 0.001012
21934 CX02 21908 0.001012
21934 CX02 22092 0.001012
21934 CX02 21909 0.001012
21934 CX02 22093 0.001012
21934 CX12 22094 0.990933
21934 CX12 21911 0.001295
21934 CX12 22095 0.001295
21934 CX12 21910 0.001295
21934 CX12 22092 0.001295
21934 CX12 21908 0.001295
21934 CX12 22093 0.001295
21934 CX12 21909 0.001295
21934 X0 21930 0.999670
21934 X0 21934 0.000110
21934 X0 21933 0.000110
21934 X0 21929 0.000110
21935 CX02 22094 0.992917
21935 CX02 21911 0.001012
21935 CX02 22095 0.001012
21935 CX02 21910 0.001012
21935 CX02 22092 0.001012
21935 CX02 21908 0.001012
21935 CX02 22093 0.001012
21935 CX02 21909 0.001012
21935 CX12 21911 0.990933
21935 CX12 22094 0.001295
21935 CX12 21910 0.001295
21935 CX12 22095 0.001295
21935 CX12 21908 0.001295
21935 CX12 22092 0.001295
21935 CX12 21909 0.001295
21935 CX12 22093 0.001295
21935 X0 21931 0.999670
21935 X0 21935 0.000110
21935 X0 21932 0.000110
21935 X0 21928 0.000110
21954 CX02 22384 0.992917
21954 CX02 22385 0.001012
21954 CX02 22386 0.001012
21954 CX02 22387 0.001012
21954 CX02 22388 0.001012
21954 CX02 22389 0.001012
21954 CX02 22390 0.001012
21954 CX02 22391 0.001012
21954 CX12 22384 0.990933
21954 CX12 22385 0.001295
21954 CX12 22386 0.001295
21954 CX12 22387 0.001295
21954 CX12 22389 0.001295
21954 CX12 22388 0.001295
21954 CX12 22391 0.001295
21954 CX12 22390 0.001295
21954 P2 21908 0.987200
21954 P2 21954 0.042000
21954 X0 21993 0.999670
21954 X0 21954 0.000110
21954 X0 22032 0.000110
21954 X0 22071 0.000110
21993 CX02 22389 0.992917
21993 CX02 22388 0.001012
21993 CX02 22391 0.001012
21993 CX02 22390 0.001012
21993 CX02 22385 0.001012
21993 CX02 22384 0.001012
21993 CX02 22387 0.001012
21993 CX02 22386 0.001012
21993 CX12 22388 0.990933
21993 CX12 22389 0.001295
21993 CX12 22390 0.001295
21993 CX12 22391 0.001295
21993 CX12 22385 0.001295
21993 CX12 22384 0.001295
21993 CX12 22387 0.001295
21993 CX12 22386 0.001295
21993 P2 21909 0.987200
21993 P2 21993 0.042000
21993 X0 21954 0.999670
21993 X0 21993 0.000110
21993 X0 22071 0.000110
21993 X0 22032 0.000110
22032 CX02 22387 0.992917
22032 CX02 22386 0.001012
22032 CX02 22385 0.001012
22032 CX02 22384 0.001012
22032 CX02 22391 0.001012
22032 CX02 22390 0.001012
22032 CX02 22389 0.001012
22032 CX02 22388 0.001012
22032 CX12 22387 0.990933
22032 CX12 22386 0.001295
22032 CX12 22385 0.001295
22032 CX12 22384 0.001295
22032 CX12 22390 0.001295
22032 CX12 22391 0.001295
22032 CX12 22388 0.001295
22032 CX12 22389 0.001295
22032 P2 21910 0.987200
22032 P2 22032 0.042000
22032 X0 22071 0.999670
22032 X0 22032 0.000110
22032 X0 21954 0.000110
22032 X0 21993 0.000110
22071 CX02 22390 0.992917
22071 CX02 22391 0.001012
22071 CX02 22388 0.001012
22071 CX02 22389 0.001012
22071 CX02 22386 0.001012
22071 CX02 22387 0.001012
22071 CX02 22384 0.001012
22071 CX02 22385 0.001012
22071 CX12 22391 0.990933
22071 CX12 22390 0.001295
22071 CX12 22389 0.001295
22071 CX12 22388 0.001295
22071 CX12 22386 0.001295
22071 CX12 22387 0.001295
22071 CX12 22384 0.001295
22071 CX12 22385 0.001295
22071 P2 21911 0.987200
22071 P2 22071 0.042000
22071 X0 22032 0.999670
22071 X0 22071 0.000110
22071 X0 21993 0.000110
22071 X0 21954 0.000110
22092 CX02 21929 0.992917
22092 CX02 21928 0.001012
22092 CX02 21931 0.001012
22092 CX02 21930 0.001012
22092 CX02 21933 0.001012
22092 CX02 21932 0.001012
22092 CX02 21935 0.001012
22092 CX02 21934 0.001012
22092 CX12 21929 0.990933
22092 CX12 21928 0.001295
22092 CX12 21931 0.001295
22092 CX12 21930 0.001295
22092 CX12 21932 0.001295
22092 CX12 21933 0.001295
22092 CX12 21934 0.001295
22092 CX12 21935 0.001295
22092 P2 22562 0.958000
22092 P2 22092 0.012800
22092 X0 22093 0.999670
22092 X0 22092 0.000110
22092 X0 22095 0.000110
22092 X0 22094 0.000110
22093 CX02 21932 0.992917
22093 CX02 21933 0.001012
22093 CX02 21934 0.001012
22093 CX02 21935 0.001012
22093 CX02 21928 0.001012
22093 CX02 21929 0.001012
22093 CX02 21930 0.001012
22093 CX02 21931 0.001012
22093 CX12 21933 0.990933
22093 CX12 21932 0.001295
22093 CX12 21935 0.001295
22093 CX12 21934 0.001295
22093 CX12 21928 0.001295
22093 CX12 21929 0.001295
22093 CX12 21930 0.001295
22093 CX12 21931 0.001295
22093 P2 22601 0.958000
22093 P2 22093 0.012800
22093 X0 22092 0.999670
22093 X0 22093 0.000110
22093 X0 22094 0.000110
22093 X0 22095 0.000110
22094 CX02 21935 0.992917
22094 CX02 21934 0.001012
22094 CX02 21933 0.001012
22094 CX02 21932 0.001012
22094 CX02 21931 0.001012
22094 CX02 21930 0.001012
22094 CX02 21929 0.001012
22094 CX02 21928 0.001012
22094 CX12 21934 0.990933
22094 CX12 21935 0.001295
22094 CX12 21932 0.001295
22094 CX12 21933 0.001295
22094 CX12 21931 0.001295
22094 CX12 21930 0.001295
22094 CX12 21929 0.001295
22094 CX12 21928 0.001295
22094 P2 22640 0.958000
22094 P2 22094 0.012800
22094 X0 22095 0.999670
22094 X0 22094 0.000110
22094 X0 22093 0.000110
22094 X0 22092 0.000110
22095 CX02 21930 0.992917
22095 CX02 21931 0.001012
22095 CX02 21928 0.001012
22095 CX02 21929 0.001012
22095 CX02 21934 0.001012
22095 CX02 21935 0.001012
22095 CX02 21932 0.001012
22095 CX02 21933 0.001012
22095 CX12 21930 0.990933
22095 CX12 21931 0.001295
22095 CX12 21928 0.001295
22095 CX12 21929 0.001295
22095 CX12 21935 0.001295
22095 CX12 21934 0.001295
22095 CX12 21933 0.001295
22095 CX12 21932 0.001295
22095 P2 22679 0.958000
22095 P2 22095 0.012800
22095 X0 22094 0.999670
22095 X0 22095 0.000110
22095 X0 22092 0.000110
22095 X0 22093 0.000110
22384 CX02 21954 0.992917
22384 CX02 22562 0.001012
22384 CX02 21993 0.001012
22384 CX02 22601 0.001012
22384 CX02 22071 0.001012
22384 CX02 22640 0.001012
22384 CX02 22032 0.001012
22384 CX02 22679 0.001012
22384 CX12 21954 0.990933
22384 CX12 22562 0.001295
22384 CX12 21993 0.001295
22384 CX12 22601 0.001295
22384 CX12 22071 0.001295
22384 CX12 22640 0.001295
22384 CX12 22032 0.001295
22384 CX12 22679 0.001295
22384 X0 22388 0.999670
22384 X0 22384 0.000110
22384 X0 22387 0.000110
22384 X0 22391 0.000110
22385 CX02 22562 0.992917
22385 CX02 21954 0.001012
22385 CX02 22601 0.001012
22385 CX02 21993 0.001012
22385 CX02 22640 0.001012
22385 CX02 22071 0.001012
22385 CX02 22679 0.001012
22385 CX02 22032 0.001012
22385 CX12 22562 0.990933
22385 CX12 21954 0.001295
22385 CX12 22601 0.001295
22385 CX12 21993 0.001295
22385 CX12 22640 0.001295
22385 CX12 22071 0.001295
22385 CX12 22679 0.001295
22385 CX12 22032 0.001295
22385 X0 22389 0.999670
22385 X0 22385 0.000110
22385 X0 22386 0.000110
22385 X0 22390 0.000110
22386 CX02 22679 0.992917
22386 CX02 22032 0.001012
22386 CX02 22640 0.001012
22386 CX02 22071 0.001012
22386 CX02 22601 0.001012
22386 CX02 21993 0.001012
22386 CX02 22562 0.001012
22386 CX02 21954 0.001012
22386 CX12 22679 0.990933
22386 CX12 22032 0.001295
22386 CX12 22640 0.001295
22386 CX12 22071 0.001295
22386 CX12 22601 0.001295
22386 CX12 21993 0.001295
22386 CX12 22562 0.001295
22386 CX12 21954 0.001295
22386 X0 22390 0.999670
22386 X0 22386 0.000110
22386 X0 22385 0.000110
22386 X0 22389 0.000110
22387 CX02 22032 0.992917
22387 CX02 22679 0.001012
22387 CX02 22071 0.001012
22387 CX02 22640 0.001012
22387 CX02 21993 0.001012
22387 CX02 22601 0.001012
22387 CX02 21954 0.001012
22387 CX02 22562 0.001012
22387 CX12 22032 0.990933
22387 CX12 22679 0.001295
22387 CX12 22071 0.001295
22387 CX12 22640 0.001295
22387 CX12 21993 0.001295
22387 CX12 22601 0.001295
22387 CX12 21954 0.001295
22387 CX12 22562 0.001295
22387 X0 22391 0.999670
22387 X0 22387 0.000110
22387 X0 22384 0.000110
22387 X0 22388 0.000110
22388 CX02 22601 0.992917
22388 CX02 21993 0.001012
22388 CX02 22562 0.001012
22388 CX02 21954 0.001012
22388 CX02 22679 0.001012
22388 CX02 22032 0.001012
22388 CX02 22640 0.001012
22388 CX02 22071 0.001012
22388 CX12 21993 0.990933
22388 CX12 22601 0.001295
22388 CX12 21954 0.001295
22388 CX12 22562 0.001295
22388 CX12 22032 0.001295
22388 CX12 22679 0.001295
22388 CX12 22071 0.001295
22388 CX12 22640 0.001295
22388 X0 22384 0.999670
22388 X0 22388 0.000110
22388 X0 22391 0.000110
22388 X0 22387 0.000110
22389 CX02 21993 0.992917
22389 CX02 22601 0.001012
22389 CX02 21954 0.001012
22389 CX02 22562 0.001012
22389 CX02 22032 0.001012
22389 CX02 22679 0.001012
22389 CX02 22071 0.001012
22389 CX02 22640 0.001012
22389 CX12 22601 0.990933
22389 CX12 21993 0.001295
22389 CX12 22562 0.001295
22389 CX12 21954 0.001295
22389 CX12 22679 0.001295
22389 CX12 22032 0.001295
22389 CX12 22640 0.001295
22389 CX12 22071 0.001295
22389 X0 22385 0.999670
22389 X0 22389 0.000110
22389 X0 22390 0.000110
22389 X0 22386 0.000110
22390 CX02 22071 0.992917
22390 CX02 22640 0.001012
22390 CX02 22032 0.001012
22390 CX02 22679 0.001012
22390 CX02 21954 0.001012
22390 CX02 22562 0.001012
22390 CX02 21993 0.001012
22390 CX02 22601 0.001012
22390 CX12 22640 0.990933
22390 CX12 22071 0.001295
22390 CX12 22679 0.001295
22390 CX12 22032 0.001295
22390 CX12 22562 0.001295
22390 CX12 21954 0.001295
22390 CX12 22601 0.001295
22390 CX12 21993 0.001295
22390 X0 22386 0.999670
22390 X0 22390 0.000110
22390 X0 22389 0.000110
22390 X0 22385 0.000110
22391 CX02 22640 0.992917
22391 CX02 22071 0.001012
22391 CX02 22679 0.001012
22391 CX02 22032 0.001012
22391 CX02 22562 0.001012
22391 CX02 21954 0.001012
22391 CX02 22601 0.001012
22391 CX02 21993 0.001012
22391 CX12 22071 0.990933
22391 CX12 22640 0.001295
22391 CX12 22032 0.001295
22391 CX12 22679 0.001295
22391 CX12 21954 0.001295
22391 CX12 22562 0.001295
22391 CX12 21993 0.001295
22391 CX12 22601 0.001295
22391 X0 22387 0.999670
22391 X0 22391 0.000110
22391 X0 22388 0.000110
22391 X0 22384 0.000110
22562 CX02 22385 0.992917
22562 CX02 22384 0.001012
22562 CX02 22387 0.001012
22562 CX02 22386 0.001012
22562 CX02 22389 0.001012
22562 CX02 22388 0.001012
22562 CX02 22391 0.001012
22562 CX02 22390 0.001012
22562 CX12 22385 0.990933
22562 CX12 22384 0.001295
22562 CX12 22387 0.001295
22562 CX12 22386 0.001295
22562 CX12 22388 0.001295
22562 CX12 22389 0.001295
22562 CX12 22390 0.001295
22562 CX12 22391 0.001295
22562 P2 22562 0.958000
22562 P2 22092 0.012800
22562 X0 22601 0.999670
22562 X0 22562 0.000110
22562 X0 22679 0.000110
22562 X0 22640 0.000110
22601 CX02 22388 0.992917
22601 CX02 22389 0.001012
22601 CX02 22390 0.001012
22601 CX02 22391 0.001012
22601 CX02 22384 0.001012
22601 CX02 22385 0.001012
22601 CX02 22386 0.001012
22601 CX02 22387 0.001012
22601 CX12 22389 0.990933
22601 CX12 22388 0.001295
22601 CX12 22391 0.001295
22601 CX12 22390 0.001295
22601 CX12 22384 0.001295
22601 CX12 22385 0.001295
22601 CX12 22386 0.001295
22601 CX12 22387 0.001295
22601 P2 22601 0.958000
22601 P2 22093 0.012800
22601 X0 22562 0.999670
22601 X0 22601 0.000110
22601 X0 22640 0.000110
22601 X0 22679 0.000110
22640 CX02 22391 0.992917
22640 CX02 22390 0.001012
22640 CX02 22389 0.001012
22640 CX02 22388 0.001012
22640 CX02 22387 0.001012
22640 CX02 22386 0.001012
22640 CX02 22385 0.001012
22640 CX02 22384 0.001012
22640 CX12 22390 0.990933
22640 CX12 22391 0.001295
22640 CX12 22388 0.001295
22640 CX12 22389 0.001295
22640 CX12 22387 0.001295
22640 CX12 22386 0.001295
22640 CX12 22385 0.001295
22640 CX12 22384 0.001295
22640 P2 22640 0.958000
22640 P2 22094 0.012800
22640 X0 22679 0.999670
22640 X0 22640 0.000110
22640 X0 22601 0.000110
22640 X0 22562 0.000110
22679 CX02 22386 0.992917
22679 CX02 22387 0.001012
22679 CX02 22384 0.001012
22679 CX02 22385 0.001012
22679 CX02 22390 0.001012
22679 CX02 22391 0.001012
22679 CX02 22388 0.001012
22679 CX02 22389 0.001012
22679 CX12 22386 0.990933
22679 CX12 22387 0.001295
22679 CX12 22384 0.001295
22679 CX12 22385 0.001295
22679 CX12 22391 0.001295
22679 CX12 22390 0.001295
22679 CX12 22389 0.001295
22679 CX12 22388 0.001295
22679 P2 22679 0.958000
22679 P2 22095 0.012800
22679 X0 22640 0.999670
22679 X0 22679 0.000110
22679 X0 22562 0.000110
22679 X0 22601 0.000110
ENDPOMDP
