BEGINPOMDP
INITIALSTATE: 3652
STATES: 3652,3653,3654,3655,3656,3673,3674,3675,3676,3677,3678,3679,3680,3699,3738,3777,3816,3837,3838,3839,3840,4129,4130,4131,4132,4133,4134,4135,4136,4307,4346,4385,4424
TARGETV: 3653,3655,3699,3777,3837,3840,4307,4424
GAMMA: 3652:0,3653:0,3654:0,3655:0,3656:0,3673:0,3674:0,3675:0,3676:0,3677:0,3678:0,3679:0,3680:0,3699:1,3738:1,3777:1,3816:1,3837:0,3838:0,3839:0,3840:0,4129:1,4130:1,4131:1,4132:1,4133:1,4134:1,4135:1,4136:1,4307:1,4346:1,4385:1,4424:1
BEGINACTIONS
CX02 Instruction.CNOT 0 2 -
CX12 Instruction.CNOT 1 2 -
P2 Instruction.MEAS - 2 -
X0 Instruction.U3 - 0 3.141592653589793,6.283185307179586,3.141592653589793
ENDACTIONS
3652 INIT_ 3653 0.250000
3652 INIT_ 3654 0.250000
3652 INIT_ 3655 0.250000
3652 INIT_ 3656 0.250000
3653 CX02 3673 0.966538
3653 CX02 3674 0.004780
3653 CX02 3675 0.004780
3653 CX02 3676 0.004780
3653 CX02 3677 0.004780
3653 CX02 3678 0.004780
3653 CX02 3679 0.004780
3653 CX02 3680 0.004780
3653 CX12 3673 0.978201
3653 CX12 3674 0.003114
3653 CX12 3675 0.003114
3653 CX12 3676 0.003114
3653 CX12 3678 0.003114
3653 CX12 3677 0.003114
3653 CX12 3680 0.003114
3653 CX12 3679 0.003114
3653 P2 3653 0.989000
3653 P2 3699 0.169400
3653 X0 3654 0.997049
3653 X0 3653 0.000984
3653 X0 3655 0.000984
3653 X0 3656 0.000984
3654 CX02 3678 0.966538
3654 CX02 3677 0.004780
3654 CX02 3680 0.004780
3654 CX02 3679 0.004780
3654 CX02 3674 0.004780
3654 CX02 3673 0.004780
3654 CX02 3676 0.004780
3654 CX02 3675 0.004780
3654 CX12 3677 0.978201
3654 CX12 3678 0.003114
3654 CX12 3679 0.003114
3654 CX12 3680 0.003114
3654 CX12 3674 0.003114
3654 CX12 3673 0.003114
3654 CX12 3676 0.003114
3654 CX12 3675 0.003114
3654 P2 3654 0.989000
3654 P2 3738 0.169400
3654 X0 3653 0.997049
3654 X0 3654 0.000984
3654 X0 3656 0.000984
3654 X0 3655 0.000984
3655 CX02 3676 0.966538
3655 CX02 3675 0.004780
3655 CX02 3674 0.004780
3655 CX02 3673 0.004780
3655 CX02 3680 0.004780
3655 CX02 3679 0.004780
3655 CX02 3678 0.004780
3655 CX02 3677 0.004780
3655 CX12 3676 0.978201
3655 CX12 3675 0.003114
3655 CX12 3674 0.003114
3655 CX12 3673 0.003114
3655 CX12 3679 0.003114
3655 CX12 3680 0.003114
3655 CX12 3677 0.003114
3655 CX12 3678 0.003114
3655 P2 3655 0.989000
3655 P2 3777 0.169400
3655 X0 3656 0.997049
3655 X0 3655 0.000984
3655 X0 3653 0.000984
3655 X0 3654 0.000984
3656 CX02 3679 0.966538
3656 CX02 3680 0.004780
3656 CX02 3677 0.004780
3656 CX02 3678 0.004780
3656 CX02 3675 0.004780
3656 CX02 3676 0.004780
3656 CX02 3673 0.004780
3656 CX02 3674 0.004780
3656 CX12 3680 0.978201
3656 CX12 3679 0.003114
3656 CX12 3678 0.003114
3656 CX12 3677 0.003114
3656 CX12 3675 0.003114
3656 CX12 3676 0.003114
3656 CX12 3673 0.003114
3656 CX12 3674 0.003114
3656 P2 3656 0.989000
3656 P2 3816 0.169400
3656 X0 3655 0.997049
3656 X0 3656 0.000984
3656 X0 3654 0.000984
3656 X0 3653 0.000984
3673 CX02 3653 0.966538
3673 CX02 3837 0.004780
3673 CX02 3654 0.004780
3673 CX02 3838 0.004780
3673 CX02 3656 0.004780
3673 CX02 3839 0.004780
3673 CX02 3655 0.004780
3673 CX02 3840 0.004780
3673 CX12 3653 0.978201
3673 CX12 3837 0.003114
3673 CX12 3654 0.003114
3673 CX12 3838 0.003114
3673 CX12 3656 0.003114
3673 CX12 3839 0.003114
3673 CX12 3655 0.003114
3673 CX12 3840 0.003114
3673 X0 3677 0.997049
3673 X0 3673 0.000984
3673 X0 3676 0.000984
3673 X0 3680 0.000984
3674 CX02 3837 0.966538
3674 CX02 3653 0.004780
3674 CX02 3838 0.004780
3674 CX02 3654 0.004780
3674 CX02 3839 0.004780
3674 CX02 3656 0.004780
3674 CX02 3840 0.004780
3674 CX02 3655 0.004780
3674 CX12 3837 0.978201
3674 CX12 3653 0.003114
3674 CX12 3838 0.003114
3674 CX12 3654 0.003114
3674 CX12 3839 0.003114
3674 CX12 3656 0.003114
3674 CX12 3840 0.003114
3674 CX12 3655 0.003114
3674 X0 3678 0.997049
3674 X0 3674 0.000984
3674 X0 3675 0.000984
3674 X0 3679 0.000984
3675 CX02 3840 0.966538
3675 CX02 3655 0.004780
3675 CX02 3839 0.004780
3675 CX02 3656 0.004780
3675 CX02 3838 0.004780
3675 CX02 3654 0.004780
3675 CX02 3837 0.004780
3675 CX02 3653 0.004780
3675 CX12 3840 0.978201
3675 CX12 3655 0.003114
3675 CX12 3839 0.003114
3675 CX12 3656 0.003114
3675 CX12 3838 0.003114
3675 CX12 3654 0.003114
3675 CX12 3837 0.003114
3675 CX12 3653 0.003114
3675 X0 3679 0.997049
3675 X0 3675 0.000984
3675 X0 3674 0.000984
3675 X0 3678 0.000984
3676 CX02 3655 0.966538
3676 CX02 3840 0.004780
3676 CX02 3656 0.004780
3676 CX02 3839 0.004780
3676 CX02 3654 0.004780
3676 CX02 3838 0.004780
3676 CX02 3653 0.004780
3676 CX02 3837 0.004780
3676 CX12 3655 0.978201
3676 CX12 3840 0.003114
3676 CX12 3656 0.003114
3676 CX12 3839 0.003114
3676 CX12 3654 0.003114
3676 CX12 3838 0.003114
3676 CX12 3653 0.003114
3676 CX12 3837 0.003114
3676 X0 3680 0.997049
3676 X0 3676 0.000984
3676 X0 3673 0.000984
3676 X0 3677 0.000984
3677 CX02 3838 0.966538
3677 CX02 3654 0.004780
3677 CX02 3837 0.004780
3677 CX02 3653 0.004780
3677 CX02 3840 0.004780
3677 CX02 3655 0.004780
3677 CX02 3839 0.004780
3677 CX02 3656 0.004780
3677 CX12 3654 0.978201
3677 CX12 3838 0.003114
3677 CX12 3653 0.003114
3677 CX12 3837 0.003114
3677 CX12 3655 0.003114
3677 CX12 3840 0.003114
3677 CX12 3656 0.003114
3677 CX12 3839 0.003114
3677 X0 3673 0.997049
3677 X0 3677 0.000984
3677 X0 3680 0.000984
3677 X0 3676 0.000984
3678 CX02 3654 0.966538
3678 CX02 3838 0.004780
3678 CX02 3653 0.004780
3678 CX02 3837 0.004780
3678 CX02 3655 0.004780
3678 CX02 3840 0.004780
3678 CX02 3656 0.004780
3678 CX02 3839 0.004780
3678 CX12 3838 0.978201
3678 CX12 3654 0.003114
3678 CX12 3837 0.003114
3678 CX12 3653 0.003114
3678 CX12 3840 0.003114
3678 CX12 3655 0.003114
3678 CX12 3839 0.003114
3678 CX12 3656 0.003114
3678 X0 3674 0.997049
3678 X0 3678 0.000984
3678 X0 3679 0.000984
3678 X0 3675 0.000984
3679 CX02 3656 0.966538
3679 CX02 3839 0.004780
3679 CX02 3655 0.004780
3679 CX02 3840 0.004780
3679 CX02 3653 0.004780
3679 CX02 3837 0.004780
3679 CX02 3654 0.004780
3679 CX02 3838 0.004780
3679 CX12 3839 0.978201
3679 CX12 3656 0.003114
3679 CX12 3840 0.003114
3679 CX12 3655 0.003114
3679 CX12 3837 0.003114
3679 CX12 3653 0.003114
3679 CX12 3838 0.003114
3679 CX12 3654 0.003114
3679 X0 3675 0.997049
3679 X0 3679 0.000984
3679 X0 3678 0.000984
3679 X0 3674 0.000984
3680 CX02 3839 0.966538
3680 CX02 3656 0.004780
3680 CX02 3840 0.004780
3680 CX02 3655 0.004780
3680 CX02 3837 0.004780
3680 CX02 3653 0.004780
3680 CX02 3838 0.004780
3680 CX02 3654 0.004780
3680 CX12 3656 0.978201
3680 CX12 3839 0.003114
3680 CX12 3655 0.003114
3680 CX12 3840 0.003114
3680 CX12 3653 0.003114
3680 CX12 3837 0.003114
3680 CX12 3654 0.003114
3680 CX12 3838 0.003114
3680 X0 3676 0.997049
3680 X0 3680 0.000984
3680 X0 3677 0.000984
3680 X0 3673 0.000984
3699 CX02 4129 0.966538
3699 CX02 4130 0.004780
3699 CX02 4131 0.004780
3699 CX02 4132 0.004780
3699 CX02 4133 0.004780
3699 CX02 4134 0.004780
3699 CX02 4135 0.004780
3699 CX02 4136 0.004780
3699 CX12 4129 0.978201
3699 CX12 4130 0.003114
3699 CX12 4131 0.003114
3699 CX12 4132 0.003114
3699 CX12 4134 0.003114
3699 CX12 4133 0.003114
3699 CX12 4136 0.003114
3699 CX12 4135 0.003114
3699 P2 3653 0.989000
3699 P2 3699 0.169400
3699 X0 3738 0.997049
3699 X0 3699 0.000984
3699 X0 3777 0.000984
3699 X0 3816 0.000984
3738 CX02 4134 0.966538
3738 CX02 4133 0.004780
3738 CX02 4136 0.004780
3738 CX02 4135 0.004780
3738 CX02 4130 0.004780
3738 CX02 4129 0.004780
3738 CX02 4132 0.004780
3738 CX02 4131 0.004780
3738 CX12 4133 0.978201
3738 CX12 4134 0.003114
3738 CX12 4135 0.003114
3738 CX12 4136 0.003114
3738 CX12 4130 0.003114
3738 CX12 4129 0.003114
3738 CX12 4132 0.003114
3738 CX12 4131 0.003114
3738 P2 3654 0.989000
3738 P2 3738 0.169400
3738 X0 3699 0.997049
3738 X0 3738 0.000984
3738 X0 3816 0.000984
3738 X0 3777 0.000984
3777 CX02 4132 0.966538
3777 CX02 4131 0.004780
3777 CX02 4130 0.004780
3777 CX02 4129 0.004780
3777 CX02 4136 0.004780
3777 CX02 4135 0.004780
3777 CX02 4134 0.004780
3777 CX02 4133 0.004780
3777 CX12 4132 0.978201
3777 CX12 4131 0.003114
3777 CX12 4130 0.003114
3777 CX12 4129 0.003114
3777 CX12 4135 0.003114
3777 CX12 4136 0.003114
3777 CX12 4133 0.003114
3777 CX12 4134 0.003114
3777 P2 3655 0.989000
3777 P2 3777 0.169400
3777 X0 3816 0.997049
3777 X0 3777 0.000984
3777 X0 3699 0.000984
3777 X0 3738 0.000984
3816 CX02 4135 0.966538
3816 CX02 4136 0.004780
3816 CX02 4133 0.004780
3816 CX02 4134 0.004780
3816 CX02 4131 0.004780
3816 CX02 4132 0.004780
3816 CX02 4129 0.004780
3816 CX02 4130 0.004780
3816 CX12 4136 0.978201
3816 CX12 4135 0.003114
3816 CX12 4134 0.003114
3816 CX12 4133 0.003114
3816 CX12 4131 0.003114
3816 CX12 4132 0.003114
3816 CX12 4129 0.003114
3816 CX12 4130 0.003114
3816 P2 3656 0.989000
3816 P2 3816 0.169400
3816 X0 3777 0.997049
3816 X0 3816 0.000984
3816 X0 3738 0.000984
3816 X0 3699 0.000984
3837 CX02 3674 0.966538
3837 CX02 3673 0.004780
3837 CX02 3676 0.004780
3837 CX02 3675 0.004780
3837 CX02 3678 0.004780
3837 CX02 3677 0.004780
3837 CX02 3680 0.004780
3837 CX02 3679 0.004780
3837 CX12 3674 0.978201
3837 CX12 3673 0.003114
3837 CX12 3676 0.003114
3837 CX12 3675 0.003114
3837 CX12 3677 0.003114
3837 CX12 3678 0.003114
3837 CX12 3679 0.003114
3837 CX12 3680 0.003114
3837 P2 4307 0.830600
3837 P2 3837 0.011000
3837 X0 3838 0.997049
3837 X0 3837 0.000984
3837 X0 3840 0.000984
3837 X0 3839 0.000984
3838 CX02 3677 0.966538
3838 CX02 3678 0.004780
3838 CX02 3679 0.004780
3838 CX02 3680 0.004780
3838 CX02 3673 0.004780
3838 CX02 3674 0.004780
3838 CX02 3675 0.004780
3838 CX02 3676 0.004780
3838 CX12 3678 0.978201
3838 CX12 3677 0.003114
3838 CX12 3680 0.003114
3838 CX12 3679 0.003114
3838 CX12 3673 0.003114
3838 CX12 3674 0.003114
3838 CX12 3675 0.003114
3838 CX12 3676 0.003114
3838 P2 4346 0.830600
3838 P2 3838 0.011000
3838 X0 3837 0.997049
3838 X0 3838 0.000984
3838 X0 3839 0.000984
3838 X0 3840 0.000984
3839 CX02 3680 0.966538
3839 CX02 3679 0.004780
3839 CX02 3678 0.004780
3839 CX02 3677 0.004780
3839 CX02 3676 0.004780
3839 CX02 3675 0.004780
3839 CX02 3674 0.004780
3839 CX02 3673 0.004780
3839 CX12 3679 0.978201
3839 CX12 3680 0.003114
3839 CX12 3677 0.003114
3839 CX12 3678 0.003114
3839 CX12 3676 0.003114
3839 CX12 3675 0.003114
3839 CX12 3674 0.003114
3839 CX12 3673 0.003114
3839 P2 4385 0.830600
3839 P2 3839 0.011000
3839 X0 3840 0.997049
3839 X0 3839 0.000984
3839 X0 3838 0.000984
3839 X0 3837 0.000984
3840 CX02 3675 0.966538
3840 CX02 3676 0.004780
3840 CX02 3673 0.004780
3840 CX02 3674 0.004780
3840 CX02 3679 0.004780
3840 CX02 3680 0.004780
3840 CX02 3677 0.004780
3840 CX02 3678 0.004780
3840 CX12 3675 0.978201
3840 CX12 3676 0.003114
3840 CX12 3673 0.003114
3840 CX12 3674 0.003114
3840 CX12 3680 0.003114
3840 CX12 3679 0.003114
3840 CX12 3678 0.003114
3840 CX12 3677 0.003114
3840 P2 4424 0.830600
3840 P2 3840 0.011000
3840 X0 3839 0.997049
3840 X0 3840 0.000984
3840 X0 3837 0.000984
3840 X0 3838 0.000984
4129 CX02 3699 0.966538
4129 CX02 4307 0.004780
4129 CX02 3738 0.004780
4129 CX02 4346 0.004780
4129 CX02 3816 0.004780
4129 CX02 4385 0.004780
4129 CX02 3777 0.004780
4129 CX02 4424 0.004780
4129 CX12 3699 0.978201
4129 CX12 4307 0.003114
4129 CX12 3738 0.003114
4129 CX12 4346 0.003114
4129 CX12 3816 0.003114
4129 CX12 4385 0.003114
4129 CX12 3777 0.003114
4129 CX12 4424 0.003114
4129 X0 4133 0.997049
4129 X0 4129 0.000984
4129 X0 4132 0.000984
4129 X0 4136 0.000984
4130 CX02 4307 0.966538
4130 CX02 3699 0.004780
4130 CX02 4346 0.004780
4130 CX02 3738 0.004780
4130 CX02 4385 0.004780
4130 CX02 3816 0.004780
4130 CX02 4424 0.004780
4130 CX02 3777 0.004780
4130 CX12 4307 0.978201
4130 CX12 3699 0.003114
4130 CX12 4346 0.003114
4130 CX12 3738 0.003114
4130 CX12 4385 0.003114
4130 CX12 3816 0.003114
4130 CX12 4424 0.003114
4130 CX12 3777 0.003114
4130 X0 4134 0.997049
4130 X0 4130 0.000984
4130 X0 4131 0.000984
4130 X0 4135 0.000984
4131 CX02 4424 0.966538
4131 CX02 3777 0.004780
4131 CX02 4385 0.004780
4131 CX02 3816 0.004780
4131 CX02 4346 0.004780
4131 CX02 3738 0.004780
4131 CX02 4307 0.004780
4131 CX02 3699 0.004780
4131 CX12 4424 0.978201
4131 CX12 3777 0.003114
4131 CX12 4385 0.003114
4131 CX12 3816 0.003114
4131 CX12 4346 0.003114
4131 CX12 3738 0.003114
4131 CX12 4307 0.003114
4131 CX12 3699 0.003114
4131 X0 4135 0.997049
4131 X0 4131 0.000984
4131 X0 4130 0.000984
4131 X0 4134 0.000984
4132 CX02 3777 0.966538
4132 CX02 4424 0.004780
4132 CX02 3816 0.004780
4132 CX02 4385 0.004780
4132 CX02 3738 0.004780
4132 CX02 4346 0.004780
4132 CX02 3699 0.004780
4132 CX02 4307 0.004780
4132 CX12 3777 0.978201
4132 CX12 4424 0.003114
4132 CX12 3816 0.003114
4132 CX12 4385 0.003114
4132 CX12 3738 0.003114
4132 CX12 4346 0.003114
4132 CX12 3699 0.003114
4132 CX12 4307 0.003114
4132 X0 4136 0.997049
4132 X0 4132 0.000984
4132 X0 4129 0.000984
4132 X0 4133 0.000984
4133 CX02 4346 0.966538
4133 CX02 3738 0.004780
4133 CX02 4307 0.004780
4133 CX02 3699 0.004780
4133 CX02 4424 0.004780
4133 CX02 3777 0.004780
4133 CX02 4385 0.004780
4133 CX02 3816 0.004780
4133 CX12 3738 0.978201
4133 CX12 4346 0.003114
4133 CX12 3699 0.003114
4133 CX12 4307 0.003114
4133 CX12 3777 0.003114
4133 CX12 4424 0.003114
4133 CX12 3816 0.003114
4133 CX12 4385 0.003114
4133 X0 4129 0.997049
4133 X0 4133 0.000984
4133 X0 4136 0.000984
4133 X0 4132 0.000984
4134 CX02 3738 0.966538
4134 CX02 4346 0.004780
4134 CX02 3699 0.004780
4134 CX02 4307 0.004780
4134 CX02 3777 0.004780
4134 CX02 4424 0.004780
4134 CX02 3816 0.004780
4134 CX02 4385 0.004780
4134 CX12 4346 0.978201
4134 CX12 3738 0.003114
4134 CX12 4307 0.003114
4134 CX12 3699 0.003114
4134 CX12 4424 0.003114
4134 CX12 3777 0.003114
4134 CX12 4385 0.003114
4134 CX12 3816 0.003114
4134 X0 4130 0.997049
4134 X0 4134 0.000984
4134 X0 4135 0.000984
4134 X0 4131 0.000984
4135 CX02 3816 0.966538
4135 CX02 4385 0.004780
4135 CX02 3777 0.004780
4135 CX02 4424 0.004780
4135 CX02 3699 0.004780
4135 CX02 4307 0.004780
4135 CX02 3738 0.004780
4135 CX02 4346 0.004780
4135 CX12 4385 0.978201
4135 CX12 3816 0.003114
4135 CX12 4424 0.003114
4135 CX12 3777 0.003114
4135 CX12 4307 0.003114
4135 CX12 3699 0.003114
4135 CX12 4346 0.003114
4135 CX12 3738 0.003114
4135 X0 4131 0.997049
4135 X0 4135 0.000984
4135 X0 4134 0.000984
4135 X0 4130 0.000984
4136 CX02 4385 0.966538
4136 CX02 3816 0.004780
4136 CX02 4424 0.004780
4136 CX02 3777 0.004780
4136 CX02 4307 0.004780
4136 CX02 3699 0.004780
4136 CX02 4346 0.004780
4136 CX02 3738 0.004780
4136 CX12 3816 0.978201
4136 CX12 4385 0.003114
4136 CX12 3777 0.003114
4136 CX12 4424 0.003114
4136 CX12 3699 0.003114
4136 CX12 4307 0.003114
4136 CX12 3738 0.003114
4136 CX12 4346 0.003114
4136 X0 4132 0.997049
4136 X0 4136 0.000984
4136 X0 4133 0.000984
4136 X0 4129 0.000984
4307 CX02 4130 0.966538
4307 CX02 4129 0.004780
4307 CX02 4132 0.004780
4307 CX02 4131 0.004780
4307 CX02 4134 0.004780
4307 CX02 4133 0.004780
4307 CX02 4136 0.004780
4307 CX02 4135 0.004780
4307 CX12 4130 0.978201
4307 CX12 4129 0.003114
4307 CX12 4132 0.003114
4307 CX12 4131 0.003114
4307 CX12 4133 0.003114
4307 CX12 4134 0.003114
4307 CX12 4135 0.003114
4307 CX12 4136 0.003114
4307 P2 4307 0.830600
4307 P2 3837 0.011000
4307 X0 4346 0.997049
4307 X0 4307 0.000984
4307 X0 4424 0.000984
4307 X0 4385 0.000984
4346 CX02 4133 0.966538
4346 CX02 4134 0.004780
4346 CX02 4135 0.004780
4346 CX02 4136 0.004780
4346 CX02 4129 0.004780
4346 CX02 4130 0.004780
4346 CX02 4131 0.004780
4346 CX02 4132 0.004780
4346 CX12 4134 0.978201
4346 CX12 4133 0.003114
4346 CX12 4136 0.003114
4346 CX12 4135 0.003114
4346 CX12 4129 0.003114
4346 CX12 4130 0.003114
4346 CX12 4131 0.003114
4346 CX12 4132 0.003114
4346 P2 4346 0.830600
4346 P2 3838 0.011000
4346 X0 4307 0.997049
4346 X0 4346 0.000984
4346 X0 4385 0.000984
4346 X0 4424 0.000984
4385 CX02 4136 0.966538
4385 CX02 4135 0.004780
4385 CX02 4134 0.004780
4385 CX02 4133 0.004780
4385 CX02 4132 0.004780
4385 CX02 4131 0.004780
4385 CX02 4130 0.004780
4385 CX02 4129 0.004780
4385 CX12 4135 0.978201
4385 CX12 4136 0.003114
4385 CX12 4133 0.003114
4385 CX12 4134 0.003114
4385 CX12 4132 0.003114
4385 CX12 4131 0.003114
4385 CX12 4130 0.003114
4385 CX12 4129 0.003114
4385 P2 4385 0.830600
4385 P2 3839 0.011000
4385 X0 4424 0.997049
4385 X0 4385 0.000984
4385 X0 4346 0.000984
4385 X0 4307 0.000984
4424 CX02 4131 0.966538
4424 CX02 4132 0.004780
4424 CX02 4129 0.004780
4424 CX02 4130 0.004780
4424 CX02 4135 0.004780
4424 CX02 4136 0.004780
4424 CX02 4133 0.004780
4424 CX02 4134 0.004780
4424 CX12 4131 0.978201
4424 CX12 4132 0.003114
4424 CX12 4129 0.003114
4424 CX12 4130 0.003114
4424 CX12 4136 0.003114
4424 CX12 4135 0.003114
4424 CX12 4134 0.003114
4424 CX12 4133 0.003114
4424 P2 4424 0.830600
4424 P2 3840 0.011000
4424 X0 4385 0.997049
4424 X0 4424 0.000984
4424 X0 4307 0.000984
4424 X0 4346 0.000984
ENDPOMDP
