BEGINPOMDP
INITIALSTATE: 249262
STATES: 249262,249263,249264,249265,249266,249283,249284,249285,249286,249287,249288,249289,249290,249309,249348,249387,249426,249447,249448,249449,249450,249739,249740,249741,249742,249743,249744,249745,249746,249917,249956,249995,250034
TARGETV: 249263,249265,249309,249387,249447,249450,249917,250034
GAMMA: 249262:0,249263:0,249264:0,249265:0,249266:0,249283:0,249284:0,249285:0,249286:0,249287:0,249288:0,249289:0,249290:0,249309:1,249348:1,249387:1,249426:1,249447:0,249448:0,249449:0,249450:0,249739:1,249740:1,249741:1,249742:1,249743:1,249744:1,249745:1,249746:1,249917:1,249956:1,249995:1,250034:1
BEGINACTIONS
CX02 Instruction.CNOT 0 2 -
CX12 Instruction.CNOT 1 2 -
P2 Instruction.MEAS - 2 -
X0 Instruction.X - 0 -
ENDACTIONS
249262 INIT_ 249263 0.250000
249262 INIT_ 249264 0.250000
249262 INIT_ 249265 0.250000
249262 INIT_ 249266 0.250000
249263 CX02 249283 0.992312
249263 CX02 249284 0.001098
249263 CX02 249285 0.001098
249263 CX02 249286 0.001098
249263 CX02 249287 0.001098
249263 CX02 249288 0.001098
249263 CX02 249289 0.001098
249263 CX02 249290 0.001098
249263 CX12 249283 0.989153
249263 CX12 249284 0.001550
249263 CX12 249285 0.001550
249263 CX12 249286 0.001550
249263 CX12 249288 0.001550
249263 CX12 249287 0.001550
249263 CX12 249290 0.001550
249263 CX12 249289 0.001550
249263 P2 249263 0.990400
249263 P2 249309 0.035400
249263 X0 249264 0.999400
249263 X0 249263 0.000200
249263 X0 249265 0.000200
249263 X0 249266 0.000200
249264 CX02 249288 0.992312
249264 CX02 249287 0.001098
249264 CX02 249290 0.001098
249264 CX02 249289 0.001098
249264 CX02 249284 0.001098
249264 CX02 249283 0.001098
249264 CX02 249286 0.001098
249264 CX02 249285 0.001098
249264 CX12 249287 0.989153
249264 CX12 249288 0.001550
249264 CX12 249289 0.001550
249264 CX12 249290 0.001550
249264 CX12 249284 0.001550
249264 CX12 249283 0.001550
249264 CX12 249286 0.001550
249264 CX12 249285 0.001550
249264 P2 249264 0.990400
249264 P2 249348 0.035400
249264 X0 249263 0.999400
249264 X0 249264 0.000200
249264 X0 249266 0.000200
249264 X0 249265 0.000200
249265 CX02 249286 0.992312
249265 CX02 249285 0.001098
249265 CX02 249284 0.001098
249265 CX02 249283 0.001098
249265 CX02 249290 0.001098
249265 CX02 249289 0.001098
249265 CX02 249288 0.001098
249265 CX02 249287 0.001098
249265 CX12 249286 0.989153
249265 CX12 249285 0.001550
249265 CX12 249284 0.001550
249265 CX12 249283 0.001550
249265 CX12 249289 0.001550
249265 CX12 249290 0.001550
249265 CX12 249287 0.001550
249265 CX12 249288 0.001550
249265 P2 249265 0.990400
249265 P2 249387 0.035400
249265 X0 249266 0.999400
249265 X0 249265 0.000200
249265 X0 249263 0.000200
249265 X0 249264 0.000200
249266 CX02 249289 0.992312
249266 CX02 249290 0.001098
249266 CX02 249287 0.001098
249266 CX02 249288 0.001098
249266 CX02 249285 0.001098
249266 CX02 249286 0.001098
249266 CX02 249283 0.001098
249266 CX02 249284 0.001098
249266 CX12 249290 0.989153
249266 CX12 249289 0.001550
249266 CX12 249288 0.001550
249266 CX12 249287 0.001550
249266 CX12 249285 0.001550
249266 CX12 249286 0.001550
249266 CX12 249283 0.001550
249266 CX12 249284 0.001550
249266 P2 249266 0.990400
249266 P2 249426 0.035400
249266 X0 249265 0.999400
249266 X0 249266 0.000200
249266 X0 249264 0.000200
249266 X0 249263 0.000200
249283 CX02 249263 0.992312
249283 CX02 249447 0.001098
249283 CX02 249264 0.001098
249283 CX02 249448 0.001098
249283 CX02 249266 0.001098
249283 CX02 249449 0.001098
249283 CX02 249265 0.001098
249283 CX02 249450 0.001098
249283 CX12 249263 0.989153
249283 CX12 249447 0.001550
249283 CX12 249264 0.001550
249283 CX12 249448 0.001550
249283 CX12 249266 0.001550
249283 CX12 249449 0.001550
249283 CX12 249265 0.001550
249283 CX12 249450 0.001550
249283 X0 249287 0.999400
249283 X0 249283 0.000200
249283 X0 249286 0.000200
249283 X0 249290 0.000200
249284 CX02 249447 0.992312
249284 CX02 249263 0.001098
249284 CX02 249448 0.001098
249284 CX02 249264 0.001098
249284 CX02 249449 0.001098
249284 CX02 249266 0.001098
249284 CX02 249450 0.001098
249284 CX02 249265 0.001098
249284 CX12 249447 0.989153
249284 CX12 249263 0.001550
249284 CX12 249448 0.001550
249284 CX12 249264 0.001550
249284 CX12 249449 0.001550
249284 CX12 249266 0.001550
249284 CX12 249450 0.001550
249284 CX12 249265 0.001550
249284 X0 249288 0.999400
249284 X0 249284 0.000200
249284 X0 249285 0.000200
249284 X0 249289 0.000200
249285 CX02 249450 0.992312
249285 CX02 249265 0.001098
249285 CX02 249449 0.001098
249285 CX02 249266 0.001098
249285 CX02 249448 0.001098
249285 CX02 249264 0.001098
249285 CX02 249447 0.001098
249285 CX02 249263 0.001098
249285 CX12 249450 0.989153
249285 CX12 249265 0.001550
249285 CX12 249449 0.001550
249285 CX12 249266 0.001550
249285 CX12 249448 0.001550
249285 CX12 249264 0.001550
249285 CX12 249447 0.001550
249285 CX12 249263 0.001550
249285 X0 249289 0.999400
249285 X0 249285 0.000200
249285 X0 249284 0.000200
249285 X0 249288 0.000200
249286 CX02 249265 0.992312
249286 CX02 249450 0.001098
249286 CX02 249266 0.001098
249286 CX02 249449 0.001098
249286 CX02 249264 0.001098
249286 CX02 249448 0.001098
249286 CX02 249263 0.001098
249286 CX02 249447 0.001098
249286 CX12 249265 0.989153
249286 CX12 249450 0.001550
249286 CX12 249266 0.001550
249286 CX12 249449 0.001550
249286 CX12 249264 0.001550
249286 CX12 249448 0.001550
249286 CX12 249263 0.001550
249286 CX12 249447 0.001550
249286 X0 249290 0.999400
249286 X0 249286 0.000200
249286 X0 249283 0.000200
249286 X0 249287 0.000200
249287 CX02 249448 0.992312
249287 CX02 249264 0.001098
249287 CX02 249447 0.001098
249287 CX02 249263 0.001098
249287 CX02 249450 0.001098
249287 CX02 249265 0.001098
249287 CX02 249449 0.001098
249287 CX02 249266 0.001098
249287 CX12 249264 0.989153
249287 CX12 249448 0.001550
249287 CX12 249263 0.001550
249287 CX12 249447 0.001550
249287 CX12 249265 0.001550
249287 CX12 249450 0.001550
249287 CX12 249266 0.001550
249287 CX12 249449 0.001550
249287 X0 249283 0.999400
249287 X0 249287 0.000200
249287 X0 249290 0.000200
249287 X0 249286 0.000200
249288 CX02 249264 0.992312
249288 CX02 249448 0.001098
249288 CX02 249263 0.001098
249288 CX02 249447 0.001098
249288 CX02 249265 0.001098
249288 CX02 249450 0.001098
249288 CX02 249266 0.001098
249288 CX02 249449 0.001098
249288 CX12 249448 0.989153
249288 CX12 249264 0.001550
249288 CX12 249447 0.001550
249288 CX12 249263 0.001550
249288 CX12 249450 0.001550
249288 CX12 249265 0.001550
249288 CX12 249449 0.001550
249288 CX12 249266 0.001550
249288 X0 249284 0.999400
249288 X0 249288 0.000200
249288 X0 249289 0.000200
249288 X0 249285 0.000200
249289 CX02 249266 0.992312
249289 CX02 249449 0.001098
249289 CX02 249265 0.001098
249289 CX02 249450 0.001098
249289 CX02 249263 0.001098
249289 CX02 249447 0.001098
249289 CX02 249264 0.001098
249289 CX02 249448 0.001098
249289 CX12 249449 0.989153
249289 CX12 249266 0.001550
249289 CX12 249450 0.001550
249289 CX12 249265 0.001550
249289 CX12 249447 0.001550
249289 CX12 249263 0.001550
249289 CX12 249448 0.001550
249289 CX12 249264 0.001550
249289 X0 249285 0.999400
249289 X0 249289 0.000200
249289 X0 249288 0.000200
249289 X0 249284 0.000200
249290 CX02 249449 0.992312
249290 CX02 249266 0.001098
249290 CX02 249450 0.001098
249290 CX02 249265 0.001098
249290 CX02 249447 0.001098
249290 CX02 249263 0.001098
249290 CX02 249448 0.001098
249290 CX02 249264 0.001098
249290 CX12 249266 0.989153
249290 CX12 249449 0.001550
249290 CX12 249265 0.001550
249290 CX12 249450 0.001550
249290 CX12 249263 0.001550
249290 CX12 249447 0.001550
249290 CX12 249264 0.001550
249290 CX12 249448 0.001550
249290 X0 249286 0.999400
249290 X0 249290 0.000200
249290 X0 249287 0.000200
249290 X0 249283 0.000200
249309 CX02 249739 0.992312
249309 CX02 249740 0.001098
249309 CX02 249741 0.001098
249309 CX02 249742 0.001098
249309 CX02 249743 0.001098
249309 CX02 249744 0.001098
249309 CX02 249745 0.001098
249309 CX02 249746 0.001098
249309 CX12 249739 0.989153
249309 CX12 249740 0.001550
249309 CX12 249741 0.001550
249309 CX12 249742 0.001550
249309 CX12 249744 0.001550
249309 CX12 249743 0.001550
249309 CX12 249746 0.001550
249309 CX12 249745 0.001550
249309 P2 249263 0.990400
249309 P2 249309 0.035400
249309 X0 249348 0.999400
249309 X0 249309 0.000200
249309 X0 249387 0.000200
249309 X0 249426 0.000200
249348 CX02 249744 0.992312
249348 CX02 249743 0.001098
249348 CX02 249746 0.001098
249348 CX02 249745 0.001098
249348 CX02 249740 0.001098
249348 CX02 249739 0.001098
249348 CX02 249742 0.001098
249348 CX02 249741 0.001098
249348 CX12 249743 0.989153
249348 CX12 249744 0.001550
249348 CX12 249745 0.001550
249348 CX12 249746 0.001550
249348 CX12 249740 0.001550
249348 CX12 249739 0.001550
249348 CX12 249742 0.001550
249348 CX12 249741 0.001550
249348 P2 249264 0.990400
249348 P2 249348 0.035400
249348 X0 249309 0.999400
249348 X0 249348 0.000200
249348 X0 249426 0.000200
249348 X0 249387 0.000200
249387 CX02 249742 0.992312
249387 CX02 249741 0.001098
249387 CX02 249740 0.001098
249387 CX02 249739 0.001098
249387 CX02 249746 0.001098
249387 CX02 249745 0.001098
249387 CX02 249744 0.001098
249387 CX02 249743 0.001098
249387 CX12 249742 0.989153
249387 CX12 249741 0.001550
249387 CX12 249740 0.001550
249387 CX12 249739 0.001550
249387 CX12 249745 0.001550
249387 CX12 249746 0.001550
249387 CX12 249743 0.001550
249387 CX12 249744 0.001550
249387 P2 249265 0.990400
249387 P2 249387 0.035400
249387 X0 249426 0.999400
249387 X0 249387 0.000200
249387 X0 249309 0.000200
249387 X0 249348 0.000200
249426 CX02 249745 0.992312
249426 CX02 249746 0.001098
249426 CX02 249743 0.001098
249426 CX02 249744 0.001098
249426 CX02 249741 0.001098
249426 CX02 249742 0.001098
249426 CX02 249739 0.001098
249426 CX02 249740 0.001098
249426 CX12 249746 0.989153
249426 CX12 249745 0.001550
249426 CX12 249744 0.001550
249426 CX12 249743 0.001550
249426 CX12 249741 0.001550
249426 CX12 249742 0.001550
249426 CX12 249739 0.001550
249426 CX12 249740 0.001550
249426 P2 249266 0.990400
249426 P2 249426 0.035400
249426 X0 249387 0.999400
249426 X0 249426 0.000200
249426 X0 249348 0.000200
249426 X0 249309 0.000200
249447 CX02 249284 0.992312
249447 CX02 249283 0.001098
249447 CX02 249286 0.001098
249447 CX02 249285 0.001098
249447 CX02 249288 0.001098
249447 CX02 249287 0.001098
249447 CX02 249290 0.001098
249447 CX02 249289 0.001098
249447 CX12 249284 0.989153
249447 CX12 249283 0.001550
249447 CX12 249286 0.001550
249447 CX12 249285 0.001550
249447 CX12 249287 0.001550
249447 CX12 249288 0.001550
249447 CX12 249289 0.001550
249447 CX12 249290 0.001550
249447 P2 249917 0.964600
249447 P2 249447 0.009600
249447 X0 249448 0.999400
249447 X0 249447 0.000200
249447 X0 249450 0.000200
249447 X0 249449 0.000200
249448 CX02 249287 0.992312
249448 CX02 249288 0.001098
249448 CX02 249289 0.001098
249448 CX02 249290 0.001098
249448 CX02 249283 0.001098
249448 CX02 249284 0.001098
249448 CX02 249285 0.001098
249448 CX02 249286 0.001098
249448 CX12 249288 0.989153
249448 CX12 249287 0.001550
249448 CX12 249290 0.001550
249448 CX12 249289 0.001550
249448 CX12 249283 0.001550
249448 CX12 249284 0.001550
249448 CX12 249285 0.001550
249448 CX12 249286 0.001550
249448 P2 249956 0.964600
249448 P2 249448 0.009600
249448 X0 249447 0.999400
249448 X0 249448 0.000200
249448 X0 249449 0.000200
249448 X0 249450 0.000200
249449 CX02 249290 0.992312
249449 CX02 249289 0.001098
249449 CX02 249288 0.001098
249449 CX02 249287 0.001098
249449 CX02 249286 0.001098
249449 CX02 249285 0.001098
249449 CX02 249284 0.001098
249449 CX02 249283 0.001098
249449 CX12 249289 0.989153
249449 CX12 249290 0.001550
249449 CX12 249287 0.001550
249449 CX12 249288 0.001550
249449 CX12 249286 0.001550
249449 CX12 249285 0.001550
249449 CX12 249284 0.001550
249449 CX12 249283 0.001550
249449 P2 249995 0.964600
249449 P2 249449 0.009600
249449 X0 249450 0.999400
249449 X0 249449 0.000200
249449 X0 249448 0.000200
249449 X0 249447 0.000200
249450 CX02 249285 0.992312
249450 CX02 249286 0.001098
249450 CX02 249283 0.001098
249450 CX02 249284 0.001098
249450 CX02 249289 0.001098
249450 CX02 249290 0.001098
249450 CX02 249287 0.001098
249450 CX02 249288 0.001098
249450 CX12 249285 0.989153
249450 CX12 249286 0.001550
249450 CX12 249283 0.001550
249450 CX12 249284 0.001550
249450 CX12 249290 0.001550
249450 CX12 249289 0.001550
249450 CX12 249288 0.001550
249450 CX12 249287 0.001550
249450 P2 250034 0.964600
249450 P2 249450 0.009600
249450 X0 249449 0.999400
249450 X0 249450 0.000200
249450 X0 249447 0.000200
249450 X0 249448 0.000200
249739 CX02 249309 0.992312
249739 CX02 249917 0.001098
249739 CX02 249348 0.001098
249739 CX02 249956 0.001098
249739 CX02 249426 0.001098
249739 CX02 249995 0.001098
249739 CX02 249387 0.001098
249739 CX02 250034 0.001098
249739 CX12 249309 0.989153
249739 CX12 249917 0.001550
249739 CX12 249348 0.001550
249739 CX12 249956 0.001550
249739 CX12 249426 0.001550
249739 CX12 249995 0.001550
249739 CX12 249387 0.001550
249739 CX12 250034 0.001550
249739 X0 249743 0.999400
249739 X0 249739 0.000200
249739 X0 249742 0.000200
249739 X0 249746 0.000200
249740 CX02 249917 0.992312
249740 CX02 249309 0.001098
249740 CX02 249956 0.001098
249740 CX02 249348 0.001098
249740 CX02 249995 0.001098
249740 CX02 249426 0.001098
249740 CX02 250034 0.001098
249740 CX02 249387 0.001098
249740 CX12 249917 0.989153
249740 CX12 249309 0.001550
249740 CX12 249956 0.001550
249740 CX12 249348 0.001550
249740 CX12 249995 0.001550
249740 CX12 249426 0.001550
249740 CX12 250034 0.001550
249740 CX12 249387 0.001550
249740 X0 249744 0.999400
249740 X0 249740 0.000200
249740 X0 249741 0.000200
249740 X0 249745 0.000200
249741 CX02 250034 0.992312
249741 CX02 249387 0.001098
249741 CX02 249995 0.001098
249741 CX02 249426 0.001098
249741 CX02 249956 0.001098
249741 CX02 249348 0.001098
249741 CX02 249917 0.001098
249741 CX02 249309 0.001098
249741 CX12 250034 0.989153
249741 CX12 249387 0.001550
249741 CX12 249995 0.001550
249741 CX12 249426 0.001550
249741 CX12 249956 0.001550
249741 CX12 249348 0.001550
249741 CX12 249917 0.001550
249741 CX12 249309 0.001550
249741 X0 249745 0.999400
249741 X0 249741 0.000200
249741 X0 249740 0.000200
249741 X0 249744 0.000200
249742 CX02 249387 0.992312
249742 CX02 250034 0.001098
249742 CX02 249426 0.001098
249742 CX02 249995 0.001098
249742 CX02 249348 0.001098
249742 CX02 249956 0.001098
249742 CX02 249309 0.001098
249742 CX02 249917 0.001098
249742 CX12 249387 0.989153
249742 CX12 250034 0.001550
249742 CX12 249426 0.001550
249742 CX12 249995 0.001550
249742 CX12 249348 0.001550
249742 CX12 249956 0.001550
249742 CX12 249309 0.001550
249742 CX12 249917 0.001550
249742 X0 249746 0.999400
249742 X0 249742 0.000200
249742 X0 249739 0.000200
249742 X0 249743 0.000200
249743 CX02 249956 0.992312
249743 CX02 249348 0.001098
249743 CX02 249917 0.001098
249743 CX02 249309 0.001098
249743 CX02 250034 0.001098
249743 CX02 249387 0.001098
249743 CX02 249995 0.001098
249743 CX02 249426 0.001098
249743 CX12 249348 0.989153
249743 CX12 249956 0.001550
249743 CX12 249309 0.001550
249743 CX12 249917 0.001550
249743 CX12 249387 0.001550
249743 CX12 250034 0.001550
249743 CX12 249426 0.001550
249743 CX12 249995 0.001550
249743 X0 249739 0.999400
249743 X0 249743 0.000200
249743 X0 249746 0.000200
249743 X0 249742 0.000200
249744 CX02 249348 0.992312
249744 CX02 249956 0.001098
249744 CX02 249309 0.001098
249744 CX02 249917 0.001098
249744 CX02 249387 0.001098
249744 CX02 250034 0.001098
249744 CX02 249426 0.001098
249744 CX02 249995 0.001098
249744 CX12 249956 0.989153
249744 CX12 249348 0.001550
249744 CX12 249917 0.001550
249744 CX12 249309 0.001550
249744 CX12 250034 0.001550
249744 CX12 249387 0.001550
249744 CX12 249995 0.001550
249744 CX12 249426 0.001550
249744 X0 249740 0.999400
249744 X0 249744 0.000200
249744 X0 249745 0.000200
249744 X0 249741 0.000200
249745 CX02 249426 0.992312
249745 CX02 249995 0.001098
249745 CX02 249387 0.001098
249745 CX02 250034 0.001098
249745 CX02 249309 0.001098
249745 CX02 249917 0.001098
249745 CX02 249348 0.001098
249745 CX02 249956 0.001098
249745 CX12 249995 0.989153
249745 CX12 249426 0.001550
249745 CX12 250034 0.001550
249745 CX12 249387 0.001550
249745 CX12 249917 0.001550
249745 CX12 249309 0.001550
249745 CX12 249956 0.001550
249745 CX12 249348 0.001550
249745 X0 249741 0.999400
249745 X0 249745 0.000200
249745 X0 249744 0.000200
249745 X0 249740 0.000200
249746 CX02 249995 0.992312
249746 CX02 249426 0.001098
249746 CX02 250034 0.001098
249746 CX02 249387 0.001098
249746 CX02 249917 0.001098
249746 CX02 249309 0.001098
249746 CX02 249956 0.001098
249746 CX02 249348 0.001098
249746 CX12 249426 0.989153
249746 CX12 249995 0.001550
249746 CX12 249387 0.001550
249746 CX12 250034 0.001550
249746 CX12 249309 0.001550
249746 CX12 249917 0.001550
249746 CX12 249348 0.001550
249746 CX12 249956 0.001550
249746 X0 249742 0.999400
249746 X0 249746 0.000200
249746 X0 249743 0.000200
249746 X0 249739 0.000200
249917 CX02 249740 0.992312
249917 CX02 249739 0.001098
249917 CX02 249742 0.001098
249917 CX02 249741 0.001098
249917 CX02 249744 0.001098
249917 CX02 249743 0.001098
249917 CX02 249746 0.001098
249917 CX02 249745 0.001098
249917 CX12 249740 0.989153
249917 CX12 249739 0.001550
249917 CX12 249742 0.001550
249917 CX12 249741 0.001550
249917 CX12 249743 0.001550
249917 CX12 249744 0.001550
249917 CX12 249745 0.001550
249917 CX12 249746 0.001550
249917 P2 249917 0.964600
249917 P2 249447 0.009600
249917 X0 249956 0.999400
249917 X0 249917 0.000200
249917 X0 250034 0.000200
249917 X0 249995 0.000200
249956 CX02 249743 0.992312
249956 CX02 249744 0.001098
249956 CX02 249745 0.001098
249956 CX02 249746 0.001098
249956 CX02 249739 0.001098
249956 CX02 249740 0.001098
249956 CX02 249741 0.001098
249956 CX02 249742 0.001098
249956 CX12 249744 0.989153
249956 CX12 249743 0.001550
249956 CX12 249746 0.001550
249956 CX12 249745 0.001550
249956 CX12 249739 0.001550
249956 CX12 249740 0.001550
249956 CX12 249741 0.001550
249956 CX12 249742 0.001550
249956 P2 249956 0.964600
249956 P2 249448 0.009600
249956 X0 249917 0.999400
249956 X0 249956 0.000200
249956 X0 249995 0.000200
249956 X0 250034 0.000200
249995 CX02 249746 0.992312
249995 CX02 249745 0.001098
249995 CX02 249744 0.001098
249995 CX02 249743 0.001098
249995 CX02 249742 0.001098
249995 CX02 249741 0.001098
249995 CX02 249740 0.001098
249995 CX02 249739 0.001098
249995 CX12 249745 0.989153
249995 CX12 249746 0.001550
249995 CX12 249743 0.001550
249995 CX12 249744 0.001550
249995 CX12 249742 0.001550
249995 CX12 249741 0.001550
249995 CX12 249740 0.001550
249995 CX12 249739 0.001550
249995 P2 249995 0.964600
249995 P2 249449 0.009600
249995 X0 250034 0.999400
249995 X0 249995 0.000200
249995 X0 249956 0.000200
249995 X0 249917 0.000200
250034 CX02 249741 0.992312
250034 CX02 249742 0.001098
250034 CX02 249739 0.001098
250034 CX02 249740 0.001098
250034 CX02 249745 0.001098
250034 CX02 249746 0.001098
250034 CX02 249743 0.001098
250034 CX02 249744 0.001098
250034 CX12 249741 0.989153
250034 CX12 249742 0.001550
250034 CX12 249739 0.001550
250034 CX12 249740 0.001550
250034 CX12 249746 0.001550
250034 CX12 249745 0.001550
250034 CX12 249744 0.001550
250034 CX12 249743 0.001550
250034 P2 250034 0.964600
250034 P2 249450 0.009600
250034 X0 249995 0.999400
250034 X0 250034 0.000200
250034 X0 249917 0.000200
250034 X0 249956 0.000200
ENDPOMDP
