BEGINPOMDP
INITIALSTATE: 189629
STATES: 189629,189630,189631,189632,189633,189650,189651,189652,189653,189654,189655,189656,189657,189676,189715,189754,189793,189814,189815,189816,189817,190106,190107,190108,190109,190110,190111,190112,190113,190284,190323,190362,190401
TARGETV: 189630,189632,189676,189754,189814,189817,190284,190401
GAMMA: 189629:0,189630:0,189631:0,189632:0,189633:0,189650:0,189651:0,189652:0,189653:0,189654:0,189655:0,189656:0,189657:0,189676:1,189715:1,189754:1,189793:1,189814:0,189815:0,189816:0,189817:0,190106:1,190107:1,190108:1,190109:1,190110:1,190111:1,190112:1,190113:1,190284:1,190323:1,190362:1,190401:1
BEGINACTIONS
CX02 Instruction.CNOT 0 2 -
CX12 Instruction.CNOT 1 2 -
P2 Instruction.MEAS - 2 -
X0 Instruction.U3 - 0 3.141592653589793,6.283185307179586,3.141592653589793
ENDACTIONS
189629 INIT_ 189630 0.250000
189629 INIT_ 189631 0.250000
189629 INIT_ 189632 0.250000
189629 INIT_ 189633 0.250000
189630 CX02 189650 0.975925
189630 CX02 189651 0.003439
189630 CX02 189652 0.003439
189630 CX02 189653 0.003439
189630 CX02 189654 0.003439
189630 CX02 189655 0.003439
189630 CX02 189656 0.003439
189630 CX02 189657 0.003439
189630 CX12 189650 0.981653
189630 CX12 189651 0.002621
189630 CX12 189652 0.002621
189630 CX12 189653 0.002621
189630 CX12 189655 0.002621
189630 CX12 189654 0.002621
189630 CX12 189657 0.002621
189630 CX12 189656 0.002621
189630 P2 189630 0.994000
189630 P2 189676 0.036000
189630 X0 189631 0.997954
189630 X0 189630 0.000682
189630 X0 189632 0.000682
189630 X0 189633 0.000682
189631 CX02 189655 0.975925
189631 CX02 189654 0.003439
189631 CX02 189657 0.003439
189631 CX02 189656 0.003439
189631 CX02 189651 0.003439
189631 CX02 189650 0.003439
189631 CX02 189653 0.003439
189631 CX02 189652 0.003439
189631 CX12 189654 0.981653
189631 CX12 189655 0.002621
189631 CX12 189656 0.002621
189631 CX12 189657 0.002621
189631 CX12 189651 0.002621
189631 CX12 189650 0.002621
189631 CX12 189653 0.002621
189631 CX12 189652 0.002621
189631 P2 189631 0.994000
189631 P2 189715 0.036000
189631 X0 189630 0.997954
189631 X0 189631 0.000682
189631 X0 189633 0.000682
189631 X0 189632 0.000682
189632 CX02 189653 0.975925
189632 CX02 189652 0.003439
189632 CX02 189651 0.003439
189632 CX02 189650 0.003439
189632 CX02 189657 0.003439
189632 CX02 189656 0.003439
189632 CX02 189655 0.003439
189632 CX02 189654 0.003439
189632 CX12 189653 0.981653
189632 CX12 189652 0.002621
189632 CX12 189651 0.002621
189632 CX12 189650 0.002621
189632 CX12 189656 0.002621
189632 CX12 189657 0.002621
189632 CX12 189654 0.002621
189632 CX12 189655 0.002621
189632 P2 189632 0.994000
189632 P2 189754 0.036000
189632 X0 189633 0.997954
189632 X0 189632 0.000682
189632 X0 189630 0.000682
189632 X0 189631 0.000682
189633 CX02 189656 0.975925
189633 CX02 189657 0.003439
189633 CX02 189654 0.003439
189633 CX02 189655 0.003439
189633 CX02 189652 0.003439
189633 CX02 189653 0.003439
189633 CX02 189650 0.003439
189633 CX02 189651 0.003439
189633 CX12 189657 0.981653
189633 CX12 189656 0.002621
189633 CX12 189655 0.002621
189633 CX12 189654 0.002621
189633 CX12 189652 0.002621
189633 CX12 189653 0.002621
189633 CX12 189650 0.002621
189633 CX12 189651 0.002621
189633 P2 189633 0.994000
189633 P2 189793 0.036000
189633 X0 189632 0.997954
189633 X0 189633 0.000682
189633 X0 189631 0.000682
189633 X0 189630 0.000682
189650 CX02 189630 0.975925
189650 CX02 189814 0.003439
189650 CX02 189631 0.003439
189650 CX02 189815 0.003439
189650 CX02 189633 0.003439
189650 CX02 189816 0.003439
189650 CX02 189632 0.003439
189650 CX02 189817 0.003439
189650 CX12 189630 0.981653
189650 CX12 189814 0.002621
189650 CX12 189631 0.002621
189650 CX12 189815 0.002621
189650 CX12 189633 0.002621
189650 CX12 189816 0.002621
189650 CX12 189632 0.002621
189650 CX12 189817 0.002621
189650 X0 189654 0.997954
189650 X0 189650 0.000682
189650 X0 189653 0.000682
189650 X0 189657 0.000682
189651 CX02 189814 0.975925
189651 CX02 189630 0.003439
189651 CX02 189815 0.003439
189651 CX02 189631 0.003439
189651 CX02 189816 0.003439
189651 CX02 189633 0.003439
189651 CX02 189817 0.003439
189651 CX02 189632 0.003439
189651 CX12 189814 0.981653
189651 CX12 189630 0.002621
189651 CX12 189815 0.002621
189651 CX12 189631 0.002621
189651 CX12 189816 0.002621
189651 CX12 189633 0.002621
189651 CX12 189817 0.002621
189651 CX12 189632 0.002621
189651 X0 189655 0.997954
189651 X0 189651 0.000682
189651 X0 189652 0.000682
189651 X0 189656 0.000682
189652 CX02 189817 0.975925
189652 CX02 189632 0.003439
189652 CX02 189816 0.003439
189652 CX02 189633 0.003439
189652 CX02 189815 0.003439
189652 CX02 189631 0.003439
189652 CX02 189814 0.003439
189652 CX02 189630 0.003439
189652 CX12 189817 0.981653
189652 CX12 189632 0.002621
189652 CX12 189816 0.002621
189652 CX12 189633 0.002621
189652 CX12 189815 0.002621
189652 CX12 189631 0.002621
189652 CX12 189814 0.002621
189652 CX12 189630 0.002621
189652 X0 189656 0.997954
189652 X0 189652 0.000682
189652 X0 189651 0.000682
189652 X0 189655 0.000682
189653 CX02 189632 0.975925
189653 CX02 189817 0.003439
189653 CX02 189633 0.003439
189653 CX02 189816 0.003439
189653 CX02 189631 0.003439
189653 CX02 189815 0.003439
189653 CX02 189630 0.003439
189653 CX02 189814 0.003439
189653 CX12 189632 0.981653
189653 CX12 189817 0.002621
189653 CX12 189633 0.002621
189653 CX12 189816 0.002621
189653 CX12 189631 0.002621
189653 CX12 189815 0.002621
189653 CX12 189630 0.002621
189653 CX12 189814 0.002621
189653 X0 189657 0.997954
189653 X0 189653 0.000682
189653 X0 189650 0.000682
189653 X0 189654 0.000682
189654 CX02 189815 0.975925
189654 CX02 189631 0.003439
189654 CX02 189814 0.003439
189654 CX02 189630 0.003439
189654 CX02 189817 0.003439
189654 CX02 189632 0.003439
189654 CX02 189816 0.003439
189654 CX02 189633 0.003439
189654 CX12 189631 0.981653
189654 CX12 189815 0.002621
189654 CX12 189630 0.002621
189654 CX12 189814 0.002621
189654 CX12 189632 0.002621
189654 CX12 189817 0.002621
189654 CX12 189633 0.002621
189654 CX12 189816 0.002621
189654 X0 189650 0.997954
189654 X0 189654 0.000682
189654 X0 189657 0.000682
189654 X0 189653 0.000682
189655 CX02 189631 0.975925
189655 CX02 189815 0.003439
189655 CX02 189630 0.003439
189655 CX02 189814 0.003439
189655 CX02 189632 0.003439
189655 CX02 189817 0.003439
189655 CX02 189633 0.003439
189655 CX02 189816 0.003439
189655 CX12 189815 0.981653
189655 CX12 189631 0.002621
189655 CX12 189814 0.002621
189655 CX12 189630 0.002621
189655 CX12 189817 0.002621
189655 CX12 189632 0.002621
189655 CX12 189816 0.002621
189655 CX12 189633 0.002621
189655 X0 189651 0.997954
189655 X0 189655 0.000682
189655 X0 189656 0.000682
189655 X0 189652 0.000682
189656 CX02 189633 0.975925
189656 CX02 189816 0.003439
189656 CX02 189632 0.003439
189656 CX02 189817 0.003439
189656 CX02 189630 0.003439
189656 CX02 189814 0.003439
189656 CX02 189631 0.003439
189656 CX02 189815 0.003439
189656 CX12 189816 0.981653
189656 CX12 189633 0.002621
189656 CX12 189817 0.002621
189656 CX12 189632 0.002621
189656 CX12 189814 0.002621
189656 CX12 189630 0.002621
189656 CX12 189815 0.002621
189656 CX12 189631 0.002621
189656 X0 189652 0.997954
189656 X0 189656 0.000682
189656 X0 189655 0.000682
189656 X0 189651 0.000682
189657 CX02 189816 0.975925
189657 CX02 189633 0.003439
189657 CX02 189817 0.003439
189657 CX02 189632 0.003439
189657 CX02 189814 0.003439
189657 CX02 189630 0.003439
189657 CX02 189815 0.003439
189657 CX02 189631 0.003439
189657 CX12 189633 0.981653
189657 CX12 189816 0.002621
189657 CX12 189632 0.002621
189657 CX12 189817 0.002621
189657 CX12 189630 0.002621
189657 CX12 189814 0.002621
189657 CX12 189631 0.002621
189657 CX12 189815 0.002621
189657 X0 189653 0.997954
189657 X0 189657 0.000682
189657 X0 189654 0.000682
189657 X0 189650 0.000682
189676 CX02 190106 0.975925
189676 CX02 190107 0.003439
189676 CX02 190108 0.003439
189676 CX02 190109 0.003439
189676 CX02 190110 0.003439
189676 CX02 190111 0.003439
189676 CX02 190112 0.003439
189676 CX02 190113 0.003439
189676 CX12 190106 0.981653
189676 CX12 190107 0.002621
189676 CX12 190108 0.002621
189676 CX12 190109 0.002621
189676 CX12 190111 0.002621
189676 CX12 190110 0.002621
189676 CX12 190113 0.002621
189676 CX12 190112 0.002621
189676 P2 189630 0.994000
189676 P2 189676 0.036000
189676 X0 189715 0.997954
189676 X0 189676 0.000682
189676 X0 189754 0.000682
189676 X0 189793 0.000682
189715 CX02 190111 0.975925
189715 CX02 190110 0.003439
189715 CX02 190113 0.003439
189715 CX02 190112 0.003439
189715 CX02 190107 0.003439
189715 CX02 190106 0.003439
189715 CX02 190109 0.003439
189715 CX02 190108 0.003439
189715 CX12 190110 0.981653
189715 CX12 190111 0.002621
189715 CX12 190112 0.002621
189715 CX12 190113 0.002621
189715 CX12 190107 0.002621
189715 CX12 190106 0.002621
189715 CX12 190109 0.002621
189715 CX12 190108 0.002621
189715 P2 189631 0.994000
189715 P2 189715 0.036000
189715 X0 189676 0.997954
189715 X0 189715 0.000682
189715 X0 189793 0.000682
189715 X0 189754 0.000682
189754 CX02 190109 0.975925
189754 CX02 190108 0.003439
189754 CX02 190107 0.003439
189754 CX02 190106 0.003439
189754 CX02 190113 0.003439
189754 CX02 190112 0.003439
189754 CX02 190111 0.003439
189754 CX02 190110 0.003439
189754 CX12 190109 0.981653
189754 CX12 190108 0.002621
189754 CX12 190107 0.002621
189754 CX12 190106 0.002621
189754 CX12 190112 0.002621
189754 CX12 190113 0.002621
189754 CX12 190110 0.002621
189754 CX12 190111 0.002621
189754 P2 189632 0.994000
189754 P2 189754 0.036000
189754 X0 189793 0.997954
189754 X0 189754 0.000682
189754 X0 189676 0.000682
189754 X0 189715 0.000682
189793 CX02 190112 0.975925
189793 CX02 190113 0.003439
189793 CX02 190110 0.003439
189793 CX02 190111 0.003439
189793 CX02 190108 0.003439
189793 CX02 190109 0.003439
189793 CX02 190106 0.003439
189793 CX02 190107 0.003439
189793 CX12 190113 0.981653
189793 CX12 190112 0.002621
189793 CX12 190111 0.002621
189793 CX12 190110 0.002621
189793 CX12 190108 0.002621
189793 CX12 190109 0.002621
189793 CX12 190106 0.002621
189793 CX12 190107 0.002621
189793 P2 189633 0.994000
189793 P2 189793 0.036000
189793 X0 189754 0.997954
189793 X0 189793 0.000682
189793 X0 189715 0.000682
189793 X0 189676 0.000682
189814 CX02 189651 0.975925
189814 CX02 189650 0.003439
189814 CX02 189653 0.003439
189814 CX02 189652 0.003439
189814 CX02 189655 0.003439
189814 CX02 189654 0.003439
189814 CX02 189657 0.003439
189814 CX02 189656 0.003439
189814 CX12 189651 0.981653
189814 CX12 189650 0.002621
189814 CX12 189653 0.002621
189814 CX12 189652 0.002621
189814 CX12 189654 0.002621
189814 CX12 189655 0.002621
189814 CX12 189656 0.002621
189814 CX12 189657 0.002621
189814 P2 190284 0.964000
189814 P2 189814 0.006000
189814 X0 189815 0.997954
189814 X0 189814 0.000682
189814 X0 189817 0.000682
189814 X0 189816 0.000682
189815 CX02 189654 0.975925
189815 CX02 189655 0.003439
189815 CX02 189656 0.003439
189815 CX02 189657 0.003439
189815 CX02 189650 0.003439
189815 CX02 189651 0.003439
189815 CX02 189652 0.003439
189815 CX02 189653 0.003439
189815 CX12 189655 0.981653
189815 CX12 189654 0.002621
189815 CX12 189657 0.002621
189815 CX12 189656 0.002621
189815 CX12 189650 0.002621
189815 CX12 189651 0.002621
189815 CX12 189652 0.002621
189815 CX12 189653 0.002621
189815 P2 190323 0.964000
189815 P2 189815 0.006000
189815 X0 189814 0.997954
189815 X0 189815 0.000682
189815 X0 189816 0.000682
189815 X0 189817 0.000682
189816 CX02 189657 0.975925
189816 CX02 189656 0.003439
189816 CX02 189655 0.003439
189816 CX02 189654 0.003439
189816 CX02 189653 0.003439
189816 CX02 189652 0.003439
189816 CX02 189651 0.003439
189816 CX02 189650 0.003439
189816 CX12 189656 0.981653
189816 CX12 189657 0.002621
189816 CX12 189654 0.002621
189816 CX12 189655 0.002621
189816 CX12 189653 0.002621
189816 CX12 189652 0.002621
189816 CX12 189651 0.002621
189816 CX12 189650 0.002621
189816 P2 190362 0.964000
189816 P2 189816 0.006000
189816 X0 189817 0.997954
189816 X0 189816 0.000682
189816 X0 189815 0.000682
189816 X0 189814 0.000682
189817 CX02 189652 0.975925
189817 CX02 189653 0.003439
189817 CX02 189650 0.003439
189817 CX02 189651 0.003439
189817 CX02 189656 0.003439
189817 CX02 189657 0.003439
189817 CX02 189654 0.003439
189817 CX02 189655 0.003439
189817 CX12 189652 0.981653
189817 CX12 189653 0.002621
189817 CX12 189650 0.002621
189817 CX12 189651 0.002621
189817 CX12 189657 0.002621
189817 CX12 189656 0.002621
189817 CX12 189655 0.002621
189817 CX12 189654 0.002621
189817 P2 190401 0.964000
189817 P2 189817 0.006000
189817 X0 189816 0.997954
189817 X0 189817 0.000682
189817 X0 189814 0.000682
189817 X0 189815 0.000682
190106 CX02 189676 0.975925
190106 CX02 190284 0.003439
190106 CX02 189715 0.003439
190106 CX02 190323 0.003439
190106 CX02 189793 0.003439
190106 CX02 190362 0.003439
190106 CX02 189754 0.003439
190106 CX02 190401 0.003439
190106 CX12 189676 0.981653
190106 CX12 190284 0.002621
190106 CX12 189715 0.002621
190106 CX12 190323 0.002621
190106 CX12 189793 0.002621
190106 CX12 190362 0.002621
190106 CX12 189754 0.002621
190106 CX12 190401 0.002621
190106 X0 190110 0.997954
190106 X0 190106 0.000682
190106 X0 190109 0.000682
190106 X0 190113 0.000682
190107 CX02 190284 0.975925
190107 CX02 189676 0.003439
190107 CX02 190323 0.003439
190107 CX02 189715 0.003439
190107 CX02 190362 0.003439
190107 CX02 189793 0.003439
190107 CX02 190401 0.003439
190107 CX02 189754 0.003439
190107 CX12 190284 0.981653
190107 CX12 189676 0.002621
190107 CX12 190323 0.002621
190107 CX12 189715 0.002621
190107 CX12 190362 0.002621
190107 CX12 189793 0.002621
190107 CX12 190401 0.002621
190107 CX12 189754 0.002621
190107 X0 190111 0.997954
190107 X0 190107 0.000682
190107 X0 190108 0.000682
190107 X0 190112 0.000682
190108 CX02 190401 0.975925
190108 CX02 189754 0.003439
190108 CX02 190362 0.003439
190108 CX02 189793 0.003439
190108 CX02 190323 0.003439
190108 CX02 189715 0.003439
190108 CX02 190284 0.003439
190108 CX02 189676 0.003439
190108 CX12 190401 0.981653
190108 CX12 189754 0.002621
190108 CX12 190362 0.002621
190108 CX12 189793 0.002621
190108 CX12 190323 0.002621
190108 CX12 189715 0.002621
190108 CX12 190284 0.002621
190108 CX12 189676 0.002621
190108 X0 190112 0.997954
190108 X0 190108 0.000682
190108 X0 190107 0.000682
190108 X0 190111 0.000682
190109 CX02 189754 0.975925
190109 CX02 190401 0.003439
190109 CX02 189793 0.003439
190109 CX02 190362 0.003439
190109 CX02 189715 0.003439
190109 CX02 190323 0.003439
190109 CX02 189676 0.003439
190109 CX02 190284 0.003439
190109 CX12 189754 0.981653
190109 CX12 190401 0.002621
190109 CX12 189793 0.002621
190109 CX12 190362 0.002621
190109 CX12 189715 0.002621
190109 CX12 190323 0.002621
190109 CX12 189676 0.002621
190109 CX12 190284 0.002621
190109 X0 190113 0.997954
190109 X0 190109 0.000682
190109 X0 190106 0.000682
190109 X0 190110 0.000682
190110 CX02 190323 0.975925
190110 CX02 189715 0.003439
190110 CX02 190284 0.003439
190110 CX02 189676 0.003439
190110 CX02 190401 0.003439
190110 CX02 189754 0.003439
190110 CX02 190362 0.003439
190110 CX02 189793 0.003439
190110 CX12 189715 0.981653
190110 CX12 190323 0.002621
190110 CX12 189676 0.002621
190110 CX12 190284 0.002621
190110 CX12 189754 0.002621
190110 CX12 190401 0.002621
190110 CX12 189793 0.002621
190110 CX12 190362 0.002621
190110 X0 190106 0.997954
190110 X0 190110 0.000682
190110 X0 190113 0.000682
190110 X0 190109 0.000682
190111 CX02 189715 0.975925
190111 CX02 190323 0.003439
190111 CX02 189676 0.003439
190111 CX02 190284 0.003439
190111 CX02 189754 0.003439
190111 CX02 190401 0.003439
190111 CX02 189793 0.003439
190111 CX02 190362 0.003439
190111 CX12 190323 0.981653
190111 CX12 189715 0.002621
190111 CX12 190284 0.002621
190111 CX12 189676 0.002621
190111 CX12 190401 0.002621
190111 CX12 189754 0.002621
190111 CX12 190362 0.002621
190111 CX12 189793 0.002621
190111 X0 190107 0.997954
190111 X0 190111 0.000682
190111 X0 190112 0.000682
190111 X0 190108 0.000682
190112 CX02 189793 0.975925
190112 CX02 190362 0.003439
190112 CX02 189754 0.003439
190112 CX02 190401 0.003439
190112 CX02 189676 0.003439
190112 CX02 190284 0.003439
190112 CX02 189715 0.003439
190112 CX02 190323 0.003439
190112 CX12 190362 0.981653
190112 CX12 189793 0.002621
190112 CX12 190401 0.002621
190112 CX12 189754 0.002621
190112 CX12 190284 0.002621
190112 CX12 189676 0.002621
190112 CX12 190323 0.002621
190112 CX12 189715 0.002621
190112 X0 190108 0.997954
190112 X0 190112 0.000682
190112 X0 190111 0.000682
190112 X0 190107 0.000682
190113 CX02 190362 0.975925
190113 CX02 189793 0.003439
190113 CX02 190401 0.003439
190113 CX02 189754 0.003439
190113 CX02 190284 0.003439
190113 CX02 189676 0.003439
190113 CX02 190323 0.003439
190113 CX02 189715 0.003439
190113 CX12 189793 0.981653
190113 CX12 190362 0.002621
190113 CX12 189754 0.002621
190113 CX12 190401 0.002621
190113 CX12 189676 0.002621
190113 CX12 190284 0.002621
190113 CX12 189715 0.002621
190113 CX12 190323 0.002621
190113 X0 190109 0.997954
190113 X0 190113 0.000682
190113 X0 190110 0.000682
190113 X0 190106 0.000682
190284 CX02 190107 0.975925
190284 CX02 190106 0.003439
190284 CX02 190109 0.003439
190284 CX02 190108 0.003439
190284 CX02 190111 0.003439
190284 CX02 190110 0.003439
190284 CX02 190113 0.003439
190284 CX02 190112 0.003439
190284 CX12 190107 0.981653
190284 CX12 190106 0.002621
190284 CX12 190109 0.002621
190284 CX12 190108 0.002621
190284 CX12 190110 0.002621
190284 CX12 190111 0.002621
190284 CX12 190112 0.002621
190284 CX12 190113 0.002621
190284 P2 190284 0.964000
190284 P2 189814 0.006000
190284 X0 190323 0.997954
190284 X0 190284 0.000682
190284 X0 190401 0.000682
190284 X0 190362 0.000682
190323 CX02 190110 0.975925
190323 CX02 190111 0.003439
190323 CX02 190112 0.003439
190323 CX02 190113 0.003439
190323 CX02 190106 0.003439
190323 CX02 190107 0.003439
190323 CX02 190108 0.003439
190323 CX02 190109 0.003439
190323 CX12 190111 0.981653
190323 CX12 190110 0.002621
190323 CX12 190113 0.002621
190323 CX12 190112 0.002621
190323 CX12 190106 0.002621
190323 CX12 190107 0.002621
190323 CX12 190108 0.002621
190323 CX12 190109 0.002621
190323 P2 190323 0.964000
190323 P2 189815 0.006000
190323 X0 190284 0.997954
190323 X0 190323 0.000682
190323 X0 190362 0.000682
190323 X0 190401 0.000682
190362 CX02 190113 0.975925
190362 CX02 190112 0.003439
190362 CX02 190111 0.003439
190362 CX02 190110 0.003439
190362 CX02 190109 0.003439
190362 CX02 190108 0.003439
190362 CX02 190107 0.003439
190362 CX02 190106 0.003439
190362 CX12 190112 0.981653
190362 CX12 190113 0.002621
190362 CX12 190110 0.002621
190362 CX12 190111 0.002621
190362 CX12 190109 0.002621
190362 CX12 190108 0.002621
190362 CX12 190107 0.002621
190362 CX12 190106 0.002621
190362 P2 190362 0.964000
190362 P2 189816 0.006000
190362 X0 190401 0.997954
190362 X0 190362 0.000682
190362 X0 190323 0.000682
190362 X0 190284 0.000682
190401 CX02 190108 0.975925
190401 CX02 190109 0.003439
190401 CX02 190106 0.003439
190401 CX02 190107 0.003439
190401 CX02 190112 0.003439
190401 CX02 190113 0.003439
190401 CX02 190110 0.003439
190401 CX02 190111 0.003439
190401 CX12 190108 0.981653
190401 CX12 190109 0.002621
190401 CX12 190106 0.002621
190401 CX12 190107 0.002621
190401 CX12 190113 0.002621
190401 CX12 190112 0.002621
190401 CX12 190111 0.002621
190401 CX12 190110 0.002621
190401 P2 190401 0.964000
190401 P2 189817 0.006000
190401 X0 190362 0.997954
190401 X0 190401 0.000682
190401 X0 190284 0.000682
190401 X0 190323 0.000682
ENDPOMDP
