BEGINPOMDP
INITIALSTATE: 103446
STATES: 103446,103447,103448,103449,103450,103467,103468,103469,103470,103471,103472,103473,103474,103493,103532,103571,103610,103631,103632,103633,103634,103923,103924,103925,103926,103927,103928,103929,103930,104101,104140,104179,104218
TARGETV: 103447,103449,103493,103571,103631,103634,104101,104218
GAMMA: 103446:0,103447:0,103448:0,103449:0,103450:0,103467:0,103468:0,103469:0,103470:0,103471:0,103472:0,103473:0,103474:0,103493:1,103532:1,103571:1,103610:1,103631:0,103632:0,103633:0,103634:0,103923:1,103924:1,103925:1,103926:1,103927:1,103928:1,103929:1,103930:1,104101:1,104140:1,104179:1,104218:1
BEGINACTIONS
CX02 Instruction.CNOT 0 2 -
CX12 Instruction.CNOT 1 2 -
P2 Instruction.MEAS - 2 -
X0 Instruction.X - 0 -
ENDACTIONS
103446 INIT_ 103447 0.250000
103446 INIT_ 103448 0.250000
103446 INIT_ 103449 0.250000
103446 INIT_ 103450 0.250000
103447 CX02 103467 0.991830
103447 CX02 103468 0.001167
103447 CX02 103469 0.001167
103447 CX02 103470 0.001167
103447 CX02 103471 0.001167
103447 CX02 103472 0.001167
103447 CX02 103473 0.001167
103447 CX02 103474 0.001167
103447 CX12 103467 0.990832
103447 CX12 103468 0.001310
103447 CX12 103469 0.001310
103447 CX12 103470 0.001310
103447 CX12 103472 0.001310
103447 CX12 103471 0.001310
103447 CX12 103474 0.001310
103447 CX12 103473 0.001310
103447 P2 103447 0.992200
103447 P2 103493 0.017200
103447 X0 103448 0.999609
103447 X0 103447 0.000130
103447 X0 103449 0.000130
103447 X0 103450 0.000130
103448 CX02 103472 0.991830
103448 CX02 103471 0.001167
103448 CX02 103474 0.001167
103448 CX02 103473 0.001167
103448 CX02 103468 0.001167
103448 CX02 103467 0.001167
103448 CX02 103470 0.001167
103448 CX02 103469 0.001167
103448 CX12 103471 0.990832
103448 CX12 103472 0.001310
103448 CX12 103473 0.001310
103448 CX12 103474 0.001310
103448 CX12 103468 0.001310
103448 CX12 103467 0.001310
103448 CX12 103470 0.001310
103448 CX12 103469 0.001310
103448 P2 103448 0.992200
103448 P2 103532 0.017200
103448 X0 103447 0.999609
103448 X0 103448 0.000130
103448 X0 103450 0.000130
103448 X0 103449 0.000130
103449 CX02 103470 0.991830
103449 CX02 103469 0.001167
103449 CX02 103468 0.001167
103449 CX02 103467 0.001167
103449 CX02 103474 0.001167
103449 CX02 103473 0.001167
103449 CX02 103472 0.001167
103449 CX02 103471 0.001167
103449 CX12 103470 0.990832
103449 CX12 103469 0.001310
103449 CX12 103468 0.001310
103449 CX12 103467 0.001310
103449 CX12 103473 0.001310
103449 CX12 103474 0.001310
103449 CX12 103471 0.001310
103449 CX12 103472 0.001310
103449 P2 103449 0.992200
103449 P2 103571 0.017200
103449 X0 103450 0.999609
103449 X0 103449 0.000130
103449 X0 103447 0.000130
103449 X0 103448 0.000130
103450 CX02 103473 0.991830
103450 CX02 103474 0.001167
103450 CX02 103471 0.001167
103450 CX02 103472 0.001167
103450 CX02 103469 0.001167
103450 CX02 103470 0.001167
103450 CX02 103467 0.001167
103450 CX02 103468 0.001167
103450 CX12 103474 0.990832
103450 CX12 103473 0.001310
103450 CX12 103472 0.001310
103450 CX12 103471 0.001310
103450 CX12 103469 0.001310
103450 CX12 103470 0.001310
103450 CX12 103467 0.001310
103450 CX12 103468 0.001310
103450 P2 103450 0.992200
103450 P2 103610 0.017200
103450 X0 103449 0.999609
103450 X0 103450 0.000130
103450 X0 103448 0.000130
103450 X0 103447 0.000130
103467 CX02 103447 0.991830
103467 CX02 103631 0.001167
103467 CX02 103448 0.001167
103467 CX02 103632 0.001167
103467 CX02 103450 0.001167
103467 CX02 103633 0.001167
103467 CX02 103449 0.001167
103467 CX02 103634 0.001167
103467 CX12 103447 0.990832
103467 CX12 103631 0.001310
103467 CX12 103448 0.001310
103467 CX12 103632 0.001310
103467 CX12 103450 0.001310
103467 CX12 103633 0.001310
103467 CX12 103449 0.001310
103467 CX12 103634 0.001310
103467 X0 103471 0.999609
103467 X0 103467 0.000130
103467 X0 103470 0.000130
103467 X0 103474 0.000130
103468 CX02 103631 0.991830
103468 CX02 103447 0.001167
103468 CX02 103632 0.001167
103468 CX02 103448 0.001167
103468 CX02 103633 0.001167
103468 CX02 103450 0.001167
103468 CX02 103634 0.001167
103468 CX02 103449 0.001167
103468 CX12 103631 0.990832
103468 CX12 103447 0.001310
103468 CX12 103632 0.001310
103468 CX12 103448 0.001310
103468 CX12 103633 0.001310
103468 CX12 103450 0.001310
103468 CX12 103634 0.001310
103468 CX12 103449 0.001310
103468 X0 103472 0.999609
103468 X0 103468 0.000130
103468 X0 103469 0.000130
103468 X0 103473 0.000130
103469 CX02 103634 0.991830
103469 CX02 103449 0.001167
103469 CX02 103633 0.001167
103469 CX02 103450 0.001167
103469 CX02 103632 0.001167
103469 CX02 103448 0.001167
103469 CX02 103631 0.001167
103469 CX02 103447 0.001167
103469 CX12 103634 0.990832
103469 CX12 103449 0.001310
103469 CX12 103633 0.001310
103469 CX12 103450 0.001310
103469 CX12 103632 0.001310
103469 CX12 103448 0.001310
103469 CX12 103631 0.001310
103469 CX12 103447 0.001310
103469 X0 103473 0.999609
103469 X0 103469 0.000130
103469 X0 103468 0.000130
103469 X0 103472 0.000130
103470 CX02 103449 0.991830
103470 CX02 103634 0.001167
103470 CX02 103450 0.001167
103470 CX02 103633 0.001167
103470 CX02 103448 0.001167
103470 CX02 103632 0.001167
103470 CX02 103447 0.001167
103470 CX02 103631 0.001167
103470 CX12 103449 0.990832
103470 CX12 103634 0.001310
103470 CX12 103450 0.001310
103470 CX12 103633 0.001310
103470 CX12 103448 0.001310
103470 CX12 103632 0.001310
103470 CX12 103447 0.001310
103470 CX12 103631 0.001310
103470 X0 103474 0.999609
103470 X0 103470 0.000130
103470 X0 103467 0.000130
103470 X0 103471 0.000130
103471 CX02 103632 0.991830
103471 CX02 103448 0.001167
103471 CX02 103631 0.001167
103471 CX02 103447 0.001167
103471 CX02 103634 0.001167
103471 CX02 103449 0.001167
103471 CX02 103633 0.001167
103471 CX02 103450 0.001167
103471 CX12 103448 0.990832
103471 CX12 103632 0.001310
103471 CX12 103447 0.001310
103471 CX12 103631 0.001310
103471 CX12 103449 0.001310
103471 CX12 103634 0.001310
103471 CX12 103450 0.001310
103471 CX12 103633 0.001310
103471 X0 103467 0.999609
103471 X0 103471 0.000130
103471 X0 103474 0.000130
103471 X0 103470 0.000130
103472 CX02 103448 0.991830
103472 CX02 103632 0.001167
103472 CX02 103447 0.001167
103472 CX02 103631 0.001167
103472 CX02 103449 0.001167
103472 CX02 103634 0.001167
103472 CX02 103450 0.001167
103472 CX02 103633 0.001167
103472 CX12 103632 0.990832
103472 CX12 103448 0.001310
103472 CX12 103631 0.001310
103472 CX12 103447 0.001310
103472 CX12 103634 0.001310
103472 CX12 103449 0.001310
103472 CX12 103633 0.001310
103472 CX12 103450 0.001310
103472 X0 103468 0.999609
103472 X0 103472 0.000130
103472 X0 103473 0.000130
103472 X0 103469 0.000130
103473 CX02 103450 0.991830
103473 CX02 103633 0.001167
103473 CX02 103449 0.001167
103473 CX02 103634 0.001167
103473 CX02 103447 0.001167
103473 CX02 103631 0.001167
103473 CX02 103448 0.001167
103473 CX02 103632 0.001167
103473 CX12 103633 0.990832
103473 CX12 103450 0.001310
103473 CX12 103634 0.001310
103473 CX12 103449 0.001310
103473 CX12 103631 0.001310
103473 CX12 103447 0.001310
103473 CX12 103632 0.001310
103473 CX12 103448 0.001310
103473 X0 103469 0.999609
103473 X0 103473 0.000130
103473 X0 103472 0.000130
103473 X0 103468 0.000130
103474 CX02 103633 0.991830
103474 CX02 103450 0.001167
103474 CX02 103634 0.001167
103474 CX02 103449 0.001167
103474 CX02 103631 0.001167
103474 CX02 103447 0.001167
103474 CX02 103632 0.001167
103474 CX02 103448 0.001167
103474 CX12 103450 0.990832
103474 CX12 103633 0.001310
103474 CX12 103449 0.001310
103474 CX12 103634 0.001310
103474 CX12 103447 0.001310
103474 CX12 103631 0.001310
103474 CX12 103448 0.001310
103474 CX12 103632 0.001310
103474 X0 103470 0.999609
103474 X0 103474 0.000130
103474 X0 103471 0.000130
103474 X0 103467 0.000130
103493 CX02 103923 0.991830
103493 CX02 103924 0.001167
103493 CX02 103925 0.001167
103493 CX02 103926 0.001167
103493 CX02 103927 0.001167
103493 CX02 103928 0.001167
103493 CX02 103929 0.001167
103493 CX02 103930 0.001167
103493 CX12 103923 0.990832
103493 CX12 103924 0.001310
103493 CX12 103925 0.001310
103493 CX12 103926 0.001310
103493 CX12 103928 0.001310
103493 CX12 103927 0.001310
103493 CX12 103930 0.001310
103493 CX12 103929 0.001310
103493 P2 103447 0.992200
103493 P2 103493 0.017200
103493 X0 103532 0.999609
103493 X0 103493 0.000130
103493 X0 103571 0.000130
103493 X0 103610 0.000130
103532 CX02 103928 0.991830
103532 CX02 103927 0.001167
103532 CX02 103930 0.001167
103532 CX02 103929 0.001167
103532 CX02 103924 0.001167
103532 CX02 103923 0.001167
103532 CX02 103926 0.001167
103532 CX02 103925 0.001167
103532 CX12 103927 0.990832
103532 CX12 103928 0.001310
103532 CX12 103929 0.001310
103532 CX12 103930 0.001310
103532 CX12 103924 0.001310
103532 CX12 103923 0.001310
103532 CX12 103926 0.001310
103532 CX12 103925 0.001310
103532 P2 103448 0.992200
103532 P2 103532 0.017200
103532 X0 103493 0.999609
103532 X0 103532 0.000130
103532 X0 103610 0.000130
103532 X0 103571 0.000130
103571 CX02 103926 0.991830
103571 CX02 103925 0.001167
103571 CX02 103924 0.001167
103571 CX02 103923 0.001167
103571 CX02 103930 0.001167
103571 CX02 103929 0.001167
103571 CX02 103928 0.001167
103571 CX02 103927 0.001167
103571 CX12 103926 0.990832
103571 CX12 103925 0.001310
103571 CX12 103924 0.001310
103571 CX12 103923 0.001310
103571 CX12 103929 0.001310
103571 CX12 103930 0.001310
103571 CX12 103927 0.001310
103571 CX12 103928 0.001310
103571 P2 103449 0.992200
103571 P2 103571 0.017200
103571 X0 103610 0.999609
103571 X0 103571 0.000130
103571 X0 103493 0.000130
103571 X0 103532 0.000130
103610 CX02 103929 0.991830
103610 CX02 103930 0.001167
103610 CX02 103927 0.001167
103610 CX02 103928 0.001167
103610 CX02 103925 0.001167
103610 CX02 103926 0.001167
103610 CX02 103923 0.001167
103610 CX02 103924 0.001167
103610 CX12 103930 0.990832
103610 CX12 103929 0.001310
103610 CX12 103928 0.001310
103610 CX12 103927 0.001310
103610 CX12 103925 0.001310
103610 CX12 103926 0.001310
103610 CX12 103923 0.001310
103610 CX12 103924 0.001310
103610 P2 103450 0.992200
103610 P2 103610 0.017200
103610 X0 103571 0.999609
103610 X0 103610 0.000130
103610 X0 103532 0.000130
103610 X0 103493 0.000130
103631 CX02 103468 0.991830
103631 CX02 103467 0.001167
103631 CX02 103470 0.001167
103631 CX02 103469 0.001167
103631 CX02 103472 0.001167
103631 CX02 103471 0.001167
103631 CX02 103474 0.001167
103631 CX02 103473 0.001167
103631 CX12 103468 0.990832
103631 CX12 103467 0.001310
103631 CX12 103470 0.001310
103631 CX12 103469 0.001310
103631 CX12 103471 0.001310
103631 CX12 103472 0.001310
103631 CX12 103473 0.001310
103631 CX12 103474 0.001310
103631 P2 104101 0.982800
103631 P2 103631 0.007800
103631 X0 103632 0.999609
103631 X0 103631 0.000130
103631 X0 103634 0.000130
103631 X0 103633 0.000130
103632 CX02 103471 0.991830
103632 CX02 103472 0.001167
103632 CX02 103473 0.001167
103632 CX02 103474 0.001167
103632 CX02 103467 0.001167
103632 CX02 103468 0.001167
103632 CX02 103469 0.001167
103632 CX02 103470 0.001167
103632 CX12 103472 0.990832
103632 CX12 103471 0.001310
103632 CX12 103474 0.001310
103632 CX12 103473 0.001310
103632 CX12 103467 0.001310
103632 CX12 103468 0.001310
103632 CX12 103469 0.001310
103632 CX12 103470 0.001310
103632 P2 104140 0.982800
103632 P2 103632 0.007800
103632 X0 103631 0.999609
103632 X0 103632 0.000130
103632 X0 103633 0.000130
103632 X0 103634 0.000130
103633 CX02 103474 0.991830
103633 CX02 103473 0.001167
103633 CX02 103472 0.001167
103633 CX02 103471 0.001167
103633 CX02 103470 0.001167
103633 CX02 103469 0.001167
103633 CX02 103468 0.001167
103633 CX02 103467 0.001167
103633 CX12 103473 0.990832
103633 CX12 103474 0.001310
103633 CX12 103471 0.001310
103633 CX12 103472 0.001310
103633 CX12 103470 0.001310
103633 CX12 103469 0.001310
103633 CX12 103468 0.001310
103633 CX12 103467 0.001310
103633 P2 104179 0.982800
103633 P2 103633 0.007800
103633 X0 103634 0.999609
103633 X0 103633 0.000130
103633 X0 103632 0.000130
103633 X0 103631 0.000130
103634 CX02 103469 0.991830
103634 CX02 103470 0.001167
103634 CX02 103467 0.001167
103634 CX02 103468 0.001167
103634 CX02 103473 0.001167
103634 CX02 103474 0.001167
103634 CX02 103471 0.001167
103634 CX02 103472 0.001167
103634 CX12 103469 0.990832
103634 CX12 103470 0.001310
103634 CX12 103467 0.001310
103634 CX12 103468 0.001310
103634 CX12 103474 0.001310
103634 CX12 103473 0.001310
103634 CX12 103472 0.001310
103634 CX12 103471 0.001310
103634 P2 104218 0.982800
103634 P2 103634 0.007800
103634 X0 103633 0.999609
103634 X0 103634 0.000130
103634 X0 103631 0.000130
103634 X0 103632 0.000130
103923 CX02 103493 0.991830
103923 CX02 104101 0.001167
103923 CX02 103532 0.001167
103923 CX02 104140 0.001167
103923 CX02 103610 0.001167
103923 CX02 104179 0.001167
103923 CX02 103571 0.001167
103923 CX02 104218 0.001167
103923 CX12 103493 0.990832
103923 CX12 104101 0.001310
103923 CX12 103532 0.001310
103923 CX12 104140 0.001310
103923 CX12 103610 0.001310
103923 CX12 104179 0.001310
103923 CX12 103571 0.001310
103923 CX12 104218 0.001310
103923 X0 103927 0.999609
103923 X0 103923 0.000130
103923 X0 103926 0.000130
103923 X0 103930 0.000130
103924 CX02 104101 0.991830
103924 CX02 103493 0.001167
103924 CX02 104140 0.001167
103924 CX02 103532 0.001167
103924 CX02 104179 0.001167
103924 CX02 103610 0.001167
103924 CX02 104218 0.001167
103924 CX02 103571 0.001167
103924 CX12 104101 0.990832
103924 CX12 103493 0.001310
103924 CX12 104140 0.001310
103924 CX12 103532 0.001310
103924 CX12 104179 0.001310
103924 CX12 103610 0.001310
103924 CX12 104218 0.001310
103924 CX12 103571 0.001310
103924 X0 103928 0.999609
103924 X0 103924 0.000130
103924 X0 103925 0.000130
103924 X0 103929 0.000130
103925 CX02 104218 0.991830
103925 CX02 103571 0.001167
103925 CX02 104179 0.001167
103925 CX02 103610 0.001167
103925 CX02 104140 0.001167
103925 CX02 103532 0.001167
103925 CX02 104101 0.001167
103925 CX02 103493 0.001167
103925 CX12 104218 0.990832
103925 CX12 103571 0.001310
103925 CX12 104179 0.001310
103925 CX12 103610 0.001310
103925 CX12 104140 0.001310
103925 CX12 103532 0.001310
103925 CX12 104101 0.001310
103925 CX12 103493 0.001310
103925 X0 103929 0.999609
103925 X0 103925 0.000130
103925 X0 103924 0.000130
103925 X0 103928 0.000130
103926 CX02 103571 0.991830
103926 CX02 104218 0.001167
103926 CX02 103610 0.001167
103926 CX02 104179 0.001167
103926 CX02 103532 0.001167
103926 CX02 104140 0.001167
103926 CX02 103493 0.001167
103926 CX02 104101 0.001167
103926 CX12 103571 0.990832
103926 CX12 104218 0.001310
103926 CX12 103610 0.001310
103926 CX12 104179 0.001310
103926 CX12 103532 0.001310
103926 CX12 104140 0.001310
103926 CX12 103493 0.001310
103926 CX12 104101 0.001310
103926 X0 103930 0.999609
103926 X0 103926 0.000130
103926 X0 103923 0.000130
103926 X0 103927 0.000130
103927 CX02 104140 0.991830
103927 CX02 103532 0.001167
103927 CX02 104101 0.001167
103927 CX02 103493 0.001167
103927 CX02 104218 0.001167
103927 CX02 103571 0.001167
103927 CX02 104179 0.001167
103927 CX02 103610 0.001167
103927 CX12 103532 0.990832
103927 CX12 104140 0.001310
103927 CX12 103493 0.001310
103927 CX12 104101 0.001310
103927 CX12 103571 0.001310
103927 CX12 104218 0.001310
103927 CX12 103610 0.001310
103927 CX12 104179 0.001310
103927 X0 103923 0.999609
103927 X0 103927 0.000130
103927 X0 103930 0.000130
103927 X0 103926 0.000130
103928 CX02 103532 0.991830
103928 CX02 104140 0.001167
103928 CX02 103493 0.001167
103928 CX02 104101 0.001167
103928 CX02 103571 0.001167
103928 CX02 104218 0.001167
103928 CX02 103610 0.001167
103928 CX02 104179 0.001167
103928 CX12 104140 0.990832
103928 CX12 103532 0.001310
103928 CX12 104101 0.001310
103928 CX12 103493 0.001310
103928 CX12 104218 0.001310
103928 CX12 103571 0.001310
103928 CX12 104179 0.001310
103928 CX12 103610 0.001310
103928 X0 103924 0.999609
103928 X0 103928 0.000130
103928 X0 103929 0.000130
103928 X0 103925 0.000130
103929 CX02 103610 0.991830
103929 CX02 104179 0.001167
103929 CX02 103571 0.001167
103929 CX02 104218 0.001167
103929 CX02 103493 0.001167
103929 CX02 104101 0.001167
103929 CX02 103532 0.001167
103929 CX02 104140 0.001167
103929 CX12 104179 0.990832
103929 CX12 103610 0.001310
103929 CX12 104218 0.001310
103929 CX12 103571 0.001310
103929 CX12 104101 0.001310
103929 CX12 103493 0.001310
103929 CX12 104140 0.001310
103929 CX12 103532 0.001310
103929 X0 103925 0.999609
103929 X0 103929 0.000130
103929 X0 103928 0.000130
103929 X0 103924 0.000130
103930 CX02 104179 0.991830
103930 CX02 103610 0.001167
103930 CX02 104218 0.001167
103930 CX02 103571 0.001167
103930 CX02 104101 0.001167
103930 CX02 103493 0.001167
103930 CX02 104140 0.001167
103930 CX02 103532 0.001167
103930 CX12 103610 0.990832
103930 CX12 104179 0.001310
103930 CX12 103571 0.001310
103930 CX12 104218 0.001310
103930 CX12 103493 0.001310
103930 CX12 104101 0.001310
103930 CX12 103532 0.001310
103930 CX12 104140 0.001310
103930 X0 103926 0.999609
103930 X0 103930 0.000130
103930 X0 103927 0.000130
103930 X0 103923 0.000130
104101 CX02 103924 0.991830
104101 CX02 103923 0.001167
104101 CX02 103926 0.001167
104101 CX02 103925 0.001167
104101 CX02 103928 0.001167
104101 CX02 103927 0.001167
104101 CX02 103930 0.001167
104101 CX02 103929 0.001167
104101 CX12 103924 0.990832
104101 CX12 103923 0.001310
104101 CX12 103926 0.001310
104101 CX12 103925 0.001310
104101 CX12 103927 0.001310
104101 CX12 103928 0.001310
104101 CX12 103929 0.001310
104101 CX12 103930 0.001310
104101 P2 104101 0.982800
104101 P2 103631 0.007800
104101 X0 104140 0.999609
104101 X0 104101 0.000130
104101 X0 104218 0.000130
104101 X0 104179 0.000130
104140 CX02 103927 0.991830
104140 CX02 103928 0.001167
104140 CX02 103929 0.001167
104140 CX02 103930 0.001167
104140 CX02 103923 0.001167
104140 CX02 103924 0.001167
104140 CX02 103925 0.001167
104140 CX02 103926 0.001167
104140 CX12 103928 0.990832
104140 CX12 103927 0.001310
104140 CX12 103930 0.001310
104140 CX12 103929 0.001310
104140 CX12 103923 0.001310
104140 CX12 103924 0.001310
104140 CX12 103925 0.001310
104140 CX12 103926 0.001310
104140 P2 104140 0.982800
104140 P2 103632 0.007800
104140 X0 104101 0.999609
104140 X0 104140 0.000130
104140 X0 104179 0.000130
104140 X0 104218 0.000130
104179 CX02 103930 0.991830
104179 CX02 103929 0.001167
104179 CX02 103928 0.001167
104179 CX02 103927 0.001167
104179 CX02 103926 0.001167
104179 CX02 103925 0.001167
104179 CX02 103924 0.001167
104179 CX02 103923 0.001167
104179 CX12 103929 0.990832
104179 CX12 103930 0.001310
104179 CX12 103927 0.001310
104179 CX12 103928 0.001310
104179 CX12 103926 0.001310
104179 CX12 103925 0.001310
104179 CX12 103924 0.001310
104179 CX12 103923 0.001310
104179 P2 104179 0.982800
104179 P2 103633 0.007800
104179 X0 104218 0.999609
104179 X0 104179 0.000130
104179 X0 104140 0.000130
104179 X0 104101 0.000130
104218 CX02 103925 0.991830
104218 CX02 103926 0.001167
104218 CX02 103923 0.001167
104218 CX02 103924 0.001167
104218 CX02 103929 0.001167
104218 CX02 103930 0.001167
104218 CX02 103927 0.001167
104218 CX02 103928 0.001167
104218 CX12 103925 0.990832
104218 CX12 103926 0.001310
104218 CX12 103923 0.001310
104218 CX12 103924 0.001310
104218 CX12 103930 0.001310
104218 CX12 103929 0.001310
104218 CX12 103928 0.001310
104218 CX12 103927 0.001310
104218 P2 104218 0.982800
104218 P2 103634 0.007800
104218 X0 104179 0.999609
104218 X0 104218 0.000130
104218 X0 104101 0.000130
104218 X0 104140 0.000130
ENDPOMDP
