BEGINPOMDP
INITIALSTATE: 74238
STATES: 74238,74239,74240,74241,74242,74259,74260,74261,74262,74263,74264,74265,74266,74285,74324,74363,74402,74423,74424,74425,74426,74715,74716,74717,74718,74719,74720,74721,74722,74893,74932,74971,75010
TARGETV: 74239,74241,74285,74363,74423,74426,74893,75010
GAMMA: 74238:0,74239:0,74240:0,74241:0,74242:0,74259:0,74260:0,74261:0,74262:0,74263:0,74264:0,74265:0,74266:0,74285:1,74324:1,74363:1,74402:1,74423:0,74424:0,74425:0,74426:0,74715:1,74716:1,74717:1,74718:1,74719:1,74720:1,74721:1,74722:1,74893:1,74932:1,74971:1,75010:1
BEGINACTIONS
CX02 Instruction.CNOT 0 2 -
CX12 Instruction.CNOT 1 2 -
P2 Instruction.MEAS - 2 -
X0 Instruction.U3 - 0 3.141592653589793,6.283185307179586,3.141592653589793
ENDACTIONS
74238 INIT_ 74239 0.250000
74238 INIT_ 74240 0.250000
74238 INIT_ 74241 0.250000
74238 INIT_ 74242 0.250000
74239 CX02 74259 0.912731
74239 CX02 74260 0.012467
74239 CX02 74261 0.012467
74239 CX02 74262 0.012467
74239 CX02 74263 0.012467
74239 CX02 74264 0.012467
74239 CX02 74265 0.012467
74239 CX02 74266 0.012467
74239 CX12 74259 0.921620
74239 CX12 74260 0.011197
74239 CX12 74261 0.011197
74239 CX12 74262 0.011197
74239 CX12 74264 0.011197
74239 CX12 74263 0.011197
74239 CX12 74266 0.011197
74239 CX12 74265 0.011197
74239 P2 74239 0.993333
74239 P2 74285 0.146667
74239 X0 74240 0.998863
74239 X0 74239 0.000379
74239 X0 74241 0.000379
74239 X0 74242 0.000379
74240 CX02 74264 0.912731
74240 CX02 74263 0.012467
74240 CX02 74266 0.012467
74240 CX02 74265 0.012467
74240 CX02 74260 0.012467
74240 CX02 74259 0.012467
74240 CX02 74262 0.012467
74240 CX02 74261 0.012467
74240 CX12 74263 0.921620
74240 CX12 74264 0.011197
74240 CX12 74265 0.011197
74240 CX12 74266 0.011197
74240 CX12 74260 0.011197
74240 CX12 74259 0.011197
74240 CX12 74262 0.011197
74240 CX12 74261 0.011197
74240 P2 74240 0.993333
74240 P2 74324 0.146667
74240 X0 74239 0.998863
74240 X0 74240 0.000379
74240 X0 74242 0.000379
74240 X0 74241 0.000379
74241 CX02 74262 0.912731
74241 CX02 74261 0.012467
74241 CX02 74260 0.012467
74241 CX02 74259 0.012467
74241 CX02 74266 0.012467
74241 CX02 74265 0.012467
74241 CX02 74264 0.012467
74241 CX02 74263 0.012467
74241 CX12 74262 0.921620
74241 CX12 74261 0.011197
74241 CX12 74260 0.011197
74241 CX12 74259 0.011197
74241 CX12 74265 0.011197
74241 CX12 74266 0.011197
74241 CX12 74263 0.011197
74241 CX12 74264 0.011197
74241 P2 74241 0.993333
74241 P2 74363 0.146667
74241 X0 74242 0.998863
74241 X0 74241 0.000379
74241 X0 74239 0.000379
74241 X0 74240 0.000379
74242 CX02 74265 0.912731
74242 CX02 74266 0.012467
74242 CX02 74263 0.012467
74242 CX02 74264 0.012467
74242 CX02 74261 0.012467
74242 CX02 74262 0.012467
74242 CX02 74259 0.012467
74242 CX02 74260 0.012467
74242 CX12 74266 0.921620
74242 CX12 74265 0.011197
74242 CX12 74264 0.011197
74242 CX12 74263 0.011197
74242 CX12 74261 0.011197
74242 CX12 74262 0.011197
74242 CX12 74259 0.011197
74242 CX12 74260 0.011197
74242 P2 74242 0.993333
74242 P2 74402 0.146667
74242 X0 74241 0.998863
74242 X0 74242 0.000379
74242 X0 74240 0.000379
74242 X0 74239 0.000379
74259 CX02 74239 0.912731
74259 CX02 74423 0.012467
74259 CX02 74240 0.012467
74259 CX02 74424 0.012467
74259 CX02 74242 0.012467
74259 CX02 74425 0.012467
74259 CX02 74241 0.012467
74259 CX02 74426 0.012467
74259 CX12 74239 0.921620
74259 CX12 74423 0.011197
74259 CX12 74240 0.011197
74259 CX12 74424 0.011197
74259 CX12 74242 0.011197
74259 CX12 74425 0.011197
74259 CX12 74241 0.011197
74259 CX12 74426 0.011197
74259 X0 74263 0.998863
74259 X0 74259 0.000379
74259 X0 74262 0.000379
74259 X0 74266 0.000379
74260 CX02 74423 0.912731
74260 CX02 74239 0.012467
74260 CX02 74424 0.012467
74260 CX02 74240 0.012467
74260 CX02 74425 0.012467
74260 CX02 74242 0.012467
74260 CX02 74426 0.012467
74260 CX02 74241 0.012467
74260 CX12 74423 0.921620
74260 CX12 74239 0.011197
74260 CX12 74424 0.011197
74260 CX12 74240 0.011197
74260 CX12 74425 0.011197
74260 CX12 74242 0.011197
74260 CX12 74426 0.011197
74260 CX12 74241 0.011197
74260 X0 74264 0.998863
74260 X0 74260 0.000379
74260 X0 74261 0.000379
74260 X0 74265 0.000379
74261 CX02 74426 0.912731
74261 CX02 74241 0.012467
74261 CX02 74425 0.012467
74261 CX02 74242 0.012467
74261 CX02 74424 0.012467
74261 CX02 74240 0.012467
74261 CX02 74423 0.012467
74261 CX02 74239 0.012467
74261 CX12 74426 0.921620
74261 CX12 74241 0.011197
74261 CX12 74425 0.011197
74261 CX12 74242 0.011197
74261 CX12 74424 0.011197
74261 CX12 74240 0.011197
74261 CX12 74423 0.011197
74261 CX12 74239 0.011197
74261 X0 74265 0.998863
74261 X0 74261 0.000379
74261 X0 74260 0.000379
74261 X0 74264 0.000379
74262 CX02 74241 0.912731
74262 CX02 74426 0.012467
74262 CX02 74242 0.012467
74262 CX02 74425 0.012467
74262 CX02 74240 0.012467
74262 CX02 74424 0.012467
74262 CX02 74239 0.012467
74262 CX02 74423 0.012467
74262 CX12 74241 0.921620
74262 CX12 74426 0.011197
74262 CX12 74242 0.011197
74262 CX12 74425 0.011197
74262 CX12 74240 0.011197
74262 CX12 74424 0.011197
74262 CX12 74239 0.011197
74262 CX12 74423 0.011197
74262 X0 74266 0.998863
74262 X0 74262 0.000379
74262 X0 74259 0.000379
74262 X0 74263 0.000379
74263 CX02 74424 0.912731
74263 CX02 74240 0.012467
74263 CX02 74423 0.012467
74263 CX02 74239 0.012467
74263 CX02 74426 0.012467
74263 CX02 74241 0.012467
74263 CX02 74425 0.012467
74263 CX02 74242 0.012467
74263 CX12 74240 0.921620
74263 CX12 74424 0.011197
74263 CX12 74239 0.011197
74263 CX12 74423 0.011197
74263 CX12 74241 0.011197
74263 CX12 74426 0.011197
74263 CX12 74242 0.011197
74263 CX12 74425 0.011197
74263 X0 74259 0.998863
74263 X0 74263 0.000379
74263 X0 74266 0.000379
74263 X0 74262 0.000379
74264 CX02 74240 0.912731
74264 CX02 74424 0.012467
74264 CX02 74239 0.012467
74264 CX02 74423 0.012467
74264 CX02 74241 0.012467
74264 CX02 74426 0.012467
74264 CX02 74242 0.012467
74264 CX02 74425 0.012467
74264 CX12 74424 0.921620
74264 CX12 74240 0.011197
74264 CX12 74423 0.011197
74264 CX12 74239 0.011197
74264 CX12 74426 0.011197
74264 CX12 74241 0.011197
74264 CX12 74425 0.011197
74264 CX12 74242 0.011197
74264 X0 74260 0.998863
74264 X0 74264 0.000379
74264 X0 74265 0.000379
74264 X0 74261 0.000379
74265 CX02 74242 0.912731
74265 CX02 74425 0.012467
74265 CX02 74241 0.012467
74265 CX02 74426 0.012467
74265 CX02 74239 0.012467
74265 CX02 74423 0.012467
74265 CX02 74240 0.012467
74265 CX02 74424 0.012467
74265 CX12 74425 0.921620
74265 CX12 74242 0.011197
74265 CX12 74426 0.011197
74265 CX12 74241 0.011197
74265 CX12 74423 0.011197
74265 CX12 74239 0.011197
74265 CX12 74424 0.011197
74265 CX12 74240 0.011197
74265 X0 74261 0.998863
74265 X0 74265 0.000379
74265 X0 74264 0.000379
74265 X0 74260 0.000379
74266 CX02 74425 0.912731
74266 CX02 74242 0.012467
74266 CX02 74426 0.012467
74266 CX02 74241 0.012467
74266 CX02 74423 0.012467
74266 CX02 74239 0.012467
74266 CX02 74424 0.012467
74266 CX02 74240 0.012467
74266 CX12 74242 0.921620
74266 CX12 74425 0.011197
74266 CX12 74241 0.011197
74266 CX12 74426 0.011197
74266 CX12 74239 0.011197
74266 CX12 74423 0.011197
74266 CX12 74240 0.011197
74266 CX12 74424 0.011197
74266 X0 74262 0.998863
74266 X0 74266 0.000379
74266 X0 74263 0.000379
74266 X0 74259 0.000379
74285 CX02 74715 0.912731
74285 CX02 74716 0.012467
74285 CX02 74717 0.012467
74285 CX02 74718 0.012467
74285 CX02 74719 0.012467
74285 CX02 74720 0.012467
74285 CX02 74721 0.012467
74285 CX02 74722 0.012467
74285 CX12 74715 0.921620
74285 CX12 74716 0.011197
74285 CX12 74717 0.011197
74285 CX12 74718 0.011197
74285 CX12 74720 0.011197
74285 CX12 74719 0.011197
74285 CX12 74722 0.011197
74285 CX12 74721 0.011197
74285 P2 74239 0.993333
74285 P2 74285 0.146667
74285 X0 74324 0.998863
74285 X0 74285 0.000379
74285 X0 74363 0.000379
74285 X0 74402 0.000379
74324 CX02 74720 0.912731
74324 CX02 74719 0.012467
74324 CX02 74722 0.012467
74324 CX02 74721 0.012467
74324 CX02 74716 0.012467
74324 CX02 74715 0.012467
74324 CX02 74718 0.012467
74324 CX02 74717 0.012467
74324 CX12 74719 0.921620
74324 CX12 74720 0.011197
74324 CX12 74721 0.011197
74324 CX12 74722 0.011197
74324 CX12 74716 0.011197
74324 CX12 74715 0.011197
74324 CX12 74718 0.011197
74324 CX12 74717 0.011197
74324 P2 74240 0.993333
74324 P2 74324 0.146667
74324 X0 74285 0.998863
74324 X0 74324 0.000379
74324 X0 74402 0.000379
74324 X0 74363 0.000379
74363 CX02 74718 0.912731
74363 CX02 74717 0.012467
74363 CX02 74716 0.012467
74363 CX02 74715 0.012467
74363 CX02 74722 0.012467
74363 CX02 74721 0.012467
74363 CX02 74720 0.012467
74363 CX02 74719 0.012467
74363 CX12 74718 0.921620
74363 CX12 74717 0.011197
74363 CX12 74716 0.011197
74363 CX12 74715 0.011197
74363 CX12 74721 0.011197
74363 CX12 74722 0.011197
74363 CX12 74719 0.011197
74363 CX12 74720 0.011197
74363 P2 74241 0.993333
74363 P2 74363 0.146667
74363 X0 74402 0.998863
74363 X0 74363 0.000379
74363 X0 74285 0.000379
74363 X0 74324 0.000379
74402 CX02 74721 0.912731
74402 CX02 74722 0.012467
74402 CX02 74719 0.012467
74402 CX02 74720 0.012467
74402 CX02 74717 0.012467
74402 CX02 74718 0.012467
74402 CX02 74715 0.012467
74402 CX02 74716 0.012467
74402 CX12 74722 0.921620
74402 CX12 74721 0.011197
74402 CX12 74720 0.011197
74402 CX12 74719 0.011197
74402 CX12 74717 0.011197
74402 CX12 74718 0.011197
74402 CX12 74715 0.011197
74402 CX12 74716 0.011197
74402 P2 74242 0.993333
74402 P2 74402 0.146667
74402 X0 74363 0.998863
74402 X0 74402 0.000379
74402 X0 74324 0.000379
74402 X0 74285 0.000379
74423 CX02 74260 0.912731
74423 CX02 74259 0.012467
74423 CX02 74262 0.012467
74423 CX02 74261 0.012467
74423 CX02 74264 0.012467
74423 CX02 74263 0.012467
74423 CX02 74266 0.012467
74423 CX02 74265 0.012467
74423 CX12 74260 0.921620
74423 CX12 74259 0.011197
74423 CX12 74262 0.011197
74423 CX12 74261 0.011197
74423 CX12 74263 0.011197
74423 CX12 74264 0.011197
74423 CX12 74265 0.011197
74423 CX12 74266 0.011197
74423 P2 74893 0.853333
74423 P2 74423 0.006667
74423 X0 74424 0.998863
74423 X0 74423 0.000379
74423 X0 74426 0.000379
74423 X0 74425 0.000379
74424 CX02 74263 0.912731
74424 CX02 74264 0.012467
74424 CX02 74265 0.012467
74424 CX02 74266 0.012467
74424 CX02 74259 0.012467
74424 CX02 74260 0.012467
74424 CX02 74261 0.012467
74424 CX02 74262 0.012467
74424 CX12 74264 0.921620
74424 CX12 74263 0.011197
74424 CX12 74266 0.011197
74424 CX12 74265 0.011197
74424 CX12 74259 0.011197
74424 CX12 74260 0.011197
74424 CX12 74261 0.011197
74424 CX12 74262 0.011197
74424 P2 74932 0.853333
74424 P2 74424 0.006667
74424 X0 74423 0.998863
74424 X0 74424 0.000379
74424 X0 74425 0.000379
74424 X0 74426 0.000379
74425 CX02 74266 0.912731
74425 CX02 74265 0.012467
74425 CX02 74264 0.012467
74425 CX02 74263 0.012467
74425 CX02 74262 0.012467
74425 CX02 74261 0.012467
74425 CX02 74260 0.012467
74425 CX02 74259 0.012467
74425 CX12 74265 0.921620
74425 CX12 74266 0.011197
74425 CX12 74263 0.011197
74425 CX12 74264 0.011197
74425 CX12 74262 0.011197
74425 CX12 74261 0.011197
74425 CX12 74260 0.011197
74425 CX12 74259 0.011197
74425 P2 74971 0.853333
74425 P2 74425 0.006667
74425 X0 74426 0.998863
74425 X0 74425 0.000379
74425 X0 74424 0.000379
74425 X0 74423 0.000379
74426 CX02 74261 0.912731
74426 CX02 74262 0.012467
74426 CX02 74259 0.012467
74426 CX02 74260 0.012467
74426 CX02 74265 0.012467
74426 CX02 74266 0.012467
74426 CX02 74263 0.012467
74426 CX02 74264 0.012467
74426 CX12 74261 0.921620
74426 CX12 74262 0.011197
74426 CX12 74259 0.011197
74426 CX12 74260 0.011197
74426 CX12 74266 0.011197
74426 CX12 74265 0.011197
74426 CX12 74264 0.011197
74426 CX12 74263 0.011197
74426 P2 75010 0.853333
74426 P2 74426 0.006667
74426 X0 74425 0.998863
74426 X0 74426 0.000379
74426 X0 74423 0.000379
74426 X0 74424 0.000379
74715 CX02 74285 0.912731
74715 CX02 74893 0.012467
74715 CX02 74324 0.012467
74715 CX02 74932 0.012467
74715 CX02 74402 0.012467
74715 CX02 74971 0.012467
74715 CX02 74363 0.012467
74715 CX02 75010 0.012467
74715 CX12 74285 0.921620
74715 CX12 74893 0.011197
74715 CX12 74324 0.011197
74715 CX12 74932 0.011197
74715 CX12 74402 0.011197
74715 CX12 74971 0.011197
74715 CX12 74363 0.011197
74715 CX12 75010 0.011197
74715 X0 74719 0.998863
74715 X0 74715 0.000379
74715 X0 74718 0.000379
74715 X0 74722 0.000379
74716 CX02 74893 0.912731
74716 CX02 74285 0.012467
74716 CX02 74932 0.012467
74716 CX02 74324 0.012467
74716 CX02 74971 0.012467
74716 CX02 74402 0.012467
74716 CX02 75010 0.012467
74716 CX02 74363 0.012467
74716 CX12 74893 0.921620
74716 CX12 74285 0.011197
74716 CX12 74932 0.011197
74716 CX12 74324 0.011197
74716 CX12 74971 0.011197
74716 CX12 74402 0.011197
74716 CX12 75010 0.011197
74716 CX12 74363 0.011197
74716 X0 74720 0.998863
74716 X0 74716 0.000379
74716 X0 74717 0.000379
74716 X0 74721 0.000379
74717 CX02 75010 0.912731
74717 CX02 74363 0.012467
74717 CX02 74971 0.012467
74717 CX02 74402 0.012467
74717 CX02 74932 0.012467
74717 CX02 74324 0.012467
74717 CX02 74893 0.012467
74717 CX02 74285 0.012467
74717 CX12 75010 0.921620
74717 CX12 74363 0.011197
74717 CX12 74971 0.011197
74717 CX12 74402 0.011197
74717 CX12 74932 0.011197
74717 CX12 74324 0.011197
74717 CX12 74893 0.011197
74717 CX12 74285 0.011197
74717 X0 74721 0.998863
74717 X0 74717 0.000379
74717 X0 74716 0.000379
74717 X0 74720 0.000379
74718 CX02 74363 0.912731
74718 CX02 75010 0.012467
74718 CX02 74402 0.012467
74718 CX02 74971 0.012467
74718 CX02 74324 0.012467
74718 CX02 74932 0.012467
74718 CX02 74285 0.012467
74718 CX02 74893 0.012467
74718 CX12 74363 0.921620
74718 CX12 75010 0.011197
74718 CX12 74402 0.011197
74718 CX12 74971 0.011197
74718 CX12 74324 0.011197
74718 CX12 74932 0.011197
74718 CX12 74285 0.011197
74718 CX12 74893 0.011197
74718 X0 74722 0.998863
74718 X0 74718 0.000379
74718 X0 74715 0.000379
74718 X0 74719 0.000379
74719 CX02 74932 0.912731
74719 CX02 74324 0.012467
74719 CX02 74893 0.012467
74719 CX02 74285 0.012467
74719 CX02 75010 0.012467
74719 CX02 74363 0.012467
74719 CX02 74971 0.012467
74719 CX02 74402 0.012467
74719 CX12 74324 0.921620
74719 CX12 74932 0.011197
74719 CX12 74285 0.011197
74719 CX12 74893 0.011197
74719 CX12 74363 0.011197
74719 CX12 75010 0.011197
74719 CX12 74402 0.011197
74719 CX12 74971 0.011197
74719 X0 74715 0.998863
74719 X0 74719 0.000379
74719 X0 74722 0.000379
74719 X0 74718 0.000379
74720 CX02 74324 0.912731
74720 CX02 74932 0.012467
74720 CX02 74285 0.012467
74720 CX02 74893 0.012467
74720 CX02 74363 0.012467
74720 CX02 75010 0.012467
74720 CX02 74402 0.012467
74720 CX02 74971 0.012467
74720 CX12 74932 0.921620
74720 CX12 74324 0.011197
74720 CX12 74893 0.011197
74720 CX12 74285 0.011197
74720 CX12 75010 0.011197
74720 CX12 74363 0.011197
74720 CX12 74971 0.011197
74720 CX12 74402 0.011197
74720 X0 74716 0.998863
74720 X0 74720 0.000379
74720 X0 74721 0.000379
74720 X0 74717 0.000379
74721 CX02 74402 0.912731
74721 CX02 74971 0.012467
74721 CX02 74363 0.012467
74721 CX02 75010 0.012467
74721 CX02 74285 0.012467
74721 CX02 74893 0.012467
74721 CX02 74324 0.012467
74721 CX02 74932 0.012467
74721 CX12 74971 0.921620
74721 CX12 74402 0.011197
74721 CX12 75010 0.011197
74721 CX12 74363 0.011197
74721 CX12 74893 0.011197
74721 CX12 74285 0.011197
74721 CX12 74932 0.011197
74721 CX12 74324 0.011197
74721 X0 74717 0.998863
74721 X0 74721 0.000379
74721 X0 74720 0.000379
74721 X0 74716 0.000379
74722 CX02 74971 0.912731
74722 CX02 74402 0.012467
74722 CX02 75010 0.012467
74722 CX02 74363 0.012467
74722 CX02 74893 0.012467
74722 CX02 74285 0.012467
74722 CX02 74932 0.012467
74722 CX02 74324 0.012467
74722 CX12 74402 0.921620
74722 CX12 74971 0.011197
74722 CX12 74363 0.011197
74722 CX12 75010 0.011197
74722 CX12 74285 0.011197
74722 CX12 74893 0.011197
74722 CX12 74324 0.011197
74722 CX12 74932 0.011197
74722 X0 74718 0.998863
74722 X0 74722 0.000379
74722 X0 74719 0.000379
74722 X0 74715 0.000379
74893 CX02 74716 0.912731
74893 CX02 74715 0.012467
74893 CX02 74718 0.012467
74893 CX02 74717 0.012467
74893 CX02 74720 0.012467
74893 CX02 74719 0.012467
74893 CX02 74722 0.012467
74893 CX02 74721 0.012467
74893 CX12 74716 0.921620
74893 CX12 74715 0.011197
74893 CX12 74718 0.011197
74893 CX12 74717 0.011197
74893 CX12 74719 0.011197
74893 CX12 74720 0.011197
74893 CX12 74721 0.011197
74893 CX12 74722 0.011197
74893 P2 74893 0.853333
74893 P2 74423 0.006667
74893 X0 74932 0.998863
74893 X0 74893 0.000379
74893 X0 75010 0.000379
74893 X0 74971 0.000379
74932 CX02 74719 0.912731
74932 CX02 74720 0.012467
74932 CX02 74721 0.012467
74932 CX02 74722 0.012467
74932 CX02 74715 0.012467
74932 CX02 74716 0.012467
74932 CX02 74717 0.012467
74932 CX02 74718 0.012467
74932 CX12 74720 0.921620
74932 CX12 74719 0.011197
74932 CX12 74722 0.011197
74932 CX12 74721 0.011197
74932 CX12 74715 0.011197
74932 CX12 74716 0.011197
74932 CX12 74717 0.011197
74932 CX12 74718 0.011197
74932 P2 74932 0.853333
74932 P2 74424 0.006667
74932 X0 74893 0.998863
74932 X0 74932 0.000379
74932 X0 74971 0.000379
74932 X0 75010 0.000379
74971 CX02 74722 0.912731
74971 CX02 74721 0.012467
74971 CX02 74720 0.012467
74971 CX02 74719 0.012467
74971 CX02 74718 0.012467
74971 CX02 74717 0.012467
74971 CX02 74716 0.012467
74971 CX02 74715 0.012467
74971 CX12 74721 0.921620
74971 CX12 74722 0.011197
74971 CX12 74719 0.011197
74971 CX12 74720 0.011197
74971 CX12 74718 0.011197
74971 CX12 74717 0.011197
74971 CX12 74716 0.011197
74971 CX12 74715 0.011197
74971 P2 74971 0.853333
74971 P2 74425 0.006667
74971 X0 75010 0.998863
74971 X0 74971 0.000379
74971 X0 74932 0.000379
74971 X0 74893 0.000379
75010 CX02 74717 0.912731
75010 CX02 74718 0.012467
75010 CX02 74715 0.012467
75010 CX02 74716 0.012467
75010 CX02 74721 0.012467
75010 CX02 74722 0.012467
75010 CX02 74719 0.012467
75010 CX02 74720 0.012467
75010 CX12 74717 0.921620
75010 CX12 74718 0.011197
75010 CX12 74715 0.011197
75010 CX12 74716 0.011197
75010 CX12 74722 0.011197
75010 CX12 74721 0.011197
75010 CX12 74720 0.011197
75010 CX12 74719 0.011197
75010 P2 75010 0.853333
75010 P2 74426 0.006667
75010 X0 74971 0.998863
75010 X0 75010 0.000379
75010 X0 74893 0.000379
75010 X0 74932 0.000379
ENDPOMDP
