BEGINPOMDP
INITIALSTATE: 15822
STATES: 15822,15823,15824,15825,15826,15843,15844,15845,15846,15847,15848,15849,15850,15869,15908,15947,15986,16007,16008,16009,16010,16299,16300,16301,16302,16303,16304,16305,16306,16477,16516,16555,16594
TARGETV: 15823,15825,15869,15947,16007,16010,16477,16594
GAMMA: 15822:0,15823:0,15824:0,15825:0,15826:0,15843:0,15844:0,15845:0,15846:0,15847:0,15848:0,15849:0,15850:0,15869:1,15908:1,15947:1,15986:1,16007:0,16008:0,16009:0,16010:0,16299:1,16300:1,16301:1,16302:1,16303:1,16304:1,16305:1,16306:1,16477:1,16516:1,16555:1,16594:1
BEGINACTIONS
CX02 Instruction.CNOT 0 2 -
CX12 Instruction.CNOT 1 2 -
P2 Instruction.MEAS - 2 -
X0 Instruction.X - 0 -
ENDACTIONS
15822 INIT_ 15823 0.250000
15822 INIT_ 15824 0.250000
15822 INIT_ 15825 0.250000
15822 INIT_ 15826 0.250000
15823 CX02 15843 0.993600
15823 CX02 15844 0.000914
15823 CX02 15845 0.000914
15823 CX02 15846 0.000914
15823 CX02 15847 0.000914
15823 CX02 15848 0.000914
15823 CX02 15849 0.000914
15823 CX02 15850 0.000914
15823 CX12 15843 0.993505
15823 CX12 15844 0.000928
15823 CX12 15845 0.000928
15823 CX12 15846 0.000928
15823 CX12 15848 0.000928
15823 CX12 15847 0.000928
15823 CX12 15850 0.000928
15823 CX12 15849 0.000928
15823 P2 15823 0.991800
15823 P2 15869 0.009600
15823 X0 15824 0.999762
15823 X0 15823 0.000079
15823 X0 15825 0.000079
15823 X0 15826 0.000079
15824 CX02 15848 0.993600
15824 CX02 15847 0.000914
15824 CX02 15850 0.000914
15824 CX02 15849 0.000914
15824 CX02 15844 0.000914
15824 CX02 15843 0.000914
15824 CX02 15846 0.000914
15824 CX02 15845 0.000914
15824 CX12 15847 0.993505
15824 CX12 15848 0.000928
15824 CX12 15849 0.000928
15824 CX12 15850 0.000928
15824 CX12 15844 0.000928
15824 CX12 15843 0.000928
15824 CX12 15846 0.000928
15824 CX12 15845 0.000928
15824 P2 15824 0.991800
15824 P2 15908 0.009600
15824 X0 15823 0.999762
15824 X0 15824 0.000079
15824 X0 15826 0.000079
15824 X0 15825 0.000079
15825 CX02 15846 0.993600
15825 CX02 15845 0.000914
15825 CX02 15844 0.000914
15825 CX02 15843 0.000914
15825 CX02 15850 0.000914
15825 CX02 15849 0.000914
15825 CX02 15848 0.000914
15825 CX02 15847 0.000914
15825 CX12 15846 0.993505
15825 CX12 15845 0.000928
15825 CX12 15844 0.000928
15825 CX12 15843 0.000928
15825 CX12 15849 0.000928
15825 CX12 15850 0.000928
15825 CX12 15847 0.000928
15825 CX12 15848 0.000928
15825 P2 15825 0.991800
15825 P2 15947 0.009600
15825 X0 15826 0.999762
15825 X0 15825 0.000079
15825 X0 15823 0.000079
15825 X0 15824 0.000079
15826 CX02 15849 0.993600
15826 CX02 15850 0.000914
15826 CX02 15847 0.000914
15826 CX02 15848 0.000914
15826 CX02 15845 0.000914
15826 CX02 15846 0.000914
15826 CX02 15843 0.000914
15826 CX02 15844 0.000914
15826 CX12 15850 0.993505
15826 CX12 15849 0.000928
15826 CX12 15848 0.000928
15826 CX12 15847 0.000928
15826 CX12 15845 0.000928
15826 CX12 15846 0.000928
15826 CX12 15843 0.000928
15826 CX12 15844 0.000928
15826 P2 15826 0.991800
15826 P2 15986 0.009600
15826 X0 15825 0.999762
15826 X0 15826 0.000079
15826 X0 15824 0.000079
15826 X0 15823 0.000079
15843 CX02 15823 0.993600
15843 CX02 16007 0.000914
15843 CX02 15824 0.000914
15843 CX02 16008 0.000914
15843 CX02 15826 0.000914
15843 CX02 16009 0.000914
15843 CX02 15825 0.000914
15843 CX02 16010 0.000914
15843 CX12 15823 0.993505
15843 CX12 16007 0.000928
15843 CX12 15824 0.000928
15843 CX12 16008 0.000928
15843 CX12 15826 0.000928
15843 CX12 16009 0.000928
15843 CX12 15825 0.000928
15843 CX12 16010 0.000928
15843 X0 15847 0.999762
15843 X0 15843 0.000079
15843 X0 15846 0.000079
15843 X0 15850 0.000079
15844 CX02 16007 0.993600
15844 CX02 15823 0.000914
15844 CX02 16008 0.000914
15844 CX02 15824 0.000914
15844 CX02 16009 0.000914
15844 CX02 15826 0.000914
15844 CX02 16010 0.000914
15844 CX02 15825 0.000914
15844 CX12 16007 0.993505
15844 CX12 15823 0.000928
15844 CX12 16008 0.000928
15844 CX12 15824 0.000928
15844 CX12 16009 0.000928
15844 CX12 15826 0.000928
15844 CX12 16010 0.000928
15844 CX12 15825 0.000928
15844 X0 15848 0.999762
15844 X0 15844 0.000079
15844 X0 15845 0.000079
15844 X0 15849 0.000079
15845 CX02 16010 0.993600
15845 CX02 15825 0.000914
15845 CX02 16009 0.000914
15845 CX02 15826 0.000914
15845 CX02 16008 0.000914
15845 CX02 15824 0.000914
15845 CX02 16007 0.000914
15845 CX02 15823 0.000914
15845 CX12 16010 0.993505
15845 CX12 15825 0.000928
15845 CX12 16009 0.000928
15845 CX12 15826 0.000928
15845 CX12 16008 0.000928
15845 CX12 15824 0.000928
15845 CX12 16007 0.000928
15845 CX12 15823 0.000928
15845 X0 15849 0.999762
15845 X0 15845 0.000079
15845 X0 15844 0.000079
15845 X0 15848 0.000079
15846 CX02 15825 0.993600
15846 CX02 16010 0.000914
15846 CX02 15826 0.000914
15846 CX02 16009 0.000914
15846 CX02 15824 0.000914
15846 CX02 16008 0.000914
15846 CX02 15823 0.000914
15846 CX02 16007 0.000914
15846 CX12 15825 0.993505
15846 CX12 16010 0.000928
15846 CX12 15826 0.000928
15846 CX12 16009 0.000928
15846 CX12 15824 0.000928
15846 CX12 16008 0.000928
15846 CX12 15823 0.000928
15846 CX12 16007 0.000928
15846 X0 15850 0.999762
15846 X0 15846 0.000079
15846 X0 15843 0.000079
15846 X0 15847 0.000079
15847 CX02 16008 0.993600
15847 CX02 15824 0.000914
15847 CX02 16007 0.000914
15847 CX02 15823 0.000914
15847 CX02 16010 0.000914
15847 CX02 15825 0.000914
15847 CX02 16009 0.000914
15847 CX02 15826 0.000914
15847 CX12 15824 0.993505
15847 CX12 16008 0.000928
15847 CX12 15823 0.000928
15847 CX12 16007 0.000928
15847 CX12 15825 0.000928
15847 CX12 16010 0.000928
15847 CX12 15826 0.000928
15847 CX12 16009 0.000928
15847 X0 15843 0.999762
15847 X0 15847 0.000079
15847 X0 15850 0.000079
15847 X0 15846 0.000079
15848 CX02 15824 0.993600
15848 CX02 16008 0.000914
15848 CX02 15823 0.000914
15848 CX02 16007 0.000914
15848 CX02 15825 0.000914
15848 CX02 16010 0.000914
15848 CX02 15826 0.000914
15848 CX02 16009 0.000914
15848 CX12 16008 0.993505
15848 CX12 15824 0.000928
15848 CX12 16007 0.000928
15848 CX12 15823 0.000928
15848 CX12 16010 0.000928
15848 CX12 15825 0.000928
15848 CX12 16009 0.000928
15848 CX12 15826 0.000928
15848 X0 15844 0.999762
15848 X0 15848 0.000079
15848 X0 15849 0.000079
15848 X0 15845 0.000079
15849 CX02 15826 0.993600
15849 CX02 16009 0.000914
15849 CX02 15825 0.000914
15849 CX02 16010 0.000914
15849 CX02 15823 0.000914
15849 CX02 16007 0.000914
15849 CX02 15824 0.000914
15849 CX02 16008 0.000914
15849 CX12 16009 0.993505
15849 CX12 15826 0.000928
15849 CX12 16010 0.000928
15849 CX12 15825 0.000928
15849 CX12 16007 0.000928
15849 CX12 15823 0.000928
15849 CX12 16008 0.000928
15849 CX12 15824 0.000928
15849 X0 15845 0.999762
15849 X0 15849 0.000079
15849 X0 15848 0.000079
15849 X0 15844 0.000079
15850 CX02 16009 0.993600
15850 CX02 15826 0.000914
15850 CX02 16010 0.000914
15850 CX02 15825 0.000914
15850 CX02 16007 0.000914
15850 CX02 15823 0.000914
15850 CX02 16008 0.000914
15850 CX02 15824 0.000914
15850 CX12 15826 0.993505
15850 CX12 16009 0.000928
15850 CX12 15825 0.000928
15850 CX12 16010 0.000928
15850 CX12 15823 0.000928
15850 CX12 16007 0.000928
15850 CX12 15824 0.000928
15850 CX12 16008 0.000928
15850 X0 15846 0.999762
15850 X0 15850 0.000079
15850 X0 15847 0.000079
15850 X0 15843 0.000079
15869 CX02 16299 0.993600
15869 CX02 16300 0.000914
15869 CX02 16301 0.000914
15869 CX02 16302 0.000914
15869 CX02 16303 0.000914
15869 CX02 16304 0.000914
15869 CX02 16305 0.000914
15869 CX02 16306 0.000914
15869 CX12 16299 0.993505
15869 CX12 16300 0.000928
15869 CX12 16301 0.000928
15869 CX12 16302 0.000928
15869 CX12 16304 0.000928
15869 CX12 16303 0.000928
15869 CX12 16306 0.000928
15869 CX12 16305 0.000928
15869 P2 15823 0.991800
15869 P2 15869 0.009600
15869 X0 15908 0.999762
15869 X0 15869 0.000079
15869 X0 15947 0.000079
15869 X0 15986 0.000079
15908 CX02 16304 0.993600
15908 CX02 16303 0.000914
15908 CX02 16306 0.000914
15908 CX02 16305 0.000914
15908 CX02 16300 0.000914
15908 CX02 16299 0.000914
15908 CX02 16302 0.000914
15908 CX02 16301 0.000914
15908 CX12 16303 0.993505
15908 CX12 16304 0.000928
15908 CX12 16305 0.000928
15908 CX12 16306 0.000928
15908 CX12 16300 0.000928
15908 CX12 16299 0.000928
15908 CX12 16302 0.000928
15908 CX12 16301 0.000928
15908 P2 15824 0.991800
15908 P2 15908 0.009600
15908 X0 15869 0.999762
15908 X0 15908 0.000079
15908 X0 15986 0.000079
15908 X0 15947 0.000079
15947 CX02 16302 0.993600
15947 CX02 16301 0.000914
15947 CX02 16300 0.000914
15947 CX02 16299 0.000914
15947 CX02 16306 0.000914
15947 CX02 16305 0.000914
15947 CX02 16304 0.000914
15947 CX02 16303 0.000914
15947 CX12 16302 0.993505
15947 CX12 16301 0.000928
15947 CX12 16300 0.000928
15947 CX12 16299 0.000928
15947 CX12 16305 0.000928
15947 CX12 16306 0.000928
15947 CX12 16303 0.000928
15947 CX12 16304 0.000928
15947 P2 15825 0.991800
15947 P2 15947 0.009600
15947 X0 15986 0.999762
15947 X0 15947 0.000079
15947 X0 15869 0.000079
15947 X0 15908 0.000079
15986 CX02 16305 0.993600
15986 CX02 16306 0.000914
15986 CX02 16303 0.000914
15986 CX02 16304 0.000914
15986 CX02 16301 0.000914
15986 CX02 16302 0.000914
15986 CX02 16299 0.000914
15986 CX02 16300 0.000914
15986 CX12 16306 0.993505
15986 CX12 16305 0.000928
15986 CX12 16304 0.000928
15986 CX12 16303 0.000928
15986 CX12 16301 0.000928
15986 CX12 16302 0.000928
15986 CX12 16299 0.000928
15986 CX12 16300 0.000928
15986 P2 15826 0.991800
15986 P2 15986 0.009600
15986 X0 15947 0.999762
15986 X0 15986 0.000079
15986 X0 15908 0.000079
15986 X0 15869 0.000079
16007 CX02 15844 0.993600
16007 CX02 15843 0.000914
16007 CX02 15846 0.000914
16007 CX02 15845 0.000914
16007 CX02 15848 0.000914
16007 CX02 15847 0.000914
16007 CX02 15850 0.000914
16007 CX02 15849 0.000914
16007 CX12 15844 0.993505
16007 CX12 15843 0.000928
16007 CX12 15846 0.000928
16007 CX12 15845 0.000928
16007 CX12 15847 0.000928
16007 CX12 15848 0.000928
16007 CX12 15849 0.000928
16007 CX12 15850 0.000928
16007 P2 16477 0.990400
16007 P2 16007 0.008200
16007 X0 16008 0.999762
16007 X0 16007 0.000079
16007 X0 16010 0.000079
16007 X0 16009 0.000079
16008 CX02 15847 0.993600
16008 CX02 15848 0.000914
16008 CX02 15849 0.000914
16008 CX02 15850 0.000914
16008 CX02 15843 0.000914
16008 CX02 15844 0.000914
16008 CX02 15845 0.000914
16008 CX02 15846 0.000914
16008 CX12 15848 0.993505
16008 CX12 15847 0.000928
16008 CX12 15850 0.000928
16008 CX12 15849 0.000928
16008 CX12 15843 0.000928
16008 CX12 15844 0.000928
16008 CX12 15845 0.000928
16008 CX12 15846 0.000928
16008 P2 16516 0.990400
16008 P2 16008 0.008200
16008 X0 16007 0.999762
16008 X0 16008 0.000079
16008 X0 16009 0.000079
16008 X0 16010 0.000079
16009 CX02 15850 0.993600
16009 CX02 15849 0.000914
16009 CX02 15848 0.000914
16009 CX02 15847 0.000914
16009 CX02 15846 0.000914
16009 CX02 15845 0.000914
16009 CX02 15844 0.000914
16009 CX02 15843 0.000914
16009 CX12 15849 0.993505
16009 CX12 15850 0.000928
16009 CX12 15847 0.000928
16009 CX12 15848 0.000928
16009 CX12 15846 0.000928
16009 CX12 15845 0.000928
16009 CX12 15844 0.000928
16009 CX12 15843 0.000928
16009 P2 16555 0.990400
16009 P2 16009 0.008200
16009 X0 16010 0.999762
16009 X0 16009 0.000079
16009 X0 16008 0.000079
16009 X0 16007 0.000079
16010 CX02 15845 0.993600
16010 CX02 15846 0.000914
16010 CX02 15843 0.000914
16010 CX02 15844 0.000914
16010 CX02 15849 0.000914
16010 CX02 15850 0.000914
16010 CX02 15847 0.000914
16010 CX02 15848 0.000914
16010 CX12 15845 0.993505
16010 CX12 15846 0.000928
16010 CX12 15843 0.000928
16010 CX12 15844 0.000928
16010 CX12 15850 0.000928
16010 CX12 15849 0.000928
16010 CX12 15848 0.000928
16010 CX12 15847 0.000928
16010 P2 16594 0.990400
16010 P2 16010 0.008200
16010 X0 16009 0.999762
16010 X0 16010 0.000079
16010 X0 16007 0.000079
16010 X0 16008 0.000079
16299 CX02 15869 0.993600
16299 CX02 16477 0.000914
16299 CX02 15908 0.000914
16299 CX02 16516 0.000914
16299 CX02 15986 0.000914
16299 CX02 16555 0.000914
16299 CX02 15947 0.000914
16299 CX02 16594 0.000914
16299 CX12 15869 0.993505
16299 CX12 16477 0.000928
16299 CX12 15908 0.000928
16299 CX12 16516 0.000928
16299 CX12 15986 0.000928
16299 CX12 16555 0.000928
16299 CX12 15947 0.000928
16299 CX12 16594 0.000928
16299 X0 16303 0.999762
16299 X0 16299 0.000079
16299 X0 16302 0.000079
16299 X0 16306 0.000079
16300 CX02 16477 0.993600
16300 CX02 15869 0.000914
16300 CX02 16516 0.000914
16300 CX02 15908 0.000914
16300 CX02 16555 0.000914
16300 CX02 15986 0.000914
16300 CX02 16594 0.000914
16300 CX02 15947 0.000914
16300 CX12 16477 0.993505
16300 CX12 15869 0.000928
16300 CX12 16516 0.000928
16300 CX12 15908 0.000928
16300 CX12 16555 0.000928
16300 CX12 15986 0.000928
16300 CX12 16594 0.000928
16300 CX12 15947 0.000928
16300 X0 16304 0.999762
16300 X0 16300 0.000079
16300 X0 16301 0.000079
16300 X0 16305 0.000079
16301 CX02 16594 0.993600
16301 CX02 15947 0.000914
16301 CX02 16555 0.000914
16301 CX02 15986 0.000914
16301 CX02 16516 0.000914
16301 CX02 15908 0.000914
16301 CX02 16477 0.000914
16301 CX02 15869 0.000914
16301 CX12 16594 0.993505
16301 CX12 15947 0.000928
16301 CX12 16555 0.000928
16301 CX12 15986 0.000928
16301 CX12 16516 0.000928
16301 CX12 15908 0.000928
16301 CX12 16477 0.000928
16301 CX12 15869 0.000928
16301 X0 16305 0.999762
16301 X0 16301 0.000079
16301 X0 16300 0.000079
16301 X0 16304 0.000079
16302 CX02 15947 0.993600
16302 CX02 16594 0.000914
16302 CX02 15986 0.000914
16302 CX02 16555 0.000914
16302 CX02 15908 0.000914
16302 CX02 16516 0.000914
16302 CX02 15869 0.000914
16302 CX02 16477 0.000914
16302 CX12 15947 0.993505
16302 CX12 16594 0.000928
16302 CX12 15986 0.000928
16302 CX12 16555 0.000928
16302 CX12 15908 0.000928
16302 CX12 16516 0.000928
16302 CX12 15869 0.000928
16302 CX12 16477 0.000928
16302 X0 16306 0.999762
16302 X0 16302 0.000079
16302 X0 16299 0.000079
16302 X0 16303 0.000079
16303 CX02 16516 0.993600
16303 CX02 15908 0.000914
16303 CX02 16477 0.000914
16303 CX02 15869 0.000914
16303 CX02 16594 0.000914
16303 CX02 15947 0.000914
16303 CX02 16555 0.000914
16303 CX02 15986 0.000914
16303 CX12 15908 0.993505
16303 CX12 16516 0.000928
16303 CX12 15869 0.000928
16303 CX12 16477 0.000928
16303 CX12 15947 0.000928
16303 CX12 16594 0.000928
16303 CX12 15986 0.000928
16303 CX12 16555 0.000928
16303 X0 16299 0.999762
16303 X0 16303 0.000079
16303 X0 16306 0.000079
16303 X0 16302 0.000079
16304 CX02 15908 0.993600
16304 CX02 16516 0.000914
16304 CX02 15869 0.000914
16304 CX02 16477 0.000914
16304 CX02 15947 0.000914
16304 CX02 16594 0.000914
16304 CX02 15986 0.000914
16304 CX02 16555 0.000914
16304 CX12 16516 0.993505
16304 CX12 15908 0.000928
16304 CX12 16477 0.000928
16304 CX12 15869 0.000928
16304 CX12 16594 0.000928
16304 CX12 15947 0.000928
16304 CX12 16555 0.000928
16304 CX12 15986 0.000928
16304 X0 16300 0.999762
16304 X0 16304 0.000079
16304 X0 16305 0.000079
16304 X0 16301 0.000079
16305 CX02 15986 0.993600
16305 CX02 16555 0.000914
16305 CX02 15947 0.000914
16305 CX02 16594 0.000914
16305 CX02 15869 0.000914
16305 CX02 16477 0.000914
16305 CX02 15908 0.000914
16305 CX02 16516 0.000914
16305 CX12 16555 0.993505
16305 CX12 15986 0.000928
16305 CX12 16594 0.000928
16305 CX12 15947 0.000928
16305 CX12 16477 0.000928
16305 CX12 15869 0.000928
16305 CX12 16516 0.000928
16305 CX12 15908 0.000928
16305 X0 16301 0.999762
16305 X0 16305 0.000079
16305 X0 16304 0.000079
16305 X0 16300 0.000079
16306 CX02 16555 0.993600
16306 CX02 15986 0.000914
16306 CX02 16594 0.000914
16306 CX02 15947 0.000914
16306 CX02 16477 0.000914
16306 CX02 15869 0.000914
16306 CX02 16516 0.000914
16306 CX02 15908 0.000914
16306 CX12 15986 0.993505
16306 CX12 16555 0.000928
16306 CX12 15947 0.000928
16306 CX12 16594 0.000928
16306 CX12 15869 0.000928
16306 CX12 16477 0.000928
16306 CX12 15908 0.000928
16306 CX12 16516 0.000928
16306 X0 16302 0.999762
16306 X0 16306 0.000079
16306 X0 16303 0.000079
16306 X0 16299 0.000079
16477 CX02 16300 0.993600
16477 CX02 16299 0.000914
16477 CX02 16302 0.000914
16477 CX02 16301 0.000914
16477 CX02 16304 0.000914
16477 CX02 16303 0.000914
16477 CX02 16306 0.000914
16477 CX02 16305 0.000914
16477 CX12 16300 0.993505
16477 CX12 16299 0.000928
16477 CX12 16302 0.000928
16477 CX12 16301 0.000928
16477 CX12 16303 0.000928
16477 CX12 16304 0.000928
16477 CX12 16305 0.000928
16477 CX12 16306 0.000928
16477 P2 16477 0.990400
16477 P2 16007 0.008200
16477 X0 16516 0.999762
16477 X0 16477 0.000079
16477 X0 16594 0.000079
16477 X0 16555 0.000079
16516 CX02 16303 0.993600
16516 CX02 16304 0.000914
16516 CX02 16305 0.000914
16516 CX02 16306 0.000914
16516 CX02 16299 0.000914
16516 CX02 16300 0.000914
16516 CX02 16301 0.000914
16516 CX02 16302 0.000914
16516 CX12 16304 0.993505
16516 CX12 16303 0.000928
16516 CX12 16306 0.000928
16516 CX12 16305 0.000928
16516 CX12 16299 0.000928
16516 CX12 16300 0.000928
16516 CX12 16301 0.000928
16516 CX12 16302 0.000928
16516 P2 16516 0.990400
16516 P2 16008 0.008200
16516 X0 16477 0.999762
16516 X0 16516 0.000079
16516 X0 16555 0.000079
16516 X0 16594 0.000079
16555 CX02 16306 0.993600
16555 CX02 16305 0.000914
16555 CX02 16304 0.000914
16555 CX02 16303 0.000914
16555 CX02 16302 0.000914
16555 CX02 16301 0.000914
16555 CX02 16300 0.000914
16555 CX02 16299 0.000914
16555 CX12 16305 0.993505
16555 CX12 16306 0.000928
16555 CX12 16303 0.000928
16555 CX12 16304 0.000928
16555 CX12 16302 0.000928
16555 CX12 16301 0.000928
16555 CX12 16300 0.000928
16555 CX12 16299 0.000928
16555 P2 16555 0.990400
16555 P2 16009 0.008200
16555 X0 16594 0.999762
16555 X0 16555 0.000079
16555 X0 16516 0.000079
16555 X0 16477 0.000079
16594 CX02 16301 0.993600
16594 CX02 16302 0.000914
16594 CX02 16299 0.000914
16594 CX02 16300 0.000914
16594 CX02 16305 0.000914
16594 CX02 16306 0.000914
16594 CX02 16303 0.000914
16594 CX02 16304 0.000914
16594 CX12 16301 0.993505
16594 CX12 16302 0.000928
16594 CX12 16299 0.000928
16594 CX12 16300 0.000928
16594 CX12 16306 0.000928
16594 CX12 16305 0.000928
16594 CX12 16304 0.000928
16594 CX12 16303 0.000928
16594 P2 16594 0.990400
16594 P2 16010 0.008200
16594 X0 16555 0.999762
16594 X0 16594 0.000079
16594 X0 16477 0.000079
16594 X0 16516 0.000079
ENDPOMDP
