BEGINPOMDP
INITIALSTATE: 216403
STATES: 216403,216404,216405,216406,216407,216424,216425,216426,216427,216428,216429,216430,216431,216450,216489,216528,216567,216588,216589,216590,216591,216880,216881,216882,216883,216884,216885,216886,216887,217058,217097,217136,217175
TARGETV: 216404,216406,216450,216528,216588,216591,217058,217175
GAMMA: 216403:0,216404:0,216405:0,216406:0,216407:0,216424:0,216425:0,216426:0,216427:0,216428:0,216429:0,216430:0,216431:0,216450:1,216489:1,216528:1,216567:1,216588:0,216589:0,216590:0,216591:0,216880:1,216881:1,216882:1,216883:1,216884:1,216885:1,216886:1,216887:1,217058:1,217097:1,217136:1,217175:1
BEGINACTIONS
CX02 Instruction.CNOT 0 2 -
CX12 Instruction.CNOT 1 2 -
P2 Instruction.MEAS - 2 -
X0 Instruction.U3 - 0 3.141592653589793,6.283185307179586,3.141592653589793
ENDACTIONS
216403 INIT_ 216404 0.250000
216403 INIT_ 216405 0.250000
216403 INIT_ 216406 0.250000
216403 INIT_ 216407 0.250000
216404 CX02 216424 0.967447
216404 CX02 216425 0.004650
216404 CX02 216426 0.004650
216404 CX02 216427 0.004650
216404 CX02 216428 0.004650
216404 CX02 216429 0.004650
216404 CX02 216430 0.004650
216404 CX02 216431 0.004650
216404 CX12 216424 0.983717
216404 CX12 216425 0.002326
216404 CX12 216426 0.002326
216404 CX12 216427 0.002326
216404 CX12 216429 0.002326
216404 CX12 216428 0.002326
216404 CX12 216431 0.002326
216404 CX12 216430 0.002326
216404 P2 216404 0.953000
216404 P2 216450 0.046000
216404 X0 216405 0.998651
216404 X0 216404 0.000450
216404 X0 216406 0.000450
216404 X0 216407 0.000450
216405 CX02 216429 0.967447
216405 CX02 216428 0.004650
216405 CX02 216431 0.004650
216405 CX02 216430 0.004650
216405 CX02 216425 0.004650
216405 CX02 216424 0.004650
216405 CX02 216427 0.004650
216405 CX02 216426 0.004650
216405 CX12 216428 0.983717
216405 CX12 216429 0.002326
216405 CX12 216430 0.002326
216405 CX12 216431 0.002326
216405 CX12 216425 0.002326
216405 CX12 216424 0.002326
216405 CX12 216427 0.002326
216405 CX12 216426 0.002326
216405 P2 216405 0.953000
216405 P2 216489 0.046000
216405 X0 216404 0.998651
216405 X0 216405 0.000450
216405 X0 216407 0.000450
216405 X0 216406 0.000450
216406 CX02 216427 0.967447
216406 CX02 216426 0.004650
216406 CX02 216425 0.004650
216406 CX02 216424 0.004650
216406 CX02 216431 0.004650
216406 CX02 216430 0.004650
216406 CX02 216429 0.004650
216406 CX02 216428 0.004650
216406 CX12 216427 0.983717
216406 CX12 216426 0.002326
216406 CX12 216425 0.002326
216406 CX12 216424 0.002326
216406 CX12 216430 0.002326
216406 CX12 216431 0.002326
216406 CX12 216428 0.002326
216406 CX12 216429 0.002326
216406 P2 216406 0.953000
216406 P2 216528 0.046000
216406 X0 216407 0.998651
216406 X0 216406 0.000450
216406 X0 216404 0.000450
216406 X0 216405 0.000450
216407 CX02 216430 0.967447
216407 CX02 216431 0.004650
216407 CX02 216428 0.004650
216407 CX02 216429 0.004650
216407 CX02 216426 0.004650
216407 CX02 216427 0.004650
216407 CX02 216424 0.004650
216407 CX02 216425 0.004650
216407 CX12 216431 0.983717
216407 CX12 216430 0.002326
216407 CX12 216429 0.002326
216407 CX12 216428 0.002326
216407 CX12 216426 0.002326
216407 CX12 216427 0.002326
216407 CX12 216424 0.002326
216407 CX12 216425 0.002326
216407 P2 216407 0.953000
216407 P2 216567 0.046000
216407 X0 216406 0.998651
216407 X0 216407 0.000450
216407 X0 216405 0.000450
216407 X0 216404 0.000450
216424 CX02 216404 0.967447
216424 CX02 216588 0.004650
216424 CX02 216405 0.004650
216424 CX02 216589 0.004650
216424 CX02 216407 0.004650
216424 CX02 216590 0.004650
216424 CX02 216406 0.004650
216424 CX02 216591 0.004650
216424 CX12 216404 0.983717
216424 CX12 216588 0.002326
216424 CX12 216405 0.002326
216424 CX12 216589 0.002326
216424 CX12 216407 0.002326
216424 CX12 216590 0.002326
216424 CX12 216406 0.002326
216424 CX12 216591 0.002326
216424 X0 216428 0.998651
216424 X0 216424 0.000450
216424 X0 216427 0.000450
216424 X0 216431 0.000450
216425 CX02 216588 0.967447
216425 CX02 216404 0.004650
216425 CX02 216589 0.004650
216425 CX02 216405 0.004650
216425 CX02 216590 0.004650
216425 CX02 216407 0.004650
216425 CX02 216591 0.004650
216425 CX02 216406 0.004650
216425 CX12 216588 0.983717
216425 CX12 216404 0.002326
216425 CX12 216589 0.002326
216425 CX12 216405 0.002326
216425 CX12 216590 0.002326
216425 CX12 216407 0.002326
216425 CX12 216591 0.002326
216425 CX12 216406 0.002326
216425 X0 216429 0.998651
216425 X0 216425 0.000450
216425 X0 216426 0.000450
216425 X0 216430 0.000450
216426 CX02 216591 0.967447
216426 CX02 216406 0.004650
216426 CX02 216590 0.004650
216426 CX02 216407 0.004650
216426 CX02 216589 0.004650
216426 CX02 216405 0.004650
216426 CX02 216588 0.004650
216426 CX02 216404 0.004650
216426 CX12 216591 0.983717
216426 CX12 216406 0.002326
216426 CX12 216590 0.002326
216426 CX12 216407 0.002326
216426 CX12 216589 0.002326
216426 CX12 216405 0.002326
216426 CX12 216588 0.002326
216426 CX12 216404 0.002326
216426 X0 216430 0.998651
216426 X0 216426 0.000450
216426 X0 216425 0.000450
216426 X0 216429 0.000450
216427 CX02 216406 0.967447
216427 CX02 216591 0.004650
216427 CX02 216407 0.004650
216427 CX02 216590 0.004650
216427 CX02 216405 0.004650
216427 CX02 216589 0.004650
216427 CX02 216404 0.004650
216427 CX02 216588 0.004650
216427 CX12 216406 0.983717
216427 CX12 216591 0.002326
216427 CX12 216407 0.002326
216427 CX12 216590 0.002326
216427 CX12 216405 0.002326
216427 CX12 216589 0.002326
216427 CX12 216404 0.002326
216427 CX12 216588 0.002326
216427 X0 216431 0.998651
216427 X0 216427 0.000450
216427 X0 216424 0.000450
216427 X0 216428 0.000450
216428 CX02 216589 0.967447
216428 CX02 216405 0.004650
216428 CX02 216588 0.004650
216428 CX02 216404 0.004650
216428 CX02 216591 0.004650
216428 CX02 216406 0.004650
216428 CX02 216590 0.004650
216428 CX02 216407 0.004650
216428 CX12 216405 0.983717
216428 CX12 216589 0.002326
216428 CX12 216404 0.002326
216428 CX12 216588 0.002326
216428 CX12 216406 0.002326
216428 CX12 216591 0.002326
216428 CX12 216407 0.002326
216428 CX12 216590 0.002326
216428 X0 216424 0.998651
216428 X0 216428 0.000450
216428 X0 216431 0.000450
216428 X0 216427 0.000450
216429 CX02 216405 0.967447
216429 CX02 216589 0.004650
216429 CX02 216404 0.004650
216429 CX02 216588 0.004650
216429 CX02 216406 0.004650
216429 CX02 216591 0.004650
216429 CX02 216407 0.004650
216429 CX02 216590 0.004650
216429 CX12 216589 0.983717
216429 CX12 216405 0.002326
216429 CX12 216588 0.002326
216429 CX12 216404 0.002326
216429 CX12 216591 0.002326
216429 CX12 216406 0.002326
216429 CX12 216590 0.002326
216429 CX12 216407 0.002326
216429 X0 216425 0.998651
216429 X0 216429 0.000450
216429 X0 216430 0.000450
216429 X0 216426 0.000450
216430 CX02 216407 0.967447
216430 CX02 216590 0.004650
216430 CX02 216406 0.004650
216430 CX02 216591 0.004650
216430 CX02 216404 0.004650
216430 CX02 216588 0.004650
216430 CX02 216405 0.004650
216430 CX02 216589 0.004650
216430 CX12 216590 0.983717
216430 CX12 216407 0.002326
216430 CX12 216591 0.002326
216430 CX12 216406 0.002326
216430 CX12 216588 0.002326
216430 CX12 216404 0.002326
216430 CX12 216589 0.002326
216430 CX12 216405 0.002326
216430 X0 216426 0.998651
216430 X0 216430 0.000450
216430 X0 216429 0.000450
216430 X0 216425 0.000450
216431 CX02 216590 0.967447
216431 CX02 216407 0.004650
216431 CX02 216591 0.004650
216431 CX02 216406 0.004650
216431 CX02 216588 0.004650
216431 CX02 216404 0.004650
216431 CX02 216589 0.004650
216431 CX02 216405 0.004650
216431 CX12 216407 0.983717
216431 CX12 216590 0.002326
216431 CX12 216406 0.002326
216431 CX12 216591 0.002326
216431 CX12 216404 0.002326
216431 CX12 216588 0.002326
216431 CX12 216405 0.002326
216431 CX12 216589 0.002326
216431 X0 216427 0.998651
216431 X0 216431 0.000450
216431 X0 216428 0.000450
216431 X0 216424 0.000450
216450 CX02 216880 0.967447
216450 CX02 216881 0.004650
216450 CX02 216882 0.004650
216450 CX02 216883 0.004650
216450 CX02 216884 0.004650
216450 CX02 216885 0.004650
216450 CX02 216886 0.004650
216450 CX02 216887 0.004650
216450 CX12 216880 0.983717
216450 CX12 216881 0.002326
216450 CX12 216882 0.002326
216450 CX12 216883 0.002326
216450 CX12 216885 0.002326
216450 CX12 216884 0.002326
216450 CX12 216887 0.002326
216450 CX12 216886 0.002326
216450 P2 216404 0.953000
216450 P2 216450 0.046000
216450 X0 216489 0.998651
216450 X0 216450 0.000450
216450 X0 216528 0.000450
216450 X0 216567 0.000450
216489 CX02 216885 0.967447
216489 CX02 216884 0.004650
216489 CX02 216887 0.004650
216489 CX02 216886 0.004650
216489 CX02 216881 0.004650
216489 CX02 216880 0.004650
216489 CX02 216883 0.004650
216489 CX02 216882 0.004650
216489 CX12 216884 0.983717
216489 CX12 216885 0.002326
216489 CX12 216886 0.002326
216489 CX12 216887 0.002326
216489 CX12 216881 0.002326
216489 CX12 216880 0.002326
216489 CX12 216883 0.002326
216489 CX12 216882 0.002326
216489 P2 216405 0.953000
216489 P2 216489 0.046000
216489 X0 216450 0.998651
216489 X0 216489 0.000450
216489 X0 216567 0.000450
216489 X0 216528 0.000450
216528 CX02 216883 0.967447
216528 CX02 216882 0.004650
216528 CX02 216881 0.004650
216528 CX02 216880 0.004650
216528 CX02 216887 0.004650
216528 CX02 216886 0.004650
216528 CX02 216885 0.004650
216528 CX02 216884 0.004650
216528 CX12 216883 0.983717
216528 CX12 216882 0.002326
216528 CX12 216881 0.002326
216528 CX12 216880 0.002326
216528 CX12 216886 0.002326
216528 CX12 216887 0.002326
216528 CX12 216884 0.002326
216528 CX12 216885 0.002326
216528 P2 216406 0.953000
216528 P2 216528 0.046000
216528 X0 216567 0.998651
216528 X0 216528 0.000450
216528 X0 216450 0.000450
216528 X0 216489 0.000450
216567 CX02 216886 0.967447
216567 CX02 216887 0.004650
216567 CX02 216884 0.004650
216567 CX02 216885 0.004650
216567 CX02 216882 0.004650
216567 CX02 216883 0.004650
216567 CX02 216880 0.004650
216567 CX02 216881 0.004650
216567 CX12 216887 0.983717
216567 CX12 216886 0.002326
216567 CX12 216885 0.002326
216567 CX12 216884 0.002326
216567 CX12 216882 0.002326
216567 CX12 216883 0.002326
216567 CX12 216880 0.002326
216567 CX12 216881 0.002326
216567 P2 216407 0.953000
216567 P2 216567 0.046000
216567 X0 216528 0.998651
216567 X0 216567 0.000450
216567 X0 216489 0.000450
216567 X0 216450 0.000450
216588 CX02 216425 0.967447
216588 CX02 216424 0.004650
216588 CX02 216427 0.004650
216588 CX02 216426 0.004650
216588 CX02 216429 0.004650
216588 CX02 216428 0.004650
216588 CX02 216431 0.004650
216588 CX02 216430 0.004650
216588 CX12 216425 0.983717
216588 CX12 216424 0.002326
216588 CX12 216427 0.002326
216588 CX12 216426 0.002326
216588 CX12 216428 0.002326
216588 CX12 216429 0.002326
216588 CX12 216430 0.002326
216588 CX12 216431 0.002326
216588 P2 217058 0.954000
216588 P2 216588 0.047000
216588 X0 216589 0.998651
216588 X0 216588 0.000450
216588 X0 216591 0.000450
216588 X0 216590 0.000450
216589 CX02 216428 0.967447
216589 CX02 216429 0.004650
216589 CX02 216430 0.004650
216589 CX02 216431 0.004650
216589 CX02 216424 0.004650
216589 CX02 216425 0.004650
216589 CX02 216426 0.004650
216589 CX02 216427 0.004650
216589 CX12 216429 0.983717
216589 CX12 216428 0.002326
216589 CX12 216431 0.002326
216589 CX12 216430 0.002326
216589 CX12 216424 0.002326
216589 CX12 216425 0.002326
216589 CX12 216426 0.002326
216589 CX12 216427 0.002326
216589 P2 217097 0.954000
216589 P2 216589 0.047000
216589 X0 216588 0.998651
216589 X0 216589 0.000450
216589 X0 216590 0.000450
216589 X0 216591 0.000450
216590 CX02 216431 0.967447
216590 CX02 216430 0.004650
216590 CX02 216429 0.004650
216590 CX02 216428 0.004650
216590 CX02 216427 0.004650
216590 CX02 216426 0.004650
216590 CX02 216425 0.004650
216590 CX02 216424 0.004650
216590 CX12 216430 0.983717
216590 CX12 216431 0.002326
216590 CX12 216428 0.002326
216590 CX12 216429 0.002326
216590 CX12 216427 0.002326
216590 CX12 216426 0.002326
216590 CX12 216425 0.002326
216590 CX12 216424 0.002326
216590 P2 217136 0.954000
216590 P2 216590 0.047000
216590 X0 216591 0.998651
216590 X0 216590 0.000450
216590 X0 216589 0.000450
216590 X0 216588 0.000450
216591 CX02 216426 0.967447
216591 CX02 216427 0.004650
216591 CX02 216424 0.004650
216591 CX02 216425 0.004650
216591 CX02 216430 0.004650
216591 CX02 216431 0.004650
216591 CX02 216428 0.004650
216591 CX02 216429 0.004650
216591 CX12 216426 0.983717
216591 CX12 216427 0.002326
216591 CX12 216424 0.002326
216591 CX12 216425 0.002326
216591 CX12 216431 0.002326
216591 CX12 216430 0.002326
216591 CX12 216429 0.002326
216591 CX12 216428 0.002326
216591 P2 217175 0.954000
216591 P2 216591 0.047000
216591 X0 216590 0.998651
216591 X0 216591 0.000450
216591 X0 216588 0.000450
216591 X0 216589 0.000450
216880 CX02 216450 0.967447
216880 CX02 217058 0.004650
216880 CX02 216489 0.004650
216880 CX02 217097 0.004650
216880 CX02 216567 0.004650
216880 CX02 217136 0.004650
216880 CX02 216528 0.004650
216880 CX02 217175 0.004650
216880 CX12 216450 0.983717
216880 CX12 217058 0.002326
216880 CX12 216489 0.002326
216880 CX12 217097 0.002326
216880 CX12 216567 0.002326
216880 CX12 217136 0.002326
216880 CX12 216528 0.002326
216880 CX12 217175 0.002326
216880 X0 216884 0.998651
216880 X0 216880 0.000450
216880 X0 216883 0.000450
216880 X0 216887 0.000450
216881 CX02 217058 0.967447
216881 CX02 216450 0.004650
216881 CX02 217097 0.004650
216881 CX02 216489 0.004650
216881 CX02 217136 0.004650
216881 CX02 216567 0.004650
216881 CX02 217175 0.004650
216881 CX02 216528 0.004650
216881 CX12 217058 0.983717
216881 CX12 216450 0.002326
216881 CX12 217097 0.002326
216881 CX12 216489 0.002326
216881 CX12 217136 0.002326
216881 CX12 216567 0.002326
216881 CX12 217175 0.002326
216881 CX12 216528 0.002326
216881 X0 216885 0.998651
216881 X0 216881 0.000450
216881 X0 216882 0.000450
216881 X0 216886 0.000450
216882 CX02 217175 0.967447
216882 CX02 216528 0.004650
216882 CX02 217136 0.004650
216882 CX02 216567 0.004650
216882 CX02 217097 0.004650
216882 CX02 216489 0.004650
216882 CX02 217058 0.004650
216882 CX02 216450 0.004650
216882 CX12 217175 0.983717
216882 CX12 216528 0.002326
216882 CX12 217136 0.002326
216882 CX12 216567 0.002326
216882 CX12 217097 0.002326
216882 CX12 216489 0.002326
216882 CX12 217058 0.002326
216882 CX12 216450 0.002326
216882 X0 216886 0.998651
216882 X0 216882 0.000450
216882 X0 216881 0.000450
216882 X0 216885 0.000450
216883 CX02 216528 0.967447
216883 CX02 217175 0.004650
216883 CX02 216567 0.004650
216883 CX02 217136 0.004650
216883 CX02 216489 0.004650
216883 CX02 217097 0.004650
216883 CX02 216450 0.004650
216883 CX02 217058 0.004650
216883 CX12 216528 0.983717
216883 CX12 217175 0.002326
216883 CX12 216567 0.002326
216883 CX12 217136 0.002326
216883 CX12 216489 0.002326
216883 CX12 217097 0.002326
216883 CX12 216450 0.002326
216883 CX12 217058 0.002326
216883 X0 216887 0.998651
216883 X0 216883 0.000450
216883 X0 216880 0.000450
216883 X0 216884 0.000450
216884 CX02 217097 0.967447
216884 CX02 216489 0.004650
216884 CX02 217058 0.004650
216884 CX02 216450 0.004650
216884 CX02 217175 0.004650
216884 CX02 216528 0.004650
216884 CX02 217136 0.004650
216884 CX02 216567 0.004650
216884 CX12 216489 0.983717
216884 CX12 217097 0.002326
216884 CX12 216450 0.002326
216884 CX12 217058 0.002326
216884 CX12 216528 0.002326
216884 CX12 217175 0.002326
216884 CX12 216567 0.002326
216884 CX12 217136 0.002326
216884 X0 216880 0.998651
216884 X0 216884 0.000450
216884 X0 216887 0.000450
216884 X0 216883 0.000450
216885 CX02 216489 0.967447
216885 CX02 217097 0.004650
216885 CX02 216450 0.004650
216885 CX02 217058 0.004650
216885 CX02 216528 0.004650
216885 CX02 217175 0.004650
216885 CX02 216567 0.004650
216885 CX02 217136 0.004650
216885 CX12 217097 0.983717
216885 CX12 216489 0.002326
216885 CX12 217058 0.002326
216885 CX12 216450 0.002326
216885 CX12 217175 0.002326
216885 CX12 216528 0.002326
216885 CX12 217136 0.002326
216885 CX12 216567 0.002326
216885 X0 216881 0.998651
216885 X0 216885 0.000450
216885 X0 216886 0.000450
216885 X0 216882 0.000450
216886 CX02 216567 0.967447
216886 CX02 217136 0.004650
216886 CX02 216528 0.004650
216886 CX02 217175 0.004650
216886 CX02 216450 0.004650
216886 CX02 217058 0.004650
216886 CX02 216489 0.004650
216886 CX02 217097 0.004650
216886 CX12 217136 0.983717
216886 CX12 216567 0.002326
216886 CX12 217175 0.002326
216886 CX12 216528 0.002326
216886 CX12 217058 0.002326
216886 CX12 216450 0.002326
216886 CX12 217097 0.002326
216886 CX12 216489 0.002326
216886 X0 216882 0.998651
216886 X0 216886 0.000450
216886 X0 216885 0.000450
216886 X0 216881 0.000450
216887 CX02 217136 0.967447
216887 CX02 216567 0.004650
216887 CX02 217175 0.004650
216887 CX02 216528 0.004650
216887 CX02 217058 0.004650
216887 CX02 216450 0.004650
216887 CX02 217097 0.004650
216887 CX02 216489 0.004650
216887 CX12 216567 0.983717
216887 CX12 217136 0.002326
216887 CX12 216528 0.002326
216887 CX12 217175 0.002326
216887 CX12 216450 0.002326
216887 CX12 217058 0.002326
216887 CX12 216489 0.002326
216887 CX12 217097 0.002326
216887 X0 216883 0.998651
216887 X0 216887 0.000450
216887 X0 216884 0.000450
216887 X0 216880 0.000450
217058 CX02 216881 0.967447
217058 CX02 216880 0.004650
217058 CX02 216883 0.004650
217058 CX02 216882 0.004650
217058 CX02 216885 0.004650
217058 CX02 216884 0.004650
217058 CX02 216887 0.004650
217058 CX02 216886 0.004650
217058 CX12 216881 0.983717
217058 CX12 216880 0.002326
217058 CX12 216883 0.002326
217058 CX12 216882 0.002326
217058 CX12 216884 0.002326
217058 CX12 216885 0.002326
217058 CX12 216886 0.002326
217058 CX12 216887 0.002326
217058 P2 217058 0.954000
217058 P2 216588 0.047000
217058 X0 217097 0.998651
217058 X0 217058 0.000450
217058 X0 217175 0.000450
217058 X0 217136 0.000450
217097 CX02 216884 0.967447
217097 CX02 216885 0.004650
217097 CX02 216886 0.004650
217097 CX02 216887 0.004650
217097 CX02 216880 0.004650
217097 CX02 216881 0.004650
217097 CX02 216882 0.004650
217097 CX02 216883 0.004650
217097 CX12 216885 0.983717
217097 CX12 216884 0.002326
217097 CX12 216887 0.002326
217097 CX12 216886 0.002326
217097 CX12 216880 0.002326
217097 CX12 216881 0.002326
217097 CX12 216882 0.002326
217097 CX12 216883 0.002326
217097 P2 217097 0.954000
217097 P2 216589 0.047000
217097 X0 217058 0.998651
217097 X0 217097 0.000450
217097 X0 217136 0.000450
217097 X0 217175 0.000450
217136 CX02 216887 0.967447
217136 CX02 216886 0.004650
217136 CX02 216885 0.004650
217136 CX02 216884 0.004650
217136 CX02 216883 0.004650
217136 CX02 216882 0.004650
217136 CX02 216881 0.004650
217136 CX02 216880 0.004650
217136 CX12 216886 0.983717
217136 CX12 216887 0.002326
217136 CX12 216884 0.002326
217136 CX12 216885 0.002326
217136 CX12 216883 0.002326
217136 CX12 216882 0.002326
217136 CX12 216881 0.002326
217136 CX12 216880 0.002326
217136 P2 217136 0.954000
217136 P2 216590 0.047000
217136 X0 217175 0.998651
217136 X0 217136 0.000450
217136 X0 217097 0.000450
217136 X0 217058 0.000450
217175 CX02 216882 0.967447
217175 CX02 216883 0.004650
217175 CX02 216880 0.004650
217175 CX02 216881 0.004650
217175 CX02 216886 0.004650
217175 CX02 216887 0.004650
217175 CX02 216884 0.004650
217175 CX02 216885 0.004650
217175 CX12 216882 0.983717
217175 CX12 216883 0.002326
217175 CX12 216880 0.002326
217175 CX12 216881 0.002326
217175 CX12 216887 0.002326
217175 CX12 216886 0.002326
217175 CX12 216885 0.002326
217175 CX12 216884 0.002326
217175 P2 217175 0.954000
217175 P2 216591 0.047000
217175 X0 217136 0.998651
217175 X0 217175 0.000450
217175 X0 217058 0.000450
217175 X0 217097 0.000450
ENDPOMDP
