BEGINPOMDP
INITIALSTATE: 204233
STATES: 204233,204234,204235,204236,204237,204254,204255,204256,204257,204258,204259,204260,204261,204280,204319,204358,204397,204418,204419,204420,204421,204710,204711,204712,204713,204714,204715,204716,204717,204888,204927,204966,205005
TARGETV: 204234,204236,204280,204358,204418,204421,204888,205005
GAMMA: 204233:0,204234:0,204235:0,204236:0,204237:0,204254:0,204255:0,204256:0,204257:0,204258:0,204259:0,204260:0,204261:0,204280:1,204319:1,204358:1,204397:1,204418:0,204419:0,204420:0,204421:0,204710:1,204711:1,204712:1,204713:1,204714:1,204715:1,204716:1,204717:1,204888:1,204927:1,204966:1,205005:1
BEGINACTIONS
CX02 Instruction.CNOT 0 2 -
CX12 Instruction.CNOT 1 2 -
P2 Instruction.MEAS - 2 -
X0 Instruction.X - 0 -
ENDACTIONS
204233 INIT_ 204234 0.250000
204233 INIT_ 204235 0.250000
204233 INIT_ 204236 0.250000
204233 INIT_ 204237 0.250000
204234 CX02 204254 0.979615
204234 CX02 204255 0.002912
204234 CX02 204256 0.002912
204234 CX02 204257 0.002912
204234 CX02 204258 0.002912
204234 CX02 204259 0.002912
204234 CX02 204260 0.002912
204234 CX02 204261 0.002912
204234 CX12 204254 0.990508
204234 CX12 204255 0.001356
204234 CX12 204256 0.001356
204234 CX12 204257 0.001356
204234 CX12 204259 0.001356
204234 CX12 204258 0.001356
204234 CX12 204261 0.001356
204234 CX12 204260 0.001356
204234 P2 204234 0.983000
204234 P2 204280 0.025800
204234 X0 204235 0.999607
204234 X0 204234 0.000131
204234 X0 204236 0.000131
204234 X0 204237 0.000131
204235 CX02 204259 0.979615
204235 CX02 204258 0.002912
204235 CX02 204261 0.002912
204235 CX02 204260 0.002912
204235 CX02 204255 0.002912
204235 CX02 204254 0.002912
204235 CX02 204257 0.002912
204235 CX02 204256 0.002912
204235 CX12 204258 0.990508
204235 CX12 204259 0.001356
204235 CX12 204260 0.001356
204235 CX12 204261 0.001356
204235 CX12 204255 0.001356
204235 CX12 204254 0.001356
204235 CX12 204257 0.001356
204235 CX12 204256 0.001356
204235 P2 204235 0.983000
204235 P2 204319 0.025800
204235 X0 204234 0.999607
204235 X0 204235 0.000131
204235 X0 204237 0.000131
204235 X0 204236 0.000131
204236 CX02 204257 0.979615
204236 CX02 204256 0.002912
204236 CX02 204255 0.002912
204236 CX02 204254 0.002912
204236 CX02 204261 0.002912
204236 CX02 204260 0.002912
204236 CX02 204259 0.002912
204236 CX02 204258 0.002912
204236 CX12 204257 0.990508
204236 CX12 204256 0.001356
204236 CX12 204255 0.001356
204236 CX12 204254 0.001356
204236 CX12 204260 0.001356
204236 CX12 204261 0.001356
204236 CX12 204258 0.001356
204236 CX12 204259 0.001356
204236 P2 204236 0.983000
204236 P2 204358 0.025800
204236 X0 204237 0.999607
204236 X0 204236 0.000131
204236 X0 204234 0.000131
204236 X0 204235 0.000131
204237 CX02 204260 0.979615
204237 CX02 204261 0.002912
204237 CX02 204258 0.002912
204237 CX02 204259 0.002912
204237 CX02 204256 0.002912
204237 CX02 204257 0.002912
204237 CX02 204254 0.002912
204237 CX02 204255 0.002912
204237 CX12 204261 0.990508
204237 CX12 204260 0.001356
204237 CX12 204259 0.001356
204237 CX12 204258 0.001356
204237 CX12 204256 0.001356
204237 CX12 204257 0.001356
204237 CX12 204254 0.001356
204237 CX12 204255 0.001356
204237 P2 204237 0.983000
204237 P2 204397 0.025800
204237 X0 204236 0.999607
204237 X0 204237 0.000131
204237 X0 204235 0.000131
204237 X0 204234 0.000131
204254 CX02 204234 0.979615
204254 CX02 204418 0.002912
204254 CX02 204235 0.002912
204254 CX02 204419 0.002912
204254 CX02 204237 0.002912
204254 CX02 204420 0.002912
204254 CX02 204236 0.002912
204254 CX02 204421 0.002912
204254 CX12 204234 0.990508
204254 CX12 204418 0.001356
204254 CX12 204235 0.001356
204254 CX12 204419 0.001356
204254 CX12 204237 0.001356
204254 CX12 204420 0.001356
204254 CX12 204236 0.001356
204254 CX12 204421 0.001356
204254 X0 204258 0.999607
204254 X0 204254 0.000131
204254 X0 204257 0.000131
204254 X0 204261 0.000131
204255 CX02 204418 0.979615
204255 CX02 204234 0.002912
204255 CX02 204419 0.002912
204255 CX02 204235 0.002912
204255 CX02 204420 0.002912
204255 CX02 204237 0.002912
204255 CX02 204421 0.002912
204255 CX02 204236 0.002912
204255 CX12 204418 0.990508
204255 CX12 204234 0.001356
204255 CX12 204419 0.001356
204255 CX12 204235 0.001356
204255 CX12 204420 0.001356
204255 CX12 204237 0.001356
204255 CX12 204421 0.001356
204255 CX12 204236 0.001356
204255 X0 204259 0.999607
204255 X0 204255 0.000131
204255 X0 204256 0.000131
204255 X0 204260 0.000131
204256 CX02 204421 0.979615
204256 CX02 204236 0.002912
204256 CX02 204420 0.002912
204256 CX02 204237 0.002912
204256 CX02 204419 0.002912
204256 CX02 204235 0.002912
204256 CX02 204418 0.002912
204256 CX02 204234 0.002912
204256 CX12 204421 0.990508
204256 CX12 204236 0.001356
204256 CX12 204420 0.001356
204256 CX12 204237 0.001356
204256 CX12 204419 0.001356
204256 CX12 204235 0.001356
204256 CX12 204418 0.001356
204256 CX12 204234 0.001356
204256 X0 204260 0.999607
204256 X0 204256 0.000131
204256 X0 204255 0.000131
204256 X0 204259 0.000131
204257 CX02 204236 0.979615
204257 CX02 204421 0.002912
204257 CX02 204237 0.002912
204257 CX02 204420 0.002912
204257 CX02 204235 0.002912
204257 CX02 204419 0.002912
204257 CX02 204234 0.002912
204257 CX02 204418 0.002912
204257 CX12 204236 0.990508
204257 CX12 204421 0.001356
204257 CX12 204237 0.001356
204257 CX12 204420 0.001356
204257 CX12 204235 0.001356
204257 CX12 204419 0.001356
204257 CX12 204234 0.001356
204257 CX12 204418 0.001356
204257 X0 204261 0.999607
204257 X0 204257 0.000131
204257 X0 204254 0.000131
204257 X0 204258 0.000131
204258 CX02 204419 0.979615
204258 CX02 204235 0.002912
204258 CX02 204418 0.002912
204258 CX02 204234 0.002912
204258 CX02 204421 0.002912
204258 CX02 204236 0.002912
204258 CX02 204420 0.002912
204258 CX02 204237 0.002912
204258 CX12 204235 0.990508
204258 CX12 204419 0.001356
204258 CX12 204234 0.001356
204258 CX12 204418 0.001356
204258 CX12 204236 0.001356
204258 CX12 204421 0.001356
204258 CX12 204237 0.001356
204258 CX12 204420 0.001356
204258 X0 204254 0.999607
204258 X0 204258 0.000131
204258 X0 204261 0.000131
204258 X0 204257 0.000131
204259 CX02 204235 0.979615
204259 CX02 204419 0.002912
204259 CX02 204234 0.002912
204259 CX02 204418 0.002912
204259 CX02 204236 0.002912
204259 CX02 204421 0.002912
204259 CX02 204237 0.002912
204259 CX02 204420 0.002912
204259 CX12 204419 0.990508
204259 CX12 204235 0.001356
204259 CX12 204418 0.001356
204259 CX12 204234 0.001356
204259 CX12 204421 0.001356
204259 CX12 204236 0.001356
204259 CX12 204420 0.001356
204259 CX12 204237 0.001356
204259 X0 204255 0.999607
204259 X0 204259 0.000131
204259 X0 204260 0.000131
204259 X0 204256 0.000131
204260 CX02 204237 0.979615
204260 CX02 204420 0.002912
204260 CX02 204236 0.002912
204260 CX02 204421 0.002912
204260 CX02 204234 0.002912
204260 CX02 204418 0.002912
204260 CX02 204235 0.002912
204260 CX02 204419 0.002912
204260 CX12 204420 0.990508
204260 CX12 204237 0.001356
204260 CX12 204421 0.001356
204260 CX12 204236 0.001356
204260 CX12 204418 0.001356
204260 CX12 204234 0.001356
204260 CX12 204419 0.001356
204260 CX12 204235 0.001356
204260 X0 204256 0.999607
204260 X0 204260 0.000131
204260 X0 204259 0.000131
204260 X0 204255 0.000131
204261 CX02 204420 0.979615
204261 CX02 204237 0.002912
204261 CX02 204421 0.002912
204261 CX02 204236 0.002912
204261 CX02 204418 0.002912
204261 CX02 204234 0.002912
204261 CX02 204419 0.002912
204261 CX02 204235 0.002912
204261 CX12 204237 0.990508
204261 CX12 204420 0.001356
204261 CX12 204236 0.001356
204261 CX12 204421 0.001356
204261 CX12 204234 0.001356
204261 CX12 204418 0.001356
204261 CX12 204235 0.001356
204261 CX12 204419 0.001356
204261 X0 204257 0.999607
204261 X0 204261 0.000131
204261 X0 204258 0.000131
204261 X0 204254 0.000131
204280 CX02 204710 0.979615
204280 CX02 204711 0.002912
204280 CX02 204712 0.002912
204280 CX02 204713 0.002912
204280 CX02 204714 0.002912
204280 CX02 204715 0.002912
204280 CX02 204716 0.002912
204280 CX02 204717 0.002912
204280 CX12 204710 0.990508
204280 CX12 204711 0.001356
204280 CX12 204712 0.001356
204280 CX12 204713 0.001356
204280 CX12 204715 0.001356
204280 CX12 204714 0.001356
204280 CX12 204717 0.001356
204280 CX12 204716 0.001356
204280 P2 204234 0.983000
204280 P2 204280 0.025800
204280 X0 204319 0.999607
204280 X0 204280 0.000131
204280 X0 204358 0.000131
204280 X0 204397 0.000131
204319 CX02 204715 0.979615
204319 CX02 204714 0.002912
204319 CX02 204717 0.002912
204319 CX02 204716 0.002912
204319 CX02 204711 0.002912
204319 CX02 204710 0.002912
204319 CX02 204713 0.002912
204319 CX02 204712 0.002912
204319 CX12 204714 0.990508
204319 CX12 204715 0.001356
204319 CX12 204716 0.001356
204319 CX12 204717 0.001356
204319 CX12 204711 0.001356
204319 CX12 204710 0.001356
204319 CX12 204713 0.001356
204319 CX12 204712 0.001356
204319 P2 204235 0.983000
204319 P2 204319 0.025800
204319 X0 204280 0.999607
204319 X0 204319 0.000131
204319 X0 204397 0.000131
204319 X0 204358 0.000131
204358 CX02 204713 0.979615
204358 CX02 204712 0.002912
204358 CX02 204711 0.002912
204358 CX02 204710 0.002912
204358 CX02 204717 0.002912
204358 CX02 204716 0.002912
204358 CX02 204715 0.002912
204358 CX02 204714 0.002912
204358 CX12 204713 0.990508
204358 CX12 204712 0.001356
204358 CX12 204711 0.001356
204358 CX12 204710 0.001356
204358 CX12 204716 0.001356
204358 CX12 204717 0.001356
204358 CX12 204714 0.001356
204358 CX12 204715 0.001356
204358 P2 204236 0.983000
204358 P2 204358 0.025800
204358 X0 204397 0.999607
204358 X0 204358 0.000131
204358 X0 204280 0.000131
204358 X0 204319 0.000131
204397 CX02 204716 0.979615
204397 CX02 204717 0.002912
204397 CX02 204714 0.002912
204397 CX02 204715 0.002912
204397 CX02 204712 0.002912
204397 CX02 204713 0.002912
204397 CX02 204710 0.002912
204397 CX02 204711 0.002912
204397 CX12 204717 0.990508
204397 CX12 204716 0.001356
204397 CX12 204715 0.001356
204397 CX12 204714 0.001356
204397 CX12 204712 0.001356
204397 CX12 204713 0.001356
204397 CX12 204710 0.001356
204397 CX12 204711 0.001356
204397 P2 204237 0.983000
204397 P2 204397 0.025800
204397 X0 204358 0.999607
204397 X0 204397 0.000131
204397 X0 204319 0.000131
204397 X0 204280 0.000131
204418 CX02 204255 0.979615
204418 CX02 204254 0.002912
204418 CX02 204257 0.002912
204418 CX02 204256 0.002912
204418 CX02 204259 0.002912
204418 CX02 204258 0.002912
204418 CX02 204261 0.002912
204418 CX02 204260 0.002912
204418 CX12 204255 0.990508
204418 CX12 204254 0.001356
204418 CX12 204257 0.001356
204418 CX12 204256 0.001356
204418 CX12 204258 0.001356
204418 CX12 204259 0.001356
204418 CX12 204260 0.001356
204418 CX12 204261 0.001356
204418 P2 204888 0.974200
204418 P2 204418 0.017000
204418 X0 204419 0.999607
204418 X0 204418 0.000131
204418 X0 204421 0.000131
204418 X0 204420 0.000131
204419 CX02 204258 0.979615
204419 CX02 204259 0.002912
204419 CX02 204260 0.002912
204419 CX02 204261 0.002912
204419 CX02 204254 0.002912
204419 CX02 204255 0.002912
204419 CX02 204256 0.002912
204419 CX02 204257 0.002912
204419 CX12 204259 0.990508
204419 CX12 204258 0.001356
204419 CX12 204261 0.001356
204419 CX12 204260 0.001356
204419 CX12 204254 0.001356
204419 CX12 204255 0.001356
204419 CX12 204256 0.001356
204419 CX12 204257 0.001356
204419 P2 204927 0.974200
204419 P2 204419 0.017000
204419 X0 204418 0.999607
204419 X0 204419 0.000131
204419 X0 204420 0.000131
204419 X0 204421 0.000131
204420 CX02 204261 0.979615
204420 CX02 204260 0.002912
204420 CX02 204259 0.002912
204420 CX02 204258 0.002912
204420 CX02 204257 0.002912
204420 CX02 204256 0.002912
204420 CX02 204255 0.002912
204420 CX02 204254 0.002912
204420 CX12 204260 0.990508
204420 CX12 204261 0.001356
204420 CX12 204258 0.001356
204420 CX12 204259 0.001356
204420 CX12 204257 0.001356
204420 CX12 204256 0.001356
204420 CX12 204255 0.001356
204420 CX12 204254 0.001356
204420 P2 204966 0.974200
204420 P2 204420 0.017000
204420 X0 204421 0.999607
204420 X0 204420 0.000131
204420 X0 204419 0.000131
204420 X0 204418 0.000131
204421 CX02 204256 0.979615
204421 CX02 204257 0.002912
204421 CX02 204254 0.002912
204421 CX02 204255 0.002912
204421 CX02 204260 0.002912
204421 CX02 204261 0.002912
204421 CX02 204258 0.002912
204421 CX02 204259 0.002912
204421 CX12 204256 0.990508
204421 CX12 204257 0.001356
204421 CX12 204254 0.001356
204421 CX12 204255 0.001356
204421 CX12 204261 0.001356
204421 CX12 204260 0.001356
204421 CX12 204259 0.001356
204421 CX12 204258 0.001356
204421 P2 205005 0.974200
204421 P2 204421 0.017000
204421 X0 204420 0.999607
204421 X0 204421 0.000131
204421 X0 204418 0.000131
204421 X0 204419 0.000131
204710 CX02 204280 0.979615
204710 CX02 204888 0.002912
204710 CX02 204319 0.002912
204710 CX02 204927 0.002912
204710 CX02 204397 0.002912
204710 CX02 204966 0.002912
204710 CX02 204358 0.002912
204710 CX02 205005 0.002912
204710 CX12 204280 0.990508
204710 CX12 204888 0.001356
204710 CX12 204319 0.001356
204710 CX12 204927 0.001356
204710 CX12 204397 0.001356
204710 CX12 204966 0.001356
204710 CX12 204358 0.001356
204710 CX12 205005 0.001356
204710 X0 204714 0.999607
204710 X0 204710 0.000131
204710 X0 204713 0.000131
204710 X0 204717 0.000131
204711 CX02 204888 0.979615
204711 CX02 204280 0.002912
204711 CX02 204927 0.002912
204711 CX02 204319 0.002912
204711 CX02 204966 0.002912
204711 CX02 204397 0.002912
204711 CX02 205005 0.002912
204711 CX02 204358 0.002912
204711 CX12 204888 0.990508
204711 CX12 204280 0.001356
204711 CX12 204927 0.001356
204711 CX12 204319 0.001356
204711 CX12 204966 0.001356
204711 CX12 204397 0.001356
204711 CX12 205005 0.001356
204711 CX12 204358 0.001356
204711 X0 204715 0.999607
204711 X0 204711 0.000131
204711 X0 204712 0.000131
204711 X0 204716 0.000131
204712 CX02 205005 0.979615
204712 CX02 204358 0.002912
204712 CX02 204966 0.002912
204712 CX02 204397 0.002912
204712 CX02 204927 0.002912
204712 CX02 204319 0.002912
204712 CX02 204888 0.002912
204712 CX02 204280 0.002912
204712 CX12 205005 0.990508
204712 CX12 204358 0.001356
204712 CX12 204966 0.001356
204712 CX12 204397 0.001356
204712 CX12 204927 0.001356
204712 CX12 204319 0.001356
204712 CX12 204888 0.001356
204712 CX12 204280 0.001356
204712 X0 204716 0.999607
204712 X0 204712 0.000131
204712 X0 204711 0.000131
204712 X0 204715 0.000131
204713 CX02 204358 0.979615
204713 CX02 205005 0.002912
204713 CX02 204397 0.002912
204713 CX02 204966 0.002912
204713 CX02 204319 0.002912
204713 CX02 204927 0.002912
204713 CX02 204280 0.002912
204713 CX02 204888 0.002912
204713 CX12 204358 0.990508
204713 CX12 205005 0.001356
204713 CX12 204397 0.001356
204713 CX12 204966 0.001356
204713 CX12 204319 0.001356
204713 CX12 204927 0.001356
204713 CX12 204280 0.001356
204713 CX12 204888 0.001356
204713 X0 204717 0.999607
204713 X0 204713 0.000131
204713 X0 204710 0.000131
204713 X0 204714 0.000131
204714 CX02 204927 0.979615
204714 CX02 204319 0.002912
204714 CX02 204888 0.002912
204714 CX02 204280 0.002912
204714 CX02 205005 0.002912
204714 CX02 204358 0.002912
204714 CX02 204966 0.002912
204714 CX02 204397 0.002912
204714 CX12 204319 0.990508
204714 CX12 204927 0.001356
204714 CX12 204280 0.001356
204714 CX12 204888 0.001356
204714 CX12 204358 0.001356
204714 CX12 205005 0.001356
204714 CX12 204397 0.001356
204714 CX12 204966 0.001356
204714 X0 204710 0.999607
204714 X0 204714 0.000131
204714 X0 204717 0.000131
204714 X0 204713 0.000131
204715 CX02 204319 0.979615
204715 CX02 204927 0.002912
204715 CX02 204280 0.002912
204715 CX02 204888 0.002912
204715 CX02 204358 0.002912
204715 CX02 205005 0.002912
204715 CX02 204397 0.002912
204715 CX02 204966 0.002912
204715 CX12 204927 0.990508
204715 CX12 204319 0.001356
204715 CX12 204888 0.001356
204715 CX12 204280 0.001356
204715 CX12 205005 0.001356
204715 CX12 204358 0.001356
204715 CX12 204966 0.001356
204715 CX12 204397 0.001356
204715 X0 204711 0.999607
204715 X0 204715 0.000131
204715 X0 204716 0.000131
204715 X0 204712 0.000131
204716 CX02 204397 0.979615
204716 CX02 204966 0.002912
204716 CX02 204358 0.002912
204716 CX02 205005 0.002912
204716 CX02 204280 0.002912
204716 CX02 204888 0.002912
204716 CX02 204319 0.002912
204716 CX02 204927 0.002912
204716 CX12 204966 0.990508
204716 CX12 204397 0.001356
204716 CX12 205005 0.001356
204716 CX12 204358 0.001356
204716 CX12 204888 0.001356
204716 CX12 204280 0.001356
204716 CX12 204927 0.001356
204716 CX12 204319 0.001356
204716 X0 204712 0.999607
204716 X0 204716 0.000131
204716 X0 204715 0.000131
204716 X0 204711 0.000131
204717 CX02 204966 0.979615
204717 CX02 204397 0.002912
204717 CX02 205005 0.002912
204717 CX02 204358 0.002912
204717 CX02 204888 0.002912
204717 CX02 204280 0.002912
204717 CX02 204927 0.002912
204717 CX02 204319 0.002912
204717 CX12 204397 0.990508
204717 CX12 204966 0.001356
204717 CX12 204358 0.001356
204717 CX12 205005 0.001356
204717 CX12 204280 0.001356
204717 CX12 204888 0.001356
204717 CX12 204319 0.001356
204717 CX12 204927 0.001356
204717 X0 204713 0.999607
204717 X0 204717 0.000131
204717 X0 204714 0.000131
204717 X0 204710 0.000131
204888 CX02 204711 0.979615
204888 CX02 204710 0.002912
204888 CX02 204713 0.002912
204888 CX02 204712 0.002912
204888 CX02 204715 0.002912
204888 CX02 204714 0.002912
204888 CX02 204717 0.002912
204888 CX02 204716 0.002912
204888 CX12 204711 0.990508
204888 CX12 204710 0.001356
204888 CX12 204713 0.001356
204888 CX12 204712 0.001356
204888 CX12 204714 0.001356
204888 CX12 204715 0.001356
204888 CX12 204716 0.001356
204888 CX12 204717 0.001356
204888 P2 204888 0.974200
204888 P2 204418 0.017000
204888 X0 204927 0.999607
204888 X0 204888 0.000131
204888 X0 205005 0.000131
204888 X0 204966 0.000131
204927 CX02 204714 0.979615
204927 CX02 204715 0.002912
204927 CX02 204716 0.002912
204927 CX02 204717 0.002912
204927 CX02 204710 0.002912
204927 CX02 204711 0.002912
204927 CX02 204712 0.002912
204927 CX02 204713 0.002912
204927 CX12 204715 0.990508
204927 CX12 204714 0.001356
204927 CX12 204717 0.001356
204927 CX12 204716 0.001356
204927 CX12 204710 0.001356
204927 CX12 204711 0.001356
204927 CX12 204712 0.001356
204927 CX12 204713 0.001356
204927 P2 204927 0.974200
204927 P2 204419 0.017000
204927 X0 204888 0.999607
204927 X0 204927 0.000131
204927 X0 204966 0.000131
204927 X0 205005 0.000131
204966 CX02 204717 0.979615
204966 CX02 204716 0.002912
204966 CX02 204715 0.002912
204966 CX02 204714 0.002912
204966 CX02 204713 0.002912
204966 CX02 204712 0.002912
204966 CX02 204711 0.002912
204966 CX02 204710 0.002912
204966 CX12 204716 0.990508
204966 CX12 204717 0.001356
204966 CX12 204714 0.001356
204966 CX12 204715 0.001356
204966 CX12 204713 0.001356
204966 CX12 204712 0.001356
204966 CX12 204711 0.001356
204966 CX12 204710 0.001356
204966 P2 204966 0.974200
204966 P2 204420 0.017000
204966 X0 205005 0.999607
204966 X0 204966 0.000131
204966 X0 204927 0.000131
204966 X0 204888 0.000131
205005 CX02 204712 0.979615
205005 CX02 204713 0.002912
205005 CX02 204710 0.002912
205005 CX02 204711 0.002912
205005 CX02 204716 0.002912
205005 CX02 204717 0.002912
205005 CX02 204714 0.002912
205005 CX02 204715 0.002912
205005 CX12 204712 0.990508
205005 CX12 204713 0.001356
205005 CX12 204710 0.001356
205005 CX12 204711 0.001356
205005 CX12 204717 0.001356
205005 CX12 204716 0.001356
205005 CX12 204715 0.001356
205005 CX12 204714 0.001356
205005 P2 205005 0.974200
205005 P2 204421 0.017000
205005 X0 204966 0.999607
205005 X0 205005 0.000131
205005 X0 204888 0.000131
205005 X0 204927 0.000131
ENDPOMDP
