BEGINPOMDP
INITIALSTATE: 215186
STATES: 215186,215187,215188,215189,215190,215207,215208,215209,215210,215211,215212,215213,215214,215233,215272,215311,215350,215371,215372,215373,215374,215663,215664,215665,215666,215667,215668,215669,215670,215841,215880,215919,215958
TARGETV: 215187,215189,215233,215311,215371,215374,215841,215958
GAMMA: 215186:0,215187:0,215188:0,215189:0,215190:0,215207:0,215208:0,215209:0,215210:0,215211:0,215212:0,215213:0,215214:0,215233:1,215272:1,215311:1,215350:1,215371:0,215372:0,215373:0,215374:0,215663:1,215664:1,215665:1,215666:1,215667:1,215668:1,215669:1,215670:1,215841:1,215880:1,215919:1,215958:1
BEGINACTIONS
CX02 Instruction.CNOT 0 2 -
CX12 Instruction.CNOT 1 2 -
P2 Instruction.MEAS - 2 -
X0 Instruction.U3 - 0 3.141592653589793,6.283185307179586,3.141592653589793
ENDACTIONS
215186 INIT_ 215187 0.250000
215186 INIT_ 215188 0.250000
215186 INIT_ 215189 0.250000
215186 INIT_ 215190 0.250000
215187 CX02 215207 0.987309
215187 CX02 215208 0.001813
215187 CX02 215209 0.001813
215187 CX02 215210 0.001813
215187 CX02 215211 0.001813
215187 CX02 215212 0.001813
215187 CX02 215213 0.001813
215187 CX02 215214 0.001813
215187 CX12 215207 0.984462
215187 CX12 215208 0.002220
215187 CX12 215209 0.002220
215187 CX12 215210 0.002220
215187 CX12 215212 0.002220
215187 CX12 215211 0.002220
215187 CX12 215214 0.002220
215187 CX12 215213 0.002220
215187 P2 215187 0.977000
215187 P2 215233 0.153000
215187 X0 215188 0.999194
215187 X0 215187 0.000269
215187 X0 215189 0.000269
215187 X0 215190 0.000269
215188 CX02 215212 0.987309
215188 CX02 215211 0.001813
215188 CX02 215214 0.001813
215188 CX02 215213 0.001813
215188 CX02 215208 0.001813
215188 CX02 215207 0.001813
215188 CX02 215210 0.001813
215188 CX02 215209 0.001813
215188 CX12 215211 0.984462
215188 CX12 215212 0.002220
215188 CX12 215213 0.002220
215188 CX12 215214 0.002220
215188 CX12 215208 0.002220
215188 CX12 215207 0.002220
215188 CX12 215210 0.002220
215188 CX12 215209 0.002220
215188 P2 215188 0.977000
215188 P2 215272 0.153000
215188 X0 215187 0.999194
215188 X0 215188 0.000269
215188 X0 215190 0.000269
215188 X0 215189 0.000269
215189 CX02 215210 0.987309
215189 CX02 215209 0.001813
215189 CX02 215208 0.001813
215189 CX02 215207 0.001813
215189 CX02 215214 0.001813
215189 CX02 215213 0.001813
215189 CX02 215212 0.001813
215189 CX02 215211 0.001813
215189 CX12 215210 0.984462
215189 CX12 215209 0.002220
215189 CX12 215208 0.002220
215189 CX12 215207 0.002220
215189 CX12 215213 0.002220
215189 CX12 215214 0.002220
215189 CX12 215211 0.002220
215189 CX12 215212 0.002220
215189 P2 215189 0.977000
215189 P2 215311 0.153000
215189 X0 215190 0.999194
215189 X0 215189 0.000269
215189 X0 215187 0.000269
215189 X0 215188 0.000269
215190 CX02 215213 0.987309
215190 CX02 215214 0.001813
215190 CX02 215211 0.001813
215190 CX02 215212 0.001813
215190 CX02 215209 0.001813
215190 CX02 215210 0.001813
215190 CX02 215207 0.001813
215190 CX02 215208 0.001813
215190 CX12 215214 0.984462
215190 CX12 215213 0.002220
215190 CX12 215212 0.002220
215190 CX12 215211 0.002220
215190 CX12 215209 0.002220
215190 CX12 215210 0.002220
215190 CX12 215207 0.002220
215190 CX12 215208 0.002220
215190 P2 215190 0.977000
215190 P2 215350 0.153000
215190 X0 215189 0.999194
215190 X0 215190 0.000269
215190 X0 215188 0.000269
215190 X0 215187 0.000269
215207 CX02 215187 0.987309
215207 CX02 215371 0.001813
215207 CX02 215188 0.001813
215207 CX02 215372 0.001813
215207 CX02 215190 0.001813
215207 CX02 215373 0.001813
215207 CX02 215189 0.001813
215207 CX02 215374 0.001813
215207 CX12 215187 0.984462
215207 CX12 215371 0.002220
215207 CX12 215188 0.002220
215207 CX12 215372 0.002220
215207 CX12 215190 0.002220
215207 CX12 215373 0.002220
215207 CX12 215189 0.002220
215207 CX12 215374 0.002220
215207 X0 215211 0.999194
215207 X0 215207 0.000269
215207 X0 215210 0.000269
215207 X0 215214 0.000269
215208 CX02 215371 0.987309
215208 CX02 215187 0.001813
215208 CX02 215372 0.001813
215208 CX02 215188 0.001813
215208 CX02 215373 0.001813
215208 CX02 215190 0.001813
215208 CX02 215374 0.001813
215208 CX02 215189 0.001813
215208 CX12 215371 0.984462
215208 CX12 215187 0.002220
215208 CX12 215372 0.002220
215208 CX12 215188 0.002220
215208 CX12 215373 0.002220
215208 CX12 215190 0.002220
215208 CX12 215374 0.002220
215208 CX12 215189 0.002220
215208 X0 215212 0.999194
215208 X0 215208 0.000269
215208 X0 215209 0.000269
215208 X0 215213 0.000269
215209 CX02 215374 0.987309
215209 CX02 215189 0.001813
215209 CX02 215373 0.001813
215209 CX02 215190 0.001813
215209 CX02 215372 0.001813
215209 CX02 215188 0.001813
215209 CX02 215371 0.001813
215209 CX02 215187 0.001813
215209 CX12 215374 0.984462
215209 CX12 215189 0.002220
215209 CX12 215373 0.002220
215209 CX12 215190 0.002220
215209 CX12 215372 0.002220
215209 CX12 215188 0.002220
215209 CX12 215371 0.002220
215209 CX12 215187 0.002220
215209 X0 215213 0.999194
215209 X0 215209 0.000269
215209 X0 215208 0.000269
215209 X0 215212 0.000269
215210 CX02 215189 0.987309
215210 CX02 215374 0.001813
215210 CX02 215190 0.001813
215210 CX02 215373 0.001813
215210 CX02 215188 0.001813
215210 CX02 215372 0.001813
215210 CX02 215187 0.001813
215210 CX02 215371 0.001813
215210 CX12 215189 0.984462
215210 CX12 215374 0.002220
215210 CX12 215190 0.002220
215210 CX12 215373 0.002220
215210 CX12 215188 0.002220
215210 CX12 215372 0.002220
215210 CX12 215187 0.002220
215210 CX12 215371 0.002220
215210 X0 215214 0.999194
215210 X0 215210 0.000269
215210 X0 215207 0.000269
215210 X0 215211 0.000269
215211 CX02 215372 0.987309
215211 CX02 215188 0.001813
215211 CX02 215371 0.001813
215211 CX02 215187 0.001813
215211 CX02 215374 0.001813
215211 CX02 215189 0.001813
215211 CX02 215373 0.001813
215211 CX02 215190 0.001813
215211 CX12 215188 0.984462
215211 CX12 215372 0.002220
215211 CX12 215187 0.002220
215211 CX12 215371 0.002220
215211 CX12 215189 0.002220
215211 CX12 215374 0.002220
215211 CX12 215190 0.002220
215211 CX12 215373 0.002220
215211 X0 215207 0.999194
215211 X0 215211 0.000269
215211 X0 215214 0.000269
215211 X0 215210 0.000269
215212 CX02 215188 0.987309
215212 CX02 215372 0.001813
215212 CX02 215187 0.001813
215212 CX02 215371 0.001813
215212 CX02 215189 0.001813
215212 CX02 215374 0.001813
215212 CX02 215190 0.001813
215212 CX02 215373 0.001813
215212 CX12 215372 0.984462
215212 CX12 215188 0.002220
215212 CX12 215371 0.002220
215212 CX12 215187 0.002220
215212 CX12 215374 0.002220
215212 CX12 215189 0.002220
215212 CX12 215373 0.002220
215212 CX12 215190 0.002220
215212 X0 215208 0.999194
215212 X0 215212 0.000269
215212 X0 215213 0.000269
215212 X0 215209 0.000269
215213 CX02 215190 0.987309
215213 CX02 215373 0.001813
215213 CX02 215189 0.001813
215213 CX02 215374 0.001813
215213 CX02 215187 0.001813
215213 CX02 215371 0.001813
215213 CX02 215188 0.001813
215213 CX02 215372 0.001813
215213 CX12 215373 0.984462
215213 CX12 215190 0.002220
215213 CX12 215374 0.002220
215213 CX12 215189 0.002220
215213 CX12 215371 0.002220
215213 CX12 215187 0.002220
215213 CX12 215372 0.002220
215213 CX12 215188 0.002220
215213 X0 215209 0.999194
215213 X0 215213 0.000269
215213 X0 215212 0.000269
215213 X0 215208 0.000269
215214 CX02 215373 0.987309
215214 CX02 215190 0.001813
215214 CX02 215374 0.001813
215214 CX02 215189 0.001813
215214 CX02 215371 0.001813
215214 CX02 215187 0.001813
215214 CX02 215372 0.001813
215214 CX02 215188 0.001813
215214 CX12 215190 0.984462
215214 CX12 215373 0.002220
215214 CX12 215189 0.002220
215214 CX12 215374 0.002220
215214 CX12 215187 0.002220
215214 CX12 215371 0.002220
215214 CX12 215188 0.002220
215214 CX12 215372 0.002220
215214 X0 215210 0.999194
215214 X0 215214 0.000269
215214 X0 215211 0.000269
215214 X0 215207 0.000269
215233 CX02 215663 0.987309
215233 CX02 215664 0.001813
215233 CX02 215665 0.001813
215233 CX02 215666 0.001813
215233 CX02 215667 0.001813
215233 CX02 215668 0.001813
215233 CX02 215669 0.001813
215233 CX02 215670 0.001813
215233 CX12 215663 0.984462
215233 CX12 215664 0.002220
215233 CX12 215665 0.002220
215233 CX12 215666 0.002220
215233 CX12 215668 0.002220
215233 CX12 215667 0.002220
215233 CX12 215670 0.002220
215233 CX12 215669 0.002220
215233 P2 215187 0.977000
215233 P2 215233 0.153000
215233 X0 215272 0.999194
215233 X0 215233 0.000269
215233 X0 215311 0.000269
215233 X0 215350 0.000269
215272 CX02 215668 0.987309
215272 CX02 215667 0.001813
215272 CX02 215670 0.001813
215272 CX02 215669 0.001813
215272 CX02 215664 0.001813
215272 CX02 215663 0.001813
215272 CX02 215666 0.001813
215272 CX02 215665 0.001813
215272 CX12 215667 0.984462
215272 CX12 215668 0.002220
215272 CX12 215669 0.002220
215272 CX12 215670 0.002220
215272 CX12 215664 0.002220
215272 CX12 215663 0.002220
215272 CX12 215666 0.002220
215272 CX12 215665 0.002220
215272 P2 215188 0.977000
215272 P2 215272 0.153000
215272 X0 215233 0.999194
215272 X0 215272 0.000269
215272 X0 215350 0.000269
215272 X0 215311 0.000269
215311 CX02 215666 0.987309
215311 CX02 215665 0.001813
215311 CX02 215664 0.001813
215311 CX02 215663 0.001813
215311 CX02 215670 0.001813
215311 CX02 215669 0.001813
215311 CX02 215668 0.001813
215311 CX02 215667 0.001813
215311 CX12 215666 0.984462
215311 CX12 215665 0.002220
215311 CX12 215664 0.002220
215311 CX12 215663 0.002220
215311 CX12 215669 0.002220
215311 CX12 215670 0.002220
215311 CX12 215667 0.002220
215311 CX12 215668 0.002220
215311 P2 215189 0.977000
215311 P2 215311 0.153000
215311 X0 215350 0.999194
215311 X0 215311 0.000269
215311 X0 215233 0.000269
215311 X0 215272 0.000269
215350 CX02 215669 0.987309
215350 CX02 215670 0.001813
215350 CX02 215667 0.001813
215350 CX02 215668 0.001813
215350 CX02 215665 0.001813
215350 CX02 215666 0.001813
215350 CX02 215663 0.001813
215350 CX02 215664 0.001813
215350 CX12 215670 0.984462
215350 CX12 215669 0.002220
215350 CX12 215668 0.002220
215350 CX12 215667 0.002220
215350 CX12 215665 0.002220
215350 CX12 215666 0.002220
215350 CX12 215663 0.002220
215350 CX12 215664 0.002220
215350 P2 215190 0.977000
215350 P2 215350 0.153000
215350 X0 215311 0.999194
215350 X0 215350 0.000269
215350 X0 215272 0.000269
215350 X0 215233 0.000269
215371 CX02 215208 0.987309
215371 CX02 215207 0.001813
215371 CX02 215210 0.001813
215371 CX02 215209 0.001813
215371 CX02 215212 0.001813
215371 CX02 215211 0.001813
215371 CX02 215214 0.001813
215371 CX02 215213 0.001813
215371 CX12 215208 0.984462
215371 CX12 215207 0.002220
215371 CX12 215210 0.002220
215371 CX12 215209 0.002220
215371 CX12 215211 0.002220
215371 CX12 215212 0.002220
215371 CX12 215213 0.002220
215371 CX12 215214 0.002220
215371 P2 215841 0.847000
215371 P2 215371 0.023000
215371 X0 215372 0.999194
215371 X0 215371 0.000269
215371 X0 215374 0.000269
215371 X0 215373 0.000269
215372 CX02 215211 0.987309
215372 CX02 215212 0.001813
215372 CX02 215213 0.001813
215372 CX02 215214 0.001813
215372 CX02 215207 0.001813
215372 CX02 215208 0.001813
215372 CX02 215209 0.001813
215372 CX02 215210 0.001813
215372 CX12 215212 0.984462
215372 CX12 215211 0.002220
215372 CX12 215214 0.002220
215372 CX12 215213 0.002220
215372 CX12 215207 0.002220
215372 CX12 215208 0.002220
215372 CX12 215209 0.002220
215372 CX12 215210 0.002220
215372 P2 215880 0.847000
215372 P2 215372 0.023000
215372 X0 215371 0.999194
215372 X0 215372 0.000269
215372 X0 215373 0.000269
215372 X0 215374 0.000269
215373 CX02 215214 0.987309
215373 CX02 215213 0.001813
215373 CX02 215212 0.001813
215373 CX02 215211 0.001813
215373 CX02 215210 0.001813
215373 CX02 215209 0.001813
215373 CX02 215208 0.001813
215373 CX02 215207 0.001813
215373 CX12 215213 0.984462
215373 CX12 215214 0.002220
215373 CX12 215211 0.002220
215373 CX12 215212 0.002220
215373 CX12 215210 0.002220
215373 CX12 215209 0.002220
215373 CX12 215208 0.002220
215373 CX12 215207 0.002220
215373 P2 215919 0.847000
215373 P2 215373 0.023000
215373 X0 215374 0.999194
215373 X0 215373 0.000269
215373 X0 215372 0.000269
215373 X0 215371 0.000269
215374 CX02 215209 0.987309
215374 CX02 215210 0.001813
215374 CX02 215207 0.001813
215374 CX02 215208 0.001813
215374 CX02 215213 0.001813
215374 CX02 215214 0.001813
215374 CX02 215211 0.001813
215374 CX02 215212 0.001813
215374 CX12 215209 0.984462
215374 CX12 215210 0.002220
215374 CX12 215207 0.002220
215374 CX12 215208 0.002220
215374 CX12 215214 0.002220
215374 CX12 215213 0.002220
215374 CX12 215212 0.002220
215374 CX12 215211 0.002220
215374 P2 215958 0.847000
215374 P2 215374 0.023000
215374 X0 215373 0.999194
215374 X0 215374 0.000269
215374 X0 215371 0.000269
215374 X0 215372 0.000269
215663 CX02 215233 0.987309
215663 CX02 215841 0.001813
215663 CX02 215272 0.001813
215663 CX02 215880 0.001813
215663 CX02 215350 0.001813
215663 CX02 215919 0.001813
215663 CX02 215311 0.001813
215663 CX02 215958 0.001813
215663 CX12 215233 0.984462
215663 CX12 215841 0.002220
215663 CX12 215272 0.002220
215663 CX12 215880 0.002220
215663 CX12 215350 0.002220
215663 CX12 215919 0.002220
215663 CX12 215311 0.002220
215663 CX12 215958 0.002220
215663 X0 215667 0.999194
215663 X0 215663 0.000269
215663 X0 215666 0.000269
215663 X0 215670 0.000269
215664 CX02 215841 0.987309
215664 CX02 215233 0.001813
215664 CX02 215880 0.001813
215664 CX02 215272 0.001813
215664 CX02 215919 0.001813
215664 CX02 215350 0.001813
215664 CX02 215958 0.001813
215664 CX02 215311 0.001813
215664 CX12 215841 0.984462
215664 CX12 215233 0.002220
215664 CX12 215880 0.002220
215664 CX12 215272 0.002220
215664 CX12 215919 0.002220
215664 CX12 215350 0.002220
215664 CX12 215958 0.002220
215664 CX12 215311 0.002220
215664 X0 215668 0.999194
215664 X0 215664 0.000269
215664 X0 215665 0.000269
215664 X0 215669 0.000269
215665 CX02 215958 0.987309
215665 CX02 215311 0.001813
215665 CX02 215919 0.001813
215665 CX02 215350 0.001813
215665 CX02 215880 0.001813
215665 CX02 215272 0.001813
215665 CX02 215841 0.001813
215665 CX02 215233 0.001813
215665 CX12 215958 0.984462
215665 CX12 215311 0.002220
215665 CX12 215919 0.002220
215665 CX12 215350 0.002220
215665 CX12 215880 0.002220
215665 CX12 215272 0.002220
215665 CX12 215841 0.002220
215665 CX12 215233 0.002220
215665 X0 215669 0.999194
215665 X0 215665 0.000269
215665 X0 215664 0.000269
215665 X0 215668 0.000269
215666 CX02 215311 0.987309
215666 CX02 215958 0.001813
215666 CX02 215350 0.001813
215666 CX02 215919 0.001813
215666 CX02 215272 0.001813
215666 CX02 215880 0.001813
215666 CX02 215233 0.001813
215666 CX02 215841 0.001813
215666 CX12 215311 0.984462
215666 CX12 215958 0.002220
215666 CX12 215350 0.002220
215666 CX12 215919 0.002220
215666 CX12 215272 0.002220
215666 CX12 215880 0.002220
215666 CX12 215233 0.002220
215666 CX12 215841 0.002220
215666 X0 215670 0.999194
215666 X0 215666 0.000269
215666 X0 215663 0.000269
215666 X0 215667 0.000269
215667 CX02 215880 0.987309
215667 CX02 215272 0.001813
215667 CX02 215841 0.001813
215667 CX02 215233 0.001813
215667 CX02 215958 0.001813
215667 CX02 215311 0.001813
215667 CX02 215919 0.001813
215667 CX02 215350 0.001813
215667 CX12 215272 0.984462
215667 CX12 215880 0.002220
215667 CX12 215233 0.002220
215667 CX12 215841 0.002220
215667 CX12 215311 0.002220
215667 CX12 215958 0.002220
215667 CX12 215350 0.002220
215667 CX12 215919 0.002220
215667 X0 215663 0.999194
215667 X0 215667 0.000269
215667 X0 215670 0.000269
215667 X0 215666 0.000269
215668 CX02 215272 0.987309
215668 CX02 215880 0.001813
215668 CX02 215233 0.001813
215668 CX02 215841 0.001813
215668 CX02 215311 0.001813
215668 CX02 215958 0.001813
215668 CX02 215350 0.001813
215668 CX02 215919 0.001813
215668 CX12 215880 0.984462
215668 CX12 215272 0.002220
215668 CX12 215841 0.002220
215668 CX12 215233 0.002220
215668 CX12 215958 0.002220
215668 CX12 215311 0.002220
215668 CX12 215919 0.002220
215668 CX12 215350 0.002220
215668 X0 215664 0.999194
215668 X0 215668 0.000269
215668 X0 215669 0.000269
215668 X0 215665 0.000269
215669 CX02 215350 0.987309
215669 CX02 215919 0.001813
215669 CX02 215311 0.001813
215669 CX02 215958 0.001813
215669 CX02 215233 0.001813
215669 CX02 215841 0.001813
215669 CX02 215272 0.001813
215669 CX02 215880 0.001813
215669 CX12 215919 0.984462
215669 CX12 215350 0.002220
215669 CX12 215958 0.002220
215669 CX12 215311 0.002220
215669 CX12 215841 0.002220
215669 CX12 215233 0.002220
215669 CX12 215880 0.002220
215669 CX12 215272 0.002220
215669 X0 215665 0.999194
215669 X0 215669 0.000269
215669 X0 215668 0.000269
215669 X0 215664 0.000269
215670 CX02 215919 0.987309
215670 CX02 215350 0.001813
215670 CX02 215958 0.001813
215670 CX02 215311 0.001813
215670 CX02 215841 0.001813
215670 CX02 215233 0.001813
215670 CX02 215880 0.001813
215670 CX02 215272 0.001813
215670 CX12 215350 0.984462
215670 CX12 215919 0.002220
215670 CX12 215311 0.002220
215670 CX12 215958 0.002220
215670 CX12 215233 0.002220
215670 CX12 215841 0.002220
215670 CX12 215272 0.002220
215670 CX12 215880 0.002220
215670 X0 215666 0.999194
215670 X0 215670 0.000269
215670 X0 215667 0.000269
215670 X0 215663 0.000269
215841 CX02 215664 0.987309
215841 CX02 215663 0.001813
215841 CX02 215666 0.001813
215841 CX02 215665 0.001813
215841 CX02 215668 0.001813
215841 CX02 215667 0.001813
215841 CX02 215670 0.001813
215841 CX02 215669 0.001813
215841 CX12 215664 0.984462
215841 CX12 215663 0.002220
215841 CX12 215666 0.002220
215841 CX12 215665 0.002220
215841 CX12 215667 0.002220
215841 CX12 215668 0.002220
215841 CX12 215669 0.002220
215841 CX12 215670 0.002220
215841 P2 215841 0.847000
215841 P2 215371 0.023000
215841 X0 215880 0.999194
215841 X0 215841 0.000269
215841 X0 215958 0.000269
215841 X0 215919 0.000269
215880 CX02 215667 0.987309
215880 CX02 215668 0.001813
215880 CX02 215669 0.001813
215880 CX02 215670 0.001813
215880 CX02 215663 0.001813
215880 CX02 215664 0.001813
215880 CX02 215665 0.001813
215880 CX02 215666 0.001813
215880 CX12 215668 0.984462
215880 CX12 215667 0.002220
215880 CX12 215670 0.002220
215880 CX12 215669 0.002220
215880 CX12 215663 0.002220
215880 CX12 215664 0.002220
215880 CX12 215665 0.002220
215880 CX12 215666 0.002220
215880 P2 215880 0.847000
215880 P2 215372 0.023000
215880 X0 215841 0.999194
215880 X0 215880 0.000269
215880 X0 215919 0.000269
215880 X0 215958 0.000269
215919 CX02 215670 0.987309
215919 CX02 215669 0.001813
215919 CX02 215668 0.001813
215919 CX02 215667 0.001813
215919 CX02 215666 0.001813
215919 CX02 215665 0.001813
215919 CX02 215664 0.001813
215919 CX02 215663 0.001813
215919 CX12 215669 0.984462
215919 CX12 215670 0.002220
215919 CX12 215667 0.002220
215919 CX12 215668 0.002220
215919 CX12 215666 0.002220
215919 CX12 215665 0.002220
215919 CX12 215664 0.002220
215919 CX12 215663 0.002220
215919 P2 215919 0.847000
215919 P2 215373 0.023000
215919 X0 215958 0.999194
215919 X0 215919 0.000269
215919 X0 215880 0.000269
215919 X0 215841 0.000269
215958 CX02 215665 0.987309
215958 CX02 215666 0.001813
215958 CX02 215663 0.001813
215958 CX02 215664 0.001813
215958 CX02 215669 0.001813
215958 CX02 215670 0.001813
215958 CX02 215667 0.001813
215958 CX02 215668 0.001813
215958 CX12 215665 0.984462
215958 CX12 215666 0.002220
215958 CX12 215663 0.002220
215958 CX12 215664 0.002220
215958 CX12 215670 0.002220
215958 CX12 215669 0.002220
215958 CX12 215668 0.002220
215958 CX12 215667 0.002220
215958 P2 215958 0.847000
215958 P2 215374 0.023000
215958 X0 215919 0.999194
215958 X0 215958 0.000269
215958 X0 215841 0.000269
215958 X0 215880 0.000269
ENDPOMDP
