BEGINPOMDP
INITIALSTATE: 101012
STATES: 101012,101013,101014,101015,101016,101033,101034,101035,101036,101037,101038,101039,101040,101059,101098,101137,101176,101197,101198,101199,101200,101489,101490,101491,101492,101493,101494,101495,101496,101667,101706,101745,101784
TARGETV: 101013,101015,101059,101137,101197,101200,101667,101784
GAMMA: 101012:0,101013:0,101014:0,101015:0,101016:0,101033:0,101034:0,101035:0,101036:0,101037:0,101038:0,101039:0,101040:0,101059:1,101098:1,101137:1,101176:1,101197:0,101198:0,101199:0,101200:0,101489:1,101490:1,101491:1,101492:1,101493:1,101494:1,101495:1,101496:1,101667:1,101706:1,101745:1,101784:1
BEGINACTIONS
CX02 Instruction.CNOT 0 2 -
CX12 Instruction.CNOT 1 2 -
P2 Instruction.MEAS - 2 -
X0 Instruction.X - 0 -
ENDACTIONS
101012 INIT_ 101013 0.250000
101012 INIT_ 101014 0.250000
101012 INIT_ 101015 0.250000
101012 INIT_ 101016 0.250000
101013 CX02 101033 0.986823
101013 CX02 101034 0.001882
101013 CX02 101035 0.001882
101013 CX02 101036 0.001882
101013 CX02 101037 0.001882
101013 CX02 101038 0.001882
101013 CX02 101039 0.001882
101013 CX02 101040 0.001882
101013 CX12 101033 0.989547
101013 CX12 101034 0.001493
101013 CX12 101035 0.001493
101013 CX12 101036 0.001493
101013 CX12 101038 0.001493
101013 CX12 101037 0.001493
101013 CX12 101040 0.001493
101013 CX12 101039 0.001493
101013 P2 101013 0.994800
101013 P2 101059 0.026800
101013 X0 101014 0.999332
101013 X0 101013 0.000223
101013 X0 101015 0.000223
101013 X0 101016 0.000223
101014 CX02 101038 0.986823
101014 CX02 101037 0.001882
101014 CX02 101040 0.001882
101014 CX02 101039 0.001882
101014 CX02 101034 0.001882
101014 CX02 101033 0.001882
101014 CX02 101036 0.001882
101014 CX02 101035 0.001882
101014 CX12 101037 0.989547
101014 CX12 101038 0.001493
101014 CX12 101039 0.001493
101014 CX12 101040 0.001493
101014 CX12 101034 0.001493
101014 CX12 101033 0.001493
101014 CX12 101036 0.001493
101014 CX12 101035 0.001493
101014 P2 101014 0.994800
101014 P2 101098 0.026800
101014 X0 101013 0.999332
101014 X0 101014 0.000223
101014 X0 101016 0.000223
101014 X0 101015 0.000223
101015 CX02 101036 0.986823
101015 CX02 101035 0.001882
101015 CX02 101034 0.001882
101015 CX02 101033 0.001882
101015 CX02 101040 0.001882
101015 CX02 101039 0.001882
101015 CX02 101038 0.001882
101015 CX02 101037 0.001882
101015 CX12 101036 0.989547
101015 CX12 101035 0.001493
101015 CX12 101034 0.001493
101015 CX12 101033 0.001493
101015 CX12 101039 0.001493
101015 CX12 101040 0.001493
101015 CX12 101037 0.001493
101015 CX12 101038 0.001493
101015 P2 101015 0.994800
101015 P2 101137 0.026800
101015 X0 101016 0.999332
101015 X0 101015 0.000223
101015 X0 101013 0.000223
101015 X0 101014 0.000223
101016 CX02 101039 0.986823
101016 CX02 101040 0.001882
101016 CX02 101037 0.001882
101016 CX02 101038 0.001882
101016 CX02 101035 0.001882
101016 CX02 101036 0.001882
101016 CX02 101033 0.001882
101016 CX02 101034 0.001882
101016 CX12 101040 0.989547
101016 CX12 101039 0.001493
101016 CX12 101038 0.001493
101016 CX12 101037 0.001493
101016 CX12 101035 0.001493
101016 CX12 101036 0.001493
101016 CX12 101033 0.001493
101016 CX12 101034 0.001493
101016 P2 101016 0.994800
101016 P2 101176 0.026800
101016 X0 101015 0.999332
101016 X0 101016 0.000223
101016 X0 101014 0.000223
101016 X0 101013 0.000223
101033 CX02 101013 0.986823
101033 CX02 101197 0.001882
101033 CX02 101014 0.001882
101033 CX02 101198 0.001882
101033 CX02 101016 0.001882
101033 CX02 101199 0.001882
101033 CX02 101015 0.001882
101033 CX02 101200 0.001882
101033 CX12 101013 0.989547
101033 CX12 101197 0.001493
101033 CX12 101014 0.001493
101033 CX12 101198 0.001493
101033 CX12 101016 0.001493
101033 CX12 101199 0.001493
101033 CX12 101015 0.001493
101033 CX12 101200 0.001493
101033 X0 101037 0.999332
101033 X0 101033 0.000223
101033 X0 101036 0.000223
101033 X0 101040 0.000223
101034 CX02 101197 0.986823
101034 CX02 101013 0.001882
101034 CX02 101198 0.001882
101034 CX02 101014 0.001882
101034 CX02 101199 0.001882
101034 CX02 101016 0.001882
101034 CX02 101200 0.001882
101034 CX02 101015 0.001882
101034 CX12 101197 0.989547
101034 CX12 101013 0.001493
101034 CX12 101198 0.001493
101034 CX12 101014 0.001493
101034 CX12 101199 0.001493
101034 CX12 101016 0.001493
101034 CX12 101200 0.001493
101034 CX12 101015 0.001493
101034 X0 101038 0.999332
101034 X0 101034 0.000223
101034 X0 101035 0.000223
101034 X0 101039 0.000223
101035 CX02 101200 0.986823
101035 CX02 101015 0.001882
101035 CX02 101199 0.001882
101035 CX02 101016 0.001882
101035 CX02 101198 0.001882
101035 CX02 101014 0.001882
101035 CX02 101197 0.001882
101035 CX02 101013 0.001882
101035 CX12 101200 0.989547
101035 CX12 101015 0.001493
101035 CX12 101199 0.001493
101035 CX12 101016 0.001493
101035 CX12 101198 0.001493
101035 CX12 101014 0.001493
101035 CX12 101197 0.001493
101035 CX12 101013 0.001493
101035 X0 101039 0.999332
101035 X0 101035 0.000223
101035 X0 101034 0.000223
101035 X0 101038 0.000223
101036 CX02 101015 0.986823
101036 CX02 101200 0.001882
101036 CX02 101016 0.001882
101036 CX02 101199 0.001882
101036 CX02 101014 0.001882
101036 CX02 101198 0.001882
101036 CX02 101013 0.001882
101036 CX02 101197 0.001882
101036 CX12 101015 0.989547
101036 CX12 101200 0.001493
101036 CX12 101016 0.001493
101036 CX12 101199 0.001493
101036 CX12 101014 0.001493
101036 CX12 101198 0.001493
101036 CX12 101013 0.001493
101036 CX12 101197 0.001493
101036 X0 101040 0.999332
101036 X0 101036 0.000223
101036 X0 101033 0.000223
101036 X0 101037 0.000223
101037 CX02 101198 0.986823
101037 CX02 101014 0.001882
101037 CX02 101197 0.001882
101037 CX02 101013 0.001882
101037 CX02 101200 0.001882
101037 CX02 101015 0.001882
101037 CX02 101199 0.001882
101037 CX02 101016 0.001882
101037 CX12 101014 0.989547
101037 CX12 101198 0.001493
101037 CX12 101013 0.001493
101037 CX12 101197 0.001493
101037 CX12 101015 0.001493
101037 CX12 101200 0.001493
101037 CX12 101016 0.001493
101037 CX12 101199 0.001493
101037 X0 101033 0.999332
101037 X0 101037 0.000223
101037 X0 101040 0.000223
101037 X0 101036 0.000223
101038 CX02 101014 0.986823
101038 CX02 101198 0.001882
101038 CX02 101013 0.001882
101038 CX02 101197 0.001882
101038 CX02 101015 0.001882
101038 CX02 101200 0.001882
101038 CX02 101016 0.001882
101038 CX02 101199 0.001882
101038 CX12 101198 0.989547
101038 CX12 101014 0.001493
101038 CX12 101197 0.001493
101038 CX12 101013 0.001493
101038 CX12 101200 0.001493
101038 CX12 101015 0.001493
101038 CX12 101199 0.001493
101038 CX12 101016 0.001493
101038 X0 101034 0.999332
101038 X0 101038 0.000223
101038 X0 101039 0.000223
101038 X0 101035 0.000223
101039 CX02 101016 0.986823
101039 CX02 101199 0.001882
101039 CX02 101015 0.001882
101039 CX02 101200 0.001882
101039 CX02 101013 0.001882
101039 CX02 101197 0.001882
101039 CX02 101014 0.001882
101039 CX02 101198 0.001882
101039 CX12 101199 0.989547
101039 CX12 101016 0.001493
101039 CX12 101200 0.001493
101039 CX12 101015 0.001493
101039 CX12 101197 0.001493
101039 CX12 101013 0.001493
101039 CX12 101198 0.001493
101039 CX12 101014 0.001493
101039 X0 101035 0.999332
101039 X0 101039 0.000223
101039 X0 101038 0.000223
101039 X0 101034 0.000223
101040 CX02 101199 0.986823
101040 CX02 101016 0.001882
101040 CX02 101200 0.001882
101040 CX02 101015 0.001882
101040 CX02 101197 0.001882
101040 CX02 101013 0.001882
101040 CX02 101198 0.001882
101040 CX02 101014 0.001882
101040 CX12 101016 0.989547
101040 CX12 101199 0.001493
101040 CX12 101015 0.001493
101040 CX12 101200 0.001493
101040 CX12 101013 0.001493
101040 CX12 101197 0.001493
101040 CX12 101014 0.001493
101040 CX12 101198 0.001493
101040 X0 101036 0.999332
101040 X0 101040 0.000223
101040 X0 101037 0.000223
101040 X0 101033 0.000223
101059 CX02 101489 0.986823
101059 CX02 101490 0.001882
101059 CX02 101491 0.001882
101059 CX02 101492 0.001882
101059 CX02 101493 0.001882
101059 CX02 101494 0.001882
101059 CX02 101495 0.001882
101059 CX02 101496 0.001882
101059 CX12 101489 0.989547
101059 CX12 101490 0.001493
101059 CX12 101491 0.001493
101059 CX12 101492 0.001493
101059 CX12 101494 0.001493
101059 CX12 101493 0.001493
101059 CX12 101496 0.001493
101059 CX12 101495 0.001493
101059 P2 101013 0.994800
101059 P2 101059 0.026800
101059 X0 101098 0.999332
101059 X0 101059 0.000223
101059 X0 101137 0.000223
101059 X0 101176 0.000223
101098 CX02 101494 0.986823
101098 CX02 101493 0.001882
101098 CX02 101496 0.001882
101098 CX02 101495 0.001882
101098 CX02 101490 0.001882
101098 CX02 101489 0.001882
101098 CX02 101492 0.001882
101098 CX02 101491 0.001882
101098 CX12 101493 0.989547
101098 CX12 101494 0.001493
101098 CX12 101495 0.001493
101098 CX12 101496 0.001493
101098 CX12 101490 0.001493
101098 CX12 101489 0.001493
101098 CX12 101492 0.001493
101098 CX12 101491 0.001493
101098 P2 101014 0.994800
101098 P2 101098 0.026800
101098 X0 101059 0.999332
101098 X0 101098 0.000223
101098 X0 101176 0.000223
101098 X0 101137 0.000223
101137 CX02 101492 0.986823
101137 CX02 101491 0.001882
101137 CX02 101490 0.001882
101137 CX02 101489 0.001882
101137 CX02 101496 0.001882
101137 CX02 101495 0.001882
101137 CX02 101494 0.001882
101137 CX02 101493 0.001882
101137 CX12 101492 0.989547
101137 CX12 101491 0.001493
101137 CX12 101490 0.001493
101137 CX12 101489 0.001493
101137 CX12 101495 0.001493
101137 CX12 101496 0.001493
101137 CX12 101493 0.001493
101137 CX12 101494 0.001493
101137 P2 101015 0.994800
101137 P2 101137 0.026800
101137 X0 101176 0.999332
101137 X0 101137 0.000223
101137 X0 101059 0.000223
101137 X0 101098 0.000223
101176 CX02 101495 0.986823
101176 CX02 101496 0.001882
101176 CX02 101493 0.001882
101176 CX02 101494 0.001882
101176 CX02 101491 0.001882
101176 CX02 101492 0.001882
101176 CX02 101489 0.001882
101176 CX02 101490 0.001882
101176 CX12 101496 0.989547
101176 CX12 101495 0.001493
101176 CX12 101494 0.001493
101176 CX12 101493 0.001493
101176 CX12 101491 0.001493
101176 CX12 101492 0.001493
101176 CX12 101489 0.001493
101176 CX12 101490 0.001493
101176 P2 101016 0.994800
101176 P2 101176 0.026800
101176 X0 101137 0.999332
101176 X0 101176 0.000223
101176 X0 101098 0.000223
101176 X0 101059 0.000223
101197 CX02 101034 0.986823
101197 CX02 101033 0.001882
101197 CX02 101036 0.001882
101197 CX02 101035 0.001882
101197 CX02 101038 0.001882
101197 CX02 101037 0.001882
101197 CX02 101040 0.001882
101197 CX02 101039 0.001882
101197 CX12 101034 0.989547
101197 CX12 101033 0.001493
101197 CX12 101036 0.001493
101197 CX12 101035 0.001493
101197 CX12 101037 0.001493
101197 CX12 101038 0.001493
101197 CX12 101039 0.001493
101197 CX12 101040 0.001493
101197 P2 101667 0.973200
101197 P2 101197 0.005200
101197 X0 101198 0.999332
101197 X0 101197 0.000223
101197 X0 101200 0.000223
101197 X0 101199 0.000223
101198 CX02 101037 0.986823
101198 CX02 101038 0.001882
101198 CX02 101039 0.001882
101198 CX02 101040 0.001882
101198 CX02 101033 0.001882
101198 CX02 101034 0.001882
101198 CX02 101035 0.001882
101198 CX02 101036 0.001882
101198 CX12 101038 0.989547
101198 CX12 101037 0.001493
101198 CX12 101040 0.001493
101198 CX12 101039 0.001493
101198 CX12 101033 0.001493
101198 CX12 101034 0.001493
101198 CX12 101035 0.001493
101198 CX12 101036 0.001493
101198 P2 101706 0.973200
101198 P2 101198 0.005200
101198 X0 101197 0.999332
101198 X0 101198 0.000223
101198 X0 101199 0.000223
101198 X0 101200 0.000223
101199 CX02 101040 0.986823
101199 CX02 101039 0.001882
101199 CX02 101038 0.001882
101199 CX02 101037 0.001882
101199 CX02 101036 0.001882
101199 CX02 101035 0.001882
101199 CX02 101034 0.001882
101199 CX02 101033 0.001882
101199 CX12 101039 0.989547
101199 CX12 101040 0.001493
101199 CX12 101037 0.001493
101199 CX12 101038 0.001493
101199 CX12 101036 0.001493
101199 CX12 101035 0.001493
101199 CX12 101034 0.001493
101199 CX12 101033 0.001493
101199 P2 101745 0.973200
101199 P2 101199 0.005200
101199 X0 101200 0.999332
101199 X0 101199 0.000223
101199 X0 101198 0.000223
101199 X0 101197 0.000223
101200 CX02 101035 0.986823
101200 CX02 101036 0.001882
101200 CX02 101033 0.001882
101200 CX02 101034 0.001882
101200 CX02 101039 0.001882
101200 CX02 101040 0.001882
101200 CX02 101037 0.001882
101200 CX02 101038 0.001882
101200 CX12 101035 0.989547
101200 CX12 101036 0.001493
101200 CX12 101033 0.001493
101200 CX12 101034 0.001493
101200 CX12 101040 0.001493
101200 CX12 101039 0.001493
101200 CX12 101038 0.001493
101200 CX12 101037 0.001493
101200 P2 101784 0.973200
101200 P2 101200 0.005200
101200 X0 101199 0.999332
101200 X0 101200 0.000223
101200 X0 101197 0.000223
101200 X0 101198 0.000223
101489 CX02 101059 0.986823
101489 CX02 101667 0.001882
101489 CX02 101098 0.001882
101489 CX02 101706 0.001882
101489 CX02 101176 0.001882
101489 CX02 101745 0.001882
101489 CX02 101137 0.001882
101489 CX02 101784 0.001882
101489 CX12 101059 0.989547
101489 CX12 101667 0.001493
101489 CX12 101098 0.001493
101489 CX12 101706 0.001493
101489 CX12 101176 0.001493
101489 CX12 101745 0.001493
101489 CX12 101137 0.001493
101489 CX12 101784 0.001493
101489 X0 101493 0.999332
101489 X0 101489 0.000223
101489 X0 101492 0.000223
101489 X0 101496 0.000223
101490 CX02 101667 0.986823
101490 CX02 101059 0.001882
101490 CX02 101706 0.001882
101490 CX02 101098 0.001882
101490 CX02 101745 0.001882
101490 CX02 101176 0.001882
101490 CX02 101784 0.001882
101490 CX02 101137 0.001882
101490 CX12 101667 0.989547
101490 CX12 101059 0.001493
101490 CX12 101706 0.001493
101490 CX12 101098 0.001493
101490 CX12 101745 0.001493
101490 CX12 101176 0.001493
101490 CX12 101784 0.001493
101490 CX12 101137 0.001493
101490 X0 101494 0.999332
101490 X0 101490 0.000223
101490 X0 101491 0.000223
101490 X0 101495 0.000223
101491 CX02 101784 0.986823
101491 CX02 101137 0.001882
101491 CX02 101745 0.001882
101491 CX02 101176 0.001882
101491 CX02 101706 0.001882
101491 CX02 101098 0.001882
101491 CX02 101667 0.001882
101491 CX02 101059 0.001882
101491 CX12 101784 0.989547
101491 CX12 101137 0.001493
101491 CX12 101745 0.001493
101491 CX12 101176 0.001493
101491 CX12 101706 0.001493
101491 CX12 101098 0.001493
101491 CX12 101667 0.001493
101491 CX12 101059 0.001493
101491 X0 101495 0.999332
101491 X0 101491 0.000223
101491 X0 101490 0.000223
101491 X0 101494 0.000223
101492 CX02 101137 0.986823
101492 CX02 101784 0.001882
101492 CX02 101176 0.001882
101492 CX02 101745 0.001882
101492 CX02 101098 0.001882
101492 CX02 101706 0.001882
101492 CX02 101059 0.001882
101492 CX02 101667 0.001882
101492 CX12 101137 0.989547
101492 CX12 101784 0.001493
101492 CX12 101176 0.001493
101492 CX12 101745 0.001493
101492 CX12 101098 0.001493
101492 CX12 101706 0.001493
101492 CX12 101059 0.001493
101492 CX12 101667 0.001493
101492 X0 101496 0.999332
101492 X0 101492 0.000223
101492 X0 101489 0.000223
101492 X0 101493 0.000223
101493 CX02 101706 0.986823
101493 CX02 101098 0.001882
101493 CX02 101667 0.001882
101493 CX02 101059 0.001882
101493 CX02 101784 0.001882
101493 CX02 101137 0.001882
101493 CX02 101745 0.001882
101493 CX02 101176 0.001882
101493 CX12 101098 0.989547
101493 CX12 101706 0.001493
101493 CX12 101059 0.001493
101493 CX12 101667 0.001493
101493 CX12 101137 0.001493
101493 CX12 101784 0.001493
101493 CX12 101176 0.001493
101493 CX12 101745 0.001493
101493 X0 101489 0.999332
101493 X0 101493 0.000223
101493 X0 101496 0.000223
101493 X0 101492 0.000223
101494 CX02 101098 0.986823
101494 CX02 101706 0.001882
101494 CX02 101059 0.001882
101494 CX02 101667 0.001882
101494 CX02 101137 0.001882
101494 CX02 101784 0.001882
101494 CX02 101176 0.001882
101494 CX02 101745 0.001882
101494 CX12 101706 0.989547
101494 CX12 101098 0.001493
101494 CX12 101667 0.001493
101494 CX12 101059 0.001493
101494 CX12 101784 0.001493
101494 CX12 101137 0.001493
101494 CX12 101745 0.001493
101494 CX12 101176 0.001493
101494 X0 101490 0.999332
101494 X0 101494 0.000223
101494 X0 101495 0.000223
101494 X0 101491 0.000223
101495 CX02 101176 0.986823
101495 CX02 101745 0.001882
101495 CX02 101137 0.001882
101495 CX02 101784 0.001882
101495 CX02 101059 0.001882
101495 CX02 101667 0.001882
101495 CX02 101098 0.001882
101495 CX02 101706 0.001882
101495 CX12 101745 0.989547
101495 CX12 101176 0.001493
101495 CX12 101784 0.001493
101495 CX12 101137 0.001493
101495 CX12 101667 0.001493
101495 CX12 101059 0.001493
101495 CX12 101706 0.001493
101495 CX12 101098 0.001493
101495 X0 101491 0.999332
101495 X0 101495 0.000223
101495 X0 101494 0.000223
101495 X0 101490 0.000223
101496 CX02 101745 0.986823
101496 CX02 101176 0.001882
101496 CX02 101784 0.001882
101496 CX02 101137 0.001882
101496 CX02 101667 0.001882
101496 CX02 101059 0.001882
101496 CX02 101706 0.001882
101496 CX02 101098 0.001882
101496 CX12 101176 0.989547
101496 CX12 101745 0.001493
101496 CX12 101137 0.001493
101496 CX12 101784 0.001493
101496 CX12 101059 0.001493
101496 CX12 101667 0.001493
101496 CX12 101098 0.001493
101496 CX12 101706 0.001493
101496 X0 101492 0.999332
101496 X0 101496 0.000223
101496 X0 101493 0.000223
101496 X0 101489 0.000223
101667 CX02 101490 0.986823
101667 CX02 101489 0.001882
101667 CX02 101492 0.001882
101667 CX02 101491 0.001882
101667 CX02 101494 0.001882
101667 CX02 101493 0.001882
101667 CX02 101496 0.001882
101667 CX02 101495 0.001882
101667 CX12 101490 0.989547
101667 CX12 101489 0.001493
101667 CX12 101492 0.001493
101667 CX12 101491 0.001493
101667 CX12 101493 0.001493
101667 CX12 101494 0.001493
101667 CX12 101495 0.001493
101667 CX12 101496 0.001493
101667 P2 101667 0.973200
101667 P2 101197 0.005200
101667 X0 101706 0.999332
101667 X0 101667 0.000223
101667 X0 101784 0.000223
101667 X0 101745 0.000223
101706 CX02 101493 0.986823
101706 CX02 101494 0.001882
101706 CX02 101495 0.001882
101706 CX02 101496 0.001882
101706 CX02 101489 0.001882
101706 CX02 101490 0.001882
101706 CX02 101491 0.001882
101706 CX02 101492 0.001882
101706 CX12 101494 0.989547
101706 CX12 101493 0.001493
101706 CX12 101496 0.001493
101706 CX12 101495 0.001493
101706 CX12 101489 0.001493
101706 CX12 101490 0.001493
101706 CX12 101491 0.001493
101706 CX12 101492 0.001493
101706 P2 101706 0.973200
101706 P2 101198 0.005200
101706 X0 101667 0.999332
101706 X0 101706 0.000223
101706 X0 101745 0.000223
101706 X0 101784 0.000223
101745 CX02 101496 0.986823
101745 CX02 101495 0.001882
101745 CX02 101494 0.001882
101745 CX02 101493 0.001882
101745 CX02 101492 0.001882
101745 CX02 101491 0.001882
101745 CX02 101490 0.001882
101745 CX02 101489 0.001882
101745 CX12 101495 0.989547
101745 CX12 101496 0.001493
101745 CX12 101493 0.001493
101745 CX12 101494 0.001493
101745 CX12 101492 0.001493
101745 CX12 101491 0.001493
101745 CX12 101490 0.001493
101745 CX12 101489 0.001493
101745 P2 101745 0.973200
101745 P2 101199 0.005200
101745 X0 101784 0.999332
101745 X0 101745 0.000223
101745 X0 101706 0.000223
101745 X0 101667 0.000223
101784 CX02 101491 0.986823
101784 CX02 101492 0.001882
101784 CX02 101489 0.001882
101784 CX02 101490 0.001882
101784 CX02 101495 0.001882
101784 CX02 101496 0.001882
101784 CX02 101493 0.001882
101784 CX02 101494 0.001882
101784 CX12 101491 0.989547
101784 CX12 101492 0.001493
101784 CX12 101489 0.001493
101784 CX12 101490 0.001493
101784 CX12 101496 0.001493
101784 CX12 101495 0.001493
101784 CX12 101494 0.001493
101784 CX12 101493 0.001493
101784 P2 101784 0.973200
101784 P2 101200 0.005200
101784 X0 101745 0.999332
101784 X0 101784 0.000223
101784 X0 101667 0.000223
101784 X0 101706 0.000223
ENDPOMDP
