BEGINPOMDP
INITIALSTATE: 213969
STATES: 213969,213970,213971,213972,213973,213990,213991,213992,213993,213994,213995,213996,213997,214016,214055,214094,214133,214154,214155,214156,214157,214446,214447,214448,214449,214450,214451,214452,214453,214624,214663,214702,214741
TARGETV: 213970,213972,214016,214094,214154,214157,214624,214741
GAMMA: 213969:0,213970:0,213971:0,213972:0,213973:0,213990:0,213991:0,213992:0,213993:0,213994:0,213995:0,213996:0,213997:0,214016:1,214055:1,214094:1,214133:1,214154:0,214155:0,214156:0,214157:0,214446:1,214447:1,214448:1,214449:1,214450:1,214451:1,214452:1,214453:1,214624:1,214663:1,214702:1,214741:1
BEGINACTIONS
CX02 Instruction.CNOT 0 2 -
CX12 Instruction.CNOT 1 2 -
P2 Instruction.MEAS - 2 -
X0 Instruction.U3 - 0 3.141592653589793,6.283185307179586,3.141592653589793
ENDACTIONS
213969 INIT_ 213970 0.250000
213969 INIT_ 213971 0.250000
213969 INIT_ 213972 0.250000
213969 INIT_ 213973 0.250000
213970 CX02 213990 0.983748
213970 CX02 213991 0.002322
213970 CX02 213992 0.002322
213970 CX02 213993 0.002322
213970 CX02 213994 0.002322
213970 CX02 213995 0.002322
213970 CX02 213996 0.002322
213970 CX02 213997 0.002322
213970 CX12 213990 0.984462
213970 CX12 213991 0.002220
213970 CX12 213992 0.002220
213970 CX12 213993 0.002220
213970 CX12 213995 0.002220
213970 CX12 213994 0.002220
213970 CX12 213997 0.002220
213970 CX12 213996 0.002220
213970 P2 213970 0.977000
213970 P2 214016 0.153000
213970 X0 213971 0.998376
213970 X0 213970 0.000541
213970 X0 213972 0.000541
213970 X0 213973 0.000541
213971 CX02 213995 0.983748
213971 CX02 213994 0.002322
213971 CX02 213997 0.002322
213971 CX02 213996 0.002322
213971 CX02 213991 0.002322
213971 CX02 213990 0.002322
213971 CX02 213993 0.002322
213971 CX02 213992 0.002322
213971 CX12 213994 0.984462
213971 CX12 213995 0.002220
213971 CX12 213996 0.002220
213971 CX12 213997 0.002220
213971 CX12 213991 0.002220
213971 CX12 213990 0.002220
213971 CX12 213993 0.002220
213971 CX12 213992 0.002220
213971 P2 213971 0.977000
213971 P2 214055 0.153000
213971 X0 213970 0.998376
213971 X0 213971 0.000541
213971 X0 213973 0.000541
213971 X0 213972 0.000541
213972 CX02 213993 0.983748
213972 CX02 213992 0.002322
213972 CX02 213991 0.002322
213972 CX02 213990 0.002322
213972 CX02 213997 0.002322
213972 CX02 213996 0.002322
213972 CX02 213995 0.002322
213972 CX02 213994 0.002322
213972 CX12 213993 0.984462
213972 CX12 213992 0.002220
213972 CX12 213991 0.002220
213972 CX12 213990 0.002220
213972 CX12 213996 0.002220
213972 CX12 213997 0.002220
213972 CX12 213994 0.002220
213972 CX12 213995 0.002220
213972 P2 213972 0.977000
213972 P2 214094 0.153000
213972 X0 213973 0.998376
213972 X0 213972 0.000541
213972 X0 213970 0.000541
213972 X0 213971 0.000541
213973 CX02 213996 0.983748
213973 CX02 213997 0.002322
213973 CX02 213994 0.002322
213973 CX02 213995 0.002322
213973 CX02 213992 0.002322
213973 CX02 213993 0.002322
213973 CX02 213990 0.002322
213973 CX02 213991 0.002322
213973 CX12 213997 0.984462
213973 CX12 213996 0.002220
213973 CX12 213995 0.002220
213973 CX12 213994 0.002220
213973 CX12 213992 0.002220
213973 CX12 213993 0.002220
213973 CX12 213990 0.002220
213973 CX12 213991 0.002220
213973 P2 213973 0.977000
213973 P2 214133 0.153000
213973 X0 213972 0.998376
213973 X0 213973 0.000541
213973 X0 213971 0.000541
213973 X0 213970 0.000541
213990 CX02 213970 0.983748
213990 CX02 214154 0.002322
213990 CX02 213971 0.002322
213990 CX02 214155 0.002322
213990 CX02 213973 0.002322
213990 CX02 214156 0.002322
213990 CX02 213972 0.002322
213990 CX02 214157 0.002322
213990 CX12 213970 0.984462
213990 CX12 214154 0.002220
213990 CX12 213971 0.002220
213990 CX12 214155 0.002220
213990 CX12 213973 0.002220
213990 CX12 214156 0.002220
213990 CX12 213972 0.002220
213990 CX12 214157 0.002220
213990 X0 213994 0.998376
213990 X0 213990 0.000541
213990 X0 213993 0.000541
213990 X0 213997 0.000541
213991 CX02 214154 0.983748
213991 CX02 213970 0.002322
213991 CX02 214155 0.002322
213991 CX02 213971 0.002322
213991 CX02 214156 0.002322
213991 CX02 213973 0.002322
213991 CX02 214157 0.002322
213991 CX02 213972 0.002322
213991 CX12 214154 0.984462
213991 CX12 213970 0.002220
213991 CX12 214155 0.002220
213991 CX12 213971 0.002220
213991 CX12 214156 0.002220
213991 CX12 213973 0.002220
213991 CX12 214157 0.002220
213991 CX12 213972 0.002220
213991 X0 213995 0.998376
213991 X0 213991 0.000541
213991 X0 213992 0.000541
213991 X0 213996 0.000541
213992 CX02 214157 0.983748
213992 CX02 213972 0.002322
213992 CX02 214156 0.002322
213992 CX02 213973 0.002322
213992 CX02 214155 0.002322
213992 CX02 213971 0.002322
213992 CX02 214154 0.002322
213992 CX02 213970 0.002322
213992 CX12 214157 0.984462
213992 CX12 213972 0.002220
213992 CX12 214156 0.002220
213992 CX12 213973 0.002220
213992 CX12 214155 0.002220
213992 CX12 213971 0.002220
213992 CX12 214154 0.002220
213992 CX12 213970 0.002220
213992 X0 213996 0.998376
213992 X0 213992 0.000541
213992 X0 213991 0.000541
213992 X0 213995 0.000541
213993 CX02 213972 0.983748
213993 CX02 214157 0.002322
213993 CX02 213973 0.002322
213993 CX02 214156 0.002322
213993 CX02 213971 0.002322
213993 CX02 214155 0.002322
213993 CX02 213970 0.002322
213993 CX02 214154 0.002322
213993 CX12 213972 0.984462
213993 CX12 214157 0.002220
213993 CX12 213973 0.002220
213993 CX12 214156 0.002220
213993 CX12 213971 0.002220
213993 CX12 214155 0.002220
213993 CX12 213970 0.002220
213993 CX12 214154 0.002220
213993 X0 213997 0.998376
213993 X0 213993 0.000541
213993 X0 213990 0.000541
213993 X0 213994 0.000541
213994 CX02 214155 0.983748
213994 CX02 213971 0.002322
213994 CX02 214154 0.002322
213994 CX02 213970 0.002322
213994 CX02 214157 0.002322
213994 CX02 213972 0.002322
213994 CX02 214156 0.002322
213994 CX02 213973 0.002322
213994 CX12 213971 0.984462
213994 CX12 214155 0.002220
213994 CX12 213970 0.002220
213994 CX12 214154 0.002220
213994 CX12 213972 0.002220
213994 CX12 214157 0.002220
213994 CX12 213973 0.002220
213994 CX12 214156 0.002220
213994 X0 213990 0.998376
213994 X0 213994 0.000541
213994 X0 213997 0.000541
213994 X0 213993 0.000541
213995 CX02 213971 0.983748
213995 CX02 214155 0.002322
213995 CX02 213970 0.002322
213995 CX02 214154 0.002322
213995 CX02 213972 0.002322
213995 CX02 214157 0.002322
213995 CX02 213973 0.002322
213995 CX02 214156 0.002322
213995 CX12 214155 0.984462
213995 CX12 213971 0.002220
213995 CX12 214154 0.002220
213995 CX12 213970 0.002220
213995 CX12 214157 0.002220
213995 CX12 213972 0.002220
213995 CX12 214156 0.002220
213995 CX12 213973 0.002220
213995 X0 213991 0.998376
213995 X0 213995 0.000541
213995 X0 213996 0.000541
213995 X0 213992 0.000541
213996 CX02 213973 0.983748
213996 CX02 214156 0.002322
213996 CX02 213972 0.002322
213996 CX02 214157 0.002322
213996 CX02 213970 0.002322
213996 CX02 214154 0.002322
213996 CX02 213971 0.002322
213996 CX02 214155 0.002322
213996 CX12 214156 0.984462
213996 CX12 213973 0.002220
213996 CX12 214157 0.002220
213996 CX12 213972 0.002220
213996 CX12 214154 0.002220
213996 CX12 213970 0.002220
213996 CX12 214155 0.002220
213996 CX12 213971 0.002220
213996 X0 213992 0.998376
213996 X0 213996 0.000541
213996 X0 213995 0.000541
213996 X0 213991 0.000541
213997 CX02 214156 0.983748
213997 CX02 213973 0.002322
213997 CX02 214157 0.002322
213997 CX02 213972 0.002322
213997 CX02 214154 0.002322
213997 CX02 213970 0.002322
213997 CX02 214155 0.002322
213997 CX02 213971 0.002322
213997 CX12 213973 0.984462
213997 CX12 214156 0.002220
213997 CX12 213972 0.002220
213997 CX12 214157 0.002220
213997 CX12 213970 0.002220
213997 CX12 214154 0.002220
213997 CX12 213971 0.002220
213997 CX12 214155 0.002220
213997 X0 213993 0.998376
213997 X0 213997 0.000541
213997 X0 213994 0.000541
213997 X0 213990 0.000541
214016 CX02 214446 0.983748
214016 CX02 214447 0.002322
214016 CX02 214448 0.002322
214016 CX02 214449 0.002322
214016 CX02 214450 0.002322
214016 CX02 214451 0.002322
214016 CX02 214452 0.002322
214016 CX02 214453 0.002322
214016 CX12 214446 0.984462
214016 CX12 214447 0.002220
214016 CX12 214448 0.002220
214016 CX12 214449 0.002220
214016 CX12 214451 0.002220
214016 CX12 214450 0.002220
214016 CX12 214453 0.002220
214016 CX12 214452 0.002220
214016 P2 213970 0.977000
214016 P2 214016 0.153000
214016 X0 214055 0.998376
214016 X0 214016 0.000541
214016 X0 214094 0.000541
214016 X0 214133 0.000541
214055 CX02 214451 0.983748
214055 CX02 214450 0.002322
214055 CX02 214453 0.002322
214055 CX02 214452 0.002322
214055 CX02 214447 0.002322
214055 CX02 214446 0.002322
214055 CX02 214449 0.002322
214055 CX02 214448 0.002322
214055 CX12 214450 0.984462
214055 CX12 214451 0.002220
214055 CX12 214452 0.002220
214055 CX12 214453 0.002220
214055 CX12 214447 0.002220
214055 CX12 214446 0.002220
214055 CX12 214449 0.002220
214055 CX12 214448 0.002220
214055 P2 213971 0.977000
214055 P2 214055 0.153000
214055 X0 214016 0.998376
214055 X0 214055 0.000541
214055 X0 214133 0.000541
214055 X0 214094 0.000541
214094 CX02 214449 0.983748
214094 CX02 214448 0.002322
214094 CX02 214447 0.002322
214094 CX02 214446 0.002322
214094 CX02 214453 0.002322
214094 CX02 214452 0.002322
214094 CX02 214451 0.002322
214094 CX02 214450 0.002322
214094 CX12 214449 0.984462
214094 CX12 214448 0.002220
214094 CX12 214447 0.002220
214094 CX12 214446 0.002220
214094 CX12 214452 0.002220
214094 CX12 214453 0.002220
214094 CX12 214450 0.002220
214094 CX12 214451 0.002220
214094 P2 213972 0.977000
214094 P2 214094 0.153000
214094 X0 214133 0.998376
214094 X0 214094 0.000541
214094 X0 214016 0.000541
214094 X0 214055 0.000541
214133 CX02 214452 0.983748
214133 CX02 214453 0.002322
214133 CX02 214450 0.002322
214133 CX02 214451 0.002322
214133 CX02 214448 0.002322
214133 CX02 214449 0.002322
214133 CX02 214446 0.002322
214133 CX02 214447 0.002322
214133 CX12 214453 0.984462
214133 CX12 214452 0.002220
214133 CX12 214451 0.002220
214133 CX12 214450 0.002220
214133 CX12 214448 0.002220
214133 CX12 214449 0.002220
214133 CX12 214446 0.002220
214133 CX12 214447 0.002220
214133 P2 213973 0.977000
214133 P2 214133 0.153000
214133 X0 214094 0.998376
214133 X0 214133 0.000541
214133 X0 214055 0.000541
214133 X0 214016 0.000541
214154 CX02 213991 0.983748
214154 CX02 213990 0.002322
214154 CX02 213993 0.002322
214154 CX02 213992 0.002322
214154 CX02 213995 0.002322
214154 CX02 213994 0.002322
214154 CX02 213997 0.002322
214154 CX02 213996 0.002322
214154 CX12 213991 0.984462
214154 CX12 213990 0.002220
214154 CX12 213993 0.002220
214154 CX12 213992 0.002220
214154 CX12 213994 0.002220
214154 CX12 213995 0.002220
214154 CX12 213996 0.002220
214154 CX12 213997 0.002220
214154 P2 214624 0.847000
214154 P2 214154 0.023000
214154 X0 214155 0.998376
214154 X0 214154 0.000541
214154 X0 214157 0.000541
214154 X0 214156 0.000541
214155 CX02 213994 0.983748
214155 CX02 213995 0.002322
214155 CX02 213996 0.002322
214155 CX02 213997 0.002322
214155 CX02 213990 0.002322
214155 CX02 213991 0.002322
214155 CX02 213992 0.002322
214155 CX02 213993 0.002322
214155 CX12 213995 0.984462
214155 CX12 213994 0.002220
214155 CX12 213997 0.002220
214155 CX12 213996 0.002220
214155 CX12 213990 0.002220
214155 CX12 213991 0.002220
214155 CX12 213992 0.002220
214155 CX12 213993 0.002220
214155 P2 214663 0.847000
214155 P2 214155 0.023000
214155 X0 214154 0.998376
214155 X0 214155 0.000541
214155 X0 214156 0.000541
214155 X0 214157 0.000541
214156 CX02 213997 0.983748
214156 CX02 213996 0.002322
214156 CX02 213995 0.002322
214156 CX02 213994 0.002322
214156 CX02 213993 0.002322
214156 CX02 213992 0.002322
214156 CX02 213991 0.002322
214156 CX02 213990 0.002322
214156 CX12 213996 0.984462
214156 CX12 213997 0.002220
214156 CX12 213994 0.002220
214156 CX12 213995 0.002220
214156 CX12 213993 0.002220
214156 CX12 213992 0.002220
214156 CX12 213991 0.002220
214156 CX12 213990 0.002220
214156 P2 214702 0.847000
214156 P2 214156 0.023000
214156 X0 214157 0.998376
214156 X0 214156 0.000541
214156 X0 214155 0.000541
214156 X0 214154 0.000541
214157 CX02 213992 0.983748
214157 CX02 213993 0.002322
214157 CX02 213990 0.002322
214157 CX02 213991 0.002322
214157 CX02 213996 0.002322
214157 CX02 213997 0.002322
214157 CX02 213994 0.002322
214157 CX02 213995 0.002322
214157 CX12 213992 0.984462
214157 CX12 213993 0.002220
214157 CX12 213990 0.002220
214157 CX12 213991 0.002220
214157 CX12 213997 0.002220
214157 CX12 213996 0.002220
214157 CX12 213995 0.002220
214157 CX12 213994 0.002220
214157 P2 214741 0.847000
214157 P2 214157 0.023000
214157 X0 214156 0.998376
214157 X0 214157 0.000541
214157 X0 214154 0.000541
214157 X0 214155 0.000541
214446 CX02 214016 0.983748
214446 CX02 214624 0.002322
214446 CX02 214055 0.002322
214446 CX02 214663 0.002322
214446 CX02 214133 0.002322
214446 CX02 214702 0.002322
214446 CX02 214094 0.002322
214446 CX02 214741 0.002322
214446 CX12 214016 0.984462
214446 CX12 214624 0.002220
214446 CX12 214055 0.002220
214446 CX12 214663 0.002220
214446 CX12 214133 0.002220
214446 CX12 214702 0.002220
214446 CX12 214094 0.002220
214446 CX12 214741 0.002220
214446 X0 214450 0.998376
214446 X0 214446 0.000541
214446 X0 214449 0.000541
214446 X0 214453 0.000541
214447 CX02 214624 0.983748
214447 CX02 214016 0.002322
214447 CX02 214663 0.002322
214447 CX02 214055 0.002322
214447 CX02 214702 0.002322
214447 CX02 214133 0.002322
214447 CX02 214741 0.002322
214447 CX02 214094 0.002322
214447 CX12 214624 0.984462
214447 CX12 214016 0.002220
214447 CX12 214663 0.002220
214447 CX12 214055 0.002220
214447 CX12 214702 0.002220
214447 CX12 214133 0.002220
214447 CX12 214741 0.002220
214447 CX12 214094 0.002220
214447 X0 214451 0.998376
214447 X0 214447 0.000541
214447 X0 214448 0.000541
214447 X0 214452 0.000541
214448 CX02 214741 0.983748
214448 CX02 214094 0.002322
214448 CX02 214702 0.002322
214448 CX02 214133 0.002322
214448 CX02 214663 0.002322
214448 CX02 214055 0.002322
214448 CX02 214624 0.002322
214448 CX02 214016 0.002322
214448 CX12 214741 0.984462
214448 CX12 214094 0.002220
214448 CX12 214702 0.002220
214448 CX12 214133 0.002220
214448 CX12 214663 0.002220
214448 CX12 214055 0.002220
214448 CX12 214624 0.002220
214448 CX12 214016 0.002220
214448 X0 214452 0.998376
214448 X0 214448 0.000541
214448 X0 214447 0.000541
214448 X0 214451 0.000541
214449 CX02 214094 0.983748
214449 CX02 214741 0.002322
214449 CX02 214133 0.002322
214449 CX02 214702 0.002322
214449 CX02 214055 0.002322
214449 CX02 214663 0.002322
214449 CX02 214016 0.002322
214449 CX02 214624 0.002322
214449 CX12 214094 0.984462
214449 CX12 214741 0.002220
214449 CX12 214133 0.002220
214449 CX12 214702 0.002220
214449 CX12 214055 0.002220
214449 CX12 214663 0.002220
214449 CX12 214016 0.002220
214449 CX12 214624 0.002220
214449 X0 214453 0.998376
214449 X0 214449 0.000541
214449 X0 214446 0.000541
214449 X0 214450 0.000541
214450 CX02 214663 0.983748
214450 CX02 214055 0.002322
214450 CX02 214624 0.002322
214450 CX02 214016 0.002322
214450 CX02 214741 0.002322
214450 CX02 214094 0.002322
214450 CX02 214702 0.002322
214450 CX02 214133 0.002322
214450 CX12 214055 0.984462
214450 CX12 214663 0.002220
214450 CX12 214016 0.002220
214450 CX12 214624 0.002220
214450 CX12 214094 0.002220
214450 CX12 214741 0.002220
214450 CX12 214133 0.002220
214450 CX12 214702 0.002220
214450 X0 214446 0.998376
214450 X0 214450 0.000541
214450 X0 214453 0.000541
214450 X0 214449 0.000541
214451 CX02 214055 0.983748
214451 CX02 214663 0.002322
214451 CX02 214016 0.002322
214451 CX02 214624 0.002322
214451 CX02 214094 0.002322
214451 CX02 214741 0.002322
214451 CX02 214133 0.002322
214451 CX02 214702 0.002322
214451 CX12 214663 0.984462
214451 CX12 214055 0.002220
214451 CX12 214624 0.002220
214451 CX12 214016 0.002220
214451 CX12 214741 0.002220
214451 CX12 214094 0.002220
214451 CX12 214702 0.002220
214451 CX12 214133 0.002220
214451 X0 214447 0.998376
214451 X0 214451 0.000541
214451 X0 214452 0.000541
214451 X0 214448 0.000541
214452 CX02 214133 0.983748
214452 CX02 214702 0.002322
214452 CX02 214094 0.002322
214452 CX02 214741 0.002322
214452 CX02 214016 0.002322
214452 CX02 214624 0.002322
214452 CX02 214055 0.002322
214452 CX02 214663 0.002322
214452 CX12 214702 0.984462
214452 CX12 214133 0.002220
214452 CX12 214741 0.002220
214452 CX12 214094 0.002220
214452 CX12 214624 0.002220
214452 CX12 214016 0.002220
214452 CX12 214663 0.002220
214452 CX12 214055 0.002220
214452 X0 214448 0.998376
214452 X0 214452 0.000541
214452 X0 214451 0.000541
214452 X0 214447 0.000541
214453 CX02 214702 0.983748
214453 CX02 214133 0.002322
214453 CX02 214741 0.002322
214453 CX02 214094 0.002322
214453 CX02 214624 0.002322
214453 CX02 214016 0.002322
214453 CX02 214663 0.002322
214453 CX02 214055 0.002322
214453 CX12 214133 0.984462
214453 CX12 214702 0.002220
214453 CX12 214094 0.002220
214453 CX12 214741 0.002220
214453 CX12 214016 0.002220
214453 CX12 214624 0.002220
214453 CX12 214055 0.002220
214453 CX12 214663 0.002220
214453 X0 214449 0.998376
214453 X0 214453 0.000541
214453 X0 214450 0.000541
214453 X0 214446 0.000541
214624 CX02 214447 0.983748
214624 CX02 214446 0.002322
214624 CX02 214449 0.002322
214624 CX02 214448 0.002322
214624 CX02 214451 0.002322
214624 CX02 214450 0.002322
214624 CX02 214453 0.002322
214624 CX02 214452 0.002322
214624 CX12 214447 0.984462
214624 CX12 214446 0.002220
214624 CX12 214449 0.002220
214624 CX12 214448 0.002220
214624 CX12 214450 0.002220
214624 CX12 214451 0.002220
214624 CX12 214452 0.002220
214624 CX12 214453 0.002220
214624 P2 214624 0.847000
214624 P2 214154 0.023000
214624 X0 214663 0.998376
214624 X0 214624 0.000541
214624 X0 214741 0.000541
214624 X0 214702 0.000541
214663 CX02 214450 0.983748
214663 CX02 214451 0.002322
214663 CX02 214452 0.002322
214663 CX02 214453 0.002322
214663 CX02 214446 0.002322
214663 CX02 214447 0.002322
214663 CX02 214448 0.002322
214663 CX02 214449 0.002322
214663 CX12 214451 0.984462
214663 CX12 214450 0.002220
214663 CX12 214453 0.002220
214663 CX12 214452 0.002220
214663 CX12 214446 0.002220
214663 CX12 214447 0.002220
214663 CX12 214448 0.002220
214663 CX12 214449 0.002220
214663 P2 214663 0.847000
214663 P2 214155 0.023000
214663 X0 214624 0.998376
214663 X0 214663 0.000541
214663 X0 214702 0.000541
214663 X0 214741 0.000541
214702 CX02 214453 0.983748
214702 CX02 214452 0.002322
214702 CX02 214451 0.002322
214702 CX02 214450 0.002322
214702 CX02 214449 0.002322
214702 CX02 214448 0.002322
214702 CX02 214447 0.002322
214702 CX02 214446 0.002322
214702 CX12 214452 0.984462
214702 CX12 214453 0.002220
214702 CX12 214450 0.002220
214702 CX12 214451 0.002220
214702 CX12 214449 0.002220
214702 CX12 214448 0.002220
214702 CX12 214447 0.002220
214702 CX12 214446 0.002220
214702 P2 214702 0.847000
214702 P2 214156 0.023000
214702 X0 214741 0.998376
214702 X0 214702 0.000541
214702 X0 214663 0.000541
214702 X0 214624 0.000541
214741 CX02 214448 0.983748
214741 CX02 214449 0.002322
214741 CX02 214446 0.002322
214741 CX02 214447 0.002322
214741 CX02 214452 0.002322
214741 CX02 214453 0.002322
214741 CX02 214450 0.002322
214741 CX02 214451 0.002322
214741 CX12 214448 0.984462
214741 CX12 214449 0.002220
214741 CX12 214446 0.002220
214741 CX12 214447 0.002220
214741 CX12 214453 0.002220
214741 CX12 214452 0.002220
214741 CX12 214451 0.002220
214741 CX12 214450 0.002220
214741 P2 214741 0.847000
214741 P2 214157 0.023000
214741 X0 214702 0.998376
214741 X0 214741 0.000541
214741 X0 214624 0.000541
214741 X0 214663 0.000541
ENDPOMDP
