BEGINPOMDP
INITIALSTATE: 246828
STATES: 246828,246829,246830,246831,246832,246849,246850,246851,246852,246853,246854,246855,246856,246875,246914,246953,246992,247013,247014,247015,247016,247305,247306,247307,247308,247309,247310,247311,247312,247483,247522,247561,247600
TARGETV: 246829,246831,246875,246953,247013,247016,247483,247600
GAMMA: 246828:0,246829:0,246830:0,246831:0,246832:0,246849:0,246850:0,246851:0,246852:0,246853:0,246854:0,246855:0,246856:0,246875:1,246914:1,246953:1,246992:1,247013:0,247014:0,247015:0,247016:0,247305:1,247306:1,247307:1,247308:1,247309:1,247310:1,247311:1,247312:1,247483:1,247522:1,247561:1,247600:1
BEGINACTIONS
CX02 Instruction.CNOT 0 2 -
CX12 Instruction.CNOT 1 2 -
P2 Instruction.MEAS - 2 -
X0 Instruction.X - 0 -
ENDACTIONS
246828 INIT_ 246829 0.250000
246828 INIT_ 246830 0.250000
246828 INIT_ 246831 0.250000
246828 INIT_ 246832 0.250000
246829 CX02 246849 0.992711
246829 CX02 246850 0.001041
246829 CX02 246851 0.001041
246829 CX02 246852 0.001041
246829 CX02 246853 0.001041
246829 CX02 246854 0.001041
246829 CX02 246855 0.001041
246829 CX02 246856 0.001041
246829 CX12 246849 0.985159
246829 CX12 246850 0.002120
246829 CX12 246851 0.002120
246829 CX12 246852 0.002120
246829 CX12 246854 0.002120
246829 CX12 246853 0.002120
246829 CX12 246856 0.002120
246829 CX12 246855 0.002120
246829 P2 246829 0.994000
246829 P2 246875 0.009600
246829 X0 246830 0.999700
246829 X0 246829 0.000100
246829 X0 246831 0.000100
246829 X0 246832 0.000100
246830 CX02 246854 0.992711
246830 CX02 246853 0.001041
246830 CX02 246856 0.001041
246830 CX02 246855 0.001041
246830 CX02 246850 0.001041
246830 CX02 246849 0.001041
246830 CX02 246852 0.001041
246830 CX02 246851 0.001041
246830 CX12 246853 0.985159
246830 CX12 246854 0.002120
246830 CX12 246855 0.002120
246830 CX12 246856 0.002120
246830 CX12 246850 0.002120
246830 CX12 246849 0.002120
246830 CX12 246852 0.002120
246830 CX12 246851 0.002120
246830 P2 246830 0.994000
246830 P2 246914 0.009600
246830 X0 246829 0.999700
246830 X0 246830 0.000100
246830 X0 246832 0.000100
246830 X0 246831 0.000100
246831 CX02 246852 0.992711
246831 CX02 246851 0.001041
246831 CX02 246850 0.001041
246831 CX02 246849 0.001041
246831 CX02 246856 0.001041
246831 CX02 246855 0.001041
246831 CX02 246854 0.001041
246831 CX02 246853 0.001041
246831 CX12 246852 0.985159
246831 CX12 246851 0.002120
246831 CX12 246850 0.002120
246831 CX12 246849 0.002120
246831 CX12 246855 0.002120
246831 CX12 246856 0.002120
246831 CX12 246853 0.002120
246831 CX12 246854 0.002120
246831 P2 246831 0.994000
246831 P2 246953 0.009600
246831 X0 246832 0.999700
246831 X0 246831 0.000100
246831 X0 246829 0.000100
246831 X0 246830 0.000100
246832 CX02 246855 0.992711
246832 CX02 246856 0.001041
246832 CX02 246853 0.001041
246832 CX02 246854 0.001041
246832 CX02 246851 0.001041
246832 CX02 246852 0.001041
246832 CX02 246849 0.001041
246832 CX02 246850 0.001041
246832 CX12 246856 0.985159
246832 CX12 246855 0.002120
246832 CX12 246854 0.002120
246832 CX12 246853 0.002120
246832 CX12 246851 0.002120
246832 CX12 246852 0.002120
246832 CX12 246849 0.002120
246832 CX12 246850 0.002120
246832 P2 246832 0.994000
246832 P2 246992 0.009600
246832 X0 246831 0.999700
246832 X0 246832 0.000100
246832 X0 246830 0.000100
246832 X0 246829 0.000100
246849 CX02 246829 0.992711
246849 CX02 247013 0.001041
246849 CX02 246830 0.001041
246849 CX02 247014 0.001041
246849 CX02 246832 0.001041
246849 CX02 247015 0.001041
246849 CX02 246831 0.001041
246849 CX02 247016 0.001041
246849 CX12 246829 0.985159
246849 CX12 247013 0.002120
246849 CX12 246830 0.002120
246849 CX12 247014 0.002120
246849 CX12 246832 0.002120
246849 CX12 247015 0.002120
246849 CX12 246831 0.002120
246849 CX12 247016 0.002120
246849 X0 246853 0.999700
246849 X0 246849 0.000100
246849 X0 246852 0.000100
246849 X0 246856 0.000100
246850 CX02 247013 0.992711
246850 CX02 246829 0.001041
246850 CX02 247014 0.001041
246850 CX02 246830 0.001041
246850 CX02 247015 0.001041
246850 CX02 246832 0.001041
246850 CX02 247016 0.001041
246850 CX02 246831 0.001041
246850 CX12 247013 0.985159
246850 CX12 246829 0.002120
246850 CX12 247014 0.002120
246850 CX12 246830 0.002120
246850 CX12 247015 0.002120
246850 CX12 246832 0.002120
246850 CX12 247016 0.002120
246850 CX12 246831 0.002120
246850 X0 246854 0.999700
246850 X0 246850 0.000100
246850 X0 246851 0.000100
246850 X0 246855 0.000100
246851 CX02 247016 0.992711
246851 CX02 246831 0.001041
246851 CX02 247015 0.001041
246851 CX02 246832 0.001041
246851 CX02 247014 0.001041
246851 CX02 246830 0.001041
246851 CX02 247013 0.001041
246851 CX02 246829 0.001041
246851 CX12 247016 0.985159
246851 CX12 246831 0.002120
246851 CX12 247015 0.002120
246851 CX12 246832 0.002120
246851 CX12 247014 0.002120
246851 CX12 246830 0.002120
246851 CX12 247013 0.002120
246851 CX12 246829 0.002120
246851 X0 246855 0.999700
246851 X0 246851 0.000100
246851 X0 246850 0.000100
246851 X0 246854 0.000100
246852 CX02 246831 0.992711
246852 CX02 247016 0.001041
246852 CX02 246832 0.001041
246852 CX02 247015 0.001041
246852 CX02 246830 0.001041
246852 CX02 247014 0.001041
246852 CX02 246829 0.001041
246852 CX02 247013 0.001041
246852 CX12 246831 0.985159
246852 CX12 247016 0.002120
246852 CX12 246832 0.002120
246852 CX12 247015 0.002120
246852 CX12 246830 0.002120
246852 CX12 247014 0.002120
246852 CX12 246829 0.002120
246852 CX12 247013 0.002120
246852 X0 246856 0.999700
246852 X0 246852 0.000100
246852 X0 246849 0.000100
246852 X0 246853 0.000100
246853 CX02 247014 0.992711
246853 CX02 246830 0.001041
246853 CX02 247013 0.001041
246853 CX02 246829 0.001041
246853 CX02 247016 0.001041
246853 CX02 246831 0.001041
246853 CX02 247015 0.001041
246853 CX02 246832 0.001041
246853 CX12 246830 0.985159
246853 CX12 247014 0.002120
246853 CX12 246829 0.002120
246853 CX12 247013 0.002120
246853 CX12 246831 0.002120
246853 CX12 247016 0.002120
246853 CX12 246832 0.002120
246853 CX12 247015 0.002120
246853 X0 246849 0.999700
246853 X0 246853 0.000100
246853 X0 246856 0.000100
246853 X0 246852 0.000100
246854 CX02 246830 0.992711
246854 CX02 247014 0.001041
246854 CX02 246829 0.001041
246854 CX02 247013 0.001041
246854 CX02 246831 0.001041
246854 CX02 247016 0.001041
246854 CX02 246832 0.001041
246854 CX02 247015 0.001041
246854 CX12 247014 0.985159
246854 CX12 246830 0.002120
246854 CX12 247013 0.002120
246854 CX12 246829 0.002120
246854 CX12 247016 0.002120
246854 CX12 246831 0.002120
246854 CX12 247015 0.002120
246854 CX12 246832 0.002120
246854 X0 246850 0.999700
246854 X0 246854 0.000100
246854 X0 246855 0.000100
246854 X0 246851 0.000100
246855 CX02 246832 0.992711
246855 CX02 247015 0.001041
246855 CX02 246831 0.001041
246855 CX02 247016 0.001041
246855 CX02 246829 0.001041
246855 CX02 247013 0.001041
246855 CX02 246830 0.001041
246855 CX02 247014 0.001041
246855 CX12 247015 0.985159
246855 CX12 246832 0.002120
246855 CX12 247016 0.002120
246855 CX12 246831 0.002120
246855 CX12 247013 0.002120
246855 CX12 246829 0.002120
246855 CX12 247014 0.002120
246855 CX12 246830 0.002120
246855 X0 246851 0.999700
246855 X0 246855 0.000100
246855 X0 246854 0.000100
246855 X0 246850 0.000100
246856 CX02 247015 0.992711
246856 CX02 246832 0.001041
246856 CX02 247016 0.001041
246856 CX02 246831 0.001041
246856 CX02 247013 0.001041
246856 CX02 246829 0.001041
246856 CX02 247014 0.001041
246856 CX02 246830 0.001041
246856 CX12 246832 0.985159
246856 CX12 247015 0.002120
246856 CX12 246831 0.002120
246856 CX12 247016 0.002120
246856 CX12 246829 0.002120
246856 CX12 247013 0.002120
246856 CX12 246830 0.002120
246856 CX12 247014 0.002120
246856 X0 246852 0.999700
246856 X0 246856 0.000100
246856 X0 246853 0.000100
246856 X0 246849 0.000100
246875 CX02 247305 0.992711
246875 CX02 247306 0.001041
246875 CX02 247307 0.001041
246875 CX02 247308 0.001041
246875 CX02 247309 0.001041
246875 CX02 247310 0.001041
246875 CX02 247311 0.001041
246875 CX02 247312 0.001041
246875 CX12 247305 0.985159
246875 CX12 247306 0.002120
246875 CX12 247307 0.002120
246875 CX12 247308 0.002120
246875 CX12 247310 0.002120
246875 CX12 247309 0.002120
246875 CX12 247312 0.002120
246875 CX12 247311 0.002120
246875 P2 246829 0.994000
246875 P2 246875 0.009600
246875 X0 246914 0.999700
246875 X0 246875 0.000100
246875 X0 246953 0.000100
246875 X0 246992 0.000100
246914 CX02 247310 0.992711
246914 CX02 247309 0.001041
246914 CX02 247312 0.001041
246914 CX02 247311 0.001041
246914 CX02 247306 0.001041
246914 CX02 247305 0.001041
246914 CX02 247308 0.001041
246914 CX02 247307 0.001041
246914 CX12 247309 0.985159
246914 CX12 247310 0.002120
246914 CX12 247311 0.002120
246914 CX12 247312 0.002120
246914 CX12 247306 0.002120
246914 CX12 247305 0.002120
246914 CX12 247308 0.002120
246914 CX12 247307 0.002120
246914 P2 246830 0.994000
246914 P2 246914 0.009600
246914 X0 246875 0.999700
246914 X0 246914 0.000100
246914 X0 246992 0.000100
246914 X0 246953 0.000100
246953 CX02 247308 0.992711
246953 CX02 247307 0.001041
246953 CX02 247306 0.001041
246953 CX02 247305 0.001041
246953 CX02 247312 0.001041
246953 CX02 247311 0.001041
246953 CX02 247310 0.001041
246953 CX02 247309 0.001041
246953 CX12 247308 0.985159
246953 CX12 247307 0.002120
246953 CX12 247306 0.002120
246953 CX12 247305 0.002120
246953 CX12 247311 0.002120
246953 CX12 247312 0.002120
246953 CX12 247309 0.002120
246953 CX12 247310 0.002120
246953 P2 246831 0.994000
246953 P2 246953 0.009600
246953 X0 246992 0.999700
246953 X0 246953 0.000100
246953 X0 246875 0.000100
246953 X0 246914 0.000100
246992 CX02 247311 0.992711
246992 CX02 247312 0.001041
246992 CX02 247309 0.001041
246992 CX02 247310 0.001041
246992 CX02 247307 0.001041
246992 CX02 247308 0.001041
246992 CX02 247305 0.001041
246992 CX02 247306 0.001041
246992 CX12 247312 0.985159
246992 CX12 247311 0.002120
246992 CX12 247310 0.002120
246992 CX12 247309 0.002120
246992 CX12 247307 0.002120
246992 CX12 247308 0.002120
246992 CX12 247305 0.002120
246992 CX12 247306 0.002120
246992 P2 246832 0.994000
246992 P2 246992 0.009600
246992 X0 246953 0.999700
246992 X0 246992 0.000100
246992 X0 246914 0.000100
246992 X0 246875 0.000100
247013 CX02 246850 0.992711
247013 CX02 246849 0.001041
247013 CX02 246852 0.001041
247013 CX02 246851 0.001041
247013 CX02 246854 0.001041
247013 CX02 246853 0.001041
247013 CX02 246856 0.001041
247013 CX02 246855 0.001041
247013 CX12 246850 0.985159
247013 CX12 246849 0.002120
247013 CX12 246852 0.002120
247013 CX12 246851 0.002120
247013 CX12 246853 0.002120
247013 CX12 246854 0.002120
247013 CX12 246855 0.002120
247013 CX12 246856 0.002120
247013 P2 247483 0.990400
247013 P2 247013 0.006000
247013 X0 247014 0.999700
247013 X0 247013 0.000100
247013 X0 247016 0.000100
247013 X0 247015 0.000100
247014 CX02 246853 0.992711
247014 CX02 246854 0.001041
247014 CX02 246855 0.001041
247014 CX02 246856 0.001041
247014 CX02 246849 0.001041
247014 CX02 246850 0.001041
247014 CX02 246851 0.001041
247014 CX02 246852 0.001041
247014 CX12 246854 0.985159
247014 CX12 246853 0.002120
247014 CX12 246856 0.002120
247014 CX12 246855 0.002120
247014 CX12 246849 0.002120
247014 CX12 246850 0.002120
247014 CX12 246851 0.002120
247014 CX12 246852 0.002120
247014 P2 247522 0.990400
247014 P2 247014 0.006000
247014 X0 247013 0.999700
247014 X0 247014 0.000100
247014 X0 247015 0.000100
247014 X0 247016 0.000100
247015 CX02 246856 0.992711
247015 CX02 246855 0.001041
247015 CX02 246854 0.001041
247015 CX02 246853 0.001041
247015 CX02 246852 0.001041
247015 CX02 246851 0.001041
247015 CX02 246850 0.001041
247015 CX02 246849 0.001041
247015 CX12 246855 0.985159
247015 CX12 246856 0.002120
247015 CX12 246853 0.002120
247015 CX12 246854 0.002120
247015 CX12 246852 0.002120
247015 CX12 246851 0.002120
247015 CX12 246850 0.002120
247015 CX12 246849 0.002120
247015 P2 247561 0.990400
247015 P2 247015 0.006000
247015 X0 247016 0.999700
247015 X0 247015 0.000100
247015 X0 247014 0.000100
247015 X0 247013 0.000100
247016 CX02 246851 0.992711
247016 CX02 246852 0.001041
247016 CX02 246849 0.001041
247016 CX02 246850 0.001041
247016 CX02 246855 0.001041
247016 CX02 246856 0.001041
247016 CX02 246853 0.001041
247016 CX02 246854 0.001041
247016 CX12 246851 0.985159
247016 CX12 246852 0.002120
247016 CX12 246849 0.002120
247016 CX12 246850 0.002120
247016 CX12 246856 0.002120
247016 CX12 246855 0.002120
247016 CX12 246854 0.002120
247016 CX12 246853 0.002120
247016 P2 247600 0.990400
247016 P2 247016 0.006000
247016 X0 247015 0.999700
247016 X0 247016 0.000100
247016 X0 247013 0.000100
247016 X0 247014 0.000100
247305 CX02 246875 0.992711
247305 CX02 247483 0.001041
247305 CX02 246914 0.001041
247305 CX02 247522 0.001041
247305 CX02 246992 0.001041
247305 CX02 247561 0.001041
247305 CX02 246953 0.001041
247305 CX02 247600 0.001041
247305 CX12 246875 0.985159
247305 CX12 247483 0.002120
247305 CX12 246914 0.002120
247305 CX12 247522 0.002120
247305 CX12 246992 0.002120
247305 CX12 247561 0.002120
247305 CX12 246953 0.002120
247305 CX12 247600 0.002120
247305 X0 247309 0.999700
247305 X0 247305 0.000100
247305 X0 247308 0.000100
247305 X0 247312 0.000100
247306 CX02 247483 0.992711
247306 CX02 246875 0.001041
247306 CX02 247522 0.001041
247306 CX02 246914 0.001041
247306 CX02 247561 0.001041
247306 CX02 246992 0.001041
247306 CX02 247600 0.001041
247306 CX02 246953 0.001041
247306 CX12 247483 0.985159
247306 CX12 246875 0.002120
247306 CX12 247522 0.002120
247306 CX12 246914 0.002120
247306 CX12 247561 0.002120
247306 CX12 246992 0.002120
247306 CX12 247600 0.002120
247306 CX12 246953 0.002120
247306 X0 247310 0.999700
247306 X0 247306 0.000100
247306 X0 247307 0.000100
247306 X0 247311 0.000100
247307 CX02 247600 0.992711
247307 CX02 246953 0.001041
247307 CX02 247561 0.001041
247307 CX02 246992 0.001041
247307 CX02 247522 0.001041
247307 CX02 246914 0.001041
247307 CX02 247483 0.001041
247307 CX02 246875 0.001041
247307 CX12 247600 0.985159
247307 CX12 246953 0.002120
247307 CX12 247561 0.002120
247307 CX12 246992 0.002120
247307 CX12 247522 0.002120
247307 CX12 246914 0.002120
247307 CX12 247483 0.002120
247307 CX12 246875 0.002120
247307 X0 247311 0.999700
247307 X0 247307 0.000100
247307 X0 247306 0.000100
247307 X0 247310 0.000100
247308 CX02 246953 0.992711
247308 CX02 247600 0.001041
247308 CX02 246992 0.001041
247308 CX02 247561 0.001041
247308 CX02 246914 0.001041
247308 CX02 247522 0.001041
247308 CX02 246875 0.001041
247308 CX02 247483 0.001041
247308 CX12 246953 0.985159
247308 CX12 247600 0.002120
247308 CX12 246992 0.002120
247308 CX12 247561 0.002120
247308 CX12 246914 0.002120
247308 CX12 247522 0.002120
247308 CX12 246875 0.002120
247308 CX12 247483 0.002120
247308 X0 247312 0.999700
247308 X0 247308 0.000100
247308 X0 247305 0.000100
247308 X0 247309 0.000100
247309 CX02 247522 0.992711
247309 CX02 246914 0.001041
247309 CX02 247483 0.001041
247309 CX02 246875 0.001041
247309 CX02 247600 0.001041
247309 CX02 246953 0.001041
247309 CX02 247561 0.001041
247309 CX02 246992 0.001041
247309 CX12 246914 0.985159
247309 CX12 247522 0.002120
247309 CX12 246875 0.002120
247309 CX12 247483 0.002120
247309 CX12 246953 0.002120
247309 CX12 247600 0.002120
247309 CX12 246992 0.002120
247309 CX12 247561 0.002120
247309 X0 247305 0.999700
247309 X0 247309 0.000100
247309 X0 247312 0.000100
247309 X0 247308 0.000100
247310 CX02 246914 0.992711
247310 CX02 247522 0.001041
247310 CX02 246875 0.001041
247310 CX02 247483 0.001041
247310 CX02 246953 0.001041
247310 CX02 247600 0.001041
247310 CX02 246992 0.001041
247310 CX02 247561 0.001041
247310 CX12 247522 0.985159
247310 CX12 246914 0.002120
247310 CX12 247483 0.002120
247310 CX12 246875 0.002120
247310 CX12 247600 0.002120
247310 CX12 246953 0.002120
247310 CX12 247561 0.002120
247310 CX12 246992 0.002120
247310 X0 247306 0.999700
247310 X0 247310 0.000100
247310 X0 247311 0.000100
247310 X0 247307 0.000100
247311 CX02 246992 0.992711
247311 CX02 247561 0.001041
247311 CX02 246953 0.001041
247311 CX02 247600 0.001041
247311 CX02 246875 0.001041
247311 CX02 247483 0.001041
247311 CX02 246914 0.001041
247311 CX02 247522 0.001041
247311 CX12 247561 0.985159
247311 CX12 246992 0.002120
247311 CX12 247600 0.002120
247311 CX12 246953 0.002120
247311 CX12 247483 0.002120
247311 CX12 246875 0.002120
247311 CX12 247522 0.002120
247311 CX12 246914 0.002120
247311 X0 247307 0.999700
247311 X0 247311 0.000100
247311 X0 247310 0.000100
247311 X0 247306 0.000100
247312 CX02 247561 0.992711
247312 CX02 246992 0.001041
247312 CX02 247600 0.001041
247312 CX02 246953 0.001041
247312 CX02 247483 0.001041
247312 CX02 246875 0.001041
247312 CX02 247522 0.001041
247312 CX02 246914 0.001041
247312 CX12 246992 0.985159
247312 CX12 247561 0.002120
247312 CX12 246953 0.002120
247312 CX12 247600 0.002120
247312 CX12 246875 0.002120
247312 CX12 247483 0.002120
247312 CX12 246914 0.002120
247312 CX12 247522 0.002120
247312 X0 247308 0.999700
247312 X0 247312 0.000100
247312 X0 247309 0.000100
247312 X0 247305 0.000100
247483 CX02 247306 0.992711
247483 CX02 247305 0.001041
247483 CX02 247308 0.001041
247483 CX02 247307 0.001041
247483 CX02 247310 0.001041
247483 CX02 247309 0.001041
247483 CX02 247312 0.001041
247483 CX02 247311 0.001041
247483 CX12 247306 0.985159
247483 CX12 247305 0.002120
247483 CX12 247308 0.002120
247483 CX12 247307 0.002120
247483 CX12 247309 0.002120
247483 CX12 247310 0.002120
247483 CX12 247311 0.002120
247483 CX12 247312 0.002120
247483 P2 247483 0.990400
247483 P2 247013 0.006000
247483 X0 247522 0.999700
247483 X0 247483 0.000100
247483 X0 247600 0.000100
247483 X0 247561 0.000100
247522 CX02 247309 0.992711
247522 CX02 247310 0.001041
247522 CX02 247311 0.001041
247522 CX02 247312 0.001041
247522 CX02 247305 0.001041
247522 CX02 247306 0.001041
247522 CX02 247307 0.001041
247522 CX02 247308 0.001041
247522 CX12 247310 0.985159
247522 CX12 247309 0.002120
247522 CX12 247312 0.002120
247522 CX12 247311 0.002120
247522 CX12 247305 0.002120
247522 CX12 247306 0.002120
247522 CX12 247307 0.002120
247522 CX12 247308 0.002120
247522 P2 247522 0.990400
247522 P2 247014 0.006000
247522 X0 247483 0.999700
247522 X0 247522 0.000100
247522 X0 247561 0.000100
247522 X0 247600 0.000100
247561 CX02 247312 0.992711
247561 CX02 247311 0.001041
247561 CX02 247310 0.001041
247561 CX02 247309 0.001041
247561 CX02 247308 0.001041
247561 CX02 247307 0.001041
247561 CX02 247306 0.001041
247561 CX02 247305 0.001041
247561 CX12 247311 0.985159
247561 CX12 247312 0.002120
247561 CX12 247309 0.002120
247561 CX12 247310 0.002120
247561 CX12 247308 0.002120
247561 CX12 247307 0.002120
247561 CX12 247306 0.002120
247561 CX12 247305 0.002120
247561 P2 247561 0.990400
247561 P2 247015 0.006000
247561 X0 247600 0.999700
247561 X0 247561 0.000100
247561 X0 247522 0.000100
247561 X0 247483 0.000100
247600 CX02 247307 0.992711
247600 CX02 247308 0.001041
247600 CX02 247305 0.001041
247600 CX02 247306 0.001041
247600 CX02 247311 0.001041
247600 CX02 247312 0.001041
247600 CX02 247309 0.001041
247600 CX02 247310 0.001041
247600 CX12 247307 0.985159
247600 CX12 247308 0.002120
247600 CX12 247305 0.002120
247600 CX12 247306 0.002120
247600 CX12 247312 0.002120
247600 CX12 247311 0.002120
247600 CX12 247310 0.002120
247600 CX12 247309 0.002120
247600 P2 247600 0.990400
247600 P2 247016 0.006000
247600 X0 247561 0.999700
247600 X0 247600 0.000100
247600 X0 247483 0.000100
247600 X0 247522 0.000100
ENDPOMDP
