BEGINPOMDP
INITIALSTATE: 254130
STATES: 254130,254131,254132,254133,254134,254151,254152,254153,254154,254155,254156,254157,254158,254177,254216,254255,254294,254315,254316,254317,254318,254607,254608,254609,254610,254611,254612,254613,254614,254785,254824,254863,254902
TARGETV: 254131,254133,254177,254255,254315,254318,254785,254902
GAMMA: 254130:0,254131:0,254132:0,254133:0,254134:0,254151:0,254152:0,254153:0,254154:0,254155:0,254156:0,254157:0,254158:0,254177:1,254216:1,254255:1,254294:1,254315:0,254316:0,254317:0,254318:0,254607:1,254608:1,254609:1,254610:1,254611:1,254612:1,254613:1,254614:1,254785:1,254824:1,254863:1,254902:1
BEGINACTIONS
CX02 Instruction.CNOT 0 2 -
CX12 Instruction.CNOT 1 2 -
P2 Instruction.MEAS - 2 -
X0 Instruction.X - 0 -
ENDACTIONS
254130 INIT_ 254131 0.250000
254130 INIT_ 254132 0.250000
254130 INIT_ 254133 0.250000
254130 INIT_ 254134 0.250000
254131 CX02 254151 0.974547
254131 CX02 254152 0.003636
254131 CX02 254153 0.003636
254131 CX02 254154 0.003636
254131 CX02 254155 0.003636
254131 CX02 254156 0.003636
254131 CX02 254157 0.003636
254131 CX02 254158 0.003636
254131 CX12 254151 0.980189
254131 CX12 254152 0.002830
254131 CX12 254153 0.002830
254131 CX12 254154 0.002830
254131 CX12 254156 0.002830
254131 CX12 254155 0.002830
254131 CX12 254158 0.002830
254131 CX12 254157 0.002830
254131 P2 254131 0.998200
254131 P2 254177 0.004800
254131 X0 254132 0.997204
254131 X0 254131 0.000932
254131 X0 254133 0.000932
254131 X0 254134 0.000932
254132 CX02 254156 0.974547
254132 CX02 254155 0.003636
254132 CX02 254158 0.003636
254132 CX02 254157 0.003636
254132 CX02 254152 0.003636
254132 CX02 254151 0.003636
254132 CX02 254154 0.003636
254132 CX02 254153 0.003636
254132 CX12 254155 0.980189
254132 CX12 254156 0.002830
254132 CX12 254157 0.002830
254132 CX12 254158 0.002830
254132 CX12 254152 0.002830
254132 CX12 254151 0.002830
254132 CX12 254154 0.002830
254132 CX12 254153 0.002830
254132 P2 254132 0.998200
254132 P2 254216 0.004800
254132 X0 254131 0.997204
254132 X0 254132 0.000932
254132 X0 254134 0.000932
254132 X0 254133 0.000932
254133 CX02 254154 0.974547
254133 CX02 254153 0.003636
254133 CX02 254152 0.003636
254133 CX02 254151 0.003636
254133 CX02 254158 0.003636
254133 CX02 254157 0.003636
254133 CX02 254156 0.003636
254133 CX02 254155 0.003636
254133 CX12 254154 0.980189
254133 CX12 254153 0.002830
254133 CX12 254152 0.002830
254133 CX12 254151 0.002830
254133 CX12 254157 0.002830
254133 CX12 254158 0.002830
254133 CX12 254155 0.002830
254133 CX12 254156 0.002830
254133 P2 254133 0.998200
254133 P2 254255 0.004800
254133 X0 254134 0.997204
254133 X0 254133 0.000932
254133 X0 254131 0.000932
254133 X0 254132 0.000932
254134 CX02 254157 0.974547
254134 CX02 254158 0.003636
254134 CX02 254155 0.003636
254134 CX02 254156 0.003636
254134 CX02 254153 0.003636
254134 CX02 254154 0.003636
254134 CX02 254151 0.003636
254134 CX02 254152 0.003636
254134 CX12 254158 0.980189
254134 CX12 254157 0.002830
254134 CX12 254156 0.002830
254134 CX12 254155 0.002830
254134 CX12 254153 0.002830
254134 CX12 254154 0.002830
254134 CX12 254151 0.002830
254134 CX12 254152 0.002830
254134 P2 254134 0.998200
254134 P2 254294 0.004800
254134 X0 254133 0.997204
254134 X0 254134 0.000932
254134 X0 254132 0.000932
254134 X0 254131 0.000932
254151 CX02 254131 0.974547
254151 CX02 254315 0.003636
254151 CX02 254132 0.003636
254151 CX02 254316 0.003636
254151 CX02 254134 0.003636
254151 CX02 254317 0.003636
254151 CX02 254133 0.003636
254151 CX02 254318 0.003636
254151 CX12 254131 0.980189
254151 CX12 254315 0.002830
254151 CX12 254132 0.002830
254151 CX12 254316 0.002830
254151 CX12 254134 0.002830
254151 CX12 254317 0.002830
254151 CX12 254133 0.002830
254151 CX12 254318 0.002830
254151 X0 254155 0.997204
254151 X0 254151 0.000932
254151 X0 254154 0.000932
254151 X0 254158 0.000932
254152 CX02 254315 0.974547
254152 CX02 254131 0.003636
254152 CX02 254316 0.003636
254152 CX02 254132 0.003636
254152 CX02 254317 0.003636
254152 CX02 254134 0.003636
254152 CX02 254318 0.003636
254152 CX02 254133 0.003636
254152 CX12 254315 0.980189
254152 CX12 254131 0.002830
254152 CX12 254316 0.002830
254152 CX12 254132 0.002830
254152 CX12 254317 0.002830
254152 CX12 254134 0.002830
254152 CX12 254318 0.002830
254152 CX12 254133 0.002830
254152 X0 254156 0.997204
254152 X0 254152 0.000932
254152 X0 254153 0.000932
254152 X0 254157 0.000932
254153 CX02 254318 0.974547
254153 CX02 254133 0.003636
254153 CX02 254317 0.003636
254153 CX02 254134 0.003636
254153 CX02 254316 0.003636
254153 CX02 254132 0.003636
254153 CX02 254315 0.003636
254153 CX02 254131 0.003636
254153 CX12 254318 0.980189
254153 CX12 254133 0.002830
254153 CX12 254317 0.002830
254153 CX12 254134 0.002830
254153 CX12 254316 0.002830
254153 CX12 254132 0.002830
254153 CX12 254315 0.002830
254153 CX12 254131 0.002830
254153 X0 254157 0.997204
254153 X0 254153 0.000932
254153 X0 254152 0.000932
254153 X0 254156 0.000932
254154 CX02 254133 0.974547
254154 CX02 254318 0.003636
254154 CX02 254134 0.003636
254154 CX02 254317 0.003636
254154 CX02 254132 0.003636
254154 CX02 254316 0.003636
254154 CX02 254131 0.003636
254154 CX02 254315 0.003636
254154 CX12 254133 0.980189
254154 CX12 254318 0.002830
254154 CX12 254134 0.002830
254154 CX12 254317 0.002830
254154 CX12 254132 0.002830
254154 CX12 254316 0.002830
254154 CX12 254131 0.002830
254154 CX12 254315 0.002830
254154 X0 254158 0.997204
254154 X0 254154 0.000932
254154 X0 254151 0.000932
254154 X0 254155 0.000932
254155 CX02 254316 0.974547
254155 CX02 254132 0.003636
254155 CX02 254315 0.003636
254155 CX02 254131 0.003636
254155 CX02 254318 0.003636
254155 CX02 254133 0.003636
254155 CX02 254317 0.003636
254155 CX02 254134 0.003636
254155 CX12 254132 0.980189
254155 CX12 254316 0.002830
254155 CX12 254131 0.002830
254155 CX12 254315 0.002830
254155 CX12 254133 0.002830
254155 CX12 254318 0.002830
254155 CX12 254134 0.002830
254155 CX12 254317 0.002830
254155 X0 254151 0.997204
254155 X0 254155 0.000932
254155 X0 254158 0.000932
254155 X0 254154 0.000932
254156 CX02 254132 0.974547
254156 CX02 254316 0.003636
254156 CX02 254131 0.003636
254156 CX02 254315 0.003636
254156 CX02 254133 0.003636
254156 CX02 254318 0.003636
254156 CX02 254134 0.003636
254156 CX02 254317 0.003636
254156 CX12 254316 0.980189
254156 CX12 254132 0.002830
254156 CX12 254315 0.002830
254156 CX12 254131 0.002830
254156 CX12 254318 0.002830
254156 CX12 254133 0.002830
254156 CX12 254317 0.002830
254156 CX12 254134 0.002830
254156 X0 254152 0.997204
254156 X0 254156 0.000932
254156 X0 254157 0.000932
254156 X0 254153 0.000932
254157 CX02 254134 0.974547
254157 CX02 254317 0.003636
254157 CX02 254133 0.003636
254157 CX02 254318 0.003636
254157 CX02 254131 0.003636
254157 CX02 254315 0.003636
254157 CX02 254132 0.003636
254157 CX02 254316 0.003636
254157 CX12 254317 0.980189
254157 CX12 254134 0.002830
254157 CX12 254318 0.002830
254157 CX12 254133 0.002830
254157 CX12 254315 0.002830
254157 CX12 254131 0.002830
254157 CX12 254316 0.002830
254157 CX12 254132 0.002830
254157 X0 254153 0.997204
254157 X0 254157 0.000932
254157 X0 254156 0.000932
254157 X0 254152 0.000932
254158 CX02 254317 0.974547
254158 CX02 254134 0.003636
254158 CX02 254318 0.003636
254158 CX02 254133 0.003636
254158 CX02 254315 0.003636
254158 CX02 254131 0.003636
254158 CX02 254316 0.003636
254158 CX02 254132 0.003636
254158 CX12 254134 0.980189
254158 CX12 254317 0.002830
254158 CX12 254133 0.002830
254158 CX12 254318 0.002830
254158 CX12 254131 0.002830
254158 CX12 254315 0.002830
254158 CX12 254132 0.002830
254158 CX12 254316 0.002830
254158 X0 254154 0.997204
254158 X0 254158 0.000932
254158 X0 254155 0.000932
254158 X0 254151 0.000932
254177 CX02 254607 0.974547
254177 CX02 254608 0.003636
254177 CX02 254609 0.003636
254177 CX02 254610 0.003636
254177 CX02 254611 0.003636
254177 CX02 254612 0.003636
254177 CX02 254613 0.003636
254177 CX02 254614 0.003636
254177 CX12 254607 0.980189
254177 CX12 254608 0.002830
254177 CX12 254609 0.002830
254177 CX12 254610 0.002830
254177 CX12 254612 0.002830
254177 CX12 254611 0.002830
254177 CX12 254614 0.002830
254177 CX12 254613 0.002830
254177 P2 254131 0.998200
254177 P2 254177 0.004800
254177 X0 254216 0.997204
254177 X0 254177 0.000932
254177 X0 254255 0.000932
254177 X0 254294 0.000932
254216 CX02 254612 0.974547
254216 CX02 254611 0.003636
254216 CX02 254614 0.003636
254216 CX02 254613 0.003636
254216 CX02 254608 0.003636
254216 CX02 254607 0.003636
254216 CX02 254610 0.003636
254216 CX02 254609 0.003636
254216 CX12 254611 0.980189
254216 CX12 254612 0.002830
254216 CX12 254613 0.002830
254216 CX12 254614 0.002830
254216 CX12 254608 0.002830
254216 CX12 254607 0.002830
254216 CX12 254610 0.002830
254216 CX12 254609 0.002830
254216 P2 254132 0.998200
254216 P2 254216 0.004800
254216 X0 254177 0.997204
254216 X0 254216 0.000932
254216 X0 254294 0.000932
254216 X0 254255 0.000932
254255 CX02 254610 0.974547
254255 CX02 254609 0.003636
254255 CX02 254608 0.003636
254255 CX02 254607 0.003636
254255 CX02 254614 0.003636
254255 CX02 254613 0.003636
254255 CX02 254612 0.003636
254255 CX02 254611 0.003636
254255 CX12 254610 0.980189
254255 CX12 254609 0.002830
254255 CX12 254608 0.002830
254255 CX12 254607 0.002830
254255 CX12 254613 0.002830
254255 CX12 254614 0.002830
254255 CX12 254611 0.002830
254255 CX12 254612 0.002830
254255 P2 254133 0.998200
254255 P2 254255 0.004800
254255 X0 254294 0.997204
254255 X0 254255 0.000932
254255 X0 254177 0.000932
254255 X0 254216 0.000932
254294 CX02 254613 0.974547
254294 CX02 254614 0.003636
254294 CX02 254611 0.003636
254294 CX02 254612 0.003636
254294 CX02 254609 0.003636
254294 CX02 254610 0.003636
254294 CX02 254607 0.003636
254294 CX02 254608 0.003636
254294 CX12 254614 0.980189
254294 CX12 254613 0.002830
254294 CX12 254612 0.002830
254294 CX12 254611 0.002830
254294 CX12 254609 0.002830
254294 CX12 254610 0.002830
254294 CX12 254607 0.002830
254294 CX12 254608 0.002830
254294 P2 254134 0.998200
254294 P2 254294 0.004800
254294 X0 254255 0.997204
254294 X0 254294 0.000932
254294 X0 254216 0.000932
254294 X0 254177 0.000932
254315 CX02 254152 0.974547
254315 CX02 254151 0.003636
254315 CX02 254154 0.003636
254315 CX02 254153 0.003636
254315 CX02 254156 0.003636
254315 CX02 254155 0.003636
254315 CX02 254158 0.003636
254315 CX02 254157 0.003636
254315 CX12 254152 0.980189
254315 CX12 254151 0.002830
254315 CX12 254154 0.002830
254315 CX12 254153 0.002830
254315 CX12 254155 0.002830
254315 CX12 254156 0.002830
254315 CX12 254157 0.002830
254315 CX12 254158 0.002830
254315 P2 254785 0.995200
254315 P2 254315 0.001800
254315 X0 254316 0.997204
254315 X0 254315 0.000932
254315 X0 254318 0.000932
254315 X0 254317 0.000932
254316 CX02 254155 0.974547
254316 CX02 254156 0.003636
254316 CX02 254157 0.003636
254316 CX02 254158 0.003636
254316 CX02 254151 0.003636
254316 CX02 254152 0.003636
254316 CX02 254153 0.003636
254316 CX02 254154 0.003636
254316 CX12 254156 0.980189
254316 CX12 254155 0.002830
254316 CX12 254158 0.002830
254316 CX12 254157 0.002830
254316 CX12 254151 0.002830
254316 CX12 254152 0.002830
254316 CX12 254153 0.002830
254316 CX12 254154 0.002830
254316 P2 254824 0.995200
254316 P2 254316 0.001800
254316 X0 254315 0.997204
254316 X0 254316 0.000932
254316 X0 254317 0.000932
254316 X0 254318 0.000932
254317 CX02 254158 0.974547
254317 CX02 254157 0.003636
254317 CX02 254156 0.003636
254317 CX02 254155 0.003636
254317 CX02 254154 0.003636
254317 CX02 254153 0.003636
254317 CX02 254152 0.003636
254317 CX02 254151 0.003636
254317 CX12 254157 0.980189
254317 CX12 254158 0.002830
254317 CX12 254155 0.002830
254317 CX12 254156 0.002830
254317 CX12 254154 0.002830
254317 CX12 254153 0.002830
254317 CX12 254152 0.002830
254317 CX12 254151 0.002830
254317 P2 254863 0.995200
254317 P2 254317 0.001800
254317 X0 254318 0.997204
254317 X0 254317 0.000932
254317 X0 254316 0.000932
254317 X0 254315 0.000932
254318 CX02 254153 0.974547
254318 CX02 254154 0.003636
254318 CX02 254151 0.003636
254318 CX02 254152 0.003636
254318 CX02 254157 0.003636
254318 CX02 254158 0.003636
254318 CX02 254155 0.003636
254318 CX02 254156 0.003636
254318 CX12 254153 0.980189
254318 CX12 254154 0.002830
254318 CX12 254151 0.002830
254318 CX12 254152 0.002830
254318 CX12 254158 0.002830
254318 CX12 254157 0.002830
254318 CX12 254156 0.002830
254318 CX12 254155 0.002830
254318 P2 254902 0.995200
254318 P2 254318 0.001800
254318 X0 254317 0.997204
254318 X0 254318 0.000932
254318 X0 254315 0.000932
254318 X0 254316 0.000932
254607 CX02 254177 0.974547
254607 CX02 254785 0.003636
254607 CX02 254216 0.003636
254607 CX02 254824 0.003636
254607 CX02 254294 0.003636
254607 CX02 254863 0.003636
254607 CX02 254255 0.003636
254607 CX02 254902 0.003636
254607 CX12 254177 0.980189
254607 CX12 254785 0.002830
254607 CX12 254216 0.002830
254607 CX12 254824 0.002830
254607 CX12 254294 0.002830
254607 CX12 254863 0.002830
254607 CX12 254255 0.002830
254607 CX12 254902 0.002830
254607 X0 254611 0.997204
254607 X0 254607 0.000932
254607 X0 254610 0.000932
254607 X0 254614 0.000932
254608 CX02 254785 0.974547
254608 CX02 254177 0.003636
254608 CX02 254824 0.003636
254608 CX02 254216 0.003636
254608 CX02 254863 0.003636
254608 CX02 254294 0.003636
254608 CX02 254902 0.003636
254608 CX02 254255 0.003636
254608 CX12 254785 0.980189
254608 CX12 254177 0.002830
254608 CX12 254824 0.002830
254608 CX12 254216 0.002830
254608 CX12 254863 0.002830
254608 CX12 254294 0.002830
254608 CX12 254902 0.002830
254608 CX12 254255 0.002830
254608 X0 254612 0.997204
254608 X0 254608 0.000932
254608 X0 254609 0.000932
254608 X0 254613 0.000932
254609 CX02 254902 0.974547
254609 CX02 254255 0.003636
254609 CX02 254863 0.003636
254609 CX02 254294 0.003636
254609 CX02 254824 0.003636
254609 CX02 254216 0.003636
254609 CX02 254785 0.003636
254609 CX02 254177 0.003636
254609 CX12 254902 0.980189
254609 CX12 254255 0.002830
254609 CX12 254863 0.002830
254609 CX12 254294 0.002830
254609 CX12 254824 0.002830
254609 CX12 254216 0.002830
254609 CX12 254785 0.002830
254609 CX12 254177 0.002830
254609 X0 254613 0.997204
254609 X0 254609 0.000932
254609 X0 254608 0.000932
254609 X0 254612 0.000932
254610 CX02 254255 0.974547
254610 CX02 254902 0.003636
254610 CX02 254294 0.003636
254610 CX02 254863 0.003636
254610 CX02 254216 0.003636
254610 CX02 254824 0.003636
254610 CX02 254177 0.003636
254610 CX02 254785 0.003636
254610 CX12 254255 0.980189
254610 CX12 254902 0.002830
254610 CX12 254294 0.002830
254610 CX12 254863 0.002830
254610 CX12 254216 0.002830
254610 CX12 254824 0.002830
254610 CX12 254177 0.002830
254610 CX12 254785 0.002830
254610 X0 254614 0.997204
254610 X0 254610 0.000932
254610 X0 254607 0.000932
254610 X0 254611 0.000932
254611 CX02 254824 0.974547
254611 CX02 254216 0.003636
254611 CX02 254785 0.003636
254611 CX02 254177 0.003636
254611 CX02 254902 0.003636
254611 CX02 254255 0.003636
254611 CX02 254863 0.003636
254611 CX02 254294 0.003636
254611 CX12 254216 0.980189
254611 CX12 254824 0.002830
254611 CX12 254177 0.002830
254611 CX12 254785 0.002830
254611 CX12 254255 0.002830
254611 CX12 254902 0.002830
254611 CX12 254294 0.002830
254611 CX12 254863 0.002830
254611 X0 254607 0.997204
254611 X0 254611 0.000932
254611 X0 254614 0.000932
254611 X0 254610 0.000932
254612 CX02 254216 0.974547
254612 CX02 254824 0.003636
254612 CX02 254177 0.003636
254612 CX02 254785 0.003636
254612 CX02 254255 0.003636
254612 CX02 254902 0.003636
254612 CX02 254294 0.003636
254612 CX02 254863 0.003636
254612 CX12 254824 0.980189
254612 CX12 254216 0.002830
254612 CX12 254785 0.002830
254612 CX12 254177 0.002830
254612 CX12 254902 0.002830
254612 CX12 254255 0.002830
254612 CX12 254863 0.002830
254612 CX12 254294 0.002830
254612 X0 254608 0.997204
254612 X0 254612 0.000932
254612 X0 254613 0.000932
254612 X0 254609 0.000932
254613 CX02 254294 0.974547
254613 CX02 254863 0.003636
254613 CX02 254255 0.003636
254613 CX02 254902 0.003636
254613 CX02 254177 0.003636
254613 CX02 254785 0.003636
254613 CX02 254216 0.003636
254613 CX02 254824 0.003636
254613 CX12 254863 0.980189
254613 CX12 254294 0.002830
254613 CX12 254902 0.002830
254613 CX12 254255 0.002830
254613 CX12 254785 0.002830
254613 CX12 254177 0.002830
254613 CX12 254824 0.002830
254613 CX12 254216 0.002830
254613 X0 254609 0.997204
254613 X0 254613 0.000932
254613 X0 254612 0.000932
254613 X0 254608 0.000932
254614 CX02 254863 0.974547
254614 CX02 254294 0.003636
254614 CX02 254902 0.003636
254614 CX02 254255 0.003636
254614 CX02 254785 0.003636
254614 CX02 254177 0.003636
254614 CX02 254824 0.003636
254614 CX02 254216 0.003636
254614 CX12 254294 0.980189
254614 CX12 254863 0.002830
254614 CX12 254255 0.002830
254614 CX12 254902 0.002830
254614 CX12 254177 0.002830
254614 CX12 254785 0.002830
254614 CX12 254216 0.002830
254614 CX12 254824 0.002830
254614 X0 254610 0.997204
254614 X0 254614 0.000932
254614 X0 254611 0.000932
254614 X0 254607 0.000932
254785 CX02 254608 0.974547
254785 CX02 254607 0.003636
254785 CX02 254610 0.003636
254785 CX02 254609 0.003636
254785 CX02 254612 0.003636
254785 CX02 254611 0.003636
254785 CX02 254614 0.003636
254785 CX02 254613 0.003636
254785 CX12 254608 0.980189
254785 CX12 254607 0.002830
254785 CX12 254610 0.002830
254785 CX12 254609 0.002830
254785 CX12 254611 0.002830
254785 CX12 254612 0.002830
254785 CX12 254613 0.002830
254785 CX12 254614 0.002830
254785 P2 254785 0.995200
254785 P2 254315 0.001800
254785 X0 254824 0.997204
254785 X0 254785 0.000932
254785 X0 254902 0.000932
254785 X0 254863 0.000932
254824 CX02 254611 0.974547
254824 CX02 254612 0.003636
254824 CX02 254613 0.003636
254824 CX02 254614 0.003636
254824 CX02 254607 0.003636
254824 CX02 254608 0.003636
254824 CX02 254609 0.003636
254824 CX02 254610 0.003636
254824 CX12 254612 0.980189
254824 CX12 254611 0.002830
254824 CX12 254614 0.002830
254824 CX12 254613 0.002830
254824 CX12 254607 0.002830
254824 CX12 254608 0.002830
254824 CX12 254609 0.002830
254824 CX12 254610 0.002830
254824 P2 254824 0.995200
254824 P2 254316 0.001800
254824 X0 254785 0.997204
254824 X0 254824 0.000932
254824 X0 254863 0.000932
254824 X0 254902 0.000932
254863 CX02 254614 0.974547
254863 CX02 254613 0.003636
254863 CX02 254612 0.003636
254863 CX02 254611 0.003636
254863 CX02 254610 0.003636
254863 CX02 254609 0.003636
254863 CX02 254608 0.003636
254863 CX02 254607 0.003636
254863 CX12 254613 0.980189
254863 CX12 254614 0.002830
254863 CX12 254611 0.002830
254863 CX12 254612 0.002830
254863 CX12 254610 0.002830
254863 CX12 254609 0.002830
254863 CX12 254608 0.002830
254863 CX12 254607 0.002830
254863 P2 254863 0.995200
254863 P2 254317 0.001800
254863 X0 254902 0.997204
254863 X0 254863 0.000932
254863 X0 254824 0.000932
254863 X0 254785 0.000932
254902 CX02 254609 0.974547
254902 CX02 254610 0.003636
254902 CX02 254607 0.003636
254902 CX02 254608 0.003636
254902 CX02 254613 0.003636
254902 CX02 254614 0.003636
254902 CX02 254611 0.003636
254902 CX02 254612 0.003636
254902 CX12 254609 0.980189
254902 CX12 254610 0.002830
254902 CX12 254607 0.002830
254902 CX12 254608 0.002830
254902 CX12 254614 0.002830
254902 CX12 254613 0.002830
254902 CX12 254612 0.002830
254902 CX12 254611 0.002830
254902 P2 254902 0.995200
254902 P2 254318 0.001800
254902 X0 254863 0.997204
254902 X0 254902 0.000932
254902 X0 254785 0.000932
254902 X0 254824 0.000932
ENDPOMDP
