BEGINPOMDP
INITIALSTATE: 42596
STATES: 42596,42597,42598,42599,42600,42617,42618,42619,42620,42621,42622,42623,42624,42643,42682,42721,42760,42781,42782,42783,42784,43073,43074,43075,43076,43077,43078,43079,43080,43251,43290,43329,43368
TARGETV: 42597,42599,42643,42721,42781,42784,43251,43368
GAMMA: 42596:0,42597:0,42598:0,42599:0,42600:0,42617:0,42618:0,42619:0,42620:0,42621:0,42622:0,42623:0,42624:0,42643:1,42682:1,42721:1,42760:1,42781:0,42782:0,42783:0,42784:0,43073:1,43074:1,43075:1,43076:1,43077:1,43078:1,43079:1,43080:1,43251:1,43290:1,43329:1,43368:1
BEGINACTIONS
CX02 Instruction.CNOT 0 2 -
CX12 Instruction.CNOT 1 2 -
P2 Instruction.MEAS - 2 -
X0 Instruction.X - 0 -
ENDACTIONS
42596 INIT_ 42597 0.250000
42596 INIT_ 42598 0.250000
42596 INIT_ 42599 0.250000
42596 INIT_ 42600 0.250000
42597 CX02 42617 0.994120
42597 CX02 42618 0.000840
42597 CX02 42619 0.000840
42597 CX02 42620 0.000840
42597 CX02 42621 0.000840
42597 CX02 42622 0.000840
42597 CX02 42623 0.000840
42597 CX02 42624 0.000840
42597 CX12 42617 0.991816
42597 CX12 42618 0.001169
42597 CX12 42619 0.001169
42597 CX12 42620 0.001169
42597 CX12 42622 0.001169
42597 CX12 42621 0.001169
42597 CX12 42624 0.001169
42597 CX12 42623 0.001169
42597 P2 42597 0.899200
42597 P2 42643 0.112000
42597 X0 42598 0.999804
42597 X0 42597 0.000065
42597 X0 42599 0.000065
42597 X0 42600 0.000065
42598 CX02 42622 0.994120
42598 CX02 42621 0.000840
42598 CX02 42624 0.000840
42598 CX02 42623 0.000840
42598 CX02 42618 0.000840
42598 CX02 42617 0.000840
42598 CX02 42620 0.000840
42598 CX02 42619 0.000840
42598 CX12 42621 0.991816
42598 CX12 42622 0.001169
42598 CX12 42623 0.001169
42598 CX12 42624 0.001169
42598 CX12 42618 0.001169
42598 CX12 42617 0.001169
42598 CX12 42620 0.001169
42598 CX12 42619 0.001169
42598 P2 42598 0.899200
42598 P2 42682 0.112000
42598 X0 42597 0.999804
42598 X0 42598 0.000065
42598 X0 42600 0.000065
42598 X0 42599 0.000065
42599 CX02 42620 0.994120
42599 CX02 42619 0.000840
42599 CX02 42618 0.000840
42599 CX02 42617 0.000840
42599 CX02 42624 0.000840
42599 CX02 42623 0.000840
42599 CX02 42622 0.000840
42599 CX02 42621 0.000840
42599 CX12 42620 0.991816
42599 CX12 42619 0.001169
42599 CX12 42618 0.001169
42599 CX12 42617 0.001169
42599 CX12 42623 0.001169
42599 CX12 42624 0.001169
42599 CX12 42621 0.001169
42599 CX12 42622 0.001169
42599 P2 42599 0.899200
42599 P2 42721 0.112000
42599 X0 42600 0.999804
42599 X0 42599 0.000065
42599 X0 42597 0.000065
42599 X0 42598 0.000065
42600 CX02 42623 0.994120
42600 CX02 42624 0.000840
42600 CX02 42621 0.000840
42600 CX02 42622 0.000840
42600 CX02 42619 0.000840
42600 CX02 42620 0.000840
42600 CX02 42617 0.000840
42600 CX02 42618 0.000840
42600 CX12 42624 0.991816
42600 CX12 42623 0.001169
42600 CX12 42622 0.001169
42600 CX12 42621 0.001169
42600 CX12 42619 0.001169
42600 CX12 42620 0.001169
42600 CX12 42617 0.001169
42600 CX12 42618 0.001169
42600 P2 42600 0.899200
42600 P2 42760 0.112000
42600 X0 42599 0.999804
42600 X0 42600 0.000065
42600 X0 42598 0.000065
42600 X0 42597 0.000065
42617 CX02 42597 0.994120
42617 CX02 42781 0.000840
42617 CX02 42598 0.000840
42617 CX02 42782 0.000840
42617 CX02 42600 0.000840
42617 CX02 42783 0.000840
42617 CX02 42599 0.000840
42617 CX02 42784 0.000840
42617 CX12 42597 0.991816
42617 CX12 42781 0.001169
42617 CX12 42598 0.001169
42617 CX12 42782 0.001169
42617 CX12 42600 0.001169
42617 CX12 42783 0.001169
42617 CX12 42599 0.001169
42617 CX12 42784 0.001169
42617 X0 42621 0.999804
42617 X0 42617 0.000065
42617 X0 42620 0.000065
42617 X0 42624 0.000065
42618 CX02 42781 0.994120
42618 CX02 42597 0.000840
42618 CX02 42782 0.000840
42618 CX02 42598 0.000840
42618 CX02 42783 0.000840
42618 CX02 42600 0.000840
42618 CX02 42784 0.000840
42618 CX02 42599 0.000840
42618 CX12 42781 0.991816
42618 CX12 42597 0.001169
42618 CX12 42782 0.001169
42618 CX12 42598 0.001169
42618 CX12 42783 0.001169
42618 CX12 42600 0.001169
42618 CX12 42784 0.001169
42618 CX12 42599 0.001169
42618 X0 42622 0.999804
42618 X0 42618 0.000065
42618 X0 42619 0.000065
42618 X0 42623 0.000065
42619 CX02 42784 0.994120
42619 CX02 42599 0.000840
42619 CX02 42783 0.000840
42619 CX02 42600 0.000840
42619 CX02 42782 0.000840
42619 CX02 42598 0.000840
42619 CX02 42781 0.000840
42619 CX02 42597 0.000840
42619 CX12 42784 0.991816
42619 CX12 42599 0.001169
42619 CX12 42783 0.001169
42619 CX12 42600 0.001169
42619 CX12 42782 0.001169
42619 CX12 42598 0.001169
42619 CX12 42781 0.001169
42619 CX12 42597 0.001169
42619 X0 42623 0.999804
42619 X0 42619 0.000065
42619 X0 42618 0.000065
42619 X0 42622 0.000065
42620 CX02 42599 0.994120
42620 CX02 42784 0.000840
42620 CX02 42600 0.000840
42620 CX02 42783 0.000840
42620 CX02 42598 0.000840
42620 CX02 42782 0.000840
42620 CX02 42597 0.000840
42620 CX02 42781 0.000840
42620 CX12 42599 0.991816
42620 CX12 42784 0.001169
42620 CX12 42600 0.001169
42620 CX12 42783 0.001169
42620 CX12 42598 0.001169
42620 CX12 42782 0.001169
42620 CX12 42597 0.001169
42620 CX12 42781 0.001169
42620 X0 42624 0.999804
42620 X0 42620 0.000065
42620 X0 42617 0.000065
42620 X0 42621 0.000065
42621 CX02 42782 0.994120
42621 CX02 42598 0.000840
42621 CX02 42781 0.000840
42621 CX02 42597 0.000840
42621 CX02 42784 0.000840
42621 CX02 42599 0.000840
42621 CX02 42783 0.000840
42621 CX02 42600 0.000840
42621 CX12 42598 0.991816
42621 CX12 42782 0.001169
42621 CX12 42597 0.001169
42621 CX12 42781 0.001169
42621 CX12 42599 0.001169
42621 CX12 42784 0.001169
42621 CX12 42600 0.001169
42621 CX12 42783 0.001169
42621 X0 42617 0.999804
42621 X0 42621 0.000065
42621 X0 42624 0.000065
42621 X0 42620 0.000065
42622 CX02 42598 0.994120
42622 CX02 42782 0.000840
42622 CX02 42597 0.000840
42622 CX02 42781 0.000840
42622 CX02 42599 0.000840
42622 CX02 42784 0.000840
42622 CX02 42600 0.000840
42622 CX02 42783 0.000840
42622 CX12 42782 0.991816
42622 CX12 42598 0.001169
42622 CX12 42781 0.001169
42622 CX12 42597 0.001169
42622 CX12 42784 0.001169
42622 CX12 42599 0.001169
42622 CX12 42783 0.001169
42622 CX12 42600 0.001169
42622 X0 42618 0.999804
42622 X0 42622 0.000065
42622 X0 42623 0.000065
42622 X0 42619 0.000065
42623 CX02 42600 0.994120
42623 CX02 42783 0.000840
42623 CX02 42599 0.000840
42623 CX02 42784 0.000840
42623 CX02 42597 0.000840
42623 CX02 42781 0.000840
42623 CX02 42598 0.000840
42623 CX02 42782 0.000840
42623 CX12 42783 0.991816
42623 CX12 42600 0.001169
42623 CX12 42784 0.001169
42623 CX12 42599 0.001169
42623 CX12 42781 0.001169
42623 CX12 42597 0.001169
42623 CX12 42782 0.001169
42623 CX12 42598 0.001169
42623 X0 42619 0.999804
42623 X0 42623 0.000065
42623 X0 42622 0.000065
42623 X0 42618 0.000065
42624 CX02 42783 0.994120
42624 CX02 42600 0.000840
42624 CX02 42784 0.000840
42624 CX02 42599 0.000840
42624 CX02 42781 0.000840
42624 CX02 42597 0.000840
42624 CX02 42782 0.000840
42624 CX02 42598 0.000840
42624 CX12 42600 0.991816
42624 CX12 42783 0.001169
42624 CX12 42599 0.001169
42624 CX12 42784 0.001169
42624 CX12 42597 0.001169
42624 CX12 42781 0.001169
42624 CX12 42598 0.001169
42624 CX12 42782 0.001169
42624 X0 42620 0.999804
42624 X0 42624 0.000065
42624 X0 42621 0.000065
42624 X0 42617 0.000065
42643 CX02 43073 0.994120
42643 CX02 43074 0.000840
42643 CX02 43075 0.000840
42643 CX02 43076 0.000840
42643 CX02 43077 0.000840
42643 CX02 43078 0.000840
42643 CX02 43079 0.000840
42643 CX02 43080 0.000840
42643 CX12 43073 0.991816
42643 CX12 43074 0.001169
42643 CX12 43075 0.001169
42643 CX12 43076 0.001169
42643 CX12 43078 0.001169
42643 CX12 43077 0.001169
42643 CX12 43080 0.001169
42643 CX12 43079 0.001169
42643 P2 42597 0.899200
42643 P2 42643 0.112000
42643 X0 42682 0.999804
42643 X0 42643 0.000065
42643 X0 42721 0.000065
42643 X0 42760 0.000065
42682 CX02 43078 0.994120
42682 CX02 43077 0.000840
42682 CX02 43080 0.000840
42682 CX02 43079 0.000840
42682 CX02 43074 0.000840
42682 CX02 43073 0.000840
42682 CX02 43076 0.000840
42682 CX02 43075 0.000840
42682 CX12 43077 0.991816
42682 CX12 43078 0.001169
42682 CX12 43079 0.001169
42682 CX12 43080 0.001169
42682 CX12 43074 0.001169
42682 CX12 43073 0.001169
42682 CX12 43076 0.001169
42682 CX12 43075 0.001169
42682 P2 42598 0.899200
42682 P2 42682 0.112000
42682 X0 42643 0.999804
42682 X0 42682 0.000065
42682 X0 42760 0.000065
42682 X0 42721 0.000065
42721 CX02 43076 0.994120
42721 CX02 43075 0.000840
42721 CX02 43074 0.000840
42721 CX02 43073 0.000840
42721 CX02 43080 0.000840
42721 CX02 43079 0.000840
42721 CX02 43078 0.000840
42721 CX02 43077 0.000840
42721 CX12 43076 0.991816
42721 CX12 43075 0.001169
42721 CX12 43074 0.001169
42721 CX12 43073 0.001169
42721 CX12 43079 0.001169
42721 CX12 43080 0.001169
42721 CX12 43077 0.001169
42721 CX12 43078 0.001169
42721 P2 42599 0.899200
42721 P2 42721 0.112000
42721 X0 42760 0.999804
42721 X0 42721 0.000065
42721 X0 42643 0.000065
42721 X0 42682 0.000065
42760 CX02 43079 0.994120
42760 CX02 43080 0.000840
42760 CX02 43077 0.000840
42760 CX02 43078 0.000840
42760 CX02 43075 0.000840
42760 CX02 43076 0.000840
42760 CX02 43073 0.000840
42760 CX02 43074 0.000840
42760 CX12 43080 0.991816
42760 CX12 43079 0.001169
42760 CX12 43078 0.001169
42760 CX12 43077 0.001169
42760 CX12 43075 0.001169
42760 CX12 43076 0.001169
42760 CX12 43073 0.001169
42760 CX12 43074 0.001169
42760 P2 42600 0.899200
42760 P2 42760 0.112000
42760 X0 42721 0.999804
42760 X0 42760 0.000065
42760 X0 42682 0.000065
42760 X0 42643 0.000065
42781 CX02 42618 0.994120
42781 CX02 42617 0.000840
42781 CX02 42620 0.000840
42781 CX02 42619 0.000840
42781 CX02 42622 0.000840
42781 CX02 42621 0.000840
42781 CX02 42624 0.000840
42781 CX02 42623 0.000840
42781 CX12 42618 0.991816
42781 CX12 42617 0.001169
42781 CX12 42620 0.001169
42781 CX12 42619 0.001169
42781 CX12 42621 0.001169
42781 CX12 42622 0.001169
42781 CX12 42623 0.001169
42781 CX12 42624 0.001169
42781 P2 43251 0.888000
42781 P2 42781 0.100800
42781 X0 42782 0.999804
42781 X0 42781 0.000065
42781 X0 42784 0.000065
42781 X0 42783 0.000065
42782 CX02 42621 0.994120
42782 CX02 42622 0.000840
42782 CX02 42623 0.000840
42782 CX02 42624 0.000840
42782 CX02 42617 0.000840
42782 CX02 42618 0.000840
42782 CX02 42619 0.000840
42782 CX02 42620 0.000840
42782 CX12 42622 0.991816
42782 CX12 42621 0.001169
42782 CX12 42624 0.001169
42782 CX12 42623 0.001169
42782 CX12 42617 0.001169
42782 CX12 42618 0.001169
42782 CX12 42619 0.001169
42782 CX12 42620 0.001169
42782 P2 43290 0.888000
42782 P2 42782 0.100800
42782 X0 42781 0.999804
42782 X0 42782 0.000065
42782 X0 42783 0.000065
42782 X0 42784 0.000065
42783 CX02 42624 0.994120
42783 CX02 42623 0.000840
42783 CX02 42622 0.000840
42783 CX02 42621 0.000840
42783 CX02 42620 0.000840
42783 CX02 42619 0.000840
42783 CX02 42618 0.000840
42783 CX02 42617 0.000840
42783 CX12 42623 0.991816
42783 CX12 42624 0.001169
42783 CX12 42621 0.001169
42783 CX12 42622 0.001169
42783 CX12 42620 0.001169
42783 CX12 42619 0.001169
42783 CX12 42618 0.001169
42783 CX12 42617 0.001169
42783 P2 43329 0.888000
42783 P2 42783 0.100800
42783 X0 42784 0.999804
42783 X0 42783 0.000065
42783 X0 42782 0.000065
42783 X0 42781 0.000065
42784 CX02 42619 0.994120
42784 CX02 42620 0.000840
42784 CX02 42617 0.000840
42784 CX02 42618 0.000840
42784 CX02 42623 0.000840
42784 CX02 42624 0.000840
42784 CX02 42621 0.000840
42784 CX02 42622 0.000840
42784 CX12 42619 0.991816
42784 CX12 42620 0.001169
42784 CX12 42617 0.001169
42784 CX12 42618 0.001169
42784 CX12 42624 0.001169
42784 CX12 42623 0.001169
42784 CX12 42622 0.001169
42784 CX12 42621 0.001169
42784 P2 43368 0.888000
42784 P2 42784 0.100800
42784 X0 42783 0.999804
42784 X0 42784 0.000065
42784 X0 42781 0.000065
42784 X0 42782 0.000065
43073 CX02 42643 0.994120
43073 CX02 43251 0.000840
43073 CX02 42682 0.000840
43073 CX02 43290 0.000840
43073 CX02 42760 0.000840
43073 CX02 43329 0.000840
43073 CX02 42721 0.000840
43073 CX02 43368 0.000840
43073 CX12 42643 0.991816
43073 CX12 43251 0.001169
43073 CX12 42682 0.001169
43073 CX12 43290 0.001169
43073 CX12 42760 0.001169
43073 CX12 43329 0.001169
43073 CX12 42721 0.001169
43073 CX12 43368 0.001169
43073 X0 43077 0.999804
43073 X0 43073 0.000065
43073 X0 43076 0.000065
43073 X0 43080 0.000065
43074 CX02 43251 0.994120
43074 CX02 42643 0.000840
43074 CX02 43290 0.000840
43074 CX02 42682 0.000840
43074 CX02 43329 0.000840
43074 CX02 42760 0.000840
43074 CX02 43368 0.000840
43074 CX02 42721 0.000840
43074 CX12 43251 0.991816
43074 CX12 42643 0.001169
43074 CX12 43290 0.001169
43074 CX12 42682 0.001169
43074 CX12 43329 0.001169
43074 CX12 42760 0.001169
43074 CX12 43368 0.001169
43074 CX12 42721 0.001169
43074 X0 43078 0.999804
43074 X0 43074 0.000065
43074 X0 43075 0.000065
43074 X0 43079 0.000065
43075 CX02 43368 0.994120
43075 CX02 42721 0.000840
43075 CX02 43329 0.000840
43075 CX02 42760 0.000840
43075 CX02 43290 0.000840
43075 CX02 42682 0.000840
43075 CX02 43251 0.000840
43075 CX02 42643 0.000840
43075 CX12 43368 0.991816
43075 CX12 42721 0.001169
43075 CX12 43329 0.001169
43075 CX12 42760 0.001169
43075 CX12 43290 0.001169
43075 CX12 42682 0.001169
43075 CX12 43251 0.001169
43075 CX12 42643 0.001169
43075 X0 43079 0.999804
43075 X0 43075 0.000065
43075 X0 43074 0.000065
43075 X0 43078 0.000065
43076 CX02 42721 0.994120
43076 CX02 43368 0.000840
43076 CX02 42760 0.000840
43076 CX02 43329 0.000840
43076 CX02 42682 0.000840
43076 CX02 43290 0.000840
43076 CX02 42643 0.000840
43076 CX02 43251 0.000840
43076 CX12 42721 0.991816
43076 CX12 43368 0.001169
43076 CX12 42760 0.001169
43076 CX12 43329 0.001169
43076 CX12 42682 0.001169
43076 CX12 43290 0.001169
43076 CX12 42643 0.001169
43076 CX12 43251 0.001169
43076 X0 43080 0.999804
43076 X0 43076 0.000065
43076 X0 43073 0.000065
43076 X0 43077 0.000065
43077 CX02 43290 0.994120
43077 CX02 42682 0.000840
43077 CX02 43251 0.000840
43077 CX02 42643 0.000840
43077 CX02 43368 0.000840
43077 CX02 42721 0.000840
43077 CX02 43329 0.000840
43077 CX02 42760 0.000840
43077 CX12 42682 0.991816
43077 CX12 43290 0.001169
43077 CX12 42643 0.001169
43077 CX12 43251 0.001169
43077 CX12 42721 0.001169
43077 CX12 43368 0.001169
43077 CX12 42760 0.001169
43077 CX12 43329 0.001169
43077 X0 43073 0.999804
43077 X0 43077 0.000065
43077 X0 43080 0.000065
43077 X0 43076 0.000065
43078 CX02 42682 0.994120
43078 CX02 43290 0.000840
43078 CX02 42643 0.000840
43078 CX02 43251 0.000840
43078 CX02 42721 0.000840
43078 CX02 43368 0.000840
43078 CX02 42760 0.000840
43078 CX02 43329 0.000840
43078 CX12 43290 0.991816
43078 CX12 42682 0.001169
43078 CX12 43251 0.001169
43078 CX12 42643 0.001169
43078 CX12 43368 0.001169
43078 CX12 42721 0.001169
43078 CX12 43329 0.001169
43078 CX12 42760 0.001169
43078 X0 43074 0.999804
43078 X0 43078 0.000065
43078 X0 43079 0.000065
43078 X0 43075 0.000065
43079 CX02 42760 0.994120
43079 CX02 43329 0.000840
43079 CX02 42721 0.000840
43079 CX02 43368 0.000840
43079 CX02 42643 0.000840
43079 CX02 43251 0.000840
43079 CX02 42682 0.000840
43079 CX02 43290 0.000840
43079 CX12 43329 0.991816
43079 CX12 42760 0.001169
43079 CX12 43368 0.001169
43079 CX12 42721 0.001169
43079 CX12 43251 0.001169
43079 CX12 42643 0.001169
43079 CX12 43290 0.001169
43079 CX12 42682 0.001169
43079 X0 43075 0.999804
43079 X0 43079 0.000065
43079 X0 43078 0.000065
43079 X0 43074 0.000065
43080 CX02 43329 0.994120
43080 CX02 42760 0.000840
43080 CX02 43368 0.000840
43080 CX02 42721 0.000840
43080 CX02 43251 0.000840
43080 CX02 42643 0.000840
43080 CX02 43290 0.000840
43080 CX02 42682 0.000840
43080 CX12 42760 0.991816
43080 CX12 43329 0.001169
43080 CX12 42721 0.001169
43080 CX12 43368 0.001169
43080 CX12 42643 0.001169
43080 CX12 43251 0.001169
43080 CX12 42682 0.001169
43080 CX12 43290 0.001169
43080 X0 43076 0.999804
43080 X0 43080 0.000065
43080 X0 43077 0.000065
43080 X0 43073 0.000065
43251 CX02 43074 0.994120
43251 CX02 43073 0.000840
43251 CX02 43076 0.000840
43251 CX02 43075 0.000840
43251 CX02 43078 0.000840
43251 CX02 43077 0.000840
43251 CX02 43080 0.000840
43251 CX02 43079 0.000840
43251 CX12 43074 0.991816
43251 CX12 43073 0.001169
43251 CX12 43076 0.001169
43251 CX12 43075 0.001169
43251 CX12 43077 0.001169
43251 CX12 43078 0.001169
43251 CX12 43079 0.001169
43251 CX12 43080 0.001169
43251 P2 43251 0.888000
43251 P2 42781 0.100800
43251 X0 43290 0.999804
43251 X0 43251 0.000065
43251 X0 43368 0.000065
43251 X0 43329 0.000065
43290 CX02 43077 0.994120
43290 CX02 43078 0.000840
43290 CX02 43079 0.000840
43290 CX02 43080 0.000840
43290 CX02 43073 0.000840
43290 CX02 43074 0.000840
43290 CX02 43075 0.000840
43290 CX02 43076 0.000840
43290 CX12 43078 0.991816
43290 CX12 43077 0.001169
43290 CX12 43080 0.001169
43290 CX12 43079 0.001169
43290 CX12 43073 0.001169
43290 CX12 43074 0.001169
43290 CX12 43075 0.001169
43290 CX12 43076 0.001169
43290 P2 43290 0.888000
43290 P2 42782 0.100800
43290 X0 43251 0.999804
43290 X0 43290 0.000065
43290 X0 43329 0.000065
43290 X0 43368 0.000065
43329 CX02 43080 0.994120
43329 CX02 43079 0.000840
43329 CX02 43078 0.000840
43329 CX02 43077 0.000840
43329 CX02 43076 0.000840
43329 CX02 43075 0.000840
43329 CX02 43074 0.000840
43329 CX02 43073 0.000840
43329 CX12 43079 0.991816
43329 CX12 43080 0.001169
43329 CX12 43077 0.001169
43329 CX12 43078 0.001169
43329 CX12 43076 0.001169
43329 CX12 43075 0.001169
43329 CX12 43074 0.001169
43329 CX12 43073 0.001169
43329 P2 43329 0.888000
43329 P2 42783 0.100800
43329 X0 43368 0.999804
43329 X0 43329 0.000065
43329 X0 43290 0.000065
43329 X0 43251 0.000065
43368 CX02 43075 0.994120
43368 CX02 43076 0.000840
43368 CX02 43073 0.000840
43368 CX02 43074 0.000840
43368 CX02 43079 0.000840
43368 CX02 43080 0.000840
43368 CX02 43077 0.000840
43368 CX02 43078 0.000840
43368 CX12 43075 0.991816
43368 CX12 43076 0.001169
43368 CX12 43073 0.001169
43368 CX12 43074 0.001169
43368 CX12 43080 0.001169
43368 CX12 43079 0.001169
43368 CX12 43078 0.001169
43368 CX12 43077 0.001169
43368 P2 43368 0.888000
43368 P2 42784 0.100800
43368 X0 43329 0.999804
43368 X0 43368 0.000065
43368 X0 43251 0.000065
43368 X0 43290 0.000065
ENDPOMDP
