BEGINPOMDP
INITIALSTATE: 162855
STATES: 162855,162856,162857,162858,162859,162876,162877,162878,162879,162880,162881,162882,162883,162902,162941,162980,163019,163040,163041,163042,163043,163332,163333,163334,163335,163336,163337,163338,163339,163510,163549,163588,163627
TARGETV: 162856,162858,162902,162980,163040,163043,163510,163627
GAMMA: 162855:0,162856:0,162857:0,162858:0,162859:0,162876:0,162877:0,162878:0,162879:0,162880:0,162881:0,162882:0,162883:0,162902:1,162941:1,162980:1,163019:1,163040:0,163041:0,163042:0,163043:0,163332:1,163333:1,163334:1,163335:1,163336:1,163337:1,163338:1,163339:1,163510:1,163549:1,163588:1,163627:1
BEGINACTIONS
CX02 Instruction.CNOT 0 2 -
CX12 Instruction.CNOT 1 2 -
P2 Instruction.MEAS - 2 -
X0 Instruction.X - 0 -
ENDACTIONS
162855 INIT_ 162856 0.250000
162855 INIT_ 162857 0.250000
162855 INIT_ 162858 0.250000
162855 INIT_ 162859 0.250000
162856 CX02 162876 0.989327
162856 CX02 162877 0.001525
162856 CX02 162878 0.001525
162856 CX02 162879 0.001525
162856 CX02 162880 0.001525
162856 CX02 162881 0.001525
162856 CX02 162882 0.001525
162856 CX02 162883 0.001525
162856 CX12 162876 0.990555
162856 CX12 162877 0.001349
162856 CX12 162878 0.001349
162856 CX12 162879 0.001349
162856 CX12 162881 0.001349
162856 CX12 162880 0.001349
162856 CX12 162883 0.001349
162856 CX12 162882 0.001349
162856 P2 162856 0.988400
162856 P2 162902 0.010600
162856 X0 162857 0.999504
162856 X0 162856 0.000165
162856 X0 162858 0.000165
162856 X0 162859 0.000165
162857 CX02 162881 0.989327
162857 CX02 162880 0.001525
162857 CX02 162883 0.001525
162857 CX02 162882 0.001525
162857 CX02 162877 0.001525
162857 CX02 162876 0.001525
162857 CX02 162879 0.001525
162857 CX02 162878 0.001525
162857 CX12 162880 0.990555
162857 CX12 162881 0.001349
162857 CX12 162882 0.001349
162857 CX12 162883 0.001349
162857 CX12 162877 0.001349
162857 CX12 162876 0.001349
162857 CX12 162879 0.001349
162857 CX12 162878 0.001349
162857 P2 162857 0.988400
162857 P2 162941 0.010600
162857 X0 162856 0.999504
162857 X0 162857 0.000165
162857 X0 162859 0.000165
162857 X0 162858 0.000165
162858 CX02 162879 0.989327
162858 CX02 162878 0.001525
162858 CX02 162877 0.001525
162858 CX02 162876 0.001525
162858 CX02 162883 0.001525
162858 CX02 162882 0.001525
162858 CX02 162881 0.001525
162858 CX02 162880 0.001525
162858 CX12 162879 0.990555
162858 CX12 162878 0.001349
162858 CX12 162877 0.001349
162858 CX12 162876 0.001349
162858 CX12 162882 0.001349
162858 CX12 162883 0.001349
162858 CX12 162880 0.001349
162858 CX12 162881 0.001349
162858 P2 162858 0.988400
162858 P2 162980 0.010600
162858 X0 162859 0.999504
162858 X0 162858 0.000165
162858 X0 162856 0.000165
162858 X0 162857 0.000165
162859 CX02 162882 0.989327
162859 CX02 162883 0.001525
162859 CX02 162880 0.001525
162859 CX02 162881 0.001525
162859 CX02 162878 0.001525
162859 CX02 162879 0.001525
162859 CX02 162876 0.001525
162859 CX02 162877 0.001525
162859 CX12 162883 0.990555
162859 CX12 162882 0.001349
162859 CX12 162881 0.001349
162859 CX12 162880 0.001349
162859 CX12 162878 0.001349
162859 CX12 162879 0.001349
162859 CX12 162876 0.001349
162859 CX12 162877 0.001349
162859 P2 162859 0.988400
162859 P2 163019 0.010600
162859 X0 162858 0.999504
162859 X0 162859 0.000165
162859 X0 162857 0.000165
162859 X0 162856 0.000165
162876 CX02 162856 0.989327
162876 CX02 163040 0.001525
162876 CX02 162857 0.001525
162876 CX02 163041 0.001525
162876 CX02 162859 0.001525
162876 CX02 163042 0.001525
162876 CX02 162858 0.001525
162876 CX02 163043 0.001525
162876 CX12 162856 0.990555
162876 CX12 163040 0.001349
162876 CX12 162857 0.001349
162876 CX12 163041 0.001349
162876 CX12 162859 0.001349
162876 CX12 163042 0.001349
162876 CX12 162858 0.001349
162876 CX12 163043 0.001349
162876 X0 162880 0.999504
162876 X0 162876 0.000165
162876 X0 162879 0.000165
162876 X0 162883 0.000165
162877 CX02 163040 0.989327
162877 CX02 162856 0.001525
162877 CX02 163041 0.001525
162877 CX02 162857 0.001525
162877 CX02 163042 0.001525
162877 CX02 162859 0.001525
162877 CX02 163043 0.001525
162877 CX02 162858 0.001525
162877 CX12 163040 0.990555
162877 CX12 162856 0.001349
162877 CX12 163041 0.001349
162877 CX12 162857 0.001349
162877 CX12 163042 0.001349
162877 CX12 162859 0.001349
162877 CX12 163043 0.001349
162877 CX12 162858 0.001349
162877 X0 162881 0.999504
162877 X0 162877 0.000165
162877 X0 162878 0.000165
162877 X0 162882 0.000165
162878 CX02 163043 0.989327
162878 CX02 162858 0.001525
162878 CX02 163042 0.001525
162878 CX02 162859 0.001525
162878 CX02 163041 0.001525
162878 CX02 162857 0.001525
162878 CX02 163040 0.001525
162878 CX02 162856 0.001525
162878 CX12 163043 0.990555
162878 CX12 162858 0.001349
162878 CX12 163042 0.001349
162878 CX12 162859 0.001349
162878 CX12 163041 0.001349
162878 CX12 162857 0.001349
162878 CX12 163040 0.001349
162878 CX12 162856 0.001349
162878 X0 162882 0.999504
162878 X0 162878 0.000165
162878 X0 162877 0.000165
162878 X0 162881 0.000165
162879 CX02 162858 0.989327
162879 CX02 163043 0.001525
162879 CX02 162859 0.001525
162879 CX02 163042 0.001525
162879 CX02 162857 0.001525
162879 CX02 163041 0.001525
162879 CX02 162856 0.001525
162879 CX02 163040 0.001525
162879 CX12 162858 0.990555
162879 CX12 163043 0.001349
162879 CX12 162859 0.001349
162879 CX12 163042 0.001349
162879 CX12 162857 0.001349
162879 CX12 163041 0.001349
162879 CX12 162856 0.001349
162879 CX12 163040 0.001349
162879 X0 162883 0.999504
162879 X0 162879 0.000165
162879 X0 162876 0.000165
162879 X0 162880 0.000165
162880 CX02 163041 0.989327
162880 CX02 162857 0.001525
162880 CX02 163040 0.001525
162880 CX02 162856 0.001525
162880 CX02 163043 0.001525
162880 CX02 162858 0.001525
162880 CX02 163042 0.001525
162880 CX02 162859 0.001525
162880 CX12 162857 0.990555
162880 CX12 163041 0.001349
162880 CX12 162856 0.001349
162880 CX12 163040 0.001349
162880 CX12 162858 0.001349
162880 CX12 163043 0.001349
162880 CX12 162859 0.001349
162880 CX12 163042 0.001349
162880 X0 162876 0.999504
162880 X0 162880 0.000165
162880 X0 162883 0.000165
162880 X0 162879 0.000165
162881 CX02 162857 0.989327
162881 CX02 163041 0.001525
162881 CX02 162856 0.001525
162881 CX02 163040 0.001525
162881 CX02 162858 0.001525
162881 CX02 163043 0.001525
162881 CX02 162859 0.001525
162881 CX02 163042 0.001525
162881 CX12 163041 0.990555
162881 CX12 162857 0.001349
162881 CX12 163040 0.001349
162881 CX12 162856 0.001349
162881 CX12 163043 0.001349
162881 CX12 162858 0.001349
162881 CX12 163042 0.001349
162881 CX12 162859 0.001349
162881 X0 162877 0.999504
162881 X0 162881 0.000165
162881 X0 162882 0.000165
162881 X0 162878 0.000165
162882 CX02 162859 0.989327
162882 CX02 163042 0.001525
162882 CX02 162858 0.001525
162882 CX02 163043 0.001525
162882 CX02 162856 0.001525
162882 CX02 163040 0.001525
162882 CX02 162857 0.001525
162882 CX02 163041 0.001525
162882 CX12 163042 0.990555
162882 CX12 162859 0.001349
162882 CX12 163043 0.001349
162882 CX12 162858 0.001349
162882 CX12 163040 0.001349
162882 CX12 162856 0.001349
162882 CX12 163041 0.001349
162882 CX12 162857 0.001349
162882 X0 162878 0.999504
162882 X0 162882 0.000165
162882 X0 162881 0.000165
162882 X0 162877 0.000165
162883 CX02 163042 0.989327
162883 CX02 162859 0.001525
162883 CX02 163043 0.001525
162883 CX02 162858 0.001525
162883 CX02 163040 0.001525
162883 CX02 162856 0.001525
162883 CX02 163041 0.001525
162883 CX02 162857 0.001525
162883 CX12 162859 0.990555
162883 CX12 163042 0.001349
162883 CX12 162858 0.001349
162883 CX12 163043 0.001349
162883 CX12 162856 0.001349
162883 CX12 163040 0.001349
162883 CX12 162857 0.001349
162883 CX12 163041 0.001349
162883 X0 162879 0.999504
162883 X0 162883 0.000165
162883 X0 162880 0.000165
162883 X0 162876 0.000165
162902 CX02 163332 0.989327
162902 CX02 163333 0.001525
162902 CX02 163334 0.001525
162902 CX02 163335 0.001525
162902 CX02 163336 0.001525
162902 CX02 163337 0.001525
162902 CX02 163338 0.001525
162902 CX02 163339 0.001525
162902 CX12 163332 0.990555
162902 CX12 163333 0.001349
162902 CX12 163334 0.001349
162902 CX12 163335 0.001349
162902 CX12 163337 0.001349
162902 CX12 163336 0.001349
162902 CX12 163339 0.001349
162902 CX12 163338 0.001349
162902 P2 162856 0.988400
162902 P2 162902 0.010600
162902 X0 162941 0.999504
162902 X0 162902 0.000165
162902 X0 162980 0.000165
162902 X0 163019 0.000165
162941 CX02 163337 0.989327
162941 CX02 163336 0.001525
162941 CX02 163339 0.001525
162941 CX02 163338 0.001525
162941 CX02 163333 0.001525
162941 CX02 163332 0.001525
162941 CX02 163335 0.001525
162941 CX02 163334 0.001525
162941 CX12 163336 0.990555
162941 CX12 163337 0.001349
162941 CX12 163338 0.001349
162941 CX12 163339 0.001349
162941 CX12 163333 0.001349
162941 CX12 163332 0.001349
162941 CX12 163335 0.001349
162941 CX12 163334 0.001349
162941 P2 162857 0.988400
162941 P2 162941 0.010600
162941 X0 162902 0.999504
162941 X0 162941 0.000165
162941 X0 163019 0.000165
162941 X0 162980 0.000165
162980 CX02 163335 0.989327
162980 CX02 163334 0.001525
162980 CX02 163333 0.001525
162980 CX02 163332 0.001525
162980 CX02 163339 0.001525
162980 CX02 163338 0.001525
162980 CX02 163337 0.001525
162980 CX02 163336 0.001525
162980 CX12 163335 0.990555
162980 CX12 163334 0.001349
162980 CX12 163333 0.001349
162980 CX12 163332 0.001349
162980 CX12 163338 0.001349
162980 CX12 163339 0.001349
162980 CX12 163336 0.001349
162980 CX12 163337 0.001349
162980 P2 162858 0.988400
162980 P2 162980 0.010600
162980 X0 163019 0.999504
162980 X0 162980 0.000165
162980 X0 162902 0.000165
162980 X0 162941 0.000165
163019 CX02 163338 0.989327
163019 CX02 163339 0.001525
163019 CX02 163336 0.001525
163019 CX02 163337 0.001525
163019 CX02 163334 0.001525
163019 CX02 163335 0.001525
163019 CX02 163332 0.001525
163019 CX02 163333 0.001525
163019 CX12 163339 0.990555
163019 CX12 163338 0.001349
163019 CX12 163337 0.001349
163019 CX12 163336 0.001349
163019 CX12 163334 0.001349
163019 CX12 163335 0.001349
163019 CX12 163332 0.001349
163019 CX12 163333 0.001349
163019 P2 162859 0.988400
163019 P2 163019 0.010600
163019 X0 162980 0.999504
163019 X0 163019 0.000165
163019 X0 162941 0.000165
163019 X0 162902 0.000165
163040 CX02 162877 0.989327
163040 CX02 162876 0.001525
163040 CX02 162879 0.001525
163040 CX02 162878 0.001525
163040 CX02 162881 0.001525
163040 CX02 162880 0.001525
163040 CX02 162883 0.001525
163040 CX02 162882 0.001525
163040 CX12 162877 0.990555
163040 CX12 162876 0.001349
163040 CX12 162879 0.001349
163040 CX12 162878 0.001349
163040 CX12 162880 0.001349
163040 CX12 162881 0.001349
163040 CX12 162882 0.001349
163040 CX12 162883 0.001349
163040 P2 163510 0.989400
163040 P2 163040 0.011600
163040 X0 163041 0.999504
163040 X0 163040 0.000165
163040 X0 163043 0.000165
163040 X0 163042 0.000165
163041 CX02 162880 0.989327
163041 CX02 162881 0.001525
163041 CX02 162882 0.001525
163041 CX02 162883 0.001525
163041 CX02 162876 0.001525
163041 CX02 162877 0.001525
163041 CX02 162878 0.001525
163041 CX02 162879 0.001525
163041 CX12 162881 0.990555
163041 CX12 162880 0.001349
163041 CX12 162883 0.001349
163041 CX12 162882 0.001349
163041 CX12 162876 0.001349
163041 CX12 162877 0.001349
163041 CX12 162878 0.001349
163041 CX12 162879 0.001349
163041 P2 163549 0.989400
163041 P2 163041 0.011600
163041 X0 163040 0.999504
163041 X0 163041 0.000165
163041 X0 163042 0.000165
163041 X0 163043 0.000165
163042 CX02 162883 0.989327
163042 CX02 162882 0.001525
163042 CX02 162881 0.001525
163042 CX02 162880 0.001525
163042 CX02 162879 0.001525
163042 CX02 162878 0.001525
163042 CX02 162877 0.001525
163042 CX02 162876 0.001525
163042 CX12 162882 0.990555
163042 CX12 162883 0.001349
163042 CX12 162880 0.001349
163042 CX12 162881 0.001349
163042 CX12 162879 0.001349
163042 CX12 162878 0.001349
163042 CX12 162877 0.001349
163042 CX12 162876 0.001349
163042 P2 163588 0.989400
163042 P2 163042 0.011600
163042 X0 163043 0.999504
163042 X0 163042 0.000165
163042 X0 163041 0.000165
163042 X0 163040 0.000165
163043 CX02 162878 0.989327
163043 CX02 162879 0.001525
163043 CX02 162876 0.001525
163043 CX02 162877 0.001525
163043 CX02 162882 0.001525
163043 CX02 162883 0.001525
163043 CX02 162880 0.001525
163043 CX02 162881 0.001525
163043 CX12 162878 0.990555
163043 CX12 162879 0.001349
163043 CX12 162876 0.001349
163043 CX12 162877 0.001349
163043 CX12 162883 0.001349
163043 CX12 162882 0.001349
163043 CX12 162881 0.001349
163043 CX12 162880 0.001349
163043 P2 163627 0.989400
163043 P2 163043 0.011600
163043 X0 163042 0.999504
163043 X0 163043 0.000165
163043 X0 163040 0.000165
163043 X0 163041 0.000165
163332 CX02 162902 0.989327
163332 CX02 163510 0.001525
163332 CX02 162941 0.001525
163332 CX02 163549 0.001525
163332 CX02 163019 0.001525
163332 CX02 163588 0.001525
163332 CX02 162980 0.001525
163332 CX02 163627 0.001525
163332 CX12 162902 0.990555
163332 CX12 163510 0.001349
163332 CX12 162941 0.001349
163332 CX12 163549 0.001349
163332 CX12 163019 0.001349
163332 CX12 163588 0.001349
163332 CX12 162980 0.001349
163332 CX12 163627 0.001349
163332 X0 163336 0.999504
163332 X0 163332 0.000165
163332 X0 163335 0.000165
163332 X0 163339 0.000165
163333 CX02 163510 0.989327
163333 CX02 162902 0.001525
163333 CX02 163549 0.001525
163333 CX02 162941 0.001525
163333 CX02 163588 0.001525
163333 CX02 163019 0.001525
163333 CX02 163627 0.001525
163333 CX02 162980 0.001525
163333 CX12 163510 0.990555
163333 CX12 162902 0.001349
163333 CX12 163549 0.001349
163333 CX12 162941 0.001349
163333 CX12 163588 0.001349
163333 CX12 163019 0.001349
163333 CX12 163627 0.001349
163333 CX12 162980 0.001349
163333 X0 163337 0.999504
163333 X0 163333 0.000165
163333 X0 163334 0.000165
163333 X0 163338 0.000165
163334 CX02 163627 0.989327
163334 CX02 162980 0.001525
163334 CX02 163588 0.001525
163334 CX02 163019 0.001525
163334 CX02 163549 0.001525
163334 CX02 162941 0.001525
163334 CX02 163510 0.001525
163334 CX02 162902 0.001525
163334 CX12 163627 0.990555
163334 CX12 162980 0.001349
163334 CX12 163588 0.001349
163334 CX12 163019 0.001349
163334 CX12 163549 0.001349
163334 CX12 162941 0.001349
163334 CX12 163510 0.001349
163334 CX12 162902 0.001349
163334 X0 163338 0.999504
163334 X0 163334 0.000165
163334 X0 163333 0.000165
163334 X0 163337 0.000165
163335 CX02 162980 0.989327
163335 CX02 163627 0.001525
163335 CX02 163019 0.001525
163335 CX02 163588 0.001525
163335 CX02 162941 0.001525
163335 CX02 163549 0.001525
163335 CX02 162902 0.001525
163335 CX02 163510 0.001525
163335 CX12 162980 0.990555
163335 CX12 163627 0.001349
163335 CX12 163019 0.001349
163335 CX12 163588 0.001349
163335 CX12 162941 0.001349
163335 CX12 163549 0.001349
163335 CX12 162902 0.001349
163335 CX12 163510 0.001349
163335 X0 163339 0.999504
163335 X0 163335 0.000165
163335 X0 163332 0.000165
163335 X0 163336 0.000165
163336 CX02 163549 0.989327
163336 CX02 162941 0.001525
163336 CX02 163510 0.001525
163336 CX02 162902 0.001525
163336 CX02 163627 0.001525
163336 CX02 162980 0.001525
163336 CX02 163588 0.001525
163336 CX02 163019 0.001525
163336 CX12 162941 0.990555
163336 CX12 163549 0.001349
163336 CX12 162902 0.001349
163336 CX12 163510 0.001349
163336 CX12 162980 0.001349
163336 CX12 163627 0.001349
163336 CX12 163019 0.001349
163336 CX12 163588 0.001349
163336 X0 163332 0.999504
163336 X0 163336 0.000165
163336 X0 163339 0.000165
163336 X0 163335 0.000165
163337 CX02 162941 0.989327
163337 CX02 163549 0.001525
163337 CX02 162902 0.001525
163337 CX02 163510 0.001525
163337 CX02 162980 0.001525
163337 CX02 163627 0.001525
163337 CX02 163019 0.001525
163337 CX02 163588 0.001525
163337 CX12 163549 0.990555
163337 CX12 162941 0.001349
163337 CX12 163510 0.001349
163337 CX12 162902 0.001349
163337 CX12 163627 0.001349
163337 CX12 162980 0.001349
163337 CX12 163588 0.001349
163337 CX12 163019 0.001349
163337 X0 163333 0.999504
163337 X0 163337 0.000165
163337 X0 163338 0.000165
163337 X0 163334 0.000165
163338 CX02 163019 0.989327
163338 CX02 163588 0.001525
163338 CX02 162980 0.001525
163338 CX02 163627 0.001525
163338 CX02 162902 0.001525
163338 CX02 163510 0.001525
163338 CX02 162941 0.001525
163338 CX02 163549 0.001525
163338 CX12 163588 0.990555
163338 CX12 163019 0.001349
163338 CX12 163627 0.001349
163338 CX12 162980 0.001349
163338 CX12 163510 0.001349
163338 CX12 162902 0.001349
163338 CX12 163549 0.001349
163338 CX12 162941 0.001349
163338 X0 163334 0.999504
163338 X0 163338 0.000165
163338 X0 163337 0.000165
163338 X0 163333 0.000165
163339 CX02 163588 0.989327
163339 CX02 163019 0.001525
163339 CX02 163627 0.001525
163339 CX02 162980 0.001525
163339 CX02 163510 0.001525
163339 CX02 162902 0.001525
163339 CX02 163549 0.001525
163339 CX02 162941 0.001525
163339 CX12 163019 0.990555
163339 CX12 163588 0.001349
163339 CX12 162980 0.001349
163339 CX12 163627 0.001349
163339 CX12 162902 0.001349
163339 CX12 163510 0.001349
163339 CX12 162941 0.001349
163339 CX12 163549 0.001349
163339 X0 163335 0.999504
163339 X0 163339 0.000165
163339 X0 163336 0.000165
163339 X0 163332 0.000165
163510 CX02 163333 0.989327
163510 CX02 163332 0.001525
163510 CX02 163335 0.001525
163510 CX02 163334 0.001525
163510 CX02 163337 0.001525
163510 CX02 163336 0.001525
163510 CX02 163339 0.001525
163510 CX02 163338 0.001525
163510 CX12 163333 0.990555
163510 CX12 163332 0.001349
163510 CX12 163335 0.001349
163510 CX12 163334 0.001349
163510 CX12 163336 0.001349
163510 CX12 163337 0.001349
163510 CX12 163338 0.001349
163510 CX12 163339 0.001349
163510 P2 163510 0.989400
163510 P2 163040 0.011600
163510 X0 163549 0.999504
163510 X0 163510 0.000165
163510 X0 163627 0.000165
163510 X0 163588 0.000165
163549 CX02 163336 0.989327
163549 CX02 163337 0.001525
163549 CX02 163338 0.001525
163549 CX02 163339 0.001525
163549 CX02 163332 0.001525
163549 CX02 163333 0.001525
163549 CX02 163334 0.001525
163549 CX02 163335 0.001525
163549 CX12 163337 0.990555
163549 CX12 163336 0.001349
163549 CX12 163339 0.001349
163549 CX12 163338 0.001349
163549 CX12 163332 0.001349
163549 CX12 163333 0.001349
163549 CX12 163334 0.001349
163549 CX12 163335 0.001349
163549 P2 163549 0.989400
163549 P2 163041 0.011600
163549 X0 163510 0.999504
163549 X0 163549 0.000165
163549 X0 163588 0.000165
163549 X0 163627 0.000165
163588 CX02 163339 0.989327
163588 CX02 163338 0.001525
163588 CX02 163337 0.001525
163588 CX02 163336 0.001525
163588 CX02 163335 0.001525
163588 CX02 163334 0.001525
163588 CX02 163333 0.001525
163588 CX02 163332 0.001525
163588 CX12 163338 0.990555
163588 CX12 163339 0.001349
163588 CX12 163336 0.001349
163588 CX12 163337 0.001349
163588 CX12 163335 0.001349
163588 CX12 163334 0.001349
163588 CX12 163333 0.001349
163588 CX12 163332 0.001349
163588 P2 163588 0.989400
163588 P2 163042 0.011600
163588 X0 163627 0.999504
163588 X0 163588 0.000165
163588 X0 163549 0.000165
163588 X0 163510 0.000165
163627 CX02 163334 0.989327
163627 CX02 163335 0.001525
163627 CX02 163332 0.001525
163627 CX02 163333 0.001525
163627 CX02 163338 0.001525
163627 CX02 163339 0.001525
163627 CX02 163336 0.001525
163627 CX02 163337 0.001525
163627 CX12 163334 0.990555
163627 CX12 163335 0.001349
163627 CX12 163332 0.001349
163627 CX12 163333 0.001349
163627 CX12 163339 0.001349
163627 CX12 163338 0.001349
163627 CX12 163337 0.001349
163627 CX12 163336 0.001349
163627 P2 163627 0.989400
163627 P2 163043 0.011600
163627 X0 163588 0.999504
163627 X0 163627 0.000165
163627 X0 163510 0.000165
163627 X0 163549 0.000165
ENDPOMDP
