BEGINPOMDP
INITIALSTATE: 34077
STATES: 34077,34078,34079,34080,34081,34098,34099,34100,34101,34102,34103,34104,34105,34124,34163,34202,34241,34262,34263,34264,34265,34554,34555,34556,34557,34558,34559,34560,34561,34732,34771,34810,34849
TARGETV: 34078,34080,34124,34202,34262,34265,34732,34849
GAMMA: 34077:0,34078:0,34079:0,34080:0,34081:0,34098:0,34099:0,34100:0,34101:0,34102:0,34103:0,34104:0,34105:0,34124:1,34163:1,34202:1,34241:1,34262:0,34263:0,34264:0,34265:0,34554:1,34555:1,34556:1,34557:1,34558:1,34559:1,34560:1,34561:1,34732:1,34771:1,34810:1,34849:1
BEGINACTIONS
CX02 Instruction.CNOT 0 2 -
CX12 Instruction.CNOT 1 2 -
P2 Instruction.MEAS - 2 -
X0 Instruction.X - 0 -
ENDACTIONS
34077 INIT_ 34078 0.250000
34077 INIT_ 34079 0.250000
34077 INIT_ 34080 0.250000
34077 INIT_ 34081 0.250000
34078 CX02 34098 0.984720
34078 CX02 34099 0.002183
34078 CX02 34100 0.002183
34078 CX02 34101 0.002183
34078 CX02 34102 0.002183
34078 CX02 34103 0.002183
34078 CX02 34104 0.002183
34078 CX02 34105 0.002183
34078 CX12 34098 0.984775
34078 CX12 34099 0.002175
34078 CX12 34100 0.002175
34078 CX12 34101 0.002175
34078 CX12 34103 0.002175
34078 CX12 34102 0.002175
34078 CX12 34105 0.002175
34078 CX12 34104 0.002175
34078 P2 34078 0.930800
34078 P2 34124 0.069400
34078 X0 34079 0.999819
34078 X0 34078 0.000060
34078 X0 34080 0.000060
34078 X0 34081 0.000060
34079 CX02 34103 0.984720
34079 CX02 34102 0.002183
34079 CX02 34105 0.002183
34079 CX02 34104 0.002183
34079 CX02 34099 0.002183
34079 CX02 34098 0.002183
34079 CX02 34101 0.002183
34079 CX02 34100 0.002183
34079 CX12 34102 0.984775
34079 CX12 34103 0.002175
34079 CX12 34104 0.002175
34079 CX12 34105 0.002175
34079 CX12 34099 0.002175
34079 CX12 34098 0.002175
34079 CX12 34101 0.002175
34079 CX12 34100 0.002175
34079 P2 34079 0.930800
34079 P2 34163 0.069400
34079 X0 34078 0.999819
34079 X0 34079 0.000060
34079 X0 34081 0.000060
34079 X0 34080 0.000060
34080 CX02 34101 0.984720
34080 CX02 34100 0.002183
34080 CX02 34099 0.002183
34080 CX02 34098 0.002183
34080 CX02 34105 0.002183
34080 CX02 34104 0.002183
34080 CX02 34103 0.002183
34080 CX02 34102 0.002183
34080 CX12 34101 0.984775
34080 CX12 34100 0.002175
34080 CX12 34099 0.002175
34080 CX12 34098 0.002175
34080 CX12 34104 0.002175
34080 CX12 34105 0.002175
34080 CX12 34102 0.002175
34080 CX12 34103 0.002175
34080 P2 34080 0.930800
34080 P2 34202 0.069400
34080 X0 34081 0.999819
34080 X0 34080 0.000060
34080 X0 34078 0.000060
34080 X0 34079 0.000060
34081 CX02 34104 0.984720
34081 CX02 34105 0.002183
34081 CX02 34102 0.002183
34081 CX02 34103 0.002183
34081 CX02 34100 0.002183
34081 CX02 34101 0.002183
34081 CX02 34098 0.002183
34081 CX02 34099 0.002183
34081 CX12 34105 0.984775
34081 CX12 34104 0.002175
34081 CX12 34103 0.002175
34081 CX12 34102 0.002175
34081 CX12 34100 0.002175
34081 CX12 34101 0.002175
34081 CX12 34098 0.002175
34081 CX12 34099 0.002175
34081 P2 34081 0.930800
34081 P2 34241 0.069400
34081 X0 34080 0.999819
34081 X0 34081 0.000060
34081 X0 34079 0.000060
34081 X0 34078 0.000060
34098 CX02 34078 0.984720
34098 CX02 34262 0.002183
34098 CX02 34079 0.002183
34098 CX02 34263 0.002183
34098 CX02 34081 0.002183
34098 CX02 34264 0.002183
34098 CX02 34080 0.002183
34098 CX02 34265 0.002183
34098 CX12 34078 0.984775
34098 CX12 34262 0.002175
34098 CX12 34079 0.002175
34098 CX12 34263 0.002175
34098 CX12 34081 0.002175
34098 CX12 34264 0.002175
34098 CX12 34080 0.002175
34098 CX12 34265 0.002175
34098 X0 34102 0.999819
34098 X0 34098 0.000060
34098 X0 34101 0.000060
34098 X0 34105 0.000060
34099 CX02 34262 0.984720
34099 CX02 34078 0.002183
34099 CX02 34263 0.002183
34099 CX02 34079 0.002183
34099 CX02 34264 0.002183
34099 CX02 34081 0.002183
34099 CX02 34265 0.002183
34099 CX02 34080 0.002183
34099 CX12 34262 0.984775
34099 CX12 34078 0.002175
34099 CX12 34263 0.002175
34099 CX12 34079 0.002175
34099 CX12 34264 0.002175
34099 CX12 34081 0.002175
34099 CX12 34265 0.002175
34099 CX12 34080 0.002175
34099 X0 34103 0.999819
34099 X0 34099 0.000060
34099 X0 34100 0.000060
34099 X0 34104 0.000060
34100 CX02 34265 0.984720
34100 CX02 34080 0.002183
34100 CX02 34264 0.002183
34100 CX02 34081 0.002183
34100 CX02 34263 0.002183
34100 CX02 34079 0.002183
34100 CX02 34262 0.002183
34100 CX02 34078 0.002183
34100 CX12 34265 0.984775
34100 CX12 34080 0.002175
34100 CX12 34264 0.002175
34100 CX12 34081 0.002175
34100 CX12 34263 0.002175
34100 CX12 34079 0.002175
34100 CX12 34262 0.002175
34100 CX12 34078 0.002175
34100 X0 34104 0.999819
34100 X0 34100 0.000060
34100 X0 34099 0.000060
34100 X0 34103 0.000060
34101 CX02 34080 0.984720
34101 CX02 34265 0.002183
34101 CX02 34081 0.002183
34101 CX02 34264 0.002183
34101 CX02 34079 0.002183
34101 CX02 34263 0.002183
34101 CX02 34078 0.002183
34101 CX02 34262 0.002183
34101 CX12 34080 0.984775
34101 CX12 34265 0.002175
34101 CX12 34081 0.002175
34101 CX12 34264 0.002175
34101 CX12 34079 0.002175
34101 CX12 34263 0.002175
34101 CX12 34078 0.002175
34101 CX12 34262 0.002175
34101 X0 34105 0.999819
34101 X0 34101 0.000060
34101 X0 34098 0.000060
34101 X0 34102 0.000060
34102 CX02 34263 0.984720
34102 CX02 34079 0.002183
34102 CX02 34262 0.002183
34102 CX02 34078 0.002183
34102 CX02 34265 0.002183
34102 CX02 34080 0.002183
34102 CX02 34264 0.002183
34102 CX02 34081 0.002183
34102 CX12 34079 0.984775
34102 CX12 34263 0.002175
34102 CX12 34078 0.002175
34102 CX12 34262 0.002175
34102 CX12 34080 0.002175
34102 CX12 34265 0.002175
34102 CX12 34081 0.002175
34102 CX12 34264 0.002175
34102 X0 34098 0.999819
34102 X0 34102 0.000060
34102 X0 34105 0.000060
34102 X0 34101 0.000060
34103 CX02 34079 0.984720
34103 CX02 34263 0.002183
34103 CX02 34078 0.002183
34103 CX02 34262 0.002183
34103 CX02 34080 0.002183
34103 CX02 34265 0.002183
34103 CX02 34081 0.002183
34103 CX02 34264 0.002183
34103 CX12 34263 0.984775
34103 CX12 34079 0.002175
34103 CX12 34262 0.002175
34103 CX12 34078 0.002175
34103 CX12 34265 0.002175
34103 CX12 34080 0.002175
34103 CX12 34264 0.002175
34103 CX12 34081 0.002175
34103 X0 34099 0.999819
34103 X0 34103 0.000060
34103 X0 34104 0.000060
34103 X0 34100 0.000060
34104 CX02 34081 0.984720
34104 CX02 34264 0.002183
34104 CX02 34080 0.002183
34104 CX02 34265 0.002183
34104 CX02 34078 0.002183
34104 CX02 34262 0.002183
34104 CX02 34079 0.002183
34104 CX02 34263 0.002183
34104 CX12 34264 0.984775
34104 CX12 34081 0.002175
34104 CX12 34265 0.002175
34104 CX12 34080 0.002175
34104 CX12 34262 0.002175
34104 CX12 34078 0.002175
34104 CX12 34263 0.002175
34104 CX12 34079 0.002175
34104 X0 34100 0.999819
34104 X0 34104 0.000060
34104 X0 34103 0.000060
34104 X0 34099 0.000060
34105 CX02 34264 0.984720
34105 CX02 34081 0.002183
34105 CX02 34265 0.002183
34105 CX02 34080 0.002183
34105 CX02 34262 0.002183
34105 CX02 34078 0.002183
34105 CX02 34263 0.002183
34105 CX02 34079 0.002183
34105 CX12 34081 0.984775
34105 CX12 34264 0.002175
34105 CX12 34080 0.002175
34105 CX12 34265 0.002175
34105 CX12 34078 0.002175
34105 CX12 34262 0.002175
34105 CX12 34079 0.002175
34105 CX12 34263 0.002175
34105 X0 34101 0.999819
34105 X0 34105 0.000060
34105 X0 34102 0.000060
34105 X0 34098 0.000060
34124 CX02 34554 0.984720
34124 CX02 34555 0.002183
34124 CX02 34556 0.002183
34124 CX02 34557 0.002183
34124 CX02 34558 0.002183
34124 CX02 34559 0.002183
34124 CX02 34560 0.002183
34124 CX02 34561 0.002183
34124 CX12 34554 0.984775
34124 CX12 34555 0.002175
34124 CX12 34556 0.002175
34124 CX12 34557 0.002175
34124 CX12 34559 0.002175
34124 CX12 34558 0.002175
34124 CX12 34561 0.002175
34124 CX12 34560 0.002175
34124 P2 34078 0.930800
34124 P2 34124 0.069400
34124 X0 34163 0.999819
34124 X0 34124 0.000060
34124 X0 34202 0.000060
34124 X0 34241 0.000060
34163 CX02 34559 0.984720
34163 CX02 34558 0.002183
34163 CX02 34561 0.002183
34163 CX02 34560 0.002183
34163 CX02 34555 0.002183
34163 CX02 34554 0.002183
34163 CX02 34557 0.002183
34163 CX02 34556 0.002183
34163 CX12 34558 0.984775
34163 CX12 34559 0.002175
34163 CX12 34560 0.002175
34163 CX12 34561 0.002175
34163 CX12 34555 0.002175
34163 CX12 34554 0.002175
34163 CX12 34557 0.002175
34163 CX12 34556 0.002175
34163 P2 34079 0.930800
34163 P2 34163 0.069400
34163 X0 34124 0.999819
34163 X0 34163 0.000060
34163 X0 34241 0.000060
34163 X0 34202 0.000060
34202 CX02 34557 0.984720
34202 CX02 34556 0.002183
34202 CX02 34555 0.002183
34202 CX02 34554 0.002183
34202 CX02 34561 0.002183
34202 CX02 34560 0.002183
34202 CX02 34559 0.002183
34202 CX02 34558 0.002183
34202 CX12 34557 0.984775
34202 CX12 34556 0.002175
34202 CX12 34555 0.002175
34202 CX12 34554 0.002175
34202 CX12 34560 0.002175
34202 CX12 34561 0.002175
34202 CX12 34558 0.002175
34202 CX12 34559 0.002175
34202 P2 34080 0.930800
34202 P2 34202 0.069400
34202 X0 34241 0.999819
34202 X0 34202 0.000060
34202 X0 34124 0.000060
34202 X0 34163 0.000060
34241 CX02 34560 0.984720
34241 CX02 34561 0.002183
34241 CX02 34558 0.002183
34241 CX02 34559 0.002183
34241 CX02 34556 0.002183
34241 CX02 34557 0.002183
34241 CX02 34554 0.002183
34241 CX02 34555 0.002183
34241 CX12 34561 0.984775
34241 CX12 34560 0.002175
34241 CX12 34559 0.002175
34241 CX12 34558 0.002175
34241 CX12 34556 0.002175
34241 CX12 34557 0.002175
34241 CX12 34554 0.002175
34241 CX12 34555 0.002175
34241 P2 34081 0.930800
34241 P2 34241 0.069400
34241 X0 34202 0.999819
34241 X0 34241 0.000060
34241 X0 34163 0.000060
34241 X0 34124 0.000060
34262 CX02 34099 0.984720
34262 CX02 34098 0.002183
34262 CX02 34101 0.002183
34262 CX02 34100 0.002183
34262 CX02 34103 0.002183
34262 CX02 34102 0.002183
34262 CX02 34105 0.002183
34262 CX02 34104 0.002183
34262 CX12 34099 0.984775
34262 CX12 34098 0.002175
34262 CX12 34101 0.002175
34262 CX12 34100 0.002175
34262 CX12 34102 0.002175
34262 CX12 34103 0.002175
34262 CX12 34104 0.002175
34262 CX12 34105 0.002175
34262 P2 34732 0.930600
34262 P2 34262 0.069200
34262 X0 34263 0.999819
34262 X0 34262 0.000060
34262 X0 34265 0.000060
34262 X0 34264 0.000060
34263 CX02 34102 0.984720
34263 CX02 34103 0.002183
34263 CX02 34104 0.002183
34263 CX02 34105 0.002183
34263 CX02 34098 0.002183
34263 CX02 34099 0.002183
34263 CX02 34100 0.002183
34263 CX02 34101 0.002183
34263 CX12 34103 0.984775
34263 CX12 34102 0.002175
34263 CX12 34105 0.002175
34263 CX12 34104 0.002175
34263 CX12 34098 0.002175
34263 CX12 34099 0.002175
34263 CX12 34100 0.002175
34263 CX12 34101 0.002175
34263 P2 34771 0.930600
34263 P2 34263 0.069200
34263 X0 34262 0.999819
34263 X0 34263 0.000060
34263 X0 34264 0.000060
34263 X0 34265 0.000060
34264 CX02 34105 0.984720
34264 CX02 34104 0.002183
34264 CX02 34103 0.002183
34264 CX02 34102 0.002183
34264 CX02 34101 0.002183
34264 CX02 34100 0.002183
34264 CX02 34099 0.002183
34264 CX02 34098 0.002183
34264 CX12 34104 0.984775
34264 CX12 34105 0.002175
34264 CX12 34102 0.002175
34264 CX12 34103 0.002175
34264 CX12 34101 0.002175
34264 CX12 34100 0.002175
34264 CX12 34099 0.002175
34264 CX12 34098 0.002175
34264 P2 34810 0.930600
34264 P2 34264 0.069200
34264 X0 34265 0.999819
34264 X0 34264 0.000060
34264 X0 34263 0.000060
34264 X0 34262 0.000060
34265 CX02 34100 0.984720
34265 CX02 34101 0.002183
34265 CX02 34098 0.002183
34265 CX02 34099 0.002183
34265 CX02 34104 0.002183
34265 CX02 34105 0.002183
34265 CX02 34102 0.002183
34265 CX02 34103 0.002183
34265 CX12 34100 0.984775
34265 CX12 34101 0.002175
34265 CX12 34098 0.002175
34265 CX12 34099 0.002175
34265 CX12 34105 0.002175
34265 CX12 34104 0.002175
34265 CX12 34103 0.002175
34265 CX12 34102 0.002175
34265 P2 34849 0.930600
34265 P2 34265 0.069200
34265 X0 34264 0.999819
34265 X0 34265 0.000060
34265 X0 34262 0.000060
34265 X0 34263 0.000060
34554 CX02 34124 0.984720
34554 CX02 34732 0.002183
34554 CX02 34163 0.002183
34554 CX02 34771 0.002183
34554 CX02 34241 0.002183
34554 CX02 34810 0.002183
34554 CX02 34202 0.002183
34554 CX02 34849 0.002183
34554 CX12 34124 0.984775
34554 CX12 34732 0.002175
34554 CX12 34163 0.002175
34554 CX12 34771 0.002175
34554 CX12 34241 0.002175
34554 CX12 34810 0.002175
34554 CX12 34202 0.002175
34554 CX12 34849 0.002175
34554 X0 34558 0.999819
34554 X0 34554 0.000060
34554 X0 34557 0.000060
34554 X0 34561 0.000060
34555 CX02 34732 0.984720
34555 CX02 34124 0.002183
34555 CX02 34771 0.002183
34555 CX02 34163 0.002183
34555 CX02 34810 0.002183
34555 CX02 34241 0.002183
34555 CX02 34849 0.002183
34555 CX02 34202 0.002183
34555 CX12 34732 0.984775
34555 CX12 34124 0.002175
34555 CX12 34771 0.002175
34555 CX12 34163 0.002175
34555 CX12 34810 0.002175
34555 CX12 34241 0.002175
34555 CX12 34849 0.002175
34555 CX12 34202 0.002175
34555 X0 34559 0.999819
34555 X0 34555 0.000060
34555 X0 34556 0.000060
34555 X0 34560 0.000060
34556 CX02 34849 0.984720
34556 CX02 34202 0.002183
34556 CX02 34810 0.002183
34556 CX02 34241 0.002183
34556 CX02 34771 0.002183
34556 CX02 34163 0.002183
34556 CX02 34732 0.002183
34556 CX02 34124 0.002183
34556 CX12 34849 0.984775
34556 CX12 34202 0.002175
34556 CX12 34810 0.002175
34556 CX12 34241 0.002175
34556 CX12 34771 0.002175
34556 CX12 34163 0.002175
34556 CX12 34732 0.002175
34556 CX12 34124 0.002175
34556 X0 34560 0.999819
34556 X0 34556 0.000060
34556 X0 34555 0.000060
34556 X0 34559 0.000060
34557 CX02 34202 0.984720
34557 CX02 34849 0.002183
34557 CX02 34241 0.002183
34557 CX02 34810 0.002183
34557 CX02 34163 0.002183
34557 CX02 34771 0.002183
34557 CX02 34124 0.002183
34557 CX02 34732 0.002183
34557 CX12 34202 0.984775
34557 CX12 34849 0.002175
34557 CX12 34241 0.002175
34557 CX12 34810 0.002175
34557 CX12 34163 0.002175
34557 CX12 34771 0.002175
34557 CX12 34124 0.002175
34557 CX12 34732 0.002175
34557 X0 34561 0.999819
34557 X0 34557 0.000060
34557 X0 34554 0.000060
34557 X0 34558 0.000060
34558 CX02 34771 0.984720
34558 CX02 34163 0.002183
34558 CX02 34732 0.002183
34558 CX02 34124 0.002183
34558 CX02 34849 0.002183
34558 CX02 34202 0.002183
34558 CX02 34810 0.002183
34558 CX02 34241 0.002183
34558 CX12 34163 0.984775
34558 CX12 34771 0.002175
34558 CX12 34124 0.002175
34558 CX12 34732 0.002175
34558 CX12 34202 0.002175
34558 CX12 34849 0.002175
34558 CX12 34241 0.002175
34558 CX12 34810 0.002175
34558 X0 34554 0.999819
34558 X0 34558 0.000060
34558 X0 34561 0.000060
34558 X0 34557 0.000060
34559 CX02 34163 0.984720
34559 CX02 34771 0.002183
34559 CX02 34124 0.002183
34559 CX02 34732 0.002183
34559 CX02 34202 0.002183
34559 CX02 34849 0.002183
34559 CX02 34241 0.002183
34559 CX02 34810 0.002183
34559 CX12 34771 0.984775
34559 CX12 34163 0.002175
34559 CX12 34732 0.002175
34559 CX12 34124 0.002175
34559 CX12 34849 0.002175
34559 CX12 34202 0.002175
34559 CX12 34810 0.002175
34559 CX12 34241 0.002175
34559 X0 34555 0.999819
34559 X0 34559 0.000060
34559 X0 34560 0.000060
34559 X0 34556 0.000060
34560 CX02 34241 0.984720
34560 CX02 34810 0.002183
34560 CX02 34202 0.002183
34560 CX02 34849 0.002183
34560 CX02 34124 0.002183
34560 CX02 34732 0.002183
34560 CX02 34163 0.002183
34560 CX02 34771 0.002183
34560 CX12 34810 0.984775
34560 CX12 34241 0.002175
34560 CX12 34849 0.002175
34560 CX12 34202 0.002175
34560 CX12 34732 0.002175
34560 CX12 34124 0.002175
34560 CX12 34771 0.002175
34560 CX12 34163 0.002175
34560 X0 34556 0.999819
34560 X0 34560 0.000060
34560 X0 34559 0.000060
34560 X0 34555 0.000060
34561 CX02 34810 0.984720
34561 CX02 34241 0.002183
34561 CX02 34849 0.002183
34561 CX02 34202 0.002183
34561 CX02 34732 0.002183
34561 CX02 34124 0.002183
34561 CX02 34771 0.002183
34561 CX02 34163 0.002183
34561 CX12 34241 0.984775
34561 CX12 34810 0.002175
34561 CX12 34202 0.002175
34561 CX12 34849 0.002175
34561 CX12 34124 0.002175
34561 CX12 34732 0.002175
34561 CX12 34163 0.002175
34561 CX12 34771 0.002175
34561 X0 34557 0.999819
34561 X0 34561 0.000060
34561 X0 34558 0.000060
34561 X0 34554 0.000060
34732 CX02 34555 0.984720
34732 CX02 34554 0.002183
34732 CX02 34557 0.002183
34732 CX02 34556 0.002183
34732 CX02 34559 0.002183
34732 CX02 34558 0.002183
34732 CX02 34561 0.002183
34732 CX02 34560 0.002183
34732 CX12 34555 0.984775
34732 CX12 34554 0.002175
34732 CX12 34557 0.002175
34732 CX12 34556 0.002175
34732 CX12 34558 0.002175
34732 CX12 34559 0.002175
34732 CX12 34560 0.002175
34732 CX12 34561 0.002175
34732 P2 34732 0.930600
34732 P2 34262 0.069200
34732 X0 34771 0.999819
34732 X0 34732 0.000060
34732 X0 34849 0.000060
34732 X0 34810 0.000060
34771 CX02 34558 0.984720
34771 CX02 34559 0.002183
34771 CX02 34560 0.002183
34771 CX02 34561 0.002183
34771 CX02 34554 0.002183
34771 CX02 34555 0.002183
34771 CX02 34556 0.002183
34771 CX02 34557 0.002183
34771 CX12 34559 0.984775
34771 CX12 34558 0.002175
34771 CX12 34561 0.002175
34771 CX12 34560 0.002175
34771 CX12 34554 0.002175
34771 CX12 34555 0.002175
34771 CX12 34556 0.002175
34771 CX12 34557 0.002175
34771 P2 34771 0.930600
34771 P2 34263 0.069200
34771 X0 34732 0.999819
34771 X0 34771 0.000060
34771 X0 34810 0.000060
34771 X0 34849 0.000060
34810 CX02 34561 0.984720
34810 CX02 34560 0.002183
34810 CX02 34559 0.002183
34810 CX02 34558 0.002183
34810 CX02 34557 0.002183
34810 CX02 34556 0.002183
34810 CX02 34555 0.002183
34810 CX02 34554 0.002183
34810 CX12 34560 0.984775
34810 CX12 34561 0.002175
34810 CX12 34558 0.002175
34810 CX12 34559 0.002175
34810 CX12 34557 0.002175
34810 CX12 34556 0.002175
34810 CX12 34555 0.002175
34810 CX12 34554 0.002175
34810 P2 34810 0.930600
34810 P2 34264 0.069200
34810 X0 34849 0.999819
34810 X0 34810 0.000060
34810 X0 34771 0.000060
34810 X0 34732 0.000060
34849 CX02 34556 0.984720
34849 CX02 34557 0.002183
34849 CX02 34554 0.002183
34849 CX02 34555 0.002183
34849 CX02 34560 0.002183
34849 CX02 34561 0.002183
34849 CX02 34558 0.002183
34849 CX02 34559 0.002183
34849 CX12 34556 0.984775
34849 CX12 34557 0.002175
34849 CX12 34554 0.002175
34849 CX12 34555 0.002175
34849 CX12 34561 0.002175
34849 CX12 34560 0.002175
34849 CX12 34559 0.002175
34849 CX12 34558 0.002175
34849 P2 34849 0.930600
34849 P2 34265 0.069200
34849 X0 34810 0.999819
34849 X0 34849 0.000060
34849 X0 34732 0.000060
34849 X0 34771 0.000060
ENDPOMDP
