BEGINPOMDP
INITIALSTATE: 126537
STATES: 126537,126538,126539,126540,126541,126558,126559,126560,126561,126562,126563,126564,126565,126584,126623,126662,126701,126722,126723,126724,126725,127014,127015,127016,127017,127018,127019,127020,127021,127192,127231,127270,127309
TARGETV: 126538,126540,126584,126662,126722,126725,127192,127309
GAMMA: 126537:0,126538:0,126539:0,126540:0,126541:0,126558:0,126559:0,126560:0,126561:0,126562:0,126563:0,126564:0,126565:0,126584:1,126623:1,126662:1,126701:1,126722:0,126723:0,126724:0,126725:0,127014:1,127015:1,127016:1,127017:1,127018:1,127019:1,127020:1,127021:1,127192:1,127231:1,127270:1,127309:1
BEGINACTIONS
CX02 Instruction.CNOT 0 2 -
CX12 Instruction.CNOT 1 2 -
P2 Instruction.MEAS - 2 -
X0 Instruction.X - 0 -
ENDACTIONS
126537 INIT_ 126538 0.250000
126537 INIT_ 126539 0.250000
126537 INIT_ 126540 0.250000
126537 INIT_ 126541 0.250000
126538 CX02 126558 0.968583
126538 CX02 126559 0.004488
126538 CX02 126560 0.004488
126538 CX02 126561 0.004488
126538 CX02 126562 0.004488
126538 CX02 126563 0.004488
126538 CX02 126564 0.004488
126538 CX02 126565 0.004488
126538 CX12 126558 0.985131
126538 CX12 126559 0.002124
126538 CX12 126560 0.002124
126538 CX12 126561 0.002124
126538 CX12 126563 0.002124
126538 CX12 126562 0.002124
126538 CX12 126565 0.002124
126538 CX12 126564 0.002124
126538 P2 126538 0.986200
126538 P2 126584 0.013800
126538 X0 126539 0.998474
126538 X0 126538 0.000509
126538 X0 126540 0.000509
126538 X0 126541 0.000509
126539 CX02 126563 0.968583
126539 CX02 126562 0.004488
126539 CX02 126565 0.004488
126539 CX02 126564 0.004488
126539 CX02 126559 0.004488
126539 CX02 126558 0.004488
126539 CX02 126561 0.004488
126539 CX02 126560 0.004488
126539 CX12 126562 0.985131
126539 CX12 126563 0.002124
126539 CX12 126564 0.002124
126539 CX12 126565 0.002124
126539 CX12 126559 0.002124
126539 CX12 126558 0.002124
126539 CX12 126561 0.002124
126539 CX12 126560 0.002124
126539 P2 126539 0.986200
126539 P2 126623 0.013800
126539 X0 126538 0.998474
126539 X0 126539 0.000509
126539 X0 126541 0.000509
126539 X0 126540 0.000509
126540 CX02 126561 0.968583
126540 CX02 126560 0.004488
126540 CX02 126559 0.004488
126540 CX02 126558 0.004488
126540 CX02 126565 0.004488
126540 CX02 126564 0.004488
126540 CX02 126563 0.004488
126540 CX02 126562 0.004488
126540 CX12 126561 0.985131
126540 CX12 126560 0.002124
126540 CX12 126559 0.002124
126540 CX12 126558 0.002124
126540 CX12 126564 0.002124
126540 CX12 126565 0.002124
126540 CX12 126562 0.002124
126540 CX12 126563 0.002124
126540 P2 126540 0.986200
126540 P2 126662 0.013800
126540 X0 126541 0.998474
126540 X0 126540 0.000509
126540 X0 126538 0.000509
126540 X0 126539 0.000509
126541 CX02 126564 0.968583
126541 CX02 126565 0.004488
126541 CX02 126562 0.004488
126541 CX02 126563 0.004488
126541 CX02 126560 0.004488
126541 CX02 126561 0.004488
126541 CX02 126558 0.004488
126541 CX02 126559 0.004488
126541 CX12 126565 0.985131
126541 CX12 126564 0.002124
126541 CX12 126563 0.002124
126541 CX12 126562 0.002124
126541 CX12 126560 0.002124
126541 CX12 126561 0.002124
126541 CX12 126558 0.002124
126541 CX12 126559 0.002124
126541 P2 126541 0.986200
126541 P2 126701 0.013800
126541 X0 126540 0.998474
126541 X0 126541 0.000509
126541 X0 126539 0.000509
126541 X0 126538 0.000509
126558 CX02 126538 0.968583
126558 CX02 126722 0.004488
126558 CX02 126539 0.004488
126558 CX02 126723 0.004488
126558 CX02 126541 0.004488
126558 CX02 126724 0.004488
126558 CX02 126540 0.004488
126558 CX02 126725 0.004488
126558 CX12 126538 0.985131
126558 CX12 126722 0.002124
126558 CX12 126539 0.002124
126558 CX12 126723 0.002124
126558 CX12 126541 0.002124
126558 CX12 126724 0.002124
126558 CX12 126540 0.002124
126558 CX12 126725 0.002124
126558 X0 126562 0.998474
126558 X0 126558 0.000509
126558 X0 126561 0.000509
126558 X0 126565 0.000509
126559 CX02 126722 0.968583
126559 CX02 126538 0.004488
126559 CX02 126723 0.004488
126559 CX02 126539 0.004488
126559 CX02 126724 0.004488
126559 CX02 126541 0.004488
126559 CX02 126725 0.004488
126559 CX02 126540 0.004488
126559 CX12 126722 0.985131
126559 CX12 126538 0.002124
126559 CX12 126723 0.002124
126559 CX12 126539 0.002124
126559 CX12 126724 0.002124
126559 CX12 126541 0.002124
126559 CX12 126725 0.002124
126559 CX12 126540 0.002124
126559 X0 126563 0.998474
126559 X0 126559 0.000509
126559 X0 126560 0.000509
126559 X0 126564 0.000509
126560 CX02 126725 0.968583
126560 CX02 126540 0.004488
126560 CX02 126724 0.004488
126560 CX02 126541 0.004488
126560 CX02 126723 0.004488
126560 CX02 126539 0.004488
126560 CX02 126722 0.004488
126560 CX02 126538 0.004488
126560 CX12 126725 0.985131
126560 CX12 126540 0.002124
126560 CX12 126724 0.002124
126560 CX12 126541 0.002124
126560 CX12 126723 0.002124
126560 CX12 126539 0.002124
126560 CX12 126722 0.002124
126560 CX12 126538 0.002124
126560 X0 126564 0.998474
126560 X0 126560 0.000509
126560 X0 126559 0.000509
126560 X0 126563 0.000509
126561 CX02 126540 0.968583
126561 CX02 126725 0.004488
126561 CX02 126541 0.004488
126561 CX02 126724 0.004488
126561 CX02 126539 0.004488
126561 CX02 126723 0.004488
126561 CX02 126538 0.004488
126561 CX02 126722 0.004488
126561 CX12 126540 0.985131
126561 CX12 126725 0.002124
126561 CX12 126541 0.002124
126561 CX12 126724 0.002124
126561 CX12 126539 0.002124
126561 CX12 126723 0.002124
126561 CX12 126538 0.002124
126561 CX12 126722 0.002124
126561 X0 126565 0.998474
126561 X0 126561 0.000509
126561 X0 126558 0.000509
126561 X0 126562 0.000509
126562 CX02 126723 0.968583
126562 CX02 126539 0.004488
126562 CX02 126722 0.004488
126562 CX02 126538 0.004488
126562 CX02 126725 0.004488
126562 CX02 126540 0.004488
126562 CX02 126724 0.004488
126562 CX02 126541 0.004488
126562 CX12 126539 0.985131
126562 CX12 126723 0.002124
126562 CX12 126538 0.002124
126562 CX12 126722 0.002124
126562 CX12 126540 0.002124
126562 CX12 126725 0.002124
126562 CX12 126541 0.002124
126562 CX12 126724 0.002124
126562 X0 126558 0.998474
126562 X0 126562 0.000509
126562 X0 126565 0.000509
126562 X0 126561 0.000509
126563 CX02 126539 0.968583
126563 CX02 126723 0.004488
126563 CX02 126538 0.004488
126563 CX02 126722 0.004488
126563 CX02 126540 0.004488
126563 CX02 126725 0.004488
126563 CX02 126541 0.004488
126563 CX02 126724 0.004488
126563 CX12 126723 0.985131
126563 CX12 126539 0.002124
126563 CX12 126722 0.002124
126563 CX12 126538 0.002124
126563 CX12 126725 0.002124
126563 CX12 126540 0.002124
126563 CX12 126724 0.002124
126563 CX12 126541 0.002124
126563 X0 126559 0.998474
126563 X0 126563 0.000509
126563 X0 126564 0.000509
126563 X0 126560 0.000509
126564 CX02 126541 0.968583
126564 CX02 126724 0.004488
126564 CX02 126540 0.004488
126564 CX02 126725 0.004488
126564 CX02 126538 0.004488
126564 CX02 126722 0.004488
126564 CX02 126539 0.004488
126564 CX02 126723 0.004488
126564 CX12 126724 0.985131
126564 CX12 126541 0.002124
126564 CX12 126725 0.002124
126564 CX12 126540 0.002124
126564 CX12 126722 0.002124
126564 CX12 126538 0.002124
126564 CX12 126723 0.002124
126564 CX12 126539 0.002124
126564 X0 126560 0.998474
126564 X0 126564 0.000509
126564 X0 126563 0.000509
126564 X0 126559 0.000509
126565 CX02 126724 0.968583
126565 CX02 126541 0.004488
126565 CX02 126725 0.004488
126565 CX02 126540 0.004488
126565 CX02 126722 0.004488
126565 CX02 126538 0.004488
126565 CX02 126723 0.004488
126565 CX02 126539 0.004488
126565 CX12 126541 0.985131
126565 CX12 126724 0.002124
126565 CX12 126540 0.002124
126565 CX12 126725 0.002124
126565 CX12 126538 0.002124
126565 CX12 126722 0.002124
126565 CX12 126539 0.002124
126565 CX12 126723 0.002124
126565 X0 126561 0.998474
126565 X0 126565 0.000509
126565 X0 126562 0.000509
126565 X0 126558 0.000509
126584 CX02 127014 0.968583
126584 CX02 127015 0.004488
126584 CX02 127016 0.004488
126584 CX02 127017 0.004488
126584 CX02 127018 0.004488
126584 CX02 127019 0.004488
126584 CX02 127020 0.004488
126584 CX02 127021 0.004488
126584 CX12 127014 0.985131
126584 CX12 127015 0.002124
126584 CX12 127016 0.002124
126584 CX12 127017 0.002124
126584 CX12 127019 0.002124
126584 CX12 127018 0.002124
126584 CX12 127021 0.002124
126584 CX12 127020 0.002124
126584 P2 126538 0.986200
126584 P2 126584 0.013800
126584 X0 126623 0.998474
126584 X0 126584 0.000509
126584 X0 126662 0.000509
126584 X0 126701 0.000509
126623 CX02 127019 0.968583
126623 CX02 127018 0.004488
126623 CX02 127021 0.004488
126623 CX02 127020 0.004488
126623 CX02 127015 0.004488
126623 CX02 127014 0.004488
126623 CX02 127017 0.004488
126623 CX02 127016 0.004488
126623 CX12 127018 0.985131
126623 CX12 127019 0.002124
126623 CX12 127020 0.002124
126623 CX12 127021 0.002124
126623 CX12 127015 0.002124
126623 CX12 127014 0.002124
126623 CX12 127017 0.002124
126623 CX12 127016 0.002124
126623 P2 126539 0.986200
126623 P2 126623 0.013800
126623 X0 126584 0.998474
126623 X0 126623 0.000509
126623 X0 126701 0.000509
126623 X0 126662 0.000509
126662 CX02 127017 0.968583
126662 CX02 127016 0.004488
126662 CX02 127015 0.004488
126662 CX02 127014 0.004488
126662 CX02 127021 0.004488
126662 CX02 127020 0.004488
126662 CX02 127019 0.004488
126662 CX02 127018 0.004488
126662 CX12 127017 0.985131
126662 CX12 127016 0.002124
126662 CX12 127015 0.002124
126662 CX12 127014 0.002124
126662 CX12 127020 0.002124
126662 CX12 127021 0.002124
126662 CX12 127018 0.002124
126662 CX12 127019 0.002124
126662 P2 126540 0.986200
126662 P2 126662 0.013800
126662 X0 126701 0.998474
126662 X0 126662 0.000509
126662 X0 126584 0.000509
126662 X0 126623 0.000509
126701 CX02 127020 0.968583
126701 CX02 127021 0.004488
126701 CX02 127018 0.004488
126701 CX02 127019 0.004488
126701 CX02 127016 0.004488
126701 CX02 127017 0.004488
126701 CX02 127014 0.004488
126701 CX02 127015 0.004488
126701 CX12 127021 0.985131
126701 CX12 127020 0.002124
126701 CX12 127019 0.002124
126701 CX12 127018 0.002124
126701 CX12 127016 0.002124
126701 CX12 127017 0.002124
126701 CX12 127014 0.002124
126701 CX12 127015 0.002124
126701 P2 126541 0.986200
126701 P2 126701 0.013800
126701 X0 126662 0.998474
126701 X0 126701 0.000509
126701 X0 126623 0.000509
126701 X0 126584 0.000509
126722 CX02 126559 0.968583
126722 CX02 126558 0.004488
126722 CX02 126561 0.004488
126722 CX02 126560 0.004488
126722 CX02 126563 0.004488
126722 CX02 126562 0.004488
126722 CX02 126565 0.004488
126722 CX02 126564 0.004488
126722 CX12 126559 0.985131
126722 CX12 126558 0.002124
126722 CX12 126561 0.002124
126722 CX12 126560 0.002124
126722 CX12 126562 0.002124
126722 CX12 126563 0.002124
126722 CX12 126564 0.002124
126722 CX12 126565 0.002124
126722 P2 127192 0.986200
126722 P2 126722 0.013800
126722 X0 126723 0.998474
126722 X0 126722 0.000509
126722 X0 126725 0.000509
126722 X0 126724 0.000509
126723 CX02 126562 0.968583
126723 CX02 126563 0.004488
126723 CX02 126564 0.004488
126723 CX02 126565 0.004488
126723 CX02 126558 0.004488
126723 CX02 126559 0.004488
126723 CX02 126560 0.004488
126723 CX02 126561 0.004488
126723 CX12 126563 0.985131
126723 CX12 126562 0.002124
126723 CX12 126565 0.002124
126723 CX12 126564 0.002124
126723 CX12 126558 0.002124
126723 CX12 126559 0.002124
126723 CX12 126560 0.002124
126723 CX12 126561 0.002124
126723 P2 127231 0.986200
126723 P2 126723 0.013800
126723 X0 126722 0.998474
126723 X0 126723 0.000509
126723 X0 126724 0.000509
126723 X0 126725 0.000509
126724 CX02 126565 0.968583
126724 CX02 126564 0.004488
126724 CX02 126563 0.004488
126724 CX02 126562 0.004488
126724 CX02 126561 0.004488
126724 CX02 126560 0.004488
126724 CX02 126559 0.004488
126724 CX02 126558 0.004488
126724 CX12 126564 0.985131
126724 CX12 126565 0.002124
126724 CX12 126562 0.002124
126724 CX12 126563 0.002124
126724 CX12 126561 0.002124
126724 CX12 126560 0.002124
126724 CX12 126559 0.002124
126724 CX12 126558 0.002124
126724 P2 127270 0.986200
126724 P2 126724 0.013800
126724 X0 126725 0.998474
126724 X0 126724 0.000509
126724 X0 126723 0.000509
126724 X0 126722 0.000509
126725 CX02 126560 0.968583
126725 CX02 126561 0.004488
126725 CX02 126558 0.004488
126725 CX02 126559 0.004488
126725 CX02 126564 0.004488
126725 CX02 126565 0.004488
126725 CX02 126562 0.004488
126725 CX02 126563 0.004488
126725 CX12 126560 0.985131
126725 CX12 126561 0.002124
126725 CX12 126558 0.002124
126725 CX12 126559 0.002124
126725 CX12 126565 0.002124
126725 CX12 126564 0.002124
126725 CX12 126563 0.002124
126725 CX12 126562 0.002124
126725 P2 127309 0.986200
126725 P2 126725 0.013800
126725 X0 126724 0.998474
126725 X0 126725 0.000509
126725 X0 126722 0.000509
126725 X0 126723 0.000509
127014 CX02 126584 0.968583
127014 CX02 127192 0.004488
127014 CX02 126623 0.004488
127014 CX02 127231 0.004488
127014 CX02 126701 0.004488
127014 CX02 127270 0.004488
127014 CX02 126662 0.004488
127014 CX02 127309 0.004488
127014 CX12 126584 0.985131
127014 CX12 127192 0.002124
127014 CX12 126623 0.002124
127014 CX12 127231 0.002124
127014 CX12 126701 0.002124
127014 CX12 127270 0.002124
127014 CX12 126662 0.002124
127014 CX12 127309 0.002124
127014 X0 127018 0.998474
127014 X0 127014 0.000509
127014 X0 127017 0.000509
127014 X0 127021 0.000509
127015 CX02 127192 0.968583
127015 CX02 126584 0.004488
127015 CX02 127231 0.004488
127015 CX02 126623 0.004488
127015 CX02 127270 0.004488
127015 CX02 126701 0.004488
127015 CX02 127309 0.004488
127015 CX02 126662 0.004488
127015 CX12 127192 0.985131
127015 CX12 126584 0.002124
127015 CX12 127231 0.002124
127015 CX12 126623 0.002124
127015 CX12 127270 0.002124
127015 CX12 126701 0.002124
127015 CX12 127309 0.002124
127015 CX12 126662 0.002124
127015 X0 127019 0.998474
127015 X0 127015 0.000509
127015 X0 127016 0.000509
127015 X0 127020 0.000509
127016 CX02 127309 0.968583
127016 CX02 126662 0.004488
127016 CX02 127270 0.004488
127016 CX02 126701 0.004488
127016 CX02 127231 0.004488
127016 CX02 126623 0.004488
127016 CX02 127192 0.004488
127016 CX02 126584 0.004488
127016 CX12 127309 0.985131
127016 CX12 126662 0.002124
127016 CX12 127270 0.002124
127016 CX12 126701 0.002124
127016 CX12 127231 0.002124
127016 CX12 126623 0.002124
127016 CX12 127192 0.002124
127016 CX12 126584 0.002124
127016 X0 127020 0.998474
127016 X0 127016 0.000509
127016 X0 127015 0.000509
127016 X0 127019 0.000509
127017 CX02 126662 0.968583
127017 CX02 127309 0.004488
127017 CX02 126701 0.004488
127017 CX02 127270 0.004488
127017 CX02 126623 0.004488
127017 CX02 127231 0.004488
127017 CX02 126584 0.004488
127017 CX02 127192 0.004488
127017 CX12 126662 0.985131
127017 CX12 127309 0.002124
127017 CX12 126701 0.002124
127017 CX12 127270 0.002124
127017 CX12 126623 0.002124
127017 CX12 127231 0.002124
127017 CX12 126584 0.002124
127017 CX12 127192 0.002124
127017 X0 127021 0.998474
127017 X0 127017 0.000509
127017 X0 127014 0.000509
127017 X0 127018 0.000509
127018 CX02 127231 0.968583
127018 CX02 126623 0.004488
127018 CX02 127192 0.004488
127018 CX02 126584 0.004488
127018 CX02 127309 0.004488
127018 CX02 126662 0.004488
127018 CX02 127270 0.004488
127018 CX02 126701 0.004488
127018 CX12 126623 0.985131
127018 CX12 127231 0.002124
127018 CX12 126584 0.002124
127018 CX12 127192 0.002124
127018 CX12 126662 0.002124
127018 CX12 127309 0.002124
127018 CX12 126701 0.002124
127018 CX12 127270 0.002124
127018 X0 127014 0.998474
127018 X0 127018 0.000509
127018 X0 127021 0.000509
127018 X0 127017 0.000509
127019 CX02 126623 0.968583
127019 CX02 127231 0.004488
127019 CX02 126584 0.004488
127019 CX02 127192 0.004488
127019 CX02 126662 0.004488
127019 CX02 127309 0.004488
127019 CX02 126701 0.004488
127019 CX02 127270 0.004488
127019 CX12 127231 0.985131
127019 CX12 126623 0.002124
127019 CX12 127192 0.002124
127019 CX12 126584 0.002124
127019 CX12 127309 0.002124
127019 CX12 126662 0.002124
127019 CX12 127270 0.002124
127019 CX12 126701 0.002124
127019 X0 127015 0.998474
127019 X0 127019 0.000509
127019 X0 127020 0.000509
127019 X0 127016 0.000509
127020 CX02 126701 0.968583
127020 CX02 127270 0.004488
127020 CX02 126662 0.004488
127020 CX02 127309 0.004488
127020 CX02 126584 0.004488
127020 CX02 127192 0.004488
127020 CX02 126623 0.004488
127020 CX02 127231 0.004488
127020 CX12 127270 0.985131
127020 CX12 126701 0.002124
127020 CX12 127309 0.002124
127020 CX12 126662 0.002124
127020 CX12 127192 0.002124
127020 CX12 126584 0.002124
127020 CX12 127231 0.002124
127020 CX12 126623 0.002124
127020 X0 127016 0.998474
127020 X0 127020 0.000509
127020 X0 127019 0.000509
127020 X0 127015 0.000509
127021 CX02 127270 0.968583
127021 CX02 126701 0.004488
127021 CX02 127309 0.004488
127021 CX02 126662 0.004488
127021 CX02 127192 0.004488
127021 CX02 126584 0.004488
127021 CX02 127231 0.004488
127021 CX02 126623 0.004488
127021 CX12 126701 0.985131
127021 CX12 127270 0.002124
127021 CX12 126662 0.002124
127021 CX12 127309 0.002124
127021 CX12 126584 0.002124
127021 CX12 127192 0.002124
127021 CX12 126623 0.002124
127021 CX12 127231 0.002124
127021 X0 127017 0.998474
127021 X0 127021 0.000509
127021 X0 127018 0.000509
127021 X0 127014 0.000509
127192 CX02 127015 0.968583
127192 CX02 127014 0.004488
127192 CX02 127017 0.004488
127192 CX02 127016 0.004488
127192 CX02 127019 0.004488
127192 CX02 127018 0.004488
127192 CX02 127021 0.004488
127192 CX02 127020 0.004488
127192 CX12 127015 0.985131
127192 CX12 127014 0.002124
127192 CX12 127017 0.002124
127192 CX12 127016 0.002124
127192 CX12 127018 0.002124
127192 CX12 127019 0.002124
127192 CX12 127020 0.002124
127192 CX12 127021 0.002124
127192 P2 127192 0.986200
127192 P2 126722 0.013800
127192 X0 127231 0.998474
127192 X0 127192 0.000509
127192 X0 127309 0.000509
127192 X0 127270 0.000509
127231 CX02 127018 0.968583
127231 CX02 127019 0.004488
127231 CX02 127020 0.004488
127231 CX02 127021 0.004488
127231 CX02 127014 0.004488
127231 CX02 127015 0.004488
127231 CX02 127016 0.004488
127231 CX02 127017 0.004488
127231 CX12 127019 0.985131
127231 CX12 127018 0.002124
127231 CX12 127021 0.002124
127231 CX12 127020 0.002124
127231 CX12 127014 0.002124
127231 CX12 127015 0.002124
127231 CX12 127016 0.002124
127231 CX12 127017 0.002124
127231 P2 127231 0.986200
127231 P2 126723 0.013800
127231 X0 127192 0.998474
127231 X0 127231 0.000509
127231 X0 127270 0.000509
127231 X0 127309 0.000509
127270 CX02 127021 0.968583
127270 CX02 127020 0.004488
127270 CX02 127019 0.004488
127270 CX02 127018 0.004488
127270 CX02 127017 0.004488
127270 CX02 127016 0.004488
127270 CX02 127015 0.004488
127270 CX02 127014 0.004488
127270 CX12 127020 0.985131
127270 CX12 127021 0.002124
127270 CX12 127018 0.002124
127270 CX12 127019 0.002124
127270 CX12 127017 0.002124
127270 CX12 127016 0.002124
127270 CX12 127015 0.002124
127270 CX12 127014 0.002124
127270 P2 127270 0.986200
127270 P2 126724 0.013800
127270 X0 127309 0.998474
127270 X0 127270 0.000509
127270 X0 127231 0.000509
127270 X0 127192 0.000509
127309 CX02 127016 0.968583
127309 CX02 127017 0.004488
127309 CX02 127014 0.004488
127309 CX02 127015 0.004488
127309 CX02 127020 0.004488
127309 CX02 127021 0.004488
127309 CX02 127018 0.004488
127309 CX02 127019 0.004488
127309 CX12 127016 0.985131
127309 CX12 127017 0.002124
127309 CX12 127014 0.002124
127309 CX12 127015 0.002124
127309 CX12 127021 0.002124
127309 CX12 127020 0.002124
127309 CX12 127019 0.002124
127309 CX12 127018 0.002124
127309 P2 127309 0.986200
127309 P2 126725 0.013800
127309 X0 127270 0.998474
127309 X0 127309 0.000509
127309 X0 127192 0.000509
127309 X0 127231 0.000509
ENDPOMDP
