BEGINPOMDP
INITIALSTATE: 55983
STATES: 55983,55984,55985,55986,55987,56004,56005,56006,56007,56008,56009,56010,56011,56030,56069,56108,56147,56168,56169,56170,56171,56460,56461,56462,56463,56464,56465,56466,56467,56638,56677,56716,56755
TARGETV: 55984,55986,56030,56108,56168,56171,56638,56755
GAMMA: 55983:0,55984:0,55985:0,55986:0,55987:0,56004:0,56005:0,56006:0,56007:0,56008:0,56009:0,56010:0,56011:0,56030:1,56069:1,56108:1,56147:1,56168:0,56169:0,56170:0,56171:0,56460:1,56461:1,56462:1,56463:1,56464:1,56465:1,56466:1,56467:1,56638:1,56677:1,56716:1,56755:1
BEGINACTIONS
CX02 Instruction.CNOT 0 2 -
CX12 Instruction.CNOT 1 2 -
P2 Instruction.MEAS - 2 -
X0 Instruction.X - 0 -
ENDACTIONS
55983 INIT_ 55984 0.250000
55983 INIT_ 55985 0.250000
55983 INIT_ 55986 0.250000
55983 INIT_ 55987 0.250000
55984 CX02 56004 0.987403
55984 CX02 56005 0.001800
55984 CX02 56006 0.001800
55984 CX02 56007 0.001800
55984 CX02 56008 0.001800
55984 CX02 56009 0.001800
55984 CX02 56010 0.001800
55984 CX02 56011 0.001800
55984 CX12 56004 0.992851
55984 CX12 56005 0.001021
55984 CX12 56006 0.001021
55984 CX12 56007 0.001021
55984 CX12 56009 0.001021
55984 CX12 56008 0.001021
55984 CX12 56011 0.001021
55984 CX12 56010 0.001021
55984 P2 55984 0.969000
55984 P2 56030 0.030600
55984 X0 55985 0.999536
55984 X0 55984 0.000155
55984 X0 55986 0.000155
55984 X0 55987 0.000155
55985 CX02 56009 0.987403
55985 CX02 56008 0.001800
55985 CX02 56011 0.001800
55985 CX02 56010 0.001800
55985 CX02 56005 0.001800
55985 CX02 56004 0.001800
55985 CX02 56007 0.001800
55985 CX02 56006 0.001800
55985 CX12 56008 0.992851
55985 CX12 56009 0.001021
55985 CX12 56010 0.001021
55985 CX12 56011 0.001021
55985 CX12 56005 0.001021
55985 CX12 56004 0.001021
55985 CX12 56007 0.001021
55985 CX12 56006 0.001021
55985 P2 55985 0.969000
55985 P2 56069 0.030600
55985 X0 55984 0.999536
55985 X0 55985 0.000155
55985 X0 55987 0.000155
55985 X0 55986 0.000155
55986 CX02 56007 0.987403
55986 CX02 56006 0.001800
55986 CX02 56005 0.001800
55986 CX02 56004 0.001800
55986 CX02 56011 0.001800
55986 CX02 56010 0.001800
55986 CX02 56009 0.001800
55986 CX02 56008 0.001800
55986 CX12 56007 0.992851
55986 CX12 56006 0.001021
55986 CX12 56005 0.001021
55986 CX12 56004 0.001021
55986 CX12 56010 0.001021
55986 CX12 56011 0.001021
55986 CX12 56008 0.001021
55986 CX12 56009 0.001021
55986 P2 55986 0.969000
55986 P2 56108 0.030600
55986 X0 55987 0.999536
55986 X0 55986 0.000155
55986 X0 55984 0.000155
55986 X0 55985 0.000155
55987 CX02 56010 0.987403
55987 CX02 56011 0.001800
55987 CX02 56008 0.001800
55987 CX02 56009 0.001800
55987 CX02 56006 0.001800
55987 CX02 56007 0.001800
55987 CX02 56004 0.001800
55987 CX02 56005 0.001800
55987 CX12 56011 0.992851
55987 CX12 56010 0.001021
55987 CX12 56009 0.001021
55987 CX12 56008 0.001021
55987 CX12 56006 0.001021
55987 CX12 56007 0.001021
55987 CX12 56004 0.001021
55987 CX12 56005 0.001021
55987 P2 55987 0.969000
55987 P2 56147 0.030600
55987 X0 55986 0.999536
55987 X0 55987 0.000155
55987 X0 55985 0.000155
55987 X0 55984 0.000155
56004 CX02 55984 0.987403
56004 CX02 56168 0.001800
56004 CX02 55985 0.001800
56004 CX02 56169 0.001800
56004 CX02 55987 0.001800
56004 CX02 56170 0.001800
56004 CX02 55986 0.001800
56004 CX02 56171 0.001800
56004 CX12 55984 0.992851
56004 CX12 56168 0.001021
56004 CX12 55985 0.001021
56004 CX12 56169 0.001021
56004 CX12 55987 0.001021
56004 CX12 56170 0.001021
56004 CX12 55986 0.001021
56004 CX12 56171 0.001021
56004 X0 56008 0.999536
56004 X0 56004 0.000155
56004 X0 56007 0.000155
56004 X0 56011 0.000155
56005 CX02 56168 0.987403
56005 CX02 55984 0.001800
56005 CX02 56169 0.001800
56005 CX02 55985 0.001800
56005 CX02 56170 0.001800
56005 CX02 55987 0.001800
56005 CX02 56171 0.001800
56005 CX02 55986 0.001800
56005 CX12 56168 0.992851
56005 CX12 55984 0.001021
56005 CX12 56169 0.001021
56005 CX12 55985 0.001021
56005 CX12 56170 0.001021
56005 CX12 55987 0.001021
56005 CX12 56171 0.001021
56005 CX12 55986 0.001021
56005 X0 56009 0.999536
56005 X0 56005 0.000155
56005 X0 56006 0.000155
56005 X0 56010 0.000155
56006 CX02 56171 0.987403
56006 CX02 55986 0.001800
56006 CX02 56170 0.001800
56006 CX02 55987 0.001800
56006 CX02 56169 0.001800
56006 CX02 55985 0.001800
56006 CX02 56168 0.001800
56006 CX02 55984 0.001800
56006 CX12 56171 0.992851
56006 CX12 55986 0.001021
56006 CX12 56170 0.001021
56006 CX12 55987 0.001021
56006 CX12 56169 0.001021
56006 CX12 55985 0.001021
56006 CX12 56168 0.001021
56006 CX12 55984 0.001021
56006 X0 56010 0.999536
56006 X0 56006 0.000155
56006 X0 56005 0.000155
56006 X0 56009 0.000155
56007 CX02 55986 0.987403
56007 CX02 56171 0.001800
56007 CX02 55987 0.001800
56007 CX02 56170 0.001800
56007 CX02 55985 0.001800
56007 CX02 56169 0.001800
56007 CX02 55984 0.001800
56007 CX02 56168 0.001800
56007 CX12 55986 0.992851
56007 CX12 56171 0.001021
56007 CX12 55987 0.001021
56007 CX12 56170 0.001021
56007 CX12 55985 0.001021
56007 CX12 56169 0.001021
56007 CX12 55984 0.001021
56007 CX12 56168 0.001021
56007 X0 56011 0.999536
56007 X0 56007 0.000155
56007 X0 56004 0.000155
56007 X0 56008 0.000155
56008 CX02 56169 0.987403
56008 CX02 55985 0.001800
56008 CX02 56168 0.001800
56008 CX02 55984 0.001800
56008 CX02 56171 0.001800
56008 CX02 55986 0.001800
56008 CX02 56170 0.001800
56008 CX02 55987 0.001800
56008 CX12 55985 0.992851
56008 CX12 56169 0.001021
56008 CX12 55984 0.001021
56008 CX12 56168 0.001021
56008 CX12 55986 0.001021
56008 CX12 56171 0.001021
56008 CX12 55987 0.001021
56008 CX12 56170 0.001021
56008 X0 56004 0.999536
56008 X0 56008 0.000155
56008 X0 56011 0.000155
56008 X0 56007 0.000155
56009 CX02 55985 0.987403
56009 CX02 56169 0.001800
56009 CX02 55984 0.001800
56009 CX02 56168 0.001800
56009 CX02 55986 0.001800
56009 CX02 56171 0.001800
56009 CX02 55987 0.001800
56009 CX02 56170 0.001800
56009 CX12 56169 0.992851
56009 CX12 55985 0.001021
56009 CX12 56168 0.001021
56009 CX12 55984 0.001021
56009 CX12 56171 0.001021
56009 CX12 55986 0.001021
56009 CX12 56170 0.001021
56009 CX12 55987 0.001021
56009 X0 56005 0.999536
56009 X0 56009 0.000155
56009 X0 56010 0.000155
56009 X0 56006 0.000155
56010 CX02 55987 0.987403
56010 CX02 56170 0.001800
56010 CX02 55986 0.001800
56010 CX02 56171 0.001800
56010 CX02 55984 0.001800
56010 CX02 56168 0.001800
56010 CX02 55985 0.001800
56010 CX02 56169 0.001800
56010 CX12 56170 0.992851
56010 CX12 55987 0.001021
56010 CX12 56171 0.001021
56010 CX12 55986 0.001021
56010 CX12 56168 0.001021
56010 CX12 55984 0.001021
56010 CX12 56169 0.001021
56010 CX12 55985 0.001021
56010 X0 56006 0.999536
56010 X0 56010 0.000155
56010 X0 56009 0.000155
56010 X0 56005 0.000155
56011 CX02 56170 0.987403
56011 CX02 55987 0.001800
56011 CX02 56171 0.001800
56011 CX02 55986 0.001800
56011 CX02 56168 0.001800
56011 CX02 55984 0.001800
56011 CX02 56169 0.001800
56011 CX02 55985 0.001800
56011 CX12 55987 0.992851
56011 CX12 56170 0.001021
56011 CX12 55986 0.001021
56011 CX12 56171 0.001021
56011 CX12 55984 0.001021
56011 CX12 56168 0.001021
56011 CX12 55985 0.001021
56011 CX12 56169 0.001021
56011 X0 56007 0.999536
56011 X0 56011 0.000155
56011 X0 56008 0.000155
56011 X0 56004 0.000155
56030 CX02 56460 0.987403
56030 CX02 56461 0.001800
56030 CX02 56462 0.001800
56030 CX02 56463 0.001800
56030 CX02 56464 0.001800
56030 CX02 56465 0.001800
56030 CX02 56466 0.001800
56030 CX02 56467 0.001800
56030 CX12 56460 0.992851
56030 CX12 56461 0.001021
56030 CX12 56462 0.001021
56030 CX12 56463 0.001021
56030 CX12 56465 0.001021
56030 CX12 56464 0.001021
56030 CX12 56467 0.001021
56030 CX12 56466 0.001021
56030 P2 55984 0.969000
56030 P2 56030 0.030600
56030 X0 56069 0.999536
56030 X0 56030 0.000155
56030 X0 56108 0.000155
56030 X0 56147 0.000155
56069 CX02 56465 0.987403
56069 CX02 56464 0.001800
56069 CX02 56467 0.001800
56069 CX02 56466 0.001800
56069 CX02 56461 0.001800
56069 CX02 56460 0.001800
56069 CX02 56463 0.001800
56069 CX02 56462 0.001800
56069 CX12 56464 0.992851
56069 CX12 56465 0.001021
56069 CX12 56466 0.001021
56069 CX12 56467 0.001021
56069 CX12 56461 0.001021
56069 CX12 56460 0.001021
56069 CX12 56463 0.001021
56069 CX12 56462 0.001021
56069 P2 55985 0.969000
56069 P2 56069 0.030600
56069 X0 56030 0.999536
56069 X0 56069 0.000155
56069 X0 56147 0.000155
56069 X0 56108 0.000155
56108 CX02 56463 0.987403
56108 CX02 56462 0.001800
56108 CX02 56461 0.001800
56108 CX02 56460 0.001800
56108 CX02 56467 0.001800
56108 CX02 56466 0.001800
56108 CX02 56465 0.001800
56108 CX02 56464 0.001800
56108 CX12 56463 0.992851
56108 CX12 56462 0.001021
56108 CX12 56461 0.001021
56108 CX12 56460 0.001021
56108 CX12 56466 0.001021
56108 CX12 56467 0.001021
56108 CX12 56464 0.001021
56108 CX12 56465 0.001021
56108 P2 55986 0.969000
56108 P2 56108 0.030600
56108 X0 56147 0.999536
56108 X0 56108 0.000155
56108 X0 56030 0.000155
56108 X0 56069 0.000155
56147 CX02 56466 0.987403
56147 CX02 56467 0.001800
56147 CX02 56464 0.001800
56147 CX02 56465 0.001800
56147 CX02 56462 0.001800
56147 CX02 56463 0.001800
56147 CX02 56460 0.001800
56147 CX02 56461 0.001800
56147 CX12 56467 0.992851
56147 CX12 56466 0.001021
56147 CX12 56465 0.001021
56147 CX12 56464 0.001021
56147 CX12 56462 0.001021
56147 CX12 56463 0.001021
56147 CX12 56460 0.001021
56147 CX12 56461 0.001021
56147 P2 55987 0.969000
56147 P2 56147 0.030600
56147 X0 56108 0.999536
56147 X0 56147 0.000155
56147 X0 56069 0.000155
56147 X0 56030 0.000155
56168 CX02 56005 0.987403
56168 CX02 56004 0.001800
56168 CX02 56007 0.001800
56168 CX02 56006 0.001800
56168 CX02 56009 0.001800
56168 CX02 56008 0.001800
56168 CX02 56011 0.001800
56168 CX02 56010 0.001800
56168 CX12 56005 0.992851
56168 CX12 56004 0.001021
56168 CX12 56007 0.001021
56168 CX12 56006 0.001021
56168 CX12 56008 0.001021
56168 CX12 56009 0.001021
56168 CX12 56010 0.001021
56168 CX12 56011 0.001021
56168 P2 56638 0.969400
56168 P2 56168 0.031000
56168 X0 56169 0.999536
56168 X0 56168 0.000155
56168 X0 56171 0.000155
56168 X0 56170 0.000155
56169 CX02 56008 0.987403
56169 CX02 56009 0.001800
56169 CX02 56010 0.001800
56169 CX02 56011 0.001800
56169 CX02 56004 0.001800
56169 CX02 56005 0.001800
56169 CX02 56006 0.001800
56169 CX02 56007 0.001800
56169 CX12 56009 0.992851
56169 CX12 56008 0.001021
56169 CX12 56011 0.001021
56169 CX12 56010 0.001021
56169 CX12 56004 0.001021
56169 CX12 56005 0.001021
56169 CX12 56006 0.001021
56169 CX12 56007 0.001021
56169 P2 56677 0.969400
56169 P2 56169 0.031000
56169 X0 56168 0.999536
56169 X0 56169 0.000155
56169 X0 56170 0.000155
56169 X0 56171 0.000155
56170 CX02 56011 0.987403
56170 CX02 56010 0.001800
56170 CX02 56009 0.001800
56170 CX02 56008 0.001800
56170 CX02 56007 0.001800
56170 CX02 56006 0.001800
56170 CX02 56005 0.001800
56170 CX02 56004 0.001800
56170 CX12 56010 0.992851
56170 CX12 56011 0.001021
56170 CX12 56008 0.001021
56170 CX12 56009 0.001021
56170 CX12 56007 0.001021
56170 CX12 56006 0.001021
56170 CX12 56005 0.001021
56170 CX12 56004 0.001021
56170 P2 56716 0.969400
56170 P2 56170 0.031000
56170 X0 56171 0.999536
56170 X0 56170 0.000155
56170 X0 56169 0.000155
56170 X0 56168 0.000155
56171 CX02 56006 0.987403
56171 CX02 56007 0.001800
56171 CX02 56004 0.001800
56171 CX02 56005 0.001800
56171 CX02 56010 0.001800
56171 CX02 56011 0.001800
56171 CX02 56008 0.001800
56171 CX02 56009 0.001800
56171 CX12 56006 0.992851
56171 CX12 56007 0.001021
56171 CX12 56004 0.001021
56171 CX12 56005 0.001021
56171 CX12 56011 0.001021
56171 CX12 56010 0.001021
56171 CX12 56009 0.001021
56171 CX12 56008 0.001021
56171 P2 56755 0.969400
56171 P2 56171 0.031000
56171 X0 56170 0.999536
56171 X0 56171 0.000155
56171 X0 56168 0.000155
56171 X0 56169 0.000155
56460 CX02 56030 0.987403
56460 CX02 56638 0.001800
56460 CX02 56069 0.001800
56460 CX02 56677 0.001800
56460 CX02 56147 0.001800
56460 CX02 56716 0.001800
56460 CX02 56108 0.001800
56460 CX02 56755 0.001800
56460 CX12 56030 0.992851
56460 CX12 56638 0.001021
56460 CX12 56069 0.001021
56460 CX12 56677 0.001021
56460 CX12 56147 0.001021
56460 CX12 56716 0.001021
56460 CX12 56108 0.001021
56460 CX12 56755 0.001021
56460 X0 56464 0.999536
56460 X0 56460 0.000155
56460 X0 56463 0.000155
56460 X0 56467 0.000155
56461 CX02 56638 0.987403
56461 CX02 56030 0.001800
56461 CX02 56677 0.001800
56461 CX02 56069 0.001800
56461 CX02 56716 0.001800
56461 CX02 56147 0.001800
56461 CX02 56755 0.001800
56461 CX02 56108 0.001800
56461 CX12 56638 0.992851
56461 CX12 56030 0.001021
56461 CX12 56677 0.001021
56461 CX12 56069 0.001021
56461 CX12 56716 0.001021
56461 CX12 56147 0.001021
56461 CX12 56755 0.001021
56461 CX12 56108 0.001021
56461 X0 56465 0.999536
56461 X0 56461 0.000155
56461 X0 56462 0.000155
56461 X0 56466 0.000155
56462 CX02 56755 0.987403
56462 CX02 56108 0.001800
56462 CX02 56716 0.001800
56462 CX02 56147 0.001800
56462 CX02 56677 0.001800
56462 CX02 56069 0.001800
56462 CX02 56638 0.001800
56462 CX02 56030 0.001800
56462 CX12 56755 0.992851
56462 CX12 56108 0.001021
56462 CX12 56716 0.001021
56462 CX12 56147 0.001021
56462 CX12 56677 0.001021
56462 CX12 56069 0.001021
56462 CX12 56638 0.001021
56462 CX12 56030 0.001021
56462 X0 56466 0.999536
56462 X0 56462 0.000155
56462 X0 56461 0.000155
56462 X0 56465 0.000155
56463 CX02 56108 0.987403
56463 CX02 56755 0.001800
56463 CX02 56147 0.001800
56463 CX02 56716 0.001800
56463 CX02 56069 0.001800
56463 CX02 56677 0.001800
56463 CX02 56030 0.001800
56463 CX02 56638 0.001800
56463 CX12 56108 0.992851
56463 CX12 56755 0.001021
56463 CX12 56147 0.001021
56463 CX12 56716 0.001021
56463 CX12 56069 0.001021
56463 CX12 56677 0.001021
56463 CX12 56030 0.001021
56463 CX12 56638 0.001021
56463 X0 56467 0.999536
56463 X0 56463 0.000155
56463 X0 56460 0.000155
56463 X0 56464 0.000155
56464 CX02 56677 0.987403
56464 CX02 56069 0.001800
56464 CX02 56638 0.001800
56464 CX02 56030 0.001800
56464 CX02 56755 0.001800
56464 CX02 56108 0.001800
56464 CX02 56716 0.001800
56464 CX02 56147 0.001800
56464 CX12 56069 0.992851
56464 CX12 56677 0.001021
56464 CX12 56030 0.001021
56464 CX12 56638 0.001021
56464 CX12 56108 0.001021
56464 CX12 56755 0.001021
56464 CX12 56147 0.001021
56464 CX12 56716 0.001021
56464 X0 56460 0.999536
56464 X0 56464 0.000155
56464 X0 56467 0.000155
56464 X0 56463 0.000155
56465 CX02 56069 0.987403
56465 CX02 56677 0.001800
56465 CX02 56030 0.001800
56465 CX02 56638 0.001800
56465 CX02 56108 0.001800
56465 CX02 56755 0.001800
56465 CX02 56147 0.001800
56465 CX02 56716 0.001800
56465 CX12 56677 0.992851
56465 CX12 56069 0.001021
56465 CX12 56638 0.001021
56465 CX12 56030 0.001021
56465 CX12 56755 0.001021
56465 CX12 56108 0.001021
56465 CX12 56716 0.001021
56465 CX12 56147 0.001021
56465 X0 56461 0.999536
56465 X0 56465 0.000155
56465 X0 56466 0.000155
56465 X0 56462 0.000155
56466 CX02 56147 0.987403
56466 CX02 56716 0.001800
56466 CX02 56108 0.001800
56466 CX02 56755 0.001800
56466 CX02 56030 0.001800
56466 CX02 56638 0.001800
56466 CX02 56069 0.001800
56466 CX02 56677 0.001800
56466 CX12 56716 0.992851
56466 CX12 56147 0.001021
56466 CX12 56755 0.001021
56466 CX12 56108 0.001021
56466 CX12 56638 0.001021
56466 CX12 56030 0.001021
56466 CX12 56677 0.001021
56466 CX12 56069 0.001021
56466 X0 56462 0.999536
56466 X0 56466 0.000155
56466 X0 56465 0.000155
56466 X0 56461 0.000155
56467 CX02 56716 0.987403
56467 CX02 56147 0.001800
56467 CX02 56755 0.001800
56467 CX02 56108 0.001800
56467 CX02 56638 0.001800
56467 CX02 56030 0.001800
56467 CX02 56677 0.001800
56467 CX02 56069 0.001800
56467 CX12 56147 0.992851
56467 CX12 56716 0.001021
56467 CX12 56108 0.001021
56467 CX12 56755 0.001021
56467 CX12 56030 0.001021
56467 CX12 56638 0.001021
56467 CX12 56069 0.001021
56467 CX12 56677 0.001021
56467 X0 56463 0.999536
56467 X0 56467 0.000155
56467 X0 56464 0.000155
56467 X0 56460 0.000155
56638 CX02 56461 0.987403
56638 CX02 56460 0.001800
56638 CX02 56463 0.001800
56638 CX02 56462 0.001800
56638 CX02 56465 0.001800
56638 CX02 56464 0.001800
56638 CX02 56467 0.001800
56638 CX02 56466 0.001800
56638 CX12 56461 0.992851
56638 CX12 56460 0.001021
56638 CX12 56463 0.001021
56638 CX12 56462 0.001021
56638 CX12 56464 0.001021
56638 CX12 56465 0.001021
56638 CX12 56466 0.001021
56638 CX12 56467 0.001021
56638 P2 56638 0.969400
56638 P2 56168 0.031000
56638 X0 56677 0.999536
56638 X0 56638 0.000155
56638 X0 56755 0.000155
56638 X0 56716 0.000155
56677 CX02 56464 0.987403
56677 CX02 56465 0.001800
56677 CX02 56466 0.001800
56677 CX02 56467 0.001800
56677 CX02 56460 0.001800
56677 CX02 56461 0.001800
56677 CX02 56462 0.001800
56677 CX02 56463 0.001800
56677 CX12 56465 0.992851
56677 CX12 56464 0.001021
56677 CX12 56467 0.001021
56677 CX12 56466 0.001021
56677 CX12 56460 0.001021
56677 CX12 56461 0.001021
56677 CX12 56462 0.001021
56677 CX12 56463 0.001021
56677 P2 56677 0.969400
56677 P2 56169 0.031000
56677 X0 56638 0.999536
56677 X0 56677 0.000155
56677 X0 56716 0.000155
56677 X0 56755 0.000155
56716 CX02 56467 0.987403
56716 CX02 56466 0.001800
56716 CX02 56465 0.001800
56716 CX02 56464 0.001800
56716 CX02 56463 0.001800
56716 CX02 56462 0.001800
56716 CX02 56461 0.001800
56716 CX02 56460 0.001800
56716 CX12 56466 0.992851
56716 CX12 56467 0.001021
56716 CX12 56464 0.001021
56716 CX12 56465 0.001021
56716 CX12 56463 0.001021
56716 CX12 56462 0.001021
56716 CX12 56461 0.001021
56716 CX12 56460 0.001021
56716 P2 56716 0.969400
56716 P2 56170 0.031000
56716 X0 56755 0.999536
56716 X0 56716 0.000155
56716 X0 56677 0.000155
56716 X0 56638 0.000155
56755 CX02 56462 0.987403
56755 CX02 56463 0.001800
56755 CX02 56460 0.001800
56755 CX02 56461 0.001800
56755 CX02 56466 0.001800
56755 CX02 56467 0.001800
56755 CX02 56464 0.001800
56755 CX02 56465 0.001800
56755 CX12 56462 0.992851
56755 CX12 56463 0.001021
56755 CX12 56460 0.001021
56755 CX12 56461 0.001021
56755 CX12 56467 0.001021
56755 CX12 56466 0.001021
56755 CX12 56465 0.001021
56755 CX12 56464 0.001021
56755 P2 56755 0.969400
56755 P2 56171 0.031000
56755 X0 56716 0.999536
56755 X0 56755 0.000155
56755 X0 56638 0.000155
56755 X0 56677 0.000155
ENDPOMDP
