BEGINPOMDP
INITIALSTATE: 119235
STATES: 119235,119236,119237,119238,119239,119256,119257,119258,119259,119260,119261,119262,119263,119282,119321,119360,119399,119420,119421,119422,119423,119712,119713,119714,119715,119716,119717,119718,119719,119890,119929,119968,120007
TARGETV: 119236,119238,119282,119360,119420,119423,119890,120007
GAMMA: 119235:0,119236:0,119237:0,119238:0,119239:0,119256:0,119257:0,119258:0,119259:0,119260:0,119261:0,119262:0,119263:0,119282:1,119321:1,119360:1,119399:1,119420:0,119421:0,119422:0,119423:0,119712:1,119713:1,119714:1,119715:1,119716:1,119717:1,119718:1,119719:1,119890:1,119929:1,119968:1,120007:1
BEGINACTIONS
CX02 Instruction.CNOT 0 2 -
CX12 Instruction.CNOT 1 2 -
P2 Instruction.MEAS - 2 -
X0 Instruction.X - 0 -
ENDACTIONS
119235 INIT_ 119236 0.250000
119235 INIT_ 119237 0.250000
119235 INIT_ 119238 0.250000
119235 INIT_ 119239 0.250000
119236 CX02 119256 0.984728
119236 CX02 119257 0.002182
119236 CX02 119258 0.002182
119236 CX02 119259 0.002182
119236 CX02 119260 0.002182
119236 CX02 119261 0.002182
119236 CX02 119262 0.002182
119236 CX02 119263 0.002182
119236 CX12 119256 0.985266
119236 CX12 119257 0.002105
119236 CX12 119258 0.002105
119236 CX12 119259 0.002105
119236 CX12 119261 0.002105
119236 CX12 119260 0.002105
119236 CX12 119263 0.002105
119236 CX12 119262 0.002105
119236 P2 119236 0.992800
119236 P2 119282 0.027600
119236 X0 119237 0.999186
119236 X0 119236 0.000271
119236 X0 119238 0.000271
119236 X0 119239 0.000271
119237 CX02 119261 0.984728
119237 CX02 119260 0.002182
119237 CX02 119263 0.002182
119237 CX02 119262 0.002182
119237 CX02 119257 0.002182
119237 CX02 119256 0.002182
119237 CX02 119259 0.002182
119237 CX02 119258 0.002182
119237 CX12 119260 0.985266
119237 CX12 119261 0.002105
119237 CX12 119262 0.002105
119237 CX12 119263 0.002105
119237 CX12 119257 0.002105
119237 CX12 119256 0.002105
119237 CX12 119259 0.002105
119237 CX12 119258 0.002105
119237 P2 119237 0.992800
119237 P2 119321 0.027600
119237 X0 119236 0.999186
119237 X0 119237 0.000271
119237 X0 119239 0.000271
119237 X0 119238 0.000271
119238 CX02 119259 0.984728
119238 CX02 119258 0.002182
119238 CX02 119257 0.002182
119238 CX02 119256 0.002182
119238 CX02 119263 0.002182
119238 CX02 119262 0.002182
119238 CX02 119261 0.002182
119238 CX02 119260 0.002182
119238 CX12 119259 0.985266
119238 CX12 119258 0.002105
119238 CX12 119257 0.002105
119238 CX12 119256 0.002105
119238 CX12 119262 0.002105
119238 CX12 119263 0.002105
119238 CX12 119260 0.002105
119238 CX12 119261 0.002105
119238 P2 119238 0.992800
119238 P2 119360 0.027600
119238 X0 119239 0.999186
119238 X0 119238 0.000271
119238 X0 119236 0.000271
119238 X0 119237 0.000271
119239 CX02 119262 0.984728
119239 CX02 119263 0.002182
119239 CX02 119260 0.002182
119239 CX02 119261 0.002182
119239 CX02 119258 0.002182
119239 CX02 119259 0.002182
119239 CX02 119256 0.002182
119239 CX02 119257 0.002182
119239 CX12 119263 0.985266
119239 CX12 119262 0.002105
119239 CX12 119261 0.002105
119239 CX12 119260 0.002105
119239 CX12 119258 0.002105
119239 CX12 119259 0.002105
119239 CX12 119256 0.002105
119239 CX12 119257 0.002105
119239 P2 119239 0.992800
119239 P2 119399 0.027600
119239 X0 119238 0.999186
119239 X0 119239 0.000271
119239 X0 119237 0.000271
119239 X0 119236 0.000271
119256 CX02 119236 0.984728
119256 CX02 119420 0.002182
119256 CX02 119237 0.002182
119256 CX02 119421 0.002182
119256 CX02 119239 0.002182
119256 CX02 119422 0.002182
119256 CX02 119238 0.002182
119256 CX02 119423 0.002182
119256 CX12 119236 0.985266
119256 CX12 119420 0.002105
119256 CX12 119237 0.002105
119256 CX12 119421 0.002105
119256 CX12 119239 0.002105
119256 CX12 119422 0.002105
119256 CX12 119238 0.002105
119256 CX12 119423 0.002105
119256 X0 119260 0.999186
119256 X0 119256 0.000271
119256 X0 119259 0.000271
119256 X0 119263 0.000271
119257 CX02 119420 0.984728
119257 CX02 119236 0.002182
119257 CX02 119421 0.002182
119257 CX02 119237 0.002182
119257 CX02 119422 0.002182
119257 CX02 119239 0.002182
119257 CX02 119423 0.002182
119257 CX02 119238 0.002182
119257 CX12 119420 0.985266
119257 CX12 119236 0.002105
119257 CX12 119421 0.002105
119257 CX12 119237 0.002105
119257 CX12 119422 0.002105
119257 CX12 119239 0.002105
119257 CX12 119423 0.002105
119257 CX12 119238 0.002105
119257 X0 119261 0.999186
119257 X0 119257 0.000271
119257 X0 119258 0.000271
119257 X0 119262 0.000271
119258 CX02 119423 0.984728
119258 CX02 119238 0.002182
119258 CX02 119422 0.002182
119258 CX02 119239 0.002182
119258 CX02 119421 0.002182
119258 CX02 119237 0.002182
119258 CX02 119420 0.002182
119258 CX02 119236 0.002182
119258 CX12 119423 0.985266
119258 CX12 119238 0.002105
119258 CX12 119422 0.002105
119258 CX12 119239 0.002105
119258 CX12 119421 0.002105
119258 CX12 119237 0.002105
119258 CX12 119420 0.002105
119258 CX12 119236 0.002105
119258 X0 119262 0.999186
119258 X0 119258 0.000271
119258 X0 119257 0.000271
119258 X0 119261 0.000271
119259 CX02 119238 0.984728
119259 CX02 119423 0.002182
119259 CX02 119239 0.002182
119259 CX02 119422 0.002182
119259 CX02 119237 0.002182
119259 CX02 119421 0.002182
119259 CX02 119236 0.002182
119259 CX02 119420 0.002182
119259 CX12 119238 0.985266
119259 CX12 119423 0.002105
119259 CX12 119239 0.002105
119259 CX12 119422 0.002105
119259 CX12 119237 0.002105
119259 CX12 119421 0.002105
119259 CX12 119236 0.002105
119259 CX12 119420 0.002105
119259 X0 119263 0.999186
119259 X0 119259 0.000271
119259 X0 119256 0.000271
119259 X0 119260 0.000271
119260 CX02 119421 0.984728
119260 CX02 119237 0.002182
119260 CX02 119420 0.002182
119260 CX02 119236 0.002182
119260 CX02 119423 0.002182
119260 CX02 119238 0.002182
119260 CX02 119422 0.002182
119260 CX02 119239 0.002182
119260 CX12 119237 0.985266
119260 CX12 119421 0.002105
119260 CX12 119236 0.002105
119260 CX12 119420 0.002105
119260 CX12 119238 0.002105
119260 CX12 119423 0.002105
119260 CX12 119239 0.002105
119260 CX12 119422 0.002105
119260 X0 119256 0.999186
119260 X0 119260 0.000271
119260 X0 119263 0.000271
119260 X0 119259 0.000271
119261 CX02 119237 0.984728
119261 CX02 119421 0.002182
119261 CX02 119236 0.002182
119261 CX02 119420 0.002182
119261 CX02 119238 0.002182
119261 CX02 119423 0.002182
119261 CX02 119239 0.002182
119261 CX02 119422 0.002182
119261 CX12 119421 0.985266
119261 CX12 119237 0.002105
119261 CX12 119420 0.002105
119261 CX12 119236 0.002105
119261 CX12 119423 0.002105
119261 CX12 119238 0.002105
119261 CX12 119422 0.002105
119261 CX12 119239 0.002105
119261 X0 119257 0.999186
119261 X0 119261 0.000271
119261 X0 119262 0.000271
119261 X0 119258 0.000271
119262 CX02 119239 0.984728
119262 CX02 119422 0.002182
119262 CX02 119238 0.002182
119262 CX02 119423 0.002182
119262 CX02 119236 0.002182
119262 CX02 119420 0.002182
119262 CX02 119237 0.002182
119262 CX02 119421 0.002182
119262 CX12 119422 0.985266
119262 CX12 119239 0.002105
119262 CX12 119423 0.002105
119262 CX12 119238 0.002105
119262 CX12 119420 0.002105
119262 CX12 119236 0.002105
119262 CX12 119421 0.002105
119262 CX12 119237 0.002105
119262 X0 119258 0.999186
119262 X0 119262 0.000271
119262 X0 119261 0.000271
119262 X0 119257 0.000271
119263 CX02 119422 0.984728
119263 CX02 119239 0.002182
119263 CX02 119423 0.002182
119263 CX02 119238 0.002182
119263 CX02 119420 0.002182
119263 CX02 119236 0.002182
119263 CX02 119421 0.002182
119263 CX02 119237 0.002182
119263 CX12 119239 0.985266
119263 CX12 119422 0.002105
119263 CX12 119238 0.002105
119263 CX12 119423 0.002105
119263 CX12 119236 0.002105
119263 CX12 119420 0.002105
119263 CX12 119237 0.002105
119263 CX12 119421 0.002105
119263 X0 119259 0.999186
119263 X0 119263 0.000271
119263 X0 119260 0.000271
119263 X0 119256 0.000271
119282 CX02 119712 0.984728
119282 CX02 119713 0.002182
119282 CX02 119714 0.002182
119282 CX02 119715 0.002182
119282 CX02 119716 0.002182
119282 CX02 119717 0.002182
119282 CX02 119718 0.002182
119282 CX02 119719 0.002182
119282 CX12 119712 0.985266
119282 CX12 119713 0.002105
119282 CX12 119714 0.002105
119282 CX12 119715 0.002105
119282 CX12 119717 0.002105
119282 CX12 119716 0.002105
119282 CX12 119719 0.002105
119282 CX12 119718 0.002105
119282 P2 119236 0.992800
119282 P2 119282 0.027600
119282 X0 119321 0.999186
119282 X0 119282 0.000271
119282 X0 119360 0.000271
119282 X0 119399 0.000271
119321 CX02 119717 0.984728
119321 CX02 119716 0.002182
119321 CX02 119719 0.002182
119321 CX02 119718 0.002182
119321 CX02 119713 0.002182
119321 CX02 119712 0.002182
119321 CX02 119715 0.002182
119321 CX02 119714 0.002182
119321 CX12 119716 0.985266
119321 CX12 119717 0.002105
119321 CX12 119718 0.002105
119321 CX12 119719 0.002105
119321 CX12 119713 0.002105
119321 CX12 119712 0.002105
119321 CX12 119715 0.002105
119321 CX12 119714 0.002105
119321 P2 119237 0.992800
119321 P2 119321 0.027600
119321 X0 119282 0.999186
119321 X0 119321 0.000271
119321 X0 119399 0.000271
119321 X0 119360 0.000271
119360 CX02 119715 0.984728
119360 CX02 119714 0.002182
119360 CX02 119713 0.002182
119360 CX02 119712 0.002182
119360 CX02 119719 0.002182
119360 CX02 119718 0.002182
119360 CX02 119717 0.002182
119360 CX02 119716 0.002182
119360 CX12 119715 0.985266
119360 CX12 119714 0.002105
119360 CX12 119713 0.002105
119360 CX12 119712 0.002105
119360 CX12 119718 0.002105
119360 CX12 119719 0.002105
119360 CX12 119716 0.002105
119360 CX12 119717 0.002105
119360 P2 119238 0.992800
119360 P2 119360 0.027600
119360 X0 119399 0.999186
119360 X0 119360 0.000271
119360 X0 119282 0.000271
119360 X0 119321 0.000271
119399 CX02 119718 0.984728
119399 CX02 119719 0.002182
119399 CX02 119716 0.002182
119399 CX02 119717 0.002182
119399 CX02 119714 0.002182
119399 CX02 119715 0.002182
119399 CX02 119712 0.002182
119399 CX02 119713 0.002182
119399 CX12 119719 0.985266
119399 CX12 119718 0.002105
119399 CX12 119717 0.002105
119399 CX12 119716 0.002105
119399 CX12 119714 0.002105
119399 CX12 119715 0.002105
119399 CX12 119712 0.002105
119399 CX12 119713 0.002105
119399 P2 119239 0.992800
119399 P2 119399 0.027600
119399 X0 119360 0.999186
119399 X0 119399 0.000271
119399 X0 119321 0.000271
119399 X0 119282 0.000271
119420 CX02 119257 0.984728
119420 CX02 119256 0.002182
119420 CX02 119259 0.002182
119420 CX02 119258 0.002182
119420 CX02 119261 0.002182
119420 CX02 119260 0.002182
119420 CX02 119263 0.002182
119420 CX02 119262 0.002182
119420 CX12 119257 0.985266
119420 CX12 119256 0.002105
119420 CX12 119259 0.002105
119420 CX12 119258 0.002105
119420 CX12 119260 0.002105
119420 CX12 119261 0.002105
119420 CX12 119262 0.002105
119420 CX12 119263 0.002105
119420 P2 119890 0.972400
119420 P2 119420 0.007200
119420 X0 119421 0.999186
119420 X0 119420 0.000271
119420 X0 119423 0.000271
119420 X0 119422 0.000271
119421 CX02 119260 0.984728
119421 CX02 119261 0.002182
119421 CX02 119262 0.002182
119421 CX02 119263 0.002182
119421 CX02 119256 0.002182
119421 CX02 119257 0.002182
119421 CX02 119258 0.002182
119421 CX02 119259 0.002182
119421 CX12 119261 0.985266
119421 CX12 119260 0.002105
119421 CX12 119263 0.002105
119421 CX12 119262 0.002105
119421 CX12 119256 0.002105
119421 CX12 119257 0.002105
119421 CX12 119258 0.002105
119421 CX12 119259 0.002105
119421 P2 119929 0.972400
119421 P2 119421 0.007200
119421 X0 119420 0.999186
119421 X0 119421 0.000271
119421 X0 119422 0.000271
119421 X0 119423 0.000271
119422 CX02 119263 0.984728
119422 CX02 119262 0.002182
119422 CX02 119261 0.002182
119422 CX02 119260 0.002182
119422 CX02 119259 0.002182
119422 CX02 119258 0.002182
119422 CX02 119257 0.002182
119422 CX02 119256 0.002182
119422 CX12 119262 0.985266
119422 CX12 119263 0.002105
119422 CX12 119260 0.002105
119422 CX12 119261 0.002105
119422 CX12 119259 0.002105
119422 CX12 119258 0.002105
119422 CX12 119257 0.002105
119422 CX12 119256 0.002105
119422 P2 119968 0.972400
119422 P2 119422 0.007200
119422 X0 119423 0.999186
119422 X0 119422 0.000271
119422 X0 119421 0.000271
119422 X0 119420 0.000271
119423 CX02 119258 0.984728
119423 CX02 119259 0.002182
119423 CX02 119256 0.002182
119423 CX02 119257 0.002182
119423 CX02 119262 0.002182
119423 CX02 119263 0.002182
119423 CX02 119260 0.002182
119423 CX02 119261 0.002182
119423 CX12 119258 0.985266
119423 CX12 119259 0.002105
119423 CX12 119256 0.002105
119423 CX12 119257 0.002105
119423 CX12 119263 0.002105
119423 CX12 119262 0.002105
119423 CX12 119261 0.002105
119423 CX12 119260 0.002105
119423 P2 120007 0.972400
119423 P2 119423 0.007200
119423 X0 119422 0.999186
119423 X0 119423 0.000271
119423 X0 119420 0.000271
119423 X0 119421 0.000271
119712 CX02 119282 0.984728
119712 CX02 119890 0.002182
119712 CX02 119321 0.002182
119712 CX02 119929 0.002182
119712 CX02 119399 0.002182
119712 CX02 119968 0.002182
119712 CX02 119360 0.002182
119712 CX02 120007 0.002182
119712 CX12 119282 0.985266
119712 CX12 119890 0.002105
119712 CX12 119321 0.002105
119712 CX12 119929 0.002105
119712 CX12 119399 0.002105
119712 CX12 119968 0.002105
119712 CX12 119360 0.002105
119712 CX12 120007 0.002105
119712 X0 119716 0.999186
119712 X0 119712 0.000271
119712 X0 119715 0.000271
119712 X0 119719 0.000271
119713 CX02 119890 0.984728
119713 CX02 119282 0.002182
119713 CX02 119929 0.002182
119713 CX02 119321 0.002182
119713 CX02 119968 0.002182
119713 CX02 119399 0.002182
119713 CX02 120007 0.002182
119713 CX02 119360 0.002182
119713 CX12 119890 0.985266
119713 CX12 119282 0.002105
119713 CX12 119929 0.002105
119713 CX12 119321 0.002105
119713 CX12 119968 0.002105
119713 CX12 119399 0.002105
119713 CX12 120007 0.002105
119713 CX12 119360 0.002105
119713 X0 119717 0.999186
119713 X0 119713 0.000271
119713 X0 119714 0.000271
119713 X0 119718 0.000271
119714 CX02 120007 0.984728
119714 CX02 119360 0.002182
119714 CX02 119968 0.002182
119714 CX02 119399 0.002182
119714 CX02 119929 0.002182
119714 CX02 119321 0.002182
119714 CX02 119890 0.002182
119714 CX02 119282 0.002182
119714 CX12 120007 0.985266
119714 CX12 119360 0.002105
119714 CX12 119968 0.002105
119714 CX12 119399 0.002105
119714 CX12 119929 0.002105
119714 CX12 119321 0.002105
119714 CX12 119890 0.002105
119714 CX12 119282 0.002105
119714 X0 119718 0.999186
119714 X0 119714 0.000271
119714 X0 119713 0.000271
119714 X0 119717 0.000271
119715 CX02 119360 0.984728
119715 CX02 120007 0.002182
119715 CX02 119399 0.002182
119715 CX02 119968 0.002182
119715 CX02 119321 0.002182
119715 CX02 119929 0.002182
119715 CX02 119282 0.002182
119715 CX02 119890 0.002182
119715 CX12 119360 0.985266
119715 CX12 120007 0.002105
119715 CX12 119399 0.002105
119715 CX12 119968 0.002105
119715 CX12 119321 0.002105
119715 CX12 119929 0.002105
119715 CX12 119282 0.002105
119715 CX12 119890 0.002105
119715 X0 119719 0.999186
119715 X0 119715 0.000271
119715 X0 119712 0.000271
119715 X0 119716 0.000271
119716 CX02 119929 0.984728
119716 CX02 119321 0.002182
119716 CX02 119890 0.002182
119716 CX02 119282 0.002182
119716 CX02 120007 0.002182
119716 CX02 119360 0.002182
119716 CX02 119968 0.002182
119716 CX02 119399 0.002182
119716 CX12 119321 0.985266
119716 CX12 119929 0.002105
119716 CX12 119282 0.002105
119716 CX12 119890 0.002105
119716 CX12 119360 0.002105
119716 CX12 120007 0.002105
119716 CX12 119399 0.002105
119716 CX12 119968 0.002105
119716 X0 119712 0.999186
119716 X0 119716 0.000271
119716 X0 119719 0.000271
119716 X0 119715 0.000271
119717 CX02 119321 0.984728
119717 CX02 119929 0.002182
119717 CX02 119282 0.002182
119717 CX02 119890 0.002182
119717 CX02 119360 0.002182
119717 CX02 120007 0.002182
119717 CX02 119399 0.002182
119717 CX02 119968 0.002182
119717 CX12 119929 0.985266
119717 CX12 119321 0.002105
119717 CX12 119890 0.002105
119717 CX12 119282 0.002105
119717 CX12 120007 0.002105
119717 CX12 119360 0.002105
119717 CX12 119968 0.002105
119717 CX12 119399 0.002105
119717 X0 119713 0.999186
119717 X0 119717 0.000271
119717 X0 119718 0.000271
119717 X0 119714 0.000271
119718 CX02 119399 0.984728
119718 CX02 119968 0.002182
119718 CX02 119360 0.002182
119718 CX02 120007 0.002182
119718 CX02 119282 0.002182
119718 CX02 119890 0.002182
119718 CX02 119321 0.002182
119718 CX02 119929 0.002182
119718 CX12 119968 0.985266
119718 CX12 119399 0.002105
119718 CX12 120007 0.002105
119718 CX12 119360 0.002105
119718 CX12 119890 0.002105
119718 CX12 119282 0.002105
119718 CX12 119929 0.002105
119718 CX12 119321 0.002105
119718 X0 119714 0.999186
119718 X0 119718 0.000271
119718 X0 119717 0.000271
119718 X0 119713 0.000271
119719 CX02 119968 0.984728
119719 CX02 119399 0.002182
119719 CX02 120007 0.002182
119719 CX02 119360 0.002182
119719 CX02 119890 0.002182
119719 CX02 119282 0.002182
119719 CX02 119929 0.002182
119719 CX02 119321 0.002182
119719 CX12 119399 0.985266
119719 CX12 119968 0.002105
119719 CX12 119360 0.002105
119719 CX12 120007 0.002105
119719 CX12 119282 0.002105
119719 CX12 119890 0.002105
119719 CX12 119321 0.002105
119719 CX12 119929 0.002105
119719 X0 119715 0.999186
119719 X0 119719 0.000271
119719 X0 119716 0.000271
119719 X0 119712 0.000271
119890 CX02 119713 0.984728
119890 CX02 119712 0.002182
119890 CX02 119715 0.002182
119890 CX02 119714 0.002182
119890 CX02 119717 0.002182
119890 CX02 119716 0.002182
119890 CX02 119719 0.002182
119890 CX02 119718 0.002182
119890 CX12 119713 0.985266
119890 CX12 119712 0.002105
119890 CX12 119715 0.002105
119890 CX12 119714 0.002105
119890 CX12 119716 0.002105
119890 CX12 119717 0.002105
119890 CX12 119718 0.002105
119890 CX12 119719 0.002105
119890 P2 119890 0.972400
119890 P2 119420 0.007200
119890 X0 119929 0.999186
119890 X0 119890 0.000271
119890 X0 120007 0.000271
119890 X0 119968 0.000271
119929 CX02 119716 0.984728
119929 CX02 119717 0.002182
119929 CX02 119718 0.002182
119929 CX02 119719 0.002182
119929 CX02 119712 0.002182
119929 CX02 119713 0.002182
119929 CX02 119714 0.002182
119929 CX02 119715 0.002182
119929 CX12 119717 0.985266
119929 CX12 119716 0.002105
119929 CX12 119719 0.002105
119929 CX12 119718 0.002105
119929 CX12 119712 0.002105
119929 CX12 119713 0.002105
119929 CX12 119714 0.002105
119929 CX12 119715 0.002105
119929 P2 119929 0.972400
119929 P2 119421 0.007200
119929 X0 119890 0.999186
119929 X0 119929 0.000271
119929 X0 119968 0.000271
119929 X0 120007 0.000271
119968 CX02 119719 0.984728
119968 CX02 119718 0.002182
119968 CX02 119717 0.002182
119968 CX02 119716 0.002182
119968 CX02 119715 0.002182
119968 CX02 119714 0.002182
119968 CX02 119713 0.002182
119968 CX02 119712 0.002182
119968 CX12 119718 0.985266
119968 CX12 119719 0.002105
119968 CX12 119716 0.002105
119968 CX12 119717 0.002105
119968 CX12 119715 0.002105
119968 CX12 119714 0.002105
119968 CX12 119713 0.002105
119968 CX12 119712 0.002105
119968 P2 119968 0.972400
119968 P2 119422 0.007200
119968 X0 120007 0.999186
119968 X0 119968 0.000271
119968 X0 119929 0.000271
119968 X0 119890 0.000271
120007 CX02 119714 0.984728
120007 CX02 119715 0.002182
120007 CX02 119712 0.002182
120007 CX02 119713 0.002182
120007 CX02 119718 0.002182
120007 CX02 119719 0.002182
120007 CX02 119716 0.002182
120007 CX02 119717 0.002182
120007 CX12 119714 0.985266
120007 CX12 119715 0.002105
120007 CX12 119712 0.002105
120007 CX12 119713 0.002105
120007 CX12 119719 0.002105
120007 CX12 119718 0.002105
120007 CX12 119717 0.002105
120007 CX12 119716 0.002105
120007 P2 120007 0.972400
120007 P2 119423 0.007200
120007 X0 119968 0.999186
120007 X0 120007 0.000271
120007 X0 119890 0.000271
120007 X0 119929 0.000271
ENDPOMDP
