BEGINPOMDP
INITIALSTATE: 155553
STATES: 155553,155554,155555,155556,155557,155574,155575,155576,155577,155578,155579,155580,155581,155600,155639,155678,155717,155738,155739,155740,155741,156030,156031,156032,156033,156034,156035,156036,156037,156208,156247,156286,156325
TARGETV: 155554,155556,155600,155678,155738,155741,156208,156325
GAMMA: 155553:0,155554:0,155555:0,155556:0,155557:0,155574:0,155575:0,155576:0,155577:0,155578:0,155579:0,155580:0,155581:0,155600:1,155639:1,155678:1,155717:1,155738:0,155739:0,155740:0,155741:0,156030:1,156031:1,156032:1,156033:1,156034:1,156035:1,156036:1,156037:1,156208:1,156247:1,156286:1,156325:1
BEGINACTIONS
CX02 Instruction.CNOT 0 2 -
CX12 Instruction.CNOT 1 2 -
P2 Instruction.MEAS - 2 -
X0 Instruction.X - 0 -
ENDACTIONS
155553 INIT_ 155554 0.250000
155553 INIT_ 155555 0.250000
155553 INIT_ 155556 0.250000
155553 INIT_ 155557 0.250000
155554 CX02 155574 0.967899
155554 CX02 155575 0.004586
155554 CX02 155576 0.004586
155554 CX02 155577 0.004586
155554 CX02 155578 0.004586
155554 CX02 155579 0.004586
155554 CX02 155580 0.004586
155554 CX02 155581 0.004586
155554 CX12 155574 0.958666
155554 CX12 155575 0.005905
155554 CX12 155576 0.005905
155554 CX12 155577 0.005905
155554 CX12 155579 0.005905
155554 CX12 155578 0.005905
155554 CX12 155581 0.005905
155554 CX12 155580 0.005905
155554 P2 155554 0.980800
155554 P2 155600 0.096400
155554 X0 155555 0.998703
155554 X0 155554 0.000432
155554 X0 155556 0.000432
155554 X0 155557 0.000432
155555 CX02 155579 0.967899
155555 CX02 155578 0.004586
155555 CX02 155581 0.004586
155555 CX02 155580 0.004586
155555 CX02 155575 0.004586
155555 CX02 155574 0.004586
155555 CX02 155577 0.004586
155555 CX02 155576 0.004586
155555 CX12 155578 0.958666
155555 CX12 155579 0.005905
155555 CX12 155580 0.005905
155555 CX12 155581 0.005905
155555 CX12 155575 0.005905
155555 CX12 155574 0.005905
155555 CX12 155577 0.005905
155555 CX12 155576 0.005905
155555 P2 155555 0.980800
155555 P2 155639 0.096400
155555 X0 155554 0.998703
155555 X0 155555 0.000432
155555 X0 155557 0.000432
155555 X0 155556 0.000432
155556 CX02 155577 0.967899
155556 CX02 155576 0.004586
155556 CX02 155575 0.004586
155556 CX02 155574 0.004586
155556 CX02 155581 0.004586
155556 CX02 155580 0.004586
155556 CX02 155579 0.004586
155556 CX02 155578 0.004586
155556 CX12 155577 0.958666
155556 CX12 155576 0.005905
155556 CX12 155575 0.005905
155556 CX12 155574 0.005905
155556 CX12 155580 0.005905
155556 CX12 155581 0.005905
155556 CX12 155578 0.005905
155556 CX12 155579 0.005905
155556 P2 155556 0.980800
155556 P2 155678 0.096400
155556 X0 155557 0.998703
155556 X0 155556 0.000432
155556 X0 155554 0.000432
155556 X0 155555 0.000432
155557 CX02 155580 0.967899
155557 CX02 155581 0.004586
155557 CX02 155578 0.004586
155557 CX02 155579 0.004586
155557 CX02 155576 0.004586
155557 CX02 155577 0.004586
155557 CX02 155574 0.004586
155557 CX02 155575 0.004586
155557 CX12 155581 0.958666
155557 CX12 155580 0.005905
155557 CX12 155579 0.005905
155557 CX12 155578 0.005905
155557 CX12 155576 0.005905
155557 CX12 155577 0.005905
155557 CX12 155574 0.005905
155557 CX12 155575 0.005905
155557 P2 155557 0.980800
155557 P2 155717 0.096400
155557 X0 155556 0.998703
155557 X0 155557 0.000432
155557 X0 155555 0.000432
155557 X0 155554 0.000432
155574 CX02 155554 0.967899
155574 CX02 155738 0.004586
155574 CX02 155555 0.004586
155574 CX02 155739 0.004586
155574 CX02 155557 0.004586
155574 CX02 155740 0.004586
155574 CX02 155556 0.004586
155574 CX02 155741 0.004586
155574 CX12 155554 0.958666
155574 CX12 155738 0.005905
155574 CX12 155555 0.005905
155574 CX12 155739 0.005905
155574 CX12 155557 0.005905
155574 CX12 155740 0.005905
155574 CX12 155556 0.005905
155574 CX12 155741 0.005905
155574 X0 155578 0.998703
155574 X0 155574 0.000432
155574 X0 155577 0.000432
155574 X0 155581 0.000432
155575 CX02 155738 0.967899
155575 CX02 155554 0.004586
155575 CX02 155739 0.004586
155575 CX02 155555 0.004586
155575 CX02 155740 0.004586
155575 CX02 155557 0.004586
155575 CX02 155741 0.004586
155575 CX02 155556 0.004586
155575 CX12 155738 0.958666
155575 CX12 155554 0.005905
155575 CX12 155739 0.005905
155575 CX12 155555 0.005905
155575 CX12 155740 0.005905
155575 CX12 155557 0.005905
155575 CX12 155741 0.005905
155575 CX12 155556 0.005905
155575 X0 155579 0.998703
155575 X0 155575 0.000432
155575 X0 155576 0.000432
155575 X0 155580 0.000432
155576 CX02 155741 0.967899
155576 CX02 155556 0.004586
155576 CX02 155740 0.004586
155576 CX02 155557 0.004586
155576 CX02 155739 0.004586
155576 CX02 155555 0.004586
155576 CX02 155738 0.004586
155576 CX02 155554 0.004586
155576 CX12 155741 0.958666
155576 CX12 155556 0.005905
155576 CX12 155740 0.005905
155576 CX12 155557 0.005905
155576 CX12 155739 0.005905
155576 CX12 155555 0.005905
155576 CX12 155738 0.005905
155576 CX12 155554 0.005905
155576 X0 155580 0.998703
155576 X0 155576 0.000432
155576 X0 155575 0.000432
155576 X0 155579 0.000432
155577 CX02 155556 0.967899
155577 CX02 155741 0.004586
155577 CX02 155557 0.004586
155577 CX02 155740 0.004586
155577 CX02 155555 0.004586
155577 CX02 155739 0.004586
155577 CX02 155554 0.004586
155577 CX02 155738 0.004586
155577 CX12 155556 0.958666
155577 CX12 155741 0.005905
155577 CX12 155557 0.005905
155577 CX12 155740 0.005905
155577 CX12 155555 0.005905
155577 CX12 155739 0.005905
155577 CX12 155554 0.005905
155577 CX12 155738 0.005905
155577 X0 155581 0.998703
155577 X0 155577 0.000432
155577 X0 155574 0.000432
155577 X0 155578 0.000432
155578 CX02 155739 0.967899
155578 CX02 155555 0.004586
155578 CX02 155738 0.004586
155578 CX02 155554 0.004586
155578 CX02 155741 0.004586
155578 CX02 155556 0.004586
155578 CX02 155740 0.004586
155578 CX02 155557 0.004586
155578 CX12 155555 0.958666
155578 CX12 155739 0.005905
155578 CX12 155554 0.005905
155578 CX12 155738 0.005905
155578 CX12 155556 0.005905
155578 CX12 155741 0.005905
155578 CX12 155557 0.005905
155578 CX12 155740 0.005905
155578 X0 155574 0.998703
155578 X0 155578 0.000432
155578 X0 155581 0.000432
155578 X0 155577 0.000432
155579 CX02 155555 0.967899
155579 CX02 155739 0.004586
155579 CX02 155554 0.004586
155579 CX02 155738 0.004586
155579 CX02 155556 0.004586
155579 CX02 155741 0.004586
155579 CX02 155557 0.004586
155579 CX02 155740 0.004586
155579 CX12 155739 0.958666
155579 CX12 155555 0.005905
155579 CX12 155738 0.005905
155579 CX12 155554 0.005905
155579 CX12 155741 0.005905
155579 CX12 155556 0.005905
155579 CX12 155740 0.005905
155579 CX12 155557 0.005905
155579 X0 155575 0.998703
155579 X0 155579 0.000432
155579 X0 155580 0.000432
155579 X0 155576 0.000432
155580 CX02 155557 0.967899
155580 CX02 155740 0.004586
155580 CX02 155556 0.004586
155580 CX02 155741 0.004586
155580 CX02 155554 0.004586
155580 CX02 155738 0.004586
155580 CX02 155555 0.004586
155580 CX02 155739 0.004586
155580 CX12 155740 0.958666
155580 CX12 155557 0.005905
155580 CX12 155741 0.005905
155580 CX12 155556 0.005905
155580 CX12 155738 0.005905
155580 CX12 155554 0.005905
155580 CX12 155739 0.005905
155580 CX12 155555 0.005905
155580 X0 155576 0.998703
155580 X0 155580 0.000432
155580 X0 155579 0.000432
155580 X0 155575 0.000432
155581 CX02 155740 0.967899
155581 CX02 155557 0.004586
155581 CX02 155741 0.004586
155581 CX02 155556 0.004586
155581 CX02 155738 0.004586
155581 CX02 155554 0.004586
155581 CX02 155739 0.004586
155581 CX02 155555 0.004586
155581 CX12 155557 0.958666
155581 CX12 155740 0.005905
155581 CX12 155556 0.005905
155581 CX12 155741 0.005905
155581 CX12 155554 0.005905
155581 CX12 155738 0.005905
155581 CX12 155555 0.005905
155581 CX12 155739 0.005905
155581 X0 155577 0.998703
155581 X0 155581 0.000432
155581 X0 155578 0.000432
155581 X0 155574 0.000432
155600 CX02 156030 0.967899
155600 CX02 156031 0.004586
155600 CX02 156032 0.004586
155600 CX02 156033 0.004586
155600 CX02 156034 0.004586
155600 CX02 156035 0.004586
155600 CX02 156036 0.004586
155600 CX02 156037 0.004586
155600 CX12 156030 0.958666
155600 CX12 156031 0.005905
155600 CX12 156032 0.005905
155600 CX12 156033 0.005905
155600 CX12 156035 0.005905
155600 CX12 156034 0.005905
155600 CX12 156037 0.005905
155600 CX12 156036 0.005905
155600 P2 155554 0.980800
155600 P2 155600 0.096400
155600 X0 155639 0.998703
155600 X0 155600 0.000432
155600 X0 155678 0.000432
155600 X0 155717 0.000432
155639 CX02 156035 0.967899
155639 CX02 156034 0.004586
155639 CX02 156037 0.004586
155639 CX02 156036 0.004586
155639 CX02 156031 0.004586
155639 CX02 156030 0.004586
155639 CX02 156033 0.004586
155639 CX02 156032 0.004586
155639 CX12 156034 0.958666
155639 CX12 156035 0.005905
155639 CX12 156036 0.005905
155639 CX12 156037 0.005905
155639 CX12 156031 0.005905
155639 CX12 156030 0.005905
155639 CX12 156033 0.005905
155639 CX12 156032 0.005905
155639 P2 155555 0.980800
155639 P2 155639 0.096400
155639 X0 155600 0.998703
155639 X0 155639 0.000432
155639 X0 155717 0.000432
155639 X0 155678 0.000432
155678 CX02 156033 0.967899
155678 CX02 156032 0.004586
155678 CX02 156031 0.004586
155678 CX02 156030 0.004586
155678 CX02 156037 0.004586
155678 CX02 156036 0.004586
155678 CX02 156035 0.004586
155678 CX02 156034 0.004586
155678 CX12 156033 0.958666
155678 CX12 156032 0.005905
155678 CX12 156031 0.005905
155678 CX12 156030 0.005905
155678 CX12 156036 0.005905
155678 CX12 156037 0.005905
155678 CX12 156034 0.005905
155678 CX12 156035 0.005905
155678 P2 155556 0.980800
155678 P2 155678 0.096400
155678 X0 155717 0.998703
155678 X0 155678 0.000432
155678 X0 155600 0.000432
155678 X0 155639 0.000432
155717 CX02 156036 0.967899
155717 CX02 156037 0.004586
155717 CX02 156034 0.004586
155717 CX02 156035 0.004586
155717 CX02 156032 0.004586
155717 CX02 156033 0.004586
155717 CX02 156030 0.004586
155717 CX02 156031 0.004586
155717 CX12 156037 0.958666
155717 CX12 156036 0.005905
155717 CX12 156035 0.005905
155717 CX12 156034 0.005905
155717 CX12 156032 0.005905
155717 CX12 156033 0.005905
155717 CX12 156030 0.005905
155717 CX12 156031 0.005905
155717 P2 155557 0.980800
155717 P2 155717 0.096400
155717 X0 155678 0.998703
155717 X0 155717 0.000432
155717 X0 155639 0.000432
155717 X0 155600 0.000432
155738 CX02 155575 0.967899
155738 CX02 155574 0.004586
155738 CX02 155577 0.004586
155738 CX02 155576 0.004586
155738 CX02 155579 0.004586
155738 CX02 155578 0.004586
155738 CX02 155581 0.004586
155738 CX02 155580 0.004586
155738 CX12 155575 0.958666
155738 CX12 155574 0.005905
155738 CX12 155577 0.005905
155738 CX12 155576 0.005905
155738 CX12 155578 0.005905
155738 CX12 155579 0.005905
155738 CX12 155580 0.005905
155738 CX12 155581 0.005905
155738 P2 156208 0.903600
155738 P2 155738 0.019200
155738 X0 155739 0.998703
155738 X0 155738 0.000432
155738 X0 155741 0.000432
155738 X0 155740 0.000432
155739 CX02 155578 0.967899
155739 CX02 155579 0.004586
155739 CX02 155580 0.004586
155739 CX02 155581 0.004586
155739 CX02 155574 0.004586
155739 CX02 155575 0.004586
155739 CX02 155576 0.004586
155739 CX02 155577 0.004586
155739 CX12 155579 0.958666
155739 CX12 155578 0.005905
155739 CX12 155581 0.005905
155739 CX12 155580 0.005905
155739 CX12 155574 0.005905
155739 CX12 155575 0.005905
155739 CX12 155576 0.005905
155739 CX12 155577 0.005905
155739 P2 156247 0.903600
155739 P2 155739 0.019200
155739 X0 155738 0.998703
155739 X0 155739 0.000432
155739 X0 155740 0.000432
155739 X0 155741 0.000432
155740 CX02 155581 0.967899
155740 CX02 155580 0.004586
155740 CX02 155579 0.004586
155740 CX02 155578 0.004586
155740 CX02 155577 0.004586
155740 CX02 155576 0.004586
155740 CX02 155575 0.004586
155740 CX02 155574 0.004586
155740 CX12 155580 0.958666
155740 CX12 155581 0.005905
155740 CX12 155578 0.005905
155740 CX12 155579 0.005905
155740 CX12 155577 0.005905
155740 CX12 155576 0.005905
155740 CX12 155575 0.005905
155740 CX12 155574 0.005905
155740 P2 156286 0.903600
155740 P2 155740 0.019200
155740 X0 155741 0.998703
155740 X0 155740 0.000432
155740 X0 155739 0.000432
155740 X0 155738 0.000432
155741 CX02 155576 0.967899
155741 CX02 155577 0.004586
155741 CX02 155574 0.004586
155741 CX02 155575 0.004586
155741 CX02 155580 0.004586
155741 CX02 155581 0.004586
155741 CX02 155578 0.004586
155741 CX02 155579 0.004586
155741 CX12 155576 0.958666
155741 CX12 155577 0.005905
155741 CX12 155574 0.005905
155741 CX12 155575 0.005905
155741 CX12 155581 0.005905
155741 CX12 155580 0.005905
155741 CX12 155579 0.005905
155741 CX12 155578 0.005905
155741 P2 156325 0.903600
155741 P2 155741 0.019200
155741 X0 155740 0.998703
155741 X0 155741 0.000432
155741 X0 155738 0.000432
155741 X0 155739 0.000432
156030 CX02 155600 0.967899
156030 CX02 156208 0.004586
156030 CX02 155639 0.004586
156030 CX02 156247 0.004586
156030 CX02 155717 0.004586
156030 CX02 156286 0.004586
156030 CX02 155678 0.004586
156030 CX02 156325 0.004586
156030 CX12 155600 0.958666
156030 CX12 156208 0.005905
156030 CX12 155639 0.005905
156030 CX12 156247 0.005905
156030 CX12 155717 0.005905
156030 CX12 156286 0.005905
156030 CX12 155678 0.005905
156030 CX12 156325 0.005905
156030 X0 156034 0.998703
156030 X0 156030 0.000432
156030 X0 156033 0.000432
156030 X0 156037 0.000432
156031 CX02 156208 0.967899
156031 CX02 155600 0.004586
156031 CX02 156247 0.004586
156031 CX02 155639 0.004586
156031 CX02 156286 0.004586
156031 CX02 155717 0.004586
156031 CX02 156325 0.004586
156031 CX02 155678 0.004586
156031 CX12 156208 0.958666
156031 CX12 155600 0.005905
156031 CX12 156247 0.005905
156031 CX12 155639 0.005905
156031 CX12 156286 0.005905
156031 CX12 155717 0.005905
156031 CX12 156325 0.005905
156031 CX12 155678 0.005905
156031 X0 156035 0.998703
156031 X0 156031 0.000432
156031 X0 156032 0.000432
156031 X0 156036 0.000432
156032 CX02 156325 0.967899
156032 CX02 155678 0.004586
156032 CX02 156286 0.004586
156032 CX02 155717 0.004586
156032 CX02 156247 0.004586
156032 CX02 155639 0.004586
156032 CX02 156208 0.004586
156032 CX02 155600 0.004586
156032 CX12 156325 0.958666
156032 CX12 155678 0.005905
156032 CX12 156286 0.005905
156032 CX12 155717 0.005905
156032 CX12 156247 0.005905
156032 CX12 155639 0.005905
156032 CX12 156208 0.005905
156032 CX12 155600 0.005905
156032 X0 156036 0.998703
156032 X0 156032 0.000432
156032 X0 156031 0.000432
156032 X0 156035 0.000432
156033 CX02 155678 0.967899
156033 CX02 156325 0.004586
156033 CX02 155717 0.004586
156033 CX02 156286 0.004586
156033 CX02 155639 0.004586
156033 CX02 156247 0.004586
156033 CX02 155600 0.004586
156033 CX02 156208 0.004586
156033 CX12 155678 0.958666
156033 CX12 156325 0.005905
156033 CX12 155717 0.005905
156033 CX12 156286 0.005905
156033 CX12 155639 0.005905
156033 CX12 156247 0.005905
156033 CX12 155600 0.005905
156033 CX12 156208 0.005905
156033 X0 156037 0.998703
156033 X0 156033 0.000432
156033 X0 156030 0.000432
156033 X0 156034 0.000432
156034 CX02 156247 0.967899
156034 CX02 155639 0.004586
156034 CX02 156208 0.004586
156034 CX02 155600 0.004586
156034 CX02 156325 0.004586
156034 CX02 155678 0.004586
156034 CX02 156286 0.004586
156034 CX02 155717 0.004586
156034 CX12 155639 0.958666
156034 CX12 156247 0.005905
156034 CX12 155600 0.005905
156034 CX12 156208 0.005905
156034 CX12 155678 0.005905
156034 CX12 156325 0.005905
156034 CX12 155717 0.005905
156034 CX12 156286 0.005905
156034 X0 156030 0.998703
156034 X0 156034 0.000432
156034 X0 156037 0.000432
156034 X0 156033 0.000432
156035 CX02 155639 0.967899
156035 CX02 156247 0.004586
156035 CX02 155600 0.004586
156035 CX02 156208 0.004586
156035 CX02 155678 0.004586
156035 CX02 156325 0.004586
156035 CX02 155717 0.004586
156035 CX02 156286 0.004586
156035 CX12 156247 0.958666
156035 CX12 155639 0.005905
156035 CX12 156208 0.005905
156035 CX12 155600 0.005905
156035 CX12 156325 0.005905
156035 CX12 155678 0.005905
156035 CX12 156286 0.005905
156035 CX12 155717 0.005905
156035 X0 156031 0.998703
156035 X0 156035 0.000432
156035 X0 156036 0.000432
156035 X0 156032 0.000432
156036 CX02 155717 0.967899
156036 CX02 156286 0.004586
156036 CX02 155678 0.004586
156036 CX02 156325 0.004586
156036 CX02 155600 0.004586
156036 CX02 156208 0.004586
156036 CX02 155639 0.004586
156036 CX02 156247 0.004586
156036 CX12 156286 0.958666
156036 CX12 155717 0.005905
156036 CX12 156325 0.005905
156036 CX12 155678 0.005905
156036 CX12 156208 0.005905
156036 CX12 155600 0.005905
156036 CX12 156247 0.005905
156036 CX12 155639 0.005905
156036 X0 156032 0.998703
156036 X0 156036 0.000432
156036 X0 156035 0.000432
156036 X0 156031 0.000432
156037 CX02 156286 0.967899
156037 CX02 155717 0.004586
156037 CX02 156325 0.004586
156037 CX02 155678 0.004586
156037 CX02 156208 0.004586
156037 CX02 155600 0.004586
156037 CX02 156247 0.004586
156037 CX02 155639 0.004586
156037 CX12 155717 0.958666
156037 CX12 156286 0.005905
156037 CX12 155678 0.005905
156037 CX12 156325 0.005905
156037 CX12 155600 0.005905
156037 CX12 156208 0.005905
156037 CX12 155639 0.005905
156037 CX12 156247 0.005905
156037 X0 156033 0.998703
156037 X0 156037 0.000432
156037 X0 156034 0.000432
156037 X0 156030 0.000432
156208 CX02 156031 0.967899
156208 CX02 156030 0.004586
156208 CX02 156033 0.004586
156208 CX02 156032 0.004586
156208 CX02 156035 0.004586
156208 CX02 156034 0.004586
156208 CX02 156037 0.004586
156208 CX02 156036 0.004586
156208 CX12 156031 0.958666
156208 CX12 156030 0.005905
156208 CX12 156033 0.005905
156208 CX12 156032 0.005905
156208 CX12 156034 0.005905
156208 CX12 156035 0.005905
156208 CX12 156036 0.005905
156208 CX12 156037 0.005905
156208 P2 156208 0.903600
156208 P2 155738 0.019200
156208 X0 156247 0.998703
156208 X0 156208 0.000432
156208 X0 156325 0.000432
156208 X0 156286 0.000432
156247 CX02 156034 0.967899
156247 CX02 156035 0.004586
156247 CX02 156036 0.004586
156247 CX02 156037 0.004586
156247 CX02 156030 0.004586
156247 CX02 156031 0.004586
156247 CX02 156032 0.004586
156247 CX02 156033 0.004586
156247 CX12 156035 0.958666
156247 CX12 156034 0.005905
156247 CX12 156037 0.005905
156247 CX12 156036 0.005905
156247 CX12 156030 0.005905
156247 CX12 156031 0.005905
156247 CX12 156032 0.005905
156247 CX12 156033 0.005905
156247 P2 156247 0.903600
156247 P2 155739 0.019200
156247 X0 156208 0.998703
156247 X0 156247 0.000432
156247 X0 156286 0.000432
156247 X0 156325 0.000432
156286 CX02 156037 0.967899
156286 CX02 156036 0.004586
156286 CX02 156035 0.004586
156286 CX02 156034 0.004586
156286 CX02 156033 0.004586
156286 CX02 156032 0.004586
156286 CX02 156031 0.004586
156286 CX02 156030 0.004586
156286 CX12 156036 0.958666
156286 CX12 156037 0.005905
156286 CX12 156034 0.005905
156286 CX12 156035 0.005905
156286 CX12 156033 0.005905
156286 CX12 156032 0.005905
156286 CX12 156031 0.005905
156286 CX12 156030 0.005905
156286 P2 156286 0.903600
156286 P2 155740 0.019200
156286 X0 156325 0.998703
156286 X0 156286 0.000432
156286 X0 156247 0.000432
156286 X0 156208 0.000432
156325 CX02 156032 0.967899
156325 CX02 156033 0.004586
156325 CX02 156030 0.004586
156325 CX02 156031 0.004586
156325 CX02 156036 0.004586
156325 CX02 156037 0.004586
156325 CX02 156034 0.004586
156325 CX02 156035 0.004586
156325 CX12 156032 0.958666
156325 CX12 156033 0.005905
156325 CX12 156030 0.005905
156325 CX12 156031 0.005905
156325 CX12 156037 0.005905
156325 CX12 156036 0.005905
156325 CX12 156035 0.005905
156325 CX12 156034 0.005905
156325 P2 156325 0.903600
156325 P2 155741 0.019200
156325 X0 156286 0.998703
156325 X0 156325 0.000432
156325 X0 156208 0.000432
156325 X0 156247 0.000432
ENDPOMDP
