BEGINPOMDP
INITIALSTATE: 237092
STATES: 237092,237093,237094,237095,237096,237113,237114,237115,237116,237117,237118,237119,237120,237139,237178,237217,237256,237277,237278,237279,237280,237569,237570,237571,237572,237573,237574,237575,237576,237747,237786,237825,237864
TARGETV: 237093,237095,237139,237217,237277,237280,237747,237864
GAMMA: 237092:0,237093:0,237094:0,237095:0,237096:0,237113:0,237114:0,237115:0,237116:0,237117:0,237118:0,237119:0,237120:0,237139:1,237178:1,237217:1,237256:1,237277:0,237278:0,237279:0,237280:0,237569:1,237570:1,237571:1,237572:1,237573:1,237574:1,237575:1,237576:1,237747:1,237786:1,237825:1,237864:1
BEGINACTIONS
CX02 Instruction.CNOT 0 2 -
CX12 Instruction.CNOT 1 2 -
P2 Instruction.MEAS - 2 -
X0 Instruction.X - 0 -
ENDACTIONS
237092 INIT_ 237093 0.250000
237092 INIT_ 237094 0.250000
237092 INIT_ 237095 0.250000
237092 INIT_ 237096 0.250000
237093 CX02 237113 0.946439
237093 CX02 237114 0.007652
237093 CX02 237115 0.007652
237093 CX02 237116 0.007652
237093 CX02 237117 0.007652
237093 CX02 237118 0.007652
237093 CX02 237119 0.007652
237093 CX02 237120 0.007652
237093 CX12 237113 0.961417
237093 CX12 237114 0.005512
237093 CX12 237115 0.005512
237093 CX12 237116 0.005512
237093 CX12 237118 0.005512
237093 CX12 237117 0.005512
237093 CX12 237120 0.005512
237093 CX12 237119 0.005512
237093 P2 237093 0.965400
237093 P2 237139 0.124000
237093 X0 237094 0.999424
237093 X0 237093 0.000192
237093 X0 237095 0.000192
237093 X0 237096 0.000192
237094 CX02 237118 0.946439
237094 CX02 237117 0.007652
237094 CX02 237120 0.007652
237094 CX02 237119 0.007652
237094 CX02 237114 0.007652
237094 CX02 237113 0.007652
237094 CX02 237116 0.007652
237094 CX02 237115 0.007652
237094 CX12 237117 0.961417
237094 CX12 237118 0.005512
237094 CX12 237119 0.005512
237094 CX12 237120 0.005512
237094 CX12 237114 0.005512
237094 CX12 237113 0.005512
237094 CX12 237116 0.005512
237094 CX12 237115 0.005512
237094 P2 237094 0.965400
237094 P2 237178 0.124000
237094 X0 237093 0.999424
237094 X0 237094 0.000192
237094 X0 237096 0.000192
237094 X0 237095 0.000192
237095 CX02 237116 0.946439
237095 CX02 237115 0.007652
237095 CX02 237114 0.007652
237095 CX02 237113 0.007652
237095 CX02 237120 0.007652
237095 CX02 237119 0.007652
237095 CX02 237118 0.007652
237095 CX02 237117 0.007652
237095 CX12 237116 0.961417
237095 CX12 237115 0.005512
237095 CX12 237114 0.005512
237095 CX12 237113 0.005512
237095 CX12 237119 0.005512
237095 CX12 237120 0.005512
237095 CX12 237117 0.005512
237095 CX12 237118 0.005512
237095 P2 237095 0.965400
237095 P2 237217 0.124000
237095 X0 237096 0.999424
237095 X0 237095 0.000192
237095 X0 237093 0.000192
237095 X0 237094 0.000192
237096 CX02 237119 0.946439
237096 CX02 237120 0.007652
237096 CX02 237117 0.007652
237096 CX02 237118 0.007652
237096 CX02 237115 0.007652
237096 CX02 237116 0.007652
237096 CX02 237113 0.007652
237096 CX02 237114 0.007652
237096 CX12 237120 0.961417
237096 CX12 237119 0.005512
237096 CX12 237118 0.005512
237096 CX12 237117 0.005512
237096 CX12 237115 0.005512
237096 CX12 237116 0.005512
237096 CX12 237113 0.005512
237096 CX12 237114 0.005512
237096 P2 237096 0.965400
237096 P2 237256 0.124000
237096 X0 237095 0.999424
237096 X0 237096 0.000192
237096 X0 237094 0.000192
237096 X0 237093 0.000192
237113 CX02 237093 0.946439
237113 CX02 237277 0.007652
237113 CX02 237094 0.007652
237113 CX02 237278 0.007652
237113 CX02 237096 0.007652
237113 CX02 237279 0.007652
237113 CX02 237095 0.007652
237113 CX02 237280 0.007652
237113 CX12 237093 0.961417
237113 CX12 237277 0.005512
237113 CX12 237094 0.005512
237113 CX12 237278 0.005512
237113 CX12 237096 0.005512
237113 CX12 237279 0.005512
237113 CX12 237095 0.005512
237113 CX12 237280 0.005512
237113 X0 237117 0.999424
237113 X0 237113 0.000192
237113 X0 237116 0.000192
237113 X0 237120 0.000192
237114 CX02 237277 0.946439
237114 CX02 237093 0.007652
237114 CX02 237278 0.007652
237114 CX02 237094 0.007652
237114 CX02 237279 0.007652
237114 CX02 237096 0.007652
237114 CX02 237280 0.007652
237114 CX02 237095 0.007652
237114 CX12 237277 0.961417
237114 CX12 237093 0.005512
237114 CX12 237278 0.005512
237114 CX12 237094 0.005512
237114 CX12 237279 0.005512
237114 CX12 237096 0.005512
237114 CX12 237280 0.005512
237114 CX12 237095 0.005512
237114 X0 237118 0.999424
237114 X0 237114 0.000192
237114 X0 237115 0.000192
237114 X0 237119 0.000192
237115 CX02 237280 0.946439
237115 CX02 237095 0.007652
237115 CX02 237279 0.007652
237115 CX02 237096 0.007652
237115 CX02 237278 0.007652
237115 CX02 237094 0.007652
237115 CX02 237277 0.007652
237115 CX02 237093 0.007652
237115 CX12 237280 0.961417
237115 CX12 237095 0.005512
237115 CX12 237279 0.005512
237115 CX12 237096 0.005512
237115 CX12 237278 0.005512
237115 CX12 237094 0.005512
237115 CX12 237277 0.005512
237115 CX12 237093 0.005512
237115 X0 237119 0.999424
237115 X0 237115 0.000192
237115 X0 237114 0.000192
237115 X0 237118 0.000192
237116 CX02 237095 0.946439
237116 CX02 237280 0.007652
237116 CX02 237096 0.007652
237116 CX02 237279 0.007652
237116 CX02 237094 0.007652
237116 CX02 237278 0.007652
237116 CX02 237093 0.007652
237116 CX02 237277 0.007652
237116 CX12 237095 0.961417
237116 CX12 237280 0.005512
237116 CX12 237096 0.005512
237116 CX12 237279 0.005512
237116 CX12 237094 0.005512
237116 CX12 237278 0.005512
237116 CX12 237093 0.005512
237116 CX12 237277 0.005512
237116 X0 237120 0.999424
237116 X0 237116 0.000192
237116 X0 237113 0.000192
237116 X0 237117 0.000192
237117 CX02 237278 0.946439
237117 CX02 237094 0.007652
237117 CX02 237277 0.007652
237117 CX02 237093 0.007652
237117 CX02 237280 0.007652
237117 CX02 237095 0.007652
237117 CX02 237279 0.007652
237117 CX02 237096 0.007652
237117 CX12 237094 0.961417
237117 CX12 237278 0.005512
237117 CX12 237093 0.005512
237117 CX12 237277 0.005512
237117 CX12 237095 0.005512
237117 CX12 237280 0.005512
237117 CX12 237096 0.005512
237117 CX12 237279 0.005512
237117 X0 237113 0.999424
237117 X0 237117 0.000192
237117 X0 237120 0.000192
237117 X0 237116 0.000192
237118 CX02 237094 0.946439
237118 CX02 237278 0.007652
237118 CX02 237093 0.007652
237118 CX02 237277 0.007652
237118 CX02 237095 0.007652
237118 CX02 237280 0.007652
237118 CX02 237096 0.007652
237118 CX02 237279 0.007652
237118 CX12 237278 0.961417
237118 CX12 237094 0.005512
237118 CX12 237277 0.005512
237118 CX12 237093 0.005512
237118 CX12 237280 0.005512
237118 CX12 237095 0.005512
237118 CX12 237279 0.005512
237118 CX12 237096 0.005512
237118 X0 237114 0.999424
237118 X0 237118 0.000192
237118 X0 237119 0.000192
237118 X0 237115 0.000192
237119 CX02 237096 0.946439
237119 CX02 237279 0.007652
237119 CX02 237095 0.007652
237119 CX02 237280 0.007652
237119 CX02 237093 0.007652
237119 CX02 237277 0.007652
237119 CX02 237094 0.007652
237119 CX02 237278 0.007652
237119 CX12 237279 0.961417
237119 CX12 237096 0.005512
237119 CX12 237280 0.005512
237119 CX12 237095 0.005512
237119 CX12 237277 0.005512
237119 CX12 237093 0.005512
237119 CX12 237278 0.005512
237119 CX12 237094 0.005512
237119 X0 237115 0.999424
237119 X0 237119 0.000192
237119 X0 237118 0.000192
237119 X0 237114 0.000192
237120 CX02 237279 0.946439
237120 CX02 237096 0.007652
237120 CX02 237280 0.007652
237120 CX02 237095 0.007652
237120 CX02 237277 0.007652
237120 CX02 237093 0.007652
237120 CX02 237278 0.007652
237120 CX02 237094 0.007652
237120 CX12 237096 0.961417
237120 CX12 237279 0.005512
237120 CX12 237095 0.005512
237120 CX12 237280 0.005512
237120 CX12 237093 0.005512
237120 CX12 237277 0.005512
237120 CX12 237094 0.005512
237120 CX12 237278 0.005512
237120 X0 237116 0.999424
237120 X0 237120 0.000192
237120 X0 237117 0.000192
237120 X0 237113 0.000192
237139 CX02 237569 0.946439
237139 CX02 237570 0.007652
237139 CX02 237571 0.007652
237139 CX02 237572 0.007652
237139 CX02 237573 0.007652
237139 CX02 237574 0.007652
237139 CX02 237575 0.007652
237139 CX02 237576 0.007652
237139 CX12 237569 0.961417
237139 CX12 237570 0.005512
237139 CX12 237571 0.005512
237139 CX12 237572 0.005512
237139 CX12 237574 0.005512
237139 CX12 237573 0.005512
237139 CX12 237576 0.005512
237139 CX12 237575 0.005512
237139 P2 237093 0.965400
237139 P2 237139 0.124000
237139 X0 237178 0.999424
237139 X0 237139 0.000192
237139 X0 237217 0.000192
237139 X0 237256 0.000192
237178 CX02 237574 0.946439
237178 CX02 237573 0.007652
237178 CX02 237576 0.007652
237178 CX02 237575 0.007652
237178 CX02 237570 0.007652
237178 CX02 237569 0.007652
237178 CX02 237572 0.007652
237178 CX02 237571 0.007652
237178 CX12 237573 0.961417
237178 CX12 237574 0.005512
237178 CX12 237575 0.005512
237178 CX12 237576 0.005512
237178 CX12 237570 0.005512
237178 CX12 237569 0.005512
237178 CX12 237572 0.005512
237178 CX12 237571 0.005512
237178 P2 237094 0.965400
237178 P2 237178 0.124000
237178 X0 237139 0.999424
237178 X0 237178 0.000192
237178 X0 237256 0.000192
237178 X0 237217 0.000192
237217 CX02 237572 0.946439
237217 CX02 237571 0.007652
237217 CX02 237570 0.007652
237217 CX02 237569 0.007652
237217 CX02 237576 0.007652
237217 CX02 237575 0.007652
237217 CX02 237574 0.007652
237217 CX02 237573 0.007652
237217 CX12 237572 0.961417
237217 CX12 237571 0.005512
237217 CX12 237570 0.005512
237217 CX12 237569 0.005512
237217 CX12 237575 0.005512
237217 CX12 237576 0.005512
237217 CX12 237573 0.005512
237217 CX12 237574 0.005512
237217 P2 237095 0.965400
237217 P2 237217 0.124000
237217 X0 237256 0.999424
237217 X0 237217 0.000192
237217 X0 237139 0.000192
237217 X0 237178 0.000192
237256 CX02 237575 0.946439
237256 CX02 237576 0.007652
237256 CX02 237573 0.007652
237256 CX02 237574 0.007652
237256 CX02 237571 0.007652
237256 CX02 237572 0.007652
237256 CX02 237569 0.007652
237256 CX02 237570 0.007652
237256 CX12 237576 0.961417
237256 CX12 237575 0.005512
237256 CX12 237574 0.005512
237256 CX12 237573 0.005512
237256 CX12 237571 0.005512
237256 CX12 237572 0.005512
237256 CX12 237569 0.005512
237256 CX12 237570 0.005512
237256 P2 237096 0.965400
237256 P2 237256 0.124000
237256 X0 237217 0.999424
237256 X0 237256 0.000192
237256 X0 237178 0.000192
237256 X0 237139 0.000192
237277 CX02 237114 0.946439
237277 CX02 237113 0.007652
237277 CX02 237116 0.007652
237277 CX02 237115 0.007652
237277 CX02 237118 0.007652
237277 CX02 237117 0.007652
237277 CX02 237120 0.007652
237277 CX02 237119 0.007652
237277 CX12 237114 0.961417
237277 CX12 237113 0.005512
237277 CX12 237116 0.005512
237277 CX12 237115 0.005512
237277 CX12 237117 0.005512
237277 CX12 237118 0.005512
237277 CX12 237119 0.005512
237277 CX12 237120 0.005512
237277 P2 237747 0.876000
237277 P2 237277 0.034600
237277 X0 237278 0.999424
237277 X0 237277 0.000192
237277 X0 237280 0.000192
237277 X0 237279 0.000192
237278 CX02 237117 0.946439
237278 CX02 237118 0.007652
237278 CX02 237119 0.007652
237278 CX02 237120 0.007652
237278 CX02 237113 0.007652
237278 CX02 237114 0.007652
237278 CX02 237115 0.007652
237278 CX02 237116 0.007652
237278 CX12 237118 0.961417
237278 CX12 237117 0.005512
237278 CX12 237120 0.005512
237278 CX12 237119 0.005512
237278 CX12 237113 0.005512
237278 CX12 237114 0.005512
237278 CX12 237115 0.005512
237278 CX12 237116 0.005512
237278 P2 237786 0.876000
237278 P2 237278 0.034600
237278 X0 237277 0.999424
237278 X0 237278 0.000192
237278 X0 237279 0.000192
237278 X0 237280 0.000192
237279 CX02 237120 0.946439
237279 CX02 237119 0.007652
237279 CX02 237118 0.007652
237279 CX02 237117 0.007652
237279 CX02 237116 0.007652
237279 CX02 237115 0.007652
237279 CX02 237114 0.007652
237279 CX02 237113 0.007652
237279 CX12 237119 0.961417
237279 CX12 237120 0.005512
237279 CX12 237117 0.005512
237279 CX12 237118 0.005512
237279 CX12 237116 0.005512
237279 CX12 237115 0.005512
237279 CX12 237114 0.005512
237279 CX12 237113 0.005512
237279 P2 237825 0.876000
237279 P2 237279 0.034600
237279 X0 237280 0.999424
237279 X0 237279 0.000192
237279 X0 237278 0.000192
237279 X0 237277 0.000192
237280 CX02 237115 0.946439
237280 CX02 237116 0.007652
237280 CX02 237113 0.007652
237280 CX02 237114 0.007652
237280 CX02 237119 0.007652
237280 CX02 237120 0.007652
237280 CX02 237117 0.007652
237280 CX02 237118 0.007652
237280 CX12 237115 0.961417
237280 CX12 237116 0.005512
237280 CX12 237113 0.005512
237280 CX12 237114 0.005512
237280 CX12 237120 0.005512
237280 CX12 237119 0.005512
237280 CX12 237118 0.005512
237280 CX12 237117 0.005512
237280 P2 237864 0.876000
237280 P2 237280 0.034600
237280 X0 237279 0.999424
237280 X0 237280 0.000192
237280 X0 237277 0.000192
237280 X0 237278 0.000192
237569 CX02 237139 0.946439
237569 CX02 237747 0.007652
237569 CX02 237178 0.007652
237569 CX02 237786 0.007652
237569 CX02 237256 0.007652
237569 CX02 237825 0.007652
237569 CX02 237217 0.007652
237569 CX02 237864 0.007652
237569 CX12 237139 0.961417
237569 CX12 237747 0.005512
237569 CX12 237178 0.005512
237569 CX12 237786 0.005512
237569 CX12 237256 0.005512
237569 CX12 237825 0.005512
237569 CX12 237217 0.005512
237569 CX12 237864 0.005512
237569 X0 237573 0.999424
237569 X0 237569 0.000192
237569 X0 237572 0.000192
237569 X0 237576 0.000192
237570 CX02 237747 0.946439
237570 CX02 237139 0.007652
237570 CX02 237786 0.007652
237570 CX02 237178 0.007652
237570 CX02 237825 0.007652
237570 CX02 237256 0.007652
237570 CX02 237864 0.007652
237570 CX02 237217 0.007652
237570 CX12 237747 0.961417
237570 CX12 237139 0.005512
237570 CX12 237786 0.005512
237570 CX12 237178 0.005512
237570 CX12 237825 0.005512
237570 CX12 237256 0.005512
237570 CX12 237864 0.005512
237570 CX12 237217 0.005512
237570 X0 237574 0.999424
237570 X0 237570 0.000192
237570 X0 237571 0.000192
237570 X0 237575 0.000192
237571 CX02 237864 0.946439
237571 CX02 237217 0.007652
237571 CX02 237825 0.007652
237571 CX02 237256 0.007652
237571 CX02 237786 0.007652
237571 CX02 237178 0.007652
237571 CX02 237747 0.007652
237571 CX02 237139 0.007652
237571 CX12 237864 0.961417
237571 CX12 237217 0.005512
237571 CX12 237825 0.005512
237571 CX12 237256 0.005512
237571 CX12 237786 0.005512
237571 CX12 237178 0.005512
237571 CX12 237747 0.005512
237571 CX12 237139 0.005512
237571 X0 237575 0.999424
237571 X0 237571 0.000192
237571 X0 237570 0.000192
237571 X0 237574 0.000192
237572 CX02 237217 0.946439
237572 CX02 237864 0.007652
237572 CX02 237256 0.007652
237572 CX02 237825 0.007652
237572 CX02 237178 0.007652
237572 CX02 237786 0.007652
237572 CX02 237139 0.007652
237572 CX02 237747 0.007652
237572 CX12 237217 0.961417
237572 CX12 237864 0.005512
237572 CX12 237256 0.005512
237572 CX12 237825 0.005512
237572 CX12 237178 0.005512
237572 CX12 237786 0.005512
237572 CX12 237139 0.005512
237572 CX12 237747 0.005512
237572 X0 237576 0.999424
237572 X0 237572 0.000192
237572 X0 237569 0.000192
237572 X0 237573 0.000192
237573 CX02 237786 0.946439
237573 CX02 237178 0.007652
237573 CX02 237747 0.007652
237573 CX02 237139 0.007652
237573 CX02 237864 0.007652
237573 CX02 237217 0.007652
237573 CX02 237825 0.007652
237573 CX02 237256 0.007652
237573 CX12 237178 0.961417
237573 CX12 237786 0.005512
237573 CX12 237139 0.005512
237573 CX12 237747 0.005512
237573 CX12 237217 0.005512
237573 CX12 237864 0.005512
237573 CX12 237256 0.005512
237573 CX12 237825 0.005512
237573 X0 237569 0.999424
237573 X0 237573 0.000192
237573 X0 237576 0.000192
237573 X0 237572 0.000192
237574 CX02 237178 0.946439
237574 CX02 237786 0.007652
237574 CX02 237139 0.007652
237574 CX02 237747 0.007652
237574 CX02 237217 0.007652
237574 CX02 237864 0.007652
237574 CX02 237256 0.007652
237574 CX02 237825 0.007652
237574 CX12 237786 0.961417
237574 CX12 237178 0.005512
237574 CX12 237747 0.005512
237574 CX12 237139 0.005512
237574 CX12 237864 0.005512
237574 CX12 237217 0.005512
237574 CX12 237825 0.005512
237574 CX12 237256 0.005512
237574 X0 237570 0.999424
237574 X0 237574 0.000192
237574 X0 237575 0.000192
237574 X0 237571 0.000192
237575 CX02 237256 0.946439
237575 CX02 237825 0.007652
237575 CX02 237217 0.007652
237575 CX02 237864 0.007652
237575 CX02 237139 0.007652
237575 CX02 237747 0.007652
237575 CX02 237178 0.007652
237575 CX02 237786 0.007652
237575 CX12 237825 0.961417
237575 CX12 237256 0.005512
237575 CX12 237864 0.005512
237575 CX12 237217 0.005512
237575 CX12 237747 0.005512
237575 CX12 237139 0.005512
237575 CX12 237786 0.005512
237575 CX12 237178 0.005512
237575 X0 237571 0.999424
237575 X0 237575 0.000192
237575 X0 237574 0.000192
237575 X0 237570 0.000192
237576 CX02 237825 0.946439
237576 CX02 237256 0.007652
237576 CX02 237864 0.007652
237576 CX02 237217 0.007652
237576 CX02 237747 0.007652
237576 CX02 237139 0.007652
237576 CX02 237786 0.007652
237576 CX02 237178 0.007652
237576 CX12 237256 0.961417
237576 CX12 237825 0.005512
237576 CX12 237217 0.005512
237576 CX12 237864 0.005512
237576 CX12 237139 0.005512
237576 CX12 237747 0.005512
237576 CX12 237178 0.005512
237576 CX12 237786 0.005512
237576 X0 237572 0.999424
237576 X0 237576 0.000192
237576 X0 237573 0.000192
237576 X0 237569 0.000192
237747 CX02 237570 0.946439
237747 CX02 237569 0.007652
237747 CX02 237572 0.007652
237747 CX02 237571 0.007652
237747 CX02 237574 0.007652
237747 CX02 237573 0.007652
237747 CX02 237576 0.007652
237747 CX02 237575 0.007652
237747 CX12 237570 0.961417
237747 CX12 237569 0.005512
237747 CX12 237572 0.005512
237747 CX12 237571 0.005512
237747 CX12 237573 0.005512
237747 CX12 237574 0.005512
237747 CX12 237575 0.005512
237747 CX12 237576 0.005512
237747 P2 237747 0.876000
237747 P2 237277 0.034600
237747 X0 237786 0.999424
237747 X0 237747 0.000192
237747 X0 237864 0.000192
237747 X0 237825 0.000192
237786 CX02 237573 0.946439
237786 CX02 237574 0.007652
237786 CX02 237575 0.007652
237786 CX02 237576 0.007652
237786 CX02 237569 0.007652
237786 CX02 237570 0.007652
237786 CX02 237571 0.007652
237786 CX02 237572 0.007652
237786 CX12 237574 0.961417
237786 CX12 237573 0.005512
237786 CX12 237576 0.005512
237786 CX12 237575 0.005512
237786 CX12 237569 0.005512
237786 CX12 237570 0.005512
237786 CX12 237571 0.005512
237786 CX12 237572 0.005512
237786 P2 237786 0.876000
237786 P2 237278 0.034600
237786 X0 237747 0.999424
237786 X0 237786 0.000192
237786 X0 237825 0.000192
237786 X0 237864 0.000192
237825 CX02 237576 0.946439
237825 CX02 237575 0.007652
237825 CX02 237574 0.007652
237825 CX02 237573 0.007652
237825 CX02 237572 0.007652
237825 CX02 237571 0.007652
237825 CX02 237570 0.007652
237825 CX02 237569 0.007652
237825 CX12 237575 0.961417
237825 CX12 237576 0.005512
237825 CX12 237573 0.005512
237825 CX12 237574 0.005512
237825 CX12 237572 0.005512
237825 CX12 237571 0.005512
237825 CX12 237570 0.005512
237825 CX12 237569 0.005512
237825 P2 237825 0.876000
237825 P2 237279 0.034600
237825 X0 237864 0.999424
237825 X0 237825 0.000192
237825 X0 237786 0.000192
237825 X0 237747 0.000192
237864 CX02 237571 0.946439
237864 CX02 237572 0.007652
237864 CX02 237569 0.007652
237864 CX02 237570 0.007652
237864 CX02 237575 0.007652
237864 CX02 237576 0.007652
237864 CX02 237573 0.007652
237864 CX02 237574 0.007652
237864 CX12 237571 0.961417
237864 CX12 237572 0.005512
237864 CX12 237569 0.005512
237864 CX12 237570 0.005512
237864 CX12 237576 0.005512
237864 CX12 237575 0.005512
237864 CX12 237574 0.005512
237864 CX12 237573 0.005512
237864 P2 237864 0.876000
237864 P2 237280 0.034600
237864 X0 237825 0.999424
237864 X0 237864 0.000192
237864 X0 237747 0.000192
237864 X0 237786 0.000192
ENDPOMDP
