BEGINPOMDP
INITIALSTATE: 48681
STATES: 48681,48682,48683,48684,48685,48702,48703,48704,48705,48706,48707,48708,48709,48728,48767,48806,48845,48866,48867,48868,48869,49158,49159,49160,49161,49162,49163,49164,49165,49336,49375,49414,49453
TARGETV: 48682,48684,48728,48806,48866,48869,49336,49453
GAMMA: 48681:0,48682:0,48683:0,48684:0,48685:0,48702:0,48703:0,48704:0,48705:0,48706:0,48707:0,48708:0,48709:0,48728:1,48767:1,48806:1,48845:1,48866:0,48867:0,48868:0,48869:0,49158:1,49159:1,49160:1,49161:1,49162:1,49163:1,49164:1,49165:1,49336:1,49375:1,49414:1,49453:1
BEGINACTIONS
CX02 Instruction.CNOT 0 2 -
CX12 Instruction.CNOT 1 2 -
P2 Instruction.MEAS - 2 -
X0 Instruction.X - 0 -
ENDACTIONS
48681 INIT_ 48682 0.250000
48681 INIT_ 48683 0.250000
48681 INIT_ 48684 0.250000
48681 INIT_ 48685 0.250000
48682 CX02 48702 0.983618
48682 CX02 48703 0.002340
48682 CX02 48704 0.002340
48682 CX02 48705 0.002340
48682 CX02 48706 0.002340
48682 CX02 48707 0.002340
48682 CX02 48708 0.002340
48682 CX02 48709 0.002340
48682 CX12 48702 0.993929
48682 CX12 48703 0.000867
48682 CX12 48704 0.000867
48682 CX12 48705 0.000867
48682 CX12 48707 0.000867
48682 CX12 48706 0.000867
48682 CX12 48709 0.000867
48682 CX12 48708 0.000867
48682 P2 48682 0.994400
48682 P2 48728 0.024600
48682 X0 48683 0.999342
48682 X0 48682 0.000219
48682 X0 48684 0.000219
48682 X0 48685 0.000219
48683 CX02 48707 0.983618
48683 CX02 48706 0.002340
48683 CX02 48709 0.002340
48683 CX02 48708 0.002340
48683 CX02 48703 0.002340
48683 CX02 48702 0.002340
48683 CX02 48705 0.002340
48683 CX02 48704 0.002340
48683 CX12 48706 0.993929
48683 CX12 48707 0.000867
48683 CX12 48708 0.000867
48683 CX12 48709 0.000867
48683 CX12 48703 0.000867
48683 CX12 48702 0.000867
48683 CX12 48705 0.000867
48683 CX12 48704 0.000867
48683 P2 48683 0.994400
48683 P2 48767 0.024600
48683 X0 48682 0.999342
48683 X0 48683 0.000219
48683 X0 48685 0.000219
48683 X0 48684 0.000219
48684 CX02 48705 0.983618
48684 CX02 48704 0.002340
48684 CX02 48703 0.002340
48684 CX02 48702 0.002340
48684 CX02 48709 0.002340
48684 CX02 48708 0.002340
48684 CX02 48707 0.002340
48684 CX02 48706 0.002340
48684 CX12 48705 0.993929
48684 CX12 48704 0.000867
48684 CX12 48703 0.000867
48684 CX12 48702 0.000867
48684 CX12 48708 0.000867
48684 CX12 48709 0.000867
48684 CX12 48706 0.000867
48684 CX12 48707 0.000867
48684 P2 48684 0.994400
48684 P2 48806 0.024600
48684 X0 48685 0.999342
48684 X0 48684 0.000219
48684 X0 48682 0.000219
48684 X0 48683 0.000219
48685 CX02 48708 0.983618
48685 CX02 48709 0.002340
48685 CX02 48706 0.002340
48685 CX02 48707 0.002340
48685 CX02 48704 0.002340
48685 CX02 48705 0.002340
48685 CX02 48702 0.002340
48685 CX02 48703 0.002340
48685 CX12 48709 0.993929
48685 CX12 48708 0.000867
48685 CX12 48707 0.000867
48685 CX12 48706 0.000867
48685 CX12 48704 0.000867
48685 CX12 48705 0.000867
48685 CX12 48702 0.000867
48685 CX12 48703 0.000867
48685 P2 48685 0.994400
48685 P2 48845 0.024600
48685 X0 48684 0.999342
48685 X0 48685 0.000219
48685 X0 48683 0.000219
48685 X0 48682 0.000219
48702 CX02 48682 0.983618
48702 CX02 48866 0.002340
48702 CX02 48683 0.002340
48702 CX02 48867 0.002340
48702 CX02 48685 0.002340
48702 CX02 48868 0.002340
48702 CX02 48684 0.002340
48702 CX02 48869 0.002340
48702 CX12 48682 0.993929
48702 CX12 48866 0.000867
48702 CX12 48683 0.000867
48702 CX12 48867 0.000867
48702 CX12 48685 0.000867
48702 CX12 48868 0.000867
48702 CX12 48684 0.000867
48702 CX12 48869 0.000867
48702 X0 48706 0.999342
48702 X0 48702 0.000219
48702 X0 48705 0.000219
48702 X0 48709 0.000219
48703 CX02 48866 0.983618
48703 CX02 48682 0.002340
48703 CX02 48867 0.002340
48703 CX02 48683 0.002340
48703 CX02 48868 0.002340
48703 CX02 48685 0.002340
48703 CX02 48869 0.002340
48703 CX02 48684 0.002340
48703 CX12 48866 0.993929
48703 CX12 48682 0.000867
48703 CX12 48867 0.000867
48703 CX12 48683 0.000867
48703 CX12 48868 0.000867
48703 CX12 48685 0.000867
48703 CX12 48869 0.000867
48703 CX12 48684 0.000867
48703 X0 48707 0.999342
48703 X0 48703 0.000219
48703 X0 48704 0.000219
48703 X0 48708 0.000219
48704 CX02 48869 0.983618
48704 CX02 48684 0.002340
48704 CX02 48868 0.002340
48704 CX02 48685 0.002340
48704 CX02 48867 0.002340
48704 CX02 48683 0.002340
48704 CX02 48866 0.002340
48704 CX02 48682 0.002340
48704 CX12 48869 0.993929
48704 CX12 48684 0.000867
48704 CX12 48868 0.000867
48704 CX12 48685 0.000867
48704 CX12 48867 0.000867
48704 CX12 48683 0.000867
48704 CX12 48866 0.000867
48704 CX12 48682 0.000867
48704 X0 48708 0.999342
48704 X0 48704 0.000219
48704 X0 48703 0.000219
48704 X0 48707 0.000219
48705 CX02 48684 0.983618
48705 CX02 48869 0.002340
48705 CX02 48685 0.002340
48705 CX02 48868 0.002340
48705 CX02 48683 0.002340
48705 CX02 48867 0.002340
48705 CX02 48682 0.002340
48705 CX02 48866 0.002340
48705 CX12 48684 0.993929
48705 CX12 48869 0.000867
48705 CX12 48685 0.000867
48705 CX12 48868 0.000867
48705 CX12 48683 0.000867
48705 CX12 48867 0.000867
48705 CX12 48682 0.000867
48705 CX12 48866 0.000867
48705 X0 48709 0.999342
48705 X0 48705 0.000219
48705 X0 48702 0.000219
48705 X0 48706 0.000219
48706 CX02 48867 0.983618
48706 CX02 48683 0.002340
48706 CX02 48866 0.002340
48706 CX02 48682 0.002340
48706 CX02 48869 0.002340
48706 CX02 48684 0.002340
48706 CX02 48868 0.002340
48706 CX02 48685 0.002340
48706 CX12 48683 0.993929
48706 CX12 48867 0.000867
48706 CX12 48682 0.000867
48706 CX12 48866 0.000867
48706 CX12 48684 0.000867
48706 CX12 48869 0.000867
48706 CX12 48685 0.000867
48706 CX12 48868 0.000867
48706 X0 48702 0.999342
48706 X0 48706 0.000219
48706 X0 48709 0.000219
48706 X0 48705 0.000219
48707 CX02 48683 0.983618
48707 CX02 48867 0.002340
48707 CX02 48682 0.002340
48707 CX02 48866 0.002340
48707 CX02 48684 0.002340
48707 CX02 48869 0.002340
48707 CX02 48685 0.002340
48707 CX02 48868 0.002340
48707 CX12 48867 0.993929
48707 CX12 48683 0.000867
48707 CX12 48866 0.000867
48707 CX12 48682 0.000867
48707 CX12 48869 0.000867
48707 CX12 48684 0.000867
48707 CX12 48868 0.000867
48707 CX12 48685 0.000867
48707 X0 48703 0.999342
48707 X0 48707 0.000219
48707 X0 48708 0.000219
48707 X0 48704 0.000219
48708 CX02 48685 0.983618
48708 CX02 48868 0.002340
48708 CX02 48684 0.002340
48708 CX02 48869 0.002340
48708 CX02 48682 0.002340
48708 CX02 48866 0.002340
48708 CX02 48683 0.002340
48708 CX02 48867 0.002340
48708 CX12 48868 0.993929
48708 CX12 48685 0.000867
48708 CX12 48869 0.000867
48708 CX12 48684 0.000867
48708 CX12 48866 0.000867
48708 CX12 48682 0.000867
48708 CX12 48867 0.000867
48708 CX12 48683 0.000867
48708 X0 48704 0.999342
48708 X0 48708 0.000219
48708 X0 48707 0.000219
48708 X0 48703 0.000219
48709 CX02 48868 0.983618
48709 CX02 48685 0.002340
48709 CX02 48869 0.002340
48709 CX02 48684 0.002340
48709 CX02 48866 0.002340
48709 CX02 48682 0.002340
48709 CX02 48867 0.002340
48709 CX02 48683 0.002340
48709 CX12 48685 0.993929
48709 CX12 48868 0.000867
48709 CX12 48684 0.000867
48709 CX12 48869 0.000867
48709 CX12 48682 0.000867
48709 CX12 48866 0.000867
48709 CX12 48683 0.000867
48709 CX12 48867 0.000867
48709 X0 48705 0.999342
48709 X0 48709 0.000219
48709 X0 48706 0.000219
48709 X0 48702 0.000219
48728 CX02 49158 0.983618
48728 CX02 49159 0.002340
48728 CX02 49160 0.002340
48728 CX02 49161 0.002340
48728 CX02 49162 0.002340
48728 CX02 49163 0.002340
48728 CX02 49164 0.002340
48728 CX02 49165 0.002340
48728 CX12 49158 0.993929
48728 CX12 49159 0.000867
48728 CX12 49160 0.000867
48728 CX12 49161 0.000867
48728 CX12 49163 0.000867
48728 CX12 49162 0.000867
48728 CX12 49165 0.000867
48728 CX12 49164 0.000867
48728 P2 48682 0.994400
48728 P2 48728 0.024600
48728 X0 48767 0.999342
48728 X0 48728 0.000219
48728 X0 48806 0.000219
48728 X0 48845 0.000219
48767 CX02 49163 0.983618
48767 CX02 49162 0.002340
48767 CX02 49165 0.002340
48767 CX02 49164 0.002340
48767 CX02 49159 0.002340
48767 CX02 49158 0.002340
48767 CX02 49161 0.002340
48767 CX02 49160 0.002340
48767 CX12 49162 0.993929
48767 CX12 49163 0.000867
48767 CX12 49164 0.000867
48767 CX12 49165 0.000867
48767 CX12 49159 0.000867
48767 CX12 49158 0.000867
48767 CX12 49161 0.000867
48767 CX12 49160 0.000867
48767 P2 48683 0.994400
48767 P2 48767 0.024600
48767 X0 48728 0.999342
48767 X0 48767 0.000219
48767 X0 48845 0.000219
48767 X0 48806 0.000219
48806 CX02 49161 0.983618
48806 CX02 49160 0.002340
48806 CX02 49159 0.002340
48806 CX02 49158 0.002340
48806 CX02 49165 0.002340
48806 CX02 49164 0.002340
48806 CX02 49163 0.002340
48806 CX02 49162 0.002340
48806 CX12 49161 0.993929
48806 CX12 49160 0.000867
48806 CX12 49159 0.000867
48806 CX12 49158 0.000867
48806 CX12 49164 0.000867
48806 CX12 49165 0.000867
48806 CX12 49162 0.000867
48806 CX12 49163 0.000867
48806 P2 48684 0.994400
48806 P2 48806 0.024600
48806 X0 48845 0.999342
48806 X0 48806 0.000219
48806 X0 48728 0.000219
48806 X0 48767 0.000219
48845 CX02 49164 0.983618
48845 CX02 49165 0.002340
48845 CX02 49162 0.002340
48845 CX02 49163 0.002340
48845 CX02 49160 0.002340
48845 CX02 49161 0.002340
48845 CX02 49158 0.002340
48845 CX02 49159 0.002340
48845 CX12 49165 0.993929
48845 CX12 49164 0.000867
48845 CX12 49163 0.000867
48845 CX12 49162 0.000867
48845 CX12 49160 0.000867
48845 CX12 49161 0.000867
48845 CX12 49158 0.000867
48845 CX12 49159 0.000867
48845 P2 48685 0.994400
48845 P2 48845 0.024600
48845 X0 48806 0.999342
48845 X0 48845 0.000219
48845 X0 48767 0.000219
48845 X0 48728 0.000219
48866 CX02 48703 0.983618
48866 CX02 48702 0.002340
48866 CX02 48705 0.002340
48866 CX02 48704 0.002340
48866 CX02 48707 0.002340
48866 CX02 48706 0.002340
48866 CX02 48709 0.002340
48866 CX02 48708 0.002340
48866 CX12 48703 0.993929
48866 CX12 48702 0.000867
48866 CX12 48705 0.000867
48866 CX12 48704 0.000867
48866 CX12 48706 0.000867
48866 CX12 48707 0.000867
48866 CX12 48708 0.000867
48866 CX12 48709 0.000867
48866 P2 49336 0.975400
48866 P2 48866 0.005600
48866 X0 48867 0.999342
48866 X0 48866 0.000219
48866 X0 48869 0.000219
48866 X0 48868 0.000219
48867 CX02 48706 0.983618
48867 CX02 48707 0.002340
48867 CX02 48708 0.002340
48867 CX02 48709 0.002340
48867 CX02 48702 0.002340
48867 CX02 48703 0.002340
48867 CX02 48704 0.002340
48867 CX02 48705 0.002340
48867 CX12 48707 0.993929
48867 CX12 48706 0.000867
48867 CX12 48709 0.000867
48867 CX12 48708 0.000867
48867 CX12 48702 0.000867
48867 CX12 48703 0.000867
48867 CX12 48704 0.000867
48867 CX12 48705 0.000867
48867 P2 49375 0.975400
48867 P2 48867 0.005600
48867 X0 48866 0.999342
48867 X0 48867 0.000219
48867 X0 48868 0.000219
48867 X0 48869 0.000219
48868 CX02 48709 0.983618
48868 CX02 48708 0.002340
48868 CX02 48707 0.002340
48868 CX02 48706 0.002340
48868 CX02 48705 0.002340
48868 CX02 48704 0.002340
48868 CX02 48703 0.002340
48868 CX02 48702 0.002340
48868 CX12 48708 0.993929
48868 CX12 48709 0.000867
48868 CX12 48706 0.000867
48868 CX12 48707 0.000867
48868 CX12 48705 0.000867
48868 CX12 48704 0.000867
48868 CX12 48703 0.000867
48868 CX12 48702 0.000867
48868 P2 49414 0.975400
48868 P2 48868 0.005600
48868 X0 48869 0.999342
48868 X0 48868 0.000219
48868 X0 48867 0.000219
48868 X0 48866 0.000219
48869 CX02 48704 0.983618
48869 CX02 48705 0.002340
48869 CX02 48702 0.002340
48869 CX02 48703 0.002340
48869 CX02 48708 0.002340
48869 CX02 48709 0.002340
48869 CX02 48706 0.002340
48869 CX02 48707 0.002340
48869 CX12 48704 0.993929
48869 CX12 48705 0.000867
48869 CX12 48702 0.000867
48869 CX12 48703 0.000867
48869 CX12 48709 0.000867
48869 CX12 48708 0.000867
48869 CX12 48707 0.000867
48869 CX12 48706 0.000867
48869 P2 49453 0.975400
48869 P2 48869 0.005600
48869 X0 48868 0.999342
48869 X0 48869 0.000219
48869 X0 48866 0.000219
48869 X0 48867 0.000219
49158 CX02 48728 0.983618
49158 CX02 49336 0.002340
49158 CX02 48767 0.002340
49158 CX02 49375 0.002340
49158 CX02 48845 0.002340
49158 CX02 49414 0.002340
49158 CX02 48806 0.002340
49158 CX02 49453 0.002340
49158 CX12 48728 0.993929
49158 CX12 49336 0.000867
49158 CX12 48767 0.000867
49158 CX12 49375 0.000867
49158 CX12 48845 0.000867
49158 CX12 49414 0.000867
49158 CX12 48806 0.000867
49158 CX12 49453 0.000867
49158 X0 49162 0.999342
49158 X0 49158 0.000219
49158 X0 49161 0.000219
49158 X0 49165 0.000219
49159 CX02 49336 0.983618
49159 CX02 48728 0.002340
49159 CX02 49375 0.002340
49159 CX02 48767 0.002340
49159 CX02 49414 0.002340
49159 CX02 48845 0.002340
49159 CX02 49453 0.002340
49159 CX02 48806 0.002340
49159 CX12 49336 0.993929
49159 CX12 48728 0.000867
49159 CX12 49375 0.000867
49159 CX12 48767 0.000867
49159 CX12 49414 0.000867
49159 CX12 48845 0.000867
49159 CX12 49453 0.000867
49159 CX12 48806 0.000867
49159 X0 49163 0.999342
49159 X0 49159 0.000219
49159 X0 49160 0.000219
49159 X0 49164 0.000219
49160 CX02 49453 0.983618
49160 CX02 48806 0.002340
49160 CX02 49414 0.002340
49160 CX02 48845 0.002340
49160 CX02 49375 0.002340
49160 CX02 48767 0.002340
49160 CX02 49336 0.002340
49160 CX02 48728 0.002340
49160 CX12 49453 0.993929
49160 CX12 48806 0.000867
49160 CX12 49414 0.000867
49160 CX12 48845 0.000867
49160 CX12 49375 0.000867
49160 CX12 48767 0.000867
49160 CX12 49336 0.000867
49160 CX12 48728 0.000867
49160 X0 49164 0.999342
49160 X0 49160 0.000219
49160 X0 49159 0.000219
49160 X0 49163 0.000219
49161 CX02 48806 0.983618
49161 CX02 49453 0.002340
49161 CX02 48845 0.002340
49161 CX02 49414 0.002340
49161 CX02 48767 0.002340
49161 CX02 49375 0.002340
49161 CX02 48728 0.002340
49161 CX02 49336 0.002340
49161 CX12 48806 0.993929
49161 CX12 49453 0.000867
49161 CX12 48845 0.000867
49161 CX12 49414 0.000867
49161 CX12 48767 0.000867
49161 CX12 49375 0.000867
49161 CX12 48728 0.000867
49161 CX12 49336 0.000867
49161 X0 49165 0.999342
49161 X0 49161 0.000219
49161 X0 49158 0.000219
49161 X0 49162 0.000219
49162 CX02 49375 0.983618
49162 CX02 48767 0.002340
49162 CX02 49336 0.002340
49162 CX02 48728 0.002340
49162 CX02 49453 0.002340
49162 CX02 48806 0.002340
49162 CX02 49414 0.002340
49162 CX02 48845 0.002340
49162 CX12 48767 0.993929
49162 CX12 49375 0.000867
49162 CX12 48728 0.000867
49162 CX12 49336 0.000867
49162 CX12 48806 0.000867
49162 CX12 49453 0.000867
49162 CX12 48845 0.000867
49162 CX12 49414 0.000867
49162 X0 49158 0.999342
49162 X0 49162 0.000219
49162 X0 49165 0.000219
49162 X0 49161 0.000219
49163 CX02 48767 0.983618
49163 CX02 49375 0.002340
49163 CX02 48728 0.002340
49163 CX02 49336 0.002340
49163 CX02 48806 0.002340
49163 CX02 49453 0.002340
49163 CX02 48845 0.002340
49163 CX02 49414 0.002340
49163 CX12 49375 0.993929
49163 CX12 48767 0.000867
49163 CX12 49336 0.000867
49163 CX12 48728 0.000867
49163 CX12 49453 0.000867
49163 CX12 48806 0.000867
49163 CX12 49414 0.000867
49163 CX12 48845 0.000867
49163 X0 49159 0.999342
49163 X0 49163 0.000219
49163 X0 49164 0.000219
49163 X0 49160 0.000219
49164 CX02 48845 0.983618
49164 CX02 49414 0.002340
49164 CX02 48806 0.002340
49164 CX02 49453 0.002340
49164 CX02 48728 0.002340
49164 CX02 49336 0.002340
49164 CX02 48767 0.002340
49164 CX02 49375 0.002340
49164 CX12 49414 0.993929
49164 CX12 48845 0.000867
49164 CX12 49453 0.000867
49164 CX12 48806 0.000867
49164 CX12 49336 0.000867
49164 CX12 48728 0.000867
49164 CX12 49375 0.000867
49164 CX12 48767 0.000867
49164 X0 49160 0.999342
49164 X0 49164 0.000219
49164 X0 49163 0.000219
49164 X0 49159 0.000219
49165 CX02 49414 0.983618
49165 CX02 48845 0.002340
49165 CX02 49453 0.002340
49165 CX02 48806 0.002340
49165 CX02 49336 0.002340
49165 CX02 48728 0.002340
49165 CX02 49375 0.002340
49165 CX02 48767 0.002340
49165 CX12 48845 0.993929
49165 CX12 49414 0.000867
49165 CX12 48806 0.000867
49165 CX12 49453 0.000867
49165 CX12 48728 0.000867
49165 CX12 49336 0.000867
49165 CX12 48767 0.000867
49165 CX12 49375 0.000867
49165 X0 49161 0.999342
49165 X0 49165 0.000219
49165 X0 49162 0.000219
49165 X0 49158 0.000219
49336 CX02 49159 0.983618
49336 CX02 49158 0.002340
49336 CX02 49161 0.002340
49336 CX02 49160 0.002340
49336 CX02 49163 0.002340
49336 CX02 49162 0.002340
49336 CX02 49165 0.002340
49336 CX02 49164 0.002340
49336 CX12 49159 0.993929
49336 CX12 49158 0.000867
49336 CX12 49161 0.000867
49336 CX12 49160 0.000867
49336 CX12 49162 0.000867
49336 CX12 49163 0.000867
49336 CX12 49164 0.000867
49336 CX12 49165 0.000867
49336 P2 49336 0.975400
49336 P2 48866 0.005600
49336 X0 49375 0.999342
49336 X0 49336 0.000219
49336 X0 49453 0.000219
49336 X0 49414 0.000219
49375 CX02 49162 0.983618
49375 CX02 49163 0.002340
49375 CX02 49164 0.002340
49375 CX02 49165 0.002340
49375 CX02 49158 0.002340
49375 CX02 49159 0.002340
49375 CX02 49160 0.002340
49375 CX02 49161 0.002340
49375 CX12 49163 0.993929
49375 CX12 49162 0.000867
49375 CX12 49165 0.000867
49375 CX12 49164 0.000867
49375 CX12 49158 0.000867
49375 CX12 49159 0.000867
49375 CX12 49160 0.000867
49375 CX12 49161 0.000867
49375 P2 49375 0.975400
49375 P2 48867 0.005600
49375 X0 49336 0.999342
49375 X0 49375 0.000219
49375 X0 49414 0.000219
49375 X0 49453 0.000219
49414 CX02 49165 0.983618
49414 CX02 49164 0.002340
49414 CX02 49163 0.002340
49414 CX02 49162 0.002340
49414 CX02 49161 0.002340
49414 CX02 49160 0.002340
49414 CX02 49159 0.002340
49414 CX02 49158 0.002340
49414 CX12 49164 0.993929
49414 CX12 49165 0.000867
49414 CX12 49162 0.000867
49414 CX12 49163 0.000867
49414 CX12 49161 0.000867
49414 CX12 49160 0.000867
49414 CX12 49159 0.000867
49414 CX12 49158 0.000867
49414 P2 49414 0.975400
49414 P2 48868 0.005600
49414 X0 49453 0.999342
49414 X0 49414 0.000219
49414 X0 49375 0.000219
49414 X0 49336 0.000219
49453 CX02 49160 0.983618
49453 CX02 49161 0.002340
49453 CX02 49158 0.002340
49453 CX02 49159 0.002340
49453 CX02 49164 0.002340
49453 CX02 49165 0.002340
49453 CX02 49162 0.002340
49453 CX02 49163 0.002340
49453 CX12 49160 0.993929
49453 CX12 49161 0.000867
49453 CX12 49158 0.000867
49453 CX12 49159 0.000867
49453 CX12 49165 0.000867
49453 CX12 49164 0.000867
49453 CX12 49163 0.000867
49453 CX12 49162 0.000867
49453 P2 49453 0.975400
49453 P2 48869 0.005600
49453 X0 49414 0.999342
49453 X0 49453 0.000219
49453 X0 49336 0.000219
49453 X0 49375 0.000219
ENDPOMDP
