BEGINPOMDP
INITIALSTATE: 122886
STATES: 122886,122887,122888,122889,122890,122907,122908,122909,122910,122911,122912,122913,122914,122933,122972,123011,123050,123071,123072,123073,123074,123363,123364,123365,123366,123367,123368,123369,123370,123541,123580,123619,123658
TARGETV: 122887,122889,122933,123011,123071,123074,123541,123658
GAMMA: 122886:0,122887:0,122888:0,122889:0,122890:0,122907:0,122908:0,122909:0,122910:0,122911:0,122912:0,122913:0,122914:0,122933:1,122972:1,123011:1,123050:1,123071:0,123072:0,123073:0,123074:0,123363:1,123364:1,123365:1,123366:1,123367:1,123368:1,123369:1,123370:1,123541:1,123580:1,123619:1,123658:1
BEGINACTIONS
CX02 Instruction.CNOT 0 2 -
CX12 Instruction.CNOT 1 2 -
P2 Instruction.MEAS - 2 -
X0 Instruction.U3 - 0 3.141592653589793,6.283185307179586,3.141592653589793
ENDACTIONS
122886 INIT_ 122887 0.250000
122886 INIT_ 122888 0.250000
122886 INIT_ 122889 0.250000
122886 INIT_ 122890 0.250000
122887 CX02 122907 0.987046
122887 CX02 122908 0.001851
122887 CX02 122909 0.001851
122887 CX02 122910 0.001851
122887 CX02 122911 0.001851
122887 CX02 122912 0.001851
122887 CX02 122913 0.001851
122887 CX02 122914 0.001851
122887 CX12 122907 0.979506
122887 CX12 122908 0.002928
122887 CX12 122909 0.002928
122887 CX12 122910 0.002928
122887 CX12 122912 0.002928
122887 CX12 122911 0.002928
122887 CX12 122914 0.002928
122887 CX12 122913 0.002928
122887 P2 122887 0.988400
122887 P2 122933 0.049800
122887 X0 122888 0.999071
122887 X0 122887 0.000310
122887 X0 122889 0.000310
122887 X0 122890 0.000310
122888 CX02 122912 0.987046
122888 CX02 122911 0.001851
122888 CX02 122914 0.001851
122888 CX02 122913 0.001851
122888 CX02 122908 0.001851
122888 CX02 122907 0.001851
122888 CX02 122910 0.001851
122888 CX02 122909 0.001851
122888 CX12 122911 0.979506
122888 CX12 122912 0.002928
122888 CX12 122913 0.002928
122888 CX12 122914 0.002928
122888 CX12 122908 0.002928
122888 CX12 122907 0.002928
122888 CX12 122910 0.002928
122888 CX12 122909 0.002928
122888 P2 122888 0.988400
122888 P2 122972 0.049800
122888 X0 122887 0.999071
122888 X0 122888 0.000310
122888 X0 122890 0.000310
122888 X0 122889 0.000310
122889 CX02 122910 0.987046
122889 CX02 122909 0.001851
122889 CX02 122908 0.001851
122889 CX02 122907 0.001851
122889 CX02 122914 0.001851
122889 CX02 122913 0.001851
122889 CX02 122912 0.001851
122889 CX02 122911 0.001851
122889 CX12 122910 0.979506
122889 CX12 122909 0.002928
122889 CX12 122908 0.002928
122889 CX12 122907 0.002928
122889 CX12 122913 0.002928
122889 CX12 122914 0.002928
122889 CX12 122911 0.002928
122889 CX12 122912 0.002928
122889 P2 122889 0.988400
122889 P2 123011 0.049800
122889 X0 122890 0.999071
122889 X0 122889 0.000310
122889 X0 122887 0.000310
122889 X0 122888 0.000310
122890 CX02 122913 0.987046
122890 CX02 122914 0.001851
122890 CX02 122911 0.001851
122890 CX02 122912 0.001851
122890 CX02 122909 0.001851
122890 CX02 122910 0.001851
122890 CX02 122907 0.001851
122890 CX02 122908 0.001851
122890 CX12 122914 0.979506
122890 CX12 122913 0.002928
122890 CX12 122912 0.002928
122890 CX12 122911 0.002928
122890 CX12 122909 0.002928
122890 CX12 122910 0.002928
122890 CX12 122907 0.002928
122890 CX12 122908 0.002928
122890 P2 122890 0.988400
122890 P2 123050 0.049800
122890 X0 122889 0.999071
122890 X0 122890 0.000310
122890 X0 122888 0.000310
122890 X0 122887 0.000310
122907 CX02 122887 0.987046
122907 CX02 123071 0.001851
122907 CX02 122888 0.001851
122907 CX02 123072 0.001851
122907 CX02 122890 0.001851
122907 CX02 123073 0.001851
122907 CX02 122889 0.001851
122907 CX02 123074 0.001851
122907 CX12 122887 0.979506
122907 CX12 123071 0.002928
122907 CX12 122888 0.002928
122907 CX12 123072 0.002928
122907 CX12 122890 0.002928
122907 CX12 123073 0.002928
122907 CX12 122889 0.002928
122907 CX12 123074 0.002928
122907 X0 122911 0.999071
122907 X0 122907 0.000310
122907 X0 122910 0.000310
122907 X0 122914 0.000310
122908 CX02 123071 0.987046
122908 CX02 122887 0.001851
122908 CX02 123072 0.001851
122908 CX02 122888 0.001851
122908 CX02 123073 0.001851
122908 CX02 122890 0.001851
122908 CX02 123074 0.001851
122908 CX02 122889 0.001851
122908 CX12 123071 0.979506
122908 CX12 122887 0.002928
122908 CX12 123072 0.002928
122908 CX12 122888 0.002928
122908 CX12 123073 0.002928
122908 CX12 122890 0.002928
122908 CX12 123074 0.002928
122908 CX12 122889 0.002928
122908 X0 122912 0.999071
122908 X0 122908 0.000310
122908 X0 122909 0.000310
122908 X0 122913 0.000310
122909 CX02 123074 0.987046
122909 CX02 122889 0.001851
122909 CX02 123073 0.001851
122909 CX02 122890 0.001851
122909 CX02 123072 0.001851
122909 CX02 122888 0.001851
122909 CX02 123071 0.001851
122909 CX02 122887 0.001851
122909 CX12 123074 0.979506
122909 CX12 122889 0.002928
122909 CX12 123073 0.002928
122909 CX12 122890 0.002928
122909 CX12 123072 0.002928
122909 CX12 122888 0.002928
122909 CX12 123071 0.002928
122909 CX12 122887 0.002928
122909 X0 122913 0.999071
122909 X0 122909 0.000310
122909 X0 122908 0.000310
122909 X0 122912 0.000310
122910 CX02 122889 0.987046
122910 CX02 123074 0.001851
122910 CX02 122890 0.001851
122910 CX02 123073 0.001851
122910 CX02 122888 0.001851
122910 CX02 123072 0.001851
122910 CX02 122887 0.001851
122910 CX02 123071 0.001851
122910 CX12 122889 0.979506
122910 CX12 123074 0.002928
122910 CX12 122890 0.002928
122910 CX12 123073 0.002928
122910 CX12 122888 0.002928
122910 CX12 123072 0.002928
122910 CX12 122887 0.002928
122910 CX12 123071 0.002928
122910 X0 122914 0.999071
122910 X0 122910 0.000310
122910 X0 122907 0.000310
122910 X0 122911 0.000310
122911 CX02 123072 0.987046
122911 CX02 122888 0.001851
122911 CX02 123071 0.001851
122911 CX02 122887 0.001851
122911 CX02 123074 0.001851
122911 CX02 122889 0.001851
122911 CX02 123073 0.001851
122911 CX02 122890 0.001851
122911 CX12 122888 0.979506
122911 CX12 123072 0.002928
122911 CX12 122887 0.002928
122911 CX12 123071 0.002928
122911 CX12 122889 0.002928
122911 CX12 123074 0.002928
122911 CX12 122890 0.002928
122911 CX12 123073 0.002928
122911 X0 122907 0.999071
122911 X0 122911 0.000310
122911 X0 122914 0.000310
122911 X0 122910 0.000310
122912 CX02 122888 0.987046
122912 CX02 123072 0.001851
122912 CX02 122887 0.001851
122912 CX02 123071 0.001851
122912 CX02 122889 0.001851
122912 CX02 123074 0.001851
122912 CX02 122890 0.001851
122912 CX02 123073 0.001851
122912 CX12 123072 0.979506
122912 CX12 122888 0.002928
122912 CX12 123071 0.002928
122912 CX12 122887 0.002928
122912 CX12 123074 0.002928
122912 CX12 122889 0.002928
122912 CX12 123073 0.002928
122912 CX12 122890 0.002928
122912 X0 122908 0.999071
122912 X0 122912 0.000310
122912 X0 122913 0.000310
122912 X0 122909 0.000310
122913 CX02 122890 0.987046
122913 CX02 123073 0.001851
122913 CX02 122889 0.001851
122913 CX02 123074 0.001851
122913 CX02 122887 0.001851
122913 CX02 123071 0.001851
122913 CX02 122888 0.001851
122913 CX02 123072 0.001851
122913 CX12 123073 0.979506
122913 CX12 122890 0.002928
122913 CX12 123074 0.002928
122913 CX12 122889 0.002928
122913 CX12 123071 0.002928
122913 CX12 122887 0.002928
122913 CX12 123072 0.002928
122913 CX12 122888 0.002928
122913 X0 122909 0.999071
122913 X0 122913 0.000310
122913 X0 122912 0.000310
122913 X0 122908 0.000310
122914 CX02 123073 0.987046
122914 CX02 122890 0.001851
122914 CX02 123074 0.001851
122914 CX02 122889 0.001851
122914 CX02 123071 0.001851
122914 CX02 122887 0.001851
122914 CX02 123072 0.001851
122914 CX02 122888 0.001851
122914 CX12 122890 0.979506
122914 CX12 123073 0.002928
122914 CX12 122889 0.002928
122914 CX12 123074 0.002928
122914 CX12 122887 0.002928
122914 CX12 123071 0.002928
122914 CX12 122888 0.002928
122914 CX12 123072 0.002928
122914 X0 122910 0.999071
122914 X0 122914 0.000310
122914 X0 122911 0.000310
122914 X0 122907 0.000310
122933 CX02 123363 0.987046
122933 CX02 123364 0.001851
122933 CX02 123365 0.001851
122933 CX02 123366 0.001851
122933 CX02 123367 0.001851
122933 CX02 123368 0.001851
122933 CX02 123369 0.001851
122933 CX02 123370 0.001851
122933 CX12 123363 0.979506
122933 CX12 123364 0.002928
122933 CX12 123365 0.002928
122933 CX12 123366 0.002928
122933 CX12 123368 0.002928
122933 CX12 123367 0.002928
122933 CX12 123370 0.002928
122933 CX12 123369 0.002928
122933 P2 122887 0.988400
122933 P2 122933 0.049800
122933 X0 122972 0.999071
122933 X0 122933 0.000310
122933 X0 123011 0.000310
122933 X0 123050 0.000310
122972 CX02 123368 0.987046
122972 CX02 123367 0.001851
122972 CX02 123370 0.001851
122972 CX02 123369 0.001851
122972 CX02 123364 0.001851
122972 CX02 123363 0.001851
122972 CX02 123366 0.001851
122972 CX02 123365 0.001851
122972 CX12 123367 0.979506
122972 CX12 123368 0.002928
122972 CX12 123369 0.002928
122972 CX12 123370 0.002928
122972 CX12 123364 0.002928
122972 CX12 123363 0.002928
122972 CX12 123366 0.002928
122972 CX12 123365 0.002928
122972 P2 122888 0.988400
122972 P2 122972 0.049800
122972 X0 122933 0.999071
122972 X0 122972 0.000310
122972 X0 123050 0.000310
122972 X0 123011 0.000310
123011 CX02 123366 0.987046
123011 CX02 123365 0.001851
123011 CX02 123364 0.001851
123011 CX02 123363 0.001851
123011 CX02 123370 0.001851
123011 CX02 123369 0.001851
123011 CX02 123368 0.001851
123011 CX02 123367 0.001851
123011 CX12 123366 0.979506
123011 CX12 123365 0.002928
123011 CX12 123364 0.002928
123011 CX12 123363 0.002928
123011 CX12 123369 0.002928
123011 CX12 123370 0.002928
123011 CX12 123367 0.002928
123011 CX12 123368 0.002928
123011 P2 122889 0.988400
123011 P2 123011 0.049800
123011 X0 123050 0.999071
123011 X0 123011 0.000310
123011 X0 122933 0.000310
123011 X0 122972 0.000310
123050 CX02 123369 0.987046
123050 CX02 123370 0.001851
123050 CX02 123367 0.001851
123050 CX02 123368 0.001851
123050 CX02 123365 0.001851
123050 CX02 123366 0.001851
123050 CX02 123363 0.001851
123050 CX02 123364 0.001851
123050 CX12 123370 0.979506
123050 CX12 123369 0.002928
123050 CX12 123368 0.002928
123050 CX12 123367 0.002928
123050 CX12 123365 0.002928
123050 CX12 123366 0.002928
123050 CX12 123363 0.002928
123050 CX12 123364 0.002928
123050 P2 122890 0.988400
123050 P2 123050 0.049800
123050 X0 123011 0.999071
123050 X0 123050 0.000310
123050 X0 122972 0.000310
123050 X0 122933 0.000310
123071 CX02 122908 0.987046
123071 CX02 122907 0.001851
123071 CX02 122910 0.001851
123071 CX02 122909 0.001851
123071 CX02 122912 0.001851
123071 CX02 122911 0.001851
123071 CX02 122914 0.001851
123071 CX02 122913 0.001851
123071 CX12 122908 0.979506
123071 CX12 122907 0.002928
123071 CX12 122910 0.002928
123071 CX12 122909 0.002928
123071 CX12 122911 0.002928
123071 CX12 122912 0.002928
123071 CX12 122913 0.002928
123071 CX12 122914 0.002928
123071 P2 123541 0.950200
123071 P2 123071 0.011600
123071 X0 123072 0.999071
123071 X0 123071 0.000310
123071 X0 123074 0.000310
123071 X0 123073 0.000310
123072 CX02 122911 0.987046
123072 CX02 122912 0.001851
123072 CX02 122913 0.001851
123072 CX02 122914 0.001851
123072 CX02 122907 0.001851
123072 CX02 122908 0.001851
123072 CX02 122909 0.001851
123072 CX02 122910 0.001851
123072 CX12 122912 0.979506
123072 CX12 122911 0.002928
123072 CX12 122914 0.002928
123072 CX12 122913 0.002928
123072 CX12 122907 0.002928
123072 CX12 122908 0.002928
123072 CX12 122909 0.002928
123072 CX12 122910 0.002928
123072 P2 123580 0.950200
123072 P2 123072 0.011600
123072 X0 123071 0.999071
123072 X0 123072 0.000310
123072 X0 123073 0.000310
123072 X0 123074 0.000310
123073 CX02 122914 0.987046
123073 CX02 122913 0.001851
123073 CX02 122912 0.001851
123073 CX02 122911 0.001851
123073 CX02 122910 0.001851
123073 CX02 122909 0.001851
123073 CX02 122908 0.001851
123073 CX02 122907 0.001851
123073 CX12 122913 0.979506
123073 CX12 122914 0.002928
123073 CX12 122911 0.002928
123073 CX12 122912 0.002928
123073 CX12 122910 0.002928
123073 CX12 122909 0.002928
123073 CX12 122908 0.002928
123073 CX12 122907 0.002928
123073 P2 123619 0.950200
123073 P2 123073 0.011600
123073 X0 123074 0.999071
123073 X0 123073 0.000310
123073 X0 123072 0.000310
123073 X0 123071 0.000310
123074 CX02 122909 0.987046
123074 CX02 122910 0.001851
123074 CX02 122907 0.001851
123074 CX02 122908 0.001851
123074 CX02 122913 0.001851
123074 CX02 122914 0.001851
123074 CX02 122911 0.001851
123074 CX02 122912 0.001851
123074 CX12 122909 0.979506
123074 CX12 122910 0.002928
123074 CX12 122907 0.002928
123074 CX12 122908 0.002928
123074 CX12 122914 0.002928
123074 CX12 122913 0.002928
123074 CX12 122912 0.002928
123074 CX12 122911 0.002928
123074 P2 123658 0.950200
123074 P2 123074 0.011600
123074 X0 123073 0.999071
123074 X0 123074 0.000310
123074 X0 123071 0.000310
123074 X0 123072 0.000310
123363 CX02 122933 0.987046
123363 CX02 123541 0.001851
123363 CX02 122972 0.001851
123363 CX02 123580 0.001851
123363 CX02 123050 0.001851
123363 CX02 123619 0.001851
123363 CX02 123011 0.001851
123363 CX02 123658 0.001851
123363 CX12 122933 0.979506
123363 CX12 123541 0.002928
123363 CX12 122972 0.002928
123363 CX12 123580 0.002928
123363 CX12 123050 0.002928
123363 CX12 123619 0.002928
123363 CX12 123011 0.002928
123363 CX12 123658 0.002928
123363 X0 123367 0.999071
123363 X0 123363 0.000310
123363 X0 123366 0.000310
123363 X0 123370 0.000310
123364 CX02 123541 0.987046
123364 CX02 122933 0.001851
123364 CX02 123580 0.001851
123364 CX02 122972 0.001851
123364 CX02 123619 0.001851
123364 CX02 123050 0.001851
123364 CX02 123658 0.001851
123364 CX02 123011 0.001851
123364 CX12 123541 0.979506
123364 CX12 122933 0.002928
123364 CX12 123580 0.002928
123364 CX12 122972 0.002928
123364 CX12 123619 0.002928
123364 CX12 123050 0.002928
123364 CX12 123658 0.002928
123364 CX12 123011 0.002928
123364 X0 123368 0.999071
123364 X0 123364 0.000310
123364 X0 123365 0.000310
123364 X0 123369 0.000310
123365 CX02 123658 0.987046
123365 CX02 123011 0.001851
123365 CX02 123619 0.001851
123365 CX02 123050 0.001851
123365 CX02 123580 0.001851
123365 CX02 122972 0.001851
123365 CX02 123541 0.001851
123365 CX02 122933 0.001851
123365 CX12 123658 0.979506
123365 CX12 123011 0.002928
123365 CX12 123619 0.002928
123365 CX12 123050 0.002928
123365 CX12 123580 0.002928
123365 CX12 122972 0.002928
123365 CX12 123541 0.002928
123365 CX12 122933 0.002928
123365 X0 123369 0.999071
123365 X0 123365 0.000310
123365 X0 123364 0.000310
123365 X0 123368 0.000310
123366 CX02 123011 0.987046
123366 CX02 123658 0.001851
123366 CX02 123050 0.001851
123366 CX02 123619 0.001851
123366 CX02 122972 0.001851
123366 CX02 123580 0.001851
123366 CX02 122933 0.001851
123366 CX02 123541 0.001851
123366 CX12 123011 0.979506
123366 CX12 123658 0.002928
123366 CX12 123050 0.002928
123366 CX12 123619 0.002928
123366 CX12 122972 0.002928
123366 CX12 123580 0.002928
123366 CX12 122933 0.002928
123366 CX12 123541 0.002928
123366 X0 123370 0.999071
123366 X0 123366 0.000310
123366 X0 123363 0.000310
123366 X0 123367 0.000310
123367 CX02 123580 0.987046
123367 CX02 122972 0.001851
123367 CX02 123541 0.001851
123367 CX02 122933 0.001851
123367 CX02 123658 0.001851
123367 CX02 123011 0.001851
123367 CX02 123619 0.001851
123367 CX02 123050 0.001851
123367 CX12 122972 0.979506
123367 CX12 123580 0.002928
123367 CX12 122933 0.002928
123367 CX12 123541 0.002928
123367 CX12 123011 0.002928
123367 CX12 123658 0.002928
123367 CX12 123050 0.002928
123367 CX12 123619 0.002928
123367 X0 123363 0.999071
123367 X0 123367 0.000310
123367 X0 123370 0.000310
123367 X0 123366 0.000310
123368 CX02 122972 0.987046
123368 CX02 123580 0.001851
123368 CX02 122933 0.001851
123368 CX02 123541 0.001851
123368 CX02 123011 0.001851
123368 CX02 123658 0.001851
123368 CX02 123050 0.001851
123368 CX02 123619 0.001851
123368 CX12 123580 0.979506
123368 CX12 122972 0.002928
123368 CX12 123541 0.002928
123368 CX12 122933 0.002928
123368 CX12 123658 0.002928
123368 CX12 123011 0.002928
123368 CX12 123619 0.002928
123368 CX12 123050 0.002928
123368 X0 123364 0.999071
123368 X0 123368 0.000310
123368 X0 123369 0.000310
123368 X0 123365 0.000310
123369 CX02 123050 0.987046
123369 CX02 123619 0.001851
123369 CX02 123011 0.001851
123369 CX02 123658 0.001851
123369 CX02 122933 0.001851
123369 CX02 123541 0.001851
123369 CX02 122972 0.001851
123369 CX02 123580 0.001851
123369 CX12 123619 0.979506
123369 CX12 123050 0.002928
123369 CX12 123658 0.002928
123369 CX12 123011 0.002928
123369 CX12 123541 0.002928
123369 CX12 122933 0.002928
123369 CX12 123580 0.002928
123369 CX12 122972 0.002928
123369 X0 123365 0.999071
123369 X0 123369 0.000310
123369 X0 123368 0.000310
123369 X0 123364 0.000310
123370 CX02 123619 0.987046
123370 CX02 123050 0.001851
123370 CX02 123658 0.001851
123370 CX02 123011 0.001851
123370 CX02 123541 0.001851
123370 CX02 122933 0.001851
123370 CX02 123580 0.001851
123370 CX02 122972 0.001851
123370 CX12 123050 0.979506
123370 CX12 123619 0.002928
123370 CX12 123011 0.002928
123370 CX12 123658 0.002928
123370 CX12 122933 0.002928
123370 CX12 123541 0.002928
123370 CX12 122972 0.002928
123370 CX12 123580 0.002928
123370 X0 123366 0.999071
123370 X0 123370 0.000310
123370 X0 123367 0.000310
123370 X0 123363 0.000310
123541 CX02 123364 0.987046
123541 CX02 123363 0.001851
123541 CX02 123366 0.001851
123541 CX02 123365 0.001851
123541 CX02 123368 0.001851
123541 CX02 123367 0.001851
123541 CX02 123370 0.001851
123541 CX02 123369 0.001851
123541 CX12 123364 0.979506
123541 CX12 123363 0.002928
123541 CX12 123366 0.002928
123541 CX12 123365 0.002928
123541 CX12 123367 0.002928
123541 CX12 123368 0.002928
123541 CX12 123369 0.002928
123541 CX12 123370 0.002928
123541 P2 123541 0.950200
123541 P2 123071 0.011600
123541 X0 123580 0.999071
123541 X0 123541 0.000310
123541 X0 123658 0.000310
123541 X0 123619 0.000310
123580 CX02 123367 0.987046
123580 CX02 123368 0.001851
123580 CX02 123369 0.001851
123580 CX02 123370 0.001851
123580 CX02 123363 0.001851
123580 CX02 123364 0.001851
123580 CX02 123365 0.001851
123580 CX02 123366 0.001851
123580 CX12 123368 0.979506
123580 CX12 123367 0.002928
123580 CX12 123370 0.002928
123580 CX12 123369 0.002928
123580 CX12 123363 0.002928
123580 CX12 123364 0.002928
123580 CX12 123365 0.002928
123580 CX12 123366 0.002928
123580 P2 123580 0.950200
123580 P2 123072 0.011600
123580 X0 123541 0.999071
123580 X0 123580 0.000310
123580 X0 123619 0.000310
123580 X0 123658 0.000310
123619 CX02 123370 0.987046
123619 CX02 123369 0.001851
123619 CX02 123368 0.001851
123619 CX02 123367 0.001851
123619 CX02 123366 0.001851
123619 CX02 123365 0.001851
123619 CX02 123364 0.001851
123619 CX02 123363 0.001851
123619 CX12 123369 0.979506
123619 CX12 123370 0.002928
123619 CX12 123367 0.002928
123619 CX12 123368 0.002928
123619 CX12 123366 0.002928
123619 CX12 123365 0.002928
123619 CX12 123364 0.002928
123619 CX12 123363 0.002928
123619 P2 123619 0.950200
123619 P2 123073 0.011600
123619 X0 123658 0.999071
123619 X0 123619 0.000310
123619 X0 123580 0.000310
123619 X0 123541 0.000310
123658 CX02 123365 0.987046
123658 CX02 123366 0.001851
123658 CX02 123363 0.001851
123658 CX02 123364 0.001851
123658 CX02 123369 0.001851
123658 CX02 123370 0.001851
123658 CX02 123367 0.001851
123658 CX02 123368 0.001851
123658 CX12 123365 0.979506
123658 CX12 123366 0.002928
123658 CX12 123363 0.002928
123658 CX12 123364 0.002928
123658 CX12 123370 0.002928
123658 CX12 123369 0.002928
123658 CX12 123368 0.002928
123658 CX12 123367 0.002928
123658 P2 123658 0.950200
123658 P2 123074 0.011600
123658 X0 123619 0.999071
123658 X0 123658 0.000310
123658 X0 123541 0.000310
123658 X0 123580 0.000310
ENDPOMDP
