BEGINPOMDP
INITIALSTATE: 41379
STATES: 41379,41380,41381,41382,41383,41400,41401,41402,41403,41404,41405,41406,41407,41426,41465,41504,41543,41564,41565,41566,41567,41856,41857,41858,41859,41860,41861,41862,41863,42034,42073,42112,42151
TARGETV: 41380,41382,41426,41504,41564,41567,42034,42151
GAMMA: 41379:0,41380:0,41381:0,41382:0,41383:0,41400:0,41401:0,41402:0,41403:0,41404:0,41405:0,41406:0,41407:0,41426:1,41465:1,41504:1,41543:1,41564:0,41565:0,41566:0,41567:0,41856:1,41857:1,41858:1,41859:1,41860:1,41861:1,41862:1,41863:1,42034:1,42073:1,42112:1,42151:1
BEGINACTIONS
CX02 Instruction.CNOT 0 2 -
CX12 Instruction.CNOT 1 2 -
P2 Instruction.MEAS - 2 -
X0 Instruction.X - 0 -
ENDACTIONS
41379 INIT_ 41380 0.250000
41379 INIT_ 41381 0.250000
41379 INIT_ 41382 0.250000
41379 INIT_ 41383 0.250000
41380 CX02 41400 0.991785
41380 CX02 41401 0.001174
41380 CX02 41402 0.001174
41380 CX02 41403 0.001174
41380 CX02 41404 0.001174
41380 CX02 41405 0.001174
41380 CX02 41406 0.001174
41380 CX02 41407 0.001174
41380 CX12 41400 0.991816
41380 CX12 41401 0.001169
41380 CX12 41402 0.001169
41380 CX12 41403 0.001169
41380 CX12 41405 0.001169
41380 CX12 41404 0.001169
41380 CX12 41407 0.001169
41380 CX12 41406 0.001169
41380 P2 41380 0.899200
41380 P2 41426 0.112000
41380 X0 41381 0.999666
41380 X0 41380 0.000111
41380 X0 41382 0.000111
41380 X0 41383 0.000111
41381 CX02 41405 0.991785
41381 CX02 41404 0.001174
41381 CX02 41407 0.001174
41381 CX02 41406 0.001174
41381 CX02 41401 0.001174
41381 CX02 41400 0.001174
41381 CX02 41403 0.001174
41381 CX02 41402 0.001174
41381 CX12 41404 0.991816
41381 CX12 41405 0.001169
41381 CX12 41406 0.001169
41381 CX12 41407 0.001169
41381 CX12 41401 0.001169
41381 CX12 41400 0.001169
41381 CX12 41403 0.001169
41381 CX12 41402 0.001169
41381 P2 41381 0.899200
41381 P2 41465 0.112000
41381 X0 41380 0.999666
41381 X0 41381 0.000111
41381 X0 41383 0.000111
41381 X0 41382 0.000111
41382 CX02 41403 0.991785
41382 CX02 41402 0.001174
41382 CX02 41401 0.001174
41382 CX02 41400 0.001174
41382 CX02 41407 0.001174
41382 CX02 41406 0.001174
41382 CX02 41405 0.001174
41382 CX02 41404 0.001174
41382 CX12 41403 0.991816
41382 CX12 41402 0.001169
41382 CX12 41401 0.001169
41382 CX12 41400 0.001169
41382 CX12 41406 0.001169
41382 CX12 41407 0.001169
41382 CX12 41404 0.001169
41382 CX12 41405 0.001169
41382 P2 41382 0.899200
41382 P2 41504 0.112000
41382 X0 41383 0.999666
41382 X0 41382 0.000111
41382 X0 41380 0.000111
41382 X0 41381 0.000111
41383 CX02 41406 0.991785
41383 CX02 41407 0.001174
41383 CX02 41404 0.001174
41383 CX02 41405 0.001174
41383 CX02 41402 0.001174
41383 CX02 41403 0.001174
41383 CX02 41400 0.001174
41383 CX02 41401 0.001174
41383 CX12 41407 0.991816
41383 CX12 41406 0.001169
41383 CX12 41405 0.001169
41383 CX12 41404 0.001169
41383 CX12 41402 0.001169
41383 CX12 41403 0.001169
41383 CX12 41400 0.001169
41383 CX12 41401 0.001169
41383 P2 41383 0.899200
41383 P2 41543 0.112000
41383 X0 41382 0.999666
41383 X0 41383 0.000111
41383 X0 41381 0.000111
41383 X0 41380 0.000111
41400 CX02 41380 0.991785
41400 CX02 41564 0.001174
41400 CX02 41381 0.001174
41400 CX02 41565 0.001174
41400 CX02 41383 0.001174
41400 CX02 41566 0.001174
41400 CX02 41382 0.001174
41400 CX02 41567 0.001174
41400 CX12 41380 0.991816
41400 CX12 41564 0.001169
41400 CX12 41381 0.001169
41400 CX12 41565 0.001169
41400 CX12 41383 0.001169
41400 CX12 41566 0.001169
41400 CX12 41382 0.001169
41400 CX12 41567 0.001169
41400 X0 41404 0.999666
41400 X0 41400 0.000111
41400 X0 41403 0.000111
41400 X0 41407 0.000111
41401 CX02 41564 0.991785
41401 CX02 41380 0.001174
41401 CX02 41565 0.001174
41401 CX02 41381 0.001174
41401 CX02 41566 0.001174
41401 CX02 41383 0.001174
41401 CX02 41567 0.001174
41401 CX02 41382 0.001174
41401 CX12 41564 0.991816
41401 CX12 41380 0.001169
41401 CX12 41565 0.001169
41401 CX12 41381 0.001169
41401 CX12 41566 0.001169
41401 CX12 41383 0.001169
41401 CX12 41567 0.001169
41401 CX12 41382 0.001169
41401 X0 41405 0.999666
41401 X0 41401 0.000111
41401 X0 41402 0.000111
41401 X0 41406 0.000111
41402 CX02 41567 0.991785
41402 CX02 41382 0.001174
41402 CX02 41566 0.001174
41402 CX02 41383 0.001174
41402 CX02 41565 0.001174
41402 CX02 41381 0.001174
41402 CX02 41564 0.001174
41402 CX02 41380 0.001174
41402 CX12 41567 0.991816
41402 CX12 41382 0.001169
41402 CX12 41566 0.001169
41402 CX12 41383 0.001169
41402 CX12 41565 0.001169
41402 CX12 41381 0.001169
41402 CX12 41564 0.001169
41402 CX12 41380 0.001169
41402 X0 41406 0.999666
41402 X0 41402 0.000111
41402 X0 41401 0.000111
41402 X0 41405 0.000111
41403 CX02 41382 0.991785
41403 CX02 41567 0.001174
41403 CX02 41383 0.001174
41403 CX02 41566 0.001174
41403 CX02 41381 0.001174
41403 CX02 41565 0.001174
41403 CX02 41380 0.001174
41403 CX02 41564 0.001174
41403 CX12 41382 0.991816
41403 CX12 41567 0.001169
41403 CX12 41383 0.001169
41403 CX12 41566 0.001169
41403 CX12 41381 0.001169
41403 CX12 41565 0.001169
41403 CX12 41380 0.001169
41403 CX12 41564 0.001169
41403 X0 41407 0.999666
41403 X0 41403 0.000111
41403 X0 41400 0.000111
41403 X0 41404 0.000111
41404 CX02 41565 0.991785
41404 CX02 41381 0.001174
41404 CX02 41564 0.001174
41404 CX02 41380 0.001174
41404 CX02 41567 0.001174
41404 CX02 41382 0.001174
41404 CX02 41566 0.001174
41404 CX02 41383 0.001174
41404 CX12 41381 0.991816
41404 CX12 41565 0.001169
41404 CX12 41380 0.001169
41404 CX12 41564 0.001169
41404 CX12 41382 0.001169
41404 CX12 41567 0.001169
41404 CX12 41383 0.001169
41404 CX12 41566 0.001169
41404 X0 41400 0.999666
41404 X0 41404 0.000111
41404 X0 41407 0.000111
41404 X0 41403 0.000111
41405 CX02 41381 0.991785
41405 CX02 41565 0.001174
41405 CX02 41380 0.001174
41405 CX02 41564 0.001174
41405 CX02 41382 0.001174
41405 CX02 41567 0.001174
41405 CX02 41383 0.001174
41405 CX02 41566 0.001174
41405 CX12 41565 0.991816
41405 CX12 41381 0.001169
41405 CX12 41564 0.001169
41405 CX12 41380 0.001169
41405 CX12 41567 0.001169
41405 CX12 41382 0.001169
41405 CX12 41566 0.001169
41405 CX12 41383 0.001169
41405 X0 41401 0.999666
41405 X0 41405 0.000111
41405 X0 41406 0.000111
41405 X0 41402 0.000111
41406 CX02 41383 0.991785
41406 CX02 41566 0.001174
41406 CX02 41382 0.001174
41406 CX02 41567 0.001174
41406 CX02 41380 0.001174
41406 CX02 41564 0.001174
41406 CX02 41381 0.001174
41406 CX02 41565 0.001174
41406 CX12 41566 0.991816
41406 CX12 41383 0.001169
41406 CX12 41567 0.001169
41406 CX12 41382 0.001169
41406 CX12 41564 0.001169
41406 CX12 41380 0.001169
41406 CX12 41565 0.001169
41406 CX12 41381 0.001169
41406 X0 41402 0.999666
41406 X0 41406 0.000111
41406 X0 41405 0.000111
41406 X0 41401 0.000111
41407 CX02 41566 0.991785
41407 CX02 41383 0.001174
41407 CX02 41567 0.001174
41407 CX02 41382 0.001174
41407 CX02 41564 0.001174
41407 CX02 41380 0.001174
41407 CX02 41565 0.001174
41407 CX02 41381 0.001174
41407 CX12 41383 0.991816
41407 CX12 41566 0.001169
41407 CX12 41382 0.001169
41407 CX12 41567 0.001169
41407 CX12 41380 0.001169
41407 CX12 41564 0.001169
41407 CX12 41381 0.001169
41407 CX12 41565 0.001169
41407 X0 41403 0.999666
41407 X0 41407 0.000111
41407 X0 41404 0.000111
41407 X0 41400 0.000111
41426 CX02 41856 0.991785
41426 CX02 41857 0.001174
41426 CX02 41858 0.001174
41426 CX02 41859 0.001174
41426 CX02 41860 0.001174
41426 CX02 41861 0.001174
41426 CX02 41862 0.001174
41426 CX02 41863 0.001174
41426 CX12 41856 0.991816
41426 CX12 41857 0.001169
41426 CX12 41858 0.001169
41426 CX12 41859 0.001169
41426 CX12 41861 0.001169
41426 CX12 41860 0.001169
41426 CX12 41863 0.001169
41426 CX12 41862 0.001169
41426 P2 41380 0.899200
41426 P2 41426 0.112000
41426 X0 41465 0.999666
41426 X0 41426 0.000111
41426 X0 41504 0.000111
41426 X0 41543 0.000111
41465 CX02 41861 0.991785
41465 CX02 41860 0.001174
41465 CX02 41863 0.001174
41465 CX02 41862 0.001174
41465 CX02 41857 0.001174
41465 CX02 41856 0.001174
41465 CX02 41859 0.001174
41465 CX02 41858 0.001174
41465 CX12 41860 0.991816
41465 CX12 41861 0.001169
41465 CX12 41862 0.001169
41465 CX12 41863 0.001169
41465 CX12 41857 0.001169
41465 CX12 41856 0.001169
41465 CX12 41859 0.001169
41465 CX12 41858 0.001169
41465 P2 41381 0.899200
41465 P2 41465 0.112000
41465 X0 41426 0.999666
41465 X0 41465 0.000111
41465 X0 41543 0.000111
41465 X0 41504 0.000111
41504 CX02 41859 0.991785
41504 CX02 41858 0.001174
41504 CX02 41857 0.001174
41504 CX02 41856 0.001174
41504 CX02 41863 0.001174
41504 CX02 41862 0.001174
41504 CX02 41861 0.001174
41504 CX02 41860 0.001174
41504 CX12 41859 0.991816
41504 CX12 41858 0.001169
41504 CX12 41857 0.001169
41504 CX12 41856 0.001169
41504 CX12 41862 0.001169
41504 CX12 41863 0.001169
41504 CX12 41860 0.001169
41504 CX12 41861 0.001169
41504 P2 41382 0.899200
41504 P2 41504 0.112000
41504 X0 41543 0.999666
41504 X0 41504 0.000111
41504 X0 41426 0.000111
41504 X0 41465 0.000111
41543 CX02 41862 0.991785
41543 CX02 41863 0.001174
41543 CX02 41860 0.001174
41543 CX02 41861 0.001174
41543 CX02 41858 0.001174
41543 CX02 41859 0.001174
41543 CX02 41856 0.001174
41543 CX02 41857 0.001174
41543 CX12 41863 0.991816
41543 CX12 41862 0.001169
41543 CX12 41861 0.001169
41543 CX12 41860 0.001169
41543 CX12 41858 0.001169
41543 CX12 41859 0.001169
41543 CX12 41856 0.001169
41543 CX12 41857 0.001169
41543 P2 41383 0.899200
41543 P2 41543 0.112000
41543 X0 41504 0.999666
41543 X0 41543 0.000111
41543 X0 41465 0.000111
41543 X0 41426 0.000111
41564 CX02 41401 0.991785
41564 CX02 41400 0.001174
41564 CX02 41403 0.001174
41564 CX02 41402 0.001174
41564 CX02 41405 0.001174
41564 CX02 41404 0.001174
41564 CX02 41407 0.001174
41564 CX02 41406 0.001174
41564 CX12 41401 0.991816
41564 CX12 41400 0.001169
41564 CX12 41403 0.001169
41564 CX12 41402 0.001169
41564 CX12 41404 0.001169
41564 CX12 41405 0.001169
41564 CX12 41406 0.001169
41564 CX12 41407 0.001169
41564 P2 42034 0.888000
41564 P2 41564 0.100800
41564 X0 41565 0.999666
41564 X0 41564 0.000111
41564 X0 41567 0.000111
41564 X0 41566 0.000111
41565 CX02 41404 0.991785
41565 CX02 41405 0.001174
41565 CX02 41406 0.001174
41565 CX02 41407 0.001174
41565 CX02 41400 0.001174
41565 CX02 41401 0.001174
41565 CX02 41402 0.001174
41565 CX02 41403 0.001174
41565 CX12 41405 0.991816
41565 CX12 41404 0.001169
41565 CX12 41407 0.001169
41565 CX12 41406 0.001169
41565 CX12 41400 0.001169
41565 CX12 41401 0.001169
41565 CX12 41402 0.001169
41565 CX12 41403 0.001169
41565 P2 42073 0.888000
41565 P2 41565 0.100800
41565 X0 41564 0.999666
41565 X0 41565 0.000111
41565 X0 41566 0.000111
41565 X0 41567 0.000111
41566 CX02 41407 0.991785
41566 CX02 41406 0.001174
41566 CX02 41405 0.001174
41566 CX02 41404 0.001174
41566 CX02 41403 0.001174
41566 CX02 41402 0.001174
41566 CX02 41401 0.001174
41566 CX02 41400 0.001174
41566 CX12 41406 0.991816
41566 CX12 41407 0.001169
41566 CX12 41404 0.001169
41566 CX12 41405 0.001169
41566 CX12 41403 0.001169
41566 CX12 41402 0.001169
41566 CX12 41401 0.001169
41566 CX12 41400 0.001169
41566 P2 42112 0.888000
41566 P2 41566 0.100800
41566 X0 41567 0.999666
41566 X0 41566 0.000111
41566 X0 41565 0.000111
41566 X0 41564 0.000111
41567 CX02 41402 0.991785
41567 CX02 41403 0.001174
41567 CX02 41400 0.001174
41567 CX02 41401 0.001174
41567 CX02 41406 0.001174
41567 CX02 41407 0.001174
41567 CX02 41404 0.001174
41567 CX02 41405 0.001174
41567 CX12 41402 0.991816
41567 CX12 41403 0.001169
41567 CX12 41400 0.001169
41567 CX12 41401 0.001169
41567 CX12 41407 0.001169
41567 CX12 41406 0.001169
41567 CX12 41405 0.001169
41567 CX12 41404 0.001169
41567 P2 42151 0.888000
41567 P2 41567 0.100800
41567 X0 41566 0.999666
41567 X0 41567 0.000111
41567 X0 41564 0.000111
41567 X0 41565 0.000111
41856 CX02 41426 0.991785
41856 CX02 42034 0.001174
41856 CX02 41465 0.001174
41856 CX02 42073 0.001174
41856 CX02 41543 0.001174
41856 CX02 42112 0.001174
41856 CX02 41504 0.001174
41856 CX02 42151 0.001174
41856 CX12 41426 0.991816
41856 CX12 42034 0.001169
41856 CX12 41465 0.001169
41856 CX12 42073 0.001169
41856 CX12 41543 0.001169
41856 CX12 42112 0.001169
41856 CX12 41504 0.001169
41856 CX12 42151 0.001169
41856 X0 41860 0.999666
41856 X0 41856 0.000111
41856 X0 41859 0.000111
41856 X0 41863 0.000111
41857 CX02 42034 0.991785
41857 CX02 41426 0.001174
41857 CX02 42073 0.001174
41857 CX02 41465 0.001174
41857 CX02 42112 0.001174
41857 CX02 41543 0.001174
41857 CX02 42151 0.001174
41857 CX02 41504 0.001174
41857 CX12 42034 0.991816
41857 CX12 41426 0.001169
41857 CX12 42073 0.001169
41857 CX12 41465 0.001169
41857 CX12 42112 0.001169
41857 CX12 41543 0.001169
41857 CX12 42151 0.001169
41857 CX12 41504 0.001169
41857 X0 41861 0.999666
41857 X0 41857 0.000111
41857 X0 41858 0.000111
41857 X0 41862 0.000111
41858 CX02 42151 0.991785
41858 CX02 41504 0.001174
41858 CX02 42112 0.001174
41858 CX02 41543 0.001174
41858 CX02 42073 0.001174
41858 CX02 41465 0.001174
41858 CX02 42034 0.001174
41858 CX02 41426 0.001174
41858 CX12 42151 0.991816
41858 CX12 41504 0.001169
41858 CX12 42112 0.001169
41858 CX12 41543 0.001169
41858 CX12 42073 0.001169
41858 CX12 41465 0.001169
41858 CX12 42034 0.001169
41858 CX12 41426 0.001169
41858 X0 41862 0.999666
41858 X0 41858 0.000111
41858 X0 41857 0.000111
41858 X0 41861 0.000111
41859 CX02 41504 0.991785
41859 CX02 42151 0.001174
41859 CX02 41543 0.001174
41859 CX02 42112 0.001174
41859 CX02 41465 0.001174
41859 CX02 42073 0.001174
41859 CX02 41426 0.001174
41859 CX02 42034 0.001174
41859 CX12 41504 0.991816
41859 CX12 42151 0.001169
41859 CX12 41543 0.001169
41859 CX12 42112 0.001169
41859 CX12 41465 0.001169
41859 CX12 42073 0.001169
41859 CX12 41426 0.001169
41859 CX12 42034 0.001169
41859 X0 41863 0.999666
41859 X0 41859 0.000111
41859 X0 41856 0.000111
41859 X0 41860 0.000111
41860 CX02 42073 0.991785
41860 CX02 41465 0.001174
41860 CX02 42034 0.001174
41860 CX02 41426 0.001174
41860 CX02 42151 0.001174
41860 CX02 41504 0.001174
41860 CX02 42112 0.001174
41860 CX02 41543 0.001174
41860 CX12 41465 0.991816
41860 CX12 42073 0.001169
41860 CX12 41426 0.001169
41860 CX12 42034 0.001169
41860 CX12 41504 0.001169
41860 CX12 42151 0.001169
41860 CX12 41543 0.001169
41860 CX12 42112 0.001169
41860 X0 41856 0.999666
41860 X0 41860 0.000111
41860 X0 41863 0.000111
41860 X0 41859 0.000111
41861 CX02 41465 0.991785
41861 CX02 42073 0.001174
41861 CX02 41426 0.001174
41861 CX02 42034 0.001174
41861 CX02 41504 0.001174
41861 CX02 42151 0.001174
41861 CX02 41543 0.001174
41861 CX02 42112 0.001174
41861 CX12 42073 0.991816
41861 CX12 41465 0.001169
41861 CX12 42034 0.001169
41861 CX12 41426 0.001169
41861 CX12 42151 0.001169
41861 CX12 41504 0.001169
41861 CX12 42112 0.001169
41861 CX12 41543 0.001169
41861 X0 41857 0.999666
41861 X0 41861 0.000111
41861 X0 41862 0.000111
41861 X0 41858 0.000111
41862 CX02 41543 0.991785
41862 CX02 42112 0.001174
41862 CX02 41504 0.001174
41862 CX02 42151 0.001174
41862 CX02 41426 0.001174
41862 CX02 42034 0.001174
41862 CX02 41465 0.001174
41862 CX02 42073 0.001174
41862 CX12 42112 0.991816
41862 CX12 41543 0.001169
41862 CX12 42151 0.001169
41862 CX12 41504 0.001169
41862 CX12 42034 0.001169
41862 CX12 41426 0.001169
41862 CX12 42073 0.001169
41862 CX12 41465 0.001169
41862 X0 41858 0.999666
41862 X0 41862 0.000111
41862 X0 41861 0.000111
41862 X0 41857 0.000111
41863 CX02 42112 0.991785
41863 CX02 41543 0.001174
41863 CX02 42151 0.001174
41863 CX02 41504 0.001174
41863 CX02 42034 0.001174
41863 CX02 41426 0.001174
41863 CX02 42073 0.001174
41863 CX02 41465 0.001174
41863 CX12 41543 0.991816
41863 CX12 42112 0.001169
41863 CX12 41504 0.001169
41863 CX12 42151 0.001169
41863 CX12 41426 0.001169
41863 CX12 42034 0.001169
41863 CX12 41465 0.001169
41863 CX12 42073 0.001169
41863 X0 41859 0.999666
41863 X0 41863 0.000111
41863 X0 41860 0.000111
41863 X0 41856 0.000111
42034 CX02 41857 0.991785
42034 CX02 41856 0.001174
42034 CX02 41859 0.001174
42034 CX02 41858 0.001174
42034 CX02 41861 0.001174
42034 CX02 41860 0.001174
42034 CX02 41863 0.001174
42034 CX02 41862 0.001174
42034 CX12 41857 0.991816
42034 CX12 41856 0.001169
42034 CX12 41859 0.001169
42034 CX12 41858 0.001169
42034 CX12 41860 0.001169
42034 CX12 41861 0.001169
42034 CX12 41862 0.001169
42034 CX12 41863 0.001169
42034 P2 42034 0.888000
42034 P2 41564 0.100800
42034 X0 42073 0.999666
42034 X0 42034 0.000111
42034 X0 42151 0.000111
42034 X0 42112 0.000111
42073 CX02 41860 0.991785
42073 CX02 41861 0.001174
42073 CX02 41862 0.001174
42073 CX02 41863 0.001174
42073 CX02 41856 0.001174
42073 CX02 41857 0.001174
42073 CX02 41858 0.001174
42073 CX02 41859 0.001174
42073 CX12 41861 0.991816
42073 CX12 41860 0.001169
42073 CX12 41863 0.001169
42073 CX12 41862 0.001169
42073 CX12 41856 0.001169
42073 CX12 41857 0.001169
42073 CX12 41858 0.001169
42073 CX12 41859 0.001169
42073 P2 42073 0.888000
42073 P2 41565 0.100800
42073 X0 42034 0.999666
42073 X0 42073 0.000111
42073 X0 42112 0.000111
42073 X0 42151 0.000111
42112 CX02 41863 0.991785
42112 CX02 41862 0.001174
42112 CX02 41861 0.001174
42112 CX02 41860 0.001174
42112 CX02 41859 0.001174
42112 CX02 41858 0.001174
42112 CX02 41857 0.001174
42112 CX02 41856 0.001174
42112 CX12 41862 0.991816
42112 CX12 41863 0.001169
42112 CX12 41860 0.001169
42112 CX12 41861 0.001169
42112 CX12 41859 0.001169
42112 CX12 41858 0.001169
42112 CX12 41857 0.001169
42112 CX12 41856 0.001169
42112 P2 42112 0.888000
42112 P2 41566 0.100800
42112 X0 42151 0.999666
42112 X0 42112 0.000111
42112 X0 42073 0.000111
42112 X0 42034 0.000111
42151 CX02 41858 0.991785
42151 CX02 41859 0.001174
42151 CX02 41856 0.001174
42151 CX02 41857 0.001174
42151 CX02 41862 0.001174
42151 CX02 41863 0.001174
42151 CX02 41860 0.001174
42151 CX02 41861 0.001174
42151 CX12 41858 0.991816
42151 CX12 41859 0.001169
42151 CX12 41856 0.001169
42151 CX12 41857 0.001169
42151 CX12 41863 0.001169
42151 CX12 41862 0.001169
42151 CX12 41861 0.001169
42151 CX12 41860 0.001169
42151 P2 42151 0.888000
42151 P2 41567 0.100800
42151 X0 42112 0.999666
42151 X0 42151 0.000111
42151 X0 42034 0.000111
42151 X0 42073 0.000111
ENDPOMDP
