BEGINPOMDP
INITIALSTATE: 194497
STATES: 194497,194498,194499,194500,194501,194518,194519,194520,194521,194522,194523,194524,194525,194544,194583,194622,194661,194682,194683,194684,194685,194974,194975,194976,194977,194978,194979,194980,194981,195152,195191,195230,195269
TARGETV: 194498,194500,194544,194622,194682,194685,195152,195269
GAMMA: 194497:0,194498:0,194499:0,194500:0,194501:0,194518:0,194519:0,194520:0,194521:0,194522:0,194523:0,194524:0,194525:0,194544:1,194583:1,194622:1,194661:1,194682:0,194683:0,194684:0,194685:0,194974:1,194975:1,194976:1,194977:1,194978:1,194979:1,194980:1,194981:1,195152:1,195191:1,195230:1,195269:1
BEGINACTIONS
CX02 Instruction.CNOT 0 2 -
CX12 Instruction.CNOT 1 2 -
P2 Instruction.MEAS - 2 -
X0 Instruction.U3 - 0 3.141592653589793,6.283185307179586,3.141592653589793
ENDACTIONS
194497 INIT_ 194498 0.250000
194497 INIT_ 194499 0.250000
194497 INIT_ 194500 0.250000
194497 INIT_ 194501 0.250000
194498 CX02 194518 0.908532
194498 CX02 194519 0.013067
194498 CX02 194520 0.013067
194498 CX02 194521 0.013067
194498 CX02 194522 0.013067
194498 CX02 194523 0.013067
194498 CX02 194524 0.013067
194498 CX02 194525 0.013067
194498 CX12 194518 0.916315
194498 CX12 194519 0.011955
194498 CX12 194520 0.011955
194498 CX12 194521 0.011955
194498 CX12 194523 0.011955
194498 CX12 194522 0.011955
194498 CX12 194525 0.011955
194498 CX12 194524 0.011955
194498 P2 194498 0.956000
194498 P2 194544 0.302000
194498 X0 194499 0.996863
194498 X0 194498 0.001046
194498 X0 194500 0.001046
194498 X0 194501 0.001046
194499 CX02 194523 0.908532
194499 CX02 194522 0.013067
194499 CX02 194525 0.013067
194499 CX02 194524 0.013067
194499 CX02 194519 0.013067
194499 CX02 194518 0.013067
194499 CX02 194521 0.013067
194499 CX02 194520 0.013067
194499 CX12 194522 0.916315
194499 CX12 194523 0.011955
194499 CX12 194524 0.011955
194499 CX12 194525 0.011955
194499 CX12 194519 0.011955
194499 CX12 194518 0.011955
194499 CX12 194521 0.011955
194499 CX12 194520 0.011955
194499 P2 194499 0.956000
194499 P2 194583 0.302000
194499 X0 194498 0.996863
194499 X0 194499 0.001046
194499 X0 194501 0.001046
194499 X0 194500 0.001046
194500 CX02 194521 0.908532
194500 CX02 194520 0.013067
194500 CX02 194519 0.013067
194500 CX02 194518 0.013067
194500 CX02 194525 0.013067
194500 CX02 194524 0.013067
194500 CX02 194523 0.013067
194500 CX02 194522 0.013067
194500 CX12 194521 0.916315
194500 CX12 194520 0.011955
194500 CX12 194519 0.011955
194500 CX12 194518 0.011955
194500 CX12 194524 0.011955
194500 CX12 194525 0.011955
194500 CX12 194522 0.011955
194500 CX12 194523 0.011955
194500 P2 194500 0.956000
194500 P2 194622 0.302000
194500 X0 194501 0.996863
194500 X0 194500 0.001046
194500 X0 194498 0.001046
194500 X0 194499 0.001046
194501 CX02 194524 0.908532
194501 CX02 194525 0.013067
194501 CX02 194522 0.013067
194501 CX02 194523 0.013067
194501 CX02 194520 0.013067
194501 CX02 194521 0.013067
194501 CX02 194518 0.013067
194501 CX02 194519 0.013067
194501 CX12 194525 0.916315
194501 CX12 194524 0.011955
194501 CX12 194523 0.011955
194501 CX12 194522 0.011955
194501 CX12 194520 0.011955
194501 CX12 194521 0.011955
194501 CX12 194518 0.011955
194501 CX12 194519 0.011955
194501 P2 194501 0.956000
194501 P2 194661 0.302000
194501 X0 194500 0.996863
194501 X0 194501 0.001046
194501 X0 194499 0.001046
194501 X0 194498 0.001046
194518 CX02 194498 0.908532
194518 CX02 194682 0.013067
194518 CX02 194499 0.013067
194518 CX02 194683 0.013067
194518 CX02 194501 0.013067
194518 CX02 194684 0.013067
194518 CX02 194500 0.013067
194518 CX02 194685 0.013067
194518 CX12 194498 0.916315
194518 CX12 194682 0.011955
194518 CX12 194499 0.011955
194518 CX12 194683 0.011955
194518 CX12 194501 0.011955
194518 CX12 194684 0.011955
194518 CX12 194500 0.011955
194518 CX12 194685 0.011955
194518 X0 194522 0.996863
194518 X0 194518 0.001046
194518 X0 194521 0.001046
194518 X0 194525 0.001046
194519 CX02 194682 0.908532
194519 CX02 194498 0.013067
194519 CX02 194683 0.013067
194519 CX02 194499 0.013067
194519 CX02 194684 0.013067
194519 CX02 194501 0.013067
194519 CX02 194685 0.013067
194519 CX02 194500 0.013067
194519 CX12 194682 0.916315
194519 CX12 194498 0.011955
194519 CX12 194683 0.011955
194519 CX12 194499 0.011955
194519 CX12 194684 0.011955
194519 CX12 194501 0.011955
194519 CX12 194685 0.011955
194519 CX12 194500 0.011955
194519 X0 194523 0.996863
194519 X0 194519 0.001046
194519 X0 194520 0.001046
194519 X0 194524 0.001046
194520 CX02 194685 0.908532
194520 CX02 194500 0.013067
194520 CX02 194684 0.013067
194520 CX02 194501 0.013067
194520 CX02 194683 0.013067
194520 CX02 194499 0.013067
194520 CX02 194682 0.013067
194520 CX02 194498 0.013067
194520 CX12 194685 0.916315
194520 CX12 194500 0.011955
194520 CX12 194684 0.011955
194520 CX12 194501 0.011955
194520 CX12 194683 0.011955
194520 CX12 194499 0.011955
194520 CX12 194682 0.011955
194520 CX12 194498 0.011955
194520 X0 194524 0.996863
194520 X0 194520 0.001046
194520 X0 194519 0.001046
194520 X0 194523 0.001046
194521 CX02 194500 0.908532
194521 CX02 194685 0.013067
194521 CX02 194501 0.013067
194521 CX02 194684 0.013067
194521 CX02 194499 0.013067
194521 CX02 194683 0.013067
194521 CX02 194498 0.013067
194521 CX02 194682 0.013067
194521 CX12 194500 0.916315
194521 CX12 194685 0.011955
194521 CX12 194501 0.011955
194521 CX12 194684 0.011955
194521 CX12 194499 0.011955
194521 CX12 194683 0.011955
194521 CX12 194498 0.011955
194521 CX12 194682 0.011955
194521 X0 194525 0.996863
194521 X0 194521 0.001046
194521 X0 194518 0.001046
194521 X0 194522 0.001046
194522 CX02 194683 0.908532
194522 CX02 194499 0.013067
194522 CX02 194682 0.013067
194522 CX02 194498 0.013067
194522 CX02 194685 0.013067
194522 CX02 194500 0.013067
194522 CX02 194684 0.013067
194522 CX02 194501 0.013067
194522 CX12 194499 0.916315
194522 CX12 194683 0.011955
194522 CX12 194498 0.011955
194522 CX12 194682 0.011955
194522 CX12 194500 0.011955
194522 CX12 194685 0.011955
194522 CX12 194501 0.011955
194522 CX12 194684 0.011955
194522 X0 194518 0.996863
194522 X0 194522 0.001046
194522 X0 194525 0.001046
194522 X0 194521 0.001046
194523 CX02 194499 0.908532
194523 CX02 194683 0.013067
194523 CX02 194498 0.013067
194523 CX02 194682 0.013067
194523 CX02 194500 0.013067
194523 CX02 194685 0.013067
194523 CX02 194501 0.013067
194523 CX02 194684 0.013067
194523 CX12 194683 0.916315
194523 CX12 194499 0.011955
194523 CX12 194682 0.011955
194523 CX12 194498 0.011955
194523 CX12 194685 0.011955
194523 CX12 194500 0.011955
194523 CX12 194684 0.011955
194523 CX12 194501 0.011955
194523 X0 194519 0.996863
194523 X0 194523 0.001046
194523 X0 194524 0.001046
194523 X0 194520 0.001046
194524 CX02 194501 0.908532
194524 CX02 194684 0.013067
194524 CX02 194500 0.013067
194524 CX02 194685 0.013067
194524 CX02 194498 0.013067
194524 CX02 194682 0.013067
194524 CX02 194499 0.013067
194524 CX02 194683 0.013067
194524 CX12 194684 0.916315
194524 CX12 194501 0.011955
194524 CX12 194685 0.011955
194524 CX12 194500 0.011955
194524 CX12 194682 0.011955
194524 CX12 194498 0.011955
194524 CX12 194683 0.011955
194524 CX12 194499 0.011955
194524 X0 194520 0.996863
194524 X0 194524 0.001046
194524 X0 194523 0.001046
194524 X0 194519 0.001046
194525 CX02 194684 0.908532
194525 CX02 194501 0.013067
194525 CX02 194685 0.013067
194525 CX02 194500 0.013067
194525 CX02 194682 0.013067
194525 CX02 194498 0.013067
194525 CX02 194683 0.013067
194525 CX02 194499 0.013067
194525 CX12 194501 0.916315
194525 CX12 194684 0.011955
194525 CX12 194500 0.011955
194525 CX12 194685 0.011955
194525 CX12 194498 0.011955
194525 CX12 194682 0.011955
194525 CX12 194499 0.011955
194525 CX12 194683 0.011955
194525 X0 194521 0.996863
194525 X0 194525 0.001046
194525 X0 194522 0.001046
194525 X0 194518 0.001046
194544 CX02 194974 0.908532
194544 CX02 194975 0.013067
194544 CX02 194976 0.013067
194544 CX02 194977 0.013067
194544 CX02 194978 0.013067
194544 CX02 194979 0.013067
194544 CX02 194980 0.013067
194544 CX02 194981 0.013067
194544 CX12 194974 0.916315
194544 CX12 194975 0.011955
194544 CX12 194976 0.011955
194544 CX12 194977 0.011955
194544 CX12 194979 0.011955
194544 CX12 194978 0.011955
194544 CX12 194981 0.011955
194544 CX12 194980 0.011955
194544 P2 194498 0.956000
194544 P2 194544 0.302000
194544 X0 194583 0.996863
194544 X0 194544 0.001046
194544 X0 194622 0.001046
194544 X0 194661 0.001046
194583 CX02 194979 0.908532
194583 CX02 194978 0.013067
194583 CX02 194981 0.013067
194583 CX02 194980 0.013067
194583 CX02 194975 0.013067
194583 CX02 194974 0.013067
194583 CX02 194977 0.013067
194583 CX02 194976 0.013067
194583 CX12 194978 0.916315
194583 CX12 194979 0.011955
194583 CX12 194980 0.011955
194583 CX12 194981 0.011955
194583 CX12 194975 0.011955
194583 CX12 194974 0.011955
194583 CX12 194977 0.011955
194583 CX12 194976 0.011955
194583 P2 194499 0.956000
194583 P2 194583 0.302000
194583 X0 194544 0.996863
194583 X0 194583 0.001046
194583 X0 194661 0.001046
194583 X0 194622 0.001046
194622 CX02 194977 0.908532
194622 CX02 194976 0.013067
194622 CX02 194975 0.013067
194622 CX02 194974 0.013067
194622 CX02 194981 0.013067
194622 CX02 194980 0.013067
194622 CX02 194979 0.013067
194622 CX02 194978 0.013067
194622 CX12 194977 0.916315
194622 CX12 194976 0.011955
194622 CX12 194975 0.011955
194622 CX12 194974 0.011955
194622 CX12 194980 0.011955
194622 CX12 194981 0.011955
194622 CX12 194978 0.011955
194622 CX12 194979 0.011955
194622 P2 194500 0.956000
194622 P2 194622 0.302000
194622 X0 194661 0.996863
194622 X0 194622 0.001046
194622 X0 194544 0.001046
194622 X0 194583 0.001046
194661 CX02 194980 0.908532
194661 CX02 194981 0.013067
194661 CX02 194978 0.013067
194661 CX02 194979 0.013067
194661 CX02 194976 0.013067
194661 CX02 194977 0.013067
194661 CX02 194974 0.013067
194661 CX02 194975 0.013067
194661 CX12 194981 0.916315
194661 CX12 194980 0.011955
194661 CX12 194979 0.011955
194661 CX12 194978 0.011955
194661 CX12 194976 0.011955
194661 CX12 194977 0.011955
194661 CX12 194974 0.011955
194661 CX12 194975 0.011955
194661 P2 194501 0.956000
194661 P2 194661 0.302000
194661 X0 194622 0.996863
194661 X0 194661 0.001046
194661 X0 194583 0.001046
194661 X0 194544 0.001046
194682 CX02 194519 0.908532
194682 CX02 194518 0.013067
194682 CX02 194521 0.013067
194682 CX02 194520 0.013067
194682 CX02 194523 0.013067
194682 CX02 194522 0.013067
194682 CX02 194525 0.013067
194682 CX02 194524 0.013067
194682 CX12 194519 0.916315
194682 CX12 194518 0.011955
194682 CX12 194521 0.011955
194682 CX12 194520 0.011955
194682 CX12 194522 0.011955
194682 CX12 194523 0.011955
194682 CX12 194524 0.011955
194682 CX12 194525 0.011955
194682 P2 195152 0.698000
194682 P2 194682 0.044000
194682 X0 194683 0.996863
194682 X0 194682 0.001046
194682 X0 194685 0.001046
194682 X0 194684 0.001046
194683 CX02 194522 0.908532
194683 CX02 194523 0.013067
194683 CX02 194524 0.013067
194683 CX02 194525 0.013067
194683 CX02 194518 0.013067
194683 CX02 194519 0.013067
194683 CX02 194520 0.013067
194683 CX02 194521 0.013067
194683 CX12 194523 0.916315
194683 CX12 194522 0.011955
194683 CX12 194525 0.011955
194683 CX12 194524 0.011955
194683 CX12 194518 0.011955
194683 CX12 194519 0.011955
194683 CX12 194520 0.011955
194683 CX12 194521 0.011955
194683 P2 195191 0.698000
194683 P2 194683 0.044000
194683 X0 194682 0.996863
194683 X0 194683 0.001046
194683 X0 194684 0.001046
194683 X0 194685 0.001046
194684 CX02 194525 0.908532
194684 CX02 194524 0.013067
194684 CX02 194523 0.013067
194684 CX02 194522 0.013067
194684 CX02 194521 0.013067
194684 CX02 194520 0.013067
194684 CX02 194519 0.013067
194684 CX02 194518 0.013067
194684 CX12 194524 0.916315
194684 CX12 194525 0.011955
194684 CX12 194522 0.011955
194684 CX12 194523 0.011955
194684 CX12 194521 0.011955
194684 CX12 194520 0.011955
194684 CX12 194519 0.011955
194684 CX12 194518 0.011955
194684 P2 195230 0.698000
194684 P2 194684 0.044000
194684 X0 194685 0.996863
194684 X0 194684 0.001046
194684 X0 194683 0.001046
194684 X0 194682 0.001046
194685 CX02 194520 0.908532
194685 CX02 194521 0.013067
194685 CX02 194518 0.013067
194685 CX02 194519 0.013067
194685 CX02 194524 0.013067
194685 CX02 194525 0.013067
194685 CX02 194522 0.013067
194685 CX02 194523 0.013067
194685 CX12 194520 0.916315
194685 CX12 194521 0.011955
194685 CX12 194518 0.011955
194685 CX12 194519 0.011955
194685 CX12 194525 0.011955
194685 CX12 194524 0.011955
194685 CX12 194523 0.011955
194685 CX12 194522 0.011955
194685 P2 195269 0.698000
194685 P2 194685 0.044000
194685 X0 194684 0.996863
194685 X0 194685 0.001046
194685 X0 194682 0.001046
194685 X0 194683 0.001046
194974 CX02 194544 0.908532
194974 CX02 195152 0.013067
194974 CX02 194583 0.013067
194974 CX02 195191 0.013067
194974 CX02 194661 0.013067
194974 CX02 195230 0.013067
194974 CX02 194622 0.013067
194974 CX02 195269 0.013067
194974 CX12 194544 0.916315
194974 CX12 195152 0.011955
194974 CX12 194583 0.011955
194974 CX12 195191 0.011955
194974 CX12 194661 0.011955
194974 CX12 195230 0.011955
194974 CX12 194622 0.011955
194974 CX12 195269 0.011955
194974 X0 194978 0.996863
194974 X0 194974 0.001046
194974 X0 194977 0.001046
194974 X0 194981 0.001046
194975 CX02 195152 0.908532
194975 CX02 194544 0.013067
194975 CX02 195191 0.013067
194975 CX02 194583 0.013067
194975 CX02 195230 0.013067
194975 CX02 194661 0.013067
194975 CX02 195269 0.013067
194975 CX02 194622 0.013067
194975 CX12 195152 0.916315
194975 CX12 194544 0.011955
194975 CX12 195191 0.011955
194975 CX12 194583 0.011955
194975 CX12 195230 0.011955
194975 CX12 194661 0.011955
194975 CX12 195269 0.011955
194975 CX12 194622 0.011955
194975 X0 194979 0.996863
194975 X0 194975 0.001046
194975 X0 194976 0.001046
194975 X0 194980 0.001046
194976 CX02 195269 0.908532
194976 CX02 194622 0.013067
194976 CX02 195230 0.013067
194976 CX02 194661 0.013067
194976 CX02 195191 0.013067
194976 CX02 194583 0.013067
194976 CX02 195152 0.013067
194976 CX02 194544 0.013067
194976 CX12 195269 0.916315
194976 CX12 194622 0.011955
194976 CX12 195230 0.011955
194976 CX12 194661 0.011955
194976 CX12 195191 0.011955
194976 CX12 194583 0.011955
194976 CX12 195152 0.011955
194976 CX12 194544 0.011955
194976 X0 194980 0.996863
194976 X0 194976 0.001046
194976 X0 194975 0.001046
194976 X0 194979 0.001046
194977 CX02 194622 0.908532
194977 CX02 195269 0.013067
194977 CX02 194661 0.013067
194977 CX02 195230 0.013067
194977 CX02 194583 0.013067
194977 CX02 195191 0.013067
194977 CX02 194544 0.013067
194977 CX02 195152 0.013067
194977 CX12 194622 0.916315
194977 CX12 195269 0.011955
194977 CX12 194661 0.011955
194977 CX12 195230 0.011955
194977 CX12 194583 0.011955
194977 CX12 195191 0.011955
194977 CX12 194544 0.011955
194977 CX12 195152 0.011955
194977 X0 194981 0.996863
194977 X0 194977 0.001046
194977 X0 194974 0.001046
194977 X0 194978 0.001046
194978 CX02 195191 0.908532
194978 CX02 194583 0.013067
194978 CX02 195152 0.013067
194978 CX02 194544 0.013067
194978 CX02 195269 0.013067
194978 CX02 194622 0.013067
194978 CX02 195230 0.013067
194978 CX02 194661 0.013067
194978 CX12 194583 0.916315
194978 CX12 195191 0.011955
194978 CX12 194544 0.011955
194978 CX12 195152 0.011955
194978 CX12 194622 0.011955
194978 CX12 195269 0.011955
194978 CX12 194661 0.011955
194978 CX12 195230 0.011955
194978 X0 194974 0.996863
194978 X0 194978 0.001046
194978 X0 194981 0.001046
194978 X0 194977 0.001046
194979 CX02 194583 0.908532
194979 CX02 195191 0.013067
194979 CX02 194544 0.013067
194979 CX02 195152 0.013067
194979 CX02 194622 0.013067
194979 CX02 195269 0.013067
194979 CX02 194661 0.013067
194979 CX02 195230 0.013067
194979 CX12 195191 0.916315
194979 CX12 194583 0.011955
194979 CX12 195152 0.011955
194979 CX12 194544 0.011955
194979 CX12 195269 0.011955
194979 CX12 194622 0.011955
194979 CX12 195230 0.011955
194979 CX12 194661 0.011955
194979 X0 194975 0.996863
194979 X0 194979 0.001046
194979 X0 194980 0.001046
194979 X0 194976 0.001046
194980 CX02 194661 0.908532
194980 CX02 195230 0.013067
194980 CX02 194622 0.013067
194980 CX02 195269 0.013067
194980 CX02 194544 0.013067
194980 CX02 195152 0.013067
194980 CX02 194583 0.013067
194980 CX02 195191 0.013067
194980 CX12 195230 0.916315
194980 CX12 194661 0.011955
194980 CX12 195269 0.011955
194980 CX12 194622 0.011955
194980 CX12 195152 0.011955
194980 CX12 194544 0.011955
194980 CX12 195191 0.011955
194980 CX12 194583 0.011955
194980 X0 194976 0.996863
194980 X0 194980 0.001046
194980 X0 194979 0.001046
194980 X0 194975 0.001046
194981 CX02 195230 0.908532
194981 CX02 194661 0.013067
194981 CX02 195269 0.013067
194981 CX02 194622 0.013067
194981 CX02 195152 0.013067
194981 CX02 194544 0.013067
194981 CX02 195191 0.013067
194981 CX02 194583 0.013067
194981 CX12 194661 0.916315
194981 CX12 195230 0.011955
194981 CX12 194622 0.011955
194981 CX12 195269 0.011955
194981 CX12 194544 0.011955
194981 CX12 195152 0.011955
194981 CX12 194583 0.011955
194981 CX12 195191 0.011955
194981 X0 194977 0.996863
194981 X0 194981 0.001046
194981 X0 194978 0.001046
194981 X0 194974 0.001046
195152 CX02 194975 0.908532
195152 CX02 194974 0.013067
195152 CX02 194977 0.013067
195152 CX02 194976 0.013067
195152 CX02 194979 0.013067
195152 CX02 194978 0.013067
195152 CX02 194981 0.013067
195152 CX02 194980 0.013067
195152 CX12 194975 0.916315
195152 CX12 194974 0.011955
195152 CX12 194977 0.011955
195152 CX12 194976 0.011955
195152 CX12 194978 0.011955
195152 CX12 194979 0.011955
195152 CX12 194980 0.011955
195152 CX12 194981 0.011955
195152 P2 195152 0.698000
195152 P2 194682 0.044000
195152 X0 195191 0.996863
195152 X0 195152 0.001046
195152 X0 195269 0.001046
195152 X0 195230 0.001046
195191 CX02 194978 0.908532
195191 CX02 194979 0.013067
195191 CX02 194980 0.013067
195191 CX02 194981 0.013067
195191 CX02 194974 0.013067
195191 CX02 194975 0.013067
195191 CX02 194976 0.013067
195191 CX02 194977 0.013067
195191 CX12 194979 0.916315
195191 CX12 194978 0.011955
195191 CX12 194981 0.011955
195191 CX12 194980 0.011955
195191 CX12 194974 0.011955
195191 CX12 194975 0.011955
195191 CX12 194976 0.011955
195191 CX12 194977 0.011955
195191 P2 195191 0.698000
195191 P2 194683 0.044000
195191 X0 195152 0.996863
195191 X0 195191 0.001046
195191 X0 195230 0.001046
195191 X0 195269 0.001046
195230 CX02 194981 0.908532
195230 CX02 194980 0.013067
195230 CX02 194979 0.013067
195230 CX02 194978 0.013067
195230 CX02 194977 0.013067
195230 CX02 194976 0.013067
195230 CX02 194975 0.013067
195230 CX02 194974 0.013067
195230 CX12 194980 0.916315
195230 CX12 194981 0.011955
195230 CX12 194978 0.011955
195230 CX12 194979 0.011955
195230 CX12 194977 0.011955
195230 CX12 194976 0.011955
195230 CX12 194975 0.011955
195230 CX12 194974 0.011955
195230 P2 195230 0.698000
195230 P2 194684 0.044000
195230 X0 195269 0.996863
195230 X0 195230 0.001046
195230 X0 195191 0.001046
195230 X0 195152 0.001046
195269 CX02 194976 0.908532
195269 CX02 194977 0.013067
195269 CX02 194974 0.013067
195269 CX02 194975 0.013067
195269 CX02 194980 0.013067
195269 CX02 194981 0.013067
195269 CX02 194978 0.013067
195269 CX02 194979 0.013067
195269 CX12 194976 0.916315
195269 CX12 194977 0.011955
195269 CX12 194974 0.011955
195269 CX12 194975 0.011955
195269 CX12 194981 0.011955
195269 CX12 194980 0.011955
195269 CX12 194979 0.011955
195269 CX12 194978 0.011955
195269 P2 195269 0.698000
195269 P2 194685 0.044000
195269 X0 195230 0.996863
195269 X0 195269 0.001046
195269 X0 195152 0.001046
195269 X0 195191 0.001046
ENDPOMDP
