BEGINPOMDP
INITIALSTATE: 141173
STATES: 141173,141174,141175,141176,141177,141194,141195,141196,141197,141198,141199,141200,141201,141220,141259,141298,141337,141358,141359,141360,141361,141650,141651,141652,141653,141654,141655,141656,141657,141828,141867,141906,141945
TARGETV: 141174,141176,141220,141298,141358,141361,141828,141945
GAMMA: 141173:0,141174:0,141175:0,141176:0,141177:0,141194:0,141195:0,141196:0,141197:0,141198:0,141199:0,141200:0,141201:0,141220:1,141259:1,141298:1,141337:1,141358:0,141359:0,141360:0,141361:0,141650:1,141651:1,141652:1,141653:1,141654:1,141655:1,141656:1,141657:1,141828:1,141867:1,141906:1,141945:1
BEGINACTIONS
CX02
CX12
P2
X0
ENDACTIONS
141173 INIT_ 141174 0.250000
141173 INIT_ 141175 0.250000
141173 INIT_ 141176 0.250000
141173 INIT_ 141177 0.250000
141174 CX02 141194 0.988193
141174 CX02 141195 0.001687
141174 CX02 141196 0.001687
141174 CX02 141197 0.001687
141174 CX02 141198 0.001687
141174 CX02 141199 0.001687
141174 CX02 141200 0.001687
141174 CX02 141201 0.001687
141174 CX12 141194 0.988094
141174 CX12 141195 0.001701
141174 CX12 141196 0.001701
141174 CX12 141197 0.001701
141174 CX12 141199 0.001701
141174 CX12 141198 0.001701
141174 CX12 141201 0.001701
141174 CX12 141200 0.001701
141174 P2 141174 0.990800
141174 P2 141220 0.009200
141174 X0 141175 0.999543
141174 X0 141174 0.000152
141174 X0 141176 0.000152
141174 X0 141177 0.000152
141175 CX02 141199 0.988193
141175 CX02 141198 0.001687
141175 CX02 141201 0.001687
141175 CX02 141200 0.001687
141175 CX02 141195 0.001687
141175 CX02 141194 0.001687
141175 CX02 141197 0.001687
141175 CX02 141196 0.001687
141175 CX12 141198 0.988094
141175 CX12 141199 0.001701
141175 CX12 141200 0.001701
141175 CX12 141201 0.001701
141175 CX12 141195 0.001701
141175 CX12 141194 0.001701
141175 CX12 141197 0.001701
141175 CX12 141196 0.001701
141175 P2 141175 0.990800
141175 P2 141259 0.009200
141175 X0 141174 0.999543
141175 X0 141175 0.000152
141175 X0 141177 0.000152
141175 X0 141176 0.000152
141176 CX02 141197 0.988193
141176 CX02 141196 0.001687
141176 CX02 141195 0.001687
141176 CX02 141194 0.001687
141176 CX02 141201 0.001687
141176 CX02 141200 0.001687
141176 CX02 141199 0.001687
141176 CX02 141198 0.001687
141176 CX12 141197 0.988094
141176 CX12 141196 0.001701
141176 CX12 141195 0.001701
141176 CX12 141194 0.001701
141176 CX12 141200 0.001701
141176 CX12 141201 0.001701
141176 CX12 141198 0.001701
141176 CX12 141199 0.001701
141176 P2 141176 0.990800
141176 P2 141298 0.009200
141176 X0 141177 0.999543
141176 X0 141176 0.000152
141176 X0 141174 0.000152
141176 X0 141175 0.000152
141177 CX02 141200 0.988193
141177 CX02 141201 0.001687
141177 CX02 141198 0.001687
141177 CX02 141199 0.001687
141177 CX02 141196 0.001687
141177 CX02 141197 0.001687
141177 CX02 141194 0.001687
141177 CX02 141195 0.001687
141177 CX12 141201 0.988094
141177 CX12 141200 0.001701
141177 CX12 141199 0.001701
141177 CX12 141198 0.001701
141177 CX12 141196 0.001701
141177 CX12 141197 0.001701
141177 CX12 141194 0.001701
141177 CX12 141195 0.001701
141177 P2 141177 0.990800
141177 P2 141337 0.009200
141177 X0 141176 0.999543
141177 X0 141177 0.000152
141177 X0 141175 0.000152
141177 X0 141174 0.000152
141194 CX02 141174 0.988193
141194 CX02 141358 0.001687
141194 CX02 141175 0.001687
141194 CX02 141359 0.001687
141194 CX02 141177 0.001687
141194 CX02 141360 0.001687
141194 CX02 141176 0.001687
141194 CX02 141361 0.001687
141194 CX12 141174 0.988094
141194 CX12 141358 0.001701
141194 CX12 141175 0.001701
141194 CX12 141359 0.001701
141194 CX12 141177 0.001701
141194 CX12 141360 0.001701
141194 CX12 141176 0.001701
141194 CX12 141361 0.001701
141194 X0 141198 0.999543
141194 X0 141194 0.000152
141194 X0 141197 0.000152
141194 X0 141201 0.000152
141195 CX02 141358 0.988193
141195 CX02 141174 0.001687
141195 CX02 141359 0.001687
141195 CX02 141175 0.001687
141195 CX02 141360 0.001687
141195 CX02 141177 0.001687
141195 CX02 141361 0.001687
141195 CX02 141176 0.001687
141195 CX12 141358 0.988094
141195 CX12 141174 0.001701
141195 CX12 141359 0.001701
141195 CX12 141175 0.001701
141195 CX12 141360 0.001701
141195 CX12 141177 0.001701
141195 CX12 141361 0.001701
141195 CX12 141176 0.001701
141195 X0 141199 0.999543
141195 X0 141195 0.000152
141195 X0 141196 0.000152
141195 X0 141200 0.000152
141196 CX02 141361 0.988193
141196 CX02 141176 0.001687
141196 CX02 141360 0.001687
141196 CX02 141177 0.001687
141196 CX02 141359 0.001687
141196 CX02 141175 0.001687
141196 CX02 141358 0.001687
141196 CX02 141174 0.001687
141196 CX12 141361 0.988094
141196 CX12 141176 0.001701
141196 CX12 141360 0.001701
141196 CX12 141177 0.001701
141196 CX12 141359 0.001701
141196 CX12 141175 0.001701
141196 CX12 141358 0.001701
141196 CX12 141174 0.001701
141196 X0 141200 0.999543
141196 X0 141196 0.000152
141196 X0 141195 0.000152
141196 X0 141199 0.000152
141197 CX02 141176 0.988193
141197 CX02 141361 0.001687
141197 CX02 141177 0.001687
141197 CX02 141360 0.001687
141197 CX02 141175 0.001687
141197 CX02 141359 0.001687
141197 CX02 141174 0.001687
141197 CX02 141358 0.001687
141197 CX12 141176 0.988094
141197 CX12 141361 0.001701
141197 CX12 141177 0.001701
141197 CX12 141360 0.001701
141197 CX12 141175 0.001701
141197 CX12 141359 0.001701
141197 CX12 141174 0.001701
141197 CX12 141358 0.001701
141197 X0 141201 0.999543
141197 X0 141197 0.000152
141197 X0 141194 0.000152
141197 X0 141198 0.000152
141198 CX02 141359 0.988193
141198 CX02 141175 0.001687
141198 CX02 141358 0.001687
141198 CX02 141174 0.001687
141198 CX02 141361 0.001687
141198 CX02 141176 0.001687
141198 CX02 141360 0.001687
141198 CX02 141177 0.001687
141198 CX12 141175 0.988094
141198 CX12 141359 0.001701
141198 CX12 141174 0.001701
141198 CX12 141358 0.001701
141198 CX12 141176 0.001701
141198 CX12 141361 0.001701
141198 CX12 141177 0.001701
141198 CX12 141360 0.001701
141198 X0 141194 0.999543
141198 X0 141198 0.000152
141198 X0 141201 0.000152
141198 X0 141197 0.000152
141199 CX02 141175 0.988193
141199 CX02 141359 0.001687
141199 CX02 141174 0.001687
141199 CX02 141358 0.001687
141199 CX02 141176 0.001687
141199 CX02 141361 0.001687
141199 CX02 141177 0.001687
141199 CX02 141360 0.001687
141199 CX12 141359 0.988094
141199 CX12 141175 0.001701
141199 CX12 141358 0.001701
141199 CX12 141174 0.001701
141199 CX12 141361 0.001701
141199 CX12 141176 0.001701
141199 CX12 141360 0.001701
141199 CX12 141177 0.001701
141199 X0 141195 0.999543
141199 X0 141199 0.000152
141199 X0 141200 0.000152
141199 X0 141196 0.000152
141200 CX02 141177 0.988193
141200 CX02 141360 0.001687
141200 CX02 141176 0.001687
141200 CX02 141361 0.001687
141200 CX02 141174 0.001687
141200 CX02 141358 0.001687
141200 CX02 141175 0.001687
141200 CX02 141359 0.001687
141200 CX12 141360 0.988094
141200 CX12 141177 0.001701
141200 CX12 141361 0.001701
141200 CX12 141176 0.001701
141200 CX12 141358 0.001701
141200 CX12 141174 0.001701
141200 CX12 141359 0.001701
141200 CX12 141175 0.001701
141200 X0 141196 0.999543
141200 X0 141200 0.000152
141200 X0 141199 0.000152
141200 X0 141195 0.000152
141201 CX02 141360 0.988193
141201 CX02 141177 0.001687
141201 CX02 141361 0.001687
141201 CX02 141176 0.001687
141201 CX02 141358 0.001687
141201 CX02 141174 0.001687
141201 CX02 141359 0.001687
141201 CX02 141175 0.001687
141201 CX12 141177 0.988094
141201 CX12 141360 0.001701
141201 CX12 141176 0.001701
141201 CX12 141361 0.001701
141201 CX12 141174 0.001701
141201 CX12 141358 0.001701
141201 CX12 141175 0.001701
141201 CX12 141359 0.001701
141201 X0 141197 0.999543
141201 X0 141201 0.000152
141201 X0 141198 0.000152
141201 X0 141194 0.000152
141220 CX02 141650 0.988193
141220 CX02 141651 0.001687
141220 CX02 141652 0.001687
141220 CX02 141653 0.001687
141220 CX02 141654 0.001687
141220 CX02 141655 0.001687
141220 CX02 141656 0.001687
141220 CX02 141657 0.001687
141220 CX12 141650 0.988094
141220 CX12 141651 0.001701
141220 CX12 141652 0.001701
141220 CX12 141653 0.001701
141220 CX12 141655 0.001701
141220 CX12 141654 0.001701
141220 CX12 141657 0.001701
141220 CX12 141656 0.001701
141220 P2 141174 0.990800
141220 P2 141220 0.009200
141220 X0 141259 0.999543
141220 X0 141220 0.000152
141220 X0 141298 0.000152
141220 X0 141337 0.000152
141259 CX02 141655 0.988193
141259 CX02 141654 0.001687
141259 CX02 141657 0.001687
141259 CX02 141656 0.001687
141259 CX02 141651 0.001687
141259 CX02 141650 0.001687
141259 CX02 141653 0.001687
141259 CX02 141652 0.001687
141259 CX12 141654 0.988094
141259 CX12 141655 0.001701
141259 CX12 141656 0.001701
141259 CX12 141657 0.001701
141259 CX12 141651 0.001701
141259 CX12 141650 0.001701
141259 CX12 141653 0.001701
141259 CX12 141652 0.001701
141259 P2 141175 0.990800
141259 P2 141259 0.009200
141259 X0 141220 0.999543
141259 X0 141259 0.000152
141259 X0 141337 0.000152
141259 X0 141298 0.000152
141298 CX02 141653 0.988193
141298 CX02 141652 0.001687
141298 CX02 141651 0.001687
141298 CX02 141650 0.001687
141298 CX02 141657 0.001687
141298 CX02 141656 0.001687
141298 CX02 141655 0.001687
141298 CX02 141654 0.001687
141298 CX12 141653 0.988094
141298 CX12 141652 0.001701
141298 CX12 141651 0.001701
141298 CX12 141650 0.001701
141298 CX12 141656 0.001701
141298 CX12 141657 0.001701
141298 CX12 141654 0.001701
141298 CX12 141655 0.001701
141298 P2 141176 0.990800
141298 P2 141298 0.009200
141298 X0 141337 0.999543
141298 X0 141298 0.000152
141298 X0 141220 0.000152
141298 X0 141259 0.000152
141337 CX02 141656 0.988193
141337 CX02 141657 0.001687
141337 CX02 141654 0.001687
141337 CX02 141655 0.001687
141337 CX02 141652 0.001687
141337 CX02 141653 0.001687
141337 CX02 141650 0.001687
141337 CX02 141651 0.001687
141337 CX12 141657 0.988094
141337 CX12 141656 0.001701
141337 CX12 141655 0.001701
141337 CX12 141654 0.001701
141337 CX12 141652 0.001701
141337 CX12 141653 0.001701
141337 CX12 141650 0.001701
141337 CX12 141651 0.001701
141337 P2 141177 0.990800
141337 P2 141337 0.009200
141337 X0 141298 0.999543
141337 X0 141337 0.000152
141337 X0 141259 0.000152
141337 X0 141220 0.000152
141358 CX02 141195 0.988193
141358 CX02 141194 0.001687
141358 CX02 141197 0.001687
141358 CX02 141196 0.001687
141358 CX02 141199 0.001687
141358 CX02 141198 0.001687
141358 CX02 141201 0.001687
141358 CX02 141200 0.001687
141358 CX12 141195 0.988094
141358 CX12 141194 0.001701
141358 CX12 141197 0.001701
141358 CX12 141196 0.001701
141358 CX12 141198 0.001701
141358 CX12 141199 0.001701
141358 CX12 141200 0.001701
141358 CX12 141201 0.001701
141358 P2 141828 0.970400
141358 P2 141358 0.029600
141358 X0 141359 0.999543
141358 X0 141358 0.000152
141358 X0 141361 0.000152
141358 X0 141360 0.000152
141359 CX02 141198 0.988193
141359 CX02 141199 0.001687
141359 CX02 141200 0.001687
141359 CX02 141201 0.001687
141359 CX02 141194 0.001687
141359 CX02 141195 0.001687
141359 CX02 141196 0.001687
141359 CX02 141197 0.001687
141359 CX12 141199 0.988094
141359 CX12 141198 0.001701
141359 CX12 141201 0.001701
141359 CX12 141200 0.001701
141359 CX12 141194 0.001701
141359 CX12 141195 0.001701
141359 CX12 141196 0.001701
141359 CX12 141197 0.001701
141359 P2 141867 0.970400
141359 P2 141359 0.029600
141359 X0 141358 0.999543
141359 X0 141359 0.000152
141359 X0 141360 0.000152
141359 X0 141361 0.000152
141360 CX02 141201 0.988193
141360 CX02 141200 0.001687
141360 CX02 141199 0.001687
141360 CX02 141198 0.001687
141360 CX02 141197 0.001687
141360 CX02 141196 0.001687
141360 CX02 141195 0.001687
141360 CX02 141194 0.001687
141360 CX12 141200 0.988094
141360 CX12 141201 0.001701
141360 CX12 141198 0.001701
141360 CX12 141199 0.001701
141360 CX12 141197 0.001701
141360 CX12 141196 0.001701
141360 CX12 141195 0.001701
141360 CX12 141194 0.001701
141360 P2 141906 0.970400
141360 P2 141360 0.029600
141360 X0 141361 0.999543
141360 X0 141360 0.000152
141360 X0 141359 0.000152
141360 X0 141358 0.000152
141361 CX02 141196 0.988193
141361 CX02 141197 0.001687
141361 CX02 141194 0.001687
141361 CX02 141195 0.001687
141361 CX02 141200 0.001687
141361 CX02 141201 0.001687
141361 CX02 141198 0.001687
141361 CX02 141199 0.001687
141361 CX12 141196 0.988094
141361 CX12 141197 0.001701
141361 CX12 141194 0.001701
141361 CX12 141195 0.001701
141361 CX12 141201 0.001701
141361 CX12 141200 0.001701
141361 CX12 141199 0.001701
141361 CX12 141198 0.001701
141361 P2 141945 0.970400
141361 P2 141361 0.029600
141361 X0 141360 0.999543
141361 X0 141361 0.000152
141361 X0 141358 0.000152
141361 X0 141359 0.000152
141650 CX02 141220 0.988193
141650 CX02 141828 0.001687
141650 CX02 141259 0.001687
141650 CX02 141867 0.001687
141650 CX02 141337 0.001687
141650 CX02 141906 0.001687
141650 CX02 141298 0.001687
141650 CX02 141945 0.001687
141650 CX12 141220 0.988094
141650 CX12 141828 0.001701
141650 CX12 141259 0.001701
141650 CX12 141867 0.001701
141650 CX12 141337 0.001701
141650 CX12 141906 0.001701
141650 CX12 141298 0.001701
141650 CX12 141945 0.001701
141650 X0 141654 0.999543
141650 X0 141650 0.000152
141650 X0 141653 0.000152
141650 X0 141657 0.000152
141651 CX02 141828 0.988193
141651 CX02 141220 0.001687
141651 CX02 141867 0.001687
141651 CX02 141259 0.001687
141651 CX02 141906 0.001687
141651 CX02 141337 0.001687
141651 CX02 141945 0.001687
141651 CX02 141298 0.001687
141651 CX12 141828 0.988094
141651 CX12 141220 0.001701
141651 CX12 141867 0.001701
141651 CX12 141259 0.001701
141651 CX12 141906 0.001701
141651 CX12 141337 0.001701
141651 CX12 141945 0.001701
141651 CX12 141298 0.001701
141651 X0 141655 0.999543
141651 X0 141651 0.000152
141651 X0 141652 0.000152
141651 X0 141656 0.000152
141652 CX02 141945 0.988193
141652 CX02 141298 0.001687
141652 CX02 141906 0.001687
141652 CX02 141337 0.001687
141652 CX02 141867 0.001687
141652 CX02 141259 0.001687
141652 CX02 141828 0.001687
141652 CX02 141220 0.001687
141652 CX12 141945 0.988094
141652 CX12 141298 0.001701
141652 CX12 141906 0.001701
141652 CX12 141337 0.001701
141652 CX12 141867 0.001701
141652 CX12 141259 0.001701
141652 CX12 141828 0.001701
141652 CX12 141220 0.001701
141652 X0 141656 0.999543
141652 X0 141652 0.000152
141652 X0 141651 0.000152
141652 X0 141655 0.000152
141653 CX02 141298 0.988193
141653 CX02 141945 0.001687
141653 CX02 141337 0.001687
141653 CX02 141906 0.001687
141653 CX02 141259 0.001687
141653 CX02 141867 0.001687
141653 CX02 141220 0.001687
141653 CX02 141828 0.001687
141653 CX12 141298 0.988094
141653 CX12 141945 0.001701
141653 CX12 141337 0.001701
141653 CX12 141906 0.001701
141653 CX12 141259 0.001701
141653 CX12 141867 0.001701
141653 CX12 141220 0.001701
141653 CX12 141828 0.001701
141653 X0 141657 0.999543
141653 X0 141653 0.000152
141653 X0 141650 0.000152
141653 X0 141654 0.000152
141654 CX02 141867 0.988193
141654 CX02 141259 0.001687
141654 CX02 141828 0.001687
141654 CX02 141220 0.001687
141654 CX02 141945 0.001687
141654 CX02 141298 0.001687
141654 CX02 141906 0.001687
141654 CX02 141337 0.001687
141654 CX12 141259 0.988094
141654 CX12 141867 0.001701
141654 CX12 141220 0.001701
141654 CX12 141828 0.001701
141654 CX12 141298 0.001701
141654 CX12 141945 0.001701
141654 CX12 141337 0.001701
141654 CX12 141906 0.001701
141654 X0 141650 0.999543
141654 X0 141654 0.000152
141654 X0 141657 0.000152
141654 X0 141653 0.000152
141655 CX02 141259 0.988193
141655 CX02 141867 0.001687
141655 CX02 141220 0.001687
141655 CX02 141828 0.001687
141655 CX02 141298 0.001687
141655 CX02 141945 0.001687
141655 CX02 141337 0.001687
141655 CX02 141906 0.001687
141655 CX12 141867 0.988094
141655 CX12 141259 0.001701
141655 CX12 141828 0.001701
141655 CX12 141220 0.001701
141655 CX12 141945 0.001701
141655 CX12 141298 0.001701
141655 CX12 141906 0.001701
141655 CX12 141337 0.001701
141655 X0 141651 0.999543
141655 X0 141655 0.000152
141655 X0 141656 0.000152
141655 X0 141652 0.000152
141656 CX02 141337 0.988193
141656 CX02 141906 0.001687
141656 CX02 141298 0.001687
141656 CX02 141945 0.001687
141656 CX02 141220 0.001687
141656 CX02 141828 0.001687
141656 CX02 141259 0.001687
141656 CX02 141867 0.001687
141656 CX12 141906 0.988094
141656 CX12 141337 0.001701
141656 CX12 141945 0.001701
141656 CX12 141298 0.001701
141656 CX12 141828 0.001701
141656 CX12 141220 0.001701
141656 CX12 141867 0.001701
141656 CX12 141259 0.001701
141656 X0 141652 0.999543
141656 X0 141656 0.000152
141656 X0 141655 0.000152
141656 X0 141651 0.000152
141657 CX02 141906 0.988193
141657 CX02 141337 0.001687
141657 CX02 141945 0.001687
141657 CX02 141298 0.001687
141657 CX02 141828 0.001687
141657 CX02 141220 0.001687
141657 CX02 141867 0.001687
141657 CX02 141259 0.001687
141657 CX12 141337 0.988094
141657 CX12 141906 0.001701
141657 CX12 141298 0.001701
141657 CX12 141945 0.001701
141657 CX12 141220 0.001701
141657 CX12 141828 0.001701
141657 CX12 141259 0.001701
141657 CX12 141867 0.001701
141657 X0 141653 0.999543
141657 X0 141657 0.000152
141657 X0 141654 0.000152
141657 X0 141650 0.000152
141828 CX02 141651 0.988193
141828 CX02 141650 0.001687
141828 CX02 141653 0.001687
141828 CX02 141652 0.001687
141828 CX02 141655 0.001687
141828 CX02 141654 0.001687
141828 CX02 141657 0.001687
141828 CX02 141656 0.001687
141828 CX12 141651 0.988094
141828 CX12 141650 0.001701
141828 CX12 141653 0.001701
141828 CX12 141652 0.001701
141828 CX12 141654 0.001701
141828 CX12 141655 0.001701
141828 CX12 141656 0.001701
141828 CX12 141657 0.001701
141828 P2 141828 0.970400
141828 P2 141358 0.029600
141828 X0 141867 0.999543
141828 X0 141828 0.000152
141828 X0 141945 0.000152
141828 X0 141906 0.000152
141867 CX02 141654 0.988193
141867 CX02 141655 0.001687
141867 CX02 141656 0.001687
141867 CX02 141657 0.001687
141867 CX02 141650 0.001687
141867 CX02 141651 0.001687
141867 CX02 141652 0.001687
141867 CX02 141653 0.001687
141867 CX12 141655 0.988094
141867 CX12 141654 0.001701
141867 CX12 141657 0.001701
141867 CX12 141656 0.001701
141867 CX12 141650 0.001701
141867 CX12 141651 0.001701
141867 CX12 141652 0.001701
141867 CX12 141653 0.001701
141867 P2 141867 0.970400
141867 P2 141359 0.029600
141867 X0 141828 0.999543
141867 X0 141867 0.000152
141867 X0 141906 0.000152
141867 X0 141945 0.000152
141906 CX02 141657 0.988193
141906 CX02 141656 0.001687
141906 CX02 141655 0.001687
141906 CX02 141654 0.001687
141906 CX02 141653 0.001687
141906 CX02 141652 0.001687
141906 CX02 141651 0.001687
141906 CX02 141650 0.001687
141906 CX12 141656 0.988094
141906 CX12 141657 0.001701
141906 CX12 141654 0.001701
141906 CX12 141655 0.001701
141906 CX12 141653 0.001701
141906 CX12 141652 0.001701
141906 CX12 141651 0.001701
141906 CX12 141650 0.001701
141906 P2 141906 0.970400
141906 P2 141360 0.029600
141906 X0 141945 0.999543
141906 X0 141906 0.000152
141906 X0 141867 0.000152
141906 X0 141828 0.000152
141945 CX02 141652 0.988193
141945 CX02 141653 0.001687
141945 CX02 141650 0.001687
141945 CX02 141651 0.001687
141945 CX02 141656 0.001687
141945 CX02 141657 0.001687
141945 CX02 141654 0.001687
141945 CX02 141655 0.001687
141945 CX12 141652 0.988094
141945 CX12 141653 0.001701
141945 CX12 141650 0.001701
141945 CX12 141651 0.001701
141945 CX12 141657 0.001701
141945 CX12 141656 0.001701
141945 CX12 141655 0.001701
141945 CX12 141654 0.001701
141945 P2 141945 0.970400
141945 P2 141361 0.029600
141945 X0 141906 0.999543
141945 X0 141945 0.000152
141945 X0 141828 0.000152
141945 X0 141867 0.000152
ENDPOMDP
