BEGINPOMDP
INITIALSTATE: 132709
STATES: 132709,132710,132711,132712,132713,132730,132731,132732,132733,132734,132735,132736,132737,132756,132795,132834,132873,132894,132895,132896,132897,133186,133187,133188,133189,133190,133191,133192,133193,133364,133403,133442,133481
TARGETV: 132710,132712,132756,132834,132894,132897,133364,133481
GAMMA: 132709:0,132710:0,132711:0,132712:0,132713:0,132730:0,132731:0,132732:0,132733:0,132734:0,132735:0,132736:0,132737:0,132756:1,132795:1,132834:1,132873:1,132894:0,132895:0,132896:0,132897:0,133186:1,133187:1,133188:1,133189:1,133190:1,133191:1,133192:1,133193:1,133364:1,133403:1,133442:1,133481:1
BEGINACTIONS
CX02
CX12
P2
X0
ENDACTIONS
132709 INIT_ 132710 0.250000
132709 INIT_ 132711 0.250000
132709 INIT_ 132712 0.250000
132709 INIT_ 132713 0.250000
132710 CX02 132730 0.989852
132710 CX02 132731 0.001450
132710 CX02 132732 0.001450
132710 CX02 132733 0.001450
132710 CX02 132734 0.001450
132710 CX02 132735 0.001450
132710 CX02 132736 0.001450
132710 CX02 132737 0.001450
132710 CX12 132730 0.985266
132710 CX12 132731 0.002105
132710 CX12 132732 0.002105
132710 CX12 132733 0.002105
132710 CX12 132735 0.002105
132710 CX12 132734 0.002105
132710 CX12 132737 0.002105
132710 CX12 132736 0.002105
132710 P2 132710 0.992800
132710 P2 132756 0.007200
132710 X0 132711 0.999305
132710 X0 132710 0.000232
132710 X0 132712 0.000232
132710 X0 132713 0.000232
132711 CX02 132735 0.989852
132711 CX02 132734 0.001450
132711 CX02 132737 0.001450
132711 CX02 132736 0.001450
132711 CX02 132731 0.001450
132711 CX02 132730 0.001450
132711 CX02 132733 0.001450
132711 CX02 132732 0.001450
132711 CX12 132734 0.985266
132711 CX12 132735 0.002105
132711 CX12 132736 0.002105
132711 CX12 132737 0.002105
132711 CX12 132731 0.002105
132711 CX12 132730 0.002105
132711 CX12 132733 0.002105
132711 CX12 132732 0.002105
132711 P2 132711 0.992800
132711 P2 132795 0.007200
132711 X0 132710 0.999305
132711 X0 132711 0.000232
132711 X0 132713 0.000232
132711 X0 132712 0.000232
132712 CX02 132733 0.989852
132712 CX02 132732 0.001450
132712 CX02 132731 0.001450
132712 CX02 132730 0.001450
132712 CX02 132737 0.001450
132712 CX02 132736 0.001450
132712 CX02 132735 0.001450
132712 CX02 132734 0.001450
132712 CX12 132733 0.985266
132712 CX12 132732 0.002105
132712 CX12 132731 0.002105
132712 CX12 132730 0.002105
132712 CX12 132736 0.002105
132712 CX12 132737 0.002105
132712 CX12 132734 0.002105
132712 CX12 132735 0.002105
132712 P2 132712 0.992800
132712 P2 132834 0.007200
132712 X0 132713 0.999305
132712 X0 132712 0.000232
132712 X0 132710 0.000232
132712 X0 132711 0.000232
132713 CX02 132736 0.989852
132713 CX02 132737 0.001450
132713 CX02 132734 0.001450
132713 CX02 132735 0.001450
132713 CX02 132732 0.001450
132713 CX02 132733 0.001450
132713 CX02 132730 0.001450
132713 CX02 132731 0.001450
132713 CX12 132737 0.985266
132713 CX12 132736 0.002105
132713 CX12 132735 0.002105
132713 CX12 132734 0.002105
132713 CX12 132732 0.002105
132713 CX12 132733 0.002105
132713 CX12 132730 0.002105
132713 CX12 132731 0.002105
132713 P2 132713 0.992800
132713 P2 132873 0.007200
132713 X0 132712 0.999305
132713 X0 132713 0.000232
132713 X0 132711 0.000232
132713 X0 132710 0.000232
132730 CX02 132710 0.989852
132730 CX02 132894 0.001450
132730 CX02 132711 0.001450
132730 CX02 132895 0.001450
132730 CX02 132713 0.001450
132730 CX02 132896 0.001450
132730 CX02 132712 0.001450
132730 CX02 132897 0.001450
132730 CX12 132710 0.985266
132730 CX12 132894 0.002105
132730 CX12 132711 0.002105
132730 CX12 132895 0.002105
132730 CX12 132713 0.002105
132730 CX12 132896 0.002105
132730 CX12 132712 0.002105
132730 CX12 132897 0.002105
132730 X0 132734 0.999305
132730 X0 132730 0.000232
132730 X0 132733 0.000232
132730 X0 132737 0.000232
132731 CX02 132894 0.989852
132731 CX02 132710 0.001450
132731 CX02 132895 0.001450
132731 CX02 132711 0.001450
132731 CX02 132896 0.001450
132731 CX02 132713 0.001450
132731 CX02 132897 0.001450
132731 CX02 132712 0.001450
132731 CX12 132894 0.985266
132731 CX12 132710 0.002105
132731 CX12 132895 0.002105
132731 CX12 132711 0.002105
132731 CX12 132896 0.002105
132731 CX12 132713 0.002105
132731 CX12 132897 0.002105
132731 CX12 132712 0.002105
132731 X0 132735 0.999305
132731 X0 132731 0.000232
132731 X0 132732 0.000232
132731 X0 132736 0.000232
132732 CX02 132897 0.989852
132732 CX02 132712 0.001450
132732 CX02 132896 0.001450
132732 CX02 132713 0.001450
132732 CX02 132895 0.001450
132732 CX02 132711 0.001450
132732 CX02 132894 0.001450
132732 CX02 132710 0.001450
132732 CX12 132897 0.985266
132732 CX12 132712 0.002105
132732 CX12 132896 0.002105
132732 CX12 132713 0.002105
132732 CX12 132895 0.002105
132732 CX12 132711 0.002105
132732 CX12 132894 0.002105
132732 CX12 132710 0.002105
132732 X0 132736 0.999305
132732 X0 132732 0.000232
132732 X0 132731 0.000232
132732 X0 132735 0.000232
132733 CX02 132712 0.989852
132733 CX02 132897 0.001450
132733 CX02 132713 0.001450
132733 CX02 132896 0.001450
132733 CX02 132711 0.001450
132733 CX02 132895 0.001450
132733 CX02 132710 0.001450
132733 CX02 132894 0.001450
132733 CX12 132712 0.985266
132733 CX12 132897 0.002105
132733 CX12 132713 0.002105
132733 CX12 132896 0.002105
132733 CX12 132711 0.002105
132733 CX12 132895 0.002105
132733 CX12 132710 0.002105
132733 CX12 132894 0.002105
132733 X0 132737 0.999305
132733 X0 132733 0.000232
132733 X0 132730 0.000232
132733 X0 132734 0.000232
132734 CX02 132895 0.989852
132734 CX02 132711 0.001450
132734 CX02 132894 0.001450
132734 CX02 132710 0.001450
132734 CX02 132897 0.001450
132734 CX02 132712 0.001450
132734 CX02 132896 0.001450
132734 CX02 132713 0.001450
132734 CX12 132711 0.985266
132734 CX12 132895 0.002105
132734 CX12 132710 0.002105
132734 CX12 132894 0.002105
132734 CX12 132712 0.002105
132734 CX12 132897 0.002105
132734 CX12 132713 0.002105
132734 CX12 132896 0.002105
132734 X0 132730 0.999305
132734 X0 132734 0.000232
132734 X0 132737 0.000232
132734 X0 132733 0.000232
132735 CX02 132711 0.989852
132735 CX02 132895 0.001450
132735 CX02 132710 0.001450
132735 CX02 132894 0.001450
132735 CX02 132712 0.001450
132735 CX02 132897 0.001450
132735 CX02 132713 0.001450
132735 CX02 132896 0.001450
132735 CX12 132895 0.985266
132735 CX12 132711 0.002105
132735 CX12 132894 0.002105
132735 CX12 132710 0.002105
132735 CX12 132897 0.002105
132735 CX12 132712 0.002105
132735 CX12 132896 0.002105
132735 CX12 132713 0.002105
132735 X0 132731 0.999305
132735 X0 132735 0.000232
132735 X0 132736 0.000232
132735 X0 132732 0.000232
132736 CX02 132713 0.989852
132736 CX02 132896 0.001450
132736 CX02 132712 0.001450
132736 CX02 132897 0.001450
132736 CX02 132710 0.001450
132736 CX02 132894 0.001450
132736 CX02 132711 0.001450
132736 CX02 132895 0.001450
132736 CX12 132896 0.985266
132736 CX12 132713 0.002105
132736 CX12 132897 0.002105
132736 CX12 132712 0.002105
132736 CX12 132894 0.002105
132736 CX12 132710 0.002105
132736 CX12 132895 0.002105
132736 CX12 132711 0.002105
132736 X0 132732 0.999305
132736 X0 132736 0.000232
132736 X0 132735 0.000232
132736 X0 132731 0.000232
132737 CX02 132896 0.989852
132737 CX02 132713 0.001450
132737 CX02 132897 0.001450
132737 CX02 132712 0.001450
132737 CX02 132894 0.001450
132737 CX02 132710 0.001450
132737 CX02 132895 0.001450
132737 CX02 132711 0.001450
132737 CX12 132713 0.985266
132737 CX12 132896 0.002105
132737 CX12 132712 0.002105
132737 CX12 132897 0.002105
132737 CX12 132710 0.002105
132737 CX12 132894 0.002105
132737 CX12 132711 0.002105
132737 CX12 132895 0.002105
132737 X0 132733 0.999305
132737 X0 132737 0.000232
132737 X0 132734 0.000232
132737 X0 132730 0.000232
132756 CX02 133186 0.989852
132756 CX02 133187 0.001450
132756 CX02 133188 0.001450
132756 CX02 133189 0.001450
132756 CX02 133190 0.001450
132756 CX02 133191 0.001450
132756 CX02 133192 0.001450
132756 CX02 133193 0.001450
132756 CX12 133186 0.985266
132756 CX12 133187 0.002105
132756 CX12 133188 0.002105
132756 CX12 133189 0.002105
132756 CX12 133191 0.002105
132756 CX12 133190 0.002105
132756 CX12 133193 0.002105
132756 CX12 133192 0.002105
132756 P2 132710 0.992800
132756 P2 132756 0.007200
132756 X0 132795 0.999305
132756 X0 132756 0.000232
132756 X0 132834 0.000232
132756 X0 132873 0.000232
132795 CX02 133191 0.989852
132795 CX02 133190 0.001450
132795 CX02 133193 0.001450
132795 CX02 133192 0.001450
132795 CX02 133187 0.001450
132795 CX02 133186 0.001450
132795 CX02 133189 0.001450
132795 CX02 133188 0.001450
132795 CX12 133190 0.985266
132795 CX12 133191 0.002105
132795 CX12 133192 0.002105
132795 CX12 133193 0.002105
132795 CX12 133187 0.002105
132795 CX12 133186 0.002105
132795 CX12 133189 0.002105
132795 CX12 133188 0.002105
132795 P2 132711 0.992800
132795 P2 132795 0.007200
132795 X0 132756 0.999305
132795 X0 132795 0.000232
132795 X0 132873 0.000232
132795 X0 132834 0.000232
132834 CX02 133189 0.989852
132834 CX02 133188 0.001450
132834 CX02 133187 0.001450
132834 CX02 133186 0.001450
132834 CX02 133193 0.001450
132834 CX02 133192 0.001450
132834 CX02 133191 0.001450
132834 CX02 133190 0.001450
132834 CX12 133189 0.985266
132834 CX12 133188 0.002105
132834 CX12 133187 0.002105
132834 CX12 133186 0.002105
132834 CX12 133192 0.002105
132834 CX12 133193 0.002105
132834 CX12 133190 0.002105
132834 CX12 133191 0.002105
132834 P2 132712 0.992800
132834 P2 132834 0.007200
132834 X0 132873 0.999305
132834 X0 132834 0.000232
132834 X0 132756 0.000232
132834 X0 132795 0.000232
132873 CX02 133192 0.989852
132873 CX02 133193 0.001450
132873 CX02 133190 0.001450
132873 CX02 133191 0.001450
132873 CX02 133188 0.001450
132873 CX02 133189 0.001450
132873 CX02 133186 0.001450
132873 CX02 133187 0.001450
132873 CX12 133193 0.985266
132873 CX12 133192 0.002105
132873 CX12 133191 0.002105
132873 CX12 133190 0.002105
132873 CX12 133188 0.002105
132873 CX12 133189 0.002105
132873 CX12 133186 0.002105
132873 CX12 133187 0.002105
132873 P2 132713 0.992800
132873 P2 132873 0.007200
132873 X0 132834 0.999305
132873 X0 132873 0.000232
132873 X0 132795 0.000232
132873 X0 132756 0.000232
132894 CX02 132731 0.989852
132894 CX02 132730 0.001450
132894 CX02 132733 0.001450
132894 CX02 132732 0.001450
132894 CX02 132735 0.001450
132894 CX02 132734 0.001450
132894 CX02 132737 0.001450
132894 CX02 132736 0.001450
132894 CX12 132731 0.985266
132894 CX12 132730 0.002105
132894 CX12 132733 0.002105
132894 CX12 132732 0.002105
132894 CX12 132734 0.002105
132894 CX12 132735 0.002105
132894 CX12 132736 0.002105
132894 CX12 132737 0.002105
132894 P2 133364 0.972400
132894 P2 132894 0.027600
132894 X0 132895 0.999305
132894 X0 132894 0.000232
132894 X0 132897 0.000232
132894 X0 132896 0.000232
132895 CX02 132734 0.989852
132895 CX02 132735 0.001450
132895 CX02 132736 0.001450
132895 CX02 132737 0.001450
132895 CX02 132730 0.001450
132895 CX02 132731 0.001450
132895 CX02 132732 0.001450
132895 CX02 132733 0.001450
132895 CX12 132735 0.985266
132895 CX12 132734 0.002105
132895 CX12 132737 0.002105
132895 CX12 132736 0.002105
132895 CX12 132730 0.002105
132895 CX12 132731 0.002105
132895 CX12 132732 0.002105
132895 CX12 132733 0.002105
132895 P2 133403 0.972400
132895 P2 132895 0.027600
132895 X0 132894 0.999305
132895 X0 132895 0.000232
132895 X0 132896 0.000232
132895 X0 132897 0.000232
132896 CX02 132737 0.989852
132896 CX02 132736 0.001450
132896 CX02 132735 0.001450
132896 CX02 132734 0.001450
132896 CX02 132733 0.001450
132896 CX02 132732 0.001450
132896 CX02 132731 0.001450
132896 CX02 132730 0.001450
132896 CX12 132736 0.985266
132896 CX12 132737 0.002105
132896 CX12 132734 0.002105
132896 CX12 132735 0.002105
132896 CX12 132733 0.002105
132896 CX12 132732 0.002105
132896 CX12 132731 0.002105
132896 CX12 132730 0.002105
132896 P2 133442 0.972400
132896 P2 132896 0.027600
132896 X0 132897 0.999305
132896 X0 132896 0.000232
132896 X0 132895 0.000232
132896 X0 132894 0.000232
132897 CX02 132732 0.989852
132897 CX02 132733 0.001450
132897 CX02 132730 0.001450
132897 CX02 132731 0.001450
132897 CX02 132736 0.001450
132897 CX02 132737 0.001450
132897 CX02 132734 0.001450
132897 CX02 132735 0.001450
132897 CX12 132732 0.985266
132897 CX12 132733 0.002105
132897 CX12 132730 0.002105
132897 CX12 132731 0.002105
132897 CX12 132737 0.002105
132897 CX12 132736 0.002105
132897 CX12 132735 0.002105
132897 CX12 132734 0.002105
132897 P2 133481 0.972400
132897 P2 132897 0.027600
132897 X0 132896 0.999305
132897 X0 132897 0.000232
132897 X0 132894 0.000232
132897 X0 132895 0.000232
133186 CX02 132756 0.989852
133186 CX02 133364 0.001450
133186 CX02 132795 0.001450
133186 CX02 133403 0.001450
133186 CX02 132873 0.001450
133186 CX02 133442 0.001450
133186 CX02 132834 0.001450
133186 CX02 133481 0.001450
133186 CX12 132756 0.985266
133186 CX12 133364 0.002105
133186 CX12 132795 0.002105
133186 CX12 133403 0.002105
133186 CX12 132873 0.002105
133186 CX12 133442 0.002105
133186 CX12 132834 0.002105
133186 CX12 133481 0.002105
133186 X0 133190 0.999305
133186 X0 133186 0.000232
133186 X0 133189 0.000232
133186 X0 133193 0.000232
133187 CX02 133364 0.989852
133187 CX02 132756 0.001450
133187 CX02 133403 0.001450
133187 CX02 132795 0.001450
133187 CX02 133442 0.001450
133187 CX02 132873 0.001450
133187 CX02 133481 0.001450
133187 CX02 132834 0.001450
133187 CX12 133364 0.985266
133187 CX12 132756 0.002105
133187 CX12 133403 0.002105
133187 CX12 132795 0.002105
133187 CX12 133442 0.002105
133187 CX12 132873 0.002105
133187 CX12 133481 0.002105
133187 CX12 132834 0.002105
133187 X0 133191 0.999305
133187 X0 133187 0.000232
133187 X0 133188 0.000232
133187 X0 133192 0.000232
133188 CX02 133481 0.989852
133188 CX02 132834 0.001450
133188 CX02 133442 0.001450
133188 CX02 132873 0.001450
133188 CX02 133403 0.001450
133188 CX02 132795 0.001450
133188 CX02 133364 0.001450
133188 CX02 132756 0.001450
133188 CX12 133481 0.985266
133188 CX12 132834 0.002105
133188 CX12 133442 0.002105
133188 CX12 132873 0.002105
133188 CX12 133403 0.002105
133188 CX12 132795 0.002105
133188 CX12 133364 0.002105
133188 CX12 132756 0.002105
133188 X0 133192 0.999305
133188 X0 133188 0.000232
133188 X0 133187 0.000232
133188 X0 133191 0.000232
133189 CX02 132834 0.989852
133189 CX02 133481 0.001450
133189 CX02 132873 0.001450
133189 CX02 133442 0.001450
133189 CX02 132795 0.001450
133189 CX02 133403 0.001450
133189 CX02 132756 0.001450
133189 CX02 133364 0.001450
133189 CX12 132834 0.985266
133189 CX12 133481 0.002105
133189 CX12 132873 0.002105
133189 CX12 133442 0.002105
133189 CX12 132795 0.002105
133189 CX12 133403 0.002105
133189 CX12 132756 0.002105
133189 CX12 133364 0.002105
133189 X0 133193 0.999305
133189 X0 133189 0.000232
133189 X0 133186 0.000232
133189 X0 133190 0.000232
133190 CX02 133403 0.989852
133190 CX02 132795 0.001450
133190 CX02 133364 0.001450
133190 CX02 132756 0.001450
133190 CX02 133481 0.001450
133190 CX02 132834 0.001450
133190 CX02 133442 0.001450
133190 CX02 132873 0.001450
133190 CX12 132795 0.985266
133190 CX12 133403 0.002105
133190 CX12 132756 0.002105
133190 CX12 133364 0.002105
133190 CX12 132834 0.002105
133190 CX12 133481 0.002105
133190 CX12 132873 0.002105
133190 CX12 133442 0.002105
133190 X0 133186 0.999305
133190 X0 133190 0.000232
133190 X0 133193 0.000232
133190 X0 133189 0.000232
133191 CX02 132795 0.989852
133191 CX02 133403 0.001450
133191 CX02 132756 0.001450
133191 CX02 133364 0.001450
133191 CX02 132834 0.001450
133191 CX02 133481 0.001450
133191 CX02 132873 0.001450
133191 CX02 133442 0.001450
133191 CX12 133403 0.985266
133191 CX12 132795 0.002105
133191 CX12 133364 0.002105
133191 CX12 132756 0.002105
133191 CX12 133481 0.002105
133191 CX12 132834 0.002105
133191 CX12 133442 0.002105
133191 CX12 132873 0.002105
133191 X0 133187 0.999305
133191 X0 133191 0.000232
133191 X0 133192 0.000232
133191 X0 133188 0.000232
133192 CX02 132873 0.989852
133192 CX02 133442 0.001450
133192 CX02 132834 0.001450
133192 CX02 133481 0.001450
133192 CX02 132756 0.001450
133192 CX02 133364 0.001450
133192 CX02 132795 0.001450
133192 CX02 133403 0.001450
133192 CX12 133442 0.985266
133192 CX12 132873 0.002105
133192 CX12 133481 0.002105
133192 CX12 132834 0.002105
133192 CX12 133364 0.002105
133192 CX12 132756 0.002105
133192 CX12 133403 0.002105
133192 CX12 132795 0.002105
133192 X0 133188 0.999305
133192 X0 133192 0.000232
133192 X0 133191 0.000232
133192 X0 133187 0.000232
133193 CX02 133442 0.989852
133193 CX02 132873 0.001450
133193 CX02 133481 0.001450
133193 CX02 132834 0.001450
133193 CX02 133364 0.001450
133193 CX02 132756 0.001450
133193 CX02 133403 0.001450
133193 CX02 132795 0.001450
133193 CX12 132873 0.985266
133193 CX12 133442 0.002105
133193 CX12 132834 0.002105
133193 CX12 133481 0.002105
133193 CX12 132756 0.002105
133193 CX12 133364 0.002105
133193 CX12 132795 0.002105
133193 CX12 133403 0.002105
133193 X0 133189 0.999305
133193 X0 133193 0.000232
133193 X0 133190 0.000232
133193 X0 133186 0.000232
133364 CX02 133187 0.989852
133364 CX02 133186 0.001450
133364 CX02 133189 0.001450
133364 CX02 133188 0.001450
133364 CX02 133191 0.001450
133364 CX02 133190 0.001450
133364 CX02 133193 0.001450
133364 CX02 133192 0.001450
133364 CX12 133187 0.985266
133364 CX12 133186 0.002105
133364 CX12 133189 0.002105
133364 CX12 133188 0.002105
133364 CX12 133190 0.002105
133364 CX12 133191 0.002105
133364 CX12 133192 0.002105
133364 CX12 133193 0.002105
133364 P2 133364 0.972400
133364 P2 132894 0.027600
133364 X0 133403 0.999305
133364 X0 133364 0.000232
133364 X0 133481 0.000232
133364 X0 133442 0.000232
133403 CX02 133190 0.989852
133403 CX02 133191 0.001450
133403 CX02 133192 0.001450
133403 CX02 133193 0.001450
133403 CX02 133186 0.001450
133403 CX02 133187 0.001450
133403 CX02 133188 0.001450
133403 CX02 133189 0.001450
133403 CX12 133191 0.985266
133403 CX12 133190 0.002105
133403 CX12 133193 0.002105
133403 CX12 133192 0.002105
133403 CX12 133186 0.002105
133403 CX12 133187 0.002105
133403 CX12 133188 0.002105
133403 CX12 133189 0.002105
133403 P2 133403 0.972400
133403 P2 132895 0.027600
133403 X0 133364 0.999305
133403 X0 133403 0.000232
133403 X0 133442 0.000232
133403 X0 133481 0.000232
133442 CX02 133193 0.989852
133442 CX02 133192 0.001450
133442 CX02 133191 0.001450
133442 CX02 133190 0.001450
133442 CX02 133189 0.001450
133442 CX02 133188 0.001450
133442 CX02 133187 0.001450
133442 CX02 133186 0.001450
133442 CX12 133192 0.985266
133442 CX12 133193 0.002105
133442 CX12 133190 0.002105
133442 CX12 133191 0.002105
133442 CX12 133189 0.002105
133442 CX12 133188 0.002105
133442 CX12 133187 0.002105
133442 CX12 133186 0.002105
133442 P2 133442 0.972400
133442 P2 132896 0.027600
133442 X0 133481 0.999305
133442 X0 133442 0.000232
133442 X0 133403 0.000232
133442 X0 133364 0.000232
133481 CX02 133188 0.989852
133481 CX02 133189 0.001450
133481 CX02 133186 0.001450
133481 CX02 133187 0.001450
133481 CX02 133192 0.001450
133481 CX02 133193 0.001450
133481 CX02 133190 0.001450
133481 CX02 133191 0.001450
133481 CX12 133188 0.985266
133481 CX12 133189 0.002105
133481 CX12 133186 0.002105
133481 CX12 133187 0.002105
133481 CX12 133193 0.002105
133481 CX12 133192 0.002105
133481 CX12 133191 0.002105
133481 CX12 133190 0.002105
133481 P2 133481 0.972400
133481 P2 132897 0.027600
133481 X0 133442 0.999305
133481 X0 133481 0.000232
133481 X0 133364 0.000232
133481 X0 133403 0.000232
ENDPOMDP
