BEGINPOMDP
INITIALSTATE: 133926
STATES: 133926,133927,133928,133929,133930,133947,133948,133949,133950,133951,133952,133953,133954,133973,134012,134051,134090,134111,134112,134113,134114,134403,134404,134405,134406,134407,134408,134409,134410,134581,134620,134659,134698
TARGETV: 133927,133929,133973,134051,134111,134114,134581,134698
GAMMA: 133926:0,133927:0,133928:0,133929:0,133930:0,133947:0,133948:0,133949:0,133950:0,133951:0,133952:0,133953:0,133954:0,133973:1,134012:1,134051:1,134090:1,134111:0,134112:0,134113:0,134114:0,134403:1,134404:1,134405:1,134406:1,134407:1,134408:1,134409:1,134410:1,134581:1,134620:1,134659:1,134698:1
BEGINACTIONS
CX02
CX12
P2
X0
ENDACTIONS
133926 INIT_ 133927 0.250000
133926 INIT_ 133928 0.250000
133926 INIT_ 133929 0.250000
133926 INIT_ 133930 0.250000
133927 CX02 133947 0.989489
133927 CX02 133948 0.001502
133927 CX02 133949 0.001502
133927 CX02 133950 0.001502
133927 CX02 133951 0.001502
133927 CX02 133952 0.001502
133927 CX02 133953 0.001502
133927 CX02 133954 0.001502
133927 CX12 133947 0.989548
133927 CX12 133948 0.001493
133927 CX12 133949 0.001493
133927 CX12 133950 0.001493
133927 CX12 133952 0.001493
133927 CX12 133951 0.001493
133927 CX12 133954 0.001493
133927 CX12 133953 0.001493
133927 P2 133927 0.985700
133927 P2 133973 0.014300
133927 X0 133928 0.999127
133927 X0 133927 0.000291
133927 X0 133929 0.000291
133927 X0 133930 0.000291
133928 CX02 133952 0.989489
133928 CX02 133951 0.001502
133928 CX02 133954 0.001502
133928 CX02 133953 0.001502
133928 CX02 133948 0.001502
133928 CX02 133947 0.001502
133928 CX02 133950 0.001502
133928 CX02 133949 0.001502
133928 CX12 133951 0.989548
133928 CX12 133952 0.001493
133928 CX12 133953 0.001493
133928 CX12 133954 0.001493
133928 CX12 133948 0.001493
133928 CX12 133947 0.001493
133928 CX12 133950 0.001493
133928 CX12 133949 0.001493
133928 P2 133928 0.985700
133928 P2 134012 0.014300
133928 X0 133927 0.999127
133928 X0 133928 0.000291
133928 X0 133930 0.000291
133928 X0 133929 0.000291
133929 CX02 133950 0.989489
133929 CX02 133949 0.001502
133929 CX02 133948 0.001502
133929 CX02 133947 0.001502
133929 CX02 133954 0.001502
133929 CX02 133953 0.001502
133929 CX02 133952 0.001502
133929 CX02 133951 0.001502
133929 CX12 133950 0.989548
133929 CX12 133949 0.001493
133929 CX12 133948 0.001493
133929 CX12 133947 0.001493
133929 CX12 133953 0.001493
133929 CX12 133954 0.001493
133929 CX12 133951 0.001493
133929 CX12 133952 0.001493
133929 P2 133929 0.985700
133929 P2 134051 0.014300
133929 X0 133930 0.999127
133929 X0 133929 0.000291
133929 X0 133927 0.000291
133929 X0 133928 0.000291
133930 CX02 133953 0.989489
133930 CX02 133954 0.001502
133930 CX02 133951 0.001502
133930 CX02 133952 0.001502
133930 CX02 133949 0.001502
133930 CX02 133950 0.001502
133930 CX02 133947 0.001502
133930 CX02 133948 0.001502
133930 CX12 133954 0.989548
133930 CX12 133953 0.001493
133930 CX12 133952 0.001493
133930 CX12 133951 0.001493
133930 CX12 133949 0.001493
133930 CX12 133950 0.001493
133930 CX12 133947 0.001493
133930 CX12 133948 0.001493
133930 P2 133930 0.985700
133930 P2 134090 0.014300
133930 X0 133929 0.999127
133930 X0 133930 0.000291
133930 X0 133928 0.000291
133930 X0 133927 0.000291
133947 CX02 133927 0.989489
133947 CX02 134111 0.001502
133947 CX02 133928 0.001502
133947 CX02 134112 0.001502
133947 CX02 133930 0.001502
133947 CX02 134113 0.001502
133947 CX02 133929 0.001502
133947 CX02 134114 0.001502
133947 CX12 133927 0.989548
133947 CX12 134111 0.001493
133947 CX12 133928 0.001493
133947 CX12 134112 0.001493
133947 CX12 133930 0.001493
133947 CX12 134113 0.001493
133947 CX12 133929 0.001493
133947 CX12 134114 0.001493
133947 X0 133951 0.999127
133947 X0 133947 0.000291
133947 X0 133950 0.000291
133947 X0 133954 0.000291
133948 CX02 134111 0.989489
133948 CX02 133927 0.001502
133948 CX02 134112 0.001502
133948 CX02 133928 0.001502
133948 CX02 134113 0.001502
133948 CX02 133930 0.001502
133948 CX02 134114 0.001502
133948 CX02 133929 0.001502
133948 CX12 134111 0.989548
133948 CX12 133927 0.001493
133948 CX12 134112 0.001493
133948 CX12 133928 0.001493
133948 CX12 134113 0.001493
133948 CX12 133930 0.001493
133948 CX12 134114 0.001493
133948 CX12 133929 0.001493
133948 X0 133952 0.999127
133948 X0 133948 0.000291
133948 X0 133949 0.000291
133948 X0 133953 0.000291
133949 CX02 134114 0.989489
133949 CX02 133929 0.001502
133949 CX02 134113 0.001502
133949 CX02 133930 0.001502
133949 CX02 134112 0.001502
133949 CX02 133928 0.001502
133949 CX02 134111 0.001502
133949 CX02 133927 0.001502
133949 CX12 134114 0.989548
133949 CX12 133929 0.001493
133949 CX12 134113 0.001493
133949 CX12 133930 0.001493
133949 CX12 134112 0.001493
133949 CX12 133928 0.001493
133949 CX12 134111 0.001493
133949 CX12 133927 0.001493
133949 X0 133953 0.999127
133949 X0 133949 0.000291
133949 X0 133948 0.000291
133949 X0 133952 0.000291
133950 CX02 133929 0.989489
133950 CX02 134114 0.001502
133950 CX02 133930 0.001502
133950 CX02 134113 0.001502
133950 CX02 133928 0.001502
133950 CX02 134112 0.001502
133950 CX02 133927 0.001502
133950 CX02 134111 0.001502
133950 CX12 133929 0.989548
133950 CX12 134114 0.001493
133950 CX12 133930 0.001493
133950 CX12 134113 0.001493
133950 CX12 133928 0.001493
133950 CX12 134112 0.001493
133950 CX12 133927 0.001493
133950 CX12 134111 0.001493
133950 X0 133954 0.999127
133950 X0 133950 0.000291
133950 X0 133947 0.000291
133950 X0 133951 0.000291
133951 CX02 134112 0.989489
133951 CX02 133928 0.001502
133951 CX02 134111 0.001502
133951 CX02 133927 0.001502
133951 CX02 134114 0.001502
133951 CX02 133929 0.001502
133951 CX02 134113 0.001502
133951 CX02 133930 0.001502
133951 CX12 133928 0.989548
133951 CX12 134112 0.001493
133951 CX12 133927 0.001493
133951 CX12 134111 0.001493
133951 CX12 133929 0.001493
133951 CX12 134114 0.001493
133951 CX12 133930 0.001493
133951 CX12 134113 0.001493
133951 X0 133947 0.999127
133951 X0 133951 0.000291
133951 X0 133954 0.000291
133951 X0 133950 0.000291
133952 CX02 133928 0.989489
133952 CX02 134112 0.001502
133952 CX02 133927 0.001502
133952 CX02 134111 0.001502
133952 CX02 133929 0.001502
133952 CX02 134114 0.001502
133952 CX02 133930 0.001502
133952 CX02 134113 0.001502
133952 CX12 134112 0.989548
133952 CX12 133928 0.001493
133952 CX12 134111 0.001493
133952 CX12 133927 0.001493
133952 CX12 134114 0.001493
133952 CX12 133929 0.001493
133952 CX12 134113 0.001493
133952 CX12 133930 0.001493
133952 X0 133948 0.999127
133952 X0 133952 0.000291
133952 X0 133953 0.000291
133952 X0 133949 0.000291
133953 CX02 133930 0.989489
133953 CX02 134113 0.001502
133953 CX02 133929 0.001502
133953 CX02 134114 0.001502
133953 CX02 133927 0.001502
133953 CX02 134111 0.001502
133953 CX02 133928 0.001502
133953 CX02 134112 0.001502
133953 CX12 134113 0.989548
133953 CX12 133930 0.001493
133953 CX12 134114 0.001493
133953 CX12 133929 0.001493
133953 CX12 134111 0.001493
133953 CX12 133927 0.001493
133953 CX12 134112 0.001493
133953 CX12 133928 0.001493
133953 X0 133949 0.999127
133953 X0 133953 0.000291
133953 X0 133952 0.000291
133953 X0 133948 0.000291
133954 CX02 134113 0.989489
133954 CX02 133930 0.001502
133954 CX02 134114 0.001502
133954 CX02 133929 0.001502
133954 CX02 134111 0.001502
133954 CX02 133927 0.001502
133954 CX02 134112 0.001502
133954 CX02 133928 0.001502
133954 CX12 133930 0.989548
133954 CX12 134113 0.001493
133954 CX12 133929 0.001493
133954 CX12 134114 0.001493
133954 CX12 133927 0.001493
133954 CX12 134111 0.001493
133954 CX12 133928 0.001493
133954 CX12 134112 0.001493
133954 X0 133950 0.999127
133954 X0 133954 0.000291
133954 X0 133951 0.000291
133954 X0 133947 0.000291
133973 CX02 134403 0.989489
133973 CX02 134404 0.001502
133973 CX02 134405 0.001502
133973 CX02 134406 0.001502
133973 CX02 134407 0.001502
133973 CX02 134408 0.001502
133973 CX02 134409 0.001502
133973 CX02 134410 0.001502
133973 CX12 134403 0.989548
133973 CX12 134404 0.001493
133973 CX12 134405 0.001493
133973 CX12 134406 0.001493
133973 CX12 134408 0.001493
133973 CX12 134407 0.001493
133973 CX12 134410 0.001493
133973 CX12 134409 0.001493
133973 P2 133927 0.985700
133973 P2 133973 0.014300
133973 X0 134012 0.999127
133973 X0 133973 0.000291
133973 X0 134051 0.000291
133973 X0 134090 0.000291
134012 CX02 134408 0.989489
134012 CX02 134407 0.001502
134012 CX02 134410 0.001502
134012 CX02 134409 0.001502
134012 CX02 134404 0.001502
134012 CX02 134403 0.001502
134012 CX02 134406 0.001502
134012 CX02 134405 0.001502
134012 CX12 134407 0.989548
134012 CX12 134408 0.001493
134012 CX12 134409 0.001493
134012 CX12 134410 0.001493
134012 CX12 134404 0.001493
134012 CX12 134403 0.001493
134012 CX12 134406 0.001493
134012 CX12 134405 0.001493
134012 P2 133928 0.985700
134012 P2 134012 0.014300
134012 X0 133973 0.999127
134012 X0 134012 0.000291
134012 X0 134090 0.000291
134012 X0 134051 0.000291
134051 CX02 134406 0.989489
134051 CX02 134405 0.001502
134051 CX02 134404 0.001502
134051 CX02 134403 0.001502
134051 CX02 134410 0.001502
134051 CX02 134409 0.001502
134051 CX02 134408 0.001502
134051 CX02 134407 0.001502
134051 CX12 134406 0.989548
134051 CX12 134405 0.001493
134051 CX12 134404 0.001493
134051 CX12 134403 0.001493
134051 CX12 134409 0.001493
134051 CX12 134410 0.001493
134051 CX12 134407 0.001493
134051 CX12 134408 0.001493
134051 P2 133929 0.985700
134051 P2 134051 0.014300
134051 X0 134090 0.999127
134051 X0 134051 0.000291
134051 X0 133973 0.000291
134051 X0 134012 0.000291
134090 CX02 134409 0.989489
134090 CX02 134410 0.001502
134090 CX02 134407 0.001502
134090 CX02 134408 0.001502
134090 CX02 134405 0.001502
134090 CX02 134406 0.001502
134090 CX02 134403 0.001502
134090 CX02 134404 0.001502
134090 CX12 134410 0.989548
134090 CX12 134409 0.001493
134090 CX12 134408 0.001493
134090 CX12 134407 0.001493
134090 CX12 134405 0.001493
134090 CX12 134406 0.001493
134090 CX12 134403 0.001493
134090 CX12 134404 0.001493
134090 P2 133930 0.985700
134090 P2 134090 0.014300
134090 X0 134051 0.999127
134090 X0 134090 0.000291
134090 X0 134012 0.000291
134090 X0 133973 0.000291
134111 CX02 133948 0.989489
134111 CX02 133947 0.001502
134111 CX02 133950 0.001502
134111 CX02 133949 0.001502
134111 CX02 133952 0.001502
134111 CX02 133951 0.001502
134111 CX02 133954 0.001502
134111 CX02 133953 0.001502
134111 CX12 133948 0.989548
134111 CX12 133947 0.001493
134111 CX12 133950 0.001493
134111 CX12 133949 0.001493
134111 CX12 133951 0.001493
134111 CX12 133952 0.001493
134111 CX12 133953 0.001493
134111 CX12 133954 0.001493
134111 P2 134581 0.985700
134111 P2 134111 0.014300
134111 X0 134112 0.999127
134111 X0 134111 0.000291
134111 X0 134114 0.000291
134111 X0 134113 0.000291
134112 CX02 133951 0.989489
134112 CX02 133952 0.001502
134112 CX02 133953 0.001502
134112 CX02 133954 0.001502
134112 CX02 133947 0.001502
134112 CX02 133948 0.001502
134112 CX02 133949 0.001502
134112 CX02 133950 0.001502
134112 CX12 133952 0.989548
134112 CX12 133951 0.001493
134112 CX12 133954 0.001493
134112 CX12 133953 0.001493
134112 CX12 133947 0.001493
134112 CX12 133948 0.001493
134112 CX12 133949 0.001493
134112 CX12 133950 0.001493
134112 P2 134620 0.985700
134112 P2 134112 0.014300
134112 X0 134111 0.999127
134112 X0 134112 0.000291
134112 X0 134113 0.000291
134112 X0 134114 0.000291
134113 CX02 133954 0.989489
134113 CX02 133953 0.001502
134113 CX02 133952 0.001502
134113 CX02 133951 0.001502
134113 CX02 133950 0.001502
134113 CX02 133949 0.001502
134113 CX02 133948 0.001502
134113 CX02 133947 0.001502
134113 CX12 133953 0.989548
134113 CX12 133954 0.001493
134113 CX12 133951 0.001493
134113 CX12 133952 0.001493
134113 CX12 133950 0.001493
134113 CX12 133949 0.001493
134113 CX12 133948 0.001493
134113 CX12 133947 0.001493
134113 P2 134659 0.985700
134113 P2 134113 0.014300
134113 X0 134114 0.999127
134113 X0 134113 0.000291
134113 X0 134112 0.000291
134113 X0 134111 0.000291
134114 CX02 133949 0.989489
134114 CX02 133950 0.001502
134114 CX02 133947 0.001502
134114 CX02 133948 0.001502
134114 CX02 133953 0.001502
134114 CX02 133954 0.001502
134114 CX02 133951 0.001502
134114 CX02 133952 0.001502
134114 CX12 133949 0.989548
134114 CX12 133950 0.001493
134114 CX12 133947 0.001493
134114 CX12 133948 0.001493
134114 CX12 133954 0.001493
134114 CX12 133953 0.001493
134114 CX12 133952 0.001493
134114 CX12 133951 0.001493
134114 P2 134698 0.985700
134114 P2 134114 0.014300
134114 X0 134113 0.999127
134114 X0 134114 0.000291
134114 X0 134111 0.000291
134114 X0 134112 0.000291
134403 CX02 133973 0.989489
134403 CX02 134581 0.001502
134403 CX02 134012 0.001502
134403 CX02 134620 0.001502
134403 CX02 134090 0.001502
134403 CX02 134659 0.001502
134403 CX02 134051 0.001502
134403 CX02 134698 0.001502
134403 CX12 133973 0.989548
134403 CX12 134581 0.001493
134403 CX12 134012 0.001493
134403 CX12 134620 0.001493
134403 CX12 134090 0.001493
134403 CX12 134659 0.001493
134403 CX12 134051 0.001493
134403 CX12 134698 0.001493
134403 X0 134407 0.999127
134403 X0 134403 0.000291
134403 X0 134406 0.000291
134403 X0 134410 0.000291
134404 CX02 134581 0.989489
134404 CX02 133973 0.001502
134404 CX02 134620 0.001502
134404 CX02 134012 0.001502
134404 CX02 134659 0.001502
134404 CX02 134090 0.001502
134404 CX02 134698 0.001502
134404 CX02 134051 0.001502
134404 CX12 134581 0.989548
134404 CX12 133973 0.001493
134404 CX12 134620 0.001493
134404 CX12 134012 0.001493
134404 CX12 134659 0.001493
134404 CX12 134090 0.001493
134404 CX12 134698 0.001493
134404 CX12 134051 0.001493
134404 X0 134408 0.999127
134404 X0 134404 0.000291
134404 X0 134405 0.000291
134404 X0 134409 0.000291
134405 CX02 134698 0.989489
134405 CX02 134051 0.001502
134405 CX02 134659 0.001502
134405 CX02 134090 0.001502
134405 CX02 134620 0.001502
134405 CX02 134012 0.001502
134405 CX02 134581 0.001502
134405 CX02 133973 0.001502
134405 CX12 134698 0.989548
134405 CX12 134051 0.001493
134405 CX12 134659 0.001493
134405 CX12 134090 0.001493
134405 CX12 134620 0.001493
134405 CX12 134012 0.001493
134405 CX12 134581 0.001493
134405 CX12 133973 0.001493
134405 X0 134409 0.999127
134405 X0 134405 0.000291
134405 X0 134404 0.000291
134405 X0 134408 0.000291
134406 CX02 134051 0.989489
134406 CX02 134698 0.001502
134406 CX02 134090 0.001502
134406 CX02 134659 0.001502
134406 CX02 134012 0.001502
134406 CX02 134620 0.001502
134406 CX02 133973 0.001502
134406 CX02 134581 0.001502
134406 CX12 134051 0.989548
134406 CX12 134698 0.001493
134406 CX12 134090 0.001493
134406 CX12 134659 0.001493
134406 CX12 134012 0.001493
134406 CX12 134620 0.001493
134406 CX12 133973 0.001493
134406 CX12 134581 0.001493
134406 X0 134410 0.999127
134406 X0 134406 0.000291
134406 X0 134403 0.000291
134406 X0 134407 0.000291
134407 CX02 134620 0.989489
134407 CX02 134012 0.001502
134407 CX02 134581 0.001502
134407 CX02 133973 0.001502
134407 CX02 134698 0.001502
134407 CX02 134051 0.001502
134407 CX02 134659 0.001502
134407 CX02 134090 0.001502
134407 CX12 134012 0.989548
134407 CX12 134620 0.001493
134407 CX12 133973 0.001493
134407 CX12 134581 0.001493
134407 CX12 134051 0.001493
134407 CX12 134698 0.001493
134407 CX12 134090 0.001493
134407 CX12 134659 0.001493
134407 X0 134403 0.999127
134407 X0 134407 0.000291
134407 X0 134410 0.000291
134407 X0 134406 0.000291
134408 CX02 134012 0.989489
134408 CX02 134620 0.001502
134408 CX02 133973 0.001502
134408 CX02 134581 0.001502
134408 CX02 134051 0.001502
134408 CX02 134698 0.001502
134408 CX02 134090 0.001502
134408 CX02 134659 0.001502
134408 CX12 134620 0.989548
134408 CX12 134012 0.001493
134408 CX12 134581 0.001493
134408 CX12 133973 0.001493
134408 CX12 134698 0.001493
134408 CX12 134051 0.001493
134408 CX12 134659 0.001493
134408 CX12 134090 0.001493
134408 X0 134404 0.999127
134408 X0 134408 0.000291
134408 X0 134409 0.000291
134408 X0 134405 0.000291
134409 CX02 134090 0.989489
134409 CX02 134659 0.001502
134409 CX02 134051 0.001502
134409 CX02 134698 0.001502
134409 CX02 133973 0.001502
134409 CX02 134581 0.001502
134409 CX02 134012 0.001502
134409 CX02 134620 0.001502
134409 CX12 134659 0.989548
134409 CX12 134090 0.001493
134409 CX12 134698 0.001493
134409 CX12 134051 0.001493
134409 CX12 134581 0.001493
134409 CX12 133973 0.001493
134409 CX12 134620 0.001493
134409 CX12 134012 0.001493
134409 X0 134405 0.999127
134409 X0 134409 0.000291
134409 X0 134408 0.000291
134409 X0 134404 0.000291
134410 CX02 134659 0.989489
134410 CX02 134090 0.001502
134410 CX02 134698 0.001502
134410 CX02 134051 0.001502
134410 CX02 134581 0.001502
134410 CX02 133973 0.001502
134410 CX02 134620 0.001502
134410 CX02 134012 0.001502
134410 CX12 134090 0.989548
134410 CX12 134659 0.001493
134410 CX12 134051 0.001493
134410 CX12 134698 0.001493
134410 CX12 133973 0.001493
134410 CX12 134581 0.001493
134410 CX12 134012 0.001493
134410 CX12 134620 0.001493
134410 X0 134406 0.999127
134410 X0 134410 0.000291
134410 X0 134407 0.000291
134410 X0 134403 0.000291
134581 CX02 134404 0.989489
134581 CX02 134403 0.001502
134581 CX02 134406 0.001502
134581 CX02 134405 0.001502
134581 CX02 134408 0.001502
134581 CX02 134407 0.001502
134581 CX02 134410 0.001502
134581 CX02 134409 0.001502
134581 CX12 134404 0.989548
134581 CX12 134403 0.001493
134581 CX12 134406 0.001493
134581 CX12 134405 0.001493
134581 CX12 134407 0.001493
134581 CX12 134408 0.001493
134581 CX12 134409 0.001493
134581 CX12 134410 0.001493
134581 P2 134581 0.985700
134581 P2 134111 0.014300
134581 X0 134620 0.999127
134581 X0 134581 0.000291
134581 X0 134698 0.000291
134581 X0 134659 0.000291
134620 CX02 134407 0.989489
134620 CX02 134408 0.001502
134620 CX02 134409 0.001502
134620 CX02 134410 0.001502
134620 CX02 134403 0.001502
134620 CX02 134404 0.001502
134620 CX02 134405 0.001502
134620 CX02 134406 0.001502
134620 CX12 134408 0.989548
134620 CX12 134407 0.001493
134620 CX12 134410 0.001493
134620 CX12 134409 0.001493
134620 CX12 134403 0.001493
134620 CX12 134404 0.001493
134620 CX12 134405 0.001493
134620 CX12 134406 0.001493
134620 P2 134620 0.985700
134620 P2 134112 0.014300
134620 X0 134581 0.999127
134620 X0 134620 0.000291
134620 X0 134659 0.000291
134620 X0 134698 0.000291
134659 CX02 134410 0.989489
134659 CX02 134409 0.001502
134659 CX02 134408 0.001502
134659 CX02 134407 0.001502
134659 CX02 134406 0.001502
134659 CX02 134405 0.001502
134659 CX02 134404 0.001502
134659 CX02 134403 0.001502
134659 CX12 134409 0.989548
134659 CX12 134410 0.001493
134659 CX12 134407 0.001493
134659 CX12 134408 0.001493
134659 CX12 134406 0.001493
134659 CX12 134405 0.001493
134659 CX12 134404 0.001493
134659 CX12 134403 0.001493
134659 P2 134659 0.985700
134659 P2 134113 0.014300
134659 X0 134698 0.999127
134659 X0 134659 0.000291
134659 X0 134620 0.000291
134659 X0 134581 0.000291
134698 CX02 134405 0.989489
134698 CX02 134406 0.001502
134698 CX02 134403 0.001502
134698 CX02 134404 0.001502
134698 CX02 134409 0.001502
134698 CX02 134410 0.001502
134698 CX02 134407 0.001502
134698 CX02 134408 0.001502
134698 CX12 134405 0.989548
134698 CX12 134406 0.001493
134698 CX12 134403 0.001493
134698 CX12 134404 0.001493
134698 CX12 134410 0.001493
134698 CX12 134409 0.001493
134698 CX12 134408 0.001493
134698 CX12 134407 0.001493
134698 P2 134698 0.985700
134698 P2 134114 0.014300
134698 X0 134659 0.999127
134698 X0 134698 0.000291
134698 X0 134581 0.000291
134698 X0 134620 0.000291
ENDPOMDP
