BEGINPOMDP
INITIALSTATE: 1580339
STATES: 1580339,1580340,1580341,1580342,1580343,1580360,1580361,1580362,1580363,1580364,1580365,1580366,1580367,1580386,1580425,1580464,1580503,1580524,1580525,1580526,1580527,1580816,1580817,1580818,1580819,1580820,1580821,1580822,1580823,1580994,1581033,1581072,1581111
TARGETV: 1580340,1580342,1580386,1580464,1580524,1580527,1580994,1581111
GAMMA: 1580339:0,1580340:0,1580341:0,1580342:0,1580343:0,1580360:0,1580361:0,1580362:0,1580363:0,1580364:0,1580365:0,1580366:0,1580367:0,1580386:1,1580425:1,1580464:1,1580503:1,1580524:0,1580525:0,1580526:0,1580527:0,1580816:1,1580817:1,1580818:1,1580819:1,1580820:1,1580821:1,1580822:1,1580823:1,1580994:1,1581033:1,1581072:1,1581111:1
BEGINACTIONS
CX02
CX12
P2
X0
ENDACTIONS
1580339 INIT_ 1580340 0.250000
1580339 INIT_ 1580341 0.250000
1580339 INIT_ 1580342 0.250000
1580339 INIT_ 1580343 0.250000
1580340 CX02 1580360 0.992773
1580340 CX02 1580361 0.001032
1580340 CX02 1580362 0.001032
1580340 CX02 1580363 0.001032
1580340 CX02 1580364 0.001032
1580340 CX02 1580365 0.001032
1580340 CX02 1580366 0.001032
1580340 CX02 1580367 0.001032
1580340 CX12 1580360 0.989293
1580340 CX12 1580361 0.001530
1580340 CX12 1580362 0.001530
1580340 CX12 1580363 0.001530
1580340 CX12 1580365 0.001530
1580340 CX12 1580364 0.001530
1580340 CX12 1580367 0.001530
1580340 CX12 1580366 0.001530
1580340 P2 1580340 0.982000
1580340 P2 1580386 0.018000
1580340 X0 1580341 0.999565
1580340 X0 1580340 0.000145
1580340 X0 1580342 0.000145
1580340 X0 1580343 0.000145
1580341 CX02 1580365 0.992773
1580341 CX02 1580364 0.001032
1580341 CX02 1580367 0.001032
1580341 CX02 1580366 0.001032
1580341 CX02 1580361 0.001032
1580341 CX02 1580360 0.001032
1580341 CX02 1580363 0.001032
1580341 CX02 1580362 0.001032
1580341 CX12 1580364 0.989293
1580341 CX12 1580365 0.001530
1580341 CX12 1580366 0.001530
1580341 CX12 1580367 0.001530
1580341 CX12 1580361 0.001530
1580341 CX12 1580360 0.001530
1580341 CX12 1580363 0.001530
1580341 CX12 1580362 0.001530
1580341 P2 1580341 0.982000
1580341 P2 1580425 0.018000
1580341 X0 1580340 0.999565
1580341 X0 1580341 0.000145
1580341 X0 1580343 0.000145
1580341 X0 1580342 0.000145
1580342 CX02 1580363 0.992773
1580342 CX02 1580362 0.001032
1580342 CX02 1580361 0.001032
1580342 CX02 1580360 0.001032
1580342 CX02 1580367 0.001032
1580342 CX02 1580366 0.001032
1580342 CX02 1580365 0.001032
1580342 CX02 1580364 0.001032
1580342 CX12 1580363 0.989293
1580342 CX12 1580362 0.001530
1580342 CX12 1580361 0.001530
1580342 CX12 1580360 0.001530
1580342 CX12 1580366 0.001530
1580342 CX12 1580367 0.001530
1580342 CX12 1580364 0.001530
1580342 CX12 1580365 0.001530
1580342 P2 1580342 0.982000
1580342 P2 1580464 0.018000
1580342 X0 1580343 0.999565
1580342 X0 1580342 0.000145
1580342 X0 1580340 0.000145
1580342 X0 1580341 0.000145
1580343 CX02 1580366 0.992773
1580343 CX02 1580367 0.001032
1580343 CX02 1580364 0.001032
1580343 CX02 1580365 0.001032
1580343 CX02 1580362 0.001032
1580343 CX02 1580363 0.001032
1580343 CX02 1580360 0.001032
1580343 CX02 1580361 0.001032
1580343 CX12 1580367 0.989293
1580343 CX12 1580366 0.001530
1580343 CX12 1580365 0.001530
1580343 CX12 1580364 0.001530
1580343 CX12 1580362 0.001530
1580343 CX12 1580363 0.001530
1580343 CX12 1580360 0.001530
1580343 CX12 1580361 0.001530
1580343 P2 1580343 0.982000
1580343 P2 1580503 0.018000
1580343 X0 1580342 0.999565
1580343 X0 1580343 0.000145
1580343 X0 1580341 0.000145
1580343 X0 1580340 0.000145
1580360 CX02 1580340 0.992773
1580360 CX02 1580524 0.001032
1580360 CX02 1580341 0.001032
1580360 CX02 1580525 0.001032
1580360 CX02 1580343 0.001032
1580360 CX02 1580526 0.001032
1580360 CX02 1580342 0.001032
1580360 CX02 1580527 0.001032
1580360 CX12 1580340 0.989293
1580360 CX12 1580524 0.001530
1580360 CX12 1580341 0.001530
1580360 CX12 1580525 0.001530
1580360 CX12 1580343 0.001530
1580360 CX12 1580526 0.001530
1580360 CX12 1580342 0.001530
1580360 CX12 1580527 0.001530
1580360 X0 1580364 0.999565
1580360 X0 1580360 0.000145
1580360 X0 1580363 0.000145
1580360 X0 1580367 0.000145
1580361 CX02 1580524 0.992773
1580361 CX02 1580340 0.001032
1580361 CX02 1580525 0.001032
1580361 CX02 1580341 0.001032
1580361 CX02 1580526 0.001032
1580361 CX02 1580343 0.001032
1580361 CX02 1580527 0.001032
1580361 CX02 1580342 0.001032
1580361 CX12 1580524 0.989293
1580361 CX12 1580340 0.001530
1580361 CX12 1580525 0.001530
1580361 CX12 1580341 0.001530
1580361 CX12 1580526 0.001530
1580361 CX12 1580343 0.001530
1580361 CX12 1580527 0.001530
1580361 CX12 1580342 0.001530
1580361 X0 1580365 0.999565
1580361 X0 1580361 0.000145
1580361 X0 1580362 0.000145
1580361 X0 1580366 0.000145
1580362 CX02 1580527 0.992773
1580362 CX02 1580342 0.001032
1580362 CX02 1580526 0.001032
1580362 CX02 1580343 0.001032
1580362 CX02 1580525 0.001032
1580362 CX02 1580341 0.001032
1580362 CX02 1580524 0.001032
1580362 CX02 1580340 0.001032
1580362 CX12 1580527 0.989293
1580362 CX12 1580342 0.001530
1580362 CX12 1580526 0.001530
1580362 CX12 1580343 0.001530
1580362 CX12 1580525 0.001530
1580362 CX12 1580341 0.001530
1580362 CX12 1580524 0.001530
1580362 CX12 1580340 0.001530
1580362 X0 1580366 0.999565
1580362 X0 1580362 0.000145
1580362 X0 1580361 0.000145
1580362 X0 1580365 0.000145
1580363 CX02 1580342 0.992773
1580363 CX02 1580527 0.001032
1580363 CX02 1580343 0.001032
1580363 CX02 1580526 0.001032
1580363 CX02 1580341 0.001032
1580363 CX02 1580525 0.001032
1580363 CX02 1580340 0.001032
1580363 CX02 1580524 0.001032
1580363 CX12 1580342 0.989293
1580363 CX12 1580527 0.001530
1580363 CX12 1580343 0.001530
1580363 CX12 1580526 0.001530
1580363 CX12 1580341 0.001530
1580363 CX12 1580525 0.001530
1580363 CX12 1580340 0.001530
1580363 CX12 1580524 0.001530
1580363 X0 1580367 0.999565
1580363 X0 1580363 0.000145
1580363 X0 1580360 0.000145
1580363 X0 1580364 0.000145
1580364 CX02 1580525 0.992773
1580364 CX02 1580341 0.001032
1580364 CX02 1580524 0.001032
1580364 CX02 1580340 0.001032
1580364 CX02 1580527 0.001032
1580364 CX02 1580342 0.001032
1580364 CX02 1580526 0.001032
1580364 CX02 1580343 0.001032
1580364 CX12 1580341 0.989293
1580364 CX12 1580525 0.001530
1580364 CX12 1580340 0.001530
1580364 CX12 1580524 0.001530
1580364 CX12 1580342 0.001530
1580364 CX12 1580527 0.001530
1580364 CX12 1580343 0.001530
1580364 CX12 1580526 0.001530
1580364 X0 1580360 0.999565
1580364 X0 1580364 0.000145
1580364 X0 1580367 0.000145
1580364 X0 1580363 0.000145
1580365 CX02 1580341 0.992773
1580365 CX02 1580525 0.001032
1580365 CX02 1580340 0.001032
1580365 CX02 1580524 0.001032
1580365 CX02 1580342 0.001032
1580365 CX02 1580527 0.001032
1580365 CX02 1580343 0.001032
1580365 CX02 1580526 0.001032
1580365 CX12 1580525 0.989293
1580365 CX12 1580341 0.001530
1580365 CX12 1580524 0.001530
1580365 CX12 1580340 0.001530
1580365 CX12 1580527 0.001530
1580365 CX12 1580342 0.001530
1580365 CX12 1580526 0.001530
1580365 CX12 1580343 0.001530
1580365 X0 1580361 0.999565
1580365 X0 1580365 0.000145
1580365 X0 1580366 0.000145
1580365 X0 1580362 0.000145
1580366 CX02 1580343 0.992773
1580366 CX02 1580526 0.001032
1580366 CX02 1580342 0.001032
1580366 CX02 1580527 0.001032
1580366 CX02 1580340 0.001032
1580366 CX02 1580524 0.001032
1580366 CX02 1580341 0.001032
1580366 CX02 1580525 0.001032
1580366 CX12 1580526 0.989293
1580366 CX12 1580343 0.001530
1580366 CX12 1580527 0.001530
1580366 CX12 1580342 0.001530
1580366 CX12 1580524 0.001530
1580366 CX12 1580340 0.001530
1580366 CX12 1580525 0.001530
1580366 CX12 1580341 0.001530
1580366 X0 1580362 0.999565
1580366 X0 1580366 0.000145
1580366 X0 1580365 0.000145
1580366 X0 1580361 0.000145
1580367 CX02 1580526 0.992773
1580367 CX02 1580343 0.001032
1580367 CX02 1580527 0.001032
1580367 CX02 1580342 0.001032
1580367 CX02 1580524 0.001032
1580367 CX02 1580340 0.001032
1580367 CX02 1580525 0.001032
1580367 CX02 1580341 0.001032
1580367 CX12 1580343 0.989293
1580367 CX12 1580526 0.001530
1580367 CX12 1580342 0.001530
1580367 CX12 1580527 0.001530
1580367 CX12 1580340 0.001530
1580367 CX12 1580524 0.001530
1580367 CX12 1580341 0.001530
1580367 CX12 1580525 0.001530
1580367 X0 1580363 0.999565
1580367 X0 1580367 0.000145
1580367 X0 1580364 0.000145
1580367 X0 1580360 0.000145
1580386 CX02 1580816 0.992773
1580386 CX02 1580817 0.001032
1580386 CX02 1580818 0.001032
1580386 CX02 1580819 0.001032
1580386 CX02 1580820 0.001032
1580386 CX02 1580821 0.001032
1580386 CX02 1580822 0.001032
1580386 CX02 1580823 0.001032
1580386 CX12 1580816 0.989293
1580386 CX12 1580817 0.001530
1580386 CX12 1580818 0.001530
1580386 CX12 1580819 0.001530
1580386 CX12 1580821 0.001530
1580386 CX12 1580820 0.001530
1580386 CX12 1580823 0.001530
1580386 CX12 1580822 0.001530
1580386 P2 1580340 0.982000
1580386 P2 1580386 0.018000
1580386 X0 1580425 0.999565
1580386 X0 1580386 0.000145
1580386 X0 1580464 0.000145
1580386 X0 1580503 0.000145
1580425 CX02 1580821 0.992773
1580425 CX02 1580820 0.001032
1580425 CX02 1580823 0.001032
1580425 CX02 1580822 0.001032
1580425 CX02 1580817 0.001032
1580425 CX02 1580816 0.001032
1580425 CX02 1580819 0.001032
1580425 CX02 1580818 0.001032
1580425 CX12 1580820 0.989293
1580425 CX12 1580821 0.001530
1580425 CX12 1580822 0.001530
1580425 CX12 1580823 0.001530
1580425 CX12 1580817 0.001530
1580425 CX12 1580816 0.001530
1580425 CX12 1580819 0.001530
1580425 CX12 1580818 0.001530
1580425 P2 1580341 0.982000
1580425 P2 1580425 0.018000
1580425 X0 1580386 0.999565
1580425 X0 1580425 0.000145
1580425 X0 1580503 0.000145
1580425 X0 1580464 0.000145
1580464 CX02 1580819 0.992773
1580464 CX02 1580818 0.001032
1580464 CX02 1580817 0.001032
1580464 CX02 1580816 0.001032
1580464 CX02 1580823 0.001032
1580464 CX02 1580822 0.001032
1580464 CX02 1580821 0.001032
1580464 CX02 1580820 0.001032
1580464 CX12 1580819 0.989293
1580464 CX12 1580818 0.001530
1580464 CX12 1580817 0.001530
1580464 CX12 1580816 0.001530
1580464 CX12 1580822 0.001530
1580464 CX12 1580823 0.001530
1580464 CX12 1580820 0.001530
1580464 CX12 1580821 0.001530
1580464 P2 1580342 0.982000
1580464 P2 1580464 0.018000
1580464 X0 1580503 0.999565
1580464 X0 1580464 0.000145
1580464 X0 1580386 0.000145
1580464 X0 1580425 0.000145
1580503 CX02 1580822 0.992773
1580503 CX02 1580823 0.001032
1580503 CX02 1580820 0.001032
1580503 CX02 1580821 0.001032
1580503 CX02 1580818 0.001032
1580503 CX02 1580819 0.001032
1580503 CX02 1580816 0.001032
1580503 CX02 1580817 0.001032
1580503 CX12 1580823 0.989293
1580503 CX12 1580822 0.001530
1580503 CX12 1580821 0.001530
1580503 CX12 1580820 0.001530
1580503 CX12 1580818 0.001530
1580503 CX12 1580819 0.001530
1580503 CX12 1580816 0.001530
1580503 CX12 1580817 0.001530
1580503 P2 1580343 0.982000
1580503 P2 1580503 0.018000
1580503 X0 1580464 0.999565
1580503 X0 1580503 0.000145
1580503 X0 1580425 0.000145
1580503 X0 1580386 0.000145
1580524 CX02 1580361 0.992773
1580524 CX02 1580360 0.001032
1580524 CX02 1580363 0.001032
1580524 CX02 1580362 0.001032
1580524 CX02 1580365 0.001032
1580524 CX02 1580364 0.001032
1580524 CX02 1580367 0.001032
1580524 CX02 1580366 0.001032
1580524 CX12 1580361 0.989293
1580524 CX12 1580360 0.001530
1580524 CX12 1580363 0.001530
1580524 CX12 1580362 0.001530
1580524 CX12 1580364 0.001530
1580524 CX12 1580365 0.001530
1580524 CX12 1580366 0.001530
1580524 CX12 1580367 0.001530
1580524 P2 1580994 0.961400
1580524 P2 1580524 0.038600
1580524 X0 1580525 0.999565
1580524 X0 1580524 0.000145
1580524 X0 1580527 0.000145
1580524 X0 1580526 0.000145
1580525 CX02 1580364 0.992773
1580525 CX02 1580365 0.001032
1580525 CX02 1580366 0.001032
1580525 CX02 1580367 0.001032
1580525 CX02 1580360 0.001032
1580525 CX02 1580361 0.001032
1580525 CX02 1580362 0.001032
1580525 CX02 1580363 0.001032
1580525 CX12 1580365 0.989293
1580525 CX12 1580364 0.001530
1580525 CX12 1580367 0.001530
1580525 CX12 1580366 0.001530
1580525 CX12 1580360 0.001530
1580525 CX12 1580361 0.001530
1580525 CX12 1580362 0.001530
1580525 CX12 1580363 0.001530
1580525 P2 1581033 0.961400
1580525 P2 1580525 0.038600
1580525 X0 1580524 0.999565
1580525 X0 1580525 0.000145
1580525 X0 1580526 0.000145
1580525 X0 1580527 0.000145
1580526 CX02 1580367 0.992773
1580526 CX02 1580366 0.001032
1580526 CX02 1580365 0.001032
1580526 CX02 1580364 0.001032
1580526 CX02 1580363 0.001032
1580526 CX02 1580362 0.001032
1580526 CX02 1580361 0.001032
1580526 CX02 1580360 0.001032
1580526 CX12 1580366 0.989293
1580526 CX12 1580367 0.001530
1580526 CX12 1580364 0.001530
1580526 CX12 1580365 0.001530
1580526 CX12 1580363 0.001530
1580526 CX12 1580362 0.001530
1580526 CX12 1580361 0.001530
1580526 CX12 1580360 0.001530
1580526 P2 1581072 0.961400
1580526 P2 1580526 0.038600
1580526 X0 1580527 0.999565
1580526 X0 1580526 0.000145
1580526 X0 1580525 0.000145
1580526 X0 1580524 0.000145
1580527 CX02 1580362 0.992773
1580527 CX02 1580363 0.001032
1580527 CX02 1580360 0.001032
1580527 CX02 1580361 0.001032
1580527 CX02 1580366 0.001032
1580527 CX02 1580367 0.001032
1580527 CX02 1580364 0.001032
1580527 CX02 1580365 0.001032
1580527 CX12 1580362 0.989293
1580527 CX12 1580363 0.001530
1580527 CX12 1580360 0.001530
1580527 CX12 1580361 0.001530
1580527 CX12 1580367 0.001530
1580527 CX12 1580366 0.001530
1580527 CX12 1580365 0.001530
1580527 CX12 1580364 0.001530
1580527 P2 1581111 0.961400
1580527 P2 1580527 0.038600
1580527 X0 1580526 0.999565
1580527 X0 1580527 0.000145
1580527 X0 1580524 0.000145
1580527 X0 1580525 0.000145
1580816 CX02 1580386 0.992773
1580816 CX02 1580994 0.001032
1580816 CX02 1580425 0.001032
1580816 CX02 1581033 0.001032
1580816 CX02 1580503 0.001032
1580816 CX02 1581072 0.001032
1580816 CX02 1580464 0.001032
1580816 CX02 1581111 0.001032
1580816 CX12 1580386 0.989293
1580816 CX12 1580994 0.001530
1580816 CX12 1580425 0.001530
1580816 CX12 1581033 0.001530
1580816 CX12 1580503 0.001530
1580816 CX12 1581072 0.001530
1580816 CX12 1580464 0.001530
1580816 CX12 1581111 0.001530
1580816 X0 1580820 0.999565
1580816 X0 1580816 0.000145
1580816 X0 1580819 0.000145
1580816 X0 1580823 0.000145
1580817 CX02 1580994 0.992773
1580817 CX02 1580386 0.001032
1580817 CX02 1581033 0.001032
1580817 CX02 1580425 0.001032
1580817 CX02 1581072 0.001032
1580817 CX02 1580503 0.001032
1580817 CX02 1581111 0.001032
1580817 CX02 1580464 0.001032
1580817 CX12 1580994 0.989293
1580817 CX12 1580386 0.001530
1580817 CX12 1581033 0.001530
1580817 CX12 1580425 0.001530
1580817 CX12 1581072 0.001530
1580817 CX12 1580503 0.001530
1580817 CX12 1581111 0.001530
1580817 CX12 1580464 0.001530
1580817 X0 1580821 0.999565
1580817 X0 1580817 0.000145
1580817 X0 1580818 0.000145
1580817 X0 1580822 0.000145
1580818 CX02 1581111 0.992773
1580818 CX02 1580464 0.001032
1580818 CX02 1581072 0.001032
1580818 CX02 1580503 0.001032
1580818 CX02 1581033 0.001032
1580818 CX02 1580425 0.001032
1580818 CX02 1580994 0.001032
1580818 CX02 1580386 0.001032
1580818 CX12 1581111 0.989293
1580818 CX12 1580464 0.001530
1580818 CX12 1581072 0.001530
1580818 CX12 1580503 0.001530
1580818 CX12 1581033 0.001530
1580818 CX12 1580425 0.001530
1580818 CX12 1580994 0.001530
1580818 CX12 1580386 0.001530
1580818 X0 1580822 0.999565
1580818 X0 1580818 0.000145
1580818 X0 1580817 0.000145
1580818 X0 1580821 0.000145
1580819 CX02 1580464 0.992773
1580819 CX02 1581111 0.001032
1580819 CX02 1580503 0.001032
1580819 CX02 1581072 0.001032
1580819 CX02 1580425 0.001032
1580819 CX02 1581033 0.001032
1580819 CX02 1580386 0.001032
1580819 CX02 1580994 0.001032
1580819 CX12 1580464 0.989293
1580819 CX12 1581111 0.001530
1580819 CX12 1580503 0.001530
1580819 CX12 1581072 0.001530
1580819 CX12 1580425 0.001530
1580819 CX12 1581033 0.001530
1580819 CX12 1580386 0.001530
1580819 CX12 1580994 0.001530
1580819 X0 1580823 0.999565
1580819 X0 1580819 0.000145
1580819 X0 1580816 0.000145
1580819 X0 1580820 0.000145
1580820 CX02 1581033 0.992773
1580820 CX02 1580425 0.001032
1580820 CX02 1580994 0.001032
1580820 CX02 1580386 0.001032
1580820 CX02 1581111 0.001032
1580820 CX02 1580464 0.001032
1580820 CX02 1581072 0.001032
1580820 CX02 1580503 0.001032
1580820 CX12 1580425 0.989293
1580820 CX12 1581033 0.001530
1580820 CX12 1580386 0.001530
1580820 CX12 1580994 0.001530
1580820 CX12 1580464 0.001530
1580820 CX12 1581111 0.001530
1580820 CX12 1580503 0.001530
1580820 CX12 1581072 0.001530
1580820 X0 1580816 0.999565
1580820 X0 1580820 0.000145
1580820 X0 1580823 0.000145
1580820 X0 1580819 0.000145
1580821 CX02 1580425 0.992773
1580821 CX02 1581033 0.001032
1580821 CX02 1580386 0.001032
1580821 CX02 1580994 0.001032
1580821 CX02 1580464 0.001032
1580821 CX02 1581111 0.001032
1580821 CX02 1580503 0.001032
1580821 CX02 1581072 0.001032
1580821 CX12 1581033 0.989293
1580821 CX12 1580425 0.001530
1580821 CX12 1580994 0.001530
1580821 CX12 1580386 0.001530
1580821 CX12 1581111 0.001530
1580821 CX12 1580464 0.001530
1580821 CX12 1581072 0.001530
1580821 CX12 1580503 0.001530
1580821 X0 1580817 0.999565
1580821 X0 1580821 0.000145
1580821 X0 1580822 0.000145
1580821 X0 1580818 0.000145
1580822 CX02 1580503 0.992773
1580822 CX02 1581072 0.001032
1580822 CX02 1580464 0.001032
1580822 CX02 1581111 0.001032
1580822 CX02 1580386 0.001032
1580822 CX02 1580994 0.001032
1580822 CX02 1580425 0.001032
1580822 CX02 1581033 0.001032
1580822 CX12 1581072 0.989293
1580822 CX12 1580503 0.001530
1580822 CX12 1581111 0.001530
1580822 CX12 1580464 0.001530
1580822 CX12 1580994 0.001530
1580822 CX12 1580386 0.001530
1580822 CX12 1581033 0.001530
1580822 CX12 1580425 0.001530
1580822 X0 1580818 0.999565
1580822 X0 1580822 0.000145
1580822 X0 1580821 0.000145
1580822 X0 1580817 0.000145
1580823 CX02 1581072 0.992773
1580823 CX02 1580503 0.001032
1580823 CX02 1581111 0.001032
1580823 CX02 1580464 0.001032
1580823 CX02 1580994 0.001032
1580823 CX02 1580386 0.001032
1580823 CX02 1581033 0.001032
1580823 CX02 1580425 0.001032
1580823 CX12 1580503 0.989293
1580823 CX12 1581072 0.001530
1580823 CX12 1580464 0.001530
1580823 CX12 1581111 0.001530
1580823 CX12 1580386 0.001530
1580823 CX12 1580994 0.001530
1580823 CX12 1580425 0.001530
1580823 CX12 1581033 0.001530
1580823 X0 1580819 0.999565
1580823 X0 1580823 0.000145
1580823 X0 1580820 0.000145
1580823 X0 1580816 0.000145
1580994 CX02 1580817 0.992773
1580994 CX02 1580816 0.001032
1580994 CX02 1580819 0.001032
1580994 CX02 1580818 0.001032
1580994 CX02 1580821 0.001032
1580994 CX02 1580820 0.001032
1580994 CX02 1580823 0.001032
1580994 CX02 1580822 0.001032
1580994 CX12 1580817 0.989293
1580994 CX12 1580816 0.001530
1580994 CX12 1580819 0.001530
1580994 CX12 1580818 0.001530
1580994 CX12 1580820 0.001530
1580994 CX12 1580821 0.001530
1580994 CX12 1580822 0.001530
1580994 CX12 1580823 0.001530
1580994 P2 1580994 0.961400
1580994 P2 1580524 0.038600
1580994 X0 1581033 0.999565
1580994 X0 1580994 0.000145
1580994 X0 1581111 0.000145
1580994 X0 1581072 0.000145
1581033 CX02 1580820 0.992773
1581033 CX02 1580821 0.001032
1581033 CX02 1580822 0.001032
1581033 CX02 1580823 0.001032
1581033 CX02 1580816 0.001032
1581033 CX02 1580817 0.001032
1581033 CX02 1580818 0.001032
1581033 CX02 1580819 0.001032
1581033 CX12 1580821 0.989293
1581033 CX12 1580820 0.001530
1581033 CX12 1580823 0.001530
1581033 CX12 1580822 0.001530
1581033 CX12 1580816 0.001530
1581033 CX12 1580817 0.001530
1581033 CX12 1580818 0.001530
1581033 CX12 1580819 0.001530
1581033 P2 1581033 0.961400
1581033 P2 1580525 0.038600
1581033 X0 1580994 0.999565
1581033 X0 1581033 0.000145
1581033 X0 1581072 0.000145
1581033 X0 1581111 0.000145
1581072 CX02 1580823 0.992773
1581072 CX02 1580822 0.001032
1581072 CX02 1580821 0.001032
1581072 CX02 1580820 0.001032
1581072 CX02 1580819 0.001032
1581072 CX02 1580818 0.001032
1581072 CX02 1580817 0.001032
1581072 CX02 1580816 0.001032
1581072 CX12 1580822 0.989293
1581072 CX12 1580823 0.001530
1581072 CX12 1580820 0.001530
1581072 CX12 1580821 0.001530
1581072 CX12 1580819 0.001530
1581072 CX12 1580818 0.001530
1581072 CX12 1580817 0.001530
1581072 CX12 1580816 0.001530
1581072 P2 1581072 0.961400
1581072 P2 1580526 0.038600
1581072 X0 1581111 0.999565
1581072 X0 1581072 0.000145
1581072 X0 1581033 0.000145
1581072 X0 1580994 0.000145
1581111 CX02 1580818 0.992773
1581111 CX02 1580819 0.001032
1581111 CX02 1580816 0.001032
1581111 CX02 1580817 0.001032
1581111 CX02 1580822 0.001032
1581111 CX02 1580823 0.001032
1581111 CX02 1580820 0.001032
1581111 CX02 1580821 0.001032
1581111 CX12 1580818 0.989293
1581111 CX12 1580819 0.001530
1581111 CX12 1580816 0.001530
1581111 CX12 1580817 0.001530
1581111 CX12 1580823 0.001530
1581111 CX12 1580822 0.001530
1581111 CX12 1580821 0.001530
1581111 CX12 1580820 0.001530
1581111 P2 1581111 0.961400
1581111 P2 1580527 0.038600
1581111 X0 1581072 0.999565
1581111 X0 1581111 0.000145
1581111 X0 1580994 0.000145
1581111 X0 1581033 0.000145
ENDPOMDP
