BEGINPOMDP
INITIALSTATE: 124190
STATES: 124190,124191,124192,124193,124194,124211,124212,124213,124214,124215,124216,124217,124218,124237,124276,124315,124354,124375,124376,124377,124378,124667,124668,124669,124670,124671,124672,124673,124674,124845,124884,124923,124962
TARGETV: 124191,124193,124237,124315,124375,124378,124845,124962
GAMMA: 124190:0,124191:0,124192:0,124193:0,124194:0,124211:0,124212:0,124213:0,124214:0,124215:0,124216:0,124217:0,124218:0,124237:1,124276:1,124315:1,124354:1,124375:0,124376:0,124377:0,124378:0,124667:1,124668:1,124669:1,124670:1,124671:1,124672:1,124673:1,124674:1,124845:1,124884:1,124923:1,124962:1
BEGINACTIONS
CX02
CX12
P2
X0
ENDACTIONS
124190 INIT_ 124191 0.250000
124190 INIT_ 124192 0.250000
124190 INIT_ 124193 0.250000
124190 INIT_ 124194 0.250000
124191 CX02 124211 0.988152
124191 CX02 124212 0.001693
124191 CX02 124213 0.001693
124191 CX02 124214 0.001693
124191 CX02 124215 0.001693
124191 CX02 124216 0.001693
124191 CX02 124217 0.001693
124191 CX02 124218 0.001693
124191 CX12 124211 0.990759
124191 CX12 124212 0.001320
124191 CX12 124213 0.001320
124191 CX12 124214 0.001320
124191 CX12 124216 0.001320
124191 CX12 124215 0.001320
124191 CX12 124218 0.001320
124191 CX12 124217 0.001320
124191 P2 124191 0.985800
124191 P2 124237 0.014200
124191 X0 124192 0.999294
124191 X0 124191 0.000235
124191 X0 124193 0.000235
124191 X0 124194 0.000235
124192 CX02 124216 0.988152
124192 CX02 124215 0.001693
124192 CX02 124218 0.001693
124192 CX02 124217 0.001693
124192 CX02 124212 0.001693
124192 CX02 124211 0.001693
124192 CX02 124214 0.001693
124192 CX02 124213 0.001693
124192 CX12 124215 0.990759
124192 CX12 124216 0.001320
124192 CX12 124217 0.001320
124192 CX12 124218 0.001320
124192 CX12 124212 0.001320
124192 CX12 124211 0.001320
124192 CX12 124214 0.001320
124192 CX12 124213 0.001320
124192 P2 124192 0.985800
124192 P2 124276 0.014200
124192 X0 124191 0.999294
124192 X0 124192 0.000235
124192 X0 124194 0.000235
124192 X0 124193 0.000235
124193 CX02 124214 0.988152
124193 CX02 124213 0.001693
124193 CX02 124212 0.001693
124193 CX02 124211 0.001693
124193 CX02 124218 0.001693
124193 CX02 124217 0.001693
124193 CX02 124216 0.001693
124193 CX02 124215 0.001693
124193 CX12 124214 0.990759
124193 CX12 124213 0.001320
124193 CX12 124212 0.001320
124193 CX12 124211 0.001320
124193 CX12 124217 0.001320
124193 CX12 124218 0.001320
124193 CX12 124215 0.001320
124193 CX12 124216 0.001320
124193 P2 124193 0.985800
124193 P2 124315 0.014200
124193 X0 124194 0.999294
124193 X0 124193 0.000235
124193 X0 124191 0.000235
124193 X0 124192 0.000235
124194 CX02 124217 0.988152
124194 CX02 124218 0.001693
124194 CX02 124215 0.001693
124194 CX02 124216 0.001693
124194 CX02 124213 0.001693
124194 CX02 124214 0.001693
124194 CX02 124211 0.001693
124194 CX02 124212 0.001693
124194 CX12 124218 0.990759
124194 CX12 124217 0.001320
124194 CX12 124216 0.001320
124194 CX12 124215 0.001320
124194 CX12 124213 0.001320
124194 CX12 124214 0.001320
124194 CX12 124211 0.001320
124194 CX12 124212 0.001320
124194 P2 124194 0.985800
124194 P2 124354 0.014200
124194 X0 124193 0.999294
124194 X0 124194 0.000235
124194 X0 124192 0.000235
124194 X0 124191 0.000235
124211 CX02 124191 0.988152
124211 CX02 124375 0.001693
124211 CX02 124192 0.001693
124211 CX02 124376 0.001693
124211 CX02 124194 0.001693
124211 CX02 124377 0.001693
124211 CX02 124193 0.001693
124211 CX02 124378 0.001693
124211 CX12 124191 0.990759
124211 CX12 124375 0.001320
124211 CX12 124192 0.001320
124211 CX12 124376 0.001320
124211 CX12 124194 0.001320
124211 CX12 124377 0.001320
124211 CX12 124193 0.001320
124211 CX12 124378 0.001320
124211 X0 124215 0.999294
124211 X0 124211 0.000235
124211 X0 124214 0.000235
124211 X0 124218 0.000235
124212 CX02 124375 0.988152
124212 CX02 124191 0.001693
124212 CX02 124376 0.001693
124212 CX02 124192 0.001693
124212 CX02 124377 0.001693
124212 CX02 124194 0.001693
124212 CX02 124378 0.001693
124212 CX02 124193 0.001693
124212 CX12 124375 0.990759
124212 CX12 124191 0.001320
124212 CX12 124376 0.001320
124212 CX12 124192 0.001320
124212 CX12 124377 0.001320
124212 CX12 124194 0.001320
124212 CX12 124378 0.001320
124212 CX12 124193 0.001320
124212 X0 124216 0.999294
124212 X0 124212 0.000235
124212 X0 124213 0.000235
124212 X0 124217 0.000235
124213 CX02 124378 0.988152
124213 CX02 124193 0.001693
124213 CX02 124377 0.001693
124213 CX02 124194 0.001693
124213 CX02 124376 0.001693
124213 CX02 124192 0.001693
124213 CX02 124375 0.001693
124213 CX02 124191 0.001693
124213 CX12 124378 0.990759
124213 CX12 124193 0.001320
124213 CX12 124377 0.001320
124213 CX12 124194 0.001320
124213 CX12 124376 0.001320
124213 CX12 124192 0.001320
124213 CX12 124375 0.001320
124213 CX12 124191 0.001320
124213 X0 124217 0.999294
124213 X0 124213 0.000235
124213 X0 124212 0.000235
124213 X0 124216 0.000235
124214 CX02 124193 0.988152
124214 CX02 124378 0.001693
124214 CX02 124194 0.001693
124214 CX02 124377 0.001693
124214 CX02 124192 0.001693
124214 CX02 124376 0.001693
124214 CX02 124191 0.001693
124214 CX02 124375 0.001693
124214 CX12 124193 0.990759
124214 CX12 124378 0.001320
124214 CX12 124194 0.001320
124214 CX12 124377 0.001320
124214 CX12 124192 0.001320
124214 CX12 124376 0.001320
124214 CX12 124191 0.001320
124214 CX12 124375 0.001320
124214 X0 124218 0.999294
124214 X0 124214 0.000235
124214 X0 124211 0.000235
124214 X0 124215 0.000235
124215 CX02 124376 0.988152
124215 CX02 124192 0.001693
124215 CX02 124375 0.001693
124215 CX02 124191 0.001693
124215 CX02 124378 0.001693
124215 CX02 124193 0.001693
124215 CX02 124377 0.001693
124215 CX02 124194 0.001693
124215 CX12 124192 0.990759
124215 CX12 124376 0.001320
124215 CX12 124191 0.001320
124215 CX12 124375 0.001320
124215 CX12 124193 0.001320
124215 CX12 124378 0.001320
124215 CX12 124194 0.001320
124215 CX12 124377 0.001320
124215 X0 124211 0.999294
124215 X0 124215 0.000235
124215 X0 124218 0.000235
124215 X0 124214 0.000235
124216 CX02 124192 0.988152
124216 CX02 124376 0.001693
124216 CX02 124191 0.001693
124216 CX02 124375 0.001693
124216 CX02 124193 0.001693
124216 CX02 124378 0.001693
124216 CX02 124194 0.001693
124216 CX02 124377 0.001693
124216 CX12 124376 0.990759
124216 CX12 124192 0.001320
124216 CX12 124375 0.001320
124216 CX12 124191 0.001320
124216 CX12 124378 0.001320
124216 CX12 124193 0.001320
124216 CX12 124377 0.001320
124216 CX12 124194 0.001320
124216 X0 124212 0.999294
124216 X0 124216 0.000235
124216 X0 124217 0.000235
124216 X0 124213 0.000235
124217 CX02 124194 0.988152
124217 CX02 124377 0.001693
124217 CX02 124193 0.001693
124217 CX02 124378 0.001693
124217 CX02 124191 0.001693
124217 CX02 124375 0.001693
124217 CX02 124192 0.001693
124217 CX02 124376 0.001693
124217 CX12 124377 0.990759
124217 CX12 124194 0.001320
124217 CX12 124378 0.001320
124217 CX12 124193 0.001320
124217 CX12 124375 0.001320
124217 CX12 124191 0.001320
124217 CX12 124376 0.001320
124217 CX12 124192 0.001320
124217 X0 124213 0.999294
124217 X0 124217 0.000235
124217 X0 124216 0.000235
124217 X0 124212 0.000235
124218 CX02 124377 0.988152
124218 CX02 124194 0.001693
124218 CX02 124378 0.001693
124218 CX02 124193 0.001693
124218 CX02 124375 0.001693
124218 CX02 124191 0.001693
124218 CX02 124376 0.001693
124218 CX02 124192 0.001693
124218 CX12 124194 0.990759
124218 CX12 124377 0.001320
124218 CX12 124193 0.001320
124218 CX12 124378 0.001320
124218 CX12 124191 0.001320
124218 CX12 124375 0.001320
124218 CX12 124192 0.001320
124218 CX12 124376 0.001320
124218 X0 124214 0.999294
124218 X0 124218 0.000235
124218 X0 124215 0.000235
124218 X0 124211 0.000235
124237 CX02 124667 0.988152
124237 CX02 124668 0.001693
124237 CX02 124669 0.001693
124237 CX02 124670 0.001693
124237 CX02 124671 0.001693
124237 CX02 124672 0.001693
124237 CX02 124673 0.001693
124237 CX02 124674 0.001693
124237 CX12 124667 0.990759
124237 CX12 124668 0.001320
124237 CX12 124669 0.001320
124237 CX12 124670 0.001320
124237 CX12 124672 0.001320
124237 CX12 124671 0.001320
124237 CX12 124674 0.001320
124237 CX12 124673 0.001320
124237 P2 124191 0.985800
124237 P2 124237 0.014200
124237 X0 124276 0.999294
124237 X0 124237 0.000235
124237 X0 124315 0.000235
124237 X0 124354 0.000235
124276 CX02 124672 0.988152
124276 CX02 124671 0.001693
124276 CX02 124674 0.001693
124276 CX02 124673 0.001693
124276 CX02 124668 0.001693
124276 CX02 124667 0.001693
124276 CX02 124670 0.001693
124276 CX02 124669 0.001693
124276 CX12 124671 0.990759
124276 CX12 124672 0.001320
124276 CX12 124673 0.001320
124276 CX12 124674 0.001320
124276 CX12 124668 0.001320
124276 CX12 124667 0.001320
124276 CX12 124670 0.001320
124276 CX12 124669 0.001320
124276 P2 124192 0.985800
124276 P2 124276 0.014200
124276 X0 124237 0.999294
124276 X0 124276 0.000235
124276 X0 124354 0.000235
124276 X0 124315 0.000235
124315 CX02 124670 0.988152
124315 CX02 124669 0.001693
124315 CX02 124668 0.001693
124315 CX02 124667 0.001693
124315 CX02 124674 0.001693
124315 CX02 124673 0.001693
124315 CX02 124672 0.001693
124315 CX02 124671 0.001693
124315 CX12 124670 0.990759
124315 CX12 124669 0.001320
124315 CX12 124668 0.001320
124315 CX12 124667 0.001320
124315 CX12 124673 0.001320
124315 CX12 124674 0.001320
124315 CX12 124671 0.001320
124315 CX12 124672 0.001320
124315 P2 124193 0.985800
124315 P2 124315 0.014200
124315 X0 124354 0.999294
124315 X0 124315 0.000235
124315 X0 124237 0.000235
124315 X0 124276 0.000235
124354 CX02 124673 0.988152
124354 CX02 124674 0.001693
124354 CX02 124671 0.001693
124354 CX02 124672 0.001693
124354 CX02 124669 0.001693
124354 CX02 124670 0.001693
124354 CX02 124667 0.001693
124354 CX02 124668 0.001693
124354 CX12 124674 0.990759
124354 CX12 124673 0.001320
124354 CX12 124672 0.001320
124354 CX12 124671 0.001320
124354 CX12 124669 0.001320
124354 CX12 124670 0.001320
124354 CX12 124667 0.001320
124354 CX12 124668 0.001320
124354 P2 124194 0.985800
124354 P2 124354 0.014200
124354 X0 124315 0.999294
124354 X0 124354 0.000235
124354 X0 124276 0.000235
124354 X0 124237 0.000235
124375 CX02 124212 0.988152
124375 CX02 124211 0.001693
124375 CX02 124214 0.001693
124375 CX02 124213 0.001693
124375 CX02 124216 0.001693
124375 CX02 124215 0.001693
124375 CX02 124218 0.001693
124375 CX02 124217 0.001693
124375 CX12 124212 0.990759
124375 CX12 124211 0.001320
124375 CX12 124214 0.001320
124375 CX12 124213 0.001320
124375 CX12 124215 0.001320
124375 CX12 124216 0.001320
124375 CX12 124217 0.001320
124375 CX12 124218 0.001320
124375 P2 124845 0.955400
124375 P2 124375 0.044600
124375 X0 124376 0.999294
124375 X0 124375 0.000235
124375 X0 124378 0.000235
124375 X0 124377 0.000235
124376 CX02 124215 0.988152
124376 CX02 124216 0.001693
124376 CX02 124217 0.001693
124376 CX02 124218 0.001693
124376 CX02 124211 0.001693
124376 CX02 124212 0.001693
124376 CX02 124213 0.001693
124376 CX02 124214 0.001693
124376 CX12 124216 0.990759
124376 CX12 124215 0.001320
124376 CX12 124218 0.001320
124376 CX12 124217 0.001320
124376 CX12 124211 0.001320
124376 CX12 124212 0.001320
124376 CX12 124213 0.001320
124376 CX12 124214 0.001320
124376 P2 124884 0.955400
124376 P2 124376 0.044600
124376 X0 124375 0.999294
124376 X0 124376 0.000235
124376 X0 124377 0.000235
124376 X0 124378 0.000235
124377 CX02 124218 0.988152
124377 CX02 124217 0.001693
124377 CX02 124216 0.001693
124377 CX02 124215 0.001693
124377 CX02 124214 0.001693
124377 CX02 124213 0.001693
124377 CX02 124212 0.001693
124377 CX02 124211 0.001693
124377 CX12 124217 0.990759
124377 CX12 124218 0.001320
124377 CX12 124215 0.001320
124377 CX12 124216 0.001320
124377 CX12 124214 0.001320
124377 CX12 124213 0.001320
124377 CX12 124212 0.001320
124377 CX12 124211 0.001320
124377 P2 124923 0.955400
124377 P2 124377 0.044600
124377 X0 124378 0.999294
124377 X0 124377 0.000235
124377 X0 124376 0.000235
124377 X0 124375 0.000235
124378 CX02 124213 0.988152
124378 CX02 124214 0.001693
124378 CX02 124211 0.001693
124378 CX02 124212 0.001693
124378 CX02 124217 0.001693
124378 CX02 124218 0.001693
124378 CX02 124215 0.001693
124378 CX02 124216 0.001693
124378 CX12 124213 0.990759
124378 CX12 124214 0.001320
124378 CX12 124211 0.001320
124378 CX12 124212 0.001320
124378 CX12 124218 0.001320
124378 CX12 124217 0.001320
124378 CX12 124216 0.001320
124378 CX12 124215 0.001320
124378 P2 124962 0.955400
124378 P2 124378 0.044600
124378 X0 124377 0.999294
124378 X0 124378 0.000235
124378 X0 124375 0.000235
124378 X0 124376 0.000235
124667 CX02 124237 0.988152
124667 CX02 124845 0.001693
124667 CX02 124276 0.001693
124667 CX02 124884 0.001693
124667 CX02 124354 0.001693
124667 CX02 124923 0.001693
124667 CX02 124315 0.001693
124667 CX02 124962 0.001693
124667 CX12 124237 0.990759
124667 CX12 124845 0.001320
124667 CX12 124276 0.001320
124667 CX12 124884 0.001320
124667 CX12 124354 0.001320
124667 CX12 124923 0.001320
124667 CX12 124315 0.001320
124667 CX12 124962 0.001320
124667 X0 124671 0.999294
124667 X0 124667 0.000235
124667 X0 124670 0.000235
124667 X0 124674 0.000235
124668 CX02 124845 0.988152
124668 CX02 124237 0.001693
124668 CX02 124884 0.001693
124668 CX02 124276 0.001693
124668 CX02 124923 0.001693
124668 CX02 124354 0.001693
124668 CX02 124962 0.001693
124668 CX02 124315 0.001693
124668 CX12 124845 0.990759
124668 CX12 124237 0.001320
124668 CX12 124884 0.001320
124668 CX12 124276 0.001320
124668 CX12 124923 0.001320
124668 CX12 124354 0.001320
124668 CX12 124962 0.001320
124668 CX12 124315 0.001320
124668 X0 124672 0.999294
124668 X0 124668 0.000235
124668 X0 124669 0.000235
124668 X0 124673 0.000235
124669 CX02 124962 0.988152
124669 CX02 124315 0.001693
124669 CX02 124923 0.001693
124669 CX02 124354 0.001693
124669 CX02 124884 0.001693
124669 CX02 124276 0.001693
124669 CX02 124845 0.001693
124669 CX02 124237 0.001693
124669 CX12 124962 0.990759
124669 CX12 124315 0.001320
124669 CX12 124923 0.001320
124669 CX12 124354 0.001320
124669 CX12 124884 0.001320
124669 CX12 124276 0.001320
124669 CX12 124845 0.001320
124669 CX12 124237 0.001320
124669 X0 124673 0.999294
124669 X0 124669 0.000235
124669 X0 124668 0.000235
124669 X0 124672 0.000235
124670 CX02 124315 0.988152
124670 CX02 124962 0.001693
124670 CX02 124354 0.001693
124670 CX02 124923 0.001693
124670 CX02 124276 0.001693
124670 CX02 124884 0.001693
124670 CX02 124237 0.001693
124670 CX02 124845 0.001693
124670 CX12 124315 0.990759
124670 CX12 124962 0.001320
124670 CX12 124354 0.001320
124670 CX12 124923 0.001320
124670 CX12 124276 0.001320
124670 CX12 124884 0.001320
124670 CX12 124237 0.001320
124670 CX12 124845 0.001320
124670 X0 124674 0.999294
124670 X0 124670 0.000235
124670 X0 124667 0.000235
124670 X0 124671 0.000235
124671 CX02 124884 0.988152
124671 CX02 124276 0.001693
124671 CX02 124845 0.001693
124671 CX02 124237 0.001693
124671 CX02 124962 0.001693
124671 CX02 124315 0.001693
124671 CX02 124923 0.001693
124671 CX02 124354 0.001693
124671 CX12 124276 0.990759
124671 CX12 124884 0.001320
124671 CX12 124237 0.001320
124671 CX12 124845 0.001320
124671 CX12 124315 0.001320
124671 CX12 124962 0.001320
124671 CX12 124354 0.001320
124671 CX12 124923 0.001320
124671 X0 124667 0.999294
124671 X0 124671 0.000235
124671 X0 124674 0.000235
124671 X0 124670 0.000235
124672 CX02 124276 0.988152
124672 CX02 124884 0.001693
124672 CX02 124237 0.001693
124672 CX02 124845 0.001693
124672 CX02 124315 0.001693
124672 CX02 124962 0.001693
124672 CX02 124354 0.001693
124672 CX02 124923 0.001693
124672 CX12 124884 0.990759
124672 CX12 124276 0.001320
124672 CX12 124845 0.001320
124672 CX12 124237 0.001320
124672 CX12 124962 0.001320
124672 CX12 124315 0.001320
124672 CX12 124923 0.001320
124672 CX12 124354 0.001320
124672 X0 124668 0.999294
124672 X0 124672 0.000235
124672 X0 124673 0.000235
124672 X0 124669 0.000235
124673 CX02 124354 0.988152
124673 CX02 124923 0.001693
124673 CX02 124315 0.001693
124673 CX02 124962 0.001693
124673 CX02 124237 0.001693
124673 CX02 124845 0.001693
124673 CX02 124276 0.001693
124673 CX02 124884 0.001693
124673 CX12 124923 0.990759
124673 CX12 124354 0.001320
124673 CX12 124962 0.001320
124673 CX12 124315 0.001320
124673 CX12 124845 0.001320
124673 CX12 124237 0.001320
124673 CX12 124884 0.001320
124673 CX12 124276 0.001320
124673 X0 124669 0.999294
124673 X0 124673 0.000235
124673 X0 124672 0.000235
124673 X0 124668 0.000235
124674 CX02 124923 0.988152
124674 CX02 124354 0.001693
124674 CX02 124962 0.001693
124674 CX02 124315 0.001693
124674 CX02 124845 0.001693
124674 CX02 124237 0.001693
124674 CX02 124884 0.001693
124674 CX02 124276 0.001693
124674 CX12 124354 0.990759
124674 CX12 124923 0.001320
124674 CX12 124315 0.001320
124674 CX12 124962 0.001320
124674 CX12 124237 0.001320
124674 CX12 124845 0.001320
124674 CX12 124276 0.001320
124674 CX12 124884 0.001320
124674 X0 124670 0.999294
124674 X0 124674 0.000235
124674 X0 124671 0.000235
124674 X0 124667 0.000235
124845 CX02 124668 0.988152
124845 CX02 124667 0.001693
124845 CX02 124670 0.001693
124845 CX02 124669 0.001693
124845 CX02 124672 0.001693
124845 CX02 124671 0.001693
124845 CX02 124674 0.001693
124845 CX02 124673 0.001693
124845 CX12 124668 0.990759
124845 CX12 124667 0.001320
124845 CX12 124670 0.001320
124845 CX12 124669 0.001320
124845 CX12 124671 0.001320
124845 CX12 124672 0.001320
124845 CX12 124673 0.001320
124845 CX12 124674 0.001320
124845 P2 124845 0.955400
124845 P2 124375 0.044600
124845 X0 124884 0.999294
124845 X0 124845 0.000235
124845 X0 124962 0.000235
124845 X0 124923 0.000235
124884 CX02 124671 0.988152
124884 CX02 124672 0.001693
124884 CX02 124673 0.001693
124884 CX02 124674 0.001693
124884 CX02 124667 0.001693
124884 CX02 124668 0.001693
124884 CX02 124669 0.001693
124884 CX02 124670 0.001693
124884 CX12 124672 0.990759
124884 CX12 124671 0.001320
124884 CX12 124674 0.001320
124884 CX12 124673 0.001320
124884 CX12 124667 0.001320
124884 CX12 124668 0.001320
124884 CX12 124669 0.001320
124884 CX12 124670 0.001320
124884 P2 124884 0.955400
124884 P2 124376 0.044600
124884 X0 124845 0.999294
124884 X0 124884 0.000235
124884 X0 124923 0.000235
124884 X0 124962 0.000235
124923 CX02 124674 0.988152
124923 CX02 124673 0.001693
124923 CX02 124672 0.001693
124923 CX02 124671 0.001693
124923 CX02 124670 0.001693
124923 CX02 124669 0.001693
124923 CX02 124668 0.001693
124923 CX02 124667 0.001693
124923 CX12 124673 0.990759
124923 CX12 124674 0.001320
124923 CX12 124671 0.001320
124923 CX12 124672 0.001320
124923 CX12 124670 0.001320
124923 CX12 124669 0.001320
124923 CX12 124668 0.001320
124923 CX12 124667 0.001320
124923 P2 124923 0.955400
124923 P2 124377 0.044600
124923 X0 124962 0.999294
124923 X0 124923 0.000235
124923 X0 124884 0.000235
124923 X0 124845 0.000235
124962 CX02 124669 0.988152
124962 CX02 124670 0.001693
124962 CX02 124667 0.001693
124962 CX02 124668 0.001693
124962 CX02 124673 0.001693
124962 CX02 124674 0.001693
124962 CX02 124671 0.001693
124962 CX02 124672 0.001693
124962 CX12 124669 0.990759
124962 CX12 124670 0.001320
124962 CX12 124667 0.001320
124962 CX12 124668 0.001320
124962 CX12 124674 0.001320
124962 CX12 124673 0.001320
124962 CX12 124672 0.001320
124962 CX12 124671 0.001320
124962 P2 124962 0.955400
124962 P2 124378 0.044600
124962 X0 124923 0.999294
124962 X0 124962 0.000235
124962 X0 124845 0.000235
124962 X0 124884 0.000235
ENDPOMDP
