BEGINPOMDP
INITIALSTATE: 136360
STATES: 136360,136361,136362,136363,136364,136381,136382,136383,136384,136385,136386,136387,136388,136407,136446,136485,136524,136545,136546,136547,136548,136837,136838,136839,136840,136841,136842,136843,136844,137015,137054,137093,137132
TARGETV: 136361,136363,136407,136485,136545,136548,137015,137132
GAMMA: 136360:0,136361:0,136362:0,136363:0,136364:0,136381:0,136382:0,136383:0,136384:0,136385:0,136386:0,136387:0,136388:0,136407:1,136446:1,136485:1,136524:1,136545:0,136546:0,136547:0,136548:0,136837:1,136838:1,136839:1,136840:1,136841:1,136842:1,136843:1,136844:1,137015:1,137054:1,137093:1,137132:1
BEGINACTIONS
CX02
CX12
P2
X0
ENDACTIONS
136360 INIT_ 136361 0.250000
136360 INIT_ 136362 0.250000
136360 INIT_ 136363 0.250000
136360 INIT_ 136364 0.250000
136361 CX02 136381 0.989489
136361 CX02 136382 0.001502
136361 CX02 136383 0.001502
136361 CX02 136384 0.001502
136361 CX02 136385 0.001502
136361 CX02 136386 0.001502
136361 CX02 136387 0.001502
136361 CX02 136388 0.001502
136361 CX12 136381 0.992232
136361 CX12 136382 0.001110
136361 CX12 136383 0.001110
136361 CX12 136384 0.001110
136361 CX12 136386 0.001110
136361 CX12 136385 0.001110
136361 CX12 136388 0.001110
136361 CX12 136387 0.001110
136361 P2 136361 0.984600
136361 P2 136407 0.015400
136361 X0 136362 0.999551
136361 X0 136361 0.000150
136361 X0 136363 0.000150
136361 X0 136364 0.000150
136362 CX02 136386 0.989489
136362 CX02 136385 0.001502
136362 CX02 136388 0.001502
136362 CX02 136387 0.001502
136362 CX02 136382 0.001502
136362 CX02 136381 0.001502
136362 CX02 136384 0.001502
136362 CX02 136383 0.001502
136362 CX12 136385 0.992232
136362 CX12 136386 0.001110
136362 CX12 136387 0.001110
136362 CX12 136388 0.001110
136362 CX12 136382 0.001110
136362 CX12 136381 0.001110
136362 CX12 136384 0.001110
136362 CX12 136383 0.001110
136362 P2 136362 0.984600
136362 P2 136446 0.015400
136362 X0 136361 0.999551
136362 X0 136362 0.000150
136362 X0 136364 0.000150
136362 X0 136363 0.000150
136363 CX02 136384 0.989489
136363 CX02 136383 0.001502
136363 CX02 136382 0.001502
136363 CX02 136381 0.001502
136363 CX02 136388 0.001502
136363 CX02 136387 0.001502
136363 CX02 136386 0.001502
136363 CX02 136385 0.001502
136363 CX12 136384 0.992232
136363 CX12 136383 0.001110
136363 CX12 136382 0.001110
136363 CX12 136381 0.001110
136363 CX12 136387 0.001110
136363 CX12 136388 0.001110
136363 CX12 136385 0.001110
136363 CX12 136386 0.001110
136363 P2 136363 0.984600
136363 P2 136485 0.015400
136363 X0 136364 0.999551
136363 X0 136363 0.000150
136363 X0 136361 0.000150
136363 X0 136362 0.000150
136364 CX02 136387 0.989489
136364 CX02 136388 0.001502
136364 CX02 136385 0.001502
136364 CX02 136386 0.001502
136364 CX02 136383 0.001502
136364 CX02 136384 0.001502
136364 CX02 136381 0.001502
136364 CX02 136382 0.001502
136364 CX12 136388 0.992232
136364 CX12 136387 0.001110
136364 CX12 136386 0.001110
136364 CX12 136385 0.001110
136364 CX12 136383 0.001110
136364 CX12 136384 0.001110
136364 CX12 136381 0.001110
136364 CX12 136382 0.001110
136364 P2 136364 0.984600
136364 P2 136524 0.015400
136364 X0 136363 0.999551
136364 X0 136364 0.000150
136364 X0 136362 0.000150
136364 X0 136361 0.000150
136381 CX02 136361 0.989489
136381 CX02 136545 0.001502
136381 CX02 136362 0.001502
136381 CX02 136546 0.001502
136381 CX02 136364 0.001502
136381 CX02 136547 0.001502
136381 CX02 136363 0.001502
136381 CX02 136548 0.001502
136381 CX12 136361 0.992232
136381 CX12 136545 0.001110
136381 CX12 136362 0.001110
136381 CX12 136546 0.001110
136381 CX12 136364 0.001110
136381 CX12 136547 0.001110
136381 CX12 136363 0.001110
136381 CX12 136548 0.001110
136381 X0 136385 0.999551
136381 X0 136381 0.000150
136381 X0 136384 0.000150
136381 X0 136388 0.000150
136382 CX02 136545 0.989489
136382 CX02 136361 0.001502
136382 CX02 136546 0.001502
136382 CX02 136362 0.001502
136382 CX02 136547 0.001502
136382 CX02 136364 0.001502
136382 CX02 136548 0.001502
136382 CX02 136363 0.001502
136382 CX12 136545 0.992232
136382 CX12 136361 0.001110
136382 CX12 136546 0.001110
136382 CX12 136362 0.001110
136382 CX12 136547 0.001110
136382 CX12 136364 0.001110
136382 CX12 136548 0.001110
136382 CX12 136363 0.001110
136382 X0 136386 0.999551
136382 X0 136382 0.000150
136382 X0 136383 0.000150
136382 X0 136387 0.000150
136383 CX02 136548 0.989489
136383 CX02 136363 0.001502
136383 CX02 136547 0.001502
136383 CX02 136364 0.001502
136383 CX02 136546 0.001502
136383 CX02 136362 0.001502
136383 CX02 136545 0.001502
136383 CX02 136361 0.001502
136383 CX12 136548 0.992232
136383 CX12 136363 0.001110
136383 CX12 136547 0.001110
136383 CX12 136364 0.001110
136383 CX12 136546 0.001110
136383 CX12 136362 0.001110
136383 CX12 136545 0.001110
136383 CX12 136361 0.001110
136383 X0 136387 0.999551
136383 X0 136383 0.000150
136383 X0 136382 0.000150
136383 X0 136386 0.000150
136384 CX02 136363 0.989489
136384 CX02 136548 0.001502
136384 CX02 136364 0.001502
136384 CX02 136547 0.001502
136384 CX02 136362 0.001502
136384 CX02 136546 0.001502
136384 CX02 136361 0.001502
136384 CX02 136545 0.001502
136384 CX12 136363 0.992232
136384 CX12 136548 0.001110
136384 CX12 136364 0.001110
136384 CX12 136547 0.001110
136384 CX12 136362 0.001110
136384 CX12 136546 0.001110
136384 CX12 136361 0.001110
136384 CX12 136545 0.001110
136384 X0 136388 0.999551
136384 X0 136384 0.000150
136384 X0 136381 0.000150
136384 X0 136385 0.000150
136385 CX02 136546 0.989489
136385 CX02 136362 0.001502
136385 CX02 136545 0.001502
136385 CX02 136361 0.001502
136385 CX02 136548 0.001502
136385 CX02 136363 0.001502
136385 CX02 136547 0.001502
136385 CX02 136364 0.001502
136385 CX12 136362 0.992232
136385 CX12 136546 0.001110
136385 CX12 136361 0.001110
136385 CX12 136545 0.001110
136385 CX12 136363 0.001110
136385 CX12 136548 0.001110
136385 CX12 136364 0.001110
136385 CX12 136547 0.001110
136385 X0 136381 0.999551
136385 X0 136385 0.000150
136385 X0 136388 0.000150
136385 X0 136384 0.000150
136386 CX02 136362 0.989489
136386 CX02 136546 0.001502
136386 CX02 136361 0.001502
136386 CX02 136545 0.001502
136386 CX02 136363 0.001502
136386 CX02 136548 0.001502
136386 CX02 136364 0.001502
136386 CX02 136547 0.001502
136386 CX12 136546 0.992232
136386 CX12 136362 0.001110
136386 CX12 136545 0.001110
136386 CX12 136361 0.001110
136386 CX12 136548 0.001110
136386 CX12 136363 0.001110
136386 CX12 136547 0.001110
136386 CX12 136364 0.001110
136386 X0 136382 0.999551
136386 X0 136386 0.000150
136386 X0 136387 0.000150
136386 X0 136383 0.000150
136387 CX02 136364 0.989489
136387 CX02 136547 0.001502
136387 CX02 136363 0.001502
136387 CX02 136548 0.001502
136387 CX02 136361 0.001502
136387 CX02 136545 0.001502
136387 CX02 136362 0.001502
136387 CX02 136546 0.001502
136387 CX12 136547 0.992232
136387 CX12 136364 0.001110
136387 CX12 136548 0.001110
136387 CX12 136363 0.001110
136387 CX12 136545 0.001110
136387 CX12 136361 0.001110
136387 CX12 136546 0.001110
136387 CX12 136362 0.001110
136387 X0 136383 0.999551
136387 X0 136387 0.000150
136387 X0 136386 0.000150
136387 X0 136382 0.000150
136388 CX02 136547 0.989489
136388 CX02 136364 0.001502
136388 CX02 136548 0.001502
136388 CX02 136363 0.001502
136388 CX02 136545 0.001502
136388 CX02 136361 0.001502
136388 CX02 136546 0.001502
136388 CX02 136362 0.001502
136388 CX12 136364 0.992232
136388 CX12 136547 0.001110
136388 CX12 136363 0.001110
136388 CX12 136548 0.001110
136388 CX12 136361 0.001110
136388 CX12 136545 0.001110
136388 CX12 136362 0.001110
136388 CX12 136546 0.001110
136388 X0 136384 0.999551
136388 X0 136388 0.000150
136388 X0 136385 0.000150
136388 X0 136381 0.000150
136407 CX02 136837 0.989489
136407 CX02 136838 0.001502
136407 CX02 136839 0.001502
136407 CX02 136840 0.001502
136407 CX02 136841 0.001502
136407 CX02 136842 0.001502
136407 CX02 136843 0.001502
136407 CX02 136844 0.001502
136407 CX12 136837 0.992232
136407 CX12 136838 0.001110
136407 CX12 136839 0.001110
136407 CX12 136840 0.001110
136407 CX12 136842 0.001110
136407 CX12 136841 0.001110
136407 CX12 136844 0.001110
136407 CX12 136843 0.001110
136407 P2 136361 0.984600
136407 P2 136407 0.015400
136407 X0 136446 0.999551
136407 X0 136407 0.000150
136407 X0 136485 0.000150
136407 X0 136524 0.000150
136446 CX02 136842 0.989489
136446 CX02 136841 0.001502
136446 CX02 136844 0.001502
136446 CX02 136843 0.001502
136446 CX02 136838 0.001502
136446 CX02 136837 0.001502
136446 CX02 136840 0.001502
136446 CX02 136839 0.001502
136446 CX12 136841 0.992232
136446 CX12 136842 0.001110
136446 CX12 136843 0.001110
136446 CX12 136844 0.001110
136446 CX12 136838 0.001110
136446 CX12 136837 0.001110
136446 CX12 136840 0.001110
136446 CX12 136839 0.001110
136446 P2 136362 0.984600
136446 P2 136446 0.015400
136446 X0 136407 0.999551
136446 X0 136446 0.000150
136446 X0 136524 0.000150
136446 X0 136485 0.000150
136485 CX02 136840 0.989489
136485 CX02 136839 0.001502
136485 CX02 136838 0.001502
136485 CX02 136837 0.001502
136485 CX02 136844 0.001502
136485 CX02 136843 0.001502
136485 CX02 136842 0.001502
136485 CX02 136841 0.001502
136485 CX12 136840 0.992232
136485 CX12 136839 0.001110
136485 CX12 136838 0.001110
136485 CX12 136837 0.001110
136485 CX12 136843 0.001110
136485 CX12 136844 0.001110
136485 CX12 136841 0.001110
136485 CX12 136842 0.001110
136485 P2 136363 0.984600
136485 P2 136485 0.015400
136485 X0 136524 0.999551
136485 X0 136485 0.000150
136485 X0 136407 0.000150
136485 X0 136446 0.000150
136524 CX02 136843 0.989489
136524 CX02 136844 0.001502
136524 CX02 136841 0.001502
136524 CX02 136842 0.001502
136524 CX02 136839 0.001502
136524 CX02 136840 0.001502
136524 CX02 136837 0.001502
136524 CX02 136838 0.001502
136524 CX12 136844 0.992232
136524 CX12 136843 0.001110
136524 CX12 136842 0.001110
136524 CX12 136841 0.001110
136524 CX12 136839 0.001110
136524 CX12 136840 0.001110
136524 CX12 136837 0.001110
136524 CX12 136838 0.001110
136524 P2 136364 0.984600
136524 P2 136524 0.015400
136524 X0 136485 0.999551
136524 X0 136524 0.000150
136524 X0 136446 0.000150
136524 X0 136407 0.000150
136545 CX02 136382 0.989489
136545 CX02 136381 0.001502
136545 CX02 136384 0.001502
136545 CX02 136383 0.001502
136545 CX02 136386 0.001502
136545 CX02 136385 0.001502
136545 CX02 136388 0.001502
136545 CX02 136387 0.001502
136545 CX12 136382 0.992232
136545 CX12 136381 0.001110
136545 CX12 136384 0.001110
136545 CX12 136383 0.001110
136545 CX12 136385 0.001110
136545 CX12 136386 0.001110
136545 CX12 136387 0.001110
136545 CX12 136388 0.001110
136545 P2 137015 0.984600
136545 P2 136545 0.015400
136545 X0 136546 0.999551
136545 X0 136545 0.000150
136545 X0 136548 0.000150
136545 X0 136547 0.000150
136546 CX02 136385 0.989489
136546 CX02 136386 0.001502
136546 CX02 136387 0.001502
136546 CX02 136388 0.001502
136546 CX02 136381 0.001502
136546 CX02 136382 0.001502
136546 CX02 136383 0.001502
136546 CX02 136384 0.001502
136546 CX12 136386 0.992232
136546 CX12 136385 0.001110
136546 CX12 136388 0.001110
136546 CX12 136387 0.001110
136546 CX12 136381 0.001110
136546 CX12 136382 0.001110
136546 CX12 136383 0.001110
136546 CX12 136384 0.001110
136546 P2 137054 0.984600
136546 P2 136546 0.015400
136546 X0 136545 0.999551
136546 X0 136546 0.000150
136546 X0 136547 0.000150
136546 X0 136548 0.000150
136547 CX02 136388 0.989489
136547 CX02 136387 0.001502
136547 CX02 136386 0.001502
136547 CX02 136385 0.001502
136547 CX02 136384 0.001502
136547 CX02 136383 0.001502
136547 CX02 136382 0.001502
136547 CX02 136381 0.001502
136547 CX12 136387 0.992232
136547 CX12 136388 0.001110
136547 CX12 136385 0.001110
136547 CX12 136386 0.001110
136547 CX12 136384 0.001110
136547 CX12 136383 0.001110
136547 CX12 136382 0.001110
136547 CX12 136381 0.001110
136547 P2 137093 0.984600
136547 P2 136547 0.015400
136547 X0 136548 0.999551
136547 X0 136547 0.000150
136547 X0 136546 0.000150
136547 X0 136545 0.000150
136548 CX02 136383 0.989489
136548 CX02 136384 0.001502
136548 CX02 136381 0.001502
136548 CX02 136382 0.001502
136548 CX02 136387 0.001502
136548 CX02 136388 0.001502
136548 CX02 136385 0.001502
136548 CX02 136386 0.001502
136548 CX12 136383 0.992232
136548 CX12 136384 0.001110
136548 CX12 136381 0.001110
136548 CX12 136382 0.001110
136548 CX12 136388 0.001110
136548 CX12 136387 0.001110
136548 CX12 136386 0.001110
136548 CX12 136385 0.001110
136548 P2 137132 0.984600
136548 P2 136548 0.015400
136548 X0 136547 0.999551
136548 X0 136548 0.000150
136548 X0 136545 0.000150
136548 X0 136546 0.000150
136837 CX02 136407 0.989489
136837 CX02 137015 0.001502
136837 CX02 136446 0.001502
136837 CX02 137054 0.001502
136837 CX02 136524 0.001502
136837 CX02 137093 0.001502
136837 CX02 136485 0.001502
136837 CX02 137132 0.001502
136837 CX12 136407 0.992232
136837 CX12 137015 0.001110
136837 CX12 136446 0.001110
136837 CX12 137054 0.001110
136837 CX12 136524 0.001110
136837 CX12 137093 0.001110
136837 CX12 136485 0.001110
136837 CX12 137132 0.001110
136837 X0 136841 0.999551
136837 X0 136837 0.000150
136837 X0 136840 0.000150
136837 X0 136844 0.000150
136838 CX02 137015 0.989489
136838 CX02 136407 0.001502
136838 CX02 137054 0.001502
136838 CX02 136446 0.001502
136838 CX02 137093 0.001502
136838 CX02 136524 0.001502
136838 CX02 137132 0.001502
136838 CX02 136485 0.001502
136838 CX12 137015 0.992232
136838 CX12 136407 0.001110
136838 CX12 137054 0.001110
136838 CX12 136446 0.001110
136838 CX12 137093 0.001110
136838 CX12 136524 0.001110
136838 CX12 137132 0.001110
136838 CX12 136485 0.001110
136838 X0 136842 0.999551
136838 X0 136838 0.000150
136838 X0 136839 0.000150
136838 X0 136843 0.000150
136839 CX02 137132 0.989489
136839 CX02 136485 0.001502
136839 CX02 137093 0.001502
136839 CX02 136524 0.001502
136839 CX02 137054 0.001502
136839 CX02 136446 0.001502
136839 CX02 137015 0.001502
136839 CX02 136407 0.001502
136839 CX12 137132 0.992232
136839 CX12 136485 0.001110
136839 CX12 137093 0.001110
136839 CX12 136524 0.001110
136839 CX12 137054 0.001110
136839 CX12 136446 0.001110
136839 CX12 137015 0.001110
136839 CX12 136407 0.001110
136839 X0 136843 0.999551
136839 X0 136839 0.000150
136839 X0 136838 0.000150
136839 X0 136842 0.000150
136840 CX02 136485 0.989489
136840 CX02 137132 0.001502
136840 CX02 136524 0.001502
136840 CX02 137093 0.001502
136840 CX02 136446 0.001502
136840 CX02 137054 0.001502
136840 CX02 136407 0.001502
136840 CX02 137015 0.001502
136840 CX12 136485 0.992232
136840 CX12 137132 0.001110
136840 CX12 136524 0.001110
136840 CX12 137093 0.001110
136840 CX12 136446 0.001110
136840 CX12 137054 0.001110
136840 CX12 136407 0.001110
136840 CX12 137015 0.001110
136840 X0 136844 0.999551
136840 X0 136840 0.000150
136840 X0 136837 0.000150
136840 X0 136841 0.000150
136841 CX02 137054 0.989489
136841 CX02 136446 0.001502
136841 CX02 137015 0.001502
136841 CX02 136407 0.001502
136841 CX02 137132 0.001502
136841 CX02 136485 0.001502
136841 CX02 137093 0.001502
136841 CX02 136524 0.001502
136841 CX12 136446 0.992232
136841 CX12 137054 0.001110
136841 CX12 136407 0.001110
136841 CX12 137015 0.001110
136841 CX12 136485 0.001110
136841 CX12 137132 0.001110
136841 CX12 136524 0.001110
136841 CX12 137093 0.001110
136841 X0 136837 0.999551
136841 X0 136841 0.000150
136841 X0 136844 0.000150
136841 X0 136840 0.000150
136842 CX02 136446 0.989489
136842 CX02 137054 0.001502
136842 CX02 136407 0.001502
136842 CX02 137015 0.001502
136842 CX02 136485 0.001502
136842 CX02 137132 0.001502
136842 CX02 136524 0.001502
136842 CX02 137093 0.001502
136842 CX12 137054 0.992232
136842 CX12 136446 0.001110
136842 CX12 137015 0.001110
136842 CX12 136407 0.001110
136842 CX12 137132 0.001110
136842 CX12 136485 0.001110
136842 CX12 137093 0.001110
136842 CX12 136524 0.001110
136842 X0 136838 0.999551
136842 X0 136842 0.000150
136842 X0 136843 0.000150
136842 X0 136839 0.000150
136843 CX02 136524 0.989489
136843 CX02 137093 0.001502
136843 CX02 136485 0.001502
136843 CX02 137132 0.001502
136843 CX02 136407 0.001502
136843 CX02 137015 0.001502
136843 CX02 136446 0.001502
136843 CX02 137054 0.001502
136843 CX12 137093 0.992232
136843 CX12 136524 0.001110
136843 CX12 137132 0.001110
136843 CX12 136485 0.001110
136843 CX12 137015 0.001110
136843 CX12 136407 0.001110
136843 CX12 137054 0.001110
136843 CX12 136446 0.001110
136843 X0 136839 0.999551
136843 X0 136843 0.000150
136843 X0 136842 0.000150
136843 X0 136838 0.000150
136844 CX02 137093 0.989489
136844 CX02 136524 0.001502
136844 CX02 137132 0.001502
136844 CX02 136485 0.001502
136844 CX02 137015 0.001502
136844 CX02 136407 0.001502
136844 CX02 137054 0.001502
136844 CX02 136446 0.001502
136844 CX12 136524 0.992232
136844 CX12 137093 0.001110
136844 CX12 136485 0.001110
136844 CX12 137132 0.001110
136844 CX12 136407 0.001110
136844 CX12 137015 0.001110
136844 CX12 136446 0.001110
136844 CX12 137054 0.001110
136844 X0 136840 0.999551
136844 X0 136844 0.000150
136844 X0 136841 0.000150
136844 X0 136837 0.000150
137015 CX02 136838 0.989489
137015 CX02 136837 0.001502
137015 CX02 136840 0.001502
137015 CX02 136839 0.001502
137015 CX02 136842 0.001502
137015 CX02 136841 0.001502
137015 CX02 136844 0.001502
137015 CX02 136843 0.001502
137015 CX12 136838 0.992232
137015 CX12 136837 0.001110
137015 CX12 136840 0.001110
137015 CX12 136839 0.001110
137015 CX12 136841 0.001110
137015 CX12 136842 0.001110
137015 CX12 136843 0.001110
137015 CX12 136844 0.001110
137015 P2 137015 0.984600
137015 P2 136545 0.015400
137015 X0 137054 0.999551
137015 X0 137015 0.000150
137015 X0 137132 0.000150
137015 X0 137093 0.000150
137054 CX02 136841 0.989489
137054 CX02 136842 0.001502
137054 CX02 136843 0.001502
137054 CX02 136844 0.001502
137054 CX02 136837 0.001502
137054 CX02 136838 0.001502
137054 CX02 136839 0.001502
137054 CX02 136840 0.001502
137054 CX12 136842 0.992232
137054 CX12 136841 0.001110
137054 CX12 136844 0.001110
137054 CX12 136843 0.001110
137054 CX12 136837 0.001110
137054 CX12 136838 0.001110
137054 CX12 136839 0.001110
137054 CX12 136840 0.001110
137054 P2 137054 0.984600
137054 P2 136546 0.015400
137054 X0 137015 0.999551
137054 X0 137054 0.000150
137054 X0 137093 0.000150
137054 X0 137132 0.000150
137093 CX02 136844 0.989489
137093 CX02 136843 0.001502
137093 CX02 136842 0.001502
137093 CX02 136841 0.001502
137093 CX02 136840 0.001502
137093 CX02 136839 0.001502
137093 CX02 136838 0.001502
137093 CX02 136837 0.001502
137093 CX12 136843 0.992232
137093 CX12 136844 0.001110
137093 CX12 136841 0.001110
137093 CX12 136842 0.001110
137093 CX12 136840 0.001110
137093 CX12 136839 0.001110
137093 CX12 136838 0.001110
137093 CX12 136837 0.001110
137093 P2 137093 0.984600
137093 P2 136547 0.015400
137093 X0 137132 0.999551
137093 X0 137093 0.000150
137093 X0 137054 0.000150
137093 X0 137015 0.000150
137132 CX02 136839 0.989489
137132 CX02 136840 0.001502
137132 CX02 136837 0.001502
137132 CX02 136838 0.001502
137132 CX02 136843 0.001502
137132 CX02 136844 0.001502
137132 CX02 136841 0.001502
137132 CX02 136842 0.001502
137132 CX12 136839 0.992232
137132 CX12 136840 0.001110
137132 CX12 136837 0.001110
137132 CX12 136838 0.001110
137132 CX12 136844 0.001110
137132 CX12 136843 0.001110
137132 CX12 136842 0.001110
137132 CX12 136841 0.001110
137132 P2 137132 0.984600
137132 P2 136548 0.015400
137132 X0 137093 0.999551
137132 X0 137132 0.000150
137132 X0 137015 0.000150
137132 X0 137054 0.000150
ENDPOMDP
