BEGINPOMDP
INITIALSTATE: 127841
STATES: 127841,127842,127843,127844,127845,127862,127863,127864,127865,127866,127867,127868,127869,127888,127927,127966,128005,128026,128027,128028,128029,128318,128319,128320,128321,128322,128323,128324,128325,128496,128535,128574,128613
TARGETV: 127842,127844,127888,127966,128026,128029,128496,128613
GAMMA: 127841:0,127842:0,127843:0,127844:0,127845:0,127862:0,127863:0,127864:0,127865:0,127866:0,127867:0,127868:0,127869:0,127888:1,127927:1,127966:1,128005:1,128026:0,128027:0,128028:0,128029:0,128318:1,128319:1,128320:1,128321:1,128322:1,128323:1,128324:1,128325:1,128496:1,128535:1,128574:1,128613:1
BEGINACTIONS
CX02
CX12
P2
X0
ENDACTIONS
127841 INIT_ 127842 0.250000
127841 INIT_ 127843 0.250000
127841 INIT_ 127844 0.250000
127841 INIT_ 127845 0.250000
127842 CX02 127862 0.978624
127842 CX02 127863 0.003054
127842 CX02 127864 0.003054
127842 CX02 127865 0.003054
127842 CX02 127866 0.003054
127842 CX02 127867 0.003054
127842 CX02 127868 0.003054
127842 CX02 127869 0.003054
127842 CX12 127862 0.981072
127842 CX12 127863 0.002704
127842 CX12 127864 0.002704
127842 CX12 127865 0.002704
127842 CX12 127867 0.002704
127842 CX12 127866 0.002704
127842 CX12 127869 0.002704
127842 CX12 127868 0.002704
127842 P2 127842 0.992200
127842 P2 127888 0.007800
127842 X0 127843 0.999473
127842 X0 127842 0.000176
127842 X0 127844 0.000176
127842 X0 127845 0.000176
127843 CX02 127867 0.978624
127843 CX02 127866 0.003054
127843 CX02 127869 0.003054
127843 CX02 127868 0.003054
127843 CX02 127863 0.003054
127843 CX02 127862 0.003054
127843 CX02 127865 0.003054
127843 CX02 127864 0.003054
127843 CX12 127866 0.981072
127843 CX12 127867 0.002704
127843 CX12 127868 0.002704
127843 CX12 127869 0.002704
127843 CX12 127863 0.002704
127843 CX12 127862 0.002704
127843 CX12 127865 0.002704
127843 CX12 127864 0.002704
127843 P2 127843 0.992200
127843 P2 127927 0.007800
127843 X0 127842 0.999473
127843 X0 127843 0.000176
127843 X0 127845 0.000176
127843 X0 127844 0.000176
127844 CX02 127865 0.978624
127844 CX02 127864 0.003054
127844 CX02 127863 0.003054
127844 CX02 127862 0.003054
127844 CX02 127869 0.003054
127844 CX02 127868 0.003054
127844 CX02 127867 0.003054
127844 CX02 127866 0.003054
127844 CX12 127865 0.981072
127844 CX12 127864 0.002704
127844 CX12 127863 0.002704
127844 CX12 127862 0.002704
127844 CX12 127868 0.002704
127844 CX12 127869 0.002704
127844 CX12 127866 0.002704
127844 CX12 127867 0.002704
127844 P2 127844 0.992200
127844 P2 127966 0.007800
127844 X0 127845 0.999473
127844 X0 127844 0.000176
127844 X0 127842 0.000176
127844 X0 127843 0.000176
127845 CX02 127868 0.978624
127845 CX02 127869 0.003054
127845 CX02 127866 0.003054
127845 CX02 127867 0.003054
127845 CX02 127864 0.003054
127845 CX02 127865 0.003054
127845 CX02 127862 0.003054
127845 CX02 127863 0.003054
127845 CX12 127869 0.981072
127845 CX12 127868 0.002704
127845 CX12 127867 0.002704
127845 CX12 127866 0.002704
127845 CX12 127864 0.002704
127845 CX12 127865 0.002704
127845 CX12 127862 0.002704
127845 CX12 127863 0.002704
127845 P2 127845 0.992200
127845 P2 128005 0.007800
127845 X0 127844 0.999473
127845 X0 127845 0.000176
127845 X0 127843 0.000176
127845 X0 127842 0.000176
127862 CX02 127842 0.978624
127862 CX02 128026 0.003054
127862 CX02 127843 0.003054
127862 CX02 128027 0.003054
127862 CX02 127845 0.003054
127862 CX02 128028 0.003054
127862 CX02 127844 0.003054
127862 CX02 128029 0.003054
127862 CX12 127842 0.981072
127862 CX12 128026 0.002704
127862 CX12 127843 0.002704
127862 CX12 128027 0.002704
127862 CX12 127845 0.002704
127862 CX12 128028 0.002704
127862 CX12 127844 0.002704
127862 CX12 128029 0.002704
127862 X0 127866 0.999473
127862 X0 127862 0.000176
127862 X0 127865 0.000176
127862 X0 127869 0.000176
127863 CX02 128026 0.978624
127863 CX02 127842 0.003054
127863 CX02 128027 0.003054
127863 CX02 127843 0.003054
127863 CX02 128028 0.003054
127863 CX02 127845 0.003054
127863 CX02 128029 0.003054
127863 CX02 127844 0.003054
127863 CX12 128026 0.981072
127863 CX12 127842 0.002704
127863 CX12 128027 0.002704
127863 CX12 127843 0.002704
127863 CX12 128028 0.002704
127863 CX12 127845 0.002704
127863 CX12 128029 0.002704
127863 CX12 127844 0.002704
127863 X0 127867 0.999473
127863 X0 127863 0.000176
127863 X0 127864 0.000176
127863 X0 127868 0.000176
127864 CX02 128029 0.978624
127864 CX02 127844 0.003054
127864 CX02 128028 0.003054
127864 CX02 127845 0.003054
127864 CX02 128027 0.003054
127864 CX02 127843 0.003054
127864 CX02 128026 0.003054
127864 CX02 127842 0.003054
127864 CX12 128029 0.981072
127864 CX12 127844 0.002704
127864 CX12 128028 0.002704
127864 CX12 127845 0.002704
127864 CX12 128027 0.002704
127864 CX12 127843 0.002704
127864 CX12 128026 0.002704
127864 CX12 127842 0.002704
127864 X0 127868 0.999473
127864 X0 127864 0.000176
127864 X0 127863 0.000176
127864 X0 127867 0.000176
127865 CX02 127844 0.978624
127865 CX02 128029 0.003054
127865 CX02 127845 0.003054
127865 CX02 128028 0.003054
127865 CX02 127843 0.003054
127865 CX02 128027 0.003054
127865 CX02 127842 0.003054
127865 CX02 128026 0.003054
127865 CX12 127844 0.981072
127865 CX12 128029 0.002704
127865 CX12 127845 0.002704
127865 CX12 128028 0.002704
127865 CX12 127843 0.002704
127865 CX12 128027 0.002704
127865 CX12 127842 0.002704
127865 CX12 128026 0.002704
127865 X0 127869 0.999473
127865 X0 127865 0.000176
127865 X0 127862 0.000176
127865 X0 127866 0.000176
127866 CX02 128027 0.978624
127866 CX02 127843 0.003054
127866 CX02 128026 0.003054
127866 CX02 127842 0.003054
127866 CX02 128029 0.003054
127866 CX02 127844 0.003054
127866 CX02 128028 0.003054
127866 CX02 127845 0.003054
127866 CX12 127843 0.981072
127866 CX12 128027 0.002704
127866 CX12 127842 0.002704
127866 CX12 128026 0.002704
127866 CX12 127844 0.002704
127866 CX12 128029 0.002704
127866 CX12 127845 0.002704
127866 CX12 128028 0.002704
127866 X0 127862 0.999473
127866 X0 127866 0.000176
127866 X0 127869 0.000176
127866 X0 127865 0.000176
127867 CX02 127843 0.978624
127867 CX02 128027 0.003054
127867 CX02 127842 0.003054
127867 CX02 128026 0.003054
127867 CX02 127844 0.003054
127867 CX02 128029 0.003054
127867 CX02 127845 0.003054
127867 CX02 128028 0.003054
127867 CX12 128027 0.981072
127867 CX12 127843 0.002704
127867 CX12 128026 0.002704
127867 CX12 127842 0.002704
127867 CX12 128029 0.002704
127867 CX12 127844 0.002704
127867 CX12 128028 0.002704
127867 CX12 127845 0.002704
127867 X0 127863 0.999473
127867 X0 127867 0.000176
127867 X0 127868 0.000176
127867 X0 127864 0.000176
127868 CX02 127845 0.978624
127868 CX02 128028 0.003054
127868 CX02 127844 0.003054
127868 CX02 128029 0.003054
127868 CX02 127842 0.003054
127868 CX02 128026 0.003054
127868 CX02 127843 0.003054
127868 CX02 128027 0.003054
127868 CX12 128028 0.981072
127868 CX12 127845 0.002704
127868 CX12 128029 0.002704
127868 CX12 127844 0.002704
127868 CX12 128026 0.002704
127868 CX12 127842 0.002704
127868 CX12 128027 0.002704
127868 CX12 127843 0.002704
127868 X0 127864 0.999473
127868 X0 127868 0.000176
127868 X0 127867 0.000176
127868 X0 127863 0.000176
127869 CX02 128028 0.978624
127869 CX02 127845 0.003054
127869 CX02 128029 0.003054
127869 CX02 127844 0.003054
127869 CX02 128026 0.003054
127869 CX02 127842 0.003054
127869 CX02 128027 0.003054
127869 CX02 127843 0.003054
127869 CX12 127845 0.981072
127869 CX12 128028 0.002704
127869 CX12 127844 0.002704
127869 CX12 128029 0.002704
127869 CX12 127842 0.002704
127869 CX12 128026 0.002704
127869 CX12 127843 0.002704
127869 CX12 128027 0.002704
127869 X0 127865 0.999473
127869 X0 127869 0.000176
127869 X0 127866 0.000176
127869 X0 127862 0.000176
127888 CX02 128318 0.978624
127888 CX02 128319 0.003054
127888 CX02 128320 0.003054
127888 CX02 128321 0.003054
127888 CX02 128322 0.003054
127888 CX02 128323 0.003054
127888 CX02 128324 0.003054
127888 CX02 128325 0.003054
127888 CX12 128318 0.981072
127888 CX12 128319 0.002704
127888 CX12 128320 0.002704
127888 CX12 128321 0.002704
127888 CX12 128323 0.002704
127888 CX12 128322 0.002704
127888 CX12 128325 0.002704
127888 CX12 128324 0.002704
127888 P2 127842 0.992200
127888 P2 127888 0.007800
127888 X0 127927 0.999473
127888 X0 127888 0.000176
127888 X0 127966 0.000176
127888 X0 128005 0.000176
127927 CX02 128323 0.978624
127927 CX02 128322 0.003054
127927 CX02 128325 0.003054
127927 CX02 128324 0.003054
127927 CX02 128319 0.003054
127927 CX02 128318 0.003054
127927 CX02 128321 0.003054
127927 CX02 128320 0.003054
127927 CX12 128322 0.981072
127927 CX12 128323 0.002704
127927 CX12 128324 0.002704
127927 CX12 128325 0.002704
127927 CX12 128319 0.002704
127927 CX12 128318 0.002704
127927 CX12 128321 0.002704
127927 CX12 128320 0.002704
127927 P2 127843 0.992200
127927 P2 127927 0.007800
127927 X0 127888 0.999473
127927 X0 127927 0.000176
127927 X0 128005 0.000176
127927 X0 127966 0.000176
127966 CX02 128321 0.978624
127966 CX02 128320 0.003054
127966 CX02 128319 0.003054
127966 CX02 128318 0.003054
127966 CX02 128325 0.003054
127966 CX02 128324 0.003054
127966 CX02 128323 0.003054
127966 CX02 128322 0.003054
127966 CX12 128321 0.981072
127966 CX12 128320 0.002704
127966 CX12 128319 0.002704
127966 CX12 128318 0.002704
127966 CX12 128324 0.002704
127966 CX12 128325 0.002704
127966 CX12 128322 0.002704
127966 CX12 128323 0.002704
127966 P2 127844 0.992200
127966 P2 127966 0.007800
127966 X0 128005 0.999473
127966 X0 127966 0.000176
127966 X0 127888 0.000176
127966 X0 127927 0.000176
128005 CX02 128324 0.978624
128005 CX02 128325 0.003054
128005 CX02 128322 0.003054
128005 CX02 128323 0.003054
128005 CX02 128320 0.003054
128005 CX02 128321 0.003054
128005 CX02 128318 0.003054
128005 CX02 128319 0.003054
128005 CX12 128325 0.981072
128005 CX12 128324 0.002704
128005 CX12 128323 0.002704
128005 CX12 128322 0.002704
128005 CX12 128320 0.002704
128005 CX12 128321 0.002704
128005 CX12 128318 0.002704
128005 CX12 128319 0.002704
128005 P2 127845 0.992200
128005 P2 128005 0.007800
128005 X0 127966 0.999473
128005 X0 128005 0.000176
128005 X0 127927 0.000176
128005 X0 127888 0.000176
128026 CX02 127863 0.978624
128026 CX02 127862 0.003054
128026 CX02 127865 0.003054
128026 CX02 127864 0.003054
128026 CX02 127867 0.003054
128026 CX02 127866 0.003054
128026 CX02 127869 0.003054
128026 CX02 127868 0.003054
128026 CX12 127863 0.981072
128026 CX12 127862 0.002704
128026 CX12 127865 0.002704
128026 CX12 127864 0.002704
128026 CX12 127866 0.002704
128026 CX12 127867 0.002704
128026 CX12 127868 0.002704
128026 CX12 127869 0.002704
128026 P2 128496 0.979000
128026 P2 128026 0.021000
128026 X0 128027 0.999473
128026 X0 128026 0.000176
128026 X0 128029 0.000176
128026 X0 128028 0.000176
128027 CX02 127866 0.978624
128027 CX02 127867 0.003054
128027 CX02 127868 0.003054
128027 CX02 127869 0.003054
128027 CX02 127862 0.003054
128027 CX02 127863 0.003054
128027 CX02 127864 0.003054
128027 CX02 127865 0.003054
128027 CX12 127867 0.981072
128027 CX12 127866 0.002704
128027 CX12 127869 0.002704
128027 CX12 127868 0.002704
128027 CX12 127862 0.002704
128027 CX12 127863 0.002704
128027 CX12 127864 0.002704
128027 CX12 127865 0.002704
128027 P2 128535 0.979000
128027 P2 128027 0.021000
128027 X0 128026 0.999473
128027 X0 128027 0.000176
128027 X0 128028 0.000176
128027 X0 128029 0.000176
128028 CX02 127869 0.978624
128028 CX02 127868 0.003054
128028 CX02 127867 0.003054
128028 CX02 127866 0.003054
128028 CX02 127865 0.003054
128028 CX02 127864 0.003054
128028 CX02 127863 0.003054
128028 CX02 127862 0.003054
128028 CX12 127868 0.981072
128028 CX12 127869 0.002704
128028 CX12 127866 0.002704
128028 CX12 127867 0.002704
128028 CX12 127865 0.002704
128028 CX12 127864 0.002704
128028 CX12 127863 0.002704
128028 CX12 127862 0.002704
128028 P2 128574 0.979000
128028 P2 128028 0.021000
128028 X0 128029 0.999473
128028 X0 128028 0.000176
128028 X0 128027 0.000176
128028 X0 128026 0.000176
128029 CX02 127864 0.978624
128029 CX02 127865 0.003054
128029 CX02 127862 0.003054
128029 CX02 127863 0.003054
128029 CX02 127868 0.003054
128029 CX02 127869 0.003054
128029 CX02 127866 0.003054
128029 CX02 127867 0.003054
128029 CX12 127864 0.981072
128029 CX12 127865 0.002704
128029 CX12 127862 0.002704
128029 CX12 127863 0.002704
128029 CX12 127869 0.002704
128029 CX12 127868 0.002704
128029 CX12 127867 0.002704
128029 CX12 127866 0.002704
128029 P2 128613 0.979000
128029 P2 128029 0.021000
128029 X0 128028 0.999473
128029 X0 128029 0.000176
128029 X0 128026 0.000176
128029 X0 128027 0.000176
128318 CX02 127888 0.978624
128318 CX02 128496 0.003054
128318 CX02 127927 0.003054
128318 CX02 128535 0.003054
128318 CX02 128005 0.003054
128318 CX02 128574 0.003054
128318 CX02 127966 0.003054
128318 CX02 128613 0.003054
128318 CX12 127888 0.981072
128318 CX12 128496 0.002704
128318 CX12 127927 0.002704
128318 CX12 128535 0.002704
128318 CX12 128005 0.002704
128318 CX12 128574 0.002704
128318 CX12 127966 0.002704
128318 CX12 128613 0.002704
128318 X0 128322 0.999473
128318 X0 128318 0.000176
128318 X0 128321 0.000176
128318 X0 128325 0.000176
128319 CX02 128496 0.978624
128319 CX02 127888 0.003054
128319 CX02 128535 0.003054
128319 CX02 127927 0.003054
128319 CX02 128574 0.003054
128319 CX02 128005 0.003054
128319 CX02 128613 0.003054
128319 CX02 127966 0.003054
128319 CX12 128496 0.981072
128319 CX12 127888 0.002704
128319 CX12 128535 0.002704
128319 CX12 127927 0.002704
128319 CX12 128574 0.002704
128319 CX12 128005 0.002704
128319 CX12 128613 0.002704
128319 CX12 127966 0.002704
128319 X0 128323 0.999473
128319 X0 128319 0.000176
128319 X0 128320 0.000176
128319 X0 128324 0.000176
128320 CX02 128613 0.978624
128320 CX02 127966 0.003054
128320 CX02 128574 0.003054
128320 CX02 128005 0.003054
128320 CX02 128535 0.003054
128320 CX02 127927 0.003054
128320 CX02 128496 0.003054
128320 CX02 127888 0.003054
128320 CX12 128613 0.981072
128320 CX12 127966 0.002704
128320 CX12 128574 0.002704
128320 CX12 128005 0.002704
128320 CX12 128535 0.002704
128320 CX12 127927 0.002704
128320 CX12 128496 0.002704
128320 CX12 127888 0.002704
128320 X0 128324 0.999473
128320 X0 128320 0.000176
128320 X0 128319 0.000176
128320 X0 128323 0.000176
128321 CX02 127966 0.978624
128321 CX02 128613 0.003054
128321 CX02 128005 0.003054
128321 CX02 128574 0.003054
128321 CX02 127927 0.003054
128321 CX02 128535 0.003054
128321 CX02 127888 0.003054
128321 CX02 128496 0.003054
128321 CX12 127966 0.981072
128321 CX12 128613 0.002704
128321 CX12 128005 0.002704
128321 CX12 128574 0.002704
128321 CX12 127927 0.002704
128321 CX12 128535 0.002704
128321 CX12 127888 0.002704
128321 CX12 128496 0.002704
128321 X0 128325 0.999473
128321 X0 128321 0.000176
128321 X0 128318 0.000176
128321 X0 128322 0.000176
128322 CX02 128535 0.978624
128322 CX02 127927 0.003054
128322 CX02 128496 0.003054
128322 CX02 127888 0.003054
128322 CX02 128613 0.003054
128322 CX02 127966 0.003054
128322 CX02 128574 0.003054
128322 CX02 128005 0.003054
128322 CX12 127927 0.981072
128322 CX12 128535 0.002704
128322 CX12 127888 0.002704
128322 CX12 128496 0.002704
128322 CX12 127966 0.002704
128322 CX12 128613 0.002704
128322 CX12 128005 0.002704
128322 CX12 128574 0.002704
128322 X0 128318 0.999473
128322 X0 128322 0.000176
128322 X0 128325 0.000176
128322 X0 128321 0.000176
128323 CX02 127927 0.978624
128323 CX02 128535 0.003054
128323 CX02 127888 0.003054
128323 CX02 128496 0.003054
128323 CX02 127966 0.003054
128323 CX02 128613 0.003054
128323 CX02 128005 0.003054
128323 CX02 128574 0.003054
128323 CX12 128535 0.981072
128323 CX12 127927 0.002704
128323 CX12 128496 0.002704
128323 CX12 127888 0.002704
128323 CX12 128613 0.002704
128323 CX12 127966 0.002704
128323 CX12 128574 0.002704
128323 CX12 128005 0.002704
128323 X0 128319 0.999473
128323 X0 128323 0.000176
128323 X0 128324 0.000176
128323 X0 128320 0.000176
128324 CX02 128005 0.978624
128324 CX02 128574 0.003054
128324 CX02 127966 0.003054
128324 CX02 128613 0.003054
128324 CX02 127888 0.003054
128324 CX02 128496 0.003054
128324 CX02 127927 0.003054
128324 CX02 128535 0.003054
128324 CX12 128574 0.981072
128324 CX12 128005 0.002704
128324 CX12 128613 0.002704
128324 CX12 127966 0.002704
128324 CX12 128496 0.002704
128324 CX12 127888 0.002704
128324 CX12 128535 0.002704
128324 CX12 127927 0.002704
128324 X0 128320 0.999473
128324 X0 128324 0.000176
128324 X0 128323 0.000176
128324 X0 128319 0.000176
128325 CX02 128574 0.978624
128325 CX02 128005 0.003054
128325 CX02 128613 0.003054
128325 CX02 127966 0.003054
128325 CX02 128496 0.003054
128325 CX02 127888 0.003054
128325 CX02 128535 0.003054
128325 CX02 127927 0.003054
128325 CX12 128005 0.981072
128325 CX12 128574 0.002704
128325 CX12 127966 0.002704
128325 CX12 128613 0.002704
128325 CX12 127888 0.002704
128325 CX12 128496 0.002704
128325 CX12 127927 0.002704
128325 CX12 128535 0.002704
128325 X0 128321 0.999473
128325 X0 128325 0.000176
128325 X0 128322 0.000176
128325 X0 128318 0.000176
128496 CX02 128319 0.978624
128496 CX02 128318 0.003054
128496 CX02 128321 0.003054
128496 CX02 128320 0.003054
128496 CX02 128323 0.003054
128496 CX02 128322 0.003054
128496 CX02 128325 0.003054
128496 CX02 128324 0.003054
128496 CX12 128319 0.981072
128496 CX12 128318 0.002704
128496 CX12 128321 0.002704
128496 CX12 128320 0.002704
128496 CX12 128322 0.002704
128496 CX12 128323 0.002704
128496 CX12 128324 0.002704
128496 CX12 128325 0.002704
128496 P2 128496 0.979000
128496 P2 128026 0.021000
128496 X0 128535 0.999473
128496 X0 128496 0.000176
128496 X0 128613 0.000176
128496 X0 128574 0.000176
128535 CX02 128322 0.978624
128535 CX02 128323 0.003054
128535 CX02 128324 0.003054
128535 CX02 128325 0.003054
128535 CX02 128318 0.003054
128535 CX02 128319 0.003054
128535 CX02 128320 0.003054
128535 CX02 128321 0.003054
128535 CX12 128323 0.981072
128535 CX12 128322 0.002704
128535 CX12 128325 0.002704
128535 CX12 128324 0.002704
128535 CX12 128318 0.002704
128535 CX12 128319 0.002704
128535 CX12 128320 0.002704
128535 CX12 128321 0.002704
128535 P2 128535 0.979000
128535 P2 128027 0.021000
128535 X0 128496 0.999473
128535 X0 128535 0.000176
128535 X0 128574 0.000176
128535 X0 128613 0.000176
128574 CX02 128325 0.978624
128574 CX02 128324 0.003054
128574 CX02 128323 0.003054
128574 CX02 128322 0.003054
128574 CX02 128321 0.003054
128574 CX02 128320 0.003054
128574 CX02 128319 0.003054
128574 CX02 128318 0.003054
128574 CX12 128324 0.981072
128574 CX12 128325 0.002704
128574 CX12 128322 0.002704
128574 CX12 128323 0.002704
128574 CX12 128321 0.002704
128574 CX12 128320 0.002704
128574 CX12 128319 0.002704
128574 CX12 128318 0.002704
128574 P2 128574 0.979000
128574 P2 128028 0.021000
128574 X0 128613 0.999473
128574 X0 128574 0.000176
128574 X0 128535 0.000176
128574 X0 128496 0.000176
128613 CX02 128320 0.978624
128613 CX02 128321 0.003054
128613 CX02 128318 0.003054
128613 CX02 128319 0.003054
128613 CX02 128324 0.003054
128613 CX02 128325 0.003054
128613 CX02 128322 0.003054
128613 CX02 128323 0.003054
128613 CX12 128320 0.981072
128613 CX12 128321 0.002704
128613 CX12 128318 0.002704
128613 CX12 128319 0.002704
128613 CX12 128325 0.002704
128613 CX12 128324 0.002704
128613 CX12 128323 0.002704
128613 CX12 128322 0.002704
128613 P2 128613 0.979000
128613 P2 128029 0.021000
128613 X0 128574 0.999473
128613 X0 128613 0.000176
128613 X0 128496 0.000176
128613 X0 128535 0.000176
ENDPOMDP
