BEGINPOMDP
INITIALSTATE: 240038
STATES: 240321,242019,240038,240039,240040,240041,242302,240042,240604,241453,241736,241170,240887,240315,240316,240317,240318
REWARDS: 240321:1.0,242019:0.0,240038:0.0,240039:1.0,240040:0.0,240041:1.0,242302:1.0,240042:0.0,240604:0.0,241453:1.0,241736:0.0,241170:0.0,240887:1.0,240315:1.0,240316:0.0,240317:0.0,240318:1.0
GAMMA: 240321:1,242019:1,240038:0,240039:0,240040:0,240041:0,242302:1,240042:0,240604:1,241453:1,241736:1,241170:1,240887:1,240315:0,240316:0,240317:0,240318:0
BEGINACTIONS
CX
P2
X0
X2
ENDACTIONS
240038 INIT_ 240039 0.250000
240038 INIT_ 240040 0.250000
240038 INIT_ 240041 0.250000
240038 INIT_ 240042 0.250000
240039 CX 240039 0.937279
240039 CX 240315 0.008960
240039 CX 240040 0.008960
240039 CX 240316 0.008960
240039 CX 240042 0.008960
240039 CX 240317 0.008960
240039 CX 240041 0.008960
240039 CX 240318 0.008960
240039 P2 240039 0.994000
240039 P2 240321 0.006000
240039 X0 240040 0.998759
240039 X0 240039 0.000414
240039 X0 240041 0.000414
240039 X0 240042 0.000414
240039 X2 240315 0.999736
240039 X2 240039 0.000264
240040 CX 240316 0.937279
240040 CX 240040 0.008960
240040 CX 240315 0.008960
240040 CX 240039 0.008960
240040 CX 240318 0.008960
240040 CX 240041 0.008960
240040 CX 240317 0.008960
240040 CX 240042 0.008960
240040 P2 240040 0.994000
240040 P2 240604 0.006000
240040 X0 240039 0.998759
240040 X0 240040 0.000414
240040 X0 240042 0.000414
240040 X0 240041 0.000414
240040 X2 240316 0.999736
240040 X2 240040 0.000264
240041 CX 240041 0.937279
240041 CX 240318 0.008960
240041 CX 240042 0.008960
240041 CX 240317 0.008960
240041 CX 240040 0.008960
240041 CX 240316 0.008960
240041 CX 240039 0.008960
240041 CX 240315 0.008960
240041 P2 240041 0.994000
240041 P2 240887 0.006000
240041 X0 240042 0.998759
240041 X0 240041 0.000414
240041 X0 240039 0.000414
240041 X0 240040 0.000414
240041 X2 240318 0.999736
240041 X2 240041 0.000264
240042 CX 240317 0.937279
240042 CX 240042 0.008960
240042 CX 240318 0.008960
240042 CX 240041 0.008960
240042 CX 240315 0.008960
240042 CX 240039 0.008960
240042 CX 240316 0.008960
240042 CX 240040 0.008960
240042 P2 240042 0.994000
240042 P2 241170 0.006000
240042 X0 240041 0.998759
240042 X0 240042 0.000414
240042 X0 240040 0.000414
240042 X0 240039 0.000414
240042 X2 240317 0.999736
240042 X2 240042 0.000264
240315 CX 240315 0.937279
240315 CX 240039 0.008960
240315 CX 240316 0.008960
240315 CX 240040 0.008960
240315 CX 240317 0.008960
240315 CX 240042 0.008960
240315 CX 240318 0.008960
240315 CX 240041 0.008960
240315 P2 241453 0.990400
240315 P2 240315 0.009600
240315 X0 240316 0.998759
240315 X0 240315 0.000414
240315 X0 240318 0.000414
240315 X0 240317 0.000414
240315 X2 240039 0.999736
240315 X2 240315 0.000264
240316 CX 240040 0.937279
240316 CX 240316 0.008960
240316 CX 240039 0.008960
240316 CX 240315 0.008960
240316 CX 240041 0.008960
240316 CX 240318 0.008960
240316 CX 240042 0.008960
240316 CX 240317 0.008960
240316 P2 241736 0.990400
240316 P2 240316 0.009600
240316 X0 240315 0.998759
240316 X0 240316 0.000414
240316 X0 240317 0.000414
240316 X0 240318 0.000414
240316 X2 240040 0.999736
240316 X2 240316 0.000264
240317 CX 240042 0.937279
240317 CX 240317 0.008960
240317 CX 240041 0.008960
240317 CX 240318 0.008960
240317 CX 240039 0.008960
240317 CX 240315 0.008960
240317 CX 240040 0.008960
240317 CX 240316 0.008960
240317 P2 242019 0.990400
240317 P2 240317 0.009600
240317 X0 240318 0.998759
240317 X0 240317 0.000414
240317 X0 240316 0.000414
240317 X0 240315 0.000414
240317 X2 240042 0.999736
240317 X2 240317 0.000264
240318 CX 240318 0.937279
240318 CX 240041 0.008960
240318 CX 240317 0.008960
240318 CX 240042 0.008960
240318 CX 240316 0.008960
240318 CX 240040 0.008960
240318 CX 240315 0.008960
240318 CX 240039 0.008960
240318 P2 242302 0.990400
240318 P2 240318 0.009600
240318 X0 240317 0.998759
240318 X0 240318 0.000414
240318 X0 240315 0.000414
240318 X0 240316 0.000414
240318 X2 240041 0.999736
240318 X2 240318 0.000264
240321 CX 240321 0.937279
240321 CX 241453 0.008960
240321 CX 240604 0.008960
240321 CX 241736 0.008960
240321 CX 241170 0.008960
240321 CX 242019 0.008960
240321 CX 240887 0.008960
240321 CX 242302 0.008960
240321 P2 240039 0.994000
240321 P2 240321 0.006000
240321 X0 240604 0.998759
240321 X0 240321 0.000414
240321 X0 240887 0.000414
240321 X0 241170 0.000414
240321 X2 241453 0.999736
240321 X2 240321 0.000264
240604 CX 241736 0.937279
240604 CX 240604 0.008960
240604 CX 241453 0.008960
240604 CX 240321 0.008960
240604 CX 242302 0.008960
240604 CX 240887 0.008960
240604 CX 242019 0.008960
240604 CX 241170 0.008960
240604 P2 240040 0.994000
240604 P2 240604 0.006000
240604 X0 240321 0.998759
240604 X0 240604 0.000414
240604 X0 241170 0.000414
240604 X0 240887 0.000414
240604 X2 241736 0.999736
240604 X2 240604 0.000264
240887 CX 240887 0.937279
240887 CX 242302 0.008960
240887 CX 241170 0.008960
240887 CX 242019 0.008960
240887 CX 240604 0.008960
240887 CX 241736 0.008960
240887 CX 240321 0.008960
240887 CX 241453 0.008960
240887 P2 240041 0.994000
240887 P2 240887 0.006000
240887 X0 241170 0.998759
240887 X0 240887 0.000414
240887 X0 240321 0.000414
240887 X0 240604 0.000414
240887 X2 242302 0.999736
240887 X2 240887 0.000264
241170 CX 242019 0.937279
241170 CX 241170 0.008960
241170 CX 242302 0.008960
241170 CX 240887 0.008960
241170 CX 241453 0.008960
241170 CX 240321 0.008960
241170 CX 241736 0.008960
241170 CX 240604 0.008960
241170 P2 240042 0.994000
241170 P2 241170 0.006000
241170 X0 240887 0.998759
241170 X0 241170 0.000414
241170 X0 240604 0.000414
241170 X0 240321 0.000414
241170 X2 242019 0.999736
241170 X2 241170 0.000264
241453 CX 241453 0.937279
241453 CX 240321 0.008960
241453 CX 241736 0.008960
241453 CX 240604 0.008960
241453 CX 242019 0.008960
241453 CX 241170 0.008960
241453 CX 242302 0.008960
241453 CX 240887 0.008960
241453 P2 241453 0.990400
241453 P2 240315 0.009600
241453 X0 241736 0.998759
241453 X0 241453 0.000414
241453 X0 242302 0.000414
241453 X0 242019 0.000414
241453 X2 240321 0.999736
241453 X2 241453 0.000264
241736 CX 240604 0.937279
241736 CX 241736 0.008960
241736 CX 240321 0.008960
241736 CX 241453 0.008960
241736 CX 240887 0.008960
241736 CX 242302 0.008960
241736 CX 241170 0.008960
241736 CX 242019 0.008960
241736 P2 241736 0.990400
241736 P2 240316 0.009600
241736 X0 241453 0.998759
241736 X0 241736 0.000414
241736 X0 242019 0.000414
241736 X0 242302 0.000414
241736 X2 240604 0.999736
241736 X2 241736 0.000264
242019 CX 241170 0.937279
242019 CX 242019 0.008960
242019 CX 240887 0.008960
242019 CX 242302 0.008960
242019 CX 240321 0.008960
242019 CX 241453 0.008960
242019 CX 240604 0.008960
242019 CX 241736 0.008960
242019 P2 242019 0.990400
242019 P2 240317 0.009600
242019 X0 242302 0.998759
242019 X0 242019 0.000414
242019 X0 241736 0.000414
242019 X0 241453 0.000414
242019 X2 241170 0.999736
242019 X2 242019 0.000264
242302 CX 242302 0.937279
242302 CX 240887 0.008960
242302 CX 242019 0.008960
242302 CX 241170 0.008960
242302 CX 241736 0.008960
242302 CX 240604 0.008960
242302 CX 241453 0.008960
242302 CX 240321 0.008960
242302 P2 242302 0.990400
242302 P2 240318 0.009600
242302 X0 242019 0.998759
242302 X0 242302 0.000414
242302 X0 241453 0.000414
242302 X0 241736 0.000414
242302 X2 240887 0.999736
242302 X2 242302 0.000264
ENDPOMDP
