BEGINPOMDP
INITIALSTATE: 226451
STATES: 227300,226728,226729,226730,226731,228715,227017,226734,228432,226451,226452,226453,226454,226455,228149,227866,227583
REWARDS: 227300:1.0,226728:1.0,226729:0.0,226730:0.0,226731:1.0,228715:1.0,227017:0.0,226734:1.0,228432:0.0,226451:0.0,226452:1.0,226453:0.0,226454:1.0,226455:0.0,228149:0.0,227866:1.0,227583:0.0
GAMMA: 227300:1,226728:0,226729:0,226730:0,226731:0,228715:1,227017:1,226734:1,228432:1,226451:0,226452:0,226453:0,226454:0,226455:0,228149:1,227866:1,227583:1
BEGINACTIONS
CX
P2
X0
X2
ENDACTIONS
226451 INIT_ 226452 0.250000
226451 INIT_ 226453 0.250000
226451 INIT_ 226454 0.250000
226451 INIT_ 226455 0.250000
226452 CX 226452 0.957384
226452 CX 226728 0.006088
226452 CX 226453 0.006088
226452 CX 226729 0.006088
226452 CX 226455 0.006088
226452 CX 226730 0.006088
226452 CX 226454 0.006088
226452 CX 226731 0.006088
226452 P2 226452 0.812600
226452 P2 226734 0.187400
226452 X0 226453 0.999261
226452 X0 226452 0.000246
226452 X0 226454 0.000246
226452 X0 226455 0.000246
226452 X2 226728 0.999555
226452 X2 226452 0.000445
226453 CX 226729 0.957384
226453 CX 226453 0.006088
226453 CX 226728 0.006088
226453 CX 226452 0.006088
226453 CX 226731 0.006088
226453 CX 226454 0.006088
226453 CX 226730 0.006088
226453 CX 226455 0.006088
226453 P2 226453 0.812600
226453 P2 227017 0.187400
226453 X0 226452 0.999261
226453 X0 226453 0.000246
226453 X0 226455 0.000246
226453 X0 226454 0.000246
226453 X2 226729 0.999555
226453 X2 226453 0.000445
226454 CX 226454 0.957384
226454 CX 226731 0.006088
226454 CX 226455 0.006088
226454 CX 226730 0.006088
226454 CX 226453 0.006088
226454 CX 226729 0.006088
226454 CX 226452 0.006088
226454 CX 226728 0.006088
226454 P2 226454 0.812600
226454 P2 227300 0.187400
226454 X0 226455 0.999261
226454 X0 226454 0.000246
226454 X0 226452 0.000246
226454 X0 226453 0.000246
226454 X2 226731 0.999555
226454 X2 226454 0.000445
226455 CX 226730 0.957384
226455 CX 226455 0.006088
226455 CX 226731 0.006088
226455 CX 226454 0.006088
226455 CX 226728 0.006088
226455 CX 226452 0.006088
226455 CX 226729 0.006088
226455 CX 226453 0.006088
226455 P2 226455 0.812600
226455 P2 227583 0.187400
226455 X0 226454 0.999261
226455 X0 226455 0.000246
226455 X0 226453 0.000246
226455 X0 226452 0.000246
226455 X2 226730 0.999555
226455 X2 226455 0.000445
226728 CX 226728 0.957384
226728 CX 226452 0.006088
226728 CX 226729 0.006088
226728 CX 226453 0.006088
226728 CX 226730 0.006088
226728 CX 226455 0.006088
226728 CX 226731 0.006088
226728 CX 226454 0.006088
226728 P2 227866 0.981600
226728 P2 226728 0.018400
226728 X0 226729 0.999261
226728 X0 226728 0.000246
226728 X0 226731 0.000246
226728 X0 226730 0.000246
226728 X2 226452 0.999555
226728 X2 226728 0.000445
226729 CX 226453 0.957384
226729 CX 226729 0.006088
226729 CX 226452 0.006088
226729 CX 226728 0.006088
226729 CX 226454 0.006088
226729 CX 226731 0.006088
226729 CX 226455 0.006088
226729 CX 226730 0.006088
226729 P2 228149 0.981600
226729 P2 226729 0.018400
226729 X0 226728 0.999261
226729 X0 226729 0.000246
226729 X0 226730 0.000246
226729 X0 226731 0.000246
226729 X2 226453 0.999555
226729 X2 226729 0.000445
226730 CX 226455 0.957384
226730 CX 226730 0.006088
226730 CX 226454 0.006088
226730 CX 226731 0.006088
226730 CX 226452 0.006088
226730 CX 226728 0.006088
226730 CX 226453 0.006088
226730 CX 226729 0.006088
226730 P2 228432 0.981600
226730 P2 226730 0.018400
226730 X0 226731 0.999261
226730 X0 226730 0.000246
226730 X0 226729 0.000246
226730 X0 226728 0.000246
226730 X2 226455 0.999555
226730 X2 226730 0.000445
226731 CX 226731 0.957384
226731 CX 226454 0.006088
226731 CX 226730 0.006088
226731 CX 226455 0.006088
226731 CX 226729 0.006088
226731 CX 226453 0.006088
226731 CX 226728 0.006088
226731 CX 226452 0.006088
226731 P2 228715 0.981600
226731 P2 226731 0.018400
226731 X0 226730 0.999261
226731 X0 226731 0.000246
226731 X0 226728 0.000246
226731 X0 226729 0.000246
226731 X2 226454 0.999555
226731 X2 226731 0.000445
226734 CX 226734 0.957384
226734 CX 227866 0.006088
226734 CX 227017 0.006088
226734 CX 228149 0.006088
226734 CX 227583 0.006088
226734 CX 228432 0.006088
226734 CX 227300 0.006088
226734 CX 228715 0.006088
226734 P2 226452 0.812600
226734 P2 226734 0.187400
226734 X0 227017 0.999261
226734 X0 226734 0.000246
226734 X0 227300 0.000246
226734 X0 227583 0.000246
226734 X2 227866 0.999555
226734 X2 226734 0.000445
227017 CX 228149 0.957384
227017 CX 227017 0.006088
227017 CX 227866 0.006088
227017 CX 226734 0.006088
227017 CX 228715 0.006088
227017 CX 227300 0.006088
227017 CX 228432 0.006088
227017 CX 227583 0.006088
227017 P2 226453 0.812600
227017 P2 227017 0.187400
227017 X0 226734 0.999261
227017 X0 227017 0.000246
227017 X0 227583 0.000246
227017 X0 227300 0.000246
227017 X2 228149 0.999555
227017 X2 227017 0.000445
227300 CX 227300 0.957384
227300 CX 228715 0.006088
227300 CX 227583 0.006088
227300 CX 228432 0.006088
227300 CX 227017 0.006088
227300 CX 228149 0.006088
227300 CX 226734 0.006088
227300 CX 227866 0.006088
227300 P2 226454 0.812600
227300 P2 227300 0.187400
227300 X0 227583 0.999261
227300 X0 227300 0.000246
227300 X0 226734 0.000246
227300 X0 227017 0.000246
227300 X2 228715 0.999555
227300 X2 227300 0.000445
227583 CX 228432 0.957384
227583 CX 227583 0.006088
227583 CX 228715 0.006088
227583 CX 227300 0.006088
227583 CX 227866 0.006088
227583 CX 226734 0.006088
227583 CX 228149 0.006088
227583 CX 227017 0.006088
227583 P2 226455 0.812600
227583 P2 227583 0.187400
227583 X0 227300 0.999261
227583 X0 227583 0.000246
227583 X0 227017 0.000246
227583 X0 226734 0.000246
227583 X2 228432 0.999555
227583 X2 227583 0.000445
227866 CX 227866 0.957384
227866 CX 226734 0.006088
227866 CX 228149 0.006088
227866 CX 227017 0.006088
227866 CX 228432 0.006088
227866 CX 227583 0.006088
227866 CX 228715 0.006088
227866 CX 227300 0.006088
227866 P2 227866 0.981600
227866 P2 226728 0.018400
227866 X0 228149 0.999261
227866 X0 227866 0.000246
227866 X0 228715 0.000246
227866 X0 228432 0.000246
227866 X2 226734 0.999555
227866 X2 227866 0.000445
228149 CX 227017 0.957384
228149 CX 228149 0.006088
228149 CX 226734 0.006088
228149 CX 227866 0.006088
228149 CX 227300 0.006088
228149 CX 228715 0.006088
228149 CX 227583 0.006088
228149 CX 228432 0.006088
228149 P2 228149 0.981600
228149 P2 226729 0.018400
228149 X0 227866 0.999261
228149 X0 228149 0.000246
228149 X0 228432 0.000246
228149 X0 228715 0.000246
228149 X2 227017 0.999555
228149 X2 228149 0.000445
228432 CX 227583 0.957384
228432 CX 228432 0.006088
228432 CX 227300 0.006088
228432 CX 228715 0.006088
228432 CX 226734 0.006088
228432 CX 227866 0.006088
228432 CX 227017 0.006088
228432 CX 228149 0.006088
228432 P2 228432 0.981600
228432 P2 226730 0.018400
228432 X0 228715 0.999261
228432 X0 228432 0.000246
228432 X0 228149 0.000246
228432 X0 227866 0.000246
228432 X2 227583 0.999555
228432 X2 228432 0.000445
228715 CX 228715 0.957384
228715 CX 227300 0.006088
228715 CX 228432 0.006088
228715 CX 227583 0.006088
228715 CX 228149 0.006088
228715 CX 227017 0.006088
228715 CX 227866 0.006088
228715 CX 226734 0.006088
228715 P2 228715 0.981600
228715 P2 226731 0.018400
228715 X0 228432 0.999261
228715 X0 228715 0.000246
228715 X0 227866 0.000246
228715 X0 228149 0.000246
228715 X2 227300 0.999555
228715 X2 228715 0.000445
ENDPOMDP
