BEGINPOMDP
INITIALSTATE: 163045
STATES: 163328,163611,165026,163045,163046,163047,163048,163049,164743,164460,164177,163894,163322,163323,163324,163325,165309
REWARDS: 163328:1.0,163611:0.0,165026:0.0,163045:0.0,163046:1.0,163047:0.0,163048:1.0,163049:0.0,164743:0.0,164460:1.0,164177:0.0,163894:1.0,163322:1.0,163323:0.0,163324:0.0,163325:1.0,165309:1.0
GAMMA: 163328:1,163611:1,165026:1,163045:0,163046:0,163047:0,163048:0,163049:0,164743:1,164460:1,164177:1,163894:1,163322:0,163323:0,163324:0,163325:0,165309:1
BEGINACTIONS
CX
P2
X0
X2
ENDACTIONS
163045 INIT_ 163046 0.250000
163045 INIT_ 163047 0.250000
163045 INIT_ 163048 0.250000
163045 INIT_ 163049 0.250000
163046 CX 163046 0.987975
163046 CX 163322 0.001718
163046 CX 163047 0.001718
163046 CX 163323 0.001718
163046 CX 163049 0.001718
163046 CX 163324 0.001718
163046 CX 163048 0.001718
163046 CX 163325 0.001718
163046 P2 163046 0.897800
163046 P2 163328 0.102200
163046 X0 163047 0.999627
163046 X0 163046 0.000124
163046 X0 163048 0.000124
163046 X0 163049 0.000124
163046 X2 163322 0.999822
163046 X2 163046 0.000178
163047 CX 163323 0.987975
163047 CX 163047 0.001718
163047 CX 163322 0.001718
163047 CX 163046 0.001718
163047 CX 163325 0.001718
163047 CX 163048 0.001718
163047 CX 163324 0.001718
163047 CX 163049 0.001718
163047 P2 163047 0.897800
163047 P2 163611 0.102200
163047 X0 163046 0.999627
163047 X0 163047 0.000124
163047 X0 163049 0.000124
163047 X0 163048 0.000124
163047 X2 163323 0.999822
163047 X2 163047 0.000178
163048 CX 163048 0.987975
163048 CX 163325 0.001718
163048 CX 163049 0.001718
163048 CX 163324 0.001718
163048 CX 163047 0.001718
163048 CX 163323 0.001718
163048 CX 163046 0.001718
163048 CX 163322 0.001718
163048 P2 163048 0.897800
163048 P2 163894 0.102200
163048 X0 163049 0.999627
163048 X0 163048 0.000124
163048 X0 163046 0.000124
163048 X0 163047 0.000124
163048 X2 163325 0.999822
163048 X2 163048 0.000178
163049 CX 163324 0.987975
163049 CX 163049 0.001718
163049 CX 163325 0.001718
163049 CX 163048 0.001718
163049 CX 163322 0.001718
163049 CX 163046 0.001718
163049 CX 163323 0.001718
163049 CX 163047 0.001718
163049 P2 163049 0.897800
163049 P2 164177 0.102200
163049 X0 163048 0.999627
163049 X0 163049 0.000124
163049 X0 163047 0.000124
163049 X0 163046 0.000124
163049 X2 163324 0.999822
163049 X2 163049 0.000178
163322 CX 163322 0.987975
163322 CX 163046 0.001718
163322 CX 163323 0.001718
163322 CX 163047 0.001718
163322 CX 163324 0.001718
163322 CX 163049 0.001718
163322 CX 163325 0.001718
163322 CX 163048 0.001718
163322 P2 164460 0.899800
163322 P2 163322 0.100200
163322 X0 163323 0.999627
163322 X0 163322 0.000124
163322 X0 163325 0.000124
163322 X0 163324 0.000124
163322 X2 163046 0.999822
163322 X2 163322 0.000178
163323 CX 163047 0.987975
163323 CX 163323 0.001718
163323 CX 163046 0.001718
163323 CX 163322 0.001718
163323 CX 163048 0.001718
163323 CX 163325 0.001718
163323 CX 163049 0.001718
163323 CX 163324 0.001718
163323 P2 164743 0.899800
163323 P2 163323 0.100200
163323 X0 163322 0.999627
163323 X0 163323 0.000124
163323 X0 163324 0.000124
163323 X0 163325 0.000124
163323 X2 163047 0.999822
163323 X2 163323 0.000178
163324 CX 163049 0.987975
163324 CX 163324 0.001718
163324 CX 163048 0.001718
163324 CX 163325 0.001718
163324 CX 163046 0.001718
163324 CX 163322 0.001718
163324 CX 163047 0.001718
163324 CX 163323 0.001718
163324 P2 165026 0.899800
163324 P2 163324 0.100200
163324 X0 163325 0.999627
163324 X0 163324 0.000124
163324 X0 163323 0.000124
163324 X0 163322 0.000124
163324 X2 163049 0.999822
163324 X2 163324 0.000178
163325 CX 163325 0.987975
163325 CX 163048 0.001718
163325 CX 163324 0.001718
163325 CX 163049 0.001718
163325 CX 163323 0.001718
163325 CX 163047 0.001718
163325 CX 163322 0.001718
163325 CX 163046 0.001718
163325 P2 165309 0.899800
163325 P2 163325 0.100200
163325 X0 163324 0.999627
163325 X0 163325 0.000124
163325 X0 163322 0.000124
163325 X0 163323 0.000124
163325 X2 163048 0.999822
163325 X2 163325 0.000178
163328 CX 163328 0.987975
163328 CX 164460 0.001718
163328 CX 163611 0.001718
163328 CX 164743 0.001718
163328 CX 164177 0.001718
163328 CX 165026 0.001718
163328 CX 163894 0.001718
163328 CX 165309 0.001718
163328 P2 163046 0.897800
163328 P2 163328 0.102200
163328 X0 163611 0.999627
163328 X0 163328 0.000124
163328 X0 163894 0.000124
163328 X0 164177 0.000124
163328 X2 164460 0.999822
163328 X2 163328 0.000178
163611 CX 164743 0.987975
163611 CX 163611 0.001718
163611 CX 164460 0.001718
163611 CX 163328 0.001718
163611 CX 165309 0.001718
163611 CX 163894 0.001718
163611 CX 165026 0.001718
163611 CX 164177 0.001718
163611 P2 163047 0.897800
163611 P2 163611 0.102200
163611 X0 163328 0.999627
163611 X0 163611 0.000124
163611 X0 164177 0.000124
163611 X0 163894 0.000124
163611 X2 164743 0.999822
163611 X2 163611 0.000178
163894 CX 163894 0.987975
163894 CX 165309 0.001718
163894 CX 164177 0.001718
163894 CX 165026 0.001718
163894 CX 163611 0.001718
163894 CX 164743 0.001718
163894 CX 163328 0.001718
163894 CX 164460 0.001718
163894 P2 163048 0.897800
163894 P2 163894 0.102200
163894 X0 164177 0.999627
163894 X0 163894 0.000124
163894 X0 163328 0.000124
163894 X0 163611 0.000124
163894 X2 165309 0.999822
163894 X2 163894 0.000178
164177 CX 165026 0.987975
164177 CX 164177 0.001718
164177 CX 165309 0.001718
164177 CX 163894 0.001718
164177 CX 164460 0.001718
164177 CX 163328 0.001718
164177 CX 164743 0.001718
164177 CX 163611 0.001718
164177 P2 163049 0.897800
164177 P2 164177 0.102200
164177 X0 163894 0.999627
164177 X0 164177 0.000124
164177 X0 163611 0.000124
164177 X0 163328 0.000124
164177 X2 165026 0.999822
164177 X2 164177 0.000178
164460 CX 164460 0.987975
164460 CX 163328 0.001718
164460 CX 164743 0.001718
164460 CX 163611 0.001718
164460 CX 165026 0.001718
164460 CX 164177 0.001718
164460 CX 165309 0.001718
164460 CX 163894 0.001718
164460 P2 164460 0.899800
164460 P2 163322 0.100200
164460 X0 164743 0.999627
164460 X0 164460 0.000124
164460 X0 165309 0.000124
164460 X0 165026 0.000124
164460 X2 163328 0.999822
164460 X2 164460 0.000178
164743 CX 163611 0.987975
164743 CX 164743 0.001718
164743 CX 163328 0.001718
164743 CX 164460 0.001718
164743 CX 163894 0.001718
164743 CX 165309 0.001718
164743 CX 164177 0.001718
164743 CX 165026 0.001718
164743 P2 164743 0.899800
164743 P2 163323 0.100200
164743 X0 164460 0.999627
164743 X0 164743 0.000124
164743 X0 165026 0.000124
164743 X0 165309 0.000124
164743 X2 163611 0.999822
164743 X2 164743 0.000178
165026 CX 164177 0.987975
165026 CX 165026 0.001718
165026 CX 163894 0.001718
165026 CX 165309 0.001718
165026 CX 163328 0.001718
165026 CX 164460 0.001718
165026 CX 163611 0.001718
165026 CX 164743 0.001718
165026 P2 165026 0.899800
165026 P2 163324 0.100200
165026 X0 165309 0.999627
165026 X0 165026 0.000124
165026 X0 164743 0.000124
165026 X0 164460 0.000124
165026 X2 164177 0.999822
165026 X2 165026 0.000178
165309 CX 165309 0.987975
165309 CX 163894 0.001718
165309 CX 165026 0.001718
165309 CX 164177 0.001718
165309 CX 164743 0.001718
165309 CX 163611 0.001718
165309 CX 164460 0.001718
165309 CX 163328 0.001718
165309 P2 165309 0.899800
165309 P2 163325 0.100200
165309 X0 165026 0.999627
165309 X0 165309 0.000124
165309 X0 164460 0.000124
165309 X0 164743 0.000124
165309 X2 163894 0.999822
165309 X2 165309 0.000178
ENDPOMDP
