BEGINPOMDP
INITIALSTATE: 122284
STATES: 122561,122562,122563,122564,124548,122850,122567,124265,122284,122285,122286,122287,122288,123982,123699,123416,123133
REWARDS: 122561:1.0,122562:0.0,122563:0.0,122564:1.0,124548:1.0,122850:0.0,122567:1.0,124265:0.0,122284:0.0,122285:1.0,122286:0.0,122287:1.0,122288:0.0,123982:0.0,123699:1.0,123416:0.0,123133:1.0
GAMMA: 122561:0,122562:0,122563:0,122564:0,124548:1,122850:1,122567:1,124265:1,122284:0,122285:0,122286:0,122287:0,122288:0,123982:1,123699:1,123416:1,123133:1
BEGINACTIONS
CX
P2
X0
X2
ENDACTIONS
122284 INIT_ 122285 0.250000
122284 INIT_ 122286 0.250000
122284 INIT_ 122287 0.250000
122284 INIT_ 122288 0.250000
122285 CX 122285 0.970578
122285 CX 122561 0.004203
122285 CX 122286 0.004203
122285 CX 122562 0.004203
122285 CX 122288 0.004203
122285 CX 122563 0.004203
122285 CX 122287 0.004203
122285 CX 122564 0.004203
122285 P2 122285 0.930600
122285 P2 122567 0.069400
122285 X0 122286 0.999346
122285 X0 122285 0.000218
122285 X0 122287 0.000218
122285 X0 122288 0.000218
122285 X2 122561 0.999879
122285 X2 122285 0.000121
122286 CX 122562 0.970578
122286 CX 122286 0.004203
122286 CX 122561 0.004203
122286 CX 122285 0.004203
122286 CX 122564 0.004203
122286 CX 122287 0.004203
122286 CX 122563 0.004203
122286 CX 122288 0.004203
122286 P2 122286 0.930600
122286 P2 122850 0.069400
122286 X0 122285 0.999346
122286 X0 122286 0.000218
122286 X0 122288 0.000218
122286 X0 122287 0.000218
122286 X2 122562 0.999879
122286 X2 122286 0.000121
122287 CX 122287 0.970578
122287 CX 122564 0.004203
122287 CX 122288 0.004203
122287 CX 122563 0.004203
122287 CX 122286 0.004203
122287 CX 122562 0.004203
122287 CX 122285 0.004203
122287 CX 122561 0.004203
122287 P2 122287 0.930600
122287 P2 123133 0.069400
122287 X0 122288 0.999346
122287 X0 122287 0.000218
122287 X0 122285 0.000218
122287 X0 122286 0.000218
122287 X2 122564 0.999879
122287 X2 122287 0.000121
122288 CX 122563 0.970578
122288 CX 122288 0.004203
122288 CX 122564 0.004203
122288 CX 122287 0.004203
122288 CX 122561 0.004203
122288 CX 122285 0.004203
122288 CX 122562 0.004203
122288 CX 122286 0.004203
122288 P2 122288 0.930600
122288 P2 123416 0.069400
122288 X0 122287 0.999346
122288 X0 122288 0.000218
122288 X0 122286 0.000218
122288 X0 122285 0.000218
122288 X2 122563 0.999879
122288 X2 122288 0.000121
122561 CX 122561 0.970578
122561 CX 122285 0.004203
122561 CX 122562 0.004203
122561 CX 122286 0.004203
122561 CX 122563 0.004203
122561 CX 122288 0.004203
122561 CX 122564 0.004203
122561 CX 122287 0.004203
122561 P2 123699 0.913000
122561 P2 122561 0.087000
122561 X0 122562 0.999346
122561 X0 122561 0.000218
122561 X0 122564 0.000218
122561 X0 122563 0.000218
122561 X2 122285 0.999879
122561 X2 122561 0.000121
122562 CX 122286 0.970578
122562 CX 122562 0.004203
122562 CX 122285 0.004203
122562 CX 122561 0.004203
122562 CX 122287 0.004203
122562 CX 122564 0.004203
122562 CX 122288 0.004203
122562 CX 122563 0.004203
122562 P2 123982 0.913000
122562 P2 122562 0.087000
122562 X0 122561 0.999346
122562 X0 122562 0.000218
122562 X0 122563 0.000218
122562 X0 122564 0.000218
122562 X2 122286 0.999879
122562 X2 122562 0.000121
122563 CX 122288 0.970578
122563 CX 122563 0.004203
122563 CX 122287 0.004203
122563 CX 122564 0.004203
122563 CX 122285 0.004203
122563 CX 122561 0.004203
122563 CX 122286 0.004203
122563 CX 122562 0.004203
122563 P2 124265 0.913000
122563 P2 122563 0.087000
122563 X0 122564 0.999346
122563 X0 122563 0.000218
122563 X0 122562 0.000218
122563 X0 122561 0.000218
122563 X2 122288 0.999879
122563 X2 122563 0.000121
122564 CX 122564 0.970578
122564 CX 122287 0.004203
122564 CX 122563 0.004203
122564 CX 122288 0.004203
122564 CX 122562 0.004203
122564 CX 122286 0.004203
122564 CX 122561 0.004203
122564 CX 122285 0.004203
122564 P2 124548 0.913000
122564 P2 122564 0.087000
122564 X0 122563 0.999346
122564 X0 122564 0.000218
122564 X0 122561 0.000218
122564 X0 122562 0.000218
122564 X2 122287 0.999879
122564 X2 122564 0.000121
122567 CX 122567 0.970578
122567 CX 123699 0.004203
122567 CX 122850 0.004203
122567 CX 123982 0.004203
122567 CX 123416 0.004203
122567 CX 124265 0.004203
122567 CX 123133 0.004203
122567 CX 124548 0.004203
122567 P2 122285 0.930600
122567 P2 122567 0.069400
122567 X0 122850 0.999346
122567 X0 122567 0.000218
122567 X0 123133 0.000218
122567 X0 123416 0.000218
122567 X2 123699 0.999879
122567 X2 122567 0.000121
122850 CX 123982 0.970578
122850 CX 122850 0.004203
122850 CX 123699 0.004203
122850 CX 122567 0.004203
122850 CX 124548 0.004203
122850 CX 123133 0.004203
122850 CX 124265 0.004203
122850 CX 123416 0.004203
122850 P2 122286 0.930600
122850 P2 122850 0.069400
122850 X0 122567 0.999346
122850 X0 122850 0.000218
122850 X0 123416 0.000218
122850 X0 123133 0.000218
122850 X2 123982 0.999879
122850 X2 122850 0.000121
123133 CX 123133 0.970578
123133 CX 124548 0.004203
123133 CX 123416 0.004203
123133 CX 124265 0.004203
123133 CX 122850 0.004203
123133 CX 123982 0.004203
123133 CX 122567 0.004203
123133 CX 123699 0.004203
123133 P2 122287 0.930600
123133 P2 123133 0.069400
123133 X0 123416 0.999346
123133 X0 123133 0.000218
123133 X0 122567 0.000218
123133 X0 122850 0.000218
123133 X2 124548 0.999879
123133 X2 123133 0.000121
123416 CX 124265 0.970578
123416 CX 123416 0.004203
123416 CX 124548 0.004203
123416 CX 123133 0.004203
123416 CX 123699 0.004203
123416 CX 122567 0.004203
123416 CX 123982 0.004203
123416 CX 122850 0.004203
123416 P2 122288 0.930600
123416 P2 123416 0.069400
123416 X0 123133 0.999346
123416 X0 123416 0.000218
123416 X0 122850 0.000218
123416 X0 122567 0.000218
123416 X2 124265 0.999879
123416 X2 123416 0.000121
123699 CX 123699 0.970578
123699 CX 122567 0.004203
123699 CX 123982 0.004203
123699 CX 122850 0.004203
123699 CX 124265 0.004203
123699 CX 123416 0.004203
123699 CX 124548 0.004203
123699 CX 123133 0.004203
123699 P2 123699 0.913000
123699 P2 122561 0.087000
123699 X0 123982 0.999346
123699 X0 123699 0.000218
123699 X0 124548 0.000218
123699 X0 124265 0.000218
123699 X2 122567 0.999879
123699 X2 123699 0.000121
123982 CX 122850 0.970578
123982 CX 123982 0.004203
123982 CX 122567 0.004203
123982 CX 123699 0.004203
123982 CX 123133 0.004203
123982 CX 124548 0.004203
123982 CX 123416 0.004203
123982 CX 124265 0.004203
123982 P2 123982 0.913000
123982 P2 122562 0.087000
123982 X0 123699 0.999346
123982 X0 123982 0.000218
123982 X0 124265 0.000218
123982 X0 124548 0.000218
123982 X2 122850 0.999879
123982 X2 123982 0.000121
124265 CX 123416 0.970578
124265 CX 124265 0.004203
124265 CX 123133 0.004203
124265 CX 124548 0.004203
124265 CX 122567 0.004203
124265 CX 123699 0.004203
124265 CX 122850 0.004203
124265 CX 123982 0.004203
124265 P2 124265 0.913000
124265 P2 122563 0.087000
124265 X0 124548 0.999346
124265 X0 124265 0.000218
124265 X0 123982 0.000218
124265 X0 123699 0.000218
124265 X2 123416 0.999879
124265 X2 124265 0.000121
124548 CX 124548 0.970578
124548 CX 123133 0.004203
124548 CX 124265 0.004203
124548 CX 123416 0.004203
124548 CX 123982 0.004203
124548 CX 122850 0.004203
124548 CX 123699 0.004203
124548 CX 122567 0.004203
124548 P2 124548 0.913000
124548 P2 122564 0.087000
124548 X0 124265 0.999346
124548 X0 124548 0.000218
124548 X0 123699 0.000218
124548 X0 123982 0.000218
124548 X2 123133 0.999879
124548 X2 124548 0.000121
ENDPOMDP
