BEGINPOMDP
INITIALSTATE: 203806
STATES: 203808,203809,203810,205504,205221,204938,204655,204083,204084,204085,204086,206070,204372,204089,205787,203806,203807
REWARDS: 203808:0.0,203809:1.0,203810:0.0,205504:0.0,205221:1.0,204938:0.0,204655:1.0,204083:1.0,204084:0.0,204085:0.0,204086:1.0,206070:1.0,204372:0.0,204089:1.0,205787:0.0,203806:0.0,203807:1.0
GAMMA: 203808:0,203809:0,203810:0,205504:1,205221:1,204938:1,204655:1,204083:0,204084:0,204085:0,204086:0,206070:1,204372:1,204089:1,205787:1,203806:0,203807:0
BEGINACTIONS
CX
P2
X0
X2
ENDACTIONS
203806 INIT_ 203807 0.250000
203806 INIT_ 203808 0.250000
203806 INIT_ 203809 0.250000
203806 INIT_ 203810 0.250000
203807 CX 203807 0.979997
203807 CX 204083 0.002858
203807 CX 203808 0.002858
203807 CX 204084 0.002858
203807 CX 203810 0.002858
203807 CX 204085 0.002858
203807 CX 203809 0.002858
203807 CX 204086 0.002858
203807 P2 203807 0.988400
203807 P2 204089 0.011600
203807 X0 203808 0.999504
203807 X0 203807 0.000165
203807 X0 203809 0.000165
203807 X0 203810 0.000165
203807 X2 204083 0.999739
203807 X2 203807 0.000261
203808 CX 204084 0.979997
203808 CX 203808 0.002858
203808 CX 204083 0.002858
203808 CX 203807 0.002858
203808 CX 204086 0.002858
203808 CX 203809 0.002858
203808 CX 204085 0.002858
203808 CX 203810 0.002858
203808 P2 203808 0.988400
203808 P2 204372 0.011600
203808 X0 203807 0.999504
203808 X0 203808 0.000165
203808 X0 203810 0.000165
203808 X0 203809 0.000165
203808 X2 204084 0.999739
203808 X2 203808 0.000261
203809 CX 203809 0.979997
203809 CX 204086 0.002858
203809 CX 203810 0.002858
203809 CX 204085 0.002858
203809 CX 203808 0.002858
203809 CX 204084 0.002858
203809 CX 203807 0.002858
203809 CX 204083 0.002858
203809 P2 203809 0.988400
203809 P2 204655 0.011600
203809 X0 203810 0.999504
203809 X0 203809 0.000165
203809 X0 203807 0.000165
203809 X0 203808 0.000165
203809 X2 204086 0.999739
203809 X2 203809 0.000261
203810 CX 204085 0.979997
203810 CX 203810 0.002858
203810 CX 204086 0.002858
203810 CX 203809 0.002858
203810 CX 204083 0.002858
203810 CX 203807 0.002858
203810 CX 204084 0.002858
203810 CX 203808 0.002858
203810 P2 203810 0.988400
203810 P2 204938 0.011600
203810 X0 203809 0.999504
203810 X0 203810 0.000165
203810 X0 203808 0.000165
203810 X0 203807 0.000165
203810 X2 204085 0.999739
203810 X2 203810 0.000261
204083 CX 204083 0.979997
204083 CX 203807 0.002858
204083 CX 204084 0.002858
204083 CX 203808 0.002858
204083 CX 204085 0.002858
204083 CX 203810 0.002858
204083 CX 204086 0.002858
204083 CX 203809 0.002858
204083 P2 205221 0.989400
204083 P2 204083 0.010600
204083 X0 204084 0.999504
204083 X0 204083 0.000165
204083 X0 204086 0.000165
204083 X0 204085 0.000165
204083 X2 203807 0.999739
204083 X2 204083 0.000261
204084 CX 203808 0.979997
204084 CX 204084 0.002858
204084 CX 203807 0.002858
204084 CX 204083 0.002858
204084 CX 203809 0.002858
204084 CX 204086 0.002858
204084 CX 203810 0.002858
204084 CX 204085 0.002858
204084 P2 205504 0.989400
204084 P2 204084 0.010600
204084 X0 204083 0.999504
204084 X0 204084 0.000165
204084 X0 204085 0.000165
204084 X0 204086 0.000165
204084 X2 203808 0.999739
204084 X2 204084 0.000261
204085 CX 203810 0.979997
204085 CX 204085 0.002858
204085 CX 203809 0.002858
204085 CX 204086 0.002858
204085 CX 203807 0.002858
204085 CX 204083 0.002858
204085 CX 203808 0.002858
204085 CX 204084 0.002858
204085 P2 205787 0.989400
204085 P2 204085 0.010600
204085 X0 204086 0.999504
204085 X0 204085 0.000165
204085 X0 204084 0.000165
204085 X0 204083 0.000165
204085 X2 203810 0.999739
204085 X2 204085 0.000261
204086 CX 204086 0.979997
204086 CX 203809 0.002858
204086 CX 204085 0.002858
204086 CX 203810 0.002858
204086 CX 204084 0.002858
204086 CX 203808 0.002858
204086 CX 204083 0.002858
204086 CX 203807 0.002858
204086 P2 206070 0.989400
204086 P2 204086 0.010600
204086 X0 204085 0.999504
204086 X0 204086 0.000165
204086 X0 204083 0.000165
204086 X0 204084 0.000165
204086 X2 203809 0.999739
204086 X2 204086 0.000261
204089 CX 204089 0.979997
204089 CX 205221 0.002858
204089 CX 204372 0.002858
204089 CX 205504 0.002858
204089 CX 204938 0.002858
204089 CX 205787 0.002858
204089 CX 204655 0.002858
204089 CX 206070 0.002858
204089 P2 203807 0.988400
204089 P2 204089 0.011600
204089 X0 204372 0.999504
204089 X0 204089 0.000165
204089 X0 204655 0.000165
204089 X0 204938 0.000165
204089 X2 205221 0.999739
204089 X2 204089 0.000261
204372 CX 205504 0.979997
204372 CX 204372 0.002858
204372 CX 205221 0.002858
204372 CX 204089 0.002858
204372 CX 206070 0.002858
204372 CX 204655 0.002858
204372 CX 205787 0.002858
204372 CX 204938 0.002858
204372 P2 203808 0.988400
204372 P2 204372 0.011600
204372 X0 204089 0.999504
204372 X0 204372 0.000165
204372 X0 204938 0.000165
204372 X0 204655 0.000165
204372 X2 205504 0.999739
204372 X2 204372 0.000261
204655 CX 204655 0.979997
204655 CX 206070 0.002858
204655 CX 204938 0.002858
204655 CX 205787 0.002858
204655 CX 204372 0.002858
204655 CX 205504 0.002858
204655 CX 204089 0.002858
204655 CX 205221 0.002858
204655 P2 203809 0.988400
204655 P2 204655 0.011600
204655 X0 204938 0.999504
204655 X0 204655 0.000165
204655 X0 204089 0.000165
204655 X0 204372 0.000165
204655 X2 206070 0.999739
204655 X2 204655 0.000261
204938 CX 205787 0.979997
204938 CX 204938 0.002858
204938 CX 206070 0.002858
204938 CX 204655 0.002858
204938 CX 205221 0.002858
204938 CX 204089 0.002858
204938 CX 205504 0.002858
204938 CX 204372 0.002858
204938 P2 203810 0.988400
204938 P2 204938 0.011600
204938 X0 204655 0.999504
204938 X0 204938 0.000165
204938 X0 204372 0.000165
204938 X0 204089 0.000165
204938 X2 205787 0.999739
204938 X2 204938 0.000261
205221 CX 205221 0.979997
205221 CX 204089 0.002858
205221 CX 205504 0.002858
205221 CX 204372 0.002858
205221 CX 205787 0.002858
205221 CX 204938 0.002858
205221 CX 206070 0.002858
205221 CX 204655 0.002858
205221 P2 205221 0.989400
205221 P2 204083 0.010600
205221 X0 205504 0.999504
205221 X0 205221 0.000165
205221 X0 206070 0.000165
205221 X0 205787 0.000165
205221 X2 204089 0.999739
205221 X2 205221 0.000261
205504 CX 204372 0.979997
205504 CX 205504 0.002858
205504 CX 204089 0.002858
205504 CX 205221 0.002858
205504 CX 204655 0.002858
205504 CX 206070 0.002858
205504 CX 204938 0.002858
205504 CX 205787 0.002858
205504 P2 205504 0.989400
205504 P2 204084 0.010600
205504 X0 205221 0.999504
205504 X0 205504 0.000165
205504 X0 205787 0.000165
205504 X0 206070 0.000165
205504 X2 204372 0.999739
205504 X2 205504 0.000261
205787 CX 204938 0.979997
205787 CX 205787 0.002858
205787 CX 204655 0.002858
205787 CX 206070 0.002858
205787 CX 204089 0.002858
205787 CX 205221 0.002858
205787 CX 204372 0.002858
205787 CX 205504 0.002858
205787 P2 205787 0.989400
205787 P2 204085 0.010600
205787 X0 206070 0.999504
205787 X0 205787 0.000165
205787 X0 205504 0.000165
205787 X0 205221 0.000165
205787 X2 204938 0.999739
205787 X2 205787 0.000261
206070 CX 206070 0.979997
206070 CX 204655 0.002858
206070 CX 205787 0.002858
206070 CX 204938 0.002858
206070 CX 205504 0.002858
206070 CX 204372 0.002858
206070 CX 205221 0.002858
206070 CX 204089 0.002858
206070 P2 206070 0.989400
206070 P2 204086 0.010600
206070 X0 205787 0.999504
206070 X0 206070 0.000165
206070 X0 205221 0.000165
206070 X0 205504 0.000165
206070 X2 204655 0.999739
206070 X2 206070 0.000261
ENDPOMDP
