BEGINPOMDP
INITIALSTATE: 221922
STATES: 224186,222488,221922,221923,221924,221925,221926,223620,223337,223054,222771,222199,222200,222201,222202,222205,223903
REWARDS: 224186:1.0,222488:0.0,221922:0.0,221923:1.0,221924:0.0,221925:1.0,221926:0.0,223620:0.0,223337:1.0,223054:0.0,222771:1.0,222199:1.0,222200:0.0,222201:0.0,222202:1.0,222205:1.0,223903:0.0
GAMMA: 224186:1,222488:1,221922:0,221923:0,221924:0,221925:0,221926:0,223620:1,223337:1,223054:1,222771:1,222199:0,222200:0,222201:0,222202:0,222205:1,223903:1
BEGINACTIONS
CX
P2
X0
X2
ENDACTIONS
221922 INIT_ 221923 0.250000
221922 INIT_ 221924 0.250000
221922 INIT_ 221925 0.250000
221922 INIT_ 221926 0.250000
221923 CX 221923 0.968825
221923 CX 222199 0.004454
221923 CX 221924 0.004454
221923 CX 222200 0.004454
221923 CX 221926 0.004454
221923 CX 222201 0.004454
221923 CX 221925 0.004454
221923 CX 222202 0.004454
221923 P2 221923 0.705000
221923 P2 222205 0.295000
221923 X0 221924 0.997254
221923 X0 221923 0.000915
221923 X0 221925 0.000915
221923 X0 221926 0.000915
221923 X2 222199 0.999592
221923 X2 221923 0.000408
221924 CX 222200 0.968825
221924 CX 221924 0.004454
221924 CX 222199 0.004454
221924 CX 221923 0.004454
221924 CX 222202 0.004454
221924 CX 221925 0.004454
221924 CX 222201 0.004454
221924 CX 221926 0.004454
221924 P2 221924 0.705000
221924 P2 222488 0.295000
221924 X0 221923 0.997254
221924 X0 221924 0.000915
221924 X0 221926 0.000915
221924 X0 221925 0.000915
221924 X2 222200 0.999592
221924 X2 221924 0.000408
221925 CX 221925 0.968825
221925 CX 222202 0.004454
221925 CX 221926 0.004454
221925 CX 222201 0.004454
221925 CX 221924 0.004454
221925 CX 222200 0.004454
221925 CX 221923 0.004454
221925 CX 222199 0.004454
221925 P2 221925 0.705000
221925 P2 222771 0.295000
221925 X0 221926 0.997254
221925 X0 221925 0.000915
221925 X0 221923 0.000915
221925 X0 221924 0.000915
221925 X2 222202 0.999592
221925 X2 221925 0.000408
221926 CX 222201 0.968825
221926 CX 221926 0.004454
221926 CX 222202 0.004454
221926 CX 221925 0.004454
221926 CX 222199 0.004454
221926 CX 221923 0.004454
221926 CX 222200 0.004454
221926 CX 221924 0.004454
221926 P2 221926 0.705000
221926 P2 223054 0.295000
221926 X0 221925 0.997254
221926 X0 221926 0.000915
221926 X0 221924 0.000915
221926 X0 221923 0.000915
221926 X2 222201 0.999592
221926 X2 221926 0.000408
222199 CX 222199 0.968825
222199 CX 221923 0.004454
222199 CX 222200 0.004454
222199 CX 221924 0.004454
222199 CX 222201 0.004454
222199 CX 221926 0.004454
222199 CX 222202 0.004454
222199 CX 221925 0.004454
222199 P2 223337 0.872800
222199 P2 222199 0.127200
222199 X0 222200 0.997254
222199 X0 222199 0.000915
222199 X0 222202 0.000915
222199 X0 222201 0.000915
222199 X2 221923 0.999592
222199 X2 222199 0.000408
222200 CX 221924 0.968825
222200 CX 222200 0.004454
222200 CX 221923 0.004454
222200 CX 222199 0.004454
222200 CX 221925 0.004454
222200 CX 222202 0.004454
222200 CX 221926 0.004454
222200 CX 222201 0.004454
222200 P2 223620 0.872800
222200 P2 222200 0.127200
222200 X0 222199 0.997254
222200 X0 222200 0.000915
222200 X0 222201 0.000915
222200 X0 222202 0.000915
222200 X2 221924 0.999592
222200 X2 222200 0.000408
222201 CX 221926 0.968825
222201 CX 222201 0.004454
222201 CX 221925 0.004454
222201 CX 222202 0.004454
222201 CX 221923 0.004454
222201 CX 222199 0.004454
222201 CX 221924 0.004454
222201 CX 222200 0.004454
222201 P2 223903 0.872800
222201 P2 222201 0.127200
222201 X0 222202 0.997254
222201 X0 222201 0.000915
222201 X0 222200 0.000915
222201 X0 222199 0.000915
222201 X2 221926 0.999592
222201 X2 222201 0.000408
222202 CX 222202 0.968825
222202 CX 221925 0.004454
222202 CX 222201 0.004454
222202 CX 221926 0.004454
222202 CX 222200 0.004454
222202 CX 221924 0.004454
222202 CX 222199 0.004454
222202 CX 221923 0.004454
222202 P2 224186 0.872800
222202 P2 222202 0.127200
222202 X0 222201 0.997254
222202 X0 222202 0.000915
222202 X0 222199 0.000915
222202 X0 222200 0.000915
222202 X2 221925 0.999592
222202 X2 222202 0.000408
222205 CX 222205 0.968825
222205 CX 223337 0.004454
222205 CX 222488 0.004454
222205 CX 223620 0.004454
222205 CX 223054 0.004454
222205 CX 223903 0.004454
222205 CX 222771 0.004454
222205 CX 224186 0.004454
222205 P2 221923 0.705000
222205 P2 222205 0.295000
222205 X0 222488 0.997254
222205 X0 222205 0.000915
222205 X0 222771 0.000915
222205 X0 223054 0.000915
222205 X2 223337 0.999592
222205 X2 222205 0.000408
222488 CX 223620 0.968825
222488 CX 222488 0.004454
222488 CX 223337 0.004454
222488 CX 222205 0.004454
222488 CX 224186 0.004454
222488 CX 222771 0.004454
222488 CX 223903 0.004454
222488 CX 223054 0.004454
222488 P2 221924 0.705000
222488 P2 222488 0.295000
222488 X0 222205 0.997254
222488 X0 222488 0.000915
222488 X0 223054 0.000915
222488 X0 222771 0.000915
222488 X2 223620 0.999592
222488 X2 222488 0.000408
222771 CX 222771 0.968825
222771 CX 224186 0.004454
222771 CX 223054 0.004454
222771 CX 223903 0.004454
222771 CX 222488 0.004454
222771 CX 223620 0.004454
222771 CX 222205 0.004454
222771 CX 223337 0.004454
222771 P2 221925 0.705000
222771 P2 222771 0.295000
222771 X0 223054 0.997254
222771 X0 222771 0.000915
222771 X0 222205 0.000915
222771 X0 222488 0.000915
222771 X2 224186 0.999592
222771 X2 222771 0.000408
223054 CX 223903 0.968825
223054 CX 223054 0.004454
223054 CX 224186 0.004454
223054 CX 222771 0.004454
223054 CX 223337 0.004454
223054 CX 222205 0.004454
223054 CX 223620 0.004454
223054 CX 222488 0.004454
223054 P2 221926 0.705000
223054 P2 223054 0.295000
223054 X0 222771 0.997254
223054 X0 223054 0.000915
223054 X0 222488 0.000915
223054 X0 222205 0.000915
223054 X2 223903 0.999592
223054 X2 223054 0.000408
223337 CX 223337 0.968825
223337 CX 222205 0.004454
223337 CX 223620 0.004454
223337 CX 222488 0.004454
223337 CX 223903 0.004454
223337 CX 223054 0.004454
223337 CX 224186 0.004454
223337 CX 222771 0.004454
223337 P2 223337 0.872800
223337 P2 222199 0.127200
223337 X0 223620 0.997254
223337 X0 223337 0.000915
223337 X0 224186 0.000915
223337 X0 223903 0.000915
223337 X2 222205 0.999592
223337 X2 223337 0.000408
223620 CX 222488 0.968825
223620 CX 223620 0.004454
223620 CX 222205 0.004454
223620 CX 223337 0.004454
223620 CX 222771 0.004454
223620 CX 224186 0.004454
223620 CX 223054 0.004454
223620 CX 223903 0.004454
223620 P2 223620 0.872800
223620 P2 222200 0.127200
223620 X0 223337 0.997254
223620 X0 223620 0.000915
223620 X0 223903 0.000915
223620 X0 224186 0.000915
223620 X2 222488 0.999592
223620 X2 223620 0.000408
223903 CX 223054 0.968825
223903 CX 223903 0.004454
223903 CX 222771 0.004454
223903 CX 224186 0.004454
223903 CX 222205 0.004454
223903 CX 223337 0.004454
223903 CX 222488 0.004454
223903 CX 223620 0.004454
223903 P2 223903 0.872800
223903 P2 222201 0.127200
223903 X0 224186 0.997254
223903 X0 223903 0.000915
223903 X0 223620 0.000915
223903 X0 223337 0.000915
223903 X2 223054 0.999592
223903 X2 223903 0.000408
224186 CX 224186 0.968825
224186 CX 222771 0.004454
224186 CX 223903 0.004454
224186 CX 223054 0.004454
224186 CX 223620 0.004454
224186 CX 222488 0.004454
224186 CX 223337 0.004454
224186 CX 222205 0.004454
224186 P2 224186 0.872800
224186 P2 222202 0.127200
224186 X0 223903 0.997254
224186 X0 224186 0.000915
224186 X0 223337 0.000915
224186 X0 223620 0.000915
224186 X2 222771 0.999592
224186 X2 224186 0.000408
ENDPOMDP
