BEGINPOMDP
INITIALSTATE: 9669888
STATES: 9695872,9669889,9669890,9669888,9669891,9669892,9680289,9669895,9695873,9695874,9685484,9675088,9675089,9675090,9675091,9675094,9695871
REWARDS: 9695872:1.0,9669889:1.0,9669890:1.0,9669888:0.0,9669891:0.0,9669892:0.0,9680289:0.0,9669895:1.0,9695873:0.0,9695874:0.0,9685484:0.0,9675088:1.0,9675089:1.0,9675090:0.0,9675091:0.0,9675094:1.0,9695871:1.0
GAMMA: 9695872:1,9669889:0,9669890:0,9669888:0,9669891:0,9669892:0,9680289:1,9669895:1,9695873:1,9695874:1,9685484:1,9675088:0,9675089:0,9675090:0,9675091:0,9675094:1,9695871:1
BEGINACTIONS
P2
Z0
H
ENDACTIONS
9669888 INIT_ 9669889 0.250000
9669888 INIT_ 9669890 0.250000
9669888 INIT_ 9669891 0.250000
9669888 INIT_ 9669892 0.250000
9669889 P2 9669889 0.853750
9669889 P2 9669895 0.146250
9669889 Z0 9669891 0.997548
9669889 Z0 9669892 0.000817
9669889 Z0 9669890 0.000817
9669889 Z0 9669889 0.000817
9669889 H 9669889 0.898158
9669889 H 9675088 0.019418
9669889 H 9669890 0.013737
9669889 H 9675089 0.013737
9669889 H 9669892 0.013737
9669889 H 9675090 0.013737
9669889 H 9669891 0.013737
9669889 H 9675091 0.013737
9669890 P2 9669890 0.853750
9669890 P2 9675094 0.146250
9669890 Z0 9669892 0.997548
9669890 Z0 9669891 0.000817
9669890 Z0 9669889 0.000817
9669890 Z0 9669890 0.000817
9669890 H 9669890 0.898158
9669890 H 9675089 0.019418
9669890 H 9669889 0.013737
9669890 H 9675088 0.013737
9669890 H 9669891 0.013737
9669890 H 9675091 0.013737
9669890 H 9669892 0.013737
9669890 H 9675090 0.013737
9669891 P2 9669891 0.853750
9669891 P2 9680289 0.146250
9669891 Z0 9669889 0.997548
9669891 Z0 9669890 0.000817
9669891 Z0 9669892 0.000817
9669891 Z0 9669891 0.000817
9669891 H 9675091 0.898158
9669891 H 9669891 0.019418
9669891 H 9675090 0.013737
9669891 H 9669892 0.013737
9669891 H 9675089 0.013737
9669891 H 9669890 0.013737
9669891 H 9675088 0.013737
9669891 H 9669889 0.013737
9669892 P2 9669892 0.853750
9669892 P2 9685484 0.146250
9669892 Z0 9669890 0.997548
9669892 Z0 9669889 0.000817
9669892 Z0 9669891 0.000817
9669892 Z0 9669892 0.000817
9669892 H 9675090 0.898158
9669892 H 9669892 0.019418
9669892 H 9675091 0.013737
9669892 H 9669891 0.013737
9669892 H 9675088 0.013737
9669892 H 9669889 0.013737
9669892 H 9675089 0.013737
9669892 H 9669890 0.013737
9669895 P2 9669889 0.853750
9669895 P2 9669895 0.146250
9669895 Z0 9680289 0.997548
9669895 Z0 9685484 0.000817
9669895 Z0 9675094 0.000817
9669895 Z0 9669895 0.000817
9669895 H 9669895 0.898158
9669895 H 9695871 0.019418
9669895 H 9675094 0.013737
9669895 H 9695872 0.013737
9669895 H 9685484 0.013737
9669895 H 9695873 0.013737
9669895 H 9680289 0.013737
9669895 H 9695874 0.013737
9675088 P2 9695871 0.341250
9675088 P2 9675088 0.658750
9675088 Z0 9675091 0.997548
9675088 Z0 9675090 0.000817
9675088 Z0 9675089 0.000817
9675088 Z0 9675088 0.000817
9675088 H 9675088 0.898158
9675088 H 9669889 0.019418
9675088 H 9675089 0.013737
9675088 H 9669890 0.013737
9675088 H 9675090 0.013737
9675088 H 9669892 0.013737
9675088 H 9675091 0.013737
9675088 H 9669891 0.013737
9675089 P2 9695872 0.341250
9675089 P2 9675089 0.658750
9675089 Z0 9675090 0.997548
9675089 Z0 9675091 0.000817
9675089 Z0 9675088 0.000817
9675089 Z0 9675089 0.000817
9675089 H 9675089 0.898158
9675089 H 9669890 0.019418
9675089 H 9675088 0.013737
9675089 H 9669889 0.013737
9675089 H 9675091 0.013737
9675089 H 9669891 0.013737
9675089 H 9675090 0.013737
9675089 H 9669892 0.013737
9675090 P2 9695873 0.341250
9675090 P2 9675090 0.658750
9675090 Z0 9675089 0.997548
9675090 Z0 9675088 0.000817
9675090 Z0 9675091 0.000817
9675090 Z0 9675090 0.000817
9675090 H 9669892 0.898158
9675090 H 9675090 0.019418
9675090 H 9669891 0.013737
9675090 H 9675091 0.013737
9675090 H 9669889 0.013737
9675090 H 9675088 0.013737
9675090 H 9669890 0.013737
9675090 H 9675089 0.013737
9675091 P2 9695874 0.341250
9675091 P2 9675091 0.658750
9675091 Z0 9675088 0.997548
9675091 Z0 9675089 0.000817
9675091 Z0 9675090 0.000817
9675091 Z0 9675091 0.000817
9675091 H 9669891 0.898158
9675091 H 9675091 0.019418
9675091 H 9669892 0.013737
9675091 H 9675090 0.013737
9675091 H 9669890 0.013737
9675091 H 9675089 0.013737
9675091 H 9669889 0.013737
9675091 H 9675088 0.013737
9675094 P2 9669890 0.853750
9675094 P2 9675094 0.146250
9675094 Z0 9685484 0.997548
9675094 Z0 9680289 0.000817
9675094 Z0 9669895 0.000817
9675094 Z0 9675094 0.000817
9675094 H 9675094 0.898158
9675094 H 9695872 0.019418
9675094 H 9669895 0.013737
9675094 H 9695871 0.013737
9675094 H 9680289 0.013737
9675094 H 9695874 0.013737
9675094 H 9685484 0.013737
9675094 H 9695873 0.013737
9680289 P2 9669891 0.853750
9680289 P2 9680289 0.146250
9680289 Z0 9669895 0.997548
9680289 Z0 9675094 0.000817
9680289 Z0 9685484 0.000817
9680289 Z0 9680289 0.000817
9680289 H 9695874 0.898158
9680289 H 9680289 0.019418
9680289 H 9695873 0.013737
9680289 H 9685484 0.013737
9680289 H 9695872 0.013737
9680289 H 9675094 0.013737
9680289 H 9695871 0.013737
9680289 H 9669895 0.013737
9685484 P2 9669892 0.853750
9685484 P2 9685484 0.146250
9685484 Z0 9675094 0.997548
9685484 Z0 9669895 0.000817
9685484 Z0 9680289 0.000817
9685484 Z0 9685484 0.000817
9685484 H 9695873 0.898158
9685484 H 9685484 0.019418
9685484 H 9695874 0.013737
9685484 H 9680289 0.013737
9685484 H 9695871 0.013737
9685484 H 9669895 0.013737
9685484 H 9695872 0.013737
9685484 H 9675094 0.013737
9695871 P2 9695871 0.341250
9695871 P2 9675088 0.658750
9695871 Z0 9695874 0.997548
9695871 Z0 9695873 0.000817
9695871 Z0 9695872 0.000817
9695871 Z0 9695871 0.000817
9695871 H 9695871 0.898158
9695871 H 9669895 0.019418
9695871 H 9695872 0.013737
9695871 H 9675094 0.013737
9695871 H 9695873 0.013737
9695871 H 9685484 0.013737
9695871 H 9695874 0.013737
9695871 H 9680289 0.013737
9695872 P2 9695872 0.341250
9695872 P2 9675089 0.658750
9695872 Z0 9695873 0.997548
9695872 Z0 9695874 0.000817
9695872 Z0 9695871 0.000817
9695872 Z0 9695872 0.000817
9695872 H 9695872 0.898158
9695872 H 9675094 0.019418
9695872 H 9695871 0.013737
9695872 H 9669895 0.013737
9695872 H 9695874 0.013737
9695872 H 9680289 0.013737
9695872 H 9695873 0.013737
9695872 H 9685484 0.013737
9695873 P2 9695873 0.341250
9695873 P2 9675090 0.658750
9695873 Z0 9695872 0.997548
9695873 Z0 9695871 0.000817
9695873 Z0 9695874 0.000817
9695873 Z0 9695873 0.000817
9695873 H 9685484 0.898158
9695873 H 9695873 0.019418
9695873 H 9680289 0.013737
9695873 H 9695874 0.013737
9695873 H 9669895 0.013737
9695873 H 9695871 0.013737
9695873 H 9675094 0.013737
9695873 H 9695872 0.013737
9695874 P2 9695874 0.341250
9695874 P2 9675091 0.658750
9695874 Z0 9695871 0.997548
9695874 Z0 9695872 0.000817
9695874 Z0 9695873 0.000817
9695874 Z0 9695874 0.000817
9695874 H 9680289 0.898158
9695874 H 9695874 0.019418
9695874 H 9685484 0.013737
9695874 H 9695873 0.013737
9695874 H 9675094 0.013737
9695874 H 9695872 0.013737
9695874 H 9669895 0.013737
9695874 H 9695871 0.013737
ENDPOMDP
