BEGINPOMDP
INITIALSTATE: 10073651
STATES: 10084002,10094342,10104682,10125359,10125360,10125361,10125362,10073651,10073652,10073653,10073654,10073655,10073658,10083996,10083997,10083998,10083999
REWARDS: 10084002:1.0,10094342:0.0,10104682:0.0,10125359:1.0,10125360:1.0,10125361:0.0,10125362:0.0,10073651:0.0,10073652:1.0,10073653:1.0,10073654:0.0,10073655:0.0,10073658:1.0,10083996:1.0,10083997:1.0,10083998:0.0,10083999:0.0
GAMMA: 10084002:1,10094342:1,10104682:1,10125359:1,10125360:1,10125361:1,10125362:1,10073651:0,10073652:0,10073653:0,10073654:0,10073655:0,10073658:1,10083996:0,10083997:0,10083998:0,10083999:0
BEGINACTIONS
P2
Z0
H
ENDACTIONS
10073651 INIT_ 10073652 0.250000
10073651 INIT_ 10073653 0.250000
10073651 INIT_ 10073654 0.250000
10073651 INIT_ 10073655 0.250000
10073652 P2 10073652 0.998000
10073652 P2 10073658 0.002000
10073652 Z0 10073654 0.998160
10073652 Z0 10073655 0.000613
10073652 Z0 10073653 0.000613
10073652 Z0 10073652 0.000613
10073652 H 10073652 0.970686
10073652 H 10083996 0.004613
10073652 H 10073653 0.004117
10073652 H 10083997 0.004117
10073652 H 10073655 0.004117
10073652 H 10083998 0.004117
10073652 H 10073654 0.004117
10073652 H 10083999 0.004117
10073653 P2 10073653 0.998000
10073653 P2 10084002 0.002000
10073653 Z0 10073655 0.998160
10073653 Z0 10073654 0.000613
10073653 Z0 10073652 0.000613
10073653 Z0 10073653 0.000613
10073653 H 10073653 0.970686
10073653 H 10083997 0.004613
10073653 H 10073652 0.004117
10073653 H 10083996 0.004117
10073653 H 10073654 0.004117
10073653 H 10083999 0.004117
10073653 H 10073655 0.004117
10073653 H 10083998 0.004117
10073654 P2 10073654 0.998000
10073654 P2 10094342 0.002000
10073654 Z0 10073652 0.998160
10073654 Z0 10073653 0.000613
10073654 Z0 10073655 0.000613
10073654 Z0 10073654 0.000613
10073654 H 10083999 0.970686
10073654 H 10073654 0.004613
10073654 H 10083998 0.004117
10073654 H 10073655 0.004117
10073654 H 10083997 0.004117
10073654 H 10073653 0.004117
10073654 H 10083996 0.004117
10073654 H 10073652 0.004117
10073655 P2 10073655 0.998000
10073655 P2 10104682 0.002000
10073655 Z0 10073653 0.998160
10073655 Z0 10073652 0.000613
10073655 Z0 10073654 0.000613
10073655 Z0 10073655 0.000613
10073655 H 10083998 0.970686
10073655 H 10073655 0.004613
10073655 H 10083999 0.004117
10073655 H 10073654 0.004117
10073655 H 10083996 0.004117
10073655 H 10073652 0.004117
10073655 H 10083997 0.004117
10073655 H 10073653 0.004117
10073658 P2 10073652 0.998000
10073658 P2 10073658 0.002000
10073658 Z0 10094342 0.998160
10073658 Z0 10104682 0.000613
10073658 Z0 10084002 0.000613
10073658 Z0 10073658 0.000613
10073658 H 10073658 0.970686
10073658 H 10125359 0.004613
10073658 H 10084002 0.004117
10073658 H 10125360 0.004117
10073658 H 10104682 0.004117
10073658 H 10125361 0.004117
10073658 H 10094342 0.004117
10073658 H 10125362 0.004117
10083996 P2 10125359 0.996400
10083996 P2 10083996 0.003600
10083996 Z0 10083999 0.998160
10083996 Z0 10083998 0.000613
10083996 Z0 10083997 0.000613
10083996 Z0 10083996 0.000613
10083996 H 10083996 0.970686
10083996 H 10073652 0.004613
10083996 H 10083997 0.004117
10083996 H 10073653 0.004117
10083996 H 10083998 0.004117
10083996 H 10073655 0.004117
10083996 H 10083999 0.004117
10083996 H 10073654 0.004117
10083997 P2 10125360 0.996400
10083997 P2 10083997 0.003600
10083997 Z0 10083998 0.998160
10083997 Z0 10083999 0.000613
10083997 Z0 10083996 0.000613
10083997 Z0 10083997 0.000613
10083997 H 10083997 0.970686
10083997 H 10073653 0.004613
10083997 H 10083996 0.004117
10083997 H 10073652 0.004117
10083997 H 10083999 0.004117
10083997 H 10073654 0.004117
10083997 H 10083998 0.004117
10083997 H 10073655 0.004117
10083998 P2 10125361 0.996400
10083998 P2 10083998 0.003600
10083998 Z0 10083997 0.998160
10083998 Z0 10083996 0.000613
10083998 Z0 10083999 0.000613
10083998 Z0 10083998 0.000613
10083998 H 10073655 0.970686
10083998 H 10083998 0.004613
10083998 H 10073654 0.004117
10083998 H 10083999 0.004117
10083998 H 10073652 0.004117
10083998 H 10083996 0.004117
10083998 H 10073653 0.004117
10083998 H 10083997 0.004117
10083999 P2 10125362 0.996400
10083999 P2 10083999 0.003600
10083999 Z0 10083996 0.998160
10083999 Z0 10083997 0.000613
10083999 Z0 10083998 0.000613
10083999 Z0 10083999 0.000613
10083999 H 10073654 0.970686
10083999 H 10083999 0.004613
10083999 H 10073655 0.004117
10083999 H 10083998 0.004117
10083999 H 10073653 0.004117
10083999 H 10083997 0.004117
10083999 H 10073652 0.004117
10083999 H 10083996 0.004117
10084002 P2 10073653 0.998000
10084002 P2 10084002 0.002000
10084002 Z0 10104682 0.998160
10084002 Z0 10094342 0.000613
10084002 Z0 10073658 0.000613
10084002 Z0 10084002 0.000613
10084002 H 10084002 0.970686
10084002 H 10125360 0.004613
10084002 H 10073658 0.004117
10084002 H 10125359 0.004117
10084002 H 10094342 0.004117
10084002 H 10125362 0.004117
10084002 H 10104682 0.004117
10084002 H 10125361 0.004117
10094342 P2 10073654 0.998000
10094342 P2 10094342 0.002000
10094342 Z0 10073658 0.998160
10094342 Z0 10084002 0.000613
10094342 Z0 10104682 0.000613
10094342 Z0 10094342 0.000613
10094342 H 10125362 0.970686
10094342 H 10094342 0.004613
10094342 H 10125361 0.004117
10094342 H 10104682 0.004117
10094342 H 10125360 0.004117
10094342 H 10084002 0.004117
10094342 H 10125359 0.004117
10094342 H 10073658 0.004117
10104682 P2 10073655 0.998000
10104682 P2 10104682 0.002000
10104682 Z0 10084002 0.998160
10104682 Z0 10073658 0.000613
10104682 Z0 10094342 0.000613
10104682 Z0 10104682 0.000613
10104682 H 10125361 0.970686
10104682 H 10104682 0.004613
10104682 H 10125362 0.004117
10104682 H 10094342 0.004117
10104682 H 10125359 0.004117
10104682 H 10073658 0.004117
10104682 H 10125360 0.004117
10104682 H 10084002 0.004117
10125359 P2 10125359 0.996400
10125359 P2 10083996 0.003600
10125359 Z0 10125362 0.998160
10125359 Z0 10125361 0.000613
10125359 Z0 10125360 0.000613
10125359 Z0 10125359 0.000613
10125359 H 10125359 0.970686
10125359 H 10073658 0.004613
10125359 H 10125360 0.004117
10125359 H 10084002 0.004117
10125359 H 10125361 0.004117
10125359 H 10104682 0.004117
10125359 H 10125362 0.004117
10125359 H 10094342 0.004117
10125360 P2 10125360 0.996400
10125360 P2 10083997 0.003600
10125360 Z0 10125361 0.998160
10125360 Z0 10125362 0.000613
10125360 Z0 10125359 0.000613
10125360 Z0 10125360 0.000613
10125360 H 10125360 0.970686
10125360 H 10084002 0.004613
10125360 H 10125359 0.004117
10125360 H 10073658 0.004117
10125360 H 10125362 0.004117
10125360 H 10094342 0.004117
10125360 H 10125361 0.004117
10125360 H 10104682 0.004117
10125361 P2 10125361 0.996400
10125361 P2 10083998 0.003600
10125361 Z0 10125360 0.998160
10125361 Z0 10125359 0.000613
10125361 Z0 10125362 0.000613
10125361 Z0 10125361 0.000613
10125361 H 10104682 0.970686
10125361 H 10125361 0.004613
10125361 H 10094342 0.004117
10125361 H 10125362 0.004117
10125361 H 10073658 0.004117
10125361 H 10125359 0.004117
10125361 H 10084002 0.004117
10125361 H 10125360 0.004117
10125362 P2 10125362 0.996400
10125362 P2 10083999 0.003600
10125362 Z0 10125359 0.998160
10125362 Z0 10125360 0.000613
10125362 Z0 10125361 0.000613
10125362 Z0 10125362 0.000613
10125362 H 10094342 0.970686
10125362 H 10125362 0.004613
10125362 H 10104682 0.004117
10125362 H 10125361 0.004117
10125362 H 10084002 0.004117
10125362 H 10125360 0.004117
10125362 H 10073658 0.004117
10125362 H 10125359 0.004117
ENDPOMDP
