BEGINPOMDP
INITIALSTATE: 355873
STATES: 355873,355874,355875,355876,355877,356993,357830,356714,357551,356152,356435,356150,356151,357272,356153,356156,358109
REWARDS: 355873:0.0,355874:1.0,355875:0.0,355876:1.0,355877:0.0,356993:0.0,357830:0.0,356714:1.0,357551:0.0,356152:0.0,356435:0.0,356150:1.0,356151:0.0,357272:1.0,356153:1.0,356156:1.0,358109:1.0
GAMMA: 355873:0,355874:0,355875:0,355876:0,355877:0,356993:1,357830:1,356714:1,357551:1,356152:0,356435:1,356150:0,356151:0,357272:1,356153:0,356156:1,358109:1
BEGINACTIONS
CX
P2
X0
ENDACTIONS
355873 INIT_ 355874 0.250000
355873 INIT_ 355875 0.250000
355873 INIT_ 355876 0.250000
355873 INIT_ 355877 0.250000
355874 CX 355874 0.966108
355874 CX 356150 0.004842
355874 CX 355875 0.004842
355874 CX 356151 0.004842
355874 CX 355877 0.004842
355874 CX 356152 0.004842
355874 CX 355876 0.004842
355874 CX 356153 0.004842
355874 P2 355874 0.987600
355874 P2 356156 0.012400
355874 X0 355875 0.999698
355874 X0 355874 0.000101
355874 X0 355876 0.000101
355874 X0 355877 0.000101
355875 CX 356151 0.966108
355875 CX 355875 0.004842
355875 CX 356150 0.004842
355875 CX 355874 0.004842
355875 CX 356153 0.004842
355875 CX 355876 0.004842
355875 CX 356152 0.004842
355875 CX 355877 0.004842
355875 P2 355875 0.987600
355875 P2 356435 0.012400
355875 X0 355874 0.999698
355875 X0 355875 0.000101
355875 X0 355877 0.000101
355875 X0 355876 0.000101
355876 CX 355876 0.966108
355876 CX 356153 0.004842
355876 CX 355877 0.004842
355876 CX 356152 0.004842
355876 CX 355875 0.004842
355876 CX 356151 0.004842
355876 CX 355874 0.004842
355876 CX 356150 0.004842
355876 P2 355876 0.987600
355876 P2 356714 0.012400
355876 X0 355877 0.999698
355876 X0 355876 0.000101
355876 X0 355874 0.000101
355876 X0 355875 0.000101
355877 CX 356152 0.966108
355877 CX 355877 0.004842
355877 CX 356153 0.004842
355877 CX 355876 0.004842
355877 CX 356150 0.004842
355877 CX 355874 0.004842
355877 CX 356151 0.004842
355877 CX 355875 0.004842
355877 P2 355877 0.987600
355877 P2 356993 0.012400
355877 X0 355876 0.999698
355877 X0 355877 0.000101
355877 X0 355875 0.000101
355877 X0 355874 0.000101
356150 CX 356150 0.966108
356150 CX 355874 0.004842
356150 CX 356151 0.004842
356150 CX 355875 0.004842
356150 CX 356152 0.004842
356150 CX 355877 0.004842
356150 CX 356153 0.004842
356150 CX 355876 0.004842
356150 P2 357272 0.987600
356150 P2 356150 0.012400
356150 X0 356151 0.999698
356150 X0 356150 0.000101
356150 X0 356153 0.000101
356150 X0 356152 0.000101
356151 CX 355875 0.966108
356151 CX 356151 0.004842
356151 CX 355874 0.004842
356151 CX 356150 0.004842
356151 CX 355876 0.004842
356151 CX 356153 0.004842
356151 CX 355877 0.004842
356151 CX 356152 0.004842
356151 P2 357551 0.987600
356151 P2 356151 0.012400
356151 X0 356150 0.999698
356151 X0 356151 0.000101
356151 X0 356152 0.000101
356151 X0 356153 0.000101
356152 CX 355877 0.966108
356152 CX 356152 0.004842
356152 CX 355876 0.004842
356152 CX 356153 0.004842
356152 CX 355874 0.004842
356152 CX 356150 0.004842
356152 CX 355875 0.004842
356152 CX 356151 0.004842
356152 P2 357830 0.987600
356152 P2 356152 0.012400
356152 X0 356153 0.999698
356152 X0 356152 0.000101
356152 X0 356151 0.000101
356152 X0 356150 0.000101
356153 CX 356153 0.966108
356153 CX 355876 0.004842
356153 CX 356152 0.004842
356153 CX 355877 0.004842
356153 CX 356151 0.004842
356153 CX 355875 0.004842
356153 CX 356150 0.004842
356153 CX 355874 0.004842
356153 P2 358109 0.987600
356153 P2 356153 0.012400
356153 X0 356152 0.999698
356153 X0 356153 0.000101
356153 X0 356150 0.000101
356153 X0 356151 0.000101
356156 CX 356156 0.966108
356156 CX 357272 0.004842
356156 CX 356435 0.004842
356156 CX 357551 0.004842
356156 CX 356993 0.004842
356156 CX 357830 0.004842
356156 CX 356714 0.004842
356156 CX 358109 0.004842
356156 P2 355874 0.987600
356156 P2 356156 0.012400
356156 X0 356435 0.999698
356156 X0 356156 0.000101
356156 X0 356714 0.000101
356156 X0 356993 0.000101
356435 CX 357551 0.966108
356435 CX 356435 0.004842
356435 CX 357272 0.004842
356435 CX 356156 0.004842
356435 CX 358109 0.004842
356435 CX 356714 0.004842
356435 CX 357830 0.004842
356435 CX 356993 0.004842
356435 P2 355875 0.987600
356435 P2 356435 0.012400
356435 X0 356156 0.999698
356435 X0 356435 0.000101
356435 X0 356993 0.000101
356435 X0 356714 0.000101
356714 CX 356714 0.966108
356714 CX 358109 0.004842
356714 CX 356993 0.004842
356714 CX 357830 0.004842
356714 CX 356435 0.004842
356714 CX 357551 0.004842
356714 CX 356156 0.004842
356714 CX 357272 0.004842
356714 P2 355876 0.987600
356714 P2 356714 0.012400
356714 X0 356993 0.999698
356714 X0 356714 0.000101
356714 X0 356156 0.000101
356714 X0 356435 0.000101
356993 CX 357830 0.966108
356993 CX 356993 0.004842
356993 CX 358109 0.004842
356993 CX 356714 0.004842
356993 CX 357272 0.004842
356993 CX 356156 0.004842
356993 CX 357551 0.004842
356993 CX 356435 0.004842
356993 P2 355877 0.987600
356993 P2 356993 0.012400
356993 X0 356714 0.999698
356993 X0 356993 0.000101
356993 X0 356435 0.000101
356993 X0 356156 0.000101
357272 CX 357272 0.966108
357272 CX 356156 0.004842
357272 CX 357551 0.004842
357272 CX 356435 0.004842
357272 CX 357830 0.004842
357272 CX 356993 0.004842
357272 CX 358109 0.004842
357272 CX 356714 0.004842
357272 P2 357272 0.987600
357272 P2 356150 0.012400
357272 X0 357551 0.999698
357272 X0 357272 0.000101
357272 X0 358109 0.000101
357272 X0 357830 0.000101
357551 CX 356435 0.966108
357551 CX 357551 0.004842
357551 CX 356156 0.004842
357551 CX 357272 0.004842
357551 CX 356714 0.004842
357551 CX 358109 0.004842
357551 CX 356993 0.004842
357551 CX 357830 0.004842
357551 P2 357551 0.987600
357551 P2 356151 0.012400
357551 X0 357272 0.999698
357551 X0 357551 0.000101
357551 X0 357830 0.000101
357551 X0 358109 0.000101
357830 CX 356993 0.966108
357830 CX 357830 0.004842
357830 CX 356714 0.004842
357830 CX 358109 0.004842
357830 CX 356156 0.004842
357830 CX 357272 0.004842
357830 CX 356435 0.004842
357830 CX 357551 0.004842
357830 P2 357830 0.987600
357830 P2 356152 0.012400
357830 X0 358109 0.999698
357830 X0 357830 0.000101
357830 X0 357551 0.000101
357830 X0 357272 0.000101
358109 CX 358109 0.966108
358109 CX 356714 0.004842
358109 CX 357830 0.004842
358109 CX 356993 0.004842
358109 CX 357551 0.004842
358109 CX 356435 0.004842
358109 CX 357272 0.004842
358109 CX 356156 0.004842
358109 P2 358109 0.987600
358109 P2 356153 0.012400
358109 X0 357830 0.999698
358109 X0 358109 0.000101
358109 X0 357272 0.000101
358109 X0 357551 0.000101
ENDPOMDP
